16242.6
4.18802e-20
4.18738e-20
4.18477e-20
4.18133e-20
4.17708e-20
4.17202e-20
4.16617e-20
4.15952e-20
4.15208e-20
4.14386e-20
4.13487e-20
4.1251e-20
4.11456e-20
4.10325e-20
4.09119e-20
4.07838e-20
4.06483e-20
4.05054e-20
4.03553e-20
4.0198e-20
4.00335e-20
3.98621e-20
3.96838e-20
3.94986e-20
3.93067e-20
3.91083e-20
3.89033e-20
3.8692e-20
3.84744e-20
3.82506e-20
3.80208e-20
3.77851e-20
3.75437e-20
3.72966e-20
3.7044e-20
3.6786e-20
3.65228e-20
3.62544e-20
3.59811e-20
3.5703e-20
3.54202e-20
3.51329e-20
3.48412e-20
3.45452e-20
3.42452e-20
3.39412e-20
3.36335e-20
3.33221e-20
3.30072e-20
3.2689e-20
3.23677e-20
3.20433e-20
3.1716e-20
3.13861e-20
3.10536e-20
3.07187e-20
3.03815e-20
3.00422e-20
2.9701e-20
2.93581e-20
2.90134e-20
2.86673e-20
2.83199e-20
2.79712e-20
2.76216e-20
2.7271e-20
2.69197e-20
2.65677e-20
2.62154e-20
2.58626e-20
2.55097e-20
2.51568e-20
2.48039e-20
2.44513e-20
2.4099e-20
2.37472e-20
2.3396e-20
2.30455e-20
2.26959e-20
2.23473e-20
2.19997e-20
2.16534e-20
2.13083e-20
2.09647e-20
2.06226e-20
2.02822e-20
1.99435e-20
1.96067e-20
1.92717e-20
1.89388e-20
1.86081e-20
1.82795e-20
1.79533e-20
1.76294e-20
1.73079e-20
1.6989e-20
1.66727e-20
1.63591e-20
1.60483e-20
1.57402e-20
1.5435e-20
1.51328e-20
1.48335e-20
1.45373e-20
1.42441e-20
1.39542e-20
1.36674e-20
1.33838e-20
1.31035e-20
1.28265e-20
1.25529e-20
1.22826e-20
1.20157e-20
1.17523e-20
1.14923e-20
1.12358e-20
1.09827e-20
1.07332e-20
1.04872e-20
1.02448e-20
1.00059e-20
9.77053e-21
9.53874e-21
9.31052e-21
9.08585e-21
8.86475e-21
8.64721e-21
8.43323e-21
8.2228e-21
8.01592e-21
7.81258e-21
7.61277e-21
7.41647e-21
7.22368e-21
7.03437e-21
6.84853e-21
6.66615e-21
6.4872e-21
6.31167e-21
6.13953e-21
5.97078e-21
5.80538e-21
5.64331e-21
5.48455e-21
5.32907e-21
5.17685e-21
5.02785e-21
4.88206e-21
4.73943e-21
4.59996e-21
4.4636e-21
4.33033e-21
4.20012e-21
4.07292e-21
3.94872e-21
3.82746e-21
3.70913e-21
3.59366e-21
3.48104e-21
3.37122e-21
3.26416e-21
3.15981e-21
3.05814e-21
2.95911e-21
2.86267e-21
2.76878e-21
2.6774e-21
2.58849e-21
2.50199e-21
2.41787e-21
2.33609e-21
2.25659e-21
2.17934e-21
2.10429e-21
2.0314e-21
1.96062e-21
1.89192e-21
1.82524e-21
1.76054e-21
1.69778e-21
1.63692e-21
1.57792e-21
1.52073e-21
1.46531e-21
1.41162e-21
1.35962e-21
1.30927e-21
1.26052e-21
1.21335e-21
1.1677e-21
1.12354e-21
1.08084e-21
1.03955e-21
9.99632e-22
9.61059e-22
9.2379e-22
8.8779e-22
8.53024e-22
8.19458e-22
7.87058e-22
7.55791e-22
7.25624e-22
6.96525e-22
6.68464e-22
6.41409e-22
6.1533e-22
5.90199e-22
5.65985e-22
5.42662e-22
5.20201e-22
4.98575e-22
4.77758e-22
4.57724e-22
4.38449e-22
4.19906e-22
4.02074e-22
3.84927e-22
3.68444e-22
3.52603e-22
3.3738e-22
3.22757e-22
3.08711e-22
2.95223e-22
2.82274e-22
2.69845e-22
2.57917e-22
2.46472e-22
2.35494e-22
2.24966e-22
2.1487e-22
2.05192e-22
1.95916e-22
1.87027e-22
1.78511e-22
1.70354e-22
1.62541e-22
1.55061e-22
1.479e-22
1.41046e-22
1.34487e-22
1.28212e-22
1.22209e-22
1.16469e-22
1.10979e-22
1.05732e-22
1.00716e-22
9.59221e-23
9.1342e-23
8.69667e-23
8.27878e-23
7.87971e-23
7.4987e-23
7.13498e-23
6.78784e-23
6.45659e-23
6.14054e-23
5.83906e-23
5.55153e-23
5.27734e-23
5.01593e-23
4.76674e-23
4.52925e-23
4.30293e-23
4.08731e-23
3.88191e-23
3.68628e-23
3.49999e-23
3.32261e-23
3.15376e-23
2.99305e-23
2.84011e-23
2.69459e-23
2.55615e-23
2.42447e-23
2.29924e-23
2.18016e-23
2.06694e-23
1.95933e-23
1.85705e-23
1.75985e-23
1.6675e-23
1.57978e-23
1.49645e-23
1.41731e-23
1.34217e-23
1.27084e-23
1.20312e-23
1.13885e-23
1.07786e-23
1.01999e-23
9.65091e-24
9.13018e-24
8.63634e-24
8.16805e-24
7.72406e-24
7.30317e-24
6.90425e-24
6.5262e-24
6.16798e-24
5.8286e-24
5.50712e-24
5.20264e-24
4.9143e-24
4.64128e-24
4.38282e-24
4.13817e-24
3.90662e-24
3.68751e-24
3.4802e-24
3.28408e-24
3.09857e-24
2.92313e-24
2.75724e-24
2.60039e-24
2.45212e-24
2.31197e-24
2.17953e-24
2.05438e-24
1.93614e-24
1.82446e-24
1.71897e-24
1.61935e-24
1.52528e-24
1.43648e-24
1.35266e-24
1.27355e-24
1.19889e-24
1.12845e-24
1.062e-24
9.99328e-25
9.40218e-25
8.84481e-25
8.31932e-25
7.82397e-25
7.35709e-25
6.91712e-25
6.50258e-25
6.11205e-25
5.74421e-25
5.39779e-25
5.0716e-25
4.76452e-25
4.47546e-25
4.20341e-25
3.94744e-25
3.70661e-25
3.48009e-25
3.26707e-25
3.06677e-25
2.87847e-25
2.7015e-25
2.53521e-25
2.379e-25
2.23227e-25
2.0945e-25
1.96518e-25
1.84381e-25
1.72994e-25
1.62316e-25
1.52304e-25
1.42921e-25
1.34131e-25
1.25901e-25
1.18198e-25
1.10994e-25
1.04258e-25
9.79662e-26
9.20928e-26
8.66146e-26
8.15101e-26
7.67587e-26
7.23415e-26
6.82407e-26
6.44396e-26
6.09228e-26
5.76762e-26
5.46878e-26
5.19473e-26
4.9443e-26
4.71654e-26
4.51044e-26
4.32523e-26
4.16015e-26
4.01442e-26
3.88735e-26
3.7783e-26
3.68673e-26
3.61214e-26
3.55413e-26
3.51233e-26
3.48646e-26
3.47629e-26
3.48163e-26
3.50239e-26
3.53851e-26
3.58998e-26
3.65687e-26
3.73927e-26
3.83737e-26
3.95138e-26
4.08156e-26
