16242.6
4.21173e-20
4.21072e-20
4.20708e-20
4.20257e-20
4.19724e-20
4.19112e-20
4.18421e-20
4.17652e-20
4.16807e-20
4.15885e-20
4.14887e-20
4.13815e-20
4.12667e-20
4.11445e-20
4.1015e-20
4.08781e-20
4.07341e-20
4.05829e-20
4.04247e-20
4.02595e-20
4.00874e-20
3.99086e-20
3.9723e-20
3.95309e-20
3.93323e-20
3.91273e-20
3.8916e-20
3.86986e-20
3.84752e-20
3.82459e-20
3.80107e-20
3.77699e-20
3.75235e-20
3.72717e-20
3.70147e-20
3.67524e-20
3.64852e-20
3.62131e-20
3.59362e-20
3.56547e-20
3.53688e-20
3.50786e-20
3.47841e-20
3.44857e-20
3.41833e-20
3.38773e-20
3.35676e-20
3.32545e-20
3.29381e-20
3.26186e-20
3.22961e-20
3.19707e-20
3.16427e-20
3.13121e-20
3.09791e-20
3.06439e-20
3.03066e-20
2.99673e-20
2.96263e-20
2.92836e-20
2.89394e-20
2.85939e-20
2.82471e-20
2.78993e-20
2.75506e-20
2.72011e-20
2.68509e-20
2.65003e-20
2.61493e-20
2.5798e-20
2.54467e-20
2.50954e-20
2.47442e-20
2.43934e-20
2.40429e-20
2.3693e-20
2.33438e-20
2.29954e-20
2.26478e-20
2.23013e-20
2.19559e-20
2.16117e-20
2.12689e-20
2.09275e-20
2.05877e-20
2.02496e-20
1.99132e-20
1.95786e-20
1.9246e-20
1.89154e-20
1.85869e-20
1.82606e-20
1.79366e-20
1.7615e-20
1.72957e-20
1.6979e-20
1.66649e-20
1.63534e-20
1.60446e-20
1.57386e-20
1.54354e-20
1.51352e-20
1.48378e-20
1.45434e-20
1.42521e-20
1.39639e-20
1.36788e-20
1.33968e-20
1.31181e-20
1.28426e-20
1.25704e-20
1.23015e-20
1.20359e-20
1.17737e-20
1.15148e-20
1.12594e-20
1.10073e-20
1.07587e-20
1.05136e-20
1.02719e-20
1.00336e-20
9.79886e-21
9.56757e-21
9.33976e-21
9.11543e-21
8.89458e-21
8.67721e-21
8.46331e-21
8.25289e-21
8.04593e-21
7.84244e-21
7.6424e-21
7.4458e-21
7.25264e-21
7.06288e-21
6.87653e-21
6.69357e-21
6.51398e-21
6.33775e-21
6.16486e-21
5.9953e-21
5.82905e-21
5.6661e-21
5.50642e-21
5.34999e-21
5.19678e-21
5.04678e-21
4.89995e-21
4.75629e-21
4.61577e-21
4.47836e-21
4.34405e-21
4.2128e-21
4.08459e-21
3.95939e-21
3.83715e-21
3.71786e-21
3.60146e-21
3.48793e-21
3.37724e-21
3.26933e-21
3.16417e-21
3.06173e-21
2.96195e-21
2.8648e-21
2.77024e-21
2.67822e-21
2.5887e-21
2.50163e-21
2.41698e-21
2.3347e-21
2.25474e-21
2.17705e-21
2.10161e-21
2.02835e-21
1.95724e-21
1.88823e-21
1.82127e-21
1.75633e-21
1.69336e-21
1.63231e-21
1.57314e-21
1.51581e-21
1.46027e-21
1.40649e-21
1.35441e-21
1.304e-21
1.25523e-21
1.20803e-21
1.16238e-21
1.11824e-21
1.07557e-21
1.03432e-21
9.94464e-22
9.55959e-22
9.18769e-22
8.82857e-22
8.48189e-22
8.14728e-22
7.8244e-22
7.51291e-22
7.21247e-22
6.92277e-22
6.64348e-22
6.37428e-22
6.11488e-22
5.86496e-22
5.62424e-22
5.39243e-22
5.16924e-22
4.95441e-22
4.74766e-22
4.54873e-22
4.35736e-22
4.17332e-22
3.99634e-22
3.82621e-22
3.66268e-22
3.50554e-22
3.35456e-22
3.20953e-22
3.07025e-22
2.93651e-22
2.80812e-22
2.6849e-22
2.56664e-22
2.45319e-22
2.34435e-22
2.23997e-22
2.13989e-22
2.04393e-22
1.95196e-22
1.86382e-22
1.77936e-22
1.69845e-22
1.62096e-22
1.54675e-22
1.4757e-22
1.40769e-22
1.34259e-22
1.28029e-22
1.22069e-22
1.16367e-22
1.10914e-22
1.057e-22
1.00714e-22
9.59487e-23
9.13939e-23
8.70415e-23
8.28831e-23
7.89108e-23
7.51169e-23
7.1494e-23
6.80351e-23
6.47332e-23
6.15818e-23
5.85745e-23
5.57052e-23
5.29681e-23
5.03575e-23
4.7868e-23
4.54943e-23
4.32315e-23
4.10748e-23
3.90194e-23
3.70611e-23
3.51954e-23
3.34184e-23
3.1726e-23
3.01146e-23
2.85805e-23
2.71203e-23
2.57305e-23
2.44081e-23
2.315e-23
2.19533e-23
2.08151e-23
1.97328e-23
1.87037e-23
1.77256e-23
1.67959e-23
1.59124e-23
1.5073e-23
1.42755e-23
1.35181e-23
1.27989e-23
1.2116e-23
1.14676e-23
1.08523e-23
1.02683e-23
9.71413e-24
9.18843e-24
8.68977e-24
8.21686e-24
7.76843e-24
7.34328e-24
6.94029e-24
6.55835e-24
6.19642e-24
5.85352e-24
5.5287e-24
5.22106e-24
4.92974e-24
4.65392e-24
4.39281e-24
4.14568e-24
3.91181e-24
3.69054e-24
3.48121e-24
3.28322e-24
3.09598e-24
2.91895e-24
2.75158e-24
2.59339e-24
2.44389e-24
2.30263e-24
2.16918e-24
2.04312e-24
1.92408e-24
1.81167e-24
1.70555e-24
1.60537e-24
1.51083e-24
1.42163e-24
1.33746e-24
1.25808e-24
1.1832e-24
1.1126e-24
1.04604e-24
9.83291e-25
9.24155e-25
8.6843e-25
8.15929e-25
7.66473e-25
7.19894e-25
6.76033e-25
6.34736e-25
5.95862e-25
5.59275e-25
5.24846e-25
4.92453e-25
4.61981e-25
4.33321e-25
4.06371e-25
3.81032e-25
3.57213e-25
3.34826e-25
3.13789e-25
2.94024e-25
2.75457e-25
2.5802e-25
2.41645e-25
2.26272e-25
2.11842e-25
1.98298e-25
1.8559e-25
1.73669e-25
1.62486e-25
1.52e-25
1.42168e-25
1.32952e-25
1.24314e-25
1.16221e-25
1.0864e-25
1.01541e-25
9.48934e-26
8.86714e-26
8.28492e-26
7.74027e-26
7.23096e-26
6.75485e-26
6.30996e-26
5.89443e-26
5.5065e-26
5.14454e-26
4.80704e-26
4.49262e-26
4.20002e-26
3.928e-26
3.67543e-26
3.4412e-26
3.22437e-26
3.02401e-26
2.83924e-26
2.66926e-26
2.5133e-26
2.37069e-26
2.24081e-26
2.1231e-26
2.01705e-26
1.92221e-26
1.83819e-26
1.76464e-26
1.70127e-26
1.64784e-26
1.60415e-26
1.57006e-26
1.54546e-26
1.53031e-26
1.52458e-26
1.52834e-26
