18755.4
2.72614e-20
2.72575e-20
2.72349e-20
2.72141e-20
2.71912e-20
2.71645e-20
2.7133e-20
2.70967e-20
2.70552e-20
2.70086e-20
2.69569e-20
2.68999e-20
2.68378e-20
2.67705e-20
2.66981e-20
2.66205e-20
2.6538e-20
2.64504e-20
2.63578e-20
2.62603e-20
2.6158e-20
2.60509e-20
2.5939e-20
2.58224e-20
2.57013e-20
2.55756e-20
2.54454e-20
2.53108e-20
2.51719e-20
2.50288e-20
2.48815e-20
2.47302e-20
2.45748e-20
2.44155e-20
2.42525e-20
2.40856e-20
2.39152e-20
2.37412e-20
2.35638e-20
2.3383e-20
2.3199e-20
2.30118e-20
2.28215e-20
2.26283e-20
2.24323e-20
2.22335e-20
2.20321e-20
2.18281e-20
2.16217e-20
2.14129e-20
2.1202e-20
2.09889e-20
2.07738e-20
2.05568e-20
2.0338e-20
2.01174e-20
1.98954e-20
1.96718e-20
1.94468e-20
1.92206e-20
1.89932e-20
1.87647e-20
1.85353e-20
1.83051e-20
1.8074e-20
1.78423e-20
1.76101e-20
1.73774e-20
1.71444e-20
1.69111e-20
1.66776e-20
1.64441e-20
1.62106e-20
1.59772e-20
1.5744e-20
1.55112e-20
1.52787e-20
1.50467e-20
1.48152e-20
1.45844e-20
1.43544e-20
1.41251e-20
1.38967e-20
1.36693e-20
1.34429e-20
1.32176e-20
1.29935e-20
1.27706e-20
1.2549e-20
1.23288e-20
1.21101e-20
1.18929e-20
1.16772e-20
1.14631e-20
1.12507e-20
1.10401e-20
1.08312e-20
1.06241e-20
1.0419e-20
1.02157e-20
1.00144e-20
9.8151e-21
9.61785e-21
9.42267e-21
9.22961e-21
9.0387e-21
8.84997e-21
8.66344e-21
8.47915e-21
8.29712e-21
8.11737e-21
7.93993e-21
7.76481e-21
7.59204e-21
7.42162e-21
7.25358e-21
7.08793e-21
6.92467e-21
6.76382e-21
6.60539e-21
6.44937e-21
6.29578e-21
6.14462e-21
5.99589e-21
5.84959e-21
5.70571e-21
5.56426e-21
5.42523e-21
5.28862e-21
5.15441e-21
5.02261e-21
4.89319e-21
4.76616e-21
4.6415e-21
4.5192e-21
4.39923e-21
4.2816e-21
4.16628e-21
4.05325e-21
3.9425e-21
3.83401e-21
3.72776e-21
3.62373e-21
3.5219e-21
3.42225e-21
3.32475e-21
3.22938e-21
3.13612e-21
3.04494e-21
2.95583e-21
2.86874e-21
2.78367e-21
2.70058e-21
2.61945e-21
2.54024e-21
2.46294e-21
2.38751e-21
2.31393e-21
2.24217e-21
2.1722e-21
2.10399e-21
2.03752e-21
1.97275e-21
1.90966e-21
1.84822e-21
1.78839e-21
1.73016e-21
1.67349e-21
1.61835e-21
1.56471e-21
1.51255e-21
1.46184e-21
1.41254e-21
1.36464e-21
1.31809e-21
1.27288e-21
1.22897e-21
1.18634e-21
1.14496e-21
1.1048e-21
1.06584e-21
1.02804e-21
9.91389e-22
9.55852e-22
9.21405e-22
8.88021e-22
8.55676e-22
8.24344e-22
7.94e-22
7.6462e-22
7.36181e-22
7.08657e-22
6.82026e-22
6.56264e-22
6.31349e-22
6.07259e-22
5.83971e-22
5.61464e-22
5.39716e-22
5.18707e-22
4.98416e-22
4.78823e-22
4.59908e-22
4.41652e-22
4.24036e-22
4.07041e-22
3.90649e-22
3.74843e-22
3.59604e-22
3.44915e-22
3.3076e-22
3.17123e-22
3.03987e-22
2.91337e-22
2.79158e-22
2.67434e-22
2.56152e-22
2.45296e-22
2.34853e-22
2.2481e-22
2.15154e-22
2.05871e-22
1.96949e-22
1.88376e-22
1.8014e-22
1.7223e-22
1.64634e-22
1.57342e-22
1.50343e-22
1.43626e-22
1.37182e-22
1.31001e-22
1.25074e-22
1.1939e-22
1.13942e-22
1.08721e-22
1.03719e-22
9.89268e-23
9.43372e-23
8.99426e-23
8.57355e-23
8.17089e-23
7.78558e-23
7.41696e-23
7.06438e-23
6.72721e-23
6.40485e-23
6.09672e-23
5.80226e-23
5.52091e-23
5.25215e-23
4.99548e-23
4.7504e-23
4.51644e-23
4.29315e-23
4.08008e-23
3.87681e-23
3.68292e-23
3.49804e-23
3.32177e-23
3.15375e-23
2.99364e-23
2.84108e-23
2.69576e-23
2.55736e-23
2.42558e-23
2.30013e-23
2.18074e-23
2.06712e-23
1.95904e-23
1.85623e-23
1.75847e-23
1.66552e-23
1.57717e-23
1.49321e-23
1.41344e-23
1.33766e-23
1.26569e-23
1.19735e-23
1.13248e-23
1.0709e-23
1.01247e-23
9.57043e-24
9.04465e-24
8.54604e-24
8.07331e-24
7.6252e-24
7.20053e-24
6.79814e-24
6.41696e-24
6.05594e-24
5.71409e-24
5.39046e-24
5.08414e-24
4.79427e-24
4.52002e-24
4.26061e-24
4.01528e-24
3.78332e-24
3.56405e-24
3.35681e-24
3.161e-24
2.97601e-24
2.80128e-24
2.63629e-24
2.48052e-24
2.33348e-24
2.19473e-24
2.06381e-24
1.94031e-24
1.82384e-24
1.71401e-24
1.61048e-24
1.5129e-24
1.42095e-24
1.33432e-24
1.25272e-24
1.17587e-24
1.10352e-24
1.03541e-24
9.71313e-25
9.11001e-25
8.54262e-25
8.00898e-25
7.50717e-25
7.03539e-25
6.59194e-25
6.17521e-25
5.78367e-25
5.41587e-25
5.07044e-25
4.7461e-25
4.44161e-25
4.15583e-25
3.88766e-25
3.63606e-25
3.40007e-25
3.17876e-25
2.97126e-25
2.77675e-25
2.59445e-25
2.42364e-25
2.26362e-25
2.11374e-25
1.9734e-25
1.842e-25
1.719e-25
1.6039e-25
1.49621e-25
1.39547e-25
1.30125e-25
1.21315e-25
1.13079e-25
1.05381e-25
9.81871e-26
9.14662e-26
8.51883e-26
7.93255e-26
7.38514e-26
6.87413e-26
6.39719e-26
5.95216e-26
5.53698e-26
5.14973e-26
4.78861e-26
4.45192e-26
4.13807e-26
3.84559e-26
3.57306e-26
3.31918e-26
3.08272e-26
2.86254e-26
2.65754e-26
2.46676e-26
2.28925e-26
2.12405e-26
1.97039e-26
1.82747e-26
1.69461e-26
1.57105e-26
1.45622e-26
1.34949e-26
1.2503e-26
1.1582e-26
1.07266e-26
9.93239e-27
9.19515e-27
8.51123e-27
7.87476e-27
7.30697e-27
6.55171e-27
8.08961e-27
0
1.3613e-25
1.18057e-25
1.19817e-25
1.18937e-25
1.1835e-25
1.17763e-25
1.17202e-25
1.16664e-25
