16242.6
4.19424e-20
4.19317e-20
4.18935e-20
4.18465e-20
4.17916e-20
4.17288e-20
4.16582e-20
4.15801e-20
4.14943e-20
4.14011e-20
4.13004e-20
4.11923e-20
4.10768e-20
4.09541e-20
4.08241e-20
4.0687e-20
4.05428e-20
4.03916e-20
4.02334e-20
4.00684e-20
3.98966e-20
3.97182e-20
3.95332e-20
3.93418e-20
3.9144e-20
3.89399e-20
3.87297e-20
3.85134e-20
3.82912e-20
3.80632e-20
3.78295e-20
3.75902e-20
3.73454e-20
3.70954e-20
3.68402e-20
3.65798e-20
3.63146e-20
3.60446e-20
3.57699e-20
3.54907e-20
3.52071e-20
3.49192e-20
3.46273e-20
3.43314e-20
3.40316e-20
3.37282e-20
3.34213e-20
3.3111e-20
3.27974e-20
3.24808e-20
3.21612e-20
3.18388e-20
3.15137e-20
3.11862e-20
3.08563e-20
3.05242e-20
3.019e-20
2.98539e-20
2.95161e-20
2.91766e-20
2.88356e-20
2.84933e-20
2.81498e-20
2.78052e-20
2.74597e-20
2.71134e-20
2.67665e-20
2.64191e-20
2.60713e-20
2.57232e-20
2.53751e-20
2.50269e-20
2.46789e-20
2.43312e-20
2.39839e-20
2.3637e-20
2.32909e-20
2.29454e-20
2.26008e-20
2.22573e-20
2.19147e-20
2.15734e-20
2.12334e-20
2.08948e-20
2.05578e-20
2.02223e-20
1.98885e-20
1.95565e-20
1.92264e-20
1.88983e-20
1.85722e-20
1.82482e-20
1.79265e-20
1.76071e-20
1.72901e-20
1.69755e-20
1.66634e-20
1.63539e-20
1.60471e-20
1.57429e-20
1.54415e-20
1.5143e-20
1.48473e-20
1.45546e-20
1.42648e-20
1.3978e-20
1.36943e-20
1.34137e-20
1.31363e-20
1.2862e-20
1.25909e-20
1.23231e-20
1.20585e-20
1.17972e-20
1.15393e-20
1.12846e-20
1.10334e-20
1.07855e-20
1.05409e-20
1.02998e-20
1.00621e-20
9.82778e-21
9.59689e-21
9.36942e-21
9.14537e-21
8.92475e-21
8.70755e-21
8.49376e-21
8.28341e-21
8.07647e-21
7.87294e-21
7.67282e-21
7.47609e-21
7.28275e-21
7.09278e-21
6.90617e-21
6.72291e-21
6.54298e-21
6.36637e-21
6.19307e-21
6.02307e-21
5.85635e-21
5.6929e-21
5.53269e-21
5.3757e-21
5.22192e-21
5.07132e-21
4.92387e-21
4.77958e-21
4.63841e-21
4.50035e-21
4.36536e-21
4.23344e-21
4.10454e-21
3.97865e-21
3.85572e-21
3.73573e-21
3.61864e-21
3.50442e-21
3.39303e-21
3.28443e-21
3.17859e-21
3.07547e-21
2.97502e-21
2.87721e-21
2.78199e-21
2.68933e-21
2.59917e-21
2.51148e-21
2.42621e-21
2.34333e-21
2.26278e-21
2.18452e-21
2.10851e-21
2.0347e-21
1.96305e-21
1.89352e-21
1.82605e-21
1.76062e-21
1.69716e-21
1.63565e-21
1.57603e-21
1.51827e-21
1.46232e-21
1.40813e-21
1.35567e-21
1.30489e-21
1.25576e-21
1.20822e-21
1.16225e-21
1.1178e-21
1.07483e-21
1.0333e-21
9.93176e-22
9.54419e-22
9.16991e-22
8.80856e-22
8.45978e-22
8.1232e-22
7.79849e-22
7.48529e-22
7.18328e-22
6.89212e-22
6.61149e-22
6.34108e-22
6.08057e-22
5.82966e-22
5.58805e-22
5.35545e-22
5.13158e-22
4.91616e-22
4.70891e-22
4.50957e-22
4.31789e-22
4.13361e-22
3.95648e-22
3.78626e-22
3.62272e-22
3.46564e-22
3.31478e-22
3.16994e-22
3.0309e-22
2.89746e-22
2.76942e-22
2.64659e-22
2.52878e-22
2.41581e-22
2.30751e-22
2.20369e-22
2.1042e-22
2.00887e-22
1.91755e-22
1.83009e-22
1.74633e-22
1.66615e-22
1.5894e-22
1.51594e-22
1.44566e-22
1.37842e-22
1.31411e-22
1.25261e-22
1.1938e-22
1.13759e-22
1.08386e-22
1.03252e-22
9.83469e-23
9.3661e-23
8.91856e-23
8.49118e-23
8.08314e-23
7.69362e-23
7.32185e-23
6.96709e-23
6.62859e-23
6.30569e-23
5.9977e-23
5.70399e-23
5.42394e-23
5.15696e-23
4.90247e-23
4.65994e-23
4.42883e-23
4.20865e-23
3.9989e-23
3.79913e-23
3.60888e-23
3.42774e-23
3.25529e-23
3.09113e-23
2.9349e-23
2.78622e-23
2.64477e-23
2.51019e-23
2.38218e-23
2.26044e-23
2.14466e-23
2.03459e-23
1.92994e-23
1.83046e-23
1.73592e-23
1.64608e-23
1.56071e-23
1.4796e-23
1.40256e-23
1.32938e-23
1.25988e-23
1.19389e-23
1.13123e-23
1.07175e-23
1.01529e-23
9.61701e-24
9.10846e-24
8.6259e-24
8.16806e-24
7.73373e-24
7.32175e-24
6.93101e-24
6.56046e-24
6.2091e-24
5.87597e-24
5.56015e-24
5.2608e-24
4.97707e-24
4.70818e-24
4.45338e-24
4.21197e-24
3.98325e-24
3.7666e-24
3.56139e-24
3.36704e-24
3.18299e-24
3.00873e-24
2.84373e-24
2.68754e-24
2.53969e-24
2.39975e-24
2.26732e-24
2.142e-24
2.02343e-24
1.91124e-24
1.80512e-24
1.70474e-24
1.6098e-24
1.52002e-24
1.43512e-24
1.35485e-24
1.27896e-24
1.20722e-24
1.13941e-24
1.07533e-24
1.01477e-24
9.57549e-25
9.03487e-25
8.52415e-25
8.04173e-25
7.58611e-25
7.15583e-25
6.74954e-25
6.36594e-25
6.00382e-25
5.66202e-25
5.33943e-25
5.03502e-25
4.74781e-25
4.47686e-25
4.22128e-25
3.98026e-25
3.75299e-25
3.53873e-25
3.33677e-25
3.14644e-25
2.96711e-25
2.79819e-25
2.6391e-25
2.48932e-25
2.34833e-25
2.21567e-25
2.09087e-25
1.97353e-25
1.86323e-25
1.7596e-25
1.66227e-25
1.57093e-25
1.48524e-25
1.40491e-25
1.32966e-25
1.25923e-25
1.19336e-25
1.13183e-25
1.07441e-25
1.0209e-25
9.71117e-26
9.2487e-26
8.81996e-26
8.42335e-26
8.05753e-26
7.72143e-26
7.4142e-26
7.13467e-26
6.88196e-26
6.65502e-26
6.45321e-26
6.27578e-26
6.12191e-26
5.99085e-26
5.88192e-26
5.79451e-26
5.72811e-26
5.68225e-26
5.65654e-26
5.65067e-26
5.66437e-26
5.69746e-26
5.7498e-26
5.82131e-26
5.912e-26
6.02191e-26
6.15114e-26
6.29986e-26
6.4683e-26
6.65673e-26
