18755.4
2.78271e-20
2.89864e-20
2.72396e-20
2.73044e-20
2.73185e-20
2.72565e-20
2.72257e-20
2.71814e-20
2.71377e-20
2.70885e-20
2.70349e-20
2.69758e-20
2.69121e-20
2.68434e-20
2.67697e-20
2.6691e-20
2.66074e-20
2.65187e-20
2.64253e-20
2.63269e-20
2.62237e-20
2.61157e-20
2.6003e-20
2.58856e-20
2.57637e-20
2.56372e-20
2.55062e-20
2.53709e-20
2.52312e-20
2.50873e-20
2.49393e-20
2.47871e-20
2.4631e-20
2.44709e-20
2.43071e-20
2.41395e-20
2.39683e-20
2.37935e-20
2.36153e-20
2.34337e-20
2.32489e-20
2.30609e-20
2.28698e-20
2.26758e-20
2.2479e-20
2.22793e-20
2.20771e-20
2.18723e-20
2.16651e-20
2.14555e-20
2.12437e-20
2.10297e-20
2.08138e-20
2.0596e-20
2.03763e-20
2.0155e-20
1.99321e-20
1.97077e-20
1.94819e-20
1.92548e-20
1.90266e-20
1.87973e-20
1.85671e-20
1.8336e-20
1.81042e-20
1.78717e-20
1.76387e-20
1.74052e-20
1.71713e-20
1.69372e-20
1.6703e-20
1.64687e-20
1.62344e-20
1.60003e-20
1.57664e-20
1.55328e-20
1.52996e-20
1.50668e-20
1.48347e-20
1.46031e-20
1.43724e-20
1.41424e-20
1.39133e-20
1.36852e-20
1.34582e-20
1.32322e-20
1.30075e-20
1.27839e-20
1.25618e-20
1.2341e-20
1.21216e-20
1.19038e-20
1.16876e-20
1.14729e-20
1.126e-20
1.10488e-20
1.08394e-20
1.06318e-20
1.04261e-20
1.02224e-20
1.00206e-20
9.82084e-21
9.62314e-21
9.42751e-21
9.23403e-21
9.04269e-21
8.85354e-21
8.66664e-21
8.48199e-21
8.29954e-21
8.11939e-21
7.9416e-21
7.76614e-21
7.59302e-21
7.42231e-21
7.25398e-21
7.08798e-21
6.92436e-21
6.76348e-21
6.60452e-21
6.44827e-21
6.29445e-21
6.143e-21
5.99405e-21
5.84742e-21
5.70352e-21
5.5619e-21
5.4224e-21
5.2857e-21
5.15128e-21
5.01929e-21
4.88971e-21
4.76252e-21
4.63771e-21
4.51527e-21
4.39517e-21
4.27742e-21
4.16199e-21
4.04886e-21
3.93801e-21
3.82944e-21
3.72311e-21
3.61902e-21
3.51712e-21
3.41741e-21
3.31986e-21
3.22446e-21
3.13116e-21
3.03996e-21
2.95082e-21
2.86372e-21
2.77864e-21
2.69554e-21
2.6144e-21
2.53521e-21
2.45791e-21
2.3825e-21
2.30893e-21
2.23719e-21
2.16725e-21
2.09907e-21
2.03263e-21
1.96789e-21
1.90484e-21
1.84344e-21
1.78366e-21
1.72547e-21
1.66885e-21
1.61376e-21
1.56018e-21
1.50807e-21
1.45742e-21
1.40818e-21
1.36033e-21
1.31385e-21
1.2687e-21
1.22485e-21
1.18229e-21
1.14097e-21
1.10088e-21
1.06199e-21
1.02426e-21
9.87675e-22
9.52206e-22
9.17828e-22
8.84513e-22
8.52237e-22
8.20974e-22
7.907e-22
7.61389e-22
7.33018e-22
7.05563e-22
6.79e-22
6.53307e-22
6.28459e-22
6.04436e-22
5.81215e-22
5.58773e-22
5.37091e-22
5.16146e-22
4.95919e-22
4.76389e-22
4.57537e-22
4.39343e-22
4.21787e-22
4.04852e-22
3.8852e-22
3.72771e-22
3.57589e-22
3.42957e-22
3.28857e-22
3.15274e-22
3.02192e-22
2.89594e-22
2.77466e-22
2.65793e-22
2.5456e-22
2.43752e-22
2.33357e-22
2.2336e-22
2.13749e-22
2.0451e-22
1.95632e-22
1.87101e-22
1.78907e-22
1.71037e-22
1.63481e-22
1.56227e-22
1.49265e-22
1.42585e-22
1.36176e-22
1.3003e-22
1.24136e-22
1.18485e-22
1.13069e-22
1.07879e-22
1.02907e-22
9.81437e-23
9.35825e-23
8.92154e-23
8.5035e-23
8.10343e-23
7.72064e-23
7.35445e-23
7.00423e-23
6.66935e-23
6.34921e-23
6.04323e-23
5.75084e-23
5.4715e-23
5.20469e-23
4.94989e-23
4.70663e-23
4.47442e-23
4.25282e-23
4.04139e-23
3.83969e-23
3.64734e-23
3.46392e-23
3.28907e-23
3.12242e-23
2.96362e-23
2.81233e-23
2.66823e-23
2.53101e-23
2.40036e-23
2.276e-23
2.15766e-23
2.04505e-23
1.93794e-23
1.83606e-23
1.7392e-23
1.64711e-23
1.55959e-23
1.47642e-23
1.39741e-23
1.32236e-23
1.25109e-23
1.18342e-23
1.11919e-23
1.05824e-23
1.0004e-23
9.45538e-24
8.93503e-24
8.44163e-24
7.97387e-24
7.53053e-24
7.11041e-24
6.71238e-24
6.33536e-24
5.97833e-24
5.64028e-24
5.32028e-24
5.01744e-24
4.73088e-24
4.4598e-24
4.2034e-24
3.96096e-24
3.73175e-24
3.5151e-24
3.31036e-24
3.11693e-24
2.93421e-24
2.76164e-24
2.59871e-24
2.4449e-24
2.29973e-24
2.16275e-24
2.03352e-24
1.91163e-24
1.79668e-24
1.68831e-24
1.58616e-24
1.48989e-24
1.39918e-24
1.31373e-24
1.23326e-24
1.15748e-24
1.08614e-24
1.01899e-24
9.55803e-25
8.96355e-25
8.40435e-25
7.87846e-25
7.38401e-25
6.91919e-25
6.48234e-25
6.07186e-25
5.68623e-25
5.32402e-25
4.98389e-25
4.66456e-25
4.36481e-25
4.0835e-25
3.81957e-25
3.57197e-25
3.33976e-25
3.12202e-25
2.91789e-25
2.72656e-25
2.54727e-25
2.37929e-25
2.22195e-25
2.07459e-25
1.93662e-25
1.80747e-25
1.68659e-25
1.57348e-25
1.46766e-25
1.36869e-25
1.27613e-25
1.1896e-25
1.10871e-25
1.03312e-25
9.6249e-26
8.96509e-26
8.34885e-26
7.77341e-26
7.2362e-26
6.73477e-26
6.26684e-26
5.83027e-26
5.42303e-26
5.04322e-26
4.68912e-26
4.35893e-26
4.05139e-26
3.76439e-26
3.49764e-26
3.24903e-26
3.01431e-26
2.80834e-26
2.59065e-26
2.40795e-26
2.2646e-26
2.06502e-26
1.9423e-26
1.76912e-26
1.69329e-26
1.51295e-26
1.43852e-26
1.32274e-26
1.24623e-26
9.86163e-27
1.5232e-26
1.37441e-28
2.97895e-26
3.44679e-28
8.16858e-26
1.93948e-27
5.57233e-25
1.72376e-25
4.49029e-26
1.44232e-23
6.56464e-26
3.40569e-24
4.41199e-25
8.78324e-26
8.10283e-25
7.71088e-25
1.01127e-25
