13262.1
7.42055e-20
7.41971e-20
7.41601e-20
7.41089e-20
7.40438e-20
7.39648e-20
7.38719e-20
7.37652e-20
7.36448e-20
7.35107e-20
7.33631e-20
7.3202e-20
7.30275e-20
7.28397e-20
7.26387e-20
7.24246e-20
7.21975e-20
7.19576e-20
7.17049e-20
7.14397e-20
7.11621e-20
7.08721e-20
7.05701e-20
7.0256e-20
6.99302e-20
6.95928e-20
6.92439e-20
6.88838e-20
6.85126e-20
6.81306e-20
6.7738e-20
6.73349e-20
6.69215e-20
6.64982e-20
6.60651e-20
6.56224e-20
6.51704e-20
6.47093e-20
6.42393e-20
6.37607e-20
6.32737e-20
6.27786e-20
6.22757e-20
6.17651e-20
6.12471e-20
6.0722e-20
6.019e-20
5.96514e-20
5.91065e-20
5.85555e-20
5.79987e-20
5.74364e-20
5.68687e-20
5.62961e-20
5.57186e-20
5.51367e-20
5.45506e-20
5.39604e-20
5.33666e-20
5.27694e-20
5.21689e-20
5.15656e-20
5.09596e-20
5.03512e-20
4.97406e-20
4.91282e-20
4.85141e-20
4.78986e-20
4.7282e-20
4.66645e-20
4.60464e-20
4.54278e-20
4.48091e-20
4.41904e-20
4.3572e-20
4.29541e-20
4.23369e-20
4.17207e-20
4.11057e-20
4.04921e-20
3.988e-20
3.92698e-20
3.86615e-20
3.80555e-20
3.74518e-20
3.68507e-20
3.62523e-20
3.56569e-20
3.50645e-20
3.44755e-20
3.38898e-20
3.33078e-20
3.27295e-20
3.21552e-20
3.15848e-20
3.10187e-20
3.04569e-20
2.98995e-20
2.93467e-20
2.87986e-20
2.82553e-20
2.7717e-20
2.71836e-20
2.66554e-20
2.61325e-20
2.56148e-20
2.51026e-20
2.45959e-20
2.40947e-20
2.35991e-20
2.31093e-20
2.26252e-20
2.2147e-20
2.16746e-20
2.12082e-20
2.07478e-20
2.02933e-20
1.9845e-20
1.94027e-20
1.89665e-20
1.85365e-20
1.81127e-20
1.7695e-20
1.72835e-20
1.68782e-20
1.64792e-20
1.60863e-20
1.56996e-20
1.53192e-20
1.49449e-20
1.45768e-20
1.42149e-20
1.38591e-20
1.35095e-20
1.31659e-20
1.28284e-20
1.2497e-20
1.21716e-20
1.18522e-20
1.15387e-20
1.12311e-20
1.09293e-20
1.06334e-20
1.03433e-20
1.00589e-20
9.78013e-21
9.50701e-21
9.23945e-21
8.97741e-21
8.72082e-21
8.46963e-21
8.22379e-21
7.98322e-21
7.74786e-21
7.51767e-21
7.29257e-21
7.07251e-21
6.85743e-21
6.64727e-21
6.44195e-21
6.24143e-21
6.04562e-21
5.85448e-21
5.66791e-21
5.48588e-21
5.30829e-21
5.1351e-21
4.96623e-21
4.80162e-21
4.64121e-21
4.48493e-21
4.33273e-21
4.18453e-21
4.04029e-21
3.89993e-21
3.76339e-21
3.6306e-21
3.50149e-21
3.37601e-21
3.25408e-21
3.13564e-21
3.02065e-21
2.90904e-21
2.80076e-21
2.69573e-21
2.5939e-21
2.49521e-21
2.39959e-21
2.30699e-21
2.21733e-21
2.13055e-21
2.04659e-21
1.96539e-21
1.88688e-21
1.81099e-21
1.73768e-21
1.66686e-21
1.59848e-21
1.53248e-21
1.4688e-21
1.40737e-21
1.34813e-21
1.29103e-21
1.23601e-21
1.183e-21
1.13195e-21
1.08281e-21
1.03551e-21
9.90009e-22
9.46245e-22
9.04166e-22
8.63722e-22
8.2486e-22
7.87531e-22
7.51686e-22
7.17277e-22
6.84256e-22
6.52577e-22
6.22196e-22
5.93069e-22
5.65152e-22
5.38403e-22
5.12782e-22
4.88249e-22
4.64764e-22
4.4229e-22
4.2079e-22
4.00229e-22
3.8057e-22
3.61781e-22
3.43828e-22
3.26679e-22
3.10304e-22
2.94672e-22
2.79754e-22
2.65521e-22
2.51946e-22
2.39004e-22
2.26667e-22
2.14911e-22
2.03712e-22
1.93047e-22
1.82894e-22
1.7323e-22
1.64034e-22
1.55288e-22
1.4697e-22
1.39063e-22
1.31549e-22
1.24409e-22
1.17627e-22
1.11188e-22
1.05075e-22
9.92732e-23
9.3769e-23
8.85485e-23
8.35982e-23
7.89056e-23
7.44585e-23
7.02451e-23
6.62544e-23
6.24756e-23
5.88984e-23
5.5513e-23
5.231e-23
4.92804e-23
4.64155e-23
4.37071e-23
4.11474e-23
3.87288e-23
3.64441e-23
3.42866e-23
3.22496e-23
3.0327e-23
2.85127e-23
2.68011e-23
2.51868e-23
2.36647e-23
2.22298e-23
2.08775e-23
1.96033e-23
1.84031e-23
1.72728e-23
1.62086e-23
1.52069e-23
1.42642e-23
1.33773e-23
1.25431e-23
1.17585e-23
1.10209e-23
1.03276e-23
9.67608e-24
9.06394e-24
8.48894e-24
7.94895e-24
7.44195e-24
6.96603e-24
6.51938e-24
6.10029e-24
5.70715e-24
5.33842e-24
4.99267e-24
4.66853e-24
4.36471e-24
4.07999e-24
3.81323e-24
3.56334e-24
3.32931e-24
3.11017e-24
2.90501e-24
2.71298e-24
2.53327e-24
2.36512e-24
2.20782e-24
2.06069e-24
1.92311e-24
1.79447e-24
1.67421e-24
1.56182e-24
1.45678e-24
1.35865e-24
1.26697e-24
1.18134e-24
1.10138e-24
1.02671e-24
9.57005e-25
8.9194e-25
8.31217e-25
7.74555e-25
7.21689e-25
6.72374e-25
6.26377e-25
5.83482e-25
5.43485e-25
5.06196e-25
4.71437e-25
4.3904e-25
4.0885e-25
3.8072e-25
3.54514e-25
3.30103e-25
3.07367e-25
2.86195e-25
2.66483e-25
2.48131e-25
2.3105e-25
2.15153e-25
2.0036e-25
1.86598e-25
1.73797e-25
1.61892e-25
1.50823e-25
1.40532e-25
1.30967e-25
1.2208e-25
1.13824e-25
1.06157e-25
9.90388e-26
9.24327e-26
8.6304e-26
8.06202e-26
7.5351e-26
7.04697e-26
6.5953e-26
6.17784e-26
5.79247e-26
5.43714e-26
5.11012e-26
4.80957e-26
4.53378e-26
4.28116e-26
4.05072e-26
3.84111e-26
3.65105e-26
3.47936e-26
3.32497e-26
3.18687e-26
3.06417e-26
2.95602e-26
2.86166e-26
2.7804e-26
2.71163e-26
2.65475e-26
2.60928e-26
2.57475e-26
2.55077e-26
2.53697e-26
2.53306e-26
2.53876e-26
2.55386e-26
2.57819e-26
2.61159e-26
2.65397e-26
2.70527e-26
2.76546e-26
2.83454e-26
2.91255e-26
2.99957e-26
3.09571e-26
3.20111e-26
3.31595e-26
