13262.1
7.51965e-20
7.51906e-20
7.51598e-20
7.51148e-20
7.50554e-20
7.49816e-20
7.48934e-20
7.47908e-20
7.4674e-20
7.4543e-20
7.43978e-20
7.42386e-20
7.40655e-20
7.38784e-20
7.36777e-20
7.34633e-20
7.32353e-20
7.2994e-20
7.27394e-20
7.24717e-20
7.2191e-20
7.18976e-20
7.15914e-20
7.12729e-20
7.0942e-20
7.0599e-20
7.02441e-20
6.98775e-20
6.94994e-20
6.91099e-20
6.87094e-20
6.8298e-20
6.78759e-20
6.74434e-20
6.70007e-20
6.6548e-20
6.60857e-20
6.56138e-20
6.51328e-20
6.46427e-20
6.4144e-20
6.36368e-20
6.31214e-20
6.25981e-20
6.20671e-20
6.15287e-20
6.09832e-20
6.04309e-20
5.9872e-20
5.93068e-20
5.87355e-20
5.81585e-20
5.75761e-20
5.69885e-20
5.63959e-20
5.57987e-20
5.51972e-20
5.45916e-20
5.39822e-20
5.33692e-20
5.27531e-20
5.21339e-20
5.15121e-20
5.08878e-20
5.02613e-20
4.9633e-20
4.9003e-20
4.83717e-20
4.77392e-20
4.71059e-20
4.64721e-20
4.58378e-20
4.52035e-20
4.45693e-20
4.39354e-20
4.33023e-20
4.26699e-20
4.20387e-20
4.14087e-20
4.07803e-20
4.01537e-20
3.9529e-20
3.89065e-20
3.82863e-20
3.76687e-20
3.70539e-20
3.64421e-20
3.58334e-20
3.5228e-20
3.46261e-20
3.40279e-20
3.34335e-20
3.28431e-20
3.22569e-20
3.16749e-20
3.10974e-20
3.05245e-20
2.99563e-20
2.9393e-20
2.88346e-20
2.82813e-20
2.77332e-20
2.71904e-20
2.6653e-20
2.61212e-20
2.55949e-20
2.50743e-20
2.45595e-20
2.40506e-20
2.35476e-20
2.30506e-20
2.25596e-20
2.20747e-20
2.15961e-20
2.11236e-20
2.06574e-20
2.01975e-20
1.97439e-20
1.92967e-20
1.88559e-20
1.84215e-20
1.79935e-20
1.7572e-20
1.71569e-20
1.67483e-20
1.63461e-20
1.59504e-20
1.55612e-20
1.51784e-20
1.48021e-20
1.44322e-20
1.40686e-20
1.37115e-20
1.33607e-20
1.30162e-20
1.2678e-20
1.23461e-20
1.20204e-20
1.17008e-20
1.13875e-20
1.10802e-20
1.07789e-20
1.04837e-20
1.01944e-20
9.911e-21
9.63345e-21
9.36169e-21
9.09565e-21
8.83528e-21
8.58051e-21
8.33129e-21
8.08754e-21
7.84921e-21
7.61622e-21
7.38852e-21
7.16602e-21
6.94868e-21
6.73641e-21
6.52915e-21
6.32683e-21
6.12938e-21
5.93673e-21
5.7488e-21
5.56552e-21
5.38683e-21
5.21263e-21
5.04288e-21
4.87748e-21
4.71638e-21
4.55949e-21
4.40676e-21
4.2581e-21
4.11345e-21
3.97274e-21
3.8359e-21
3.70286e-21
3.57354e-21
3.44787e-21
3.32578e-21
3.20721e-21
3.09209e-21
2.98034e-21
2.87191e-21
2.76673e-21
2.66473e-21
2.56585e-21
2.47002e-21
2.37717e-21
2.28724e-21
2.20016e-21
2.11587e-21
2.03429e-21
1.95538e-21
1.87906e-21
1.80526e-21
1.73393e-21
1.66501e-21
1.59842e-21
1.53412e-21
1.47204e-21
1.41211e-21
1.35429e-21
1.29852e-21
1.24473e-21
1.19287e-21
1.14289e-21
1.09474e-21
1.04835e-21
1.00367e-21
9.60667e-22
9.19275e-22
8.79448e-22
8.41138e-22
8.04298e-22
7.68882e-22
7.34843e-22
7.02137e-22
6.70721e-22
6.40553e-22
6.11591e-22
5.83794e-22
5.57124e-22
5.31541e-22
5.07008e-22
4.83489e-22
4.60947e-22
4.39349e-22
4.1866e-22
3.98848e-22
3.79881e-22
3.61727e-22
3.44357e-22
3.27741e-22
3.11851e-22
2.96659e-22
2.82139e-22
2.68265e-22
2.55012e-22
2.42354e-22
2.3027e-22
2.18735e-22
2.07729e-22
1.97229e-22
1.87215e-22
1.77667e-22
1.68565e-22
1.59893e-22
1.5163e-22
1.4376e-22
1.36267e-22
1.29134e-22
1.22346e-22
1.15887e-22
1.09744e-22
1.03902e-22
9.83481e-23
9.30697e-23
8.80544e-23
8.32901e-23
7.87656e-23
7.44699e-23
7.03925e-23
6.65232e-23
6.28524e-23
5.93708e-23
5.60696e-23
5.294e-23
4.9974e-23
4.71638e-23
4.45018e-23
4.19808e-23
3.9594e-23
3.73348e-23
3.51969e-23
3.31742e-23
3.12611e-23
2.94521e-23
2.77418e-23
2.61254e-23
2.4598e-23
2.31551e-23
2.17923e-23
2.05055e-23
1.92907e-23
1.81442e-23
1.70624e-23
1.60419e-23
1.50794e-23
1.41718e-23
1.33163e-23
1.251e-23
1.17502e-23
1.10345e-23
1.03603e-23
9.72557e-24
9.12799e-24
8.56554e-24
8.03627e-24
7.53833e-24
7.06997e-24
6.62953e-24
6.21543e-24
5.82618e-24
5.46037e-24
5.11665e-24
4.79376e-24
4.49051e-24
4.20574e-24
3.9384e-24
3.68747e-24
3.45198e-24
3.23103e-24
3.02377e-24
2.82938e-24
2.6471e-24
2.4762e-24
2.31602e-24
2.1659e-24
2.02524e-24
1.89347e-24
1.77005e-24
1.65447e-24
1.54626e-24
1.44496e-24
1.35015e-24
1.26143e-24
1.17842e-24
1.10077e-24
1.02815e-24
9.60243e-25
8.96755e-25
8.37409e-25
7.81946e-25
7.30121e-25
6.81704e-25
6.36479e-25
5.94244e-25
5.5481e-25
5.17997e-25
4.83638e-25
4.51576e-25
4.21665e-25
3.93765e-25
3.67749e-25
3.43493e-25
3.20886e-25
2.9982e-25
2.80197e-25
2.61922e-25
2.44909e-25
2.29077e-25
2.14348e-25
2.00653e-25
1.87923e-25
1.76098e-25
1.65119e-25
1.54931e-25
1.45485e-25
1.36733e-25
1.28631e-25
1.21137e-25
1.14212e-25
1.07824e-25
1.01943e-25
9.65413e-26
9.15928e-26
8.70711e-26
8.29549e-26
7.9221e-26
7.58467e-26
7.28117e-26
7.01058e-26
6.77115e-26
6.56123e-26
6.37932e-26
6.22403e-26
6.09409e-26
5.98837e-26
5.90582e-26
5.8455e-26
5.80657e-26
5.7883e-26
5.79001e-26
5.81112e-26
5.85114e-26
5.90964e-26
5.98626e-26
6.08073e-26
6.19282e-26
6.32237e-26
6.46929e-26
6.63354e-26
6.81515e-26
7.01418e-26
7.23078e-26
7.46513e-26
7.71747e-26
7.98808e-26
8.27731e-26
8.58556e-26
8.91326e-26
