18755.4
2.72208e-20
2.72185e-20
2.721e-20
2.71963e-20
2.71773e-20
2.71528e-20
2.71229e-20
2.70877e-20
2.70471e-20
2.70011e-20
2.69499e-20
2.68933e-20
2.68315e-20
2.67645e-20
2.66924e-20
2.66151e-20
2.65327e-20
2.64453e-20
2.63529e-20
2.62555e-20
2.61533e-20
2.60463e-20
2.59346e-20
2.58181e-20
2.56971e-20
2.55715e-20
2.54414e-20
2.53069e-20
2.51681e-20
2.5025e-20
2.48778e-20
2.47265e-20
2.45712e-20
2.4412e-20
2.4249e-20
2.40823e-20
2.39119e-20
2.3738e-20
2.35606e-20
2.33799e-20
2.31959e-20
2.30088e-20
2.28186e-20
2.26255e-20
2.24295e-20
2.22308e-20
2.20294e-20
2.18254e-20
2.16191e-20
2.14104e-20
2.11995e-20
2.09864e-20
2.07714e-20
2.05544e-20
2.03357e-20
2.01152e-20
1.98932e-20
1.96696e-20
1.94447e-20
1.92186e-20
1.89912e-20
1.87628e-20
1.85334e-20
1.83032e-20
1.80722e-20
1.78406e-20
1.76084e-20
1.73758e-20
1.71428e-20
1.69095e-20
1.66761e-20
1.64426e-20
1.62092e-20
1.59758e-20
1.57427e-20
1.55099e-20
1.52774e-20
1.50455e-20
1.48141e-20
1.45833e-20
1.43532e-20
1.4124e-20
1.38957e-20
1.36683e-20
1.34419e-20
1.32166e-20
1.29925e-20
1.27697e-20
1.25482e-20
1.2328e-20
1.21093e-20
1.18921e-20
1.16765e-20
1.14624e-20
1.12501e-20
1.10395e-20
1.08306e-20
1.06236e-20
1.04184e-20
1.02152e-20
1.00139e-20
9.81465e-21
9.61742e-21
9.42227e-21
9.22923e-21
9.03834e-21
8.84963e-21
8.66313e-21
8.47886e-21
8.29685e-21
8.11712e-21
7.9397e-21
7.76461e-21
7.59185e-21
7.42146e-21
7.25344e-21
7.0878e-21
6.92457e-21
6.76374e-21
6.60532e-21
6.44932e-21
6.29575e-21
6.14461e-21
5.9959e-21
5.84961e-21
5.70575e-21
5.56432e-21
5.42531e-21
5.28871e-21
5.15453e-21
5.02274e-21
4.89334e-21
4.76632e-21
4.64167e-21
4.51938e-21
4.39943e-21
4.28181e-21
4.16649e-21
4.05348e-21
3.94274e-21
3.83425e-21
3.72801e-21
3.62399e-21
3.52216e-21
3.42251e-21
3.32502e-21
3.22965e-21
3.1364e-21
3.04522e-21
2.95611e-21
2.86903e-21
2.78396e-21
2.70087e-21
2.61974e-21
2.54053e-21
2.46323e-21
2.3878e-21
2.31422e-21
2.24246e-21
2.17249e-21
2.10428e-21
2.03781e-21
1.97304e-21
1.90994e-21
1.8485e-21
1.78867e-21
1.73044e-21
1.67376e-21
1.61862e-21
1.56498e-21
1.51282e-21
1.4621e-21
1.4128e-21
1.36489e-21
1.31834e-21
1.27312e-21
1.22921e-21
1.18658e-21
1.14519e-21
1.10503e-21
1.06606e-21
1.02827e-21
9.91609e-22
9.56067e-22
9.21616e-22
8.88228e-22
8.55878e-22
8.24542e-22
7.94194e-22
7.64811e-22
7.36367e-22
7.08839e-22
6.82204e-22
6.56438e-22
6.31519e-22
6.07425e-22
5.84133e-22
5.61621e-22
5.3987e-22
5.18857e-22
4.98562e-22
4.78965e-22
4.60047e-22
4.41787e-22
4.24167e-22
4.07169e-22
3.90773e-22
3.74963e-22
3.59721e-22
3.45029e-22
3.30871e-22
3.1723e-22
3.04091e-22
2.91438e-22
2.79256e-22
2.67529e-22
2.56243e-22
2.45385e-22
2.34939e-22
2.24894e-22
2.15234e-22
2.05949e-22
1.97024e-22
1.88449e-22
1.80211e-22
1.72298e-22
1.647e-22
1.57406e-22
1.50404e-22
1.43685e-22
1.37239e-22
1.31056e-22
1.25127e-22
1.19441e-22
1.13992e-22
1.08769e-22
1.03765e-22
9.89709e-23
9.43797e-23
8.99835e-23
8.57749e-23
8.17468e-23
7.78922e-23
7.42046e-23
7.06774e-23
6.73044e-23
6.40796e-23
6.09971e-23
5.80512e-23
5.52366e-23
5.25479e-23
4.99801e-23
4.75283e-23
4.51877e-23
4.29538e-23
4.08222e-23
3.87886e-23
3.68489e-23
3.49992e-23
3.32357e-23
3.15548e-23
2.99529e-23
2.84266e-23
2.69727e-23
2.5588e-23
2.42696e-23
2.30145e-23
2.182e-23
2.06833e-23
1.96019e-23
1.85733e-23
1.75952e-23
1.66652e-23
1.57813e-23
1.49412e-23
1.41431e-23
1.33849e-23
1.26648e-23
1.1981e-23
1.13319e-23
1.07159e-23
1.01312e-23
9.57662e-24
9.05054e-24
8.55165e-24
8.07864e-24
7.63028e-24
7.20535e-24
6.80273e-24
6.42132e-24
6.06009e-24
5.71803e-24
5.3942e-24
5.08769e-24
4.79764e-24
4.52322e-24
4.26364e-24
4.01816e-24
3.78605e-24
3.56664e-24
3.35927e-24
3.16332e-24
2.97821e-24
2.80337e-24
2.63827e-24
2.48239e-24
2.33526e-24
2.19641e-24
2.0654e-24
1.94181e-24
1.82526e-24
1.71536e-24
1.61175e-24
1.5141e-24
1.42208e-24
1.33539e-24
1.25373e-24
1.17683e-24
1.10442e-24
1.03626e-24
9.72118e-25
9.11761e-25
8.5498e-25
8.01574e-25
7.51354e-25
7.0414e-25
6.59761e-25
6.18055e-25
5.7887e-25
5.4206e-25
5.0749e-25
4.7503e-25
4.44556e-25
4.15955e-25
3.89116e-25
3.63936e-25
3.40317e-25
3.18167e-25
2.974e-25
2.77932e-25
2.59687e-25
2.42591e-25
2.26575e-25
2.11574e-25
1.97527e-25
1.84376e-25
1.72066e-25
1.60545e-25
1.49766e-25
1.39683e-25
1.30253e-25
1.21435e-25
1.13191e-25
1.05486e-25
9.82854e-26
9.15583e-26
8.52745e-26
7.94061e-26
7.39268e-26
6.88118e-26
6.40379e-26
5.95833e-26
5.54275e-26
5.15512e-26
4.79364e-26
4.45662e-26
4.14246e-26
3.84968e-26
3.57688e-26
3.32274e-26
3.08604e-26
2.86563e-26
2.66044e-26
2.46944e-26
2.29169e-26
2.12631e-26
1.97248e-26
1.8294e-26
1.69637e-26
1.57269e-26
1.45774e-26
1.35092e-26
1.25168e-26
1.1595e-26
1.07389e-26
9.94405e-27
9.20617e-27
8.52134e-27
7.88588e-27
7.29635e-27
6.74954e-27
6.24246e-27
5.77232e-27
6.49299e-27
6.08617e-27
5.70902e-27
5.35944e-27
5.03546e-27
4.73525e-27
4.45711e-27
4.19947e-27
