16242.6
4.22525e-20
4.22343e-20
4.21748e-20
4.21058e-20
4.20289e-20
4.19445e-20
4.18527e-20
4.17537e-20
4.16476e-20
4.15345e-20
4.14145e-20
4.12876e-20
4.11538e-20
4.10133e-20
4.0866e-20
4.07122e-20
4.05517e-20
4.03847e-20
4.02114e-20
4.00317e-20
3.98458e-20
3.96537e-20
3.94557e-20
3.92516e-20
3.90418e-20
3.88262e-20
3.8605e-20
3.83782e-20
3.81461e-20
3.79086e-20
3.7666e-20
3.74183e-20
3.71657e-20
3.69083e-20
3.66462e-20
3.63795e-20
3.61083e-20
3.58329e-20
3.55532e-20
3.52695e-20
3.49819e-20
3.46905e-20
3.43954e-20
3.40968e-20
3.37949e-20
3.34896e-20
3.31813e-20
3.28699e-20
3.25558e-20
3.22389e-20
3.19194e-20
3.15975e-20
3.12734e-20
3.0947e-20
3.06186e-20
3.02884e-20
2.99564e-20
2.96227e-20
2.92876e-20
2.89511e-20
2.86135e-20
2.82747e-20
2.79349e-20
2.75944e-20
2.72531e-20
2.69113e-20
2.6569e-20
2.62264e-20
2.58835e-20
2.55407e-20
2.51978e-20
2.48551e-20
2.45127e-20
2.41706e-20
2.38291e-20
2.34881e-20
2.31479e-20
2.28085e-20
2.247e-20
2.21326e-20
2.17962e-20
2.14612e-20
2.11274e-20
2.0795e-20
2.04642e-20
2.01349e-20
1.98074e-20
1.94816e-20
1.91576e-20
1.88356e-20
1.85156e-20
1.81976e-20
1.78819e-20
1.75683e-20
1.7257e-20
1.69481e-20
1.66416e-20
1.63376e-20
1.60361e-20
1.57372e-20
1.54409e-20
1.51473e-20
1.48565e-20
1.45684e-20
1.42832e-20
1.40009e-20
1.37214e-20
1.34449e-20
1.31714e-20
1.29009e-20
1.26334e-20
1.2369e-20
1.21077e-20
1.18495e-20
1.15944e-20
1.13425e-20
1.10937e-20
1.08482e-20
1.06058e-20
1.03666e-20
1.01307e-20
9.89796e-21
9.66845e-21
9.44218e-21
9.21913e-21
8.99932e-21
8.78274e-21
8.56939e-21
8.35929e-21
8.15242e-21
7.9488e-21
7.7484e-21
7.55124e-21
7.3573e-21
7.16657e-21
6.97905e-21
6.79473e-21
6.6136e-21
6.43566e-21
6.2609e-21
6.08933e-21
5.92093e-21
5.7557e-21
5.59364e-21
5.43472e-21
5.27893e-21
5.12625e-21
4.97668e-21
4.83022e-21
4.68686e-21
4.54658e-21
4.40939e-21
4.27526e-21
4.14416e-21
4.01609e-21
3.89101e-21
3.76889e-21
3.64972e-21
3.53346e-21
3.42007e-21
3.30952e-21
3.20179e-21
3.09682e-21
2.99459e-21
2.89504e-21
2.79816e-21
2.70388e-21
2.61218e-21
2.52301e-21
2.43632e-21
2.35207e-21
2.27022e-21
2.19072e-21
2.11354e-21
2.03861e-21
1.96591e-21
1.89538e-21
1.82697e-21
1.76065e-21
1.69637e-21
1.63408e-21
1.57374e-21
1.5153e-21
1.45873e-21
1.40396e-21
1.35097e-21
1.2997e-21
1.25012e-21
1.20218e-21
1.15585e-21
1.11107e-21
1.0678e-21
1.02602e-21
9.8567e-22
9.46718e-22
9.09125e-22
8.72853e-22
8.37863e-22
8.04119e-22
7.71584e-22
7.40223e-22
7.10002e-22
6.80884e-22
6.52838e-22
6.25829e-22
5.99826e-22
5.74798e-22
5.50712e-22
5.2754e-22
5.05252e-22
4.83818e-22
4.63211e-22
4.43403e-22
4.24367e-22
4.06078e-22
3.8851e-22
3.71639e-22
3.55439e-22
3.39888e-22
3.24963e-22
3.10642e-22
2.96903e-22
2.83725e-22
2.71088e-22
2.58972e-22
2.47359e-22
2.36228e-22
2.25563e-22
2.15347e-22
2.05561e-22
1.9619e-22
1.87217e-22
1.78629e-22
1.70408e-22
1.62542e-22
1.55017e-22
1.47819e-22
1.40934e-22
1.34351e-22
1.28058e-22
1.22042e-22
1.16293e-22
1.10799e-22
1.05551e-22
1.00537e-22
9.57492e-23
9.11772e-23
8.68122e-23
8.26454e-23
7.86685e-23
7.48735e-23
7.12525e-23
6.77983e-23
6.45035e-23
6.13614e-23
5.83652e-23
5.55087e-23
5.27858e-23
5.01905e-23
4.77173e-23
4.53607e-23
4.31156e-23
4.09769e-23
3.89401e-23
3.70003e-23
3.51533e-23
3.3395e-23
3.17211e-23
3.0128e-23
2.86118e-23
2.71691e-23
2.57965e-23
2.44907e-23
2.32487e-23
2.20675e-23
2.09442e-23
1.98761e-23
1.88606e-23
1.78954e-23
1.69778e-23
1.61058e-23
1.52772e-23
1.44899e-23
1.37418e-23
1.30312e-23
1.23563e-23
1.17152e-23
1.11064e-23
1.05284e-23
9.97951e-24
9.45847e-24
8.96386e-24
8.4944e-24
8.04885e-24
7.62604e-24
7.22484e-24
6.8442e-24
6.48308e-24
6.14053e-24
5.81561e-24
5.50746e-24
5.21522e-24
4.93811e-24
4.67537e-24
4.42627e-24
4.19012e-24
3.96628e-24
3.75412e-24
3.55304e-24
3.3625e-24
3.18194e-24
3.01086e-24
2.84878e-24
2.69524e-24
2.54979e-24
2.41203e-24
2.28156e-24
2.15799e-24
2.04099e-24
1.9302e-24
1.82531e-24
1.72601e-24
1.63201e-24
1.54303e-24
1.45881e-24
1.37911e-24
1.30369e-24
1.23232e-24
1.16479e-24
1.1009e-24
1.04046e-24
9.83285e-25
9.29208e-25
8.78062e-25
8.29694e-25
7.83956e-25
7.4071e-25
6.99822e-25
6.61168e-25
6.2463e-25
5.90095e-25
5.57456e-25
5.26612e-25
4.97468e-25
4.69934e-25
4.43922e-25
4.19353e-25
3.96149e-25
3.74237e-25
3.53548e-25
3.34016e-25
3.15581e-25
2.98184e-25
2.81768e-25
2.66283e-25
2.51678e-25
2.37906e-25
2.24924e-25
2.12689e-25
2.01162e-25
1.90306e-25
1.80085e-25
1.70467e-25
1.61419e-25
1.52913e-25
1.4492e-25
1.37414e-25
1.3037e-25
1.23766e-25
1.17578e-25
1.11788e-25
1.06374e-25
1.0132e-25
9.66086e-26
9.22233e-26
8.81506e-26
8.43799e-26
8.09029e-26
7.77076e-26
7.4785e-26
7.21242e-26
6.97186e-26
6.75604e-26
6.56407e-26
6.39516e-26
6.24854e-26
6.12357e-26
6.01965e-26
5.93624e-26
5.87291e-26
5.82924e-26
5.80492e-26
5.79967e-26
5.81329e-26
5.84563e-26
5.89661e-26
5.96618e-26
6.05438e-26
6.16128e-26
6.28703e-26
6.43183e-26
