13262.1
7.59796e-20
7.59749e-20
7.59474e-20
7.59056e-20
7.5849e-20
7.57776e-20
7.56914e-20
7.55905e-20
7.54749e-20
7.53448e-20
7.52001e-20
7.50409e-20
7.48674e-20
7.46797e-20
7.44778e-20
7.42619e-20
7.4032e-20
7.37884e-20
7.35312e-20
7.32604e-20
7.29764e-20
7.26792e-20
7.23689e-20
7.20459e-20
7.17102e-20
7.13621e-20
7.10017e-20
7.06292e-20
7.0245e-20
6.98491e-20
6.94417e-20
6.90233e-20
6.85938e-20
6.81537e-20
6.77031e-20
6.72422e-20
6.67714e-20
6.62909e-20
6.58009e-20
6.53017e-20
6.47935e-20
6.42767e-20
6.37515e-20
6.32182e-20
6.2677e-20
6.21282e-20
6.15722e-20
6.10091e-20
6.04394e-20
5.98632e-20
5.92808e-20
5.86926e-20
5.80988e-20
5.74997e-20
5.68956e-20
5.62868e-20
5.56736e-20
5.50562e-20
5.4435e-20
5.38103e-20
5.31822e-20
5.25512e-20
5.19174e-20
5.12812e-20
5.06429e-20
5.00027e-20
4.93608e-20
4.87177e-20
4.80734e-20
4.74284e-20
4.67828e-20
4.61369e-20
4.54911e-20
4.48454e-20
4.42002e-20
4.35557e-20
4.29122e-20
4.22699e-20
4.1629e-20
4.09898e-20
4.03524e-20
3.97172e-20
3.90842e-20
3.84538e-20
3.78261e-20
3.72013e-20
3.65796e-20
3.59613e-20
3.53464e-20
3.47352e-20
3.41279e-20
3.35245e-20
3.29254e-20
3.23306e-20
3.17402e-20
3.11546e-20
3.05737e-20
2.99977e-20
2.94267e-20
2.88609e-20
2.83005e-20
2.77454e-20
2.71958e-20
2.66519e-20
2.61137e-20
2.55812e-20
2.50547e-20
2.45342e-20
2.40197e-20
2.35114e-20
2.30093e-20
2.25134e-20
2.20239e-20
2.15407e-20
2.10639e-20
2.05937e-20
2.01299e-20
1.96726e-20
1.92219e-20
1.87778e-20
1.83403e-20
1.79095e-20
1.74852e-20
1.70676e-20
1.66567e-20
1.62524e-20
1.58547e-20
1.54637e-20
1.50793e-20
1.47015e-20
1.43303e-20
1.39656e-20
1.36075e-20
1.32559e-20
1.29107e-20
1.25721e-20
1.22398e-20
1.19139e-20
1.15943e-20
1.12809e-20
1.09739e-20
1.0673e-20
1.03782e-20
1.00895e-20
9.80676e-21
9.53002e-21
9.25918e-21
8.99417e-21
8.73493e-21
8.4814e-21
8.23351e-21
7.99119e-21
7.75437e-21
7.52299e-21
7.29696e-21
7.07623e-21
6.86071e-21
6.65034e-21
6.44504e-21
6.24474e-21
6.04936e-21
5.85883e-21
5.67307e-21
5.492e-21
5.31555e-21
5.14364e-21
4.97619e-21
4.81313e-21
4.65438e-21
4.49987e-21
4.34951e-21
4.20324e-21
4.06098e-21
3.92266e-21
3.78819e-21
3.6575e-21
3.53053e-21
3.40719e-21
3.2874e-21
3.17111e-21
3.05823e-21
2.94869e-21
2.84243e-21
2.73937e-21
2.63945e-21
2.5426e-21
2.44874e-21
2.3578e-21
2.26973e-21
2.18445e-21
2.1019e-21
2.02201e-21
1.94471e-21
1.86994e-21
1.79764e-21
1.72774e-21
1.66018e-21
1.5949e-21
1.53184e-21
1.47094e-21
1.41214e-21
1.35538e-21
1.30061e-21
1.24777e-21
1.1968e-21
1.14766e-21
1.10028e-21
1.05462e-21
1.01062e-21
9.68246e-22
9.27433e-22
8.8814e-22
8.50319e-22
8.13924e-22
7.78911e-22
7.45235e-22
7.12853e-22
6.81725e-22
6.51808e-22
6.23064e-22
5.95452e-22
5.68936e-22
5.43478e-22
5.19041e-22
4.95592e-22
4.73096e-22
4.51519e-22
4.3083e-22
4.10996e-22
3.91987e-22
3.73774e-22
3.56327e-22
3.39618e-22
3.2362e-22
3.08307e-22
2.93653e-22
2.79634e-22
2.66224e-22
2.53401e-22
2.41142e-22
2.29425e-22
2.18229e-22
2.07534e-22
1.97319e-22
1.87566e-22
1.78255e-22
1.6937e-22
1.60892e-22
1.52805e-22
1.45092e-22
1.37739e-22
1.3073e-22
1.24051e-22
1.17688e-22
1.11627e-22
1.05855e-22
1.0036e-22
9.51296e-23
9.01527e-23
8.54179e-23
8.09145e-23
7.66323e-23
7.25613e-23
6.8692e-23
6.50154e-23
6.15227e-23
5.82054e-23
5.50554e-23
5.20651e-23
4.9227e-23
4.6534e-23
4.39793e-23
4.15562e-23
3.92587e-23
3.70806e-23
3.50163e-23
3.30602e-23
3.1207e-23
2.94519e-23
2.77899e-23
2.62165e-23
2.47273e-23
2.3318e-23
2.19848e-23
2.07238e-23
1.95312e-23
1.84038e-23
1.73381e-23
1.6331e-23
1.53794e-23
1.44806e-23
1.36317e-23
1.28301e-23
1.20735e-23
1.13594e-23
1.06855e-23
1.00498e-23
9.45013e-24
8.88467e-24
8.35155e-24
7.84901e-24
7.37541e-24
6.92916e-24
6.50877e-24
6.11283e-24
5.73999e-24
5.38896e-24
5.05855e-24
4.74759e-24
4.45502e-24
4.17978e-24
3.9209e-24
3.67747e-24
3.4486e-24
3.23346e-24
3.03127e-24
2.84129e-24
2.66281e-24
2.49517e-24
2.33773e-24
2.18992e-24
2.05116e-24
1.92092e-24
1.79872e-24
1.68406e-24
1.57651e-24
1.47564e-24
1.38106e-24
1.2924e-24
1.20929e-24
1.13141e-24
1.05844e-24
9.90085e-25
9.26068e-25
8.66125e-25
8.10009e-25
7.57486e-25
7.08337e-25
6.62356e-25
6.1935e-25
5.79134e-25
5.41539e-25
5.06402e-25
4.73571e-25
4.42906e-25
4.14271e-25
3.87541e-25
3.62598e-25
3.39332e-25
3.17639e-25
2.97422e-25
2.78589e-25
2.61055e-25
2.4474e-25
2.2957e-25
2.15473e-25
2.02385e-25
1.90244e-25
1.78993e-25
1.68579e-25
1.58951e-25
1.50061e-25
1.41868e-25
1.34336e-25
1.2743e-25
1.21117e-25
1.15364e-25
1.10145e-25
1.05431e-25
1.01195e-25
9.74124e-26
9.40686e-26
9.11426e-26
8.86147e-26
8.64672e-26
8.46836e-26
8.32494e-26
8.21511e-26
8.13769e-26
8.09162e-26
8.07597e-26
8.08991e-26
8.13275e-26
8.2039e-26
8.30285e-26
8.42923e-26
8.58273e-26
8.76316e-26
8.9704e-26
9.20441e-26
9.46527e-26
9.7531e-26
1.00681e-25
1.04106e-25
1.0781e-25
1.11797e-25
1.16071e-25
1.20641e-25
1.2551e-25
1.30689e-25
1.36183e-25
