13262.1
7.29088e-20
7.28943e-20
7.284e-20
7.27716e-20
7.26899e-20
7.25951e-20
7.24873e-20
7.23666e-20
7.22331e-20
7.20869e-20
7.19282e-20
7.1757e-20
7.15733e-20
7.13774e-20
7.11692e-20
7.09489e-20
7.07167e-20
7.04725e-20
7.02165e-20
6.99489e-20
6.96699e-20
6.93794e-20
6.90778e-20
6.87651e-20
6.84416e-20
6.81073e-20
6.77625e-20
6.74072e-20
6.70418e-20
6.66664e-20
6.62812e-20
6.58864e-20
6.54821e-20
6.50686e-20
6.4646e-20
6.42147e-20
6.37748e-20
6.33264e-20
6.28699e-20
6.24055e-20
6.19334e-20
6.14537e-20
6.09668e-20
6.04728e-20
5.99721e-20
5.94648e-20
5.89512e-20
5.84314e-20
5.79058e-20
5.73746e-20
5.68381e-20
5.62963e-20
5.57498e-20
5.51985e-20
5.46429e-20
5.4083e-20
5.35193e-20
5.29519e-20
5.2381e-20
5.1807e-20
5.123e-20
5.06502e-20
5.0068e-20
4.94835e-20
4.8897e-20
4.83088e-20
4.7719e-20
4.71278e-20
4.65356e-20
4.59424e-20
4.53487e-20
4.47544e-20
4.416e-20
4.35656e-20
4.29714e-20
4.23776e-20
4.17844e-20
4.1192e-20
4.06006e-20
4.00105e-20
3.94218e-20
3.88347e-20
3.82493e-20
3.76659e-20
3.70846e-20
3.65057e-20
3.59292e-20
3.53553e-20
3.47843e-20
3.42162e-20
3.36512e-20
3.30895e-20
3.25311e-20
3.19764e-20
3.14253e-20
3.08779e-20
3.03346e-20
2.97953e-20
2.92601e-20
2.87293e-20
2.82028e-20
2.76808e-20
2.71635e-20
2.66508e-20
2.61429e-20
2.56399e-20
2.51419e-20
2.46489e-20
2.4161e-20
2.36783e-20
2.32008e-20
2.27287e-20
2.22619e-20
2.18006e-20
2.13447e-20
2.08943e-20
2.04495e-20
2.00103e-20
1.95767e-20
1.91488e-20
1.87266e-20
1.83101e-20
1.78993e-20
1.74943e-20
1.7095e-20
1.67015e-20
1.63138e-20
1.59319e-20
1.55557e-20
1.51853e-20
1.48207e-20
1.44619e-20
1.41087e-20
1.37614e-20
1.34197e-20
1.30837e-20
1.27534e-20
1.24287e-20
1.21097e-20
1.17962e-20
1.14883e-20
1.11859e-20
1.0889e-20
1.05976e-20
1.03115e-20
1.00308e-20
9.75544e-21
9.48533e-21
9.22045e-21
8.96074e-21
8.70616e-21
8.45665e-21
8.21216e-21
7.97264e-21
7.73804e-21
7.50831e-21
7.28341e-21
7.0633e-21
6.84791e-21
6.63721e-21
6.43114e-21
6.22964e-21
6.03266e-21
5.84014e-21
5.65203e-21
5.46827e-21
5.28881e-21
5.1136e-21
4.94259e-21
4.77572e-21
4.61297e-21
4.45428e-21
4.2996e-21
4.1489e-21
4.00212e-21
3.8592e-21
3.72009e-21
3.58474e-21
3.45308e-21
3.32507e-21
3.20066e-21
3.07981e-21
2.96249e-21
2.84864e-21
2.73821e-21
2.63116e-21
2.52742e-21
2.42694e-21
2.32966e-21
2.23553e-21
2.14447e-21
2.05643e-21
1.97135e-21
1.88916e-21
1.80979e-21
1.73319e-21
1.65928e-21
1.58801e-21
1.5193e-21
1.45309e-21
1.38932e-21
1.32791e-21
1.26881e-21
1.21196e-21
1.15728e-21
1.10472e-21
1.05421e-21
1.00569e-21
9.59101e-22
9.14386e-22
8.71483e-22
8.30334e-22
7.90884e-22
7.53075e-22
7.16853e-22
6.82164e-22
6.48956e-22
6.17176e-22
5.86775e-22
5.57704e-22
5.29914e-22
5.03358e-22
4.7799e-22
4.53767e-22
4.30644e-22
4.0858e-22
3.87532e-22
3.67462e-22
3.48331e-22
3.301e-22
3.12734e-22
2.96198e-22
2.80456e-22
2.65476e-22
2.51225e-22
2.37673e-22
2.2479e-22
2.12547e-22
2.00915e-22
1.89868e-22
1.7938e-22
1.69426e-22
1.59981e-22
1.51023e-22
1.42529e-22
1.34477e-22
1.26847e-22
1.19619e-22
1.12774e-22
1.06293e-22
1.0016e-22
9.4357e-23
8.8868e-23
8.36776e-23
7.87711e-23
7.41342e-23
6.97535e-23
6.56159e-23
6.17092e-23
5.80214e-23
5.45413e-23
5.12581e-23
4.81616e-23
4.52418e-23
4.24896e-23
3.98959e-23
3.74523e-23
3.51507e-23
3.29835e-23
3.09433e-23
2.90232e-23
2.72165e-23
2.5517e-23
2.39188e-23
2.24162e-23
2.10037e-23
1.96764e-23
1.84294e-23
1.72581e-23
1.61581e-23
1.51255e-23
1.41562e-23
1.32466e-23
1.23932e-23
1.15927e-23
1.08421e-23
1.01382e-23
9.4785e-24
8.8602e-24
8.28085e-24
7.73813e-24
7.22981e-24
6.75381e-24
6.30817e-24
5.89103e-24
5.50064e-24
5.13535e-24
4.79363e-24
4.474e-24
4.17509e-24
3.89561e-24
3.63435e-24
3.39015e-24
3.16194e-24
2.94871e-24
2.74952e-24
2.56346e-24
2.3897e-24
2.22745e-24
2.07597e-24
1.93457e-24
1.8026e-24
1.67945e-24
1.56454e-24
1.45734e-24
1.35734e-24
1.26408e-24
1.17711e-24
1.09601e-24
1.02041e-24
9.49936e-25
8.84249e-25
8.23032e-25
7.65988e-25
7.12838e-25
6.63322e-25
6.17198e-25
5.74236e-25
5.34226e-25
4.96968e-25
4.62276e-25
4.29977e-25
3.99908e-25
3.71919e-25
3.45869e-25
3.21624e-25
2.99063e-25
2.78069e-25
2.58536e-25
2.40365e-25
2.2346e-25
2.07736e-25
1.93111e-25
1.7951e-25
1.66861e-25
1.55099e-25
1.44163e-25
1.33996e-25
1.24545e-25
1.15759e-25
1.07592e-25
1.00002e-25
9.2949e-26
8.63949e-26
8.03053e-26
7.46479e-26
6.93926e-26
6.45114e-26
5.99783e-26
5.57691e-26
5.18609e-26
4.82326e-26
4.48653e-26
4.1742e-26
3.88467e-26
3.61642e-26
3.36801e-26
3.13819e-26
2.92567e-26
2.72928e-26
2.54791e-26
2.38076e-26
2.22689e-26
2.08542e-26
1.95552e-26
1.83645e-26
1.7275e-26
1.62805e-26
1.53749e-26
1.45528e-26
1.38093e-26
1.31398e-26
1.25402e-26
1.20067e-26
1.15359e-26
1.11246e-26
1.07702e-26
1.047e-26
1.02219e-26
1.0024e-26
9.87451e-27
9.77209e-27
9.71551e-27
9.7038e-27
9.7362e-27
9.81218e-27
9.93143e-27
1.00938e-26
1.02994e-26
1.05485e-26
1.08416e-26
