13262.1
7.52829e-20
7.5277e-20
7.52464e-20
7.52016e-20
7.51422e-20
7.50685e-20
7.49803e-20
7.48777e-20
7.47608e-20
7.46297e-20
7.44844e-20
7.4325e-20
7.41517e-20
7.39644e-20
7.37633e-20
7.35486e-20
7.33203e-20
7.30786e-20
7.28236e-20
7.25554e-20
7.22743e-20
7.19803e-20
7.16736e-20
7.13544e-20
7.10229e-20
7.06793e-20
7.03237e-20
6.99564e-20
6.95775e-20
6.91873e-20
6.8786e-20
6.83737e-20
6.79508e-20
6.75174e-20
6.70738e-20
6.66203e-20
6.61569e-20
6.56841e-20
6.52021e-20
6.47111e-20
6.42113e-20
6.3703e-20
6.31866e-20
6.26622e-20
6.21301e-20
6.15906e-20
6.1044e-20
6.04905e-20
5.99305e-20
5.93641e-20
5.87917e-20
5.82135e-20
5.76299e-20
5.70411e-20
5.64473e-20
5.5849e-20
5.52462e-20
5.46394e-20
5.40288e-20
5.34146e-20
5.27972e-20
5.21769e-20
5.15538e-20
5.09283e-20
5.03006e-20
4.96711e-20
4.90399e-20
4.84074e-20
4.77738e-20
4.71393e-20
4.65042e-20
4.58688e-20
4.52333e-20
4.45979e-20
4.3963e-20
4.33286e-20
4.26952e-20
4.20628e-20
4.14318e-20
4.08023e-20
4.01746e-20
3.95488e-20
3.89253e-20
3.83041e-20
3.76855e-20
3.70697e-20
3.64569e-20
3.58472e-20
3.52409e-20
3.46381e-20
3.4039e-20
3.34437e-20
3.28525e-20
3.22654e-20
3.16826e-20
3.11043e-20
3.05306e-20
2.99616e-20
2.93975e-20
2.88384e-20
2.82844e-20
2.77356e-20
2.71921e-20
2.66541e-20
2.61216e-20
2.55948e-20
2.50736e-20
2.45582e-20
2.40488e-20
2.35452e-20
2.30477e-20
2.25562e-20
2.20709e-20
2.15918e-20
2.11189e-20
2.06522e-20
2.01919e-20
1.9738e-20
1.92904e-20
1.88493e-20
1.84146e-20
1.79863e-20
1.75645e-20
1.71492e-20
1.67403e-20
1.63379e-20
1.5942e-20
1.55526e-20
1.51697e-20
1.47931e-20
1.44231e-20
1.40594e-20
1.37021e-20
1.33512e-20
1.30067e-20
1.26684e-20
1.23364e-20
1.20107e-20
1.16911e-20
1.13777e-20
1.10704e-20
1.07692e-20
1.0474e-20
1.01847e-20
9.90135e-21
9.62385e-21
9.35215e-21
9.08618e-21
8.82589e-21
8.57121e-21
8.32209e-21
8.07845e-21
7.84023e-21
7.60736e-21
7.37979e-21
7.15743e-21
6.94023e-21
6.72811e-21
6.521e-21
6.31885e-21
6.12156e-21
5.92908e-21
5.74132e-21
5.55822e-21
5.37971e-21
5.2057e-21
5.03613e-21
4.87093e-21
4.71001e-21
4.55332e-21
4.40078e-21
4.25232e-21
4.10787e-21
3.96736e-21
3.83072e-21
3.69787e-21
3.56875e-21
3.44327e-21
3.32138e-21
3.203e-21
3.08807e-21
2.97651e-21
2.86827e-21
2.76327e-21
2.66146e-21
2.56275e-21
2.46709e-21
2.37442e-21
2.28465e-21
2.19774e-21
2.1136e-21
2.03219e-21
1.95342e-21
1.87724e-21
1.80359e-21
1.7324e-21
1.66361e-21
1.59715e-21
1.53298e-21
1.47101e-21
1.41121e-21
1.3535e-21
1.29783e-21
1.24415e-21
1.19239e-21
1.1425e-21
1.09444e-21
1.04813e-21
1.00354e-21
9.60614e-22
9.19296e-22
8.7954e-22
8.41298e-22
8.04521e-22
7.69164e-22
7.35182e-22
7.02529e-22
6.71163e-22
6.41042e-22
6.12123e-22
5.84367e-22
5.57734e-22
5.32186e-22
5.07686e-22
4.84196e-22
4.61682e-22
4.40108e-22
4.19441e-22
3.99649e-22
3.807e-22
3.62562e-22
3.45205e-22
3.28601e-22
3.12721e-22
2.97538e-22
2.83025e-22
2.69156e-22
2.55906e-22
2.43251e-22
2.31167e-22
2.19632e-22
2.08624e-22
1.98121e-22
1.88103e-22
1.78551e-22
1.69444e-22
1.60764e-22
1.52494e-22
1.44616e-22
1.37114e-22
1.29971e-22
1.23173e-22
1.16703e-22
1.10549e-22
1.04695e-22
9.91294e-23
9.38385e-23
8.88103e-23
8.40329e-23
7.9495e-23
7.51856e-23
7.10943e-23
6.72109e-23
6.3526e-23
6.00301e-23
5.67145e-23
5.35705e-23
5.05901e-23
4.77654e-23
4.50889e-23
4.25535e-23
4.01523e-23
3.78788e-23
3.57267e-23
3.369e-23
3.17629e-23
2.994e-23
2.8216e-23
2.65861e-23
2.50453e-23
2.35892e-23
2.22133e-23
2.09137e-23
1.96863e-23
1.85274e-23
1.74334e-23
1.64009e-23
1.54267e-23
1.45076e-23
1.36408e-23
1.28235e-23
1.20529e-23
1.13266e-23
1.06421e-23
9.99725e-24
9.38982e-24
8.81777e-24
8.27914e-24
7.77208e-24
7.29484e-24
6.84576e-24
6.42326e-24
6.02584e-24
5.65209e-24
5.30067e-24
4.97031e-24
4.6598e-24
4.36801e-24
4.09385e-24
3.83632e-24
3.59445e-24
3.36732e-24
3.15409e-24
2.95392e-24
2.76607e-24
2.58979e-24
2.42441e-24
2.26928e-24
2.12379e-24
1.98736e-24
1.85945e-24
1.73955e-24
1.62718e-24
1.52188e-24
1.42322e-24
1.3308e-24
1.24424e-24
1.16318e-24
1.08728e-24
1.01623e-24
9.49728e-25
8.8749e-25
8.29255e-25
7.74773e-25
7.23812e-25
6.76151e-25
6.31584e-25
5.89917e-25
5.50969e-25
5.14568e-25
4.80554e-25
4.48775e-25
4.19092e-25
3.9137e-25
3.65485e-25
3.41322e-25
3.18769e-25
2.97726e-25
2.78094e-25
2.59786e-25
2.42715e-25
2.26804e-25
2.11979e-25
1.98169e-25
1.85311e-25
1.73344e-25
1.62211e-25
1.5186e-25
1.42241e-25
1.33308e-25
1.25018e-25
1.17329e-25
1.10206e-25
1.03617e-25
9.75324e-26
9.19233e-26
8.67616e-26
8.2024e-26
7.76856e-26
7.37228e-26
7.01141e-26
6.68462e-26
6.39007e-26
6.12602e-26
5.89086e-26
5.68314e-26
5.5015e-26
5.34474e-26
5.21172e-26
5.10145e-26
5.01302e-26
4.94562e-26
4.89853e-26
4.87111e-26
4.8628e-26
4.87313e-26
4.90169e-26
4.94817e-26
5.01228e-26
5.09385e-26
5.19274e-26
5.30887e-26
5.44225e-26
5.59291e-26
5.76098e-26
5.9466e-26
6.15001e-26
6.37148e-26
6.61133e-26
6.86995e-26
7.14778e-26
