13262.1
7.20453e-20
7.2021e-20
7.19394e-20
7.18432e-20
7.17342e-20
7.16129e-20
7.14797e-20
7.13345e-20
7.11776e-20
7.10091e-20
7.08291e-20
7.06377e-20
7.04351e-20
7.02213e-20
6.99963e-20
6.97604e-20
6.95135e-20
6.92558e-20
6.89874e-20
6.87085e-20
6.84192e-20
6.81196e-20
6.78098e-20
6.74901e-20
6.71605e-20
6.68213e-20
6.64725e-20
6.61144e-20
6.5747e-20
6.53707e-20
6.49855e-20
6.45916e-20
6.41893e-20
6.37787e-20
6.336e-20
6.29333e-20
6.2499e-20
6.20571e-20
6.16079e-20
6.11516e-20
6.06884e-20
6.02185e-20
5.97421e-20
5.92594e-20
5.87706e-20
5.82759e-20
5.77756e-20
5.72699e-20
5.6759e-20
5.6243e-20
5.57223e-20
5.5197e-20
5.46674e-20
5.41336e-20
5.3596e-20
5.30546e-20
5.25098e-20
5.19617e-20
5.14105e-20
5.08566e-20
5.03e-20
4.97411e-20
4.91799e-20
4.86168e-20
4.80519e-20
4.74855e-20
4.69177e-20
4.63488e-20
4.5779e-20
4.52084e-20
4.46373e-20
4.40658e-20
4.34942e-20
4.29227e-20
4.23513e-20
4.17804e-20
4.12102e-20
4.06407e-20
4.00721e-20
3.95047e-20
3.89386e-20
3.8374e-20
3.78111e-20
3.72499e-20
3.66908e-20
3.61337e-20
3.55789e-20
3.50266e-20
3.44768e-20
3.39297e-20
3.33855e-20
3.28443e-20
3.23061e-20
3.17712e-20
3.12397e-20
3.07117e-20
3.01872e-20
2.96665e-20
2.91496e-20
2.86365e-20
2.81276e-20
2.76227e-20
2.7122e-20
2.66256e-20
2.61337e-20
2.56461e-20
2.51631e-20
2.46847e-20
2.4211e-20
2.37421e-20
2.32779e-20
2.28186e-20
2.23643e-20
2.19149e-20
2.14705e-20
2.10312e-20
2.05969e-20
2.01679e-20
1.9744e-20
1.93253e-20
1.89118e-20
1.85036e-20
1.81006e-20
1.7703e-20
1.73106e-20
1.69236e-20
1.65419e-20
1.61655e-20
1.57945e-20
1.54288e-20
1.50684e-20
1.47133e-20
1.43636e-20
1.40191e-20
1.368e-20
1.33461e-20
1.30175e-20
1.26942e-20
1.2376e-20
1.20631e-20
1.17553e-20
1.14526e-20
1.11551e-20
1.08626e-20
1.05752e-20
1.02928e-20
1.00153e-20
9.7428e-21
9.47517e-21
9.21239e-21
8.95441e-21
8.7012e-21
8.45269e-21
8.20886e-21
7.96967e-21
7.73508e-21
7.50507e-21
7.2796e-21
7.05865e-21
6.84218e-21
6.63014e-21
6.42249e-21
6.2192e-21
6.02021e-21
5.82549e-21
5.635e-21
5.4487e-21
5.26655e-21
5.08851e-21
4.91456e-21
4.74469e-21
4.57887e-21
4.41708e-21
4.25929e-21
4.10546e-21
3.95555e-21
3.80953e-21
3.66734e-21
3.52893e-21
3.39427e-21
3.26335e-21
3.13615e-21
3.01263e-21
2.89278e-21
2.77654e-21
2.66388e-21
2.55476e-21
2.44911e-21
2.3469e-21
2.24806e-21
2.15253e-21
2.06025e-21
1.97117e-21
1.8852e-21
1.8023e-21
1.72238e-21
1.64539e-21
1.57124e-21
1.49987e-21
1.43122e-21
1.3652e-21
1.30174e-21
1.24078e-21
1.18225e-21
1.12607e-21
1.07217e-21
1.02049e-21
9.70949e-22
9.23488e-22
8.78038e-22
8.34532e-22
7.92905e-22
7.53093e-22
7.15034e-22
6.78664e-22
6.43925e-22
6.10756e-22
5.791e-22
5.489e-22
5.20101e-22
4.92649e-22
4.66492e-22
4.41578e-22
4.17858e-22
3.95284e-22
3.73808e-22
3.53385e-22
3.33972e-22
3.15524e-22
2.98001e-22
2.81363e-22
2.65571e-22
2.50587e-22
2.36375e-22
2.22902e-22
2.10132e-22
1.98033e-22
1.86575e-22
1.75728e-22
1.65462e-22
1.55749e-22
1.46564e-22
1.3788e-22
1.29673e-22
1.2192e-22
1.14597e-22
1.07684e-22
1.01159e-22
9.50033e-23
8.91972e-23
8.37229e-23
7.85631e-23
7.37013e-23
6.91217e-23
6.48094e-23
6.075e-23
5.69299e-23
5.33361e-23
4.99562e-23
4.67785e-23
4.37918e-23
4.09855e-23
3.83493e-23
3.58739e-23
3.35499e-23
3.13689e-23
2.93226e-23
2.74032e-23
2.56034e-23
2.39161e-23
2.23349e-23
2.08533e-23
1.94657e-23
1.81662e-23
1.69497e-23
1.58112e-23
1.47459e-23
1.37494e-23
1.28174e-23
1.19461e-23
1.11317e-23
1.03707e-23
9.65968e-24
8.99559e-24
8.37548e-24
7.79656e-24
7.25623e-24
6.75203e-24
6.28167e-24
5.84296e-24
5.43388e-24
5.0525e-24
4.69703e-24
4.36579e-24
4.05718e-24
3.76972e-24
3.50203e-24
3.25279e-24
3.02078e-24
2.80485e-24
2.60394e-24
2.41702e-24
2.24317e-24
2.08149e-24
1.93117e-24
1.79144e-24
1.66156e-24
1.54088e-24
1.42876e-24
1.3246e-24
1.22787e-24
1.13805e-24
1.05465e-24
9.77241e-25
9.05393e-25
8.38721e-25
7.76862e-25
7.19477e-25
6.66251e-25
6.1689e-25
5.71121e-25
5.28688e-25
4.89354e-25
4.52898e-25
4.19114e-25
3.8781e-25
3.58809e-25
3.31944e-25
3.07062e-25
2.84019e-25
2.62681e-25
2.42926e-25
2.24638e-25
2.07709e-25
1.92041e-25
1.77542e-25
1.64125e-25
1.51712e-25
1.40228e-25
1.29605e-25
1.19779e-25
1.10692e-25
1.02289e-25
9.45184e-26
8.73342e-26
8.06923e-26
7.45525e-26
6.88772e-26
6.36318e-26
5.87841e-26
5.43043e-26
5.01649e-26
4.63403e-26
4.28068e-26
3.95426e-26
3.65273e-26
3.37422e-26
3.117e-26
2.87946e-26
2.66011e-26
2.45757e-26
2.27056e-26
2.09792e-26
1.93861e-26
1.79165e-26
1.65615e-26
1.53123e-26
1.41614e-26
1.31015e-26
1.21257e-26
1.12276e-26
1.04023e-26
9.64437e-27
8.94882e-27
8.31107e-27
7.7269e-27
7.19242e-27
6.70405e-27
6.25853e-27
5.85285e-27
5.48427e-27
5.15027e-27
4.84857e-27
4.57708e-27
4.33391e-27
4.11734e-27
3.92582e-27
3.75798e-27
3.61256e-27
3.48847e-27
3.38475e-27
3.30055e-27
3.23516e-27
3.18796e-27
3.15848e-27
3.14631e-27
3.15118e-27
3.17291e-27
3.21143e-27
3.26674e-27
3.33897e-27
