16242.6
4.19598e-20
4.19493e-20
4.19117e-20
4.18653e-20
4.1811e-20
4.17487e-20
4.16787e-20
4.16011e-20
4.15158e-20
4.14231e-20
4.13228e-20
4.12152e-20
4.11001e-20
4.09778e-20
4.08482e-20
4.07114e-20
4.05674e-20
4.04165e-20
4.02586e-20
4.00938e-20
3.99223e-20
3.97441e-20
3.95592e-20
3.93679e-20
3.91702e-20
3.89662e-20
3.8756e-20
3.85398e-20
3.83176e-20
3.80896e-20
3.78559e-20
3.76165e-20
3.73718e-20
3.71216e-20
3.68663e-20
3.66058e-20
3.63404e-20
3.60702e-20
3.57954e-20
3.55159e-20
3.52321e-20
3.4944e-20
3.46518e-20
3.43556e-20
3.40556e-20
3.37519e-20
3.34447e-20
3.3134e-20
3.28201e-20
3.25031e-20
3.21831e-20
3.18604e-20
3.15349e-20
3.1207e-20
3.08767e-20
3.05442e-20
3.02096e-20
2.9873e-20
2.95347e-20
2.91948e-20
2.88533e-20
2.85105e-20
2.81665e-20
2.78215e-20
2.74755e-20
2.71287e-20
2.67813e-20
2.64334e-20
2.60851e-20
2.57366e-20
2.53879e-20
2.50393e-20
2.46908e-20
2.43425e-20
2.39947e-20
2.36474e-20
2.33007e-20
2.29548e-20
2.26097e-20
2.22656e-20
2.19226e-20
2.15809e-20
2.12404e-20
2.09013e-20
2.05638e-20
2.02278e-20
1.98936e-20
1.95612e-20
1.92306e-20
1.89021e-20
1.85756e-20
1.82512e-20
1.79291e-20
1.76093e-20
1.72919e-20
1.69769e-20
1.66645e-20
1.63546e-20
1.60474e-20
1.57429e-20
1.54412e-20
1.51423e-20
1.48463e-20
1.45533e-20
1.42632e-20
1.39762e-20
1.36922e-20
1.34114e-20
1.31337e-20
1.28592e-20
1.25879e-20
1.23198e-20
1.20551e-20
1.17936e-20
1.15355e-20
1.12807e-20
1.10292e-20
1.07812e-20
1.05365e-20
1.02953e-20
1.00575e-20
9.82305e-21
9.59207e-21
9.36453e-21
9.14041e-21
8.91973e-21
8.70249e-21
8.48867e-21
8.27829e-21
8.07133e-21
7.8678e-21
7.66768e-21
7.47097e-21
7.27765e-21
7.08771e-21
6.90114e-21
6.71792e-21
6.53804e-21
6.3615e-21
6.18827e-21
6.01834e-21
5.8517e-21
5.68833e-21
5.52821e-21
5.37132e-21
5.21764e-21
5.06714e-21
4.9198e-21
4.77562e-21
4.63456e-21
4.49661e-21
4.36175e-21
4.22994e-21
4.10116e-21
3.97538e-21
3.85258e-21
3.73271e-21
3.61574e-21
3.50163e-21
3.39036e-21
3.28188e-21
3.17616e-21
3.07315e-21
2.97281e-21
2.87511e-21
2.78e-21
2.68744e-21
2.59739e-21
2.5098e-21
2.42464e-21
2.34185e-21
2.26139e-21
2.18323e-21
2.10731e-21
2.03359e-21
1.96203e-21
1.89258e-21
1.82519e-21
1.75984e-21
1.69646e-21
1.63502e-21
1.57547e-21
1.51778e-21
1.46189e-21
1.40776e-21
1.35536e-21
1.30464e-21
1.25556e-21
1.20808e-21
1.16216e-21
1.11776e-21
1.07483e-21
1.03335e-21
9.93267e-22
9.54549e-22
9.17159e-22
8.81059e-22
8.46213e-22
8.12587e-22
7.80144e-22
7.48852e-22
7.18676e-22
6.89584e-22
6.61544e-22
6.34522e-22
6.0849e-22
5.83416e-22
5.59271e-22
5.36025e-22
5.13651e-22
4.9212e-22
4.71405e-22
4.51481e-22
4.3232e-22
4.13898e-22
3.96191e-22
3.79173e-22
3.62823e-22
3.47117e-22
3.32032e-22
3.17549e-22
3.03645e-22
2.903e-22
2.77494e-22
2.65208e-22
2.53424e-22
2.42123e-22
2.31288e-22
2.20901e-22
2.10947e-22
2.01408e-22
1.92269e-22
1.83516e-22
1.75134e-22
1.67108e-22
1.59424e-22
1.5207e-22
1.45034e-22
1.38301e-22
1.31861e-22
1.25701e-22
1.19812e-22
1.14181e-22
1.08798e-22
1.03654e-22
9.87393e-23
9.40435e-23
8.9558e-23
8.52743e-23
8.11839e-23
7.72787e-23
7.3551e-23
6.99934e-23
6.65986e-23
6.33597e-23
6.02701e-23
5.73233e-23
5.45132e-23
5.18339e-23
4.92797e-23
4.68452e-23
4.4525e-23
4.23142e-23
4.02079e-23
3.82016e-23
3.62906e-23
3.44708e-23
3.27382e-23
3.10886e-23
2.95185e-23
2.80241e-23
2.66021e-23
2.52491e-23
2.39619e-23
2.27376e-23
2.15732e-23
2.04659e-23
1.94131e-23
1.84122e-23
1.74608e-23
1.65566e-23
1.56974e-23
1.4881e-23
1.41053e-23
1.33686e-23
1.26688e-23
1.20042e-23
1.13732e-23
1.07741e-23
1.02053e-23
9.66546e-24
9.15311e-24
8.66692e-24
8.20561e-24
7.76797e-24
7.35281e-24
6.95905e-24
6.58563e-24
6.23153e-24
5.8958e-24
5.57752e-24
5.27582e-24
4.98987e-24
4.71889e-24
4.46212e-24
4.21884e-24
3.98838e-24
3.77008e-24
3.56332e-24
3.36752e-24
3.18213e-24
3.0066e-24
2.84043e-24
2.68314e-24
2.53428e-24
2.39341e-24
2.26011e-24
2.134e-24
2.0147e-24
1.90185e-24
1.79513e-24
1.6942e-24
1.59877e-24
1.50855e-24
1.42326e-24
1.34264e-24
1.26645e-24
1.19445e-24
1.12642e-24
1.06215e-24
1.00144e-24
9.4409e-25
8.89934e-25
8.38794e-25
7.9051e-25
7.44927e-25
7.019e-25
6.61292e-25
6.2297e-25
5.86812e-25
5.527e-25
5.20523e-25
4.90174e-25
4.61556e-25
4.34572e-25
4.09133e-25
3.85156e-25
3.62559e-25
3.41266e-25
3.21207e-25
3.02313e-25
2.8452e-25
2.67768e-25
2.51998e-25
2.37157e-25
2.23193e-25
2.10058e-25
1.97707e-25
1.86096e-25
1.75184e-25
1.64933e-25
1.55306e-25
1.4627e-25
1.37793e-25
1.29843e-25
1.22392e-25
1.15414e-25
1.08883e-25
1.02776e-25
9.70689e-26
9.17424e-26
8.67764e-26
8.21525e-26
7.78535e-26
7.38633e-26
7.01675e-26
6.67543e-26
6.36138e-26
6.07337e-26
5.81045e-26
5.57153e-26
5.35586e-26
5.16264e-26
4.99103e-26
4.84024e-26
4.7096e-26
4.59846e-26
4.50629e-26
4.43261e-26
4.37699e-26
4.33909e-26
4.31863e-26
4.31537e-26
4.32915e-26
4.35986e-26
4.40747e-26
4.47197e-26
4.55344e-26
4.65199e-26
4.76781e-26
4.90114e-26
