7.5
1e+16
5e+18
16242.6
4.9155e-20
4.9044e-20
4.87213e-20
4.83812e-20
4.80345e-20
4.76844e-20
4.7332e-20
4.69781e-20
4.66232e-20
4.62677e-20
4.59117e-20
4.5555e-20
4.51977e-20
4.48397e-20
4.44809e-20
4.41213e-20
4.37611e-20
4.34002e-20
4.30387e-20
4.26766e-20
4.23139e-20
4.19507e-20
4.1587e-20
4.12228e-20
4.08582e-20
4.04933e-20
4.0128e-20
3.97625e-20
3.93967e-20
3.90307e-20
3.86645e-20
3.82983e-20
3.7932e-20
3.75657e-20
3.71994e-20
3.68331e-20
3.6467e-20
3.61011e-20
3.57354e-20
3.53699e-20
3.50047e-20
3.46399e-20
3.42755e-20
3.39116e-20
3.35481e-20
3.31852e-20
3.28228e-20
3.24611e-20
3.21001e-20
3.17398e-20
3.13803e-20
3.10216e-20
3.06637e-20
3.03068e-20
2.99509e-20
2.95959e-20
2.9242e-20
2.88892e-20
2.85375e-20
2.8187e-20
2.78378e-20
2.74898e-20
2.71431e-20
2.67978e-20
2.64538e-20
2.61113e-20
2.57703e-20
2.54308e-20
2.50929e-20
2.47565e-20
2.44218e-20
2.40887e-20
2.37574e-20
2.34277e-20
2.30999e-20
2.27739e-20
2.24497e-20
2.21273e-20
2.18069e-20
2.14884e-20
2.11719e-20
2.08573e-20
2.05448e-20
2.02343e-20
1.99259e-20
1.96196e-20
1.93154e-20
1.90133e-20
1.87134e-20
1.84157e-20
1.81202e-20
1.78269e-20
1.75358e-20
1.7247e-20
1.69605e-20
1.66762e-20
1.63943e-20
1.61146e-20
1.58373e-20
1.55623e-20
1.52897e-20
1.50194e-20
1.47515e-20
1.4486e-20
1.42228e-20
1.39621e-20
1.37037e-20
1.34476e-20
1.3194e-20
1.29428e-20
1.2694e-20
1.24476e-20
1.22035e-20
1.19619e-20
1.17226e-20
1.14858e-20
1.12513e-20
1.10192e-20
1.07894e-20
1.05621e-20
1.03371e-20
1.01144e-20
9.8941e-21
9.67612e-21
9.46046e-21
9.24712e-21
9.0361e-21
8.82743e-21
8.62112e-21
8.41719e-21
8.21565e-21
8.01652e-21
7.8198e-21
7.62549e-21
7.43361e-21
7.24417e-21
7.05719e-21
6.87268e-21
6.6907e-21
6.51129e-21
6.33449e-21
6.16036e-21
5.98893e-21
5.82023e-21
5.65428e-21
5.4911e-21
5.3307e-21
5.17314e-21
5.0185e-21
4.86683e-21
4.71818e-21
4.57257e-21
4.43005e-21
4.29061e-21
4.15429e-21
4.02108e-21
3.89098e-21
3.76399e-21
3.64009e-21
3.51926e-21
3.4015e-21
3.28676e-21
3.17503e-21
3.06628e-21
2.96046e-21
2.85754e-21
2.75749e-21
2.66026e-21
2.56582e-21
2.4741e-21
2.38508e-21
2.29869e-21
2.21491e-21
2.13366e-21
2.05491e-21
1.97861e-21
1.90469e-21
1.83312e-21
1.76384e-21
1.6968e-21
1.63194e-21
1.56922e-21
1.50858e-21
1.44997e-21
1.39334e-21
1.33864e-21
1.28582e-21
1.23483e-21
1.18561e-21
1.13813e-21
1.09233e-21
1.04816e-21
1.00559e-21
9.64549e-22
9.25008e-22
8.86918e-22
8.50236e-22
8.14917e-22
7.80921e-22
7.48205e-22
7.16729e-22
6.86454e-22
6.57339e-22
6.29349e-22
6.02444e-22
5.7659e-22
5.5175e-22
5.2789e-22
5.04977e-22
4.82978e-22
4.61862e-22
4.41596e-22
4.22151e-22
4.03497e-22
3.85606e-22
3.68451e-22
3.52004e-22
3.3624e-22
3.21132e-22
3.06657e-22
2.92791e-22
2.7951e-22
2.66793e-22
2.54617e-22
2.42962e-22
2.31807e-22
2.21134e-22
2.10922e-22
2.01155e-22
1.91813e-22
1.82881e-22
1.74341e-22
1.66178e-22
1.58376e-22
1.50922e-22
1.43799e-22
1.36996e-22
1.30497e-22
1.24292e-22
1.18367e-22
1.12711e-22
1.07312e-22
1.0216e-22
9.72433e-23
9.25527e-23
8.80781e-23
8.38102e-23
7.97402e-23
7.58593e-23
7.21593e-23
6.86323e-23
6.52705e-23
6.20668e-23
5.90141e-23
5.61057e-23
5.3335e-23
5.0696e-23
4.81827e-23
4.57894e-23
4.35106e-23
4.13412e-23
3.92761e-23
3.73106e-23
3.54402e-23
3.36603e-23
3.19668e-23
3.03558e-23
2.88233e-23
2.73657e-23
2.59796e-23
2.46615e-23
2.34082e-23
2.22167e-23
2.10841e-23
2.00075e-23
1.89844e-23
1.80121e-23
1.70882e-23
1.62104e-23
1.53765e-23
1.45843e-23
1.38319e-23
1.31173e-23
1.24387e-23
1.17943e-23
1.11825e-23
1.06016e-23
1.00502e-23
9.52679e-24
9.03001e-24
8.55855e-24
8.11115e-24
7.68662e-24
7.28382e-24
6.90168e-24
6.53917e-24
6.1953e-24
5.86914e-24
5.55981e-24
5.26645e-24
4.98828e-24
4.72451e-24
4.47443e-24
4.23734e-24
4.01258e-24
3.79953e-24
3.59759e-24
3.4062e-24
3.22481e-24
3.05293e-24
2.89005e-24
2.73572e-24
2.5895e-24
2.45098e-24
2.31975e-24
2.19544e-24
2.0777e-24
1.96618e-24
1.86056e-24
1.76053e-24
1.66581e-24
1.57612e-24
1.4912e-24
1.4108e-24
1.33467e-24
1.26261e-24
1.19439e-24
1.12982e-24
1.0687e-24
1.01086e-24
9.56109e-25
9.04299e-25
8.55271e-25
8.08878e-25
7.64982e-25
7.2345e-25
6.84157e-25
6.46985e-25
6.11821e-25
5.78558e-25
5.47096e-25
5.1734e-25
4.89198e-25
4.62584e-25
4.37418e-25
4.13621e-25
3.91122e-25
3.69851e-25
3.49742e-25
3.30734e-25
3.12768e-25
2.95789e-25
2.79743e-25
2.64581e-25
2.50256e-25
2.36724e-25
2.23942e-25
2.1187e-25
2.00471e-25
1.89709e-25
1.7955e-25
1.69963e-25
1.60917e-25
1.52385e-25
1.44339e-25
1.36753e-25
1.29605e-25
1.22871e-25
1.1653e-25
1.10563e-25
1.0495e-25
9.96733e-26
9.4717e-26
9.00649e-26
8.57023e-26
8.16163e-26
7.77967e-26
7.42354e-26
7.09209e-26
6.78446e-26
6.49959e-26
6.23682e-26
5.99538e-26
5.7744e-26
5.57308e-26
5.39069e-26
5.22654e-26
5.08004e-26
4.95061e-26
4.83778e-26
4.74109e-26
4.66017e-26
4.59467e-26
4.54432e-26
4.50888e-26
4.48816e-26
4.48205e-26
4.49044e-26
4.5133e-26
4.55065e-26
4.60253e-26
