2.5
5e+16
5e+18
9377.69
2.1389e-19
2.1388e-19
2.13812e-19
2.13704e-19
2.13554e-19
2.13363e-19
2.1313e-19
2.12856e-19
2.1254e-19
2.12183e-19
2.11784e-19
2.11345e-19
2.10866e-19
2.10346e-19
2.09786e-19
2.09187e-19
2.08548e-19
2.0787e-19
2.07154e-19
2.06399e-19
2.05607e-19
2.04778e-19
2.03912e-19
2.03009e-19
2.02071e-19
2.01097e-19
2.00089e-19
1.99047e-19
1.97971e-19
1.96863e-19
1.95722e-19
1.94549e-19
1.93345e-19
1.92111e-19
1.90847e-19
1.89555e-19
1.88234e-19
1.86885e-19
1.8551e-19
1.84108e-19
1.82681e-19
1.8123e-19
1.79754e-19
1.78256e-19
1.76735e-19
1.75193e-19
1.7363e-19
1.72047e-19
1.70445e-19
1.68825e-19
1.67187e-19
1.65533e-19
1.63863e-19
1.62177e-19
1.60477e-19
1.58764e-19
1.57039e-19
1.55301e-19
1.53553e-19
1.51794e-19
1.50026e-19
1.48249e-19
1.46464e-19
1.44673e-19
1.42875e-19
1.41072e-19
1.39264e-19
1.37453e-19
1.35638e-19
1.33821e-19
1.32002e-19
1.30182e-19
1.28362e-19
1.26543e-19
1.24724e-19
1.22908e-19
1.21094e-19
1.19284e-19
1.17478e-19
1.15676e-19
1.13879e-19
1.12088e-19
1.10304e-19
1.08526e-19
1.06757e-19
1.04995e-19
1.03242e-19
1.01498e-19
9.97647e-20
9.80412e-20
9.63285e-20
9.46271e-20
9.29374e-20
9.12599e-20
8.9595e-20
8.79432e-20
8.63048e-20
8.46802e-20
8.30699e-20
8.14741e-20
7.98932e-20
7.83276e-20
7.67775e-20
7.52432e-20
7.3725e-20
7.22233e-20
7.07382e-20
6.92699e-20
6.78188e-20
6.63849e-20
6.49686e-20
6.35699e-20
6.21891e-20
6.08262e-20
5.94815e-20
5.8155e-20
5.68469e-20
5.55572e-20
5.42861e-20
5.30335e-20
5.17997e-20
5.05845e-20
4.93881e-20
4.82104e-20
4.70516e-20
4.59115e-20
4.47901e-20
4.36875e-20
4.26037e-20
4.15384e-20
4.04918e-20
3.94638e-20
3.84542e-20
3.74631e-20
3.64902e-20
3.55356e-20
3.4599e-20
3.36805e-20
3.27798e-20
3.18969e-20
3.10316e-20
3.01838e-20
2.93533e-20
2.85399e-20
2.77436e-20
2.69641e-20
2.62013e-20
2.5455e-20
2.4725e-20
2.40112e-20
2.33133e-20
2.26311e-20
2.19645e-20
2.13133e-20
2.06773e-20
2.00561e-20
1.94498e-20
1.8858e-20
1.82805e-20
1.77171e-20
1.71676e-20
1.66318e-20
1.61094e-20
1.56003e-20
1.51042e-20
1.4621e-20
1.41502e-20
1.36919e-20
1.32457e-20
1.28114e-20
1.23888e-20
1.19777e-20
1.15779e-20
1.1189e-20
1.0811e-20
1.04436e-20
1.00866e-20
9.73978e-21
9.4029e-21
9.07575e-21
8.75815e-21
8.44987e-21
8.15071e-21
7.86047e-21
7.57894e-21
7.30592e-21
7.04122e-21
6.78464e-21
6.53598e-21
6.29505e-21
6.06167e-21
5.83564e-21
5.61679e-21
5.40494e-21
5.1999e-21
5.0015e-21
4.80956e-21
4.62392e-21
4.44441e-21
4.27087e-21
4.10312e-21
3.94103e-21
3.78441e-21
3.63314e-21
3.48705e-21
3.34599e-21
3.20983e-21
3.07842e-21
2.95162e-21
2.82929e-21
2.71131e-21
2.59755e-21
2.48787e-21
2.38215e-21
2.28027e-21
2.18212e-21
2.08757e-21
1.99651e-21
1.90885e-21
1.82447e-21
1.74327e-21
1.66516e-21
1.59003e-21
1.5178e-21
1.44837e-21
1.38165e-21
1.31755e-21
1.25599e-21
1.19687e-21
1.14012e-21
1.08566e-21
1.03341e-21
9.83289e-22
9.35231e-22
8.89165e-22
8.45021e-22
8.02731e-22
7.62231e-22
7.23461e-22
6.86363e-22
6.50879e-22
6.16955e-22
5.84534e-22
5.53565e-22
5.23994e-22
4.95771e-22
4.68846e-22
4.4317e-22
4.18695e-22
3.95375e-22
3.73163e-22
3.52016e-22
3.31891e-22
3.12749e-22
2.94555e-22
2.77271e-22
2.60864e-22
2.45298e-22
2.30539e-22
2.16554e-22
2.0331e-22
1.90776e-22
1.78921e-22
1.67715e-22
1.57129e-22
1.47133e-22
1.37702e-22
1.28808e-22
1.20426e-22
1.12531e-22
1.05098e-22
9.81058e-23
9.1531e-23
8.53525e-23
7.95498e-23
7.41032e-23
6.89937e-23
6.42033e-23
5.97146e-23
5.5511e-23
5.15766e-23
4.78964e-23
4.44558e-23
4.12411e-23
3.82392e-23
3.54375e-23
3.28241e-23
3.03879e-23
2.81181e-23
2.60044e-23
2.40373e-23
2.22077e-23
2.05068e-23
1.89265e-23
1.74591e-23
1.60973e-23
1.48341e-23
1.36631e-23
1.25782e-23
1.15736e-23
1.06439e-23
9.78387e-24
8.98885e-24
8.25429e-24
7.57597e-24
6.94992e-24
6.37245e-24
5.84006e-24
5.3495e-24
4.89774e-24
4.48194e-24
4.09943e-24
3.74774e-24
3.42456e-24
3.12774e-24
2.85527e-24
2.6053e-24
2.37607e-24
2.16599e-24
1.97356e-24
1.79738e-24
1.63616e-24
1.48872e-24
1.35394e-24
1.23081e-24
1.11836e-24
1.01574e-24
9.22118e-25
8.36758e-25
7.58968e-25
6.88112e-25
6.23604e-25
5.64904e-25
5.11515e-25
4.6298e-25
4.18879e-25
3.78825e-25
3.42465e-25
3.09475e-25
2.79556e-25
2.52435e-25
2.27863e-25
2.05609e-25
1.85464e-25
1.67236e-25
1.50751e-25
1.35848e-25
1.22381e-25
1.10218e-25
9.92368e-26
8.9327e-26
8.0388e-26
7.23283e-26
6.50644e-26
5.85208e-26
5.26286e-26
4.73253e-26
4.25543e-26
3.82642e-26
3.44084e-26
3.09446e-26
2.78347e-26
2.50439e-26
2.25412e-26
2.02981e-26
1.8289e-26
1.6491e-26
1.48832e-26
1.34468e-26
1.21649e-26
1.10222e-26
1.0005e-26
9.10103e-27
8.29908e-27
7.58923e-27
6.96254e-27
6.41101e-27
5.92745e-27
5.50546e-27
5.13931e-27
4.82391e-27
4.55472e-27
4.3277e-27
4.13931e-27
3.98641e-27
3.86625e-27
3.77641e-27
3.71482e-27
3.67968e-27
3.66948e-27
3.68293e-27
3.719e-27
3.77684e-27
3.85583e-27
3.95552e-27
4.07565e-27
4.21612e-27
4.377e-27
4.55851e-27
4.76105e-27
4.98517e-27
