10
5e+16
1e+17
18755.4
2.76631e-20
2.76584e-20
2.76399e-20
2.76157e-20
2.7586e-20
2.7551e-20
2.75106e-20
2.7465e-20
2.7414e-20
2.73579e-20
2.72965e-20
2.723e-20
2.71583e-20
2.70815e-20
2.69997e-20
2.69129e-20
2.68211e-20
2.67244e-20
2.66229e-20
2.65165e-20
2.64055e-20
2.62897e-20
2.61694e-20
2.60446e-20
2.59152e-20
2.57815e-20
2.56435e-20
2.55012e-20
2.53548e-20
2.52043e-20
2.50498e-20
2.48914e-20
2.47291e-20
2.45632e-20
2.43935e-20
2.42203e-20
2.40437e-20
2.38637e-20
2.36804e-20
2.34939e-20
2.33044e-20
2.31118e-20
2.29164e-20
2.27182e-20
2.25174e-20
2.23139e-20
2.2108e-20
2.18997e-20
2.16891e-20
2.14763e-20
2.12615e-20
2.10447e-20
2.08261e-20
2.06057e-20
2.03837e-20
2.01601e-20
1.99351e-20
1.97088e-20
1.94812e-20
1.92524e-20
1.90227e-20
1.8792e-20
1.85605e-20
1.83283e-20
1.80954e-20
1.7862e-20
1.76281e-20
1.7394e-20
1.71595e-20
1.69249e-20
1.66903e-20
1.64557e-20
1.62212e-20
1.59869e-20
1.57529e-20
1.55193e-20
1.52862e-20
1.50536e-20
1.48217e-20
1.45904e-20
1.436e-20
1.41304e-20
1.39017e-20
1.36741e-20
1.34475e-20
1.32221e-20
1.29979e-20
1.2775e-20
1.25534e-20
1.23332e-20
1.21145e-20
1.18973e-20
1.16817e-20
1.14678e-20
1.12555e-20
1.10449e-20
1.08362e-20
1.06292e-20
1.04242e-20
1.0221e-20
1.00198e-20
9.82062e-21
9.62345e-21
9.42834e-21
9.23532e-21
9.04444e-21
8.85571e-21
8.66916e-21
8.48482e-21
8.30271e-21
8.12285e-21
7.94527e-21
7.76998e-21
7.59701e-21
7.42636e-21
7.25806e-21
7.0921e-21
6.92851e-21
6.7673e-21
6.60847e-21
6.45203e-21
6.29799e-21
6.14635e-21
5.99712e-21
5.8503e-21
5.70589e-21
5.56388e-21
5.42428e-21
5.28709e-21
5.15231e-21
5.01992e-21
4.88993e-21
4.76232e-21
4.63709e-21
4.51423e-21
4.39373e-21
4.27558e-21
4.15975e-21
4.04624e-21
3.93503e-21
3.8261e-21
3.71943e-21
3.615e-21
3.5128e-21
3.4128e-21
3.31498e-21
3.21932e-21
3.1258e-21
3.03438e-21
2.94505e-21
2.85778e-21
2.77254e-21
2.68931e-21
2.60806e-21
2.52876e-21
2.45139e-21
2.37592e-21
2.30232e-21
2.23056e-21
2.16061e-21
2.09244e-21
2.02602e-21
1.96133e-21
1.89834e-21
1.83701e-21
1.77731e-21
1.71922e-21
1.66271e-21
1.60774e-21
1.55429e-21
1.50232e-21
1.45181e-21
1.40273e-21
1.35505e-21
1.30874e-21
1.26377e-21
1.22011e-21
1.17773e-21
1.13661e-21
1.09671e-21
1.05802e-21
1.02049e-21
9.84111e-22
9.48848e-22
9.14675e-22
8.81567e-22
8.49496e-22
8.18438e-22
7.88368e-22
7.59259e-22
7.31088e-22
7.03831e-22
6.77463e-22
6.51961e-22
6.27302e-22
6.03463e-22
5.80422e-22
5.58157e-22
5.36646e-22
5.15868e-22
4.95803e-22
4.76431e-22
4.5773e-22
4.39683e-22
4.22268e-22
4.05469e-22
3.89267e-22
3.73642e-22
3.5858e-22
3.44061e-22
3.30069e-22
3.16588e-22
3.03602e-22
2.91095e-22
2.79052e-22
2.67458e-22
2.56299e-22
2.45561e-22
2.3523e-22
2.25292e-22
2.15734e-22
2.06544e-22
1.97709e-22
1.89218e-22
1.81058e-22
1.73219e-22
1.65688e-22
1.58456e-22
1.51512e-22
1.44846e-22
1.38448e-22
1.32308e-22
1.26418e-22
1.20767e-22
1.15348e-22
1.10152e-22
1.05171e-22
1.00397e-22
9.58223e-23
9.1439e-23
8.72403e-23
8.32192e-23
7.93689e-23
7.56829e-23
7.21548e-23
6.87786e-23
6.55484e-23
6.24584e-23
5.95032e-23
5.66775e-23
5.3976e-23
5.13938e-23
4.89262e-23
4.65685e-23
4.43163e-23
4.21653e-23
4.01113e-23
3.81503e-23
3.62786e-23
3.44923e-23
3.27879e-23
3.1162e-23
2.96113e-23
2.81326e-23
2.67228e-23
2.53789e-23
2.40982e-23
2.28779e-23
2.17154e-23
2.06081e-23
1.95537e-23
1.85498e-23
1.75942e-23
1.66848e-23
1.58194e-23
1.49961e-23
1.42131e-23
1.34684e-23
1.27604e-23
1.20874e-23
1.14477e-23
1.08399e-23
1.02624e-23
9.71393e-24
9.19305e-24
8.69847e-24
8.22898e-24
7.78338e-24
7.36054e-24
6.95938e-24
6.57886e-24
6.21798e-24
5.87581e-24
5.55143e-24
5.24398e-24
4.95264e-24
4.67661e-24
4.41514e-24
4.16751e-24
3.93304e-24
3.71106e-24
3.50096e-24
3.30214e-24
3.11402e-24
2.93608e-24
2.76778e-24
2.60865e-24
2.4582e-24
2.31599e-24
2.18161e-24
2.05463e-24
1.93469e-24
1.8214e-24
1.71443e-24
1.61344e-24
1.51811e-24
1.42815e-24
1.34326e-24
1.26318e-24
1.18766e-24
1.11644e-24
1.04929e-24
9.85995e-25
9.26345e-25
8.7014e-25
8.17191e-25
7.67319e-25
7.20356e-25
6.76139e-25
6.34517e-25
5.95344e-25
5.58485e-25
5.23808e-25
4.91192e-25
4.6052e-25
4.31682e-25
4.04573e-25
3.79094e-25
3.55153e-25
3.32661e-25
3.11534e-25
2.91694e-25
2.73065e-25
2.55577e-25
2.39164e-25
2.23763e-25
2.09313e-25
1.95759e-25
1.83048e-25
1.7113e-25
1.59957e-25
1.49485e-25
1.39672e-25
1.30479e-25
1.21867e-25
1.13801e-25
1.0625e-25
9.91798e-26
9.25628e-26
8.63708e-26
8.05776e-26
7.51586e-26
7.00907e-26
6.53522e-26
6.09226e-26
5.67826e-26
5.29141e-26
4.93001e-26
4.59247e-26
4.27728e-26
3.98303e-26
3.70841e-26
3.45217e-26
3.21315e-26
2.99027e-26
2.78249e-26
2.58887e-26
2.40851e-26
2.24057e-26
2.08429e-26
1.93892e-26
1.80379e-26
1.67828e-26
1.56182e-26
1.45386e-26
1.35393e-26
1.26154e-26
1.17629e-26
1.09776e-26
1.02561e-26
9.59488e-27
8.99112e-27
8.4421e-27
7.94549e-27
7.49922e-27
7.10153e-27
6.75094e-27
6.44624e-27
6.18653e-27
5.97113e-27
5.79969e-27
