10
1e+16
1e+17
18755.4
2.86459e-20
2.86301e-20
2.85795e-20
2.85221e-20
2.84592e-20
2.83912e-20
2.83183e-20
2.82406e-20
2.81583e-20
2.80713e-20
2.79798e-20
2.78836e-20
2.77829e-20
2.76778e-20
2.75682e-20
2.74542e-20
2.73359e-20
2.72133e-20
2.70865e-20
2.69556e-20
2.68206e-20
2.66816e-20
2.65386e-20
2.63918e-20
2.62411e-20
2.60867e-20
2.59286e-20
2.5767e-20
2.56018e-20
2.54332e-20
2.52613e-20
2.50861e-20
2.49077e-20
2.47262e-20
2.45416e-20
2.43541e-20
2.41638e-20
2.39707e-20
2.37749e-20
2.35765e-20
2.33756e-20
2.31723e-20
2.29667e-20
2.27588e-20
2.25488e-20
2.23368e-20
2.21228e-20
2.19069e-20
2.16892e-20
2.14699e-20
2.12489e-20
2.10265e-20
2.08026e-20
2.05774e-20
2.0351e-20
2.01234e-20
1.98948e-20
1.96653e-20
1.94348e-20
1.92036e-20
1.89717e-20
1.87392e-20
1.85062e-20
1.82727e-20
1.80389e-20
1.78049e-20
1.75706e-20
1.73363e-20
1.7102e-20
1.68677e-20
1.66336e-20
1.63997e-20
1.61661e-20
1.59329e-20
1.57002e-20
1.5468e-20
1.52363e-20
1.50054e-20
1.47752e-20
1.45459e-20
1.43174e-20
1.40898e-20
1.38633e-20
1.36378e-20
1.34135e-20
1.31903e-20
1.29684e-20
1.27478e-20
1.25286e-20
1.23108e-20
1.20944e-20
1.18796e-20
1.16663e-20
1.14547e-20
1.12446e-20
1.10363e-20
1.08297e-20
1.06249e-20
1.04219e-20
1.02208e-20
1.00215e-20
9.82413e-21
9.62871e-21
9.43527e-21
9.24383e-21
9.05441e-21
8.86704e-21
8.68175e-21
8.49854e-21
8.31745e-21
8.1385e-21
7.96171e-21
7.78709e-21
7.61466e-21
7.44444e-21
7.27645e-21
7.11068e-21
6.94717e-21
6.78591e-21
6.62693e-21
6.47023e-21
6.31583e-21
6.16374e-21
6.01398e-21
5.86655e-21
5.72145e-21
5.57869e-21
5.43828e-21
5.30023e-21
5.16455e-21
5.03125e-21
4.90033e-21
4.7718e-21
4.64564e-21
4.52187e-21
4.40047e-21
4.28143e-21
4.16475e-21
4.05042e-21
3.93842e-21
3.82873e-21
3.72134e-21
3.61624e-21
3.5134e-21
3.4128e-21
3.31443e-21
3.21825e-21
3.12424e-21
3.03239e-21
2.94266e-21
2.85503e-21
2.76947e-21
2.68596e-21
2.60446e-21
2.52495e-21
2.44739e-21
2.37177e-21
2.29804e-21
2.22618e-21
2.15616e-21
2.08795e-21
2.02151e-21
1.95682e-21
1.89384e-21
1.83254e-21
1.7729e-21
1.71487e-21
1.65844e-21
1.60356e-21
1.55021e-21
1.49835e-21
1.44796e-21
1.39901e-21
1.35146e-21
1.30528e-21
1.26045e-21
1.21693e-21
1.1747e-21
1.13372e-21
1.09397e-21
1.05542e-21
1.01804e-21
9.81804e-22
9.46681e-22
9.12648e-22
8.79675e-22
8.47738e-22
8.16809e-22
7.86864e-22
7.57878e-22
7.29824e-22
7.0268e-22
6.76421e-22
6.51024e-22
6.26465e-22
6.02721e-22
5.79771e-22
5.57592e-22
5.36163e-22
5.15463e-22
4.9547e-22
4.76166e-22
4.5753e-22
4.39542e-22
4.22184e-22
4.05437e-22
3.89282e-22
3.73702e-22
3.58681e-22
3.44199e-22
3.30242e-22
3.16792e-22
3.03834e-22
2.91353e-22
2.79333e-22
2.67759e-22
2.56618e-22
2.45895e-22
2.35577e-22
2.25651e-22
2.16102e-22
2.0692e-22
1.98092e-22
1.89605e-22
1.81448e-22
1.73611e-22
1.66081e-22
1.58849e-22
1.51903e-22
1.45235e-22
1.38834e-22
1.3269e-22
1.26795e-22
1.21139e-22
1.15714e-22
1.10512e-22
1.05525e-22
1.00743e-22
9.61611e-23
9.17703e-23
8.75637e-23
8.35346e-23
7.96762e-23
7.59819e-23
7.24455e-23
6.9061e-23
6.58224e-23
6.27241e-23
5.97605e-23
5.69265e-23
5.42168e-23
5.16266e-23
4.9151e-23
4.67854e-23
4.45254e-23
4.23668e-23
4.03054e-23
3.83371e-23
3.64582e-23
3.4665e-23
3.29538e-23
3.13213e-23
2.97642e-23
2.82792e-23
2.68633e-23
2.55136e-23
2.42271e-23
2.30013e-23
2.18334e-23
2.0721e-23
1.96616e-23
1.86529e-23
1.76927e-23
1.67787e-23
1.59091e-23
1.50816e-23
1.42946e-23
1.35461e-23
1.28344e-23
1.21578e-23
1.15148e-23
1.09037e-23
1.03231e-23
9.77167e-24
9.24792e-24
8.75062e-24
8.27851e-24
7.83041e-24
7.40518e-24
7.00173e-24
6.61903e-24
6.25608e-24
5.91192e-24
5.58565e-24
5.27641e-24
4.98335e-24
4.70568e-24
4.44266e-24
4.19355e-24
3.95767e-24
3.73435e-24
3.52298e-24
3.32295e-24
3.13369e-24
2.95465e-24
2.78532e-24
2.6252e-24
2.47383e-24
2.33074e-24
2.19552e-24
2.06775e-24
1.94705e-24
1.83306e-24
1.72541e-24
1.62378e-24
1.52785e-24
1.43732e-24
1.35189e-24
1.27131e-24
1.1953e-24
1.12363e-24
1.05605e-24
9.92352e-25
9.3232e-25
8.75754e-25
8.22464e-25
7.72272e-25
7.25006e-25
6.80504e-25
6.38614e-25
5.99188e-25
5.62091e-25
5.2719e-25
4.94363e-25
4.63492e-25
4.34467e-25
4.07182e-25
3.81538e-25
3.57442e-25
3.34804e-25
3.1354e-25
2.93571e-25
2.74821e-25
2.5722e-25
2.407e-25
2.25199e-25
2.10655e-25
1.97013e-25
1.8422e-25
1.72224e-25
1.60979e-25
1.50439e-25
1.40562e-25
1.31308e-25
1.2264e-25
1.14522e-25
1.06921e-25
9.98052e-26
9.31449e-26
8.69122e-26
8.10808e-26
7.56259e-26
7.05243e-26
6.5754e-26
6.12944e-26
5.7126e-26
5.32306e-26
4.95911e-26
4.61913e-26
4.30162e-26
4.00513e-26
3.72834e-26
3.47e-26
3.22892e-26
3.004e-26
2.7942e-26
2.59855e-26
2.41614e-26
2.24611e-26
2.08767e-26
1.94007e-26
1.80261e-26
1.67463e-26
1.55557e-26
1.44485e-26
1.34195e-26
1.24638e-26
1.15768e-26
1.07543e-26
9.99218e-27
9.2868e-27
8.63475e-27
8.03296e-27
7.47861e-27
6.96917e-27
6.50236e-27
6.07618e-27
5.68886e-27
5.3389e-27
5.02504e-27
4.74627e-27
