10
5e+17
5e+18
18755.4
2.94378e-20
2.94202e-20
2.93646e-20
2.93016e-20
2.92328e-20
2.91587e-20
2.90794e-20
2.89951e-20
2.89059e-20
2.88119e-20
2.8713e-20
2.86094e-20
2.85011e-20
2.8388e-20
2.82704e-20
2.81482e-20
2.80214e-20
2.78903e-20
2.77547e-20
2.76149e-20
2.74708e-20
2.73226e-20
2.71703e-20
2.70139e-20
2.68537e-20
2.66896e-20
2.65217e-20
2.63502e-20
2.6175e-20
2.59964e-20
2.58143e-20
2.56289e-20
2.54402e-20
2.52484e-20
2.50535e-20
2.48557e-20
2.4655e-20
2.44515e-20
2.42453e-20
2.40365e-20
2.38252e-20
2.36116e-20
2.33956e-20
2.31775e-20
2.29572e-20
2.2735e-20
2.25108e-20
2.22849e-20
2.20572e-20
2.18279e-20
2.15971e-20
2.13649e-20
2.11314e-20
2.08966e-20
2.06607e-20
2.04238e-20
2.0186e-20
1.99473e-20
1.97079e-20
1.94679e-20
1.92272e-20
1.89861e-20
1.87447e-20
1.85029e-20
1.8261e-20
1.80189e-20
1.77768e-20
1.75348e-20
1.72929e-20
1.70512e-20
1.68098e-20
1.65688e-20
1.63283e-20
1.60883e-20
1.58489e-20
1.56102e-20
1.53723e-20
1.51352e-20
1.4899e-20
1.46638e-20
1.44296e-20
1.41965e-20
1.39645e-20
1.37338e-20
1.35043e-20
1.32762e-20
1.30494e-20
1.28241e-20
1.26003e-20
1.23781e-20
1.21574e-20
1.19384e-20
1.1721e-20
1.15054e-20
1.12916e-20
1.10795e-20
1.08693e-20
1.0661e-20
1.04546e-20
1.02502e-20
1.00477e-20
9.84723e-21
9.6488e-21
9.45244e-21
9.25815e-21
9.06598e-21
8.87593e-21
8.68803e-21
8.5023e-21
8.31875e-21
8.13741e-21
7.95829e-21
7.78141e-21
7.60679e-21
7.43444e-21
7.26437e-21
7.09659e-21
6.93112e-21
6.76796e-21
6.60712e-21
6.44863e-21
6.29248e-21
6.13871e-21
5.98731e-21
5.8383e-21
5.69167e-21
5.54744e-21
5.40561e-21
5.26619e-21
5.1292e-21
4.99465e-21
4.86253e-21
4.73286e-21
4.60563e-21
4.48083e-21
4.35847e-21
4.23853e-21
4.12101e-21
4.00589e-21
3.89317e-21
3.78282e-21
3.67483e-21
3.56918e-21
3.46585e-21
3.36483e-21
3.26608e-21
3.16958e-21
3.07532e-21
2.98327e-21
2.89339e-21
2.80567e-21
2.72007e-21
2.63657e-21
2.55513e-21
2.47573e-21
2.39834e-21
2.32293e-21
2.24946e-21
2.1779e-21
2.10823e-21
2.0404e-21
1.9744e-21
1.91018e-21
1.84771e-21
1.78696e-21
1.72789e-21
1.67048e-21
1.6147e-21
1.5605e-21
1.50785e-21
1.45673e-21
1.4071e-21
1.35893e-21
1.31218e-21
1.26683e-21
1.22284e-21
1.18019e-21
1.13883e-21
1.09874e-21
1.0599e-21
1.02226e-21
9.85799e-22
9.50489e-22
9.16301e-22
8.83204e-22
8.51172e-22
8.20176e-22
7.90189e-22
7.61183e-22
7.33133e-22
7.06012e-22
6.79795e-22
6.54456e-22
6.29972e-22
6.06316e-22
5.83467e-22
5.614e-22
5.40092e-22
5.19522e-22
4.99668e-22
4.80507e-22
4.6202e-22
4.44185e-22
4.26983e-22
4.10394e-22
3.94398e-22
3.78979e-22
3.64116e-22
3.49792e-22
3.35991e-22
3.22695e-22
3.09888e-22
2.97553e-22
2.85676e-22
2.74241e-22
2.63233e-22
2.52639e-22
2.42443e-22
2.32633e-22
2.23195e-22
2.14117e-22
2.05385e-22
1.96989e-22
1.88916e-22
1.81155e-22
1.73695e-22
1.66526e-22
1.59636e-22
1.53016e-22
1.46656e-22
1.40547e-22
1.34679e-22
1.29044e-22
1.23634e-22
1.18439e-22
1.13452e-22
1.08666e-22
1.04072e-22
9.96637e-23
9.54338e-23
9.13756e-23
8.74826e-23
8.37485e-23
8.01673e-23
7.67329e-23
7.34398e-23
7.02826e-23
6.72558e-23
6.43545e-23
6.15736e-23
5.89086e-23
5.63548e-23
5.39078e-23
5.15633e-23
4.93174e-23
4.71661e-23
4.51055e-23
4.31321e-23
4.12422e-23
3.94327e-23
3.77001e-23
3.60414e-23
3.44535e-23
3.29336e-23
3.14788e-23
3.00866e-23
2.87542e-23
2.74793e-23
2.62595e-23
2.50924e-23
2.39759e-23
2.29079e-23
2.18864e-23
2.09093e-23
1.99748e-23
1.90812e-23
1.82267e-23
1.74097e-23
1.66285e-23
1.58816e-23
1.51677e-23
1.44852e-23
1.38328e-23
1.32093e-23
1.26134e-23
1.2044e-23
1.14998e-23
1.09798e-23
1.04829e-23
1.00082e-23
9.55464e-24
9.12136e-24
8.70747e-24
8.3121e-24
7.93447e-24
7.57378e-24
7.22931e-24
6.90033e-24
6.58616e-24
6.28616e-24
5.9997e-24
5.72619e-24
5.46504e-24
5.21572e-24
4.97769e-24
4.75046e-24
4.53356e-24
4.32651e-24
4.12888e-24
3.94025e-24
3.76022e-24
3.5884e-24
3.42443e-24
3.26796e-24
3.11865e-24
2.97617e-24
2.84023e-24
2.71052e-24
2.58677e-24
2.46871e-24
2.35608e-24
2.24864e-24
2.14616e-24
2.0484e-24
1.95516e-24
1.86623e-24
1.78142e-24
1.70054e-24
1.62341e-24
1.54986e-24
1.47973e-24
1.41288e-24
1.34913e-24
1.28837e-24
1.23044e-24
1.17523e-24
1.12261e-24
1.07247e-24
1.02468e-24
9.79152e-25
9.35775e-25
8.94454e-25
8.55096e-25
8.17613e-25
7.81921e-25
7.47941e-25
7.15594e-25
6.84809e-25
6.55516e-25
6.2765e-25
6.01146e-25
5.75945e-25
5.5199e-25
5.29227e-25
5.07604e-25
4.87072e-25
4.67584e-25
4.49096e-25
4.31566e-25
4.14953e-25
3.9922e-25
3.8433e-25
3.7025e-25
3.56948e-25
3.44391e-25
3.32553e-25
3.21405e-25
3.10921e-25
3.01077e-25
2.91851e-25
2.8322e-25
2.75165e-25
2.67667e-25
2.60707e-25
2.5427e-25
2.4834e-25
2.42903e-25
2.37945e-25
2.33455e-25
2.29422e-25
2.25835e-25
2.22685e-25
2.1997e-25
2.17696e-25
2.15861e-25
2.14463e-25
2.13504e-25
2.12983e-25
2.12893e-25
2.13231e-25
2.1399e-25
2.15168e-25
2.16763e-25
2.18773e-25
2.21197e-25
2.24035e-25
2.27289e-25
2.30961e-25
2.35052e-25
2.39567e-25
2.4451e-25
