5
1e+17
1e+17
13262.1
7.67827e-20
7.67791e-20
7.67542e-20
7.67147e-20
7.66602e-20
7.65904e-20
7.65056e-20
7.64057e-20
7.62906e-20
7.61606e-20
7.60157e-20
7.5856e-20
7.56815e-20
7.54923e-20
7.52887e-20
7.50706e-20
7.48382e-20
7.45917e-20
7.43313e-20
7.40569e-20
7.37689e-20
7.34673e-20
7.31525e-20
7.28244e-20
7.24834e-20
7.21296e-20
7.17632e-20
7.13845e-20
7.09936e-20
7.05908e-20
7.01762e-20
6.97503e-20
6.93131e-20
6.88649e-20
6.8406e-20
6.79366e-20
6.74569e-20
6.69673e-20
6.64681e-20
6.59594e-20
6.54415e-20
6.49148e-20
6.43795e-20
6.38359e-20
6.32843e-20
6.27249e-20
6.21581e-20
6.15841e-20
6.10033e-20
6.04159e-20
5.98223e-20
5.92227e-20
5.86174e-20
5.80067e-20
5.7391e-20
5.67705e-20
5.61455e-20
5.55163e-20
5.48832e-20
5.42466e-20
5.36066e-20
5.29636e-20
5.2318e-20
5.16699e-20
5.10196e-20
5.03675e-20
4.97138e-20
4.90589e-20
4.84029e-20
4.77461e-20
4.70889e-20
4.64315e-20
4.57742e-20
4.51171e-20
4.44606e-20
4.3805e-20
4.31504e-20
4.24971e-20
4.18454e-20
4.11954e-20
4.05475e-20
3.99018e-20
3.92586e-20
3.8618e-20
3.79803e-20
3.73457e-20
3.67144e-20
3.60865e-20
3.54624e-20
3.4842e-20
3.42257e-20
3.36136e-20
3.30059e-20
3.24027e-20
3.18041e-20
3.12104e-20
3.06217e-20
3.00381e-20
2.94597e-20
2.88867e-20
2.83193e-20
2.77574e-20
2.72012e-20
2.66509e-20
2.61065e-20
2.55681e-20
2.50358e-20
2.45097e-20
2.39899e-20
2.34764e-20
2.29693e-20
2.24687e-20
2.19746e-20
2.14871e-20
2.10062e-20
2.0532e-20
2.00644e-20
1.96036e-20
1.91496e-20
1.87023e-20
1.82618e-20
1.78282e-20
1.74013e-20
1.69813e-20
1.65681e-20
1.61618e-20
1.57622e-20
1.53695e-20
1.49835e-20
1.46043e-20
1.42318e-20
1.38661e-20
1.35071e-20
1.31547e-20
1.2809e-20
1.24698e-20
1.21372e-20
1.18111e-20
1.14914e-20
1.11782e-20
1.08713e-20
1.05707e-20
1.02763e-20
9.98817e-21
9.70614e-21
9.43018e-21
9.16021e-21
8.89618e-21
8.63802e-21
8.38567e-21
8.13904e-21
7.89806e-21
7.66268e-21
7.43281e-21
7.20837e-21
6.98929e-21
6.7755e-21
6.56692e-21
6.36347e-21
6.16507e-21
5.97164e-21
5.7831e-21
5.59938e-21
5.42039e-21
5.24605e-21
5.07628e-21
4.911e-21
4.75014e-21
4.5936e-21
4.44131e-21
4.29319e-21
4.14917e-21
4.00915e-21
3.87306e-21
3.74082e-21
3.61236e-21
3.48759e-21
3.36644e-21
3.24883e-21
3.13468e-21
3.02392e-21
2.91647e-21
2.81226e-21
2.71122e-21
2.61327e-21
2.51834e-21
2.42636e-21
2.33726e-21
2.25096e-21
2.16741e-21
2.08653e-21
2.00825e-21
1.93252e-21
1.85926e-21
1.7884e-21
1.7199e-21
1.65367e-21
1.58968e-21
1.52784e-21
1.46811e-21
1.41042e-21
1.35472e-21
1.30095e-21
1.24906e-21
1.199e-21
1.1507e-21
1.10413e-21
1.05922e-21
1.01593e-21
9.74205e-22
9.34005e-22
8.9528e-22
8.57985e-22
8.22075e-22
7.87506e-22
7.54236e-22
7.22224e-22
6.91428e-22
6.6181e-22
6.33332e-22
6.05954e-22
5.79641e-22
5.54358e-22
5.30068e-22
5.0674e-22
4.84339e-22
4.62833e-22
4.42192e-22
4.22386e-22
4.03384e-22
3.85158e-22
3.67681e-22
3.50925e-22
3.34865e-22
3.19474e-22
3.04729e-22
2.90605e-22
2.77079e-22
2.64129e-22
2.51734e-22
2.39871e-22
2.28521e-22
2.17664e-22
2.0728e-22
1.97352e-22
1.87861e-22
1.78791e-22
1.70124e-22
1.61844e-22
1.53937e-22
1.46386e-22
1.39177e-22
1.32297e-22
1.25731e-22
1.19468e-22
1.13493e-22
1.07796e-22
1.02364e-22
9.71861e-23
9.22518e-23
8.75504e-23
8.3072e-23
7.88069e-23
7.47459e-23
7.088e-23
6.72006e-23
6.36995e-23
6.03688e-23
5.72008e-23
5.41883e-23
5.13243e-23
4.8602e-23
4.6015e-23
4.3557e-23
4.12222e-23
3.90048e-23
3.68994e-23
3.49008e-23
3.30039e-23
3.12039e-23
2.94963e-23
2.78767e-23
2.63408e-23
2.48847e-23
2.35044e-23
2.21964e-23
2.0957e-23
1.9783e-23
1.8671e-23
1.76182e-23
1.66215e-23
1.56781e-23
1.47853e-23
1.39407e-23
1.31418e-23
1.23862e-23
1.16719e-23
1.09966e-23
1.03583e-23
9.75522e-24
9.18547e-24
8.64731e-24
8.13911e-24
7.6593e-24
7.20639e-24
6.77894e-24
6.37562e-24
5.99515e-24
5.63629e-24
5.29789e-24
4.97886e-24
4.67814e-24
4.39473e-24
4.12771e-24
3.87616e-24
3.63925e-24
3.41617e-24
3.20615e-24
3.00846e-24
2.82243e-24
2.64739e-24
2.48274e-24
2.32789e-24
2.18228e-24
2.0454e-24
1.91673e-24
1.79583e-24
1.68223e-24
1.57553e-24
1.47532e-24
1.38122e-24
1.29289e-24
1.20999e-24
1.1322e-24
1.05921e-24
9.90758e-25
9.26562e-25
8.66375e-25
8.09958e-25
7.57086e-25
7.07549e-25
6.61145e-25
6.17688e-25
5.77e-25
5.38914e-25
5.03271e-25
4.69925e-25
4.38735e-25
4.0957e-25
3.82306e-25
3.56827e-25
3.33024e-25
3.10795e-25
2.90041e-25
2.70674e-25
2.52607e-25
2.35761e-25
2.20061e-25
2.05437e-25
1.91822e-25
1.79155e-25
1.67377e-25
1.56437e-25
1.46282e-25
1.36867e-25
1.28147e-25
1.20082e-25
1.12634e-25
1.05766e-25
9.94469e-26
9.36443e-26
8.83313e-26
8.34814e-26
7.90701e-26
7.50751e-26
7.14756e-26
6.82528e-26
6.53895e-26
6.28701e-26
6.06805e-26
5.8808e-26
5.72415e-26
5.5971e-26
5.49879e-26
5.42847e-26
5.38553e-26
5.36945e-26
5.37984e-26
5.41639e-26
5.47893e-26
5.56737e-26
5.68172e-26
5.82208e-26
5.98866e-26
6.18175e-26
6.40174e-26
6.64911e-26
6.92443e-26
7.22836e-26
7.56164e-26
7.9251e-26
