10
1e+16
5e+17
18755.4
3.1892e-20
3.18428e-20
3.16969e-20
3.15408e-20
3.13791e-20
3.12133e-20
3.10439e-20
3.08714e-20
3.06959e-20
3.05176e-20
3.03365e-20
3.01526e-20
2.99659e-20
2.97765e-20
2.95843e-20
2.93896e-20
2.91923e-20
2.89925e-20
2.87903e-20
2.85857e-20
2.83788e-20
2.81697e-20
2.79584e-20
2.7745e-20
2.75295e-20
2.73121e-20
2.70928e-20
2.68716e-20
2.66487e-20
2.64241e-20
2.61978e-20
2.597e-20
2.57407e-20
2.55099e-20
2.52778e-20
2.50444e-20
2.48098e-20
2.45741e-20
2.43372e-20
2.40994e-20
2.38605e-20
2.36209e-20
2.33804e-20
2.31391e-20
2.28972e-20
2.26546e-20
2.24116e-20
2.2168e-20
2.1924e-20
2.16797e-20
2.14351e-20
2.11902e-20
2.09452e-20
2.07001e-20
2.0455e-20
2.02098e-20
1.99648e-20
1.97199e-20
1.94752e-20
1.92308e-20
1.89867e-20
1.8743e-20
1.84996e-20
1.82568e-20
1.80145e-20
1.77728e-20
1.75318e-20
1.72914e-20
1.70518e-20
1.6813e-20
1.6575e-20
1.63379e-20
1.61017e-20
1.58665e-20
1.56324e-20
1.53992e-20
1.51673e-20
1.49364e-20
1.47067e-20
1.44783e-20
1.42511e-20
1.40253e-20
1.38007e-20
1.35775e-20
1.33558e-20
1.31354e-20
1.29166e-20
1.26992e-20
1.24833e-20
1.2269e-20
1.20563e-20
1.18452e-20
1.16357e-20
1.14278e-20
1.12217e-20
1.10172e-20
1.08144e-20
1.06133e-20
1.0414e-20
1.02165e-20
1.00208e-20
9.8268e-21
9.63464e-21
9.44431e-21
9.25581e-21
9.06915e-21
8.88433e-21
8.70138e-21
8.52029e-21
8.34109e-21
8.16377e-21
7.98837e-21
7.81491e-21
7.64339e-21
7.47382e-21
7.30623e-21
7.14062e-21
6.977e-21
6.81539e-21
6.65581e-21
6.49829e-21
6.34285e-21
6.18953e-21
6.03834e-21
5.88932e-21
5.74248e-21
5.59782e-21
5.45538e-21
5.31519e-21
5.17729e-21
5.04172e-21
4.90849e-21
4.77763e-21
4.64916e-21
4.52308e-21
4.3994e-21
4.27813e-21
4.15926e-21
4.0428e-21
3.92873e-21
3.81705e-21
3.70775e-21
3.60082e-21
3.49624e-21
3.39399e-21
3.29405e-21
3.1964e-21
3.10102e-21
3.00789e-21
2.91698e-21
2.82826e-21
2.74171e-21
2.6573e-21
2.57499e-21
2.49477e-21
2.41659e-21
2.34043e-21
2.26625e-21
2.19402e-21
2.12371e-21
2.05529e-21
1.98871e-21
1.92396e-21
1.86099e-21
1.79976e-21
1.74025e-21
1.68242e-21
1.62624e-21
1.57167e-21
1.51868e-21
1.46723e-21
1.41729e-21
1.36883e-21
1.32181e-21
1.27619e-21
1.23196e-21
1.18907e-21
1.14749e-21
1.1072e-21
1.06815e-21
1.03032e-21
9.93674e-22
9.58186e-22
9.23826e-22
8.90563e-22
8.58369e-22
8.27214e-22
7.97072e-22
7.67915e-22
7.39715e-22
7.12447e-22
6.86083e-22
6.60599e-22
6.3597e-22
6.12171e-22
5.89178e-22
5.66968e-22
5.45517e-22
5.24804e-22
5.04805e-22
4.85501e-22
4.66869e-22
4.4889e-22
4.31543e-22
4.14808e-22
3.98667e-22
3.83102e-22
3.68093e-22
3.53624e-22
3.39677e-22
3.26235e-22
3.13282e-22
3.00803e-22
2.88781e-22
2.77202e-22
2.66052e-22
2.55315e-22
2.44978e-22
2.35028e-22
2.25452e-22
2.16237e-22
2.07371e-22
1.98841e-22
1.90636e-22
1.82746e-22
1.75158e-22
1.67864e-22
1.60851e-22
1.5411e-22
1.47633e-22
1.41408e-22
1.35428e-22
1.29683e-22
1.24166e-22
1.18867e-22
1.13779e-22
1.08894e-22
1.04205e-22
9.9705e-23
9.53861e-23
9.12421e-23
8.72664e-23
8.34528e-23
7.9795e-23
7.62874e-23
7.29241e-23
6.96997e-23
6.6609e-23
6.36467e-23
6.0808e-23
5.8088e-23
5.54822e-23
5.29862e-23
5.05956e-23
4.83063e-23
4.61144e-23
4.4016e-23
4.20073e-23
4.00849e-23
3.82453e-23
3.64851e-23
3.48012e-23
3.31905e-23
3.16501e-23
3.0177e-23
2.87685e-23
2.74221e-23
2.6135e-23
2.4905e-23
2.37296e-23
2.26066e-23
2.15337e-23
2.0509e-23
1.95303e-23
1.85958e-23
1.77035e-23
1.68517e-23
1.60387e-23
1.52628e-23
1.45224e-23
1.3816e-23
1.31422e-23
1.24994e-23
1.18865e-23
1.1302e-23
1.07448e-23
1.02136e-23
9.70731e-24
9.22483e-24
8.7651e-24
8.32711e-24
7.9099e-24
7.51253e-24
7.13411e-24
6.77381e-24
6.43079e-24
6.10427e-24
5.79352e-24
5.4978e-24
5.21644e-24
4.94877e-24
4.69417e-24
4.45204e-24
4.22179e-24
4.00287e-24
3.79477e-24
3.59697e-24
3.40899e-24
3.23037e-24
3.06067e-24
2.89947e-24
2.74636e-24
2.60096e-24
2.4629e-24
2.33184e-24
2.20743e-24
2.08935e-24
1.9773e-24
1.87099e-24
1.77014e-24
1.67448e-24
1.58376e-24
1.49773e-24
1.41617e-24
1.33886e-24
1.26558e-24
1.19613e-24
1.13033e-24
1.06799e-24
1.00895e-24
9.53021e-25
9.00064e-25
8.49923e-25
8.02457e-25
7.5753e-25
7.15013e-25
6.74781e-25
6.36719e-25
6.00715e-25
5.66662e-25
5.34461e-25
5.04014e-25
4.75232e-25
4.48027e-25
4.22317e-25
3.98024e-25
3.75073e-25
3.53394e-25
3.3292e-25
3.13586e-25
2.95333e-25
2.78102e-25
2.6184e-25
2.46495e-25
2.32017e-25
2.18361e-25
2.05481e-25
1.93337e-25
1.81888e-25
1.71097e-25
1.60928e-25
1.51348e-25
1.42325e-25
1.33828e-25
1.25829e-25
1.183e-25
1.11217e-25
1.04556e-25
9.82921e-26
9.24055e-26
8.68752e-26
8.16823e-26
7.68086e-26
7.22371e-26
6.79517e-26
6.39375e-26
6.01802e-26
5.66666e-26
5.33842e-26
5.03214e-26
4.74674e-26
4.48119e-26
4.23462e-26
4.00629e-26
3.79542e-26
3.60133e-26
3.42337e-26
3.26096e-26
3.11349e-26
2.98042e-26
2.86127e-26
2.75559e-26
2.66303e-26
2.58324e-26
2.51596e-26
2.46096e-26
2.41808e-26
2.38719e-26
2.36822e-26
2.36114e-26
2.36597e-26
