5
5e+17
5e+17
13262.1
7.63107e-20
7.63071e-20
7.62824e-20
7.62432e-20
7.61891e-20
7.612e-20
7.60359e-20
7.59369e-20
7.58229e-20
7.56941e-20
7.55505e-20
7.53922e-20
7.52193e-20
7.50319e-20
7.48302e-20
7.46142e-20
7.4384e-20
7.41398e-20
7.38818e-20
7.361e-20
7.33247e-20
7.30259e-20
7.2714e-20
7.2389e-20
7.20512e-20
7.17007e-20
7.13378e-20
7.09626e-20
7.05754e-20
7.01763e-20
6.97656e-20
6.93436e-20
6.89105e-20
6.84664e-20
6.80118e-20
6.75467e-20
6.70715e-20
6.65864e-20
6.60917e-20
6.55877e-20
6.50746e-20
6.45526e-20
6.40222e-20
6.34835e-20
6.29368e-20
6.23825e-20
6.18207e-20
6.12519e-20
6.06763e-20
6.00941e-20
5.95057e-20
5.89114e-20
5.83114e-20
5.7706e-20
5.70957e-20
5.64805e-20
5.58609e-20
5.52371e-20
5.46095e-20
5.39782e-20
5.33437e-20
5.27062e-20
5.20659e-20
5.14232e-20
5.07784e-20
5.01316e-20
4.94833e-20
4.88337e-20
4.81831e-20
4.75316e-20
4.68797e-20
4.62275e-20
4.55754e-20
4.49235e-20
4.42722e-20
4.36216e-20
4.29721e-20
4.23238e-20
4.1677e-20
4.1032e-20
4.03889e-20
3.9748e-20
3.91095e-20
3.84737e-20
3.78406e-20
3.72106e-20
3.65838e-20
3.59604e-20
3.53406e-20
3.47246e-20
3.41125e-20
3.35046e-20
3.2901e-20
3.23018e-20
3.17073e-20
3.11175e-20
3.05326e-20
2.99528e-20
2.93781e-20
2.88087e-20
2.82447e-20
2.76863e-20
2.71336e-20
2.65865e-20
2.60454e-20
2.55101e-20
2.49809e-20
2.44578e-20
2.39409e-20
2.34303e-20
2.2926e-20
2.24281e-20
2.19367e-20
2.14517e-20
2.09733e-20
2.05015e-20
2.00363e-20
1.95777e-20
1.91259e-20
1.86807e-20
1.82423e-20
1.78106e-20
1.73857e-20
1.69675e-20
1.65561e-20
1.61515e-20
1.57536e-20
1.53624e-20
1.4978e-20
1.46002e-20
1.42292e-20
1.38648e-20
1.3507e-20
1.31559e-20
1.28113e-20
1.24733e-20
1.21417e-20
1.18166e-20
1.14979e-20
1.11855e-20
1.08795e-20
1.05797e-20
1.02861e-20
9.99868e-21
9.71732e-21
9.44198e-21
9.1726e-21
8.90911e-21
8.65145e-21
8.39956e-21
8.15335e-21
7.91277e-21
7.67774e-21
7.44819e-21
7.22404e-21
7.00522e-21
6.79165e-21
6.58327e-21
6.37998e-21
6.18172e-21
5.98841e-21
5.79996e-21
5.61631e-21
5.43736e-21
5.26304e-21
5.09327e-21
4.92798e-21
4.76707e-21
4.61048e-21
4.45812e-21
4.30991e-21
4.16578e-21
4.02564e-21
3.88942e-21
3.75704e-21
3.62842e-21
3.50348e-21
3.38215e-21
3.26435e-21
3.15001e-21
3.03904e-21
2.93138e-21
2.82695e-21
2.72569e-21
2.62751e-21
2.53234e-21
2.44012e-21
2.35077e-21
2.26424e-21
2.18043e-21
2.0993e-21
2.02077e-21
1.94478e-21
1.87127e-21
1.80016e-21
1.7314e-21
1.66492e-21
1.60066e-21
1.53857e-21
1.47859e-21
1.42065e-21
1.3647e-21
1.31069e-21
1.25855e-21
1.20824e-21
1.15971e-21
1.11289e-21
1.06775e-21
1.02423e-21
9.82279e-22
9.41855e-22
9.02909e-22
8.65396e-22
8.29273e-22
7.94494e-22
7.61019e-22
7.28804e-22
6.97811e-22
6.68e-22
6.39332e-22
6.11769e-22
5.85275e-22
5.59815e-22
5.35353e-22
5.11856e-22
4.89291e-22
4.67626e-22
4.4683e-22
4.26872e-22
4.07723e-22
3.89355e-22
3.71739e-22
3.54848e-22
3.38657e-22
3.2314e-22
3.08272e-22
2.94029e-22
2.80389e-22
2.67328e-22
2.54825e-22
2.42859e-22
2.31408e-22
2.20455e-22
2.09978e-22
1.99961e-22
1.90384e-22
1.81231e-22
1.72484e-22
1.64128e-22
1.56147e-22
1.48525e-22
1.41249e-22
1.34305e-22
1.27677e-22
1.21354e-22
1.15324e-22
1.09572e-22
1.04089e-22
9.88624e-23
9.38815e-23
8.91359e-23
8.46156e-23
8.03107e-23
7.6212e-23
7.23104e-23
6.85973e-23
6.50645e-23
6.17039e-23
5.85078e-23
5.5469e-23
5.25803e-23
4.98349e-23
4.72264e-23
4.47485e-23
4.23952e-23
4.01607e-23
3.80396e-23
3.60265e-23
3.41165e-23
3.23046e-23
3.05862e-23
2.8957e-23
2.74126e-23
2.5949e-23
2.45623e-23
2.32488e-23
2.20049e-23
2.08273e-23
1.97126e-23
1.86579e-23
1.76601e-23
1.67164e-23
1.58242e-23
1.49808e-23
1.41838e-23
1.34309e-23
1.27198e-23
1.20484e-23
1.14147e-23
1.08167e-23
1.02527e-23
9.72089e-24
9.21956e-24
8.74716e-24
8.30219e-24
7.88321e-24
7.48886e-24
7.11785e-24
6.76894e-24
6.44098e-24
6.13286e-24
5.84351e-24
5.57195e-24
5.31722e-24
5.07843e-24
4.85473e-24
4.6453e-24
4.44939e-24
4.26626e-24
4.09523e-24
3.93566e-24
3.78692e-24
3.64844e-24
3.51967e-24
3.40008e-24
3.28919e-24
3.18652e-24
3.09165e-24
3.00417e-24
2.92367e-24
2.84979e-24
2.78219e-24
2.72053e-24
2.66452e-24
2.61386e-24
2.56829e-24
2.52754e-24
2.49137e-24
2.45956e-24
2.43191e-24
2.4082e-24
2.38826e-24
2.37191e-24
2.35899e-24
2.34935e-24
2.34284e-24
2.33935e-24
2.33873e-24
2.34089e-24
2.34571e-24
2.35311e-24
2.36298e-24
2.37524e-24
2.38983e-24
2.40667e-24
2.42569e-24
2.44684e-24
2.47008e-24
2.49534e-24
2.52259e-24
2.55179e-24
2.58288e-24
2.61587e-24
2.65077e-24
2.68758e-24
2.72629e-24
2.7669e-24
2.80942e-24
2.85382e-24
2.9001e-24
2.94822e-24
2.99827e-24
3.05022e-24
3.10407e-24
3.1598e-24
3.21741e-24
3.27689e-24
3.33826e-24
3.4015e-24
3.46663e-24
3.53366e-24
3.6026e-24
3.67346e-24
3.74626e-24
3.82102e-24
3.89776e-24
3.97651e-24
4.0573e-24
4.14014e-24
4.22508e-24
4.31214e-24
4.40136e-24
4.49278e-24
4.58643e-24
4.68236e-24
4.7806e-24
4.8812e-24
4.98421e-24
5.08967e-24
5.19764e-24
5.30816e-24
