2.5
1e+17
1e+19
9377.69
2.13649e-19
2.13639e-19
2.13571e-19
2.13463e-19
2.13314e-19
2.13123e-19
2.12891e-19
2.12617e-19
2.12302e-19
2.11945e-19
2.11548e-19
2.1111e-19
2.10631e-19
2.10113e-19
2.09554e-19
2.08956e-19
2.08318e-19
2.07642e-19
2.06927e-19
2.06174e-19
2.05384e-19
2.04556e-19
2.03692e-19
2.02792e-19
2.01855e-19
2.00884e-19
1.99878e-19
1.98838e-19
1.97764e-19
1.96658e-19
1.95519e-19
1.94349e-19
1.93148e-19
1.91917e-19
1.90655e-19
1.89365e-19
1.88047e-19
1.86701e-19
1.85329e-19
1.8393e-19
1.82506e-19
1.81057e-19
1.79585e-19
1.7809e-19
1.76572e-19
1.75033e-19
1.73473e-19
1.71893e-19
1.70294e-19
1.68677e-19
1.67043e-19
1.65391e-19
1.63724e-19
1.62042e-19
1.60345e-19
1.58636e-19
1.56913e-19
1.55179e-19
1.53433e-19
1.51678e-19
1.49913e-19
1.48139e-19
1.46358e-19
1.4457e-19
1.42775e-19
1.40975e-19
1.39171e-19
1.37362e-19
1.3555e-19
1.33736e-19
1.3192e-19
1.30104e-19
1.28287e-19
1.2647e-19
1.24655e-19
1.22841e-19
1.21031e-19
1.19223e-19
1.17419e-19
1.1562e-19
1.13826e-19
1.12038e-19
1.10256e-19
1.08481e-19
1.06714e-19
1.04955e-19
1.03205e-19
1.01463e-19
9.9732e-20
9.80109e-20
9.63004e-20
9.46012e-20
9.29137e-20
9.12383e-20
8.95755e-20
8.79257e-20
8.62893e-20
8.46666e-20
8.30581e-20
8.14642e-20
7.9885e-20
7.83211e-20
7.67726e-20
7.524e-20
7.37234e-20
7.22231e-20
7.07395e-20
6.92726e-20
6.78228e-20
6.63903e-20
6.49752e-20
6.35777e-20
6.2198e-20
6.08363e-20
5.94926e-20
5.81671e-20
5.686e-20
5.55712e-20
5.43009e-20
5.30492e-20
5.18161e-20
5.06017e-20
4.9406e-20
4.8229e-20
4.70707e-20
4.59312e-20
4.48104e-20
4.37082e-20
4.26248e-20
4.156e-20
4.05138e-20
3.94861e-20
3.84768e-20
3.74859e-20
3.65133e-20
3.55588e-20
3.46224e-20
3.3704e-20
3.28035e-20
3.19206e-20
3.10554e-20
3.02076e-20
2.93771e-20
2.85637e-20
2.77673e-20
2.69878e-20
2.62248e-20
2.54784e-20
2.47483e-20
2.40343e-20
2.33362e-20
2.26538e-20
2.1987e-20
2.13356e-20
2.06993e-20
2.00779e-20
1.94712e-20
1.88791e-20
1.83013e-20
1.77376e-20
1.71878e-20
1.66516e-20
1.61289e-20
1.56195e-20
1.5123e-20
1.46394e-20
1.41683e-20
1.37095e-20
1.32629e-20
1.28283e-20
1.24053e-20
1.19937e-20
1.15935e-20
1.12042e-20
1.08258e-20
1.0458e-20
1.01006e-20
9.7533e-21
9.416e-21
9.08844e-21
8.77041e-21
8.46171e-21
8.16214e-21
7.87148e-21
7.58954e-21
7.31611e-21
7.051e-21
6.79401e-21
6.54495e-21
6.30363e-21
6.06986e-21
5.84345e-21
5.62421e-21
5.41198e-21
5.20657e-21
5.0078e-21
4.8155e-21
4.62951e-21
4.44965e-21
4.27576e-21
4.10768e-21
3.94525e-21
3.78832e-21
3.63673e-21
3.49032e-21
3.34897e-21
3.21251e-21
3.08081e-21
2.95373e-21
2.83113e-21
2.71288e-21
2.59886e-21
2.48892e-21
2.38296e-21
2.28085e-21
2.18246e-21
2.08769e-21
1.99642e-21
1.90854e-21
1.82396e-21
1.74257e-21
1.66427e-21
1.58897e-21
1.51657e-21
1.44698e-21
1.38011e-21
1.31586e-21
1.25416e-21
1.19491e-21
1.13804e-21
1.08346e-21
1.0311e-21
9.80876e-22
9.32724e-22
8.8657e-22
8.42345e-22
7.99982e-22
7.59416e-22
7.20586e-22
6.83434e-22
6.47904e-22
6.13938e-22
5.81484e-22
5.50486e-22
5.20894e-22
4.92655e-22
4.6572e-22
4.40039e-22
4.15565e-22
3.9225e-22
3.70048e-22
3.48916e-22
3.2881e-22
3.09692e-22
2.91525e-22
2.74272e-22
2.579e-22
2.42372e-22
2.27655e-22
2.13714e-22
2.00518e-22
1.88033e-22
1.7623e-22
1.65078e-22
1.54548e-22
1.4461e-22
1.35238e-22
1.26404e-22
1.18083e-22
1.1025e-22
1.0288e-22
9.59504e-23
8.94388e-23
8.33237e-23
7.75843e-23
7.22007e-23
6.7154e-23
6.24259e-23
5.79988e-23
5.38562e-23
4.99821e-23
4.63611e-23
4.29789e-23
3.98214e-23
3.68756e-23
3.41289e-23
3.15693e-23
2.91856e-23
2.69669e-23
2.4903e-23
2.29844e-23
2.12018e-23
1.95466e-23
1.80106e-23
1.6586e-23
1.52656e-23
1.40425e-23
1.29101e-23
1.18624e-23
1.08936e-23
9.99833e-24
9.17147e-24
8.40826e-24
7.70422e-24
7.05515e-24
6.45712e-24
5.90645e-24
5.39968e-24
4.9336e-24
4.50519e-24
4.11165e-24
3.75036e-24
3.41888e-24
3.11492e-24
2.83637e-24
2.58125e-24
2.34775e-24
2.13415e-24
1.93888e-24
1.76046e-24
1.59756e-24
1.44889e-24
1.31331e-24
1.18974e-24
1.07718e-24
9.74706e-25
8.81478e-25
7.9671e-25
7.19682e-25
6.49729e-25
5.8624e-25
5.28653e-25
4.7645e-25
4.29156e-25
3.86336e-25
3.4759e-25
3.12552e-25
2.80886e-25
2.52284e-25
2.26468e-25
2.03178e-25
1.82182e-25
1.63264e-25
1.46229e-25
1.30899e-25
1.17111e-25
1.04719e-25
9.35877e-26
8.35947e-26
7.46293e-26
6.65908e-26
5.93877e-26
5.29373e-26
4.71645e-26
4.20012e-26
3.73862e-26
3.32638e-26
2.95837e-26
2.63007e-26
2.33738e-26
2.07662e-26
1.84447e-26
1.63793e-26
1.45431e-26
1.2912e-26
1.14641e-26
1.018e-26
9.04219e-27
8.03493e-27
7.14417e-27
6.35733e-27
5.66316e-27
5.0516e-27
4.51367e-27
4.04136e-27
3.62755e-27
3.26588e-27
2.95071e-27
2.67703e-27
2.44039e-27
2.23687e-27
2.063e-27
1.91572e-27
1.79233e-27
1.69049e-27
1.60814e-27
1.5435e-27
1.49503e-27
1.46141e-27
1.44153e-27
1.43445e-27
1.4394e-27
1.45576e-27
1.48308e-27
1.52101e-27
1.56933e-27
1.62794e-27
1.69687e-27
1.77625e-27
1.86629e-27
1.96734e-27
