10
5e+16
1e+18
18755.4
3.03193e-20
3.02913e-20
3.02058e-20
3.0112e-20
3.00123e-20
2.99075e-20
2.97981e-20
2.96841e-20
2.95658e-20
2.94433e-20
2.93165e-20
2.91854e-20
2.90502e-20
2.8911e-20
2.87676e-20
2.86203e-20
2.8469e-20
2.83139e-20
2.81551e-20
2.79925e-20
2.78263e-20
2.76565e-20
2.74832e-20
2.73065e-20
2.71265e-20
2.69432e-20
2.67568e-20
2.65672e-20
2.63747e-20
2.61792e-20
2.59809e-20
2.57799e-20
2.55762e-20
2.53699e-20
2.51611e-20
2.49499e-20
2.47364e-20
2.45206e-20
2.43028e-20
2.40828e-20
2.3861e-20
2.36372e-20
2.34117e-20
2.31845e-20
2.29557e-20
2.27253e-20
2.24936e-20
2.22605e-20
2.20262e-20
2.17907e-20
2.15541e-20
2.13166e-20
2.10781e-20
2.08389e-20
2.05989e-20
2.03583e-20
2.01172e-20
1.98756e-20
1.96336e-20
1.93913e-20
1.91487e-20
1.8906e-20
1.86633e-20
1.84206e-20
1.81779e-20
1.79354e-20
1.76932e-20
1.74512e-20
1.72097e-20
1.69686e-20
1.6728e-20
1.6488e-20
1.62487e-20
1.601e-20
1.57722e-20
1.55352e-20
1.52991e-20
1.5064e-20
1.48299e-20
1.45969e-20
1.43651e-20
1.41344e-20
1.39049e-20
1.36768e-20
1.345e-20
1.32246e-20
1.30006e-20
1.27781e-20
1.25571e-20
1.23377e-20
1.21198e-20
1.19037e-20
1.16891e-20
1.14763e-20
1.12653e-20
1.1056e-20
1.08485e-20
1.06429e-20
1.04391e-20
1.02372e-20
1.00372e-20
9.83917e-21
9.64307e-21
9.44895e-21
9.25683e-21
9.06672e-21
8.87863e-21
8.69259e-21
8.5086e-21
8.32668e-21
8.14686e-21
7.96914e-21
7.79354e-21
7.62009e-21
7.44878e-21
7.27964e-21
7.11267e-21
6.94788e-21
6.7853e-21
6.62492e-21
6.46677e-21
6.31087e-21
6.15725e-21
6.0059e-21
5.85685e-21
5.71011e-21
5.56568e-21
5.42358e-21
5.28383e-21
5.14646e-21
5.01147e-21
4.87889e-21
4.74872e-21
4.62097e-21
4.49563e-21
4.37272e-21
4.25223e-21
4.13415e-21
4.01847e-21
3.90519e-21
3.79429e-21
3.68576e-21
3.57957e-21
3.47573e-21
3.37419e-21
3.27495e-21
3.17798e-21
3.08326e-21
2.99076e-21
2.90046e-21
2.81233e-21
2.72634e-21
2.64247e-21
2.56068e-21
2.48095e-21
2.40324e-21
2.32753e-21
2.25378e-21
2.18196e-21
2.11204e-21
2.04399e-21
1.97776e-21
1.91334e-21
1.85069e-21
1.78977e-21
1.73055e-21
1.67299e-21
1.61707e-21
1.56275e-21
1.50999e-21
1.45877e-21
1.40905e-21
1.3608e-21
1.31398e-21
1.26856e-21
1.22452e-21
1.18181e-21
1.14041e-21
1.10028e-21
1.0614e-21
1.02373e-21
9.87248e-22
9.51918e-22
9.17711e-22
8.846e-22
8.52556e-22
8.2155e-22
7.91555e-22
7.62543e-22
7.34488e-22
7.07363e-22
6.81143e-22
6.55802e-22
6.31315e-22
6.07658e-22
5.84806e-22
5.62737e-22
5.41427e-22
5.20854e-22
5.00996e-22
4.81831e-22
4.63338e-22
4.45497e-22
4.28288e-22
4.11691e-22
3.95687e-22
3.80257e-22
3.65383e-22
3.51047e-22
3.37232e-22
3.23922e-22
3.11099e-22
2.98748e-22
2.86853e-22
2.75399e-22
2.64371e-22
2.53756e-22
2.43538e-22
2.33706e-22
2.24244e-22
2.15142e-22
2.06385e-22
1.97963e-22
1.89864e-22
1.82076e-22
1.74589e-22
1.67391e-22
1.60473e-22
1.53824e-22
1.47435e-22
1.41297e-22
1.35399e-22
1.29735e-22
1.24294e-22
1.1907e-22
1.14053e-22
1.09237e-22
1.04613e-22
1.00175e-22
9.5916e-23
9.18286e-23
8.79067e-23
8.4144e-23
8.05344e-23
7.70722e-23
7.37516e-23
7.05672e-23
6.75138e-23
6.45863e-23
6.17799e-23
5.90897e-23
5.65113e-23
5.40403e-23
5.16725e-23
4.94037e-23
4.72302e-23
4.5148e-23
4.31537e-23
4.12435e-23
3.94143e-23
3.76627e-23
3.59856e-23
3.43801e-23
3.28431e-23
3.1372e-23
2.9964e-23
2.86166e-23
2.73273e-23
2.60936e-23
2.49134e-23
2.37845e-23
2.27046e-23
2.16717e-23
2.0684e-23
1.97395e-23
1.88364e-23
1.7973e-23
1.71476e-23
1.63586e-23
1.56045e-23
1.48839e-23
1.41952e-23
1.35371e-23
1.29084e-23
1.23078e-23
1.1734e-23
1.1186e-23
1.06626e-23
1.01628e-23
9.68548e-24
9.22977e-24
8.79469e-24
8.37935e-24
7.98289e-24
7.6045e-24
7.24337e-24
6.89877e-24
6.56995e-24
6.25622e-24
5.95693e-24
5.67143e-24
5.39912e-24
5.1394e-24
4.89172e-24
4.65555e-24
4.43036e-24
4.21568e-24
4.01102e-24
3.81594e-24
3.63002e-24
3.45282e-24
3.28397e-24
3.12308e-24
2.9698e-24
2.82377e-24
2.68467e-24
2.55218e-24
2.426e-24
2.30585e-24
2.19143e-24
2.0825e-24
1.9788e-24
1.88008e-24
1.78613e-24
1.6967e-24
1.61161e-24
1.53064e-24
1.4536e-24
1.38031e-24
1.3106e-24
1.24429e-24
1.18123e-24
1.12126e-24
1.06425e-24
1.01004e-24
9.58512e-25
9.09533e-25
8.62984e-25
8.18749e-25
7.76718e-25
7.36786e-25
6.98854e-25
6.62825e-25
6.28609e-25
5.96119e-25
5.65272e-25
5.35989e-25
5.08195e-25
4.81819e-25
4.56792e-25
4.3305e-25
4.1053e-25
3.89173e-25
3.68924e-25
3.49729e-25
3.31538e-25
3.14301e-25
2.97974e-25
2.82512e-25
2.67874e-25
2.5402e-25
2.40914e-25
2.28519e-25
2.16801e-25
2.05729e-25
1.95272e-25
1.85402e-25
1.76091e-25
1.67314e-25
1.59045e-25
1.51263e-25
1.43945e-25
1.3707e-25
1.3062e-25
1.24576e-25
1.18921e-25
1.13639e-25
1.08714e-25
1.04134e-25
9.98845e-26
9.59535e-26
9.23296e-26
8.90042e-26
8.59723e-26
8.32259e-26
8.07588e-26
7.85653e-26
7.664e-26
7.49761e-26
7.35678e-26
7.24098e-26
7.14978e-26
7.08279e-26
7.03972e-26
7.02034e-26
7.0245e-26
7.05208e-26
7.10308e-26
7.17754e-26
7.27557e-26
7.39735e-26
