10
1e+17
1e+17
18755.4
2.74931e-20
2.74901e-20
2.74763e-20
2.74571e-20
2.74324e-20
2.74024e-20
2.73669e-20
2.73261e-20
2.728e-20
2.72286e-20
2.71719e-20
2.711e-20
2.70429e-20
2.69706e-20
2.68932e-20
2.68107e-20
2.67232e-20
2.66307e-20
2.65332e-20
2.64309e-20
2.63238e-20
2.62119e-20
2.60954e-20
2.59742e-20
2.58485e-20
2.57183e-20
2.55837e-20
2.54448e-20
2.53016e-20
2.51542e-20
2.50028e-20
2.48474e-20
2.4688e-20
2.45248e-20
2.43579e-20
2.41874e-20
2.40132e-20
2.38357e-20
2.36547e-20
2.34705e-20
2.32831e-20
2.30927e-20
2.28992e-20
2.27029e-20
2.25039e-20
2.23021e-20
2.20979e-20
2.18911e-20
2.1682e-20
2.14707e-20
2.12572e-20
2.10416e-20
2.08242e-20
2.06049e-20
2.03839e-20
2.01612e-20
1.99371e-20
1.97115e-20
1.94847e-20
1.92566e-20
1.90275e-20
1.87973e-20
1.85663e-20
1.83345e-20
1.8102e-20
1.78689e-20
1.76353e-20
1.74013e-20
1.71671e-20
1.69326e-20
1.6698e-20
1.64634e-20
1.62289e-20
1.59946e-20
1.57605e-20
1.55268e-20
1.52935e-20
1.50608e-20
1.48286e-20
1.45971e-20
1.43664e-20
1.41365e-20
1.39076e-20
1.36796e-20
1.34527e-20
1.32269e-20
1.30024e-20
1.27791e-20
1.25571e-20
1.23366e-20
1.21175e-20
1.18999e-20
1.16839e-20
1.14695e-20
1.12569e-20
1.10459e-20
1.08368e-20
1.06295e-20
1.04241e-20
1.02206e-20
1.0019e-20
9.81949e-21
9.622e-21
9.42659e-21
9.23329e-21
9.04214e-21
8.85317e-21
8.66639e-21
8.48185e-21
8.29955e-21
8.11954e-21
7.94182e-21
7.76641e-21
7.59335e-21
7.42263e-21
7.25427e-21
7.0883e-21
6.92471e-21
6.76351e-21
6.60473e-21
6.44835e-21
6.29439e-21
6.14286e-21
5.99375e-21
5.84706e-21
5.7028e-21
5.56096e-21
5.42154e-21
5.28454e-21
5.14995e-21
5.01777e-21
4.88799e-21
4.76059e-21
4.63558e-21
4.51293e-21
4.39264e-21
4.27469e-21
4.15907e-21
4.04576e-21
3.93474e-21
3.826e-21
3.71952e-21
3.61527e-21
3.51323e-21
3.4134e-21
3.31573e-21
3.22021e-21
3.12682e-21
3.03553e-21
2.94632e-21
2.85916e-21
2.77403e-21
2.69089e-21
2.60972e-21
2.5305e-21
2.4532e-21
2.37779e-21
2.30424e-21
2.23252e-21
2.16261e-21
2.09447e-21
2.02808e-21
1.9634e-21
1.90042e-21
1.83909e-21
1.77939e-21
1.72129e-21
1.66477e-21
1.60978e-21
1.5563e-21
1.50431e-21
1.45377e-21
1.40465e-21
1.35693e-21
1.31058e-21
1.26556e-21
1.22185e-21
1.17943e-21
1.13825e-21
1.0983e-21
1.05955e-21
1.02197e-21
9.85533e-22
9.50211e-22
9.15979e-22
8.8281e-22
8.5068e-22
8.19562e-22
7.89431e-22
7.60263e-22
7.32033e-22
7.04717e-22
6.78291e-22
6.52732e-22
6.28017e-22
6.04124e-22
5.81029e-22
5.58712e-22
5.3715e-22
5.16323e-22
4.9621e-22
4.76791e-22
4.58046e-22
4.39955e-22
4.225e-22
4.05661e-22
3.8942e-22
3.7376e-22
3.58663e-22
3.44111e-22
3.30088e-22
3.16578e-22
3.03564e-22
2.91031e-22
2.78964e-22
2.67348e-22
2.56168e-22
2.4541e-22
2.35061e-22
2.25107e-22
2.15534e-22
2.0633e-22
1.97483e-22
1.88981e-22
1.80811e-22
1.72963e-22
1.65425e-22
1.58187e-22
1.51238e-22
1.44567e-22
1.38165e-22
1.32023e-22
1.26131e-22
1.20479e-22
1.1506e-22
1.09865e-22
1.04885e-22
1.00112e-22
9.55393e-23
9.11587e-23
8.69631e-23
8.29455e-23
7.90991e-23
7.54173e-23
7.18938e-23
6.85225e-23
6.52973e-23
6.22126e-23
5.92628e-23
5.64426e-23
5.37469e-23
5.11705e-23
4.87088e-23
4.63571e-23
4.41108e-23
4.19658e-23
3.99178e-23
3.79628e-23
3.6097e-23
3.43166e-23
3.26181e-23
3.0998e-23
2.9453e-23
2.79799e-23
2.65756e-23
2.52372e-23
2.39618e-23
2.27467e-23
2.15893e-23
2.0487e-23
1.94374e-23
1.84383e-23
1.74873e-23
1.65822e-23
1.57212e-23
1.49021e-23
1.41231e-23
1.33824e-23
1.26782e-23
1.20088e-23
1.13727e-23
1.07683e-23
1.01942e-23
9.64887e-24
9.13104e-24
8.63941e-24
8.17274e-24
7.72986e-24
7.30962e-24
6.91096e-24
6.53283e-24
6.17425e-24
5.83427e-24
5.51199e-24
5.20655e-24
4.91713e-24
4.64293e-24
4.38321e-24
4.13726e-24
3.90437e-24
3.68392e-24
3.47527e-24
3.27782e-24
3.09102e-24
2.91432e-24
2.74721e-24
2.58921e-24
2.43983e-24
2.29865e-24
2.16523e-24
2.03917e-24
1.9201e-24
1.80764e-24
1.70145e-24
1.6012e-24
1.50658e-24
1.41728e-24
1.33302e-24
1.25354e-24
1.17858e-24
1.10789e-24
1.04125e-24
9.78435e-25
9.19236e-25
8.63456e-25
8.10909e-25
7.61417e-25
7.14811e-25
6.70932e-25
6.29629e-25
5.90756e-25
5.5418e-25
5.1977e-25
4.87406e-25
4.5697e-25
4.28354e-25
4.01455e-25
3.76174e-25
3.52418e-25
3.301e-25
3.09138e-25
2.89452e-25
2.70968e-25
2.53617e-25
2.37333e-25
2.22052e-25
2.07716e-25
1.94268e-25
1.81658e-25
1.69834e-25
1.58749e-25
1.48361e-25
1.38627e-25
1.29507e-25
1.20965e-25
1.12965e-25
1.05476e-25
9.84649e-26
9.19038e-26
8.57649e-26
8.00223e-26
7.46516e-26
6.96301e-26
6.49362e-26
6.05496e-26
5.64513e-26
5.26235e-26
4.90495e-26
4.57135e-26
4.26006e-26
3.96973e-26
3.69903e-26
3.44677e-26
3.2118e-26
2.99306e-26
2.78957e-26
2.60039e-26
2.42466e-26
2.26159e-26
2.11042e-26
1.97046e-26
1.84107e-26
1.72166e-26
1.61172e-26
1.51074e-26
1.41827e-26
1.3339e-26
1.25725e-26
1.18799e-26
1.1258e-26
1.0704e-26
1.02156e-26
9.79078e-27
9.42777e-27
9.12522e-27
8.88204e-27
8.69747e-27
8.57108e-27
8.5027e-27
8.49251e-27
8.54096e-27
