7.5
5e+16
1e+17
16242.6
4.19254e-20
4.19217e-20
4.19034e-20
4.18769e-20
4.18422e-20
4.17994e-20
4.17483e-20
4.16891e-20
4.16217e-20
4.15463e-20
4.14629e-20
4.13715e-20
4.12721e-20
4.11649e-20
4.10498e-20
4.0927e-20
4.07965e-20
4.06584e-20
4.05128e-20
4.03598e-20
4.01994e-20
4.00317e-20
3.98569e-20
3.9675e-20
3.94862e-20
3.92905e-20
3.9088e-20
3.8879e-20
3.86634e-20
3.84414e-20
3.82132e-20
3.79789e-20
3.77385e-20
3.74923e-20
3.72403e-20
3.69827e-20
3.67197e-20
3.64513e-20
3.61778e-20
3.58992e-20
3.56157e-20
3.53276e-20
3.50348e-20
3.47376e-20
3.44362e-20
3.41306e-20
3.38211e-20
3.35077e-20
3.31907e-20
3.28703e-20
3.25465e-20
3.22195e-20
3.18895e-20
3.15567e-20
3.12212e-20
3.08832e-20
3.05428e-20
3.02002e-20
2.98556e-20
2.9509e-20
2.91608e-20
2.88109e-20
2.84597e-20
2.81071e-20
2.77535e-20
2.73989e-20
2.70435e-20
2.66874e-20
2.63309e-20
2.59739e-20
2.56168e-20
2.52595e-20
2.49024e-20
2.45454e-20
2.41888e-20
2.38326e-20
2.34771e-20
2.31223e-20
2.27683e-20
2.24154e-20
2.20635e-20
2.17129e-20
2.13637e-20
2.10159e-20
2.06696e-20
2.03251e-20
1.99823e-20
1.96414e-20
1.93026e-20
1.89658e-20
1.86312e-20
1.82989e-20
1.79689e-20
1.76414e-20
1.73165e-20
1.69941e-20
1.66744e-20
1.63575e-20
1.60435e-20
1.57323e-20
1.54241e-20
1.5119e-20
1.48169e-20
1.4518e-20
1.42223e-20
1.39298e-20
1.36406e-20
1.33547e-20
1.30723e-20
1.27932e-20
1.25176e-20
1.22455e-20
1.19769e-20
1.17118e-20
1.14503e-20
1.11924e-20
1.09381e-20
1.06874e-20
1.04404e-20
1.0197e-20
9.95728e-21
9.72122e-21
9.48883e-21
9.26012e-21
9.03508e-21
8.81371e-21
8.59601e-21
8.38198e-21
8.1716e-21
7.96487e-21
7.76177e-21
7.5623e-21
7.36644e-21
7.17417e-21
6.98548e-21
6.80034e-21
6.61873e-21
6.44064e-21
6.26604e-21
6.0949e-21
5.9272e-21
5.76292e-21
5.60202e-21
5.44448e-21
5.29026e-21
5.13934e-21
4.99168e-21
4.84725e-21
4.70602e-21
4.56795e-21
4.433e-21
4.30115e-21
4.17236e-21
4.04658e-21
3.92378e-21
3.80392e-21
3.68696e-21
3.57286e-21
3.46157e-21
3.35306e-21
3.24729e-21
3.1442e-21
3.04376e-21
2.94593e-21
2.85065e-21
2.75789e-21
2.66761e-21
2.57975e-21
2.49428e-21
2.41115e-21
2.33031e-21
2.25173e-21
2.17536e-21
2.10114e-21
2.02905e-21
1.95904e-21
1.89106e-21
1.82507e-21
1.76102e-21
1.69888e-21
1.63861e-21
1.58015e-21
1.52348e-21
1.46854e-21
1.4153e-21
1.36372e-21
1.31375e-21
1.26537e-21
1.21852e-21
1.17317e-21
1.12929e-21
1.08683e-21
1.04576e-21
1.00604e-21
9.67644e-22
9.30526e-22
8.94656e-22
8.59999e-22
8.26522e-22
7.94192e-22
7.62977e-22
7.32845e-22
7.03766e-22
6.75709e-22
6.48643e-22
6.2254e-22
5.97372e-22
5.7311e-22
5.49726e-22
5.27194e-22
5.05488e-22
4.84582e-22
4.64451e-22
4.45071e-22
4.26417e-22
4.08466e-22
3.91196e-22
3.74584e-22
3.58609e-22
3.43249e-22
3.28485e-22
3.14295e-22
3.00662e-22
2.87564e-22
2.74985e-22
2.62906e-22
2.5131e-22
2.4018e-22
2.29499e-22
2.19252e-22
2.09422e-22
1.99996e-22
1.90957e-22
1.82293e-22
1.73989e-22
1.66031e-22
1.58408e-22
1.51107e-22
1.44115e-22
1.3742e-22
1.31012e-22
1.24879e-22
1.19011e-22
1.13397e-22
1.08028e-22
1.02894e-22
9.79851e-23
9.32931e-23
8.88091e-23
8.45248e-23
8.04321e-23
7.65232e-23
7.27906e-23
6.92272e-23
6.58258e-23
6.25798e-23
5.94827e-23
5.65284e-23
5.37106e-23
5.10238e-23
4.84623e-23
4.60208e-23
4.36941e-23
4.14772e-23
3.93655e-23
3.73542e-23
3.54391e-23
3.36158e-23
3.18804e-23
3.02289e-23
2.86575e-23
2.71628e-23
2.57412e-23
2.43894e-23
2.31042e-23
2.18827e-23
2.07219e-23
1.96189e-23
1.85712e-23
1.75761e-23
1.66312e-23
1.57341e-23
1.48827e-23
1.40746e-23
1.33079e-23
1.25807e-23
1.18909e-23
1.12368e-23
1.06167e-23
1.0029e-23
9.47195e-24
8.94419e-24
8.44424e-24
7.97073e-24
7.52236e-24
7.09786e-24
6.69606e-24
6.31581e-24
5.95602e-24
5.61568e-24
5.29377e-24
4.98938e-24
4.7016e-24
4.42958e-24
4.17251e-24
3.92962e-24
3.70016e-24
3.48344e-24
3.27879e-24
3.08559e-24
2.90321e-24
2.7311e-24
2.5687e-24
2.4155e-24
2.27101e-24
2.13476e-24
2.00629e-24
1.88521e-24
1.77109e-24
1.66356e-24
1.56227e-24
1.46686e-24
1.37702e-24
1.29243e-24
1.21281e-24
1.13788e-24
1.06738e-24
1.00105e-24
9.38661e-25
8.79996e-25
8.2484e-25
7.72993e-25
7.24266e-25
6.78482e-25
6.3547e-25
5.95071e-25
5.57134e-25
5.21515e-25
4.8808e-25
4.56702e-25
4.27258e-25
3.99636e-25
3.73728e-25
3.49433e-25
3.26654e-25
3.05301e-25
2.85289e-25
2.66538e-25
2.48971e-25
2.32517e-25
2.17109e-25
2.02683e-25
1.89178e-25
1.7654e-25
1.64714e-25
1.5365e-25
1.43302e-25
1.33625e-25
1.24578e-25
1.16121e-25
1.08217e-25
1.00832e-25
9.39336e-26
8.74904e-26
8.14739e-26
7.58572e-26
7.06149e-26
6.57232e-26
6.11597e-26
5.69035e-26
5.29351e-26
4.92358e-26
4.57886e-26
4.25773e-26
3.95867e-26
3.68028e-26
3.42126e-26
3.18039e-26
2.95652e-26
2.74859e-26
2.55559e-26
2.37661e-26
2.21079e-26
2.05733e-26
1.91548e-26
1.78455e-26
1.66393e-26
1.55303e-26
1.45133e-26
1.35834e-26
1.27366e-26
1.19688e-26
1.12768e-26
1.06575e-26
1.01085e-26
9.62751e-27
9.21293e-27
8.86338e-27
8.57792e-27
8.356e-27
8.19746e-27
