5
1e+16
5e+17
13262.1
7.59119e-20
7.58969e-20
7.58405e-20
7.57688e-20
7.56826e-20
7.55821e-20
7.54675e-20
7.53388e-20
7.51962e-20
7.50397e-20
7.48696e-20
7.46858e-20
7.44886e-20
7.42779e-20
7.40539e-20
7.38168e-20
7.35665e-20
7.33034e-20
7.30274e-20
7.27388e-20
7.24377e-20
7.21243e-20
7.17988e-20
7.14612e-20
7.11119e-20
7.0751e-20
7.03786e-20
6.9995e-20
6.96005e-20
6.91951e-20
6.87791e-20
6.83528e-20
6.79163e-20
6.74699e-20
6.70138e-20
6.65482e-20
6.60735e-20
6.55898e-20
6.50974e-20
6.45964e-20
6.40873e-20
6.35702e-20
6.30455e-20
6.25132e-20
6.19738e-20
6.14275e-20
6.08745e-20
6.03152e-20
5.97497e-20
5.91783e-20
5.86014e-20
5.80192e-20
5.7432e-20
5.684e-20
5.62434e-20
5.56427e-20
5.5038e-20
5.44296e-20
5.38178e-20
5.32029e-20
5.25851e-20
5.19646e-20
5.13418e-20
5.07169e-20
5.00902e-20
4.94619e-20
4.88322e-20
4.82015e-20
4.757e-20
4.69379e-20
4.63054e-20
4.56729e-20
4.50405e-20
4.44085e-20
4.37771e-20
4.31466e-20
4.25171e-20
4.18888e-20
4.12621e-20
4.06371e-20
4.0014e-20
3.9393e-20
3.87744e-20
3.81582e-20
3.75447e-20
3.69342e-20
3.63267e-20
3.57224e-20
3.51215e-20
3.45242e-20
3.39307e-20
3.3341e-20
3.27554e-20
3.2174e-20
3.1597e-20
3.10244e-20
3.04564e-20
2.98931e-20
2.93347e-20
2.87812e-20
2.82328e-20
2.76896e-20
2.71517e-20
2.66192e-20
2.60922e-20
2.55707e-20
2.50548e-20
2.45447e-20
2.40404e-20
2.35419e-20
2.30493e-20
2.25628e-20
2.20822e-20
2.16078e-20
2.11394e-20
2.06773e-20
2.02213e-20
1.97716e-20
1.93281e-20
1.88909e-20
1.846e-20
1.80354e-20
1.76172e-20
1.72053e-20
1.67997e-20
1.64004e-20
1.60075e-20
1.56209e-20
1.52406e-20
1.48667e-20
1.44989e-20
1.41375e-20
1.37823e-20
1.34333e-20
1.30904e-20
1.27538e-20
1.24232e-20
1.20987e-20
1.17802e-20
1.14677e-20
1.11611e-20
1.08605e-20
1.05657e-20
1.02767e-20
9.99338e-21
9.71579e-21
9.44382e-21
9.17742e-21
8.91652e-21
8.66107e-21
8.411e-21
8.16625e-21
7.92674e-21
7.69242e-21
7.46322e-21
7.23909e-21
7.01996e-21
6.80578e-21
6.59647e-21
6.39199e-21
6.19226e-21
5.99721e-21
5.80678e-21
5.6209e-21
5.4395e-21
5.26252e-21
5.08989e-21
4.92154e-21
4.75742e-21
4.59746e-21
4.44162e-21
4.28983e-21
4.14205e-21
3.9982e-21
3.85824e-21
3.7221e-21
3.58971e-21
3.46101e-21
3.33593e-21
3.2144e-21
3.0964e-21
2.98186e-21
2.87073e-21
2.76296e-21
2.6585e-21
2.55728e-21
2.45924e-21
2.36433e-21
2.27247e-21
2.18361e-21
2.09769e-21
2.01463e-21
1.93436e-21
1.85684e-21
1.78198e-21
1.70972e-21
1.63999e-21
1.57274e-21
1.50789e-21
1.44537e-21
1.38513e-21
1.3271e-21
1.27121e-21
1.2174e-21
1.16562e-21
1.11579e-21
1.06787e-21
1.02178e-21
9.77482e-22
9.34905e-22
8.93998e-22
8.54705e-22
8.16974e-22
7.80751e-22
7.45985e-22
7.12626e-22
6.80626e-22
6.49937e-22
6.20511e-22
5.92305e-22
5.65273e-22
5.39374e-22
5.14564e-22
4.90805e-22
4.68056e-22
4.4628e-22
4.25439e-22
4.05498e-22
3.86422e-22
3.68177e-22
3.50731e-22
3.34052e-22
3.18109e-22
3.02874e-22
2.88318e-22
2.74414e-22
2.61134e-22
2.48454e-22
2.36348e-22
2.24793e-22
2.13766e-22
2.03245e-22
1.93209e-22
1.83636e-22
1.74508e-22
1.65805e-22
1.57509e-22
1.49603e-22
1.42069e-22
1.34892e-22
1.28055e-22
1.21544e-22
1.15345e-22
1.09443e-22
1.03825e-22
9.84792e-23
9.33926e-23
8.85536e-23
8.39512e-23
7.95744e-23
7.54129e-23
7.1457e-23
6.76971e-23
6.41241e-23
6.07294e-23
5.75046e-23
5.44419e-23
5.15335e-23
4.87722e-23
4.6151e-23
4.36633e-23
4.13026e-23
3.9063e-23
3.69385e-23
3.49236e-23
3.30131e-23
3.12017e-23
2.94847e-23
2.78575e-23
2.63156e-23
2.48549e-23
2.34712e-23
2.21608e-23
2.092e-23
1.97453e-23
1.86334e-23
1.75812e-23
1.65855e-23
1.56436e-23
1.47526e-23
1.39101e-23
1.31134e-23
1.23602e-23
1.16483e-23
1.09756e-23
1.034e-23
9.73946e-24
9.17228e-24
8.63666e-24
8.13093e-24
7.65352e-24
7.2029e-24
6.77766e-24
6.37644e-24
5.99795e-24
5.64097e-24
5.30432e-24
4.98691e-24
4.6877e-24
4.40569e-24
4.13993e-24
3.88954e-24
3.65367e-24
3.43152e-24
3.22232e-24
3.02535e-24
2.83994e-24
2.66544e-24
2.50122e-24
2.34673e-24
2.20139e-24
2.0647e-24
1.93617e-24
1.81532e-24
1.70173e-24
1.59496e-24
1.49464e-24
1.40038e-24
1.31184e-24
1.22869e-24
1.15061e-24
1.0773e-24
1.00849e-24
9.43905e-25
8.83304e-25
8.2645e-25
7.7312e-25
7.23104e-25
6.76205e-25
6.32237e-25
5.91023e-25
5.52398e-25
5.16205e-25
4.82299e-25
4.50539e-25
4.20795e-25
3.92944e-25
3.66871e-25
3.42465e-25
3.19626e-25
2.98255e-25
2.78262e-25
2.59562e-25
2.42074e-25
2.25723e-25
2.10436e-25
1.96148e-25
1.82796e-25
1.70321e-25
1.58666e-25
1.47781e-25
1.37615e-25
1.28123e-25
1.19264e-25
1.10996e-25
1.03283e-25
9.60889e-26
8.93806e-26
8.31267e-26
7.72974e-26
7.1865e-26
6.68051e-26
6.20933e-26
5.77066e-26
5.36237e-26
4.98244e-26
4.62899e-26
4.3003e-26
3.99471e-26
3.71073e-26
3.44692e-26
3.20198e-26
2.97469e-26
2.7639e-26
2.56858e-26
2.38773e-26
2.22048e-26
2.06598e-26
1.92348e-26
1.79228e-26
1.67175e-26
1.56132e-26
1.46046e-26
1.36872e-26
1.28568e-26
1.211e-26
1.14435e-26
1.08548e-26
1.0342e-26
9.90327e-27
9.53767e-27
