7.5
1e+16
1e+18
16242.6
4.53892e-20
4.53332e-20
4.51659e-20
4.49854e-20
4.47971e-20
4.46023e-20
4.44018e-20
4.4196e-20
4.39852e-20
4.37696e-20
4.35492e-20
4.33242e-20
4.30946e-20
4.28603e-20
4.26214e-20
4.23781e-20
4.21304e-20
4.18784e-20
4.16221e-20
4.13617e-20
4.10972e-20
4.08287e-20
4.05564e-20
4.02803e-20
4.00005e-20
3.97171e-20
3.94301e-20
3.91398e-20
3.88462e-20
3.85494e-20
3.82494e-20
3.79465e-20
3.76407e-20
3.7332e-20
3.70207e-20
3.67068e-20
3.63903e-20
3.60715e-20
3.57504e-20
3.54272e-20
3.51018e-20
3.47745e-20
3.44453e-20
3.41143e-20
3.37817e-20
3.34476e-20
3.3112e-20
3.2775e-20
3.24368e-20
3.20975e-20
3.17571e-20
3.14158e-20
3.10736e-20
3.07307e-20
3.03872e-20
3.00431e-20
2.96986e-20
2.93538e-20
2.90087e-20
2.86635e-20
2.83182e-20
2.7973e-20
2.76278e-20
2.7283e-20
2.69384e-20
2.65942e-20
2.62505e-20
2.59074e-20
2.5565e-20
2.52233e-20
2.48824e-20
2.45424e-20
2.42034e-20
2.38655e-20
2.35287e-20
2.31932e-20
2.28589e-20
2.2526e-20
2.21945e-20
2.18645e-20
2.15361e-20
2.12093e-20
2.08841e-20
2.05608e-20
2.02392e-20
1.99196e-20
1.96018e-20
1.9286e-20
1.89723e-20
1.86607e-20
1.83511e-20
1.80438e-20
1.77387e-20
1.74358e-20
1.71353e-20
1.68371e-20
1.65413e-20
1.62479e-20
1.5957e-20
1.56686e-20
1.53827e-20
1.50994e-20
1.48186e-20
1.45405e-20
1.4265e-20
1.39921e-20
1.37219e-20
1.34545e-20
1.31897e-20
1.29277e-20
1.26684e-20
1.24118e-20
1.21581e-20
1.19071e-20
1.16589e-20
1.14135e-20
1.11709e-20
1.09311e-20
1.06941e-20
1.046e-20
1.02286e-20
1e-20
9.7743e-21
9.55136e-21
9.33121e-21
9.11386e-21
8.8993e-21
8.68755e-21
8.47863e-21
8.27253e-21
8.06927e-21
7.86885e-21
7.67126e-21
7.47651e-21
7.2846e-21
7.09553e-21
6.9093e-21
6.72593e-21
6.54543e-21
6.36783e-21
6.19315e-21
6.02141e-21
5.85263e-21
5.68683e-21
5.52399e-21
5.36413e-21
5.20723e-21
5.05335e-21
4.9025e-21
4.75473e-21
4.61004e-21
4.46845e-21
4.32997e-21
4.19459e-21
4.06231e-21
3.93313e-21
3.80703e-21
3.68398e-21
3.56398e-21
3.44699e-21
3.33298e-21
3.22194e-21
3.11381e-21
3.00857e-21
2.90618e-21
2.8066e-21
2.70978e-21
2.61569e-21
2.52428e-21
2.4355e-21
2.34931e-21
2.26566e-21
2.18451e-21
2.10579e-21
2.02948e-21
1.9555e-21
1.88383e-21
1.81439e-21
1.74716e-21
1.68206e-21
1.61907e-21
1.55811e-21
1.49916e-21
1.44214e-21
1.38703e-21
1.33376e-21
1.2823e-21
1.23258e-21
1.18457e-21
1.13822e-21
1.09349e-21
1.05032e-21
1.00867e-21
9.68502e-22
9.29769e-22
8.9243e-22
8.56443e-22
8.21766e-22
7.8836e-22
7.56185e-22
7.25203e-22
6.95376e-22
6.66667e-22
6.39041e-22
6.12462e-22
5.86895e-22
5.62308e-22
5.38667e-22
5.15941e-22
4.94099e-22
4.7311e-22
4.52945e-22
4.33575e-22
4.14972e-22
3.9711e-22
3.79962e-22
3.63503e-22
3.47707e-22
3.32551e-22
3.18011e-22
3.04065e-22
2.9069e-22
2.77866e-22
2.65572e-22
2.53787e-22
2.42494e-22
2.31672e-22
2.21304e-22
2.11372e-22
2.0186e-22
1.92751e-22
1.8403e-22
1.75681e-22
1.67689e-22
1.60041e-22
1.52722e-22
1.45721e-22
1.39022e-22
1.32616e-22
1.26489e-22
1.20631e-22
1.15029e-22
1.09675e-22
1.04557e-22
9.96667e-23
9.49933e-23
9.05283e-23
8.62629e-23
8.21888e-23
7.82979e-23
7.45824e-23
7.10349e-23
6.76483e-23
6.44156e-23
6.13302e-23
5.83859e-23
5.55765e-23
5.28962e-23
5.03393e-23
4.79005e-23
4.55747e-23
4.33568e-23
4.12421e-23
3.92261e-23
3.73043e-23
3.54727e-23
3.37272e-23
3.20639e-23
3.04791e-23
2.89694e-23
2.75313e-23
2.61617e-23
2.48573e-23
2.36154e-23
2.24329e-23
2.13072e-23
2.02357e-23
1.92159e-23
1.82454e-23
1.7322e-23
1.64434e-23
1.56077e-23
1.48127e-23
1.40566e-23
1.33376e-23
1.26539e-23
1.20039e-23
1.1386e-23
1.07987e-23
1.02404e-23
9.70998e-24
9.20594e-24
8.72707e-24
8.27216e-24
7.84006e-24
7.42968e-24
7.03996e-24
6.66993e-24
6.31861e-24
5.98511e-24
5.66855e-24
5.36812e-24
5.08301e-24
4.8125e-24
4.55585e-24
4.31238e-24
4.08145e-24
3.86244e-24
3.65475e-24
3.45782e-24
3.27112e-24
3.09414e-24
2.92639e-24
2.7674e-24
2.61675e-24
2.474e-24
2.33877e-24
2.21066e-24
2.08933e-24
1.97441e-24
1.8656e-24
1.76257e-24
1.66504e-24
1.57271e-24
1.48532e-24
1.40262e-24
1.32437e-24
1.25033e-24
1.18029e-24
1.11404e-24
1.05137e-24
9.92118e-25
9.36087e-25
8.83114e-25
8.33038e-25
7.85706e-25
7.40973e-25
6.98702e-25
6.58763e-25
6.21031e-25
5.8539e-25
5.51728e-25
5.19938e-25
4.89922e-25
4.61584e-25
4.34833e-25
4.09584e-25
3.85756e-25
3.63273e-25
3.4206e-25
3.22051e-25
3.03178e-25
2.85381e-25
2.686e-25
2.5278e-25
2.37869e-25
2.23817e-25
2.10576e-25
1.98102e-25
1.86353e-25
1.7529e-25
1.64874e-25
1.5507e-25
1.45844e-25
1.37165e-25
1.29002e-25
1.21327e-25
1.14114e-25
1.07337e-25
1.00972e-25
9.49968e-26
8.93908e-26
8.41338e-26
7.92072e-26
7.45933e-26
7.02762e-26
6.62422e-26
6.24791e-26
5.89732e-26
5.57132e-26
5.26867e-26
4.98843e-26
4.72962e-26
4.49125e-26
4.2724e-26
4.07222e-26
3.88994e-26
3.72486e-26
3.57634e-26
3.4438e-26
3.32674e-26
3.2247e-26
3.13728e-26
3.06417e-26
3.00507e-26
2.95976e-26
2.92809e-26
2.90992e-26
2.90521e-26
2.91394e-26
2.93617e-26
