2.5
5e+17
1e+18
9377.69
1.65641e-19
1.65635e-19
1.65591e-19
1.65519e-19
1.65421e-19
1.65294e-19
1.6514e-19
1.64958e-19
1.64748e-19
1.64511e-19
1.64247e-19
1.63955e-19
1.63636e-19
1.63289e-19
1.62917e-19
1.62517e-19
1.62091e-19
1.61639e-19
1.61161e-19
1.60657e-19
1.60127e-19
1.59572e-19
1.58993e-19
1.58388e-19
1.57759e-19
1.57107e-19
1.5643e-19
1.5573e-19
1.55007e-19
1.54261e-19
1.53493e-19
1.52702e-19
1.5189e-19
1.51057e-19
1.50203e-19
1.49329e-19
1.48434e-19
1.4752e-19
1.46587e-19
1.45635e-19
1.44665e-19
1.43677e-19
1.42671e-19
1.41649e-19
1.4061e-19
1.39555e-19
1.38485e-19
1.37399e-19
1.363e-19
1.35186e-19
1.34058e-19
1.32917e-19
1.31764e-19
1.30599e-19
1.29422e-19
1.28234e-19
1.27035e-19
1.25827e-19
1.24609e-19
1.23381e-19
1.22146e-19
1.20902e-19
1.1965e-19
1.18392e-19
1.17126e-19
1.15855e-19
1.14579e-19
1.13297e-19
1.1201e-19
1.1072e-19
1.09425e-19
1.08128e-19
1.06828e-19
1.05526e-19
1.04222e-19
1.02917e-19
1.0161e-19
1.00304e-19
9.89976e-20
9.76917e-20
9.63867e-20
9.50831e-20
9.37812e-20
9.24816e-20
9.11845e-20
8.98905e-20
8.85998e-20
8.7313e-20
8.60302e-20
8.4752e-20
8.34787e-20
8.22106e-20
8.09481e-20
7.96916e-20
7.84413e-20
7.71975e-20
7.59607e-20
7.47311e-20
7.35089e-20
7.22945e-20
7.10882e-20
6.98902e-20
6.87008e-20
6.75202e-20
6.63487e-20
6.51866e-20
6.4034e-20
6.28911e-20
6.17583e-20
6.06356e-20
5.95232e-20
5.84215e-20
5.73304e-20
5.62502e-20
5.51811e-20
5.41232e-20
5.30766e-20
5.20414e-20
5.10179e-20
5.0006e-20
4.9006e-20
4.80178e-20
4.70417e-20
4.60777e-20
4.51258e-20
4.41861e-20
4.32587e-20
4.23436e-20
4.14409e-20
4.05507e-20
3.96729e-20
3.88075e-20
3.79547e-20
3.71144e-20
3.62865e-20
3.54712e-20
3.46683e-20
3.3878e-20
3.31001e-20
3.23346e-20
3.15815e-20
3.08408e-20
3.01125e-20
2.93964e-20
2.86925e-20
2.80007e-20
2.73211e-20
2.66535e-20
2.59979e-20
2.53541e-20
2.47222e-20
2.4102e-20
2.34934e-20
2.28963e-20
2.23108e-20
2.17365e-20
2.11735e-20
2.06217e-20
2.00809e-20
1.9551e-20
1.90319e-20
1.85236e-20
1.80258e-20
1.75385e-20
1.70616e-20
1.65948e-20
1.61382e-20
1.56915e-20
1.52547e-20
1.48276e-20
1.44101e-20
1.4002e-20
1.36032e-20
1.32137e-20
1.28331e-20
1.24615e-20
1.20987e-20
1.17445e-20
1.13989e-20
1.10616e-20
1.07325e-20
1.04116e-20
1.00986e-20
9.79341e-21
9.49593e-21
9.20601e-21
8.9235e-21
8.64828e-21
8.38021e-21
8.11915e-21
7.86498e-21
7.61756e-21
7.37675e-21
7.14243e-21
6.91447e-21
6.69274e-21
6.47711e-21
6.26745e-21
6.06364e-21
5.86556e-21
5.67308e-21
5.48607e-21
5.30443e-21
5.12803e-21
4.95675e-21
4.79047e-21
4.62909e-21
4.47249e-21
4.32055e-21
4.17316e-21
4.03022e-21
3.89163e-21
3.75726e-21
3.62703e-21
3.50082e-21
3.37854e-21
3.26009e-21
3.14536e-21
3.03427e-21
2.92672e-21
2.82262e-21
2.72187e-21
2.62439e-21
2.53009e-21
2.43888e-21
2.35069e-21
2.26541e-21
2.18299e-21
2.10333e-21
2.02635e-21
1.95199e-21
1.88017e-21
1.81081e-21
1.74385e-21
1.6792e-21
1.61681e-21
1.55661e-21
1.49854e-21
1.44252e-21
1.38849e-21
1.33641e-21
1.2862e-21
1.2378e-21
1.19118e-21
1.14625e-21
1.10299e-21
1.06132e-21
1.0212e-21
9.82584e-22
9.45418e-22
9.09657e-22
8.75254e-22
8.42165e-22
8.10346e-22
7.79755e-22
7.50351e-22
7.22095e-22
6.94946e-22
6.68868e-22
6.43823e-22
6.19777e-22
5.96694e-22
5.74541e-22
5.53285e-22
5.32894e-22
5.13338e-22
4.94587e-22
4.76612e-22
4.59385e-22
4.42879e-22
4.27068e-22
4.11925e-22
3.97426e-22
3.83548e-22
3.70267e-22
3.57561e-22
3.45408e-22
3.33787e-22
3.22678e-22
3.12061e-22
3.01918e-22
2.9223e-22
2.82979e-22
2.74149e-22
2.65723e-22
2.57684e-22
2.50019e-22
2.42711e-22
2.35747e-22
2.29113e-22
2.22796e-22
2.16783e-22
2.11061e-22
2.0562e-22
2.00446e-22
1.9553e-22
1.90861e-22
1.86429e-22
1.82223e-22
1.78235e-22
1.74456e-22
1.70876e-22
1.67488e-22
1.64284e-22
1.61255e-22
1.58394e-22
1.55695e-22
1.53151e-22
1.50754e-22
1.48499e-22
1.4638e-22
1.44391e-22
1.42527e-22
1.40782e-22
1.3915e-22
1.37628e-22
1.36209e-22
1.34891e-22
1.33667e-22
1.32536e-22
1.31492e-22
1.30533e-22
1.29655e-22
1.28855e-22
1.28129e-22
1.27475e-22
1.2689e-22
1.2637e-22
1.25914e-22
1.25518e-22
1.2518e-22
1.24899e-22
1.24672e-22
1.24496e-22
1.24369e-22
1.2429e-22
1.24255e-22
1.24265e-22
1.24318e-22
1.24412e-22
1.24546e-22
1.24718e-22
1.24927e-22
1.2517e-22
1.25448e-22
1.25758e-22
1.26099e-22
1.26471e-22
1.26872e-22
1.273e-22
1.27756e-22
1.28238e-22
1.28745e-22
1.29276e-22
1.29831e-22
1.30409e-22
1.3101e-22
1.31632e-22
1.32275e-22
1.32938e-22
1.33621e-22
1.34324e-22
1.35045e-22
1.35785e-22
1.36543e-22
1.37318e-22
1.38111e-22
1.38921e-22
1.39748e-22
1.40591e-22
1.4145e-22
1.42325e-22
1.43215e-22
1.44121e-22
1.45043e-22
1.45979e-22
1.46931e-22
1.47897e-22
1.48878e-22
1.49874e-22
1.50884e-22
1.51908e-22
1.52947e-22
1.54e-22
1.55068e-22
1.5615e-22
1.57245e-22
1.58356e-22
1.5948e-22
1.60619e-22
1.61771e-22
1.62938e-22
1.6412e-22
1.65315e-22
1.66525e-22
1.67749e-22
1.68988e-22
1.70242e-22
1.71509e-22
1.72792e-22
1.74089e-22
