5
5e+17
5e+18
13262.1
7.50194e-20
7.50133e-20
7.49821e-20
7.49367e-20
7.4877e-20
7.4803e-20
7.47147e-20
7.4612e-20
7.44952e-20
7.43643e-20
7.42193e-20
7.40603e-20
7.38875e-20
7.37009e-20
7.35005e-20
7.32867e-20
7.30594e-20
7.28187e-20
7.25649e-20
7.2298e-20
7.20183e-20
7.17258e-20
7.14207e-20
7.11032e-20
7.07735e-20
7.04318e-20
7.00782e-20
6.9713e-20
6.93363e-20
6.89483e-20
6.85493e-20
6.81395e-20
6.77191e-20
6.72883e-20
6.68474e-20
6.63965e-20
6.5936e-20
6.54661e-20
6.4987e-20
6.4499e-20
6.40023e-20
6.34972e-20
6.29839e-20
6.24627e-20
6.19339e-20
6.13978e-20
6.08545e-20
6.03045e-20
5.97479e-20
5.9185e-20
5.86161e-20
5.80415e-20
5.74614e-20
5.68762e-20
5.62861e-20
5.56914e-20
5.50923e-20
5.44891e-20
5.38822e-20
5.32717e-20
5.2658e-20
5.20414e-20
5.1422e-20
5.08002e-20
5.01762e-20
4.95503e-20
4.89228e-20
4.82939e-20
4.76639e-20
4.70331e-20
4.64016e-20
4.57698e-20
4.51378e-20
4.4506e-20
4.38745e-20
4.32437e-20
4.26137e-20
4.19847e-20
4.1357e-20
4.07309e-20
4.01064e-20
3.94839e-20
3.88636e-20
3.82455e-20
3.76301e-20
3.70173e-20
3.64075e-20
3.58008e-20
3.51974e-20
3.45974e-20
3.40011e-20
3.34086e-20
3.282e-20
3.22356e-20
3.16554e-20
3.10796e-20
3.05084e-20
2.99418e-20
2.938e-20
2.88232e-20
2.82714e-20
2.77248e-20
2.71834e-20
2.66474e-20
2.61169e-20
2.5592e-20
2.50727e-20
2.45591e-20
2.40514e-20
2.35495e-20
2.30536e-20
2.25637e-20
2.20798e-20
2.16021e-20
2.11306e-20
2.06653e-20
2.02062e-20
1.97535e-20
1.93071e-20
1.8867e-20
1.84333e-20
1.8006e-20
1.75851e-20
1.71706e-20
1.67626e-20
1.63609e-20
1.59657e-20
1.5577e-20
1.51946e-20
1.48186e-20
1.44491e-20
1.40858e-20
1.3729e-20
1.33784e-20
1.30342e-20
1.26962e-20
1.23644e-20
1.20389e-20
1.17195e-20
1.14062e-20
1.10989e-20
1.07977e-20
1.05025e-20
1.02132e-20
9.92977e-21
9.65216e-21
9.38031e-21
9.11417e-21
8.85368e-21
8.59877e-21
8.34938e-21
8.10546e-21
7.86693e-21
7.63373e-21
7.40579e-21
7.18305e-21
6.96545e-21
6.75291e-21
6.54536e-21
6.34274e-21
6.14498e-21
5.95201e-21
5.76375e-21
5.58014e-21
5.40109e-21
5.22655e-21
5.05643e-21
4.89066e-21
4.72919e-21
4.57192e-21
4.4188e-21
4.26976e-21
4.12473e-21
3.98363e-21
3.8464e-21
3.71297e-21
3.58326e-21
3.45721e-21
3.33474e-21
3.21579e-21
3.10028e-21
2.98817e-21
2.87937e-21
2.77382e-21
2.67147e-21
2.57224e-21
2.47606e-21
2.38288e-21
2.29262e-21
2.20522e-21
2.12061e-21
2.03874e-21
1.95953e-21
1.88292e-21
1.80885e-21
1.73725e-21
1.66806e-21
1.60123e-21
1.53669e-21
1.47437e-21
1.41422e-21
1.35619e-21
1.30021e-21
1.24623e-21
1.19418e-21
1.14402e-21
1.09569e-21
1.04914e-21
1.00431e-21
9.61159e-22
9.19627e-22
8.79668e-22
8.41234e-22
8.04276e-22
7.68749e-22
7.34606e-22
7.01803e-22
6.70296e-22
6.40043e-22
6.11001e-22
5.83131e-22
5.56393e-22
5.30747e-22
5.06156e-22
4.82584e-22
4.59994e-22
4.38352e-22
4.17624e-22
3.97776e-22
3.78777e-22
3.60596e-22
3.43201e-22
3.26564e-22
3.10657e-22
2.9545e-22
2.80919e-22
2.67035e-22
2.53775e-22
2.41114e-22
2.29027e-22
2.17493e-22
2.06488e-22
1.95992e-22
1.85984e-22
1.76444e-22
1.67351e-22
1.58689e-22
1.50438e-22
1.42581e-22
1.35101e-22
1.27983e-22
1.2121e-22
1.14768e-22
1.08642e-22
1.02818e-22
9.72827e-23
9.20234e-23
8.70274e-23
8.22829e-23
7.77785e-23
7.35032e-23
6.94463e-23
6.55978e-23
6.19479e-23
5.84872e-23
5.52069e-23
5.20983e-23
4.91533e-23
4.63639e-23
4.37226e-23
4.12222e-23
3.88559e-23
3.66169e-23
3.44991e-23
3.24963e-23
3.06028e-23
2.88131e-23
2.71219e-23
2.55243e-23
2.40153e-23
2.25906e-23
2.12456e-23
1.99764e-23
1.87788e-23
1.76491e-23
1.65838e-23
1.55795e-23
1.46328e-23
1.37407e-23
1.29003e-23
1.21087e-23
1.13633e-23
1.06616e-23
1.00011e-23
9.37967e-24
8.79505e-24
8.24522e-24
7.72823e-24
7.24222e-24
6.78546e-24
6.35629e-24
5.95313e-24
5.57449e-24
5.21897e-24
4.88524e-24
4.57203e-24
4.27814e-24
4.00245e-24
3.74389e-24
3.50145e-24
3.27418e-24
3.06118e-24
2.86159e-24
2.67462e-24
2.4995e-24
2.33552e-24
2.18201e-24
2.03833e-24
1.90387e-24
1.77808e-24
1.66042e-24
1.5504e-24
1.44753e-24
1.35137e-24
1.26151e-24
1.17755e-24
1.09911e-24
1.02587e-24
9.57473e-25
8.93627e-25
8.34038e-25
7.78436e-25
7.26566e-25
6.78187e-25
6.33076e-25
5.91021e-25
5.51825e-25
5.15302e-25
4.81279e-25
4.49591e-25
4.20088e-25
3.92625e-25
3.67069e-25
3.43295e-25
3.21185e-25
3.00629e-25
2.81525e-25
2.63777e-25
2.47295e-25
2.31996e-25
2.17801e-25
2.04637e-25
1.92436e-25
1.81135e-25
1.70674e-25
1.60999e-25
1.52056e-25
1.438e-25
1.36185e-25
1.2917e-25
1.22714e-25
1.16781e-25
1.11341e-25
1.06368e-25
1.01838e-25
9.77254e-26
9.40069e-26
9.06637e-26
8.76739e-26
8.50158e-26
8.26703e-26
8.06306e-26
7.88802e-26
7.74034e-26
7.61856e-26
7.52135e-26
7.44752e-26
7.39597e-26
7.36569e-26
7.35581e-26
7.36551e-26
7.39408e-26
7.44088e-26
7.50537e-26
7.58706e-26
7.68555e-26
7.80049e-26
7.9316e-26
8.07867e-26
8.24154e-26
8.42011e-26
8.61434e-26
8.82423e-26
9.04985e-26
9.2913e-26
9.54875e-26
9.82241e-26
1.01125e-25
1.04194e-25
1.07434e-25
1.1085e-25
