5
1e+17
1e+19
13262.1
7.18552e-20
7.18293e-20
7.17431e-20
7.16424e-20
7.15289e-20
7.14034e-20
7.1266e-20
7.11169e-20
7.09563e-20
7.07842e-20
7.06009e-20
7.04064e-20
7.02009e-20
6.99843e-20
6.97569e-20
6.95186e-20
6.92696e-20
6.90101e-20
6.874e-20
6.84596e-20
6.81689e-20
6.78682e-20
6.75576e-20
6.72371e-20
6.6907e-20
6.65674e-20
6.62184e-20
6.58603e-20
6.54932e-20
6.51172e-20
6.47325e-20
6.43394e-20
6.3938e-20
6.35284e-20
6.31109e-20
6.26856e-20
6.22528e-20
6.18126e-20
6.13652e-20
6.09109e-20
6.04498e-20
5.99821e-20
5.95081e-20
5.90279e-20
5.85418e-20
5.80499e-20
5.75525e-20
5.70497e-20
5.65419e-20
5.60291e-20
5.55117e-20
5.49898e-20
5.44636e-20
5.39335e-20
5.33994e-20
5.28618e-20
5.23208e-20
5.17765e-20
5.12293e-20
5.06794e-20
5.01268e-20
4.9572e-20
4.9015e-20
4.8456e-20
4.78954e-20
4.73332e-20
4.67697e-20
4.62051e-20
4.56396e-20
4.50734e-20
4.45066e-20
4.39395e-20
4.33723e-20
4.28051e-20
4.22381e-20
4.16716e-20
4.11057e-20
4.05405e-20
3.99763e-20
3.94132e-20
3.88513e-20
3.8291e-20
3.77322e-20
3.71753e-20
3.66202e-20
3.60673e-20
3.55165e-20
3.49682e-20
3.44224e-20
3.38792e-20
3.33388e-20
3.28014e-20
3.2267e-20
3.17358e-20
3.12079e-20
3.06834e-20
3.01624e-20
2.96451e-20
2.91315e-20
2.86217e-20
2.81159e-20
2.76142e-20
2.71166e-20
2.66232e-20
2.6134e-20
2.56493e-20
2.5169e-20
2.46933e-20
2.42222e-20
2.37557e-20
2.32939e-20
2.28369e-20
2.23848e-20
2.19375e-20
2.14952e-20
2.10578e-20
2.06255e-20
2.01982e-20
1.9776e-20
1.93589e-20
1.8947e-20
1.85402e-20
1.81387e-20
1.77423e-20
1.73511e-20
1.69652e-20
1.65845e-20
1.62091e-20
1.58389e-20
1.5474e-20
1.51144e-20
1.47599e-20
1.44107e-20
1.40668e-20
1.3728e-20
1.33945e-20
1.30661e-20
1.2743e-20
1.24249e-20
1.2112e-20
1.18042e-20
1.15014e-20
1.12037e-20
1.0911e-20
1.06233e-20
1.03405e-20
1.00626e-20
9.78959e-21
9.52142e-21
9.25804e-21
8.9994e-21
8.74548e-21
8.49621e-21
8.25157e-21
8.01151e-21
7.77602e-21
7.54506e-21
7.3186e-21
7.09662e-21
6.87909e-21
6.66596e-21
6.45719e-21
6.25275e-21
6.05259e-21
5.85667e-21
5.66496e-21
5.47742e-21
5.29402e-21
5.11472e-21
4.93951e-21
4.76837e-21
4.60128e-21
4.43822e-21
4.27916e-21
4.12408e-21
3.97293e-21
3.82567e-21
3.68227e-21
3.54267e-21
3.40684e-21
3.27477e-21
3.14645e-21
3.02184e-21
2.90092e-21
2.78366e-21
2.67001e-21
2.55994e-21
2.45338e-21
2.3503e-21
2.25062e-21
2.1543e-21
2.06128e-21
1.97148e-21
1.88485e-21
1.80132e-21
1.72081e-21
1.64326e-21
1.5686e-21
1.49676e-21
1.42766e-21
1.36124e-21
1.29741e-21
1.23611e-21
1.17727e-21
1.12081e-21
1.06667e-21
1.01476e-21
9.65032e-22
9.17404e-22
8.7181e-22
8.28184e-22
7.86458e-22
7.46568e-22
7.08449e-22
6.72039e-22
6.37276e-22
6.041e-22
5.72451e-22
5.42272e-22
5.13507e-22
4.86101e-22
4.60001e-22
4.35154e-22
4.11509e-22
3.89019e-22
3.67635e-22
3.4731e-22
3.28001e-22
3.09662e-22
2.92254e-22
2.75733e-22
2.60063e-22
2.45203e-22
2.31119e-22
2.17773e-22
2.05134e-22
1.93166e-22
1.8184e-22
1.71124e-22
1.6099e-22
1.51409e-22
1.42355e-22
1.338e-22
1.25722e-22
1.18096e-22
1.10899e-22
1.04109e-22
9.77066e-23
9.16704e-23
8.59819e-23
8.06228e-23
7.55758e-23
7.08243e-23
6.63526e-23
6.21454e-23
5.81885e-23
5.44683e-23
5.09716e-23
4.76862e-23
4.46002e-23
4.17024e-23
3.89823e-23
3.64298e-23
3.40352e-23
3.17895e-23
2.96841e-23
2.77109e-23
2.5862e-23
2.41302e-23
2.25085e-23
2.09905e-23
1.95698e-23
1.82406e-23
1.69975e-23
1.58351e-23
1.47485e-23
1.37331e-23
1.27845e-23
1.18985e-23
1.10713e-23
1.02991e-23
9.57844e-24
8.90613e-24
8.27907e-24
7.69437e-24
7.14931e-24
6.64133e-24
6.16805e-24
5.72719e-24
5.31666e-24
4.93445e-24
4.57871e-24
4.24768e-24
3.93972e-24
3.65331e-24
3.38699e-24
3.13941e-24
2.90932e-24
2.69553e-24
2.49693e-24
2.31248e-24
2.14123e-24
1.98225e-24
1.8347e-24
1.6978e-24
1.57081e-24
1.45303e-24
1.34381e-24
1.24257e-24
1.14873e-24
1.06178e-24
9.81228e-25
9.06616e-25
8.37521e-25
7.73551e-25
7.14337e-25
6.59537e-25
6.08831e-25
5.61925e-25
5.18541e-25
4.78424e-25
4.41334e-25
4.0705e-25
3.75366e-25
3.4609e-25
3.19045e-25
2.94065e-25
2.70996e-25
2.49698e-25
2.30036e-25
2.11889e-25
1.95144e-25
1.79694e-25
1.65442e-25
1.52298e-25
1.40177e-25
1.29001e-25
1.187e-25
1.09205e-25
1.00456e-25
9.23949e-26
8.49689e-26
7.81292e-26
7.18305e-26
6.6031e-26
6.06919e-26
5.57775e-26
5.12547e-26
4.70929e-26
4.32639e-26
3.97416e-26
3.6502e-26
3.35228e-26
3.07835e-26
2.82652e-26
2.59504e-26
2.38229e-26
2.18679e-26
2.00717e-26
1.84216e-26
1.6906e-26
1.55139e-26
1.42358e-26
1.30625e-26
1.1986e-26
1.09985e-26
1.0093e-26
9.26305e-27
8.50264e-27
7.80614e-27
7.16843e-27
6.58522e-27
6.05216e-27
5.56526e-27
5.12086e-27
4.7156e-27
4.34639e-27
4.01042e-27
3.70511e-27
3.42812e-27
3.1773e-27
2.95069e-27
2.74651e-27
2.56316e-27
2.39918e-27
2.25323e-27
2.12415e-27
2.01087e-27
1.91244e-27
1.82803e-27
1.75689e-27
1.6984e-27
1.652e-27
1.61723e-27
1.59373e-27
1.58119e-27
1.57941e-27
1.58823e-27
1.60759e-27
1.6375e-27
1.67805e-27
