2.5
1e+16
5e+17
9377.69
2.16877e-19
2.16867e-19
2.16798e-19
2.16687e-19
2.16535e-19
2.16339e-19
2.16101e-19
2.1582e-19
2.15496e-19
2.1513e-19
2.14722e-19
2.14272e-19
2.13781e-19
2.13248e-19
2.12674e-19
2.12059e-19
2.11404e-19
2.10709e-19
2.09974e-19
2.09201e-19
2.08388e-19
2.07538e-19
2.0665e-19
2.05724e-19
2.04762e-19
2.03764e-19
2.0273e-19
2.01662e-19
2.00559e-19
1.99422e-19
1.98252e-19
1.9705e-19
1.95816e-19
1.94551e-19
1.93256e-19
1.91931e-19
1.90577e-19
1.89195e-19
1.87786e-19
1.8635e-19
1.84888e-19
1.83401e-19
1.8189e-19
1.80356e-19
1.78798e-19
1.77219e-19
1.75619e-19
1.73998e-19
1.72359e-19
1.707e-19
1.69024e-19
1.67331e-19
1.65622e-19
1.63898e-19
1.62159e-19
1.60407e-19
1.58642e-19
1.56865e-19
1.55078e-19
1.5328e-19
1.51472e-19
1.49657e-19
1.47833e-19
1.46003e-19
1.44167e-19
1.42325e-19
1.40479e-19
1.38629e-19
1.36777e-19
1.34922e-19
1.33066e-19
1.31209e-19
1.29352e-19
1.27497e-19
1.25642e-19
1.23791e-19
1.21942e-19
1.20096e-19
1.18256e-19
1.1642e-19
1.1459e-19
1.12766e-19
1.10949e-19
1.09139e-19
1.07338e-19
1.05546e-19
1.03762e-19
1.01989e-19
1.00226e-19
9.84732e-20
9.67322e-20
9.50031e-20
9.32863e-20
9.15823e-20
8.98915e-20
8.82143e-20
8.65512e-20
8.49025e-20
8.32686e-20
8.16499e-20
8.00467e-20
7.84594e-20
7.68882e-20
7.53335e-20
7.37955e-20
7.22745e-20
7.07707e-20
6.92844e-20
6.78159e-20
6.63652e-20
6.49326e-20
6.35183e-20
6.21224e-20
6.07451e-20
5.93865e-20
5.80467e-20
5.67258e-20
5.54239e-20
5.41411e-20
5.28775e-20
5.16331e-20
5.04079e-20
4.9202e-20
4.80154e-20
4.6848e-20
4.56999e-20
4.45711e-20
4.34615e-20
4.23711e-20
4.12998e-20
4.02476e-20
3.92143e-20
3.82e-20
3.72045e-20
3.62277e-20
3.52695e-20
3.43298e-20
3.34085e-20
3.25055e-20
3.16205e-20
3.07536e-20
2.99044e-20
2.90729e-20
2.82588e-20
2.74621e-20
2.66825e-20
2.59199e-20
2.51741e-20
2.44448e-20
2.3732e-20
2.30353e-20
2.23546e-20
2.16897e-20
2.10404e-20
2.04065e-20
1.97877e-20
1.91838e-20
1.85947e-20
1.802e-20
1.74597e-20
1.69133e-20
1.63808e-20
1.58619e-20
1.53564e-20
1.4864e-20
1.43845e-20
1.39178e-20
1.34634e-20
1.30213e-20
1.25912e-20
1.21729e-20
1.17661e-20
1.13706e-20
1.09862e-20
1.06127e-20
1.02498e-20
9.89737e-21
9.55512e-21
9.22286e-21
8.90036e-21
8.58741e-21
8.2838e-21
7.98931e-21
7.70374e-21
7.42689e-21
7.15853e-21
6.89848e-21
6.64653e-21
6.40249e-21
6.16616e-21
5.93734e-21
5.71586e-21
5.50151e-21
5.29413e-21
5.09352e-21
4.89951e-21
4.71192e-21
4.53059e-21
4.35533e-21
4.18599e-21
4.0224e-21
3.8644e-21
3.71183e-21
3.56454e-21
3.42237e-21
3.28519e-21
3.15283e-21
3.02516e-21
2.90204e-21
2.78333e-21
2.66891e-21
2.55863e-21
2.45236e-21
2.35e-21
2.2514e-21
2.15646e-21
2.06506e-21
1.97708e-21
1.89241e-21
1.81096e-21
1.73261e-21
1.65727e-21
1.58484e-21
1.51521e-21
1.44831e-21
1.38402e-21
1.32228e-21
1.26298e-21
1.20605e-21
1.1514e-21
1.09896e-21
1.04864e-21
1.00037e-21
9.54077e-22
9.09692e-22
8.67145e-22
8.26371e-22
7.87303e-22
7.49882e-22
7.14048e-22
6.79744e-22
6.46914e-22
6.15503e-22
5.85458e-22
5.56729e-22
5.29266e-22
5.03019e-22
4.77943e-22
4.5399e-22
4.31117e-22
4.09281e-22
3.88439e-22
3.68553e-22
3.49583e-22
3.31496e-22
3.14256e-22
2.97829e-22
2.82183e-22
2.67287e-22
2.53108e-22
2.39618e-22
2.26786e-22
2.14586e-22
2.0299e-22
1.91971e-22
1.81505e-22
1.71566e-22
1.62132e-22
1.53179e-22
1.44685e-22
1.3663e-22
1.28993e-22
1.21754e-22
1.14895e-22
1.08397e-22
1.02244e-22
9.64181e-23
9.09043e-23
8.56869e-23
8.07515e-23
7.60839e-23
7.16709e-23
6.74995e-23
6.35576e-23
5.98335e-23
5.63159e-23
5.29944e-23
4.98586e-23
4.68989e-23
4.41062e-23
4.14714e-23
3.89864e-23
3.66431e-23
3.44339e-23
3.23516e-23
3.03894e-23
2.85407e-23
2.67994e-23
2.51594e-23
2.36154e-23
2.21619e-23
2.07939e-23
1.95067e-23
1.82958e-23
1.71567e-23
1.60856e-23
1.50786e-23
1.41319e-23
1.32422e-23
1.24062e-23
1.16208e-23
1.08831e-23
1.01904e-23
9.53992e-24
8.92932e-24
8.35625e-24
7.81849e-24
7.31398e-24
6.84074e-24
6.39692e-24
5.98078e-24
5.59067e-24
5.22502e-24
4.88237e-24
4.56134e-24
4.26062e-24
3.97898e-24
3.71526e-24
3.46836e-24
3.23726e-24
3.021e-24
2.81865e-24
2.62936e-24
2.45233e-24
2.28678e-24
2.132e-24
1.98733e-24
1.85212e-24
1.72579e-24
1.60777e-24
1.49755e-24
1.39462e-24
1.29852e-24
1.20882e-24
1.1251e-24
1.04698e-24
9.74106e-25
9.06133e-25
8.42745e-25
7.83645e-25
7.28551e-25
6.77204e-25
6.29358e-25
5.84782e-25
5.43262e-25
5.04594e-25
4.68591e-25
4.35075e-25
4.0388e-25
3.74852e-25
3.47845e-25
3.22723e-25
2.9936e-25
2.77636e-25
2.57441e-25
2.3867e-25
2.21228e-25
2.05022e-25
1.89969e-25
1.7599e-25
1.6301e-25
1.50961e-25
1.39779e-25
1.29404e-25
1.1978e-25
1.10855e-25
1.0258e-25
9.49113e-26
8.78057e-26
8.12247e-26
7.5132e-26
6.9494e-26
6.42795e-26
5.94596e-26
5.50077e-26
5.08991e-26
4.71111e-26
4.36229e-26
4.04155e-26
3.74712e-26
3.47744e-26
3.23107e-26
3.00672e-26
2.80325e-26
2.61966e-26
2.45505e-26
2.3087e-26
2.17997e-26
2.06839e-26
1.97357e-26
1.89529e-26
