5
5e+17
1e+19
13262.1
7.39837e-20
7.39749e-20
7.39367e-20
7.38844e-20
7.38182e-20
7.37382e-20
7.36444e-20
7.3537e-20
7.3416e-20
7.32814e-20
7.31334e-20
7.2972e-20
7.27974e-20
7.26096e-20
7.24087e-20
7.21948e-20
7.19681e-20
7.17286e-20
7.14765e-20
7.1212e-20
7.09351e-20
7.06461e-20
7.0345e-20
7.00321e-20
6.97075e-20
6.93714e-20
6.9024e-20
6.86654e-20
6.82959e-20
6.79156e-20
6.75247e-20
6.71235e-20
6.67122e-20
6.62909e-20
6.586e-20
6.54196e-20
6.49699e-20
6.45112e-20
6.40437e-20
6.35676e-20
6.30833e-20
6.25909e-20
6.20907e-20
6.15829e-20
6.10678e-20
6.05456e-20
6.00166e-20
5.94811e-20
5.89393e-20
5.83914e-20
5.78378e-20
5.72787e-20
5.67143e-20
5.61449e-20
5.55708e-20
5.49922e-20
5.44094e-20
5.38227e-20
5.32322e-20
5.26384e-20
5.20414e-20
5.14415e-20
5.08389e-20
5.0234e-20
4.96269e-20
4.90179e-20
4.84073e-20
4.77953e-20
4.71821e-20
4.65681e-20
4.59533e-20
4.53382e-20
4.47228e-20
4.41075e-20
4.34924e-20
4.28779e-20
4.2264e-20
4.16511e-20
4.10393e-20
4.04288e-20
3.98199e-20
3.92128e-20
3.86076e-20
3.80046e-20
3.74039e-20
3.68058e-20
3.62104e-20
3.56178e-20
3.50283e-20
3.4442e-20
3.38591e-20
3.32797e-20
3.27041e-20
3.21323e-20
3.15645e-20
3.10008e-20
3.04414e-20
2.98863e-20
2.93358e-20
2.87899e-20
2.82488e-20
2.77126e-20
2.71813e-20
2.66551e-20
2.61341e-20
2.56183e-20
2.51078e-20
2.46028e-20
2.41033e-20
2.36094e-20
2.31211e-20
2.26386e-20
2.21618e-20
2.16908e-20
2.12257e-20
2.07665e-20
2.03133e-20
1.9866e-20
1.94248e-20
1.89897e-20
1.85606e-20
1.81377e-20
1.77209e-20
1.73102e-20
1.69056e-20
1.65072e-20
1.6115e-20
1.57289e-20
1.53489e-20
1.49751e-20
1.46075e-20
1.42459e-20
1.38904e-20
1.35411e-20
1.31977e-20
1.28604e-20
1.25291e-20
1.22038e-20
1.18844e-20
1.15709e-20
1.12633e-20
1.09615e-20
1.06655e-20
1.03751e-20
1.00905e-20
9.81156e-21
9.53817e-21
9.27031e-21
9.00793e-21
8.75098e-21
8.4994e-21
8.25312e-21
8.0121e-21
7.77626e-21
7.54556e-21
7.31993e-21
7.09932e-21
6.88366e-21
6.6729e-21
6.46697e-21
6.26581e-21
6.06936e-21
5.87755e-21
5.69031e-21
5.50758e-21
5.3293e-21
5.1554e-21
4.98581e-21
4.82047e-21
4.65933e-21
4.50231e-21
4.34937e-21
4.20045e-21
4.05547e-21
3.91437e-21
3.7771e-21
3.64359e-21
3.51377e-21
3.38758e-21
3.26494e-21
3.14582e-21
3.03015e-21
2.91787e-21
2.80893e-21
2.70327e-21
2.60082e-21
2.50153e-21
2.40532e-21
2.31215e-21
2.22194e-21
2.13463e-21
2.05017e-21
1.96847e-21
1.88949e-21
1.81316e-21
1.73941e-21
1.66818e-21
1.59941e-21
1.53304e-21
1.469e-21
1.40724e-21
1.34769e-21
1.29029e-21
1.23498e-21
1.18171e-21
1.13042e-21
1.08105e-21
1.03354e-21
9.87836e-22
9.43889e-22
9.01643e-22
8.61044e-22
8.22043e-22
7.84587e-22
7.48627e-22
7.14115e-22
6.81003e-22
6.49245e-22
6.18795e-22
5.89608e-22
5.61641e-22
5.34851e-22
5.09198e-22
4.84641e-22
4.6114e-22
4.38657e-22
4.17155e-22
3.96597e-22
3.76949e-22
3.58175e-22
3.40243e-22
3.2312e-22
3.06775e-22
2.91177e-22
2.76297e-22
2.62105e-22
2.48576e-22
2.3568e-22
2.23394e-22
2.1169e-22
2.00546e-22
1.89938e-22
1.79842e-22
1.70237e-22
1.61103e-22
1.52418e-22
1.44163e-22
1.36318e-22
1.28867e-22
1.21791e-22
1.15073e-22
1.08698e-22
1.02648e-22
9.69105e-23
9.14697e-23
8.63119e-23
8.1424e-23
7.67932e-23
7.24071e-23
6.82542e-23
6.4323e-23
6.06029e-23
5.70835e-23
5.37549e-23
5.06077e-23
4.76328e-23
4.48217e-23
4.2166e-23
3.96578e-23
3.72896e-23
3.50542e-23
3.29448e-23
3.09548e-23
2.9078e-23
2.73083e-23
2.56402e-23
2.40682e-23
2.25872e-23
2.11923e-23
1.98789e-23
1.86425e-23
1.74789e-23
1.63841e-23
1.53543e-23
1.4386e-23
1.34756e-23
1.26199e-23
1.18159e-23
1.10607e-23
1.03514e-23
9.68536e-24
9.06021e-24
8.47354e-24
7.92313e-24
7.40685e-24
6.92271e-24
6.46883e-24
6.04341e-24
5.64477e-24
5.27132e-24
4.92154e-24
4.59401e-24
4.2874e-24
4.00043e-24
3.73191e-24
3.48071e-24
3.24578e-24
3.0261e-24
2.82073e-24
2.62879e-24
2.44944e-24
2.28188e-24
2.12539e-24
1.97926e-24
1.84284e-24
1.7155e-24
1.59668e-24
1.48582e-24
1.38242e-24
1.28599e-24
1.19608e-24
1.11227e-24
1.03416e-24
9.61384e-25
8.93586e-25
8.30439e-25
7.71637e-25
7.16893e-25
6.65936e-25
6.18514e-25
5.74391e-25
5.33346e-25
4.9517e-25
4.59672e-25
4.26669e-25
3.95992e-25
3.67483e-25
3.40994e-25
3.16386e-25
2.9353e-25
2.72306e-25
2.52601e-25
2.3431e-25
2.17335e-25
2.01584e-25
1.86972e-25
1.7342e-25
1.60853e-25
1.49201e-25
1.38402e-25
1.28394e-25
1.19122e-25
1.10534e-25
1.02581e-25
9.52189e-26
8.84052e-26
8.21012e-26
7.62706e-26
7.08799e-26
6.58977e-26
6.12947e-26
5.70436e-26
5.31203e-26
4.95034e-26
4.61722e-26
4.3108e-26
4.02922e-26
3.77091e-26
3.53426e-26
3.31775e-26
3.12e-26
2.94006e-26
2.77674e-26
2.62895e-26
2.49565e-26
2.37591e-26
2.26888e-26
2.17375e-26
2.08982e-26
2.01642e-26
1.95296e-26
1.8989e-26
1.85374e-26
1.81705e-26
1.78842e-26
1.76752e-26
1.75402e-26
1.74766e-26
1.74821e-26
1.75546e-26
1.76926e-26
1.78947e-26
1.81599e-26
1.84875e-26
1.88771e-26
1.93286e-26
1.98421e-26
2.0418e-26
2.10571e-26
2.17604e-26
2.25289e-26
