5
1e+17
1e+18
13262.1
7.52981e-20
7.52922e-20
7.52614e-20
7.52163e-20
7.51567e-20
7.50827e-20
7.49943e-20
7.48915e-20
7.47744e-20
7.46431e-20
7.44976e-20
7.4338e-20
7.41644e-20
7.39769e-20
7.37756e-20
7.35606e-20
7.33321e-20
7.30902e-20
7.2835e-20
7.25666e-20
7.22852e-20
7.1991e-20
7.16841e-20
7.13647e-20
7.1033e-20
7.06892e-20
7.03334e-20
6.99659e-20
6.95868e-20
6.91964e-20
6.87948e-20
6.83824e-20
6.79593e-20
6.75257e-20
6.70819e-20
6.66281e-20
6.61646e-20
6.56916e-20
6.52094e-20
6.47182e-20
6.42182e-20
6.37098e-20
6.31932e-20
6.26686e-20
6.21364e-20
6.15967e-20
6.105e-20
6.04963e-20
5.99361e-20
5.93696e-20
5.8797e-20
5.82187e-20
5.76349e-20
5.7046e-20
5.64521e-20
5.58536e-20
5.52507e-20
5.46437e-20
5.4033e-20
5.34187e-20
5.28012e-20
5.21807e-20
5.15575e-20
5.09319e-20
5.03041e-20
4.96745e-20
4.90432e-20
4.84106e-20
4.77768e-20
4.71423e-20
4.65071e-20
4.58716e-20
4.5236e-20
4.46006e-20
4.39655e-20
4.33311e-20
4.26976e-20
4.20651e-20
4.1434e-20
4.08045e-20
4.01767e-20
3.95509e-20
3.89272e-20
3.8306e-20
3.76874e-20
3.70715e-20
3.64586e-20
3.58489e-20
3.52425e-20
3.46397e-20
3.40405e-20
3.34452e-20
3.28539e-20
3.22668e-20
3.16839e-20
3.11056e-20
3.05318e-20
2.99628e-20
2.93987e-20
2.88395e-20
2.82855e-20
2.77367e-20
2.71932e-20
2.66551e-20
2.61226e-20
2.55957e-20
2.50745e-20
2.45592e-20
2.40496e-20
2.35461e-20
2.30485e-20
2.2557e-20
2.20717e-20
2.15925e-20
2.11196e-20
2.0653e-20
2.01927e-20
1.97387e-20
1.92911e-20
1.88499e-20
1.84152e-20
1.79869e-20
1.75651e-20
1.71497e-20
1.67409e-20
1.63385e-20
1.59426e-20
1.55531e-20
1.51701e-20
1.47936e-20
1.44235e-20
1.40598e-20
1.37026e-20
1.33516e-20
1.30071e-20
1.26688e-20
1.23368e-20
1.2011e-20
1.16914e-20
1.1378e-20
1.10707e-20
1.07694e-20
1.04742e-20
1.01849e-20
9.90153e-21
9.624e-21
9.35228e-21
9.08628e-21
8.82597e-21
8.57126e-21
8.32211e-21
8.07845e-21
7.8402e-21
7.60731e-21
7.3797e-21
7.15731e-21
6.94008e-21
6.72793e-21
6.5208e-21
6.31861e-21
6.12129e-21
5.92878e-21
5.74099e-21
5.55786e-21
5.37931e-21
5.20527e-21
5.03567e-21
4.87043e-21
4.70949e-21
4.55277e-21
4.40019e-21
4.2517e-21
4.10722e-21
3.96668e-21
3.83001e-21
3.69713e-21
3.56798e-21
3.44248e-21
3.32057e-21
3.20216e-21
3.08721e-21
2.97563e-21
2.86737e-21
2.76235e-21
2.66052e-21
2.5618e-21
2.46613e-21
2.37344e-21
2.28367e-21
2.19674e-21
2.1126e-21
2.03118e-21
1.95242e-21
1.87624e-21
1.80259e-21
1.73141e-21
1.66262e-21
1.59617e-21
1.532e-21
1.47005e-21
1.41025e-21
1.35256e-21
1.29691e-21
1.24324e-21
1.1915e-21
1.14163e-21
1.09358e-21
1.0473e-21
1.00273e-21
9.59821e-22
9.18525e-22
8.78792e-22
8.40573e-22
8.0382e-22
7.68488e-22
7.3453e-22
7.01902e-22
6.70562e-22
6.40465e-22
6.11572e-22
5.83841e-22
5.57234e-22
5.31711e-22
5.07235e-22
4.8377e-22
4.6128e-22
4.39731e-22
4.19089e-22
3.9932e-22
3.80394e-22
3.62279e-22
3.44945e-22
3.28363e-22
3.12504e-22
2.97342e-22
2.82849e-22
2.68999e-22
2.55768e-22
2.43132e-22
2.31066e-22
2.19548e-22
2.08557e-22
1.9807e-22
1.88068e-22
1.7853e-22
1.69437e-22
1.60771e-22
1.52514e-22
1.44648e-22
1.37157e-22
1.30025e-22
1.23237e-22
1.16777e-22
1.10632e-22
1.04787e-22
9.92287e-23
9.39451e-23
8.89236e-23
8.41524e-23
7.96202e-23
7.5316e-23
7.12293e-23
6.73502e-23
6.3669e-23
6.01764e-23
5.68636e-23
5.37221e-23
5.07437e-23
4.79207e-23
4.52456e-23
4.27111e-23
4.03106e-23
3.80374e-23
3.58853e-23
3.38483e-23
3.19207e-23
3.0097e-23
2.8372e-23
2.67408e-23
2.51986e-23
2.37408e-23
2.23632e-23
2.10616e-23
1.98321e-23
1.8671e-23
1.75746e-23
1.65396e-23
1.55628e-23
1.46411e-23
1.37715e-23
1.29513e-23
1.21779e-23
1.14486e-23
1.07612e-23
1.01133e-23
9.5029e-24
8.92781e-24
8.38613e-24
7.87603e-24
7.39575e-24
6.94364e-24
6.51812e-24
6.11771e-24
5.741e-24
5.38664e-24
5.05337e-24
4.74e-24
4.44539e-24
4.16846e-24
3.90819e-24
3.66364e-24
3.43389e-24
3.21808e-24
3.01539e-24
2.82507e-24
2.64639e-24
2.47867e-24
2.32125e-24
2.17354e-24
2.03495e-24
1.90494e-24
1.783e-24
1.66865e-24
1.56143e-24
1.46091e-24
1.36669e-24
1.27839e-24
1.19565e-24
1.11813e-24
1.04552e-24
9.77501e-25
9.13808e-25
8.5417e-25
7.98339e-25
7.46078e-25
6.97168e-25
6.51401e-25
6.08581e-25
5.68526e-25
5.31062e-25
4.96028e-25
4.63272e-25
4.3265e-25
4.04029e-25
3.77283e-25
3.52294e-25
3.2895e-25
3.07148e-25
2.86791e-25
2.67786e-25
2.50049e-25
2.33499e-25
2.1806e-25
2.03662e-25
1.90239e-25
1.7773e-25
1.66076e-25
1.55224e-25
1.45122e-25
1.35724e-25
1.26985e-25
1.18863e-25
1.1132e-25
1.04324e-25
9.78427e-26
9.18465e-26
8.63062e-26
8.11969e-26
7.6493e-26
7.21701e-26
6.8206e-26
6.45854e-26
6.12892e-26
5.82993e-26
5.55993e-26
5.31737e-26
5.10087e-26
4.90913e-26
4.74099e-26
4.59539e-26
4.47136e-26
4.36804e-26
4.28466e-26
4.22052e-26
4.17502e-26
4.14764e-26
4.13791e-26
4.14548e-26
4.17001e-26
4.21128e-26
4.26911e-26
4.34338e-26
4.43404e-26
4.5411e-26
4.66463e-26
4.80474e-26
4.96162e-26
5.1355e-26
5.32667e-26
5.53548e-26
5.76234e-26
