7.5
1e+16
5e+17
16242.6
4.40731e-20
4.40379e-20
4.39299e-20
4.38106e-20
4.36831e-20
4.35484e-20
4.34068e-20
4.32586e-20
4.31041e-20
4.29433e-20
4.27764e-20
4.26034e-20
4.24243e-20
4.22393e-20
4.20483e-20
4.18514e-20
4.16488e-20
4.14405e-20
4.12266e-20
4.10072e-20
4.07825e-20
4.05524e-20
4.0317e-20
4.00766e-20
3.98312e-20
3.95809e-20
3.93258e-20
3.9066e-20
3.88016e-20
3.85328e-20
3.82596e-20
3.79822e-20
3.77007e-20
3.74152e-20
3.71259e-20
3.68327e-20
3.6536e-20
3.62357e-20
3.5932e-20
3.56251e-20
3.53151e-20
3.5002e-20
3.4686e-20
3.43673e-20
3.40459e-20
3.3722e-20
3.33957e-20
3.30671e-20
3.27364e-20
3.24037e-20
3.20692e-20
3.17328e-20
3.13948e-20
3.10553e-20
3.07144e-20
3.03722e-20
3.00289e-20
2.96846e-20
2.93393e-20
2.89933e-20
2.86466e-20
2.82993e-20
2.79517e-20
2.76037e-20
2.72554e-20
2.69071e-20
2.65589e-20
2.62107e-20
2.58628e-20
2.55152e-20
2.51681e-20
2.48215e-20
2.44756e-20
2.41305e-20
2.37862e-20
2.34428e-20
2.31005e-20
2.27593e-20
2.24193e-20
2.20807e-20
2.17434e-20
2.14077e-20
2.10735e-20
2.07409e-20
2.04101e-20
2.00811e-20
1.9754e-20
1.94288e-20
1.91056e-20
1.87845e-20
1.84656e-20
1.81489e-20
1.78345e-20
1.75224e-20
1.72127e-20
1.69054e-20
1.66006e-20
1.62984e-20
1.59988e-20
1.57018e-20
1.54076e-20
1.5116e-20
1.48272e-20
1.45412e-20
1.4258e-20
1.39778e-20
1.37004e-20
1.34259e-20
1.31544e-20
1.28859e-20
1.26204e-20
1.23579e-20
1.20984e-20
1.1842e-20
1.15886e-20
1.13384e-20
1.10912e-20
1.08471e-20
1.06062e-20
1.03683e-20
1.01336e-20
9.90193e-21
9.67343e-21
9.44803e-21
9.22574e-21
9.00656e-21
8.79049e-21
8.57753e-21
8.36769e-21
8.16097e-21
7.95738e-21
7.7569e-21
7.55953e-21
7.36527e-21
7.17412e-21
6.98605e-21
6.80109e-21
6.6192e-21
6.44042e-21
6.26474e-21
6.09217e-21
5.92271e-21
5.75638e-21
5.59316e-21
5.43305e-21
5.27604e-21
5.12211e-21
4.97127e-21
4.82356e-21
4.67896e-21
4.53748e-21
4.39912e-21
4.26387e-21
4.13172e-21
4.00266e-21
3.87666e-21
3.7537e-21
3.63375e-21
3.51679e-21
3.40279e-21
3.29171e-21
3.18351e-21
3.07816e-21
2.97563e-21
2.87586e-21
2.77882e-21
2.68447e-21
2.59275e-21
2.50363e-21
2.41705e-21
2.33298e-21
2.25136e-21
2.17214e-21
2.09529e-21
2.02074e-21
1.94845e-21
1.87837e-21
1.81046e-21
1.74466e-21
1.68092e-21
1.6192e-21
1.55945e-21
1.50162e-21
1.44567e-21
1.39154e-21
1.33919e-21
1.28857e-21
1.23964e-21
1.19236e-21
1.14667e-21
1.10254e-21
1.05991e-21
1.01876e-21
9.79038e-22
9.407e-22
9.03708e-22
8.68022e-22
8.33605e-22
8.00417e-22
7.68422e-22
7.37583e-22
7.07864e-22
6.79231e-22
6.51649e-22
6.25086e-22
5.99507e-22
5.74883e-22
5.51181e-22
5.28372e-22
5.06426e-22
4.85314e-22
4.65009e-22
4.45483e-22
4.2671e-22
4.08664e-22
3.9132e-22
3.74654e-22
3.58642e-22
3.43261e-22
3.28489e-22
3.14304e-22
3.00686e-22
2.87613e-22
2.75067e-22
2.63028e-22
2.51477e-22
2.40397e-22
2.2977e-22
2.1958e-22
2.0981e-22
2.00444e-22
1.91467e-22
1.82865e-22
1.74622e-22
1.66726e-22
1.59164e-22
1.51921e-22
1.44986e-22
1.38347e-22
1.31992e-22
1.2591e-22
1.2009e-22
1.14522e-22
1.09196e-22
1.04101e-22
9.92301e-23
9.45725e-23
9.012e-23
8.58642e-23
8.17971e-23
7.7911e-23
7.41984e-23
7.06521e-23
6.72652e-23
6.40311e-23
6.09433e-23
5.79957e-23
5.51824e-23
5.24977e-23
4.99361e-23
4.74924e-23
4.51614e-23
4.29385e-23
4.08188e-23
3.87979e-23
3.68715e-23
3.50355e-23
3.32859e-23
3.16189e-23
3.00308e-23
2.85182e-23
2.70778e-23
2.57062e-23
2.44004e-23
2.31574e-23
2.19744e-23
2.08487e-23
1.97777e-23
1.87588e-23
1.77898e-23
1.68682e-23
1.5992e-23
1.51589e-23
1.43671e-23
1.36146e-23
1.28995e-23
1.22201e-23
1.15748e-23
1.09618e-23
1.03798e-23
9.82711e-24
9.30245e-24
8.80445e-24
8.33184e-24
7.88339e-24
7.45794e-24
7.05436e-24
6.6716e-24
6.30864e-24
5.96451e-24
5.63828e-24
5.32908e-24
5.03605e-24
4.7584e-24
4.49537e-24
4.24622e-24
4.01026e-24
3.78682e-24
3.57528e-24
3.37503e-24
3.18551e-24
3.00615e-24
2.83646e-24
2.67593e-24
2.52409e-24
2.38049e-24
2.24471e-24
2.11635e-24
1.99501e-24
1.88034e-24
1.77198e-24
1.6696e-24
1.57289e-24
1.48154e-24
1.39528e-24
1.31384e-24
1.23696e-24
1.16439e-24
1.0959e-24
1.03128e-24
9.7031e-25
9.12803e-25
8.58567e-25
8.07425e-25
7.59208e-25
7.13755e-25
6.70916e-25
6.30547e-25
5.92512e-25
5.56681e-25
5.22932e-25
4.9115e-25
4.61225e-25
4.33053e-25
4.06535e-25
3.81579e-25
3.58097e-25
3.36005e-25
3.15224e-25
2.95681e-25
2.77303e-25
2.60025e-25
2.43784e-25
2.2852e-25
2.14176e-25
2.00701e-25
1.88042e-25
1.76154e-25
1.6499e-25
1.5451e-25
1.44672e-25
1.3544e-25
1.26777e-25
1.18651e-25
1.11029e-25
1.03883e-25
9.71829e-26
9.09036e-26
8.502e-26
7.95085e-26
7.43472e-26
6.95154e-26
6.49936e-26
6.07634e-26
5.68077e-26
5.31106e-26
4.96578e-26
4.64362e-26
4.34326e-26
4.0635e-26
3.80317e-26
3.56125e-26
3.33676e-26
3.12875e-26
2.93633e-26
2.75867e-26
2.59502e-26
2.44469e-26
2.30706e-26
2.18154e-26
2.06763e-26
1.96486e-26
1.87283e-26
1.79117e-26
1.71958e-26
1.65781e-26
1.60563e-26
1.5629e-26
1.52948e-26
1.50532e-26
1.49039e-26
