2.5
5e+17
5e+18
9377.69
2.09934e-19
2.09925e-19
2.0986e-19
2.09756e-19
2.09612e-19
2.09428e-19
2.09202e-19
2.08937e-19
2.08631e-19
2.08284e-19
2.07898e-19
2.07472e-19
2.07007e-19
2.06502e-19
2.05958e-19
2.05376e-19
2.04755e-19
2.04097e-19
2.034e-19
2.02667e-19
2.01897e-19
2.01091e-19
2.00248e-19
1.99371e-19
1.98458e-19
1.97511e-19
1.9653e-19
1.95516e-19
1.9447e-19
1.93391e-19
1.9228e-19
1.91139e-19
1.89967e-19
1.88766e-19
1.87536e-19
1.86277e-19
1.84991e-19
1.83677e-19
1.82338e-19
1.80973e-19
1.79583e-19
1.78169e-19
1.76732e-19
1.75272e-19
1.7379e-19
1.72287e-19
1.70764e-19
1.69221e-19
1.67659e-19
1.66079e-19
1.64483e-19
1.62869e-19
1.61241e-19
1.59597e-19
1.57939e-19
1.56268e-19
1.54584e-19
1.52889e-19
1.51183e-19
1.49466e-19
1.47741e-19
1.46006e-19
1.44264e-19
1.42515e-19
1.4076e-19
1.38999e-19
1.37234e-19
1.35464e-19
1.33691e-19
1.31916e-19
1.30138e-19
1.2836e-19
1.26581e-19
1.24803e-19
1.23025e-19
1.21249e-19
1.19476e-19
1.17705e-19
1.15938e-19
1.14176e-19
1.12418e-19
1.10665e-19
1.08919e-19
1.07179e-19
1.05447e-19
1.03722e-19
1.02006e-19
1.00298e-19
9.85998e-20
9.69114e-20
9.52333e-20
9.35661e-20
9.191e-20
9.02657e-20
8.86334e-20
8.70137e-20
8.5407e-20
8.38135e-20
8.22337e-20
8.0668e-20
7.91166e-20
7.75799e-20
7.60582e-20
7.45518e-20
7.3061e-20
7.1586e-20
7.01271e-20
6.86845e-20
6.72585e-20
6.58493e-20
6.44569e-20
6.30817e-20
6.17238e-20
6.03834e-20
5.90605e-20
5.77553e-20
5.64679e-20
5.51985e-20
5.39471e-20
5.27137e-20
5.14985e-20
5.03015e-20
4.91227e-20
4.79622e-20
4.68199e-20
4.5696e-20
4.45903e-20
4.35028e-20
4.24336e-20
4.13826e-20
4.03498e-20
3.9335e-20
3.83383e-20
3.73595e-20
3.63986e-20
3.54555e-20
3.45301e-20
3.36223e-20
3.2732e-20
3.1859e-20
3.10032e-20
3.01645e-20
2.93428e-20
2.85379e-20
2.77496e-20
2.69779e-20
2.62225e-20
2.54832e-20
2.476e-20
2.40525e-20
2.33608e-20
2.26845e-20
2.20234e-20
2.13775e-20
2.07464e-20
2.013e-20
1.95281e-20
1.89405e-20
1.8367e-20
1.78074e-20
1.72614e-20
1.67289e-20
1.62097e-20
1.57035e-20
1.52101e-20
1.47294e-20
1.4261e-20
1.38048e-20
1.33606e-20
1.29282e-20
1.25073e-20
1.20977e-20
1.16993e-20
1.13117e-20
1.09349e-20
1.05685e-20
1.02124e-20
9.86634e-21
9.53014e-21
9.20359e-21
8.88648e-21
8.57861e-21
8.27977e-21
7.98976e-21
7.7084e-21
7.43547e-21
7.17079e-21
6.91417e-21
6.66542e-21
6.42434e-21
6.19076e-21
5.96449e-21
5.74535e-21
5.53316e-21
5.32775e-21
5.12895e-21
4.93658e-21
4.75048e-21
4.57048e-21
4.39643e-21
4.22816e-21
4.06552e-21
3.90835e-21
3.7565e-21
3.60982e-21
3.46818e-21
3.33141e-21
3.1994e-21
3.07199e-21
2.94906e-21
2.83047e-21
2.7161e-21
2.60582e-21
2.4995e-21
2.39702e-21
2.29828e-21
2.20315e-21
2.11151e-21
2.02327e-21
1.93831e-21
1.85654e-21
1.77784e-21
1.70212e-21
1.62928e-21
1.55924e-21
1.49188e-21
1.42714e-21
1.36492e-21
1.30513e-21
1.24769e-21
1.19253e-21
1.13956e-21
1.0887e-21
1.03989e-21
9.93058e-22
9.48124e-22
9.05025e-22
8.63696e-22
8.24073e-22
7.86095e-22
7.49703e-22
7.14838e-22
6.81444e-22
6.49467e-22
6.18854e-22
5.89554e-22
5.61517e-22
5.34696e-22
5.09043e-22
4.84514e-22
4.61065e-22
4.38653e-22
4.17238e-22
3.96781e-22
3.77244e-22
3.58591e-22
3.40787e-22
3.23797e-22
3.07588e-22
2.9213e-22
2.7739e-22
2.6334e-22
2.4995e-22
2.37193e-22
2.25042e-22
2.13472e-22
2.02457e-22
1.91974e-22
1.82e-22
1.72512e-22
1.6349e-22
1.54912e-22
1.46759e-22
1.39012e-22
1.31653e-22
1.24664e-22
1.18028e-22
1.11729e-22
1.05751e-22
1.0008e-22
9.47017e-23
8.96018e-23
8.47672e-23
8.01855e-23
7.58446e-23
7.17329e-23
6.78394e-23
6.41534e-23
6.06649e-23
5.73641e-23
5.42419e-23
5.12892e-23
4.84978e-23
4.58594e-23
4.33664e-23
4.10115e-23
3.87875e-23
3.66879e-23
3.47062e-23
3.28362e-23
3.10723e-23
2.94089e-23
2.78407e-23
2.63627e-23
2.49702e-23
2.36585e-23
2.24234e-23
2.12608e-23
2.01668e-23
1.91377e-23
1.81699e-23
1.72602e-23
1.64052e-23
1.56021e-23
1.48479e-23
1.41398e-23
1.34752e-23
1.28518e-23
1.22672e-23
1.17193e-23
1.12061e-23
1.07256e-23
1.02761e-23
9.85577e-24
9.46314e-24
9.0966e-24
8.75461e-24
8.43578e-24
8.1388e-24
7.86245e-24
7.60564e-24
7.36728e-24
7.14626e-24
6.94156e-24
6.7522e-24
6.57725e-24
6.41589e-24
6.2675e-24
6.13144e-24
6.00704e-24
5.89363e-24
5.79055e-24
5.6972e-24
5.613e-24
5.53741e-24
5.46994e-24
5.41011e-24
5.35748e-24
5.31164e-24
5.2722e-24
5.23879e-24
5.21109e-24
5.18878e-24
5.17157e-24
5.15918e-24
5.15135e-24
5.14786e-24
5.14849e-24
5.15302e-24
5.16127e-24
5.17308e-24
5.18826e-24
5.20669e-24
5.22821e-24
5.25271e-24
5.28007e-24
5.31018e-24
5.34295e-24
5.37829e-24
5.41613e-24
5.45639e-24
5.499e-24
5.54392e-24
5.59108e-24
5.64046e-24
5.69201e-24
5.74569e-24
5.80149e-24
5.85938e-24
5.91934e-24
5.98137e-24
6.04545e-24
6.11157e-24
6.17975e-24
6.24999e-24
6.32229e-24
6.39667e-24
6.47313e-24
6.55171e-24
6.63241e-24
6.71527e-24
6.80031e-24
6.88757e-24
6.97708e-24
7.06887e-24
7.16298e-24
7.25946e-24
7.35835e-24
7.45969e-24
7.56355e-24
7.66997e-24
