5
1e+16
1e+17
13262.1
7.67391e-20
7.67332e-20
7.67021e-20
7.66561e-20
7.65952e-20
7.65192e-20
7.64283e-20
7.63224e-20
7.62015e-20
7.60659e-20
7.59156e-20
7.57505e-20
7.5571e-20
7.5377e-20
7.51687e-20
7.49461e-20
7.47095e-20
7.44589e-20
7.41945e-20
7.39164e-20
7.36249e-20
7.332e-20
7.3002e-20
7.2671e-20
7.23272e-20
7.19708e-20
7.16021e-20
7.12212e-20
7.08283e-20
7.04237e-20
7.00075e-20
6.95801e-20
6.91417e-20
6.86924e-20
6.82326e-20
6.77625e-20
6.72823e-20
6.67923e-20
6.62929e-20
6.57841e-20
6.52664e-20
6.474e-20
6.42051e-20
6.36621e-20
6.31112e-20
6.25527e-20
6.1987e-20
6.14142e-20
6.08347e-20
6.02487e-20
5.96567e-20
5.90587e-20
5.84553e-20
5.78465e-20
5.72328e-20
5.66145e-20
5.59918e-20
5.53649e-20
5.47343e-20
5.41002e-20
5.34629e-20
5.28226e-20
5.21798e-20
5.15345e-20
5.08872e-20
5.02381e-20
4.95875e-20
4.89356e-20
4.82828e-20
4.76293e-20
4.69754e-20
4.63212e-20
4.56672e-20
4.50135e-20
4.43604e-20
4.37082e-20
4.3057e-20
4.24072e-20
4.17589e-20
4.11124e-20
4.0468e-20
3.98257e-20
3.91859e-20
3.85488e-20
3.79146e-20
3.72834e-20
3.66555e-20
3.6031e-20
3.54102e-20
3.47932e-20
3.41802e-20
3.35714e-20
3.29669e-20
3.23668e-20
3.17715e-20
3.11809e-20
3.05952e-20
3.00146e-20
2.94392e-20
2.88692e-20
2.83045e-20
2.77455e-20
2.7192e-20
2.66444e-20
2.61026e-20
2.55668e-20
2.5037e-20
2.45134e-20
2.39959e-20
2.34847e-20
2.29799e-20
2.24814e-20
2.19895e-20
2.1504e-20
2.1025e-20
2.05527e-20
2.0087e-20
1.96279e-20
1.91755e-20
1.87299e-20
1.82909e-20
1.78587e-20
1.74332e-20
1.70145e-20
1.66026e-20
1.61973e-20
1.57989e-20
1.54071e-20
1.50221e-20
1.46438e-20
1.42721e-20
1.39071e-20
1.35487e-20
1.31969e-20
1.28517e-20
1.2513e-20
1.21807e-20
1.18549e-20
1.15355e-20
1.12224e-20
1.09156e-20
1.06151e-20
1.03207e-20
1.00325e-20
9.75028e-21
9.4741e-21
9.20385e-21
8.93948e-21
8.68092e-21
8.4281e-21
8.18095e-21
7.9394e-21
7.70337e-21
7.4728e-21
7.24761e-21
7.02773e-21
6.81309e-21
6.60361e-21
6.39921e-21
6.19982e-21
6.00537e-21
5.81577e-21
5.63095e-21
5.45083e-21
5.27532e-21
5.10436e-21
4.93787e-21
4.77576e-21
4.61795e-21
4.46439e-21
4.31498e-21
4.16965e-21
4.02833e-21
3.89094e-21
3.75741e-21
3.62765e-21
3.50161e-21
3.37919e-21
3.26032e-21
3.14494e-21
3.03297e-21
2.92433e-21
2.81897e-21
2.71681e-21
2.61779e-21
2.52182e-21
2.42885e-21
2.33881e-21
2.25162e-21
2.16722e-21
2.08554e-21
2.00652e-21
1.93008e-21
1.85617e-21
1.78471e-21
1.71565e-21
1.64892e-21
1.58446e-21
1.5222e-21
1.46209e-21
1.40407e-21
1.34807e-21
1.29405e-21
1.24194e-21
1.19169e-21
1.14324e-21
1.09654e-21
1.05153e-21
1.00818e-21
9.66414e-22
9.26198e-22
8.87479e-22
8.5021e-22
8.14345e-22
7.7984e-22
7.46649e-22
7.14731e-22
6.84043e-22
6.54544e-22
6.26195e-22
5.98957e-22
5.72791e-22
5.47662e-22
5.23533e-22
5.0037e-22
4.78139e-22
4.56806e-22
4.36341e-22
4.16711e-22
3.97888e-22
3.79841e-22
3.62542e-22
3.45964e-22
3.3008e-22
3.14864e-22
3.00292e-22
2.86338e-22
2.7298e-22
2.60195e-22
2.47961e-22
2.36256e-22
2.2506e-22
2.14353e-22
2.04116e-22
1.94331e-22
1.84978e-22
1.76042e-22
1.67505e-22
1.59351e-22
1.51564e-22
1.44131e-22
1.37035e-22
1.30263e-22
1.23802e-22
1.17639e-22
1.11761e-22
1.06156e-22
1.00813e-22
9.57196e-23
9.08663e-23
8.62425e-23
8.1838e-23
7.76435e-23
7.36496e-23
6.98477e-23
6.62293e-23
6.27861e-23
5.95104e-23
5.63946e-23
5.34317e-23
5.06146e-23
4.79368e-23
4.53918e-23
4.29737e-23
4.06765e-23
3.84946e-23
3.64227e-23
3.44556e-23
3.25885e-23
3.08166e-23
2.91354e-23
2.75406e-23
2.6028e-23
2.45937e-23
2.3234e-23
2.19452e-23
2.07239e-23
1.95667e-23
1.84706e-23
1.74325e-23
1.64496e-23
1.55191e-23
1.46384e-23
1.3805e-23
1.30165e-23
1.22707e-23
1.15653e-23
1.08984e-23
1.0268e-23
9.67218e-24
9.10916e-24
8.57724e-24
8.07482e-24
7.60036e-24
7.15239e-24
6.72952e-24
6.33042e-24
5.95384e-24
5.59857e-24
5.26349e-24
4.94749e-24
4.64957e-24
4.36874e-24
4.10408e-24
3.8547e-24
3.61977e-24
3.3985e-24
3.19014e-24
2.99397e-24
2.80932e-24
2.63554e-24
2.47203e-24
2.31822e-24
2.17356e-24
2.03752e-24
1.90963e-24
1.78942e-24
1.67645e-24
1.57031e-24
1.4706e-24
1.37695e-24
1.28902e-24
1.20647e-24
1.12898e-24
1.05627e-24
9.88042e-25
9.24044e-25
8.64023e-25
8.07743e-25
7.54981e-25
7.05528e-25
6.59185e-25
6.15766e-25
5.75094e-25
5.37003e-25
5.01337e-25
4.67948e-25
4.36697e-25
4.07453e-25
3.80092e-25
3.54499e-25
3.30564e-25
3.08184e-25
2.87262e-25
2.67708e-25
2.49435e-25
2.32363e-25
2.16417e-25
2.01524e-25
1.87619e-25
1.74638e-25
1.62523e-25
1.51217e-25
1.4067e-25
1.30833e-25
1.21659e-25
1.13107e-25
1.05135e-25
9.77066e-26
9.07852e-26
8.43377e-26
7.83335e-26
7.27432e-26
6.75394e-26
6.26962e-26
5.81895e-26
5.39967e-26
5.00969e-26
4.64701e-26
4.30981e-26
3.99636e-26
3.70505e-26
3.43438e-26
3.18296e-26
2.94948e-26
2.73273e-26
2.53157e-26
2.34495e-26
2.1719e-26
2.01152e-26
1.86297e-26
1.72549e-26
1.59835e-26
1.48092e-26
1.37259e-26
1.27285e-26
1.18119e-26
1.0972e-26
1.0205e-26
9.50765e-27
8.87717e-27
