10
1e+17
5e+18
18755.4
3.24859e-20
3.24348e-20
3.22837e-20
3.21219e-20
3.19545e-20
3.17827e-20
3.16073e-20
3.14286e-20
3.12469e-20
3.10624e-20
3.08749e-20
3.06846e-20
3.04913e-20
3.02953e-20
3.00965e-20
2.98951e-20
2.9691e-20
2.94843e-20
2.92752e-20
2.90636e-20
2.88496e-20
2.86333e-20
2.84149e-20
2.81942e-20
2.79715e-20
2.77468e-20
2.75201e-20
2.72915e-20
2.70612e-20
2.68291e-20
2.65954e-20
2.636e-20
2.61232e-20
2.58849e-20
2.56453e-20
2.54044e-20
2.51622e-20
2.49189e-20
2.46746e-20
2.44292e-20
2.41829e-20
2.39358e-20
2.36878e-20
2.34392e-20
2.31898e-20
2.294e-20
2.26896e-20
2.24388e-20
2.21876e-20
2.19361e-20
2.16844e-20
2.14325e-20
2.11806e-20
2.09286e-20
2.06766e-20
2.04247e-20
2.0173e-20
1.99215e-20
1.96703e-20
1.94195e-20
1.9169e-20
1.8919e-20
1.86696e-20
1.84207e-20
1.81724e-20
1.79249e-20
1.7678e-20
1.7432e-20
1.71868e-20
1.69425e-20
1.66992e-20
1.64568e-20
1.62155e-20
1.59753e-20
1.57362e-20
1.54983e-20
1.52616e-20
1.50261e-20
1.4792e-20
1.45592e-20
1.43277e-20
1.40977e-20
1.38691e-20
1.36419e-20
1.34163e-20
1.31923e-20
1.29697e-20
1.27488e-20
1.25295e-20
1.23119e-20
1.2096e-20
1.18817e-20
1.16692e-20
1.14584e-20
1.12493e-20
1.10421e-20
1.08367e-20
1.0633e-20
1.04312e-20
1.02313e-20
1.00332e-20
9.83703e-21
9.64271e-21
9.45029e-21
9.25977e-21
9.07117e-21
8.88449e-21
8.69974e-21
8.51692e-21
8.33604e-21
8.15712e-21
7.98018e-21
7.80524e-21
7.63229e-21
7.46137e-21
7.29246e-21
7.1256e-21
6.96078e-21
6.79802e-21
6.63734e-21
6.47877e-21
6.32233e-21
6.16806e-21
6.01597e-21
5.86609e-21
5.71844e-21
5.57301e-21
5.42985e-21
5.28899e-21
5.15046e-21
5.01429e-21
4.88052e-21
4.74916e-21
4.62023e-21
4.49373e-21
4.36967e-21
4.24806e-21
4.1289e-21
4.01217e-21
3.89788e-21
3.78602e-21
3.67657e-21
3.56952e-21
3.46485e-21
3.36255e-21
3.26259e-21
3.16495e-21
3.06961e-21
2.97655e-21
2.88573e-21
2.79713e-21
2.71073e-21
2.62649e-21
2.54438e-21
2.46437e-21
2.38643e-21
2.31052e-21
2.23662e-21
2.16469e-21
2.0947e-21
2.02661e-21
1.96038e-21
1.89599e-21
1.8334e-21
1.77257e-21
1.71346e-21
1.65605e-21
1.6003e-21
1.54617e-21
1.49362e-21
1.44263e-21
1.39316e-21
1.34517e-21
1.29863e-21
1.2535e-21
1.20976e-21
1.16737e-21
1.12629e-21
1.0865e-21
1.04796e-21
1.01064e-21
9.74508e-22
9.39534e-22
9.05687e-22
8.72937e-22
8.41256e-22
8.10614e-22
7.80982e-22
7.52333e-22
7.24638e-22
6.97873e-22
6.72008e-22
6.4702e-22
6.22882e-22
5.99569e-22
5.77058e-22
5.55324e-22
5.34343e-22
5.14094e-22
4.94554e-22
4.75701e-22
4.57514e-22
4.39971e-22
4.23054e-22
4.06742e-22
3.91015e-22
3.75856e-22
3.61245e-22
3.47165e-22
3.33599e-22
3.2053e-22
3.07941e-22
2.95817e-22
2.84141e-22
2.72899e-22
2.62076e-22
2.51658e-22
2.41631e-22
2.31982e-22
2.22697e-22
2.13764e-22
2.05171e-22
1.96906e-22
1.88956e-22
1.81312e-22
1.73962e-22
1.66896e-22
1.60103e-22
1.53573e-22
1.47298e-22
1.41268e-22
1.35474e-22
1.29907e-22
1.24559e-22
1.19422e-22
1.14488e-22
1.0975e-22
1.052e-22
1.00831e-22
9.66371e-23
9.26107e-23
8.87458e-23
8.50362e-23
8.14761e-23
7.80597e-23
7.47816e-23
7.16365e-23
6.86191e-23
6.57247e-23
6.29483e-23
6.02855e-23
5.77317e-23
5.52828e-23
5.29345e-23
5.0683e-23
4.85245e-23
4.64552e-23
4.44717e-23
4.25704e-23
4.07482e-23
3.90019e-23
3.73284e-23
3.57249e-23
3.41884e-23
3.27164e-23
3.13061e-23
2.99552e-23
2.86612e-23
2.74217e-23
2.62346e-23
2.50977e-23
2.4009e-23
2.29665e-23
2.19682e-23
2.10125e-23
2.00974e-23
1.92214e-23
1.83828e-23
1.758e-23
1.68117e-23
1.60763e-23
1.53724e-23
1.46988e-23
1.40542e-23
1.34374e-23
1.28472e-23
1.22824e-23
1.17421e-23
1.12252e-23
1.07307e-23
1.02576e-23
9.80503e-24
9.37216e-24
8.95812e-24
8.56212e-24
8.18339e-24
7.82118e-24
7.4748e-24
7.14356e-24
6.82682e-24
6.52396e-24
6.23438e-24
5.9575e-24
5.6928e-24
5.43973e-24
5.19779e-24
4.96651e-24
4.74543e-24
4.5341e-24
4.33211e-24
4.13904e-24
3.95451e-24
3.77814e-24
3.60959e-24
3.44852e-24
3.29459e-24
3.1475e-24
3.00694e-24
2.87264e-24
2.74431e-24
2.6217e-24
2.50456e-24
2.39265e-24
2.28573e-24
2.18359e-24
2.08602e-24
1.99282e-24
1.9038e-24
1.81877e-24
1.73755e-24
1.65998e-24
1.58591e-24
1.51517e-24
1.44761e-24
1.38311e-24
1.32151e-24
1.26271e-24
1.20656e-24
1.15296e-24
1.1018e-24
1.05296e-24
1.00634e-24
9.61852e-25
9.19395e-25
8.78883e-25
8.40229e-25
8.03352e-25
7.68175e-25
7.34624e-25
7.02627e-25
6.72117e-25
6.4303e-25
6.15305e-25
5.88881e-25
5.63705e-25
5.39722e-25
5.16881e-25
4.95134e-25
4.74436e-25
4.54741e-25
4.36009e-25
4.18199e-25
4.01273e-25
3.85196e-25
3.69934e-25
3.55454e-25
3.41725e-25
3.28717e-25
3.16405e-25
3.0476e-25
2.93759e-25
2.83379e-25
2.73596e-25
2.6439e-25
2.55742e-25
2.47634e-25
2.40047e-25
2.32967e-25
2.26379e-25
2.20267e-25
2.1462e-25
2.09425e-25
2.04677e-25
2.00377e-25
1.9652e-25
1.93101e-25
1.90119e-25
1.87569e-25
1.85443e-25
1.83733e-25
1.82435e-25
1.81541e-25
1.81048e-25
1.80953e-25
1.81252e-25
1.81943e-25
1.83026e-25
1.84501e-25
1.86369e-25
1.8863e-25
1.91288e-25
