7.5
1e+17
1e+19
16242.6
4.5175e-20
4.51157e-20
4.49392e-20
4.47494e-20
4.45519e-20
4.43484e-20
4.41394e-20
4.39255e-20
4.37068e-20
4.34838e-20
4.32564e-20
4.30248e-20
4.27888e-20
4.25486e-20
4.23042e-20
4.20557e-20
4.18031e-20
4.15466e-20
4.12861e-20
4.10219e-20
4.0754e-20
4.04824e-20
4.02073e-20
3.99287e-20
3.96468e-20
3.93616e-20
3.90732e-20
3.87818e-20
3.84873e-20
3.819e-20
3.78898e-20
3.7587e-20
3.72815e-20
3.69735e-20
3.66631e-20
3.63504e-20
3.60355e-20
3.57184e-20
3.53994e-20
3.50784e-20
3.47555e-20
3.44309e-20
3.41047e-20
3.3777e-20
3.34478e-20
3.31173e-20
3.27855e-20
3.24526e-20
3.21187e-20
3.17837e-20
3.1448e-20
3.11114e-20
3.07742e-20
3.04364e-20
3.00981e-20
2.97594e-20
2.94204e-20
2.90812e-20
2.87419e-20
2.84025e-20
2.80632e-20
2.7724e-20
2.73851e-20
2.70464e-20
2.67081e-20
2.63703e-20
2.60331e-20
2.56965e-20
2.53606e-20
2.50254e-20
2.46912e-20
2.43578e-20
2.40255e-20
2.36942e-20
2.33641e-20
2.30352e-20
2.27076e-20
2.23813e-20
2.20564e-20
2.1733e-20
2.14112e-20
2.10909e-20
2.07723e-20
2.04553e-20
2.01401e-20
1.98268e-20
1.95153e-20
1.92057e-20
1.8898e-20
1.85924e-20
1.82888e-20
1.79872e-20
1.76879e-20
1.73907e-20
1.70956e-20
1.68029e-20
1.65124e-20
1.62242e-20
1.59384e-20
1.56549e-20
1.53738e-20
1.50952e-20
1.4819e-20
1.45453e-20
1.42741e-20
1.40054e-20
1.37392e-20
1.34756e-20
1.32146e-20
1.29561e-20
1.27003e-20
1.2447e-20
1.21964e-20
1.19484e-20
1.1703e-20
1.14603e-20
1.12203e-20
1.09829e-20
1.07481e-20
1.0516e-20
1.02866e-20
1.00598e-20
9.83568e-21
9.61422e-21
9.3954e-21
9.17923e-21
8.96572e-21
8.75487e-21
8.5467e-21
8.34122e-21
8.13845e-21
7.93838e-21
7.74102e-21
7.54637e-21
7.35444e-21
7.16522e-21
6.97875e-21
6.79501e-21
6.61403e-21
6.43585e-21
6.2605e-21
6.088e-21
5.91837e-21
5.75163e-21
5.58778e-21
5.42684e-21
5.26879e-21
5.11369e-21
4.96158e-21
4.81248e-21
4.66643e-21
4.52343e-21
4.38351e-21
4.24667e-21
4.1129e-21
3.9822e-21
3.85457e-21
3.72999e-21
3.60843e-21
3.48989e-21
3.37433e-21
3.26172e-21
3.15204e-21
3.04526e-21
2.94133e-21
2.84023e-21
2.7419e-21
2.64632e-21
2.55343e-21
2.4632e-21
2.37558e-21
2.29053e-21
2.20799e-21
2.12792e-21
2.05028e-21
1.97501e-21
1.90206e-21
1.83139e-21
1.76295e-21
1.69668e-21
1.63254e-21
1.57048e-21
1.51045e-21
1.4524e-21
1.39628e-21
1.34204e-21
1.28964e-21
1.23902e-21
1.19015e-21
1.14296e-21
1.09743e-21
1.05349e-21
1.01111e-21
9.70248e-22
9.3085e-22
8.92878e-22
8.56289e-22
8.21043e-22
7.87097e-22
7.54413e-22
7.22951e-22
6.92674e-22
6.63543e-22
6.35521e-22
6.08573e-22
5.82665e-22
5.5776e-22
5.33827e-22
5.10832e-22
4.88743e-22
4.6753e-22
4.47163e-22
4.27611e-22
4.08846e-22
3.90841e-22
3.73568e-22
3.57001e-22
3.41114e-22
3.25883e-22
3.11283e-22
2.97291e-22
2.83885e-22
2.71042e-22
2.58741e-22
2.46961e-22
2.35683e-22
2.24888e-22
2.14555e-22
2.04669e-22
1.9521e-22
1.86162e-22
1.77508e-22
1.69234e-22
1.61323e-22
1.53762e-22
1.46535e-22
1.39629e-22
1.33032e-22
1.2673e-22
1.20711e-22
1.14963e-22
1.09475e-22
1.04236e-22
9.92357e-23
9.44637e-23
8.99103e-23
8.55662e-23
8.14224e-23
7.74703e-23
7.37014e-23
7.01079e-23
6.66821e-23
6.34165e-23
6.03042e-23
5.73384e-23
5.45125e-23
5.18204e-23
4.9256e-23
4.68135e-23
4.44876e-23
4.22729e-23
4.01644e-23
3.81572e-23
3.62467e-23
3.44285e-23
3.26983e-23
3.10521e-23
2.9486e-23
2.79962e-23
2.65792e-23
2.52316e-23
2.39502e-23
2.27318e-23
2.15735e-23
2.04724e-23
1.94259e-23
1.84312e-23
1.7486e-23
1.65879e-23
1.57346e-23
1.4924e-23
1.4154e-23
1.34227e-23
1.27281e-23
1.20685e-23
1.14423e-23
1.08477e-23
1.02832e-23
9.74744e-24
9.23887e-24
8.75621e-24
8.29817e-24
7.86353e-24
7.45114e-24
7.0599e-24
6.68874e-24
6.33668e-24
6.00275e-24
5.68605e-24
5.38571e-24
5.10091e-24
4.83088e-24
4.57485e-24
4.33214e-24
4.10205e-24
3.88396e-24
3.67725e-24
3.48135e-24
3.29569e-24
3.11977e-24
2.95307e-24
2.79514e-24
2.64551e-24
2.50377e-24
2.36949e-24
2.24231e-24
2.12186e-24
2.00778e-24
1.89974e-24
1.79744e-24
1.70057e-24
1.60885e-24
1.52201e-24
1.4398e-24
1.36198e-24
1.28832e-24
1.21859e-24
1.1526e-24
1.09014e-24
1.03104e-24
9.75104e-25
9.22179e-25
8.72103e-25
8.24724e-25
7.79901e-25
7.37498e-25
6.97386e-25
6.59445e-25
6.23559e-25
5.89619e-25
5.57522e-25
5.27169e-25
4.98468e-25
4.7133e-25
4.45673e-25
4.21417e-25
3.98488e-25
3.76815e-25
3.56331e-25
3.36972e-25
3.18678e-25
3.01393e-25
2.85063e-25
2.69636e-25
2.55065e-25
2.41304e-25
2.2831e-25
2.16042e-25
2.04462e-25
1.93532e-25
1.8322e-25
1.73492e-25
1.64317e-25
1.55667e-25
1.47514e-25
1.39833e-25
1.32598e-25
1.25788e-25
1.19379e-25
1.13353e-25
1.0769e-25
1.02371e-25
9.73802e-26
9.27013e-26
8.83192e-26
8.42209e-26
8.03964e-26
7.68375e-26
7.35326e-26
7.04732e-26
6.76486e-26
6.50523e-26
6.26764e-26
6.05124e-26
5.85522e-26
5.67883e-26
5.5214e-26
5.38232e-26
5.26103e-26
5.15704e-26
5.06992e-26
4.9993e-26
4.94483e-26
4.90626e-26
4.88336e-26
4.87596e-26
4.88395e-26
4.90726e-26
4.94587e-26
4.99981e-26
5.06916e-26
