5
5e+16
1e+19
13262.1
7.21166e-20
7.20738e-20
7.19402e-20
7.17906e-20
7.16287e-20
7.14555e-20
7.12715e-20
7.1077e-20
7.0872e-20
7.06569e-20
7.04318e-20
7.01969e-20
6.99522e-20
6.96978e-20
6.94338e-20
6.91602e-20
6.88773e-20
6.8585e-20
6.82836e-20
6.7973e-20
6.76536e-20
6.73253e-20
6.69883e-20
6.66428e-20
6.62889e-20
6.59268e-20
6.55565e-20
6.51783e-20
6.47923e-20
6.43987e-20
6.39977e-20
6.35893e-20
6.31738e-20
6.27513e-20
6.2322e-20
6.18861e-20
6.14437e-20
6.09951e-20
6.05404e-20
6.00797e-20
5.96134e-20
5.91415e-20
5.86642e-20
5.81817e-20
5.76943e-20
5.72021e-20
5.67052e-20
5.62039e-20
5.56984e-20
5.51888e-20
5.46754e-20
5.41583e-20
5.36378e-20
5.31139e-20
5.2587e-20
5.20571e-20
5.15246e-20
5.09895e-20
5.0452e-20
4.99125e-20
4.93709e-20
4.88275e-20
4.82826e-20
4.77362e-20
4.71886e-20
4.664e-20
4.60904e-20
4.55402e-20
4.49894e-20
4.44383e-20
4.3887e-20
4.33356e-20
4.27845e-20
4.22336e-20
4.16832e-20
4.11334e-20
4.05845e-20
4.00365e-20
3.94896e-20
3.89439e-20
3.83996e-20
3.78569e-20
3.73159e-20
3.67766e-20
3.62394e-20
3.57042e-20
3.51712e-20
3.46406e-20
3.41125e-20
3.3587e-20
3.30641e-20
3.25441e-20
3.2027e-20
3.1513e-20
3.10021e-20
3.04945e-20
2.99902e-20
2.94894e-20
2.89921e-20
2.84984e-20
2.80084e-20
2.75222e-20
2.70399e-20
2.65615e-20
2.60872e-20
2.56169e-20
2.51508e-20
2.46889e-20
2.42313e-20
2.3778e-20
2.3329e-20
2.28846e-20
2.24446e-20
2.20091e-20
2.15782e-20
2.11519e-20
2.07302e-20
2.03132e-20
1.99009e-20
1.94933e-20
1.90905e-20
1.86924e-20
1.82991e-20
1.79107e-20
1.7527e-20
1.71482e-20
1.67742e-20
1.6405e-20
1.60407e-20
1.56812e-20
1.53265e-20
1.49767e-20
1.46317e-20
1.42915e-20
1.39562e-20
1.36256e-20
1.32998e-20
1.29788e-20
1.26625e-20
1.23509e-20
1.20441e-20
1.17419e-20
1.14444e-20
1.11514e-20
1.08631e-20
1.05794e-20
1.03002e-20
1.00255e-20
9.75522e-21
9.48941e-21
9.22799e-21
8.97093e-21
8.71819e-21
8.46973e-21
8.22553e-21
7.98559e-21
7.74989e-21
7.51843e-21
7.2912e-21
7.06817e-21
6.84933e-21
6.63464e-21
6.42408e-21
6.21761e-21
6.01522e-21
5.81689e-21
5.6226e-21
5.43232e-21
5.24605e-21
5.0638e-21
4.88557e-21
4.71138e-21
4.54123e-21
4.37511e-21
4.21301e-21
4.05492e-21
3.9008e-21
3.75063e-21
3.60436e-21
3.46198e-21
3.32351e-21
3.18896e-21
3.05832e-21
2.93158e-21
2.80872e-21
2.68971e-21
2.57452e-21
2.4631e-21
2.3554e-21
2.25137e-21
2.15096e-21
2.0541e-21
1.96072e-21
1.87076e-21
1.78415e-21
1.7008e-21
1.62065e-21
1.54362e-21
1.46963e-21
1.39859e-21
1.33044e-21
1.26508e-21
1.20244e-21
1.14244e-21
1.08499e-21
1.03001e-21
9.77439e-22
9.27179e-22
8.79159e-22
8.33301e-22
7.89529e-22
7.47769e-22
7.07947e-22
6.69992e-22
6.33833e-22
5.994e-22
5.66628e-22
5.3545e-22
5.05801e-22
4.7762e-22
4.50846e-22
4.2542e-22
4.01284e-22
3.78383e-22
3.56663e-22
3.36072e-22
3.1656e-22
2.98077e-22
2.80577e-22
2.64014e-22
2.48345e-22
2.33527e-22
2.19519e-22
2.06283e-22
1.93781e-22
1.81977e-22
1.70837e-22
1.60326e-22
1.50414e-22
1.41069e-22
1.32263e-22
1.23968e-22
1.16156e-22
1.08803e-22
1.01884e-22
9.53756e-23
8.92557e-23
8.35033e-23
7.80981e-23
7.3021e-23
6.82537e-23
6.37789e-23
5.958e-23
5.56414e-23
5.19483e-23
4.84863e-23
4.52423e-23
4.22033e-23
3.93575e-23
3.66934e-23
3.42002e-23
3.18676e-23
2.96861e-23
2.76464e-23
2.574e-23
2.39587e-23
2.22947e-23
2.07409e-23
1.92904e-23
1.79366e-23
1.66736e-23
1.54956e-23
1.43972e-23
1.33733e-23
1.24191e-23
1.15302e-23
1.07023e-23
9.93136e-24
9.21378e-24
8.546e-24
7.92474e-24
7.34691e-24
6.80962e-24
6.31017e-24
5.846e-24
5.41474e-24
5.01416e-24
4.64217e-24
4.29682e-24
3.97629e-24
3.67886e-24
3.40293e-24
3.14703e-24
2.90975e-24
2.68978e-24
2.48593e-24
2.29704e-24
2.12206e-24
1.96002e-24
1.80998e-24
1.67108e-24
1.54254e-24
1.4236e-24
1.31358e-24
1.21182e-24
1.11773e-24
1.03074e-24
9.50346e-25
8.76056e-25
8.07423e-25
7.44028e-25
6.85486e-25
6.31434e-25
5.8154e-25
5.35492e-25
4.93004e-25
4.53806e-25
4.17653e-25
3.84313e-25
3.53575e-25
3.2524e-25
2.99125e-25
2.75062e-25
2.52892e-25
2.32472e-25
2.13666e-25
1.9635e-25
1.80408e-25
1.65735e-25
1.52232e-25
1.39807e-25
1.28377e-25
1.17864e-25
1.08196e-25
9.93055e-26
9.11327e-26
8.36204e-26
7.67165e-26
7.03726e-26
6.45443e-26
5.91906e-26
5.42736e-26
4.97584e-26
4.56127e-26
4.1807e-26
3.83139e-26
3.51081e-26
3.21666e-26
2.94679e-26
2.69923e-26
2.47217e-26
2.26395e-26
2.07302e-26
1.89798e-26
1.73753e-26
1.59047e-26
1.4557e-26
1.33221e-26
1.21908e-26
1.11544e-26
1.02052e-26
9.33585e-27
8.53979e-27
7.81108e-27
7.1442e-27
6.53407e-27
5.976e-27
5.46576e-27
4.99937e-27
4.57316e-27
4.18378e-27
3.82839e-27
3.50416e-27
3.20852e-27
2.93909e-27
2.69372e-27
2.47041e-27
2.26738e-27
2.08296e-27
1.91566e-27
1.76411e-27
1.62706e-27
1.50338e-27
1.39206e-27
1.29215e-27
1.20283e-27
1.12335e-27
1.05301e-27
9.91238e-28
9.37481e-28
8.91273e-28
8.52203e-28
8.19917e-28
7.94113e-28
7.74544e-28
7.61007e-28
7.53352e-28
7.5147e-28
7.55301e-28
7.64827e-28
7.80077e-28
