7.5
1e+17
1.5e+19
16242.6
4.63196e-20
4.62457e-20
4.6028e-20
4.57958e-20
4.5556e-20
4.53108e-20
4.5061e-20
4.48071e-20
4.45494e-20
4.42884e-20
4.40239e-20
4.37562e-20
4.34851e-20
4.32107e-20
4.2933e-20
4.26521e-20
4.23681e-20
4.2081e-20
4.17909e-20
4.14979e-20
4.1202e-20
4.09033e-20
4.0602e-20
4.02981e-20
3.99916e-20
3.96827e-20
3.93714e-20
3.90578e-20
3.8742e-20
3.84241e-20
3.81042e-20
3.77823e-20
3.74586e-20
3.71331e-20
3.68058e-20
3.6477e-20
3.61466e-20
3.58148e-20
3.54816e-20
3.51472e-20
3.48116e-20
3.44748e-20
3.41371e-20
3.37984e-20
3.34589e-20
3.31186e-20
3.27776e-20
3.2436e-20
3.20939e-20
3.17514e-20
3.14085e-20
3.10653e-20
3.07219e-20
3.03785e-20
3.0035e-20
2.96915e-20
2.93481e-20
2.9005e-20
2.86621e-20
2.83196e-20
2.79775e-20
2.76359e-20
2.72948e-20
2.69544e-20
2.66147e-20
2.62758e-20
2.59377e-20
2.56005e-20
2.52644e-20
2.49292e-20
2.45952e-20
2.42623e-20
2.39307e-20
2.36003e-20
2.32713e-20
2.29437e-20
2.26175e-20
2.22929e-20
2.19698e-20
2.16484e-20
2.13286e-20
2.10105e-20
2.06942e-20
2.03797e-20
2.00671e-20
1.97564e-20
1.94476e-20
1.91407e-20
1.88359e-20
1.85332e-20
1.82325e-20
1.7934e-20
1.76376e-20
1.73434e-20
1.70515e-20
1.67618e-20
1.64743e-20
1.61892e-20
1.59064e-20
1.5626e-20
1.53479e-20
1.50722e-20
1.4799e-20
1.45282e-20
1.42598e-20
1.39939e-20
1.37304e-20
1.34695e-20
1.32111e-20
1.29551e-20
1.27017e-20
1.24509e-20
1.22026e-20
1.19568e-20
1.17135e-20
1.14728e-20
1.12347e-20
1.09991e-20
1.07661e-20
1.05356e-20
1.03077e-20
1.00823e-20
9.85951e-21
9.63922e-21
9.42147e-21
9.20624e-21
8.99355e-21
8.78341e-21
8.57583e-21
8.37084e-21
8.16845e-21
7.96865e-21
7.77145e-21
7.57686e-21
7.38488e-21
7.19552e-21
7.0088e-21
6.82472e-21
6.64333e-21
6.46465e-21
6.28872e-21
6.11557e-21
5.94524e-21
5.77774e-21
5.61309e-21
5.45128e-21
5.29233e-21
5.1363e-21
4.98322e-21
4.83315e-21
4.68611e-21
4.54213e-21
4.40122e-21
4.26339e-21
4.12866e-21
3.99701e-21
3.86844e-21
3.74294e-21
3.62049e-21
3.50108e-21
3.38468e-21
3.27127e-21
3.16081e-21
3.05327e-21
2.94863e-21
2.84683e-21
2.74784e-21
2.65163e-21
2.55815e-21
2.46735e-21
2.37919e-21
2.29362e-21
2.2106e-21
2.13008e-21
2.05201e-21
1.97634e-21
1.90302e-21
1.832e-21
1.76324e-21
1.69667e-21
1.63225e-21
1.56993e-21
1.50966e-21
1.4514e-21
1.39508e-21
1.34066e-21
1.28809e-21
1.23733e-21
1.18832e-21
1.14102e-21
1.09538e-21
1.05135e-21
1.00889e-21
9.6796e-22
9.28505e-22
8.90486e-22
8.53859e-22
8.18583e-22
7.84617e-22
7.5192e-22
7.20451e-22
6.90174e-22
6.61048e-22
6.33038e-22
6.06107e-22
5.80218e-22
5.55339e-22
5.31434e-22
5.08471e-22
4.86417e-22
4.65242e-22
4.44914e-22
4.25404e-22
4.06682e-22
3.88722e-22
3.71496e-22
3.54976e-22
3.39137e-22
3.23955e-22
3.09404e-22
2.95462e-22
2.82105e-22
2.69312e-22
2.57061e-22
2.45331e-22
2.34102e-22
2.23355e-22
2.13071e-22
2.03232e-22
1.9382e-22
1.84818e-22
1.7621e-22
1.6798e-22
1.60113e-22
1.52594e-22
1.4541e-22
1.38545e-22
1.31987e-22
1.25724e-22
1.19743e-22
1.14032e-22
1.0858e-22
1.03376e-22
9.84098e-23
9.36706e-23
8.91492e-23
8.4836e-23
8.07221e-23
7.67988e-23
7.3058e-23
6.94915e-23
6.60917e-23
6.28514e-23
5.97634e-23
5.68209e-23
5.40176e-23
5.13472e-23
4.88036e-23
4.63813e-23
4.40747e-23
4.18786e-23
3.97879e-23
3.77979e-23
3.59038e-23
3.41014e-23
3.23864e-23
3.07547e-23
2.92024e-23
2.7726e-23
2.63218e-23
2.49864e-23
2.37167e-23
2.25095e-23
2.13619e-23
2.0271e-23
1.92342e-23
1.82489e-23
1.73126e-23
1.6423e-23
1.55778e-23
1.47749e-23
1.40123e-23
1.3288e-23
1.26002e-23
1.1947e-23
1.13269e-23
1.07381e-23
1.01792e-23
9.64865e-24
9.1451e-24
8.66721e-24
8.21372e-24
7.7834e-24
7.37513e-24
6.9878e-24
6.62036e-24
6.27183e-24
5.94126e-24
5.62775e-24
5.33044e-24
5.04852e-24
4.78122e-24
4.52779e-24
4.28754e-24
4.05979e-24
3.84392e-24
3.63932e-24
3.44541e-24
3.26165e-24
3.08752e-24
2.92253e-24
2.76621e-24
2.61811e-24
2.47781e-24
2.34492e-24
2.21904e-24
2.09981e-24
1.9869e-24
1.87997e-24
1.77871e-24
1.68283e-24
1.59205e-24
1.50611e-24
1.42474e-24
1.34771e-24
1.2748e-24
1.20579e-24
1.14047e-24
1.07865e-24
1.02015e-24
9.64785e-25
9.12399e-25
8.62832e-25
8.15935e-25
7.71567e-25
7.29593e-25
6.89888e-25
6.52331e-25
6.16807e-25
5.83209e-25
5.51435e-25
5.21387e-25
4.92973e-25
4.66107e-25
4.40706e-25
4.16692e-25
3.9399e-25
3.72532e-25
3.5225e-25
3.33081e-25
3.14966e-25
2.9785e-25
2.81678e-25
2.664e-25
2.51968e-25
2.38338e-25
2.25467e-25
2.13314e-25
2.01841e-25
1.91013e-25
1.80794e-25
1.71153e-25
1.6206e-25
1.53485e-25
1.45402e-25
1.37785e-25
1.30609e-25
1.23853e-25
1.17494e-25
1.11512e-25
1.05889e-25
1.00606e-25
9.5647e-26
9.09957e-26
8.66372e-26
8.25586e-26
7.87498e-26
7.52026e-26
7.19055e-26
6.88499e-26
6.60252e-26
6.34248e-26
6.10409e-26
5.8865e-26
5.68889e-26
5.51053e-26
5.35075e-26
5.20893e-26
5.08452e-26
4.97703e-26
4.88603e-26
4.81113e-26
4.752e-26
4.70837e-26
4.68001e-26
4.66675e-26
4.66846e-26
4.68507e-26
4.71655e-26
4.76293e-26
4.82426e-26
