10
5e+16
5e+18
18755.4
3.39823e-20
3.39127e-20
3.37089e-20
3.34929e-20
3.32716e-20
3.30469e-20
3.28197e-20
3.25905e-20
3.23598e-20
3.21274e-20
3.18935e-20
3.16579e-20
3.14208e-20
3.1182e-20
3.09418e-20
3.07e-20
3.04568e-20
3.02122e-20
2.99663e-20
2.97191e-20
2.94706e-20
2.9221e-20
2.89702e-20
2.87183e-20
2.84654e-20
2.82116e-20
2.79568e-20
2.77012e-20
2.74447e-20
2.71875e-20
2.69296e-20
2.66711e-20
2.6412e-20
2.61523e-20
2.58921e-20
2.56316e-20
2.53706e-20
2.51094e-20
2.48478e-20
2.45861e-20
2.43242e-20
2.40622e-20
2.38002e-20
2.35381e-20
2.32762e-20
2.30143e-20
2.27526e-20
2.2491e-20
2.22298e-20
2.19688e-20
2.17083e-20
2.14481e-20
2.11884e-20
2.09292e-20
2.06705e-20
2.04125e-20
2.0155e-20
1.98983e-20
1.96423e-20
1.93871e-20
1.91327e-20
1.88792e-20
1.86266e-20
1.83749e-20
1.81243e-20
1.78746e-20
1.7626e-20
1.73785e-20
1.71322e-20
1.6887e-20
1.66431e-20
1.64003e-20
1.61589e-20
1.59188e-20
1.568e-20
1.54425e-20
1.52065e-20
1.49719e-20
1.47387e-20
1.45071e-20
1.42769e-20
1.40483e-20
1.38212e-20
1.35957e-20
1.33718e-20
1.31495e-20
1.29289e-20
1.27099e-20
1.24926e-20
1.22769e-20
1.2063e-20
1.18508e-20
1.16404e-20
1.14317e-20
1.12247e-20
1.10195e-20
1.08161e-20
1.06145e-20
1.04148e-20
1.02168e-20
1.00206e-20
9.82625e-21
9.63373e-21
9.44305e-21
9.2542e-21
9.06719e-21
8.88202e-21
8.69869e-21
8.51721e-21
8.33758e-21
8.15981e-21
7.98393e-21
7.80994e-21
7.63786e-21
7.46771e-21
7.29948e-21
7.13319e-21
6.96885e-21
6.80647e-21
6.64608e-21
6.48771e-21
6.3314e-21
6.17716e-21
6.02505e-21
5.87507e-21
5.72725e-21
5.58161e-21
5.43817e-21
5.29698e-21
5.15809e-21
5.02154e-21
4.88736e-21
4.75557e-21
4.6262e-21
4.49926e-21
4.37476e-21
4.25271e-21
4.1331e-21
4.01595e-21
3.90124e-21
3.78897e-21
3.67912e-21
3.57169e-21
3.46665e-21
3.364e-21
3.2637e-21
3.16575e-21
3.07011e-21
2.97676e-21
2.88568e-21
2.79684e-21
2.7102e-21
2.62574e-21
2.54344e-21
2.46325e-21
2.38514e-21
2.30909e-21
2.23505e-21
2.163e-21
2.0929e-21
2.02471e-21
1.95841e-21
1.89395e-21
1.83129e-21
1.77041e-21
1.71127e-21
1.65383e-21
1.59806e-21
1.54392e-21
1.49137e-21
1.44038e-21
1.39092e-21
1.34295e-21
1.29643e-21
1.25133e-21
1.20763e-21
1.16527e-21
1.12423e-21
1.08449e-21
1.04599e-21
1.00872e-21
9.72642e-22
9.37723e-22
9.03932e-22
8.7124e-22
8.39617e-22
8.09034e-22
7.79463e-22
7.50874e-22
7.23241e-22
6.96536e-22
6.70732e-22
6.45804e-22
6.21726e-22
5.98472e-22
5.76019e-22
5.54342e-22
5.33419e-22
5.13225e-22
4.93739e-22
4.74939e-22
4.56803e-22
4.39311e-22
4.22443e-22
4.06178e-22
3.90497e-22
3.75382e-22
3.60815e-22
3.46777e-22
3.33251e-22
3.2022e-22
3.07668e-22
2.95579e-22
2.83937e-22
2.72727e-22
2.61935e-22
2.51547e-22
2.41548e-22
2.31925e-22
2.22666e-22
2.13757e-22
2.05186e-22
1.96942e-22
1.89013e-22
1.81387e-22
1.74055e-22
1.67005e-22
1.60227e-22
1.53712e-22
1.4745e-22
1.41433e-22
1.3565e-22
1.30093e-22
1.24755e-22
1.19627e-22
1.14701e-22
1.0997e-22
1.05426e-22
1.01063e-22
9.68735e-23
9.28514e-23
8.89902e-23
8.52837e-23
8.17262e-23
7.83119e-23
7.50354e-23
7.18913e-23
6.88746e-23
6.59804e-23
6.32039e-23
6.05406e-23
5.7986e-23
5.55359e-23
5.31862e-23
5.0933e-23
4.87725e-23
4.6701e-23
4.47151e-23
4.28112e-23
4.09862e-23
3.92369e-23
3.75603e-23
3.59536e-23
3.44137e-23
3.29382e-23
3.15244e-23
3.01699e-23
2.88721e-23
2.76289e-23
2.64379e-23
2.52972e-23
2.42045e-23
2.31581e-23
2.21559e-23
2.11961e-23
2.02771e-23
1.93971e-23
1.85545e-23
1.77479e-23
1.69756e-23
1.62363e-23
1.55286e-23
1.48511e-23
1.42027e-23
1.35821e-23
1.29882e-23
1.24198e-23
1.18758e-23
1.13553e-23
1.08573e-23
1.03807e-23
9.92477e-24
9.48854e-24
9.07121e-24
8.67197e-24
8.29006e-24
7.92474e-24
7.5753e-24
7.24107e-24
6.9214e-24
6.61567e-24
6.32329e-24
6.04367e-24
5.77628e-24
5.52059e-24
5.2761e-24
5.04233e-24
4.81881e-24
4.60511e-24
4.4008e-24
4.20547e-24
4.01874e-24
3.84024e-24
3.6696e-24
3.5065e-24
3.35059e-24
3.20158e-24
3.05915e-24
2.92304e-24
2.79294e-24
2.66862e-24
2.54981e-24
2.43628e-24
2.32779e-24
2.22413e-24
2.12508e-24
2.03044e-24
1.94003e-24
1.85364e-24
1.77112e-24
1.69228e-24
1.61697e-24
1.54504e-24
1.47633e-24
1.4107e-24
1.34802e-24
1.28816e-24
1.231e-24
1.17641e-24
1.12429e-24
1.07453e-24
1.02702e-24
9.8166e-25
9.38364e-25
8.97038e-25
8.57597e-25
8.19959e-25
7.84044e-25
7.49779e-25
7.1709e-25
6.85911e-25
6.56176e-25
6.27822e-25
6.00791e-25
5.75025e-25
5.50471e-25
5.27077e-25
5.04794e-25
4.83576e-25
4.63377e-25
4.44155e-25
4.2587e-25
4.08484e-25
3.91959e-25
3.76262e-25
3.61359e-25
3.47219e-25
3.33812e-25
3.21109e-25
3.09085e-25
2.97714e-25
2.86972e-25
2.76836e-25
2.67286e-25
2.58301e-25
2.49863e-25
2.41953e-25
2.34556e-25
2.27656e-25
2.21238e-25
2.1529e-25
2.09798e-25
2.04758e-25
2.00169e-25
1.96026e-25
1.92324e-25
1.8906e-25
1.86231e-25
1.83827e-25
1.81841e-25
1.80266e-25
1.79097e-25
1.78329e-25
1.77959e-25
1.77982e-25
1.78397e-25
1.79203e-25
1.80399e-25
1.81987e-25
1.83966e-25
1.86341e-25
