20
2e+18
2e+18
49.9997
20.0033
26524.1
1.13887e-20
1.13828e-20
1.13636e-20
1.13415e-20
1.13168e-20
1.12897e-20
1.12604e-20
1.12287e-20
1.11948e-20
1.11588e-20
1.11206e-20
1.10802e-20
1.10378e-20
1.09933e-20
1.09467e-20
1.08981e-20
1.08475e-20
1.07948e-20
1.07403e-20
1.06838e-20
1.06254e-20
1.05652e-20
1.05032e-20
1.04393e-20
1.03738e-20
1.03065e-20
1.02375e-20
1.01669e-20
1.00948e-20
1.0021e-20
9.9458e-21
9.8691e-21
9.79098e-21
9.71148e-21
9.63065e-21
9.54853e-21
9.46516e-21
9.38059e-21
9.29487e-21
9.20804e-21
9.12015e-21
9.03124e-21
8.94135e-21
8.85055e-21
8.75887e-21
8.66636e-21
8.57306e-21
8.47903e-21
8.3843e-21
8.28893e-21
8.19297e-21
8.09645e-21
7.99942e-21
7.90194e-21
7.80403e-21
7.70576e-21
7.60716e-21
7.50827e-21
7.40915e-21
7.30983e-21
7.21036e-21
7.11078e-21
7.01112e-21
6.91144e-21
6.81177e-21
6.71215e-21
6.61262e-21
6.51322e-21
6.41398e-21
6.31495e-21
6.21616e-21
6.11764e-21
6.01943e-21
5.92157e-21
5.82408e-21
5.727e-21
5.63037e-21
5.5342e-21
5.43854e-21
5.34341e-21
5.24884e-21
5.15486e-21
5.0615e-21
4.96878e-21
4.87674e-21
4.78539e-21
4.69477e-21
4.6049e-21
4.51581e-21
4.42751e-21
4.34004e-21
4.25341e-21
4.16765e-21
4.08278e-21
3.99882e-21
3.9158e-21
3.83372e-21
3.75261e-21
3.67248e-21
3.59335e-21
3.51522e-21
3.43811e-21
3.36204e-21
3.287e-21
3.21301e-21
3.14008e-21
3.06821e-21
2.99741e-21
2.92769e-21
2.85904e-21
2.79147e-21
2.72499e-21
2.65959e-21
2.59527e-21
2.53204e-21
2.4699e-21
2.40883e-21
2.34884e-21
2.28993e-21
2.2321e-21
2.17533e-21
2.11962e-21
2.06498e-21
2.01138e-21
1.95883e-21
1.90732e-21
1.85684e-21
1.80738e-21
1.75894e-21
1.7115e-21
1.66505e-21
1.6196e-21
1.57511e-21
1.5316e-21
1.48903e-21
1.44742e-21
1.40673e-21
1.36696e-21
1.32811e-21
1.29015e-21
1.25307e-21
1.21687e-21
1.18153e-21
1.14703e-21
1.11337e-21
1.08053e-21
1.0485e-21
1.01726e-21
9.86803e-22
9.57116e-22
9.28184e-22
8.99994e-22
8.72534e-22
8.45788e-22
8.19744e-22
7.94389e-22
7.6971e-22
7.45693e-22
7.22324e-22
6.99592e-22
6.77483e-22
6.55983e-22
6.35081e-22
6.14763e-22
5.95017e-22
5.7583e-22
5.5719e-22
5.39084e-22
5.21501e-22
5.04427e-22
4.87853e-22
4.71764e-22
4.56151e-22
4.41002e-22
4.26305e-22
4.12049e-22
3.98223e-22
3.84817e-22
3.7182e-22
3.59221e-22
3.47011e-22
3.35178e-22
3.23714e-22
3.12608e-22
3.01851e-22
2.91433e-22
2.81346e-22
2.7158e-22
2.62126e-22
2.52976e-22
2.44122e-22
2.35554e-22
2.27265e-22
2.19247e-22
2.11491e-22
2.03992e-22
1.9674e-22
1.89729e-22
1.82951e-22
1.764e-22
1.70069e-22
1.63951e-22
1.5804e-22
1.52329e-22
1.46813e-22
1.41485e-22
1.3634e-22
1.31371e-22
1.26574e-22
1.21943e-22
1.17472e-22
1.13157e-22
1.08993e-22
1.04974e-22
1.01097e-22
9.73557e-23
9.37468e-23
9.02657e-23
8.69082e-23
8.36701e-23
8.05477e-23
7.75369e-23
7.46342e-23
7.18358e-23
6.91382e-23
6.65381e-23
6.40322e-23
6.16172e-23
5.92901e-23
5.70478e-23
5.48874e-23
5.28061e-23
5.08012e-23
4.887e-23
4.70099e-23
4.52185e-23
4.34933e-23
4.1832e-23
4.02324e-23
3.86923e-23
3.72096e-23
3.57821e-23
3.44081e-23
3.30854e-23
3.18124e-23
3.05872e-23
2.94081e-23
2.82735e-23
2.71816e-23
2.6131e-23
2.51202e-23
2.41477e-23
2.32121e-23
2.2312e-23
2.14462e-23
2.06134e-23
1.98123e-23
1.90419e-23
1.83009e-23
1.75883e-23
1.6903e-23
1.6244e-23
1.56104e-23
1.50011e-23
1.44152e-23
1.38519e-23
1.33104e-23
1.27898e-23
1.22893e-23
1.18081e-23
1.13456e-23
1.0901e-23
1.04736e-23
1.00629e-23
9.66808e-24
9.28862e-24
8.92393e-24
8.57344e-24
8.23661e-24
7.9129e-24
7.60183e-24
7.30291e-24
7.01566e-24
6.73964e-24
6.47442e-24
6.21958e-24
5.97472e-24
5.73945e-24
5.51341e-24
5.29623e-24
5.08757e-24
4.8871e-24
4.69451e-24
4.50948e-24
4.33173e-24
4.16097e-24
3.99692e-24
3.83933e-24
3.68794e-24
3.54252e-24
3.40282e-24
3.26863e-24
3.13973e-24
3.01591e-24
2.89697e-24
2.78273e-24
2.67299e-24
2.56758e-24
2.46634e-24
2.36909e-24
2.27568e-24
2.18596e-24
2.09978e-24
2.01701e-24
1.93751e-24
1.86115e-24
1.78781e-24
1.71737e-24
1.64971e-24
1.58473e-24
1.52231e-24
1.46237e-24
1.40479e-24
1.34949e-24
1.29638e-24
1.24536e-24
1.19637e-24
1.14931e-24
1.10411e-24
1.0607e-24
1.019e-24
9.78955e-25
9.40491e-25
9.03548e-25
8.68066e-25
8.33985e-25
8.01252e-25
7.69813e-25
7.39615e-25
7.10611e-25
6.82753e-25
6.55995e-25
6.30294e-25
6.05608e-25
5.81896e-25
5.59121e-25
5.37245e-25
5.16232e-25
4.96049e-25
4.76661e-25
4.58039e-25
4.40151e-25
4.22968e-25
4.06463e-25
3.90609e-25
3.75379e-25
3.60749e-25
3.46696e-25
3.33196e-25
3.20228e-25
3.07771e-25
2.95803e-25
2.84307e-25
2.73263e-25
2.62653e-25
2.52461e-25
2.42669e-25
2.33262e-25
2.24225e-25
2.15543e-25
2.07201e-25
1.99188e-25
1.91489e-25
1.84092e-25
1.76985e-25
1.70158e-25
1.63598e-25
1.57295e-25
1.51239e-25
1.45421e-25
1.39831e-25
1.34459e-25
1.29298e-25
1.24339e-25
1.19575e-25
1.14997e-25
1.10598e-25
1.06371e-25
1.02309e-25
9.84064e-26
9.46564e-26
9.1053e-26
8.75906e-26
8.42634e-26
8.10664e-26
7.79943e-26
7.50422e-26
7.22056e-26
6.94798e-26
6.68606e-26
6.43437e-26
6.19252e-26
5.96012e-26
5.73682e-26
5.52224e-26
5.31605e-26
5.11793e-26
4.92757e-26
4.74465e-26
4.5689e-26
4.40003e-26
4.23778e-26
4.0819e-26
3.93213e-26
3.78824e-26
3.65001e-26
3.51722e-26
3.38966e-26
3.26712e-26
3.14942e-26
3.03637e-26
2.9278e-26
2.82353e-26
2.72339e-26
2.62725e-26
2.53493e-26
2.4463e-26
2.36122e-26
2.27956e-26
2.20118e-26
2.12597e-26
2.05381e-26
1.98458e-26
1.91818e-26
1.8545e-26
1.79344e-26
1.73491e-26
1.67882e-26
1.62507e-26
1.57359e-26
1.52429e-26
1.4771e-26
1.43194e-26
1.38873e-26
1.34742e-26
1.30794e-26
1.27022e-26
1.23421e-26
1.19985e-26
1.16708e-26
1.13585e-26
1.10612e-26
1.07783e-26
1.05094e-26
1.0254e-26
1.00118e-26
9.78235e-27
9.56528e-27
9.36023e-27
9.16687e-27
8.98487e-27
8.81393e-27
8.65377e-27
8.5041e-27
8.36466e-27
8.23523e-27
8.11556e-27
8.00544e-27
7.90466e-27
7.81304e-27
7.73041e-27
7.65659e-27
7.59143e-27
7.53479e-27
7.48654e-27
7.44657e-27
7.41477e-27
7.39103e-27
7.37528e-27
7.36744e-27
7.36744e-27
7.37522e-27
7.39074e-27
7.41397e-27
7.44488e-27
7.48344e-27
7.52966e-27
7.58353e-27
7.64506e-27
7.71427e-27
7.79119e-27
7.87586e-27
7.96833e-27
8.06867e-27
8.17732e-27
8.29445e-27
8.42029e-27
8.55489e-27
8.69831e-27
8.8506e-27
9.01183e-27
