20
5e+17
5e+17
50
20.0014
26524.1
1.13237e-20
1.1318e-20
1.12996e-20
1.12782e-20
1.12543e-20
1.12281e-20
1.11995e-20
1.11687e-20
1.11356e-20
1.11004e-20
1.1063e-20
1.10236e-20
1.0982e-20
1.09383e-20
1.08926e-20
1.08449e-20
1.07951e-20
1.07434e-20
1.06897e-20
1.06341e-20
1.05766e-20
1.05173e-20
1.04561e-20
1.03932e-20
1.03285e-20
1.02621e-20
1.0194e-20
1.01243e-20
1.0053e-20
9.98019e-21
9.90583e-21
9.83002e-21
9.75277e-21
9.67414e-21
9.59418e-21
9.51292e-21
9.4304e-21
9.34669e-21
9.26181e-21
9.17582e-21
9.08876e-21
9.00067e-21
8.91161e-21
8.82162e-21
8.73075e-21
8.63903e-21
8.54652e-21
8.45327e-21
8.35932e-21
8.26472e-21
8.1695e-21
8.07373e-21
7.97744e-21
7.88068e-21
7.78349e-21
7.68592e-21
7.58802e-21
7.48982e-21
7.39137e-21
7.29271e-21
7.1939e-21
7.09495e-21
6.99593e-21
6.89687e-21
6.79781e-21
6.69879e-21
6.59984e-21
6.50102e-21
6.40235e-21
6.30387e-21
6.20562e-21
6.10764e-21
6.00995e-21
5.9126e-21
5.81561e-21
5.71902e-21
5.62286e-21
5.52716e-21
5.43195e-21
5.33727e-21
5.24314e-21
5.14958e-21
5.05663e-21
4.96432e-21
4.87267e-21
4.78171e-21
4.69146e-21
4.60195e-21
4.51321e-21
4.42525e-21
4.3381e-21
4.25179e-21
4.16634e-21
4.08177e-21
3.9981e-21
3.91536e-21
3.83354e-21
3.75269e-21
3.6728e-21
3.5939e-21
3.516e-21
3.4391e-21
3.36323e-21
3.28838e-21
3.21458e-21
3.14182e-21
3.07011e-21
2.99947e-21
2.92988e-21
2.86137e-21
2.79393e-21
2.72756e-21
2.66227e-21
2.59805e-21
2.53491e-21
2.47285e-21
2.41186e-21
2.35194e-21
2.2931e-21
2.23531e-21
2.17859e-21
2.12293e-21
2.06832e-21
2.01475e-21
1.96222e-21
1.91073e-21
1.86026e-21
1.81081e-21
1.76237e-21
1.71492e-21
1.66847e-21
1.623e-21
1.57851e-21
1.53497e-21
1.49238e-21
1.45074e-21
1.41002e-21
1.37022e-21
1.33133e-21
1.29333e-21
1.25622e-21
1.21997e-21
1.18458e-21
1.15004e-21
1.11633e-21
1.08344e-21
1.05136e-21
1.02006e-21
9.89554e-22
9.59812e-22
9.30824e-22
9.02577e-22
8.75058e-22
8.48254e-22
8.22151e-22
7.96737e-22
7.71998e-22
7.47922e-22
7.24494e-22
7.01702e-22
6.79533e-22
6.57975e-22
6.37014e-22
6.16637e-22
5.96833e-22
5.77589e-22
5.58891e-22
5.40729e-22
5.2309e-22
5.05962e-22
4.89333e-22
4.73191e-22
4.57526e-22
4.42325e-22
4.27577e-22
4.13271e-22
3.99396e-22
3.85942e-22
3.72898e-22
3.60253e-22
3.47998e-22
3.36122e-22
3.24614e-22
3.13467e-22
3.02669e-22
2.92212e-22
2.82086e-22
2.72282e-22
2.62792e-22
2.53607e-22
2.44718e-22
2.36117e-22
2.27795e-22
2.19746e-22
2.1196e-22
2.04431e-22
1.97151e-22
1.90113e-22
1.83309e-22
1.76732e-22
1.70377e-22
1.64235e-22
1.58301e-22
1.52569e-22
1.47032e-22
1.41684e-22
1.36519e-22
1.31532e-22
1.26717e-22
1.22069e-22
1.17582e-22
1.13252e-22
1.09073e-22
1.0504e-22
1.01149e-22
9.73953e-23
9.37743e-23
9.02817e-23
8.69132e-23
8.36649e-23
8.05326e-23
7.75126e-23
7.46011e-23
7.17945e-23
6.90892e-23
6.64818e-23
6.39691e-23
6.15477e-23
5.92146e-23
5.69667e-23
5.48011e-23
5.2715e-23
5.07056e-23
4.87703e-23
4.69064e-23
4.51115e-23
4.33831e-23
4.17189e-23
4.01167e-23
3.85742e-23
3.70893e-23
3.566e-23
3.42843e-23
3.29602e-23
3.1686e-23
3.04597e-23
2.92798e-23
2.81444e-23
2.7052e-23
2.60011e-23
2.499e-23
2.40175e-23
2.30819e-23
2.2182e-23
2.13165e-23
2.04841e-23
1.96836e-23
1.89138e-23
1.81735e-23
1.74616e-23
1.67772e-23
1.61191e-23
1.54865e-23
1.48782e-23
1.42935e-23
1.37314e-23
1.3191e-23
1.26717e-23
1.21725e-23
1.16927e-23
1.12315e-23
1.07883e-23
1.03624e-23
9.95306e-24
9.55972e-24
9.18175e-24
8.81855e-24
8.46957e-24
8.13425e-24
7.81208e-24
7.50254e-24
7.20515e-24
6.91944e-24
6.64495e-24
6.38127e-24
6.12795e-24
5.88462e-24
5.65087e-24
5.42633e-24
5.21066e-24
5.00349e-24
4.80451e-24
4.61339e-24
4.42982e-24
4.25351e-24
4.08418e-24
3.92155e-24
3.76537e-24
3.61537e-24
3.47132e-24
3.33297e-24
3.20012e-24
3.07254e-24
2.95002e-24
2.83237e-24
2.71939e-24
2.61091e-24
2.50673e-24
2.4067e-24
2.31064e-24
2.21841e-24
2.12985e-24
2.04481e-24
1.96316e-24
1.88476e-24
1.80948e-24
1.73721e-24
1.66781e-24
1.60118e-24
1.5372e-24
1.47578e-24
1.41681e-24
1.36018e-24
1.30582e-24
1.25363e-24
1.20352e-24
1.15541e-24
1.10922e-24
1.06487e-24
1.0223e-24
9.81421e-25
9.42178e-25
9.04502e-25
8.68331e-25
8.33605e-25
8.00267e-25
7.6826e-25
7.37532e-25
7.08032e-25
6.79711e-25
6.52522e-25
6.26419e-25
6.0136e-25
5.77302e-25
5.54206e-25
5.32033e-25
5.10747e-25
4.90311e-25
4.70693e-25
4.51859e-25
4.33778e-25
4.1642e-25
3.99756e-25
3.83758e-25
3.684e-25
3.53656e-25
3.39502e-25
3.25913e-25
3.12868e-25
3.00345e-25
2.88323e-25
2.76781e-25
2.65702e-25
2.55065e-25
2.44854e-25
2.35051e-25
2.2564e-25
2.16606e-25
2.07933e-25
1.99607e-25
1.91615e-25
1.83942e-25
1.76576e-25
1.69505e-25
1.62716e-25
1.562e-25
1.49944e-25
1.43939e-25
1.38174e-25
1.3264e-25
1.27327e-25
1.22227e-25
1.17332e-25
1.12632e-25
1.08121e-25
1.0379e-25
9.96333e-26
9.56428e-26
9.18122e-26
8.81352e-26
8.46056e-26
8.12175e-26
7.79653e-26
7.48436e-26
7.18471e-26
6.89709e-26
6.62102e-26
6.35604e-26
6.1017e-26
5.85758e-26
5.62327e-26
5.39838e-26
5.18255e-26
4.97539e-26
4.77658e-26
4.58578e-26
4.40267e-26
4.22694e-26
4.0583e-26
3.89647e-26
3.74118e-26
3.59216e-26
3.44918e-26
3.31198e-26
3.18034e-26
3.05404e-26
2.93287e-26
2.81663e-26
2.70511e-26
2.59814e-26
2.49553e-26
2.39711e-26
2.30271e-26
2.21219e-26
2.12537e-26
2.04213e-26
1.96231e-26
1.88579e-26
1.81244e-26
1.74212e-26
1.67473e-26
1.61014e-26
1.54826e-26
1.48897e-26
1.43217e-26
1.37777e-26
1.32568e-26
1.27581e-26
1.22806e-26
1.18237e-26
1.13866e-26
1.09684e-26
1.05684e-26
1.01861e-26
9.82071e-27
9.47161e-27
9.13821e-27
8.81994e-27
8.51625e-27
8.22661e-27
7.95053e-27
7.68751e-27
7.4371e-27
7.19887e-27
6.97239e-27
6.75726e-27
6.55311e-27
6.35958e-27
6.17631e-27
6.00298e-27
5.83928e-27
5.68491e-27
5.53959e-27
5.40305e-27
5.27503e-27
5.15531e-27
5.04366e-27
4.93985e-27
4.8437e-27
4.75501e-27
4.6736e-27
4.59932e-27
4.532e-27
4.4715e-27
4.4177e-27
4.37047e-27
4.32969e-27
4.29527e-27
4.26712e-27
4.24514e-27
4.22926e-27
4.21943e-27
4.21558e-27
4.21767e-27
4.22566e-27
4.23951e-27
4.25922e-27
4.28475e-27
4.31612e-27
4.35332e-27
4.39637e-27
4.44527e-27
4.50007e-27
4.56081e-27
4.62775e-27
4.70099e-27
4.78068e-27
4.86686e-27
4.95959e-27
5.05892e-27
5.16491e-27
