20
1e+16
5e+17
49.9858
20.0004
26524.1
1.62666e-20
1.62177e-20
1.60757e-20
1.59262e-20
1.57741e-20
1.56207e-20
1.54667e-20
1.53123e-20
1.51578e-20
1.50035e-20
1.48495e-20
1.46961e-20
1.45432e-20
1.43907e-20
1.42385e-20
1.40867e-20
1.39351e-20
1.37838e-20
1.36327e-20
1.34819e-20
1.33314e-20
1.31812e-20
1.30312e-20
1.28816e-20
1.27323e-20
1.25833e-20
1.24346e-20
1.22864e-20
1.21385e-20
1.1991e-20
1.18439e-20
1.16972e-20
1.1551e-20
1.14052e-20
1.12599e-20
1.11151e-20
1.09709e-20
1.08271e-20
1.06839e-20
1.05413e-20
1.03992e-20
1.02577e-20
1.01169e-20
9.97667e-21
9.8371e-21
9.69819e-21
9.55995e-21
9.42241e-21
9.28557e-21
9.14946e-21
9.01408e-21
8.87945e-21
8.74559e-21
8.61251e-21
8.48021e-21
8.34872e-21
8.21804e-21
8.08819e-21
7.95918e-21
7.83102e-21
7.70372e-21
7.57729e-21
7.45174e-21
7.32707e-21
7.20331e-21
7.08045e-21
6.95851e-21
6.83748e-21
6.71739e-21
6.59823e-21
6.48001e-21
6.36275e-21
6.24643e-21
6.13107e-21
6.01667e-21
5.90324e-21
5.79078e-21
5.67929e-21
5.56879e-21
5.45928e-21
5.35079e-21
5.24331e-21
5.13685e-21
5.03144e-21
4.92708e-21
4.82379e-21
4.7216e-21
4.62054e-21
4.52063e-21
4.42189e-21
4.32433e-21
4.228e-21
4.13294e-21
4.03918e-21
3.94674e-21
3.85565e-21
3.76593e-21
3.67759e-21
3.59065e-21
3.50512e-21
3.42101e-21
3.33832e-21
3.25705e-21
3.17722e-21
3.09882e-21
3.02185e-21
2.9463e-21
2.87217e-21
2.79947e-21
2.72817e-21
2.65827e-21
2.58977e-21
2.52266e-21
2.45691e-21
2.39253e-21
2.3295e-21
2.26781e-21
2.20744e-21
2.14838e-21
2.09061e-21
2.03413e-21
1.97891e-21
1.92493e-21
1.87219e-21
1.82065e-21
1.77032e-21
1.72117e-21
1.67317e-21
1.62632e-21
1.5806e-21
1.53598e-21
1.49245e-21
1.44999e-21
1.40858e-21
1.3682e-21
1.32884e-21
1.29048e-21
1.25309e-21
1.21665e-21
1.18116e-21
1.14659e-21
1.11292e-21
1.08013e-21
1.04821e-21
1.01714e-21
9.869e-22
9.5747e-22
9.28835e-22
9.00977e-22
8.73878e-22
8.47522e-22
8.21892e-22
7.96972e-22
7.72744e-22
7.49193e-22
7.26302e-22
7.04056e-22
6.8244e-22
6.61438e-22
6.41035e-22
6.21216e-22
6.01967e-22
5.83274e-22
5.65122e-22
5.47498e-22
5.30389e-22
5.1378e-22
4.97659e-22
4.82014e-22
4.66831e-22
4.52099e-22
4.37806e-22
4.23939e-22
4.10488e-22
3.97441e-22
3.84787e-22
3.72515e-22
3.60615e-22
3.49077e-22
3.3789e-22
3.27045e-22
3.16531e-22
3.06341e-22
2.96464e-22
2.86892e-22
2.77616e-22
2.68628e-22
2.59918e-22
2.5148e-22
2.43305e-22
2.35386e-22
2.27714e-22
2.20284e-22
2.13088e-22
2.06118e-22
1.99368e-22
1.92832e-22
1.86504e-22
1.80376e-22
1.74443e-22
1.68699e-22
1.63139e-22
1.57757e-22
1.52547e-22
1.47504e-22
1.42623e-22
1.37899e-22
1.33328e-22
1.28904e-22
1.24623e-22
1.20481e-22
1.16473e-22
1.12595e-22
1.08843e-22
1.05214e-22
1.01702e-22
9.83056e-23
9.50199e-23
9.18417e-23
8.87675e-23
8.57942e-23
8.29185e-23
8.01373e-23
7.74476e-23
7.48465e-23
7.23312e-23
6.98989e-23
6.7547e-23
6.52728e-23
6.3074e-23
6.0948e-23
5.88925e-23
5.69052e-23
5.4984e-23
5.31267e-23
5.13312e-23
4.95955e-23
4.79177e-23
4.62958e-23
4.47281e-23
4.32128e-23
4.17482e-23
4.03326e-23
3.89644e-23
3.76421e-23
3.63641e-23
3.5129e-23
3.39354e-23
3.27819e-23
3.16672e-23
3.059e-23
2.9549e-23
2.85432e-23
2.75712e-23
2.6632e-23
2.57245e-23
2.48477e-23
2.40005e-23
2.31819e-23
2.23909e-23
2.16268e-23
2.08885e-23
2.01752e-23
1.94861e-23
1.88204e-23
1.81772e-23
1.75558e-23
1.69556e-23
1.63757e-23
1.58155e-23
1.52744e-23
1.47516e-23
1.42466e-23
1.37588e-23
1.32876e-23
1.28325e-23
1.23928e-23
1.19682e-23
1.1558e-23
1.11618e-23
1.07791e-23
1.04094e-23
1.00524e-23
9.70753e-24
9.37446e-24
9.05276e-24
8.74205e-24
8.44196e-24
8.15212e-24
7.87219e-24
7.60183e-24
7.34073e-24
7.08855e-24
6.845e-24
6.60979e-24
6.38263e-24
6.16325e-24
5.95138e-24
5.74677e-24
5.54917e-24
5.35834e-24
5.17406e-24
4.99609e-24
4.82422e-24
4.65824e-24
4.49796e-24
4.34318e-24
4.1937e-24
4.04936e-24
3.90997e-24
3.77536e-24
3.64538e-24
3.51986e-24
3.39865e-24
3.2816e-24
3.16857e-24
3.05943e-24
2.95403e-24
2.85226e-24
2.75398e-24
2.65908e-24
2.56745e-24
2.47896e-24
2.39352e-24
2.31101e-24
2.23134e-24
2.15441e-24
2.08013e-24
2.0084e-24
1.93914e-24
1.87226e-24
1.80769e-24
1.74533e-24
1.68513e-24
1.62699e-24
1.57086e-24
1.51665e-24
1.46432e-24
1.41378e-24
1.36499e-24
1.31787e-24
1.27238e-24
1.22845e-24
1.18604e-24
1.14509e-24
1.10555e-24
1.06737e-24
1.03051e-24
9.94912e-25
9.60545e-25
9.27363e-25
8.95323e-25
8.64389e-25
8.3452e-25
8.05681e-25
7.77836e-25
7.50951e-25
7.24993e-25
6.9993e-25
6.75732e-25
6.52367e-25
6.29809e-25
6.08029e-25
5.87e-25
5.66696e-25
5.47093e-25
5.28166e-25
5.09893e-25
4.9225e-25
4.75216e-25
4.58769e-25
4.42891e-25
4.27561e-25
4.1276e-25
3.98469e-25
3.84673e-25
3.71353e-25
3.58493e-25
3.46077e-25
3.3409e-25
3.22517e-25
3.11345e-25
3.00558e-25
2.90144e-25
2.8009e-25
2.70384e-25
2.61014e-25
2.51967e-25
2.43234e-25
2.34802e-25
2.26662e-25
2.18804e-25
2.11218e-25
2.03895e-25
1.96825e-25
1.9e-25
1.83412e-25
1.77052e-25
1.70912e-25
1.64985e-25
1.59264e-25
1.53741e-25
1.4841e-25
1.43264e-25
1.38296e-25
1.33501e-25
1.28873e-25
1.24405e-25
1.20093e-25
1.15931e-25
1.11913e-25
1.08036e-25
1.04293e-25
1.00681e-25
9.71954e-26
9.38311e-26
9.05842e-26
8.74507e-26
8.44268e-26
8.15087e-26
7.86928e-26
7.59755e-26
7.33536e-26
7.08238e-26
6.83828e-26
6.60278e-26
6.37557e-26
6.15638e-26
5.94492e-26
5.74095e-26
5.5442e-26
5.35443e-26
5.1714e-26
4.99489e-26
4.82468e-26
4.66055e-26
4.5023e-26
4.34974e-26
4.20267e-26
4.06091e-26
3.92428e-26
3.79261e-26
3.66575e-26
3.54352e-26
3.42578e-26
3.31238e-26
3.20319e-26
3.09805e-26
2.99685e-26
2.89945e-26
2.80574e-26
2.7156e-26
2.62891e-26
2.54556e-26
2.46546e-26
2.3885e-26
2.31459e-26
2.24363e-26
2.17553e-26
2.11022e-26
2.0476e-26
1.9876e-26
1.93015e-26
1.87517e-26
1.8226e-26
1.77236e-26
1.7244e-26
1.67866e-26
1.63508e-26
1.5936e-26
1.55418e-26
1.51676e-26
1.4813e-26
1.44775e-26
1.41607e-26
1.38623e-26
1.35818e-26
1.33189e-26
1.30733e-26
1.28447e-26
1.26327e-26
1.24372e-26
1.22579e-26
1.20945e-26
1.1947e-26
1.1815e-26
1.16984e-26
1.15972e-26
1.15111e-26
1.14401e-26
1.13841e-26
1.13429e-26
1.13167e-26
1.13054e-26
1.13095e-26
1.13291e-26
1.13646e-26
1.1416e-26
1.14832e-26
1.15662e-26
1.16651e-26
