20
1e+17
5e+18
49.9999
20.0004
26524.1
1.63328e-20
1.62831e-20
1.61389e-20
1.59871e-20
1.58327e-20
1.56772e-20
1.55209e-20
1.53644e-20
1.52079e-20
1.50517e-20
1.48958e-20
1.47406e-20
1.45859e-20
1.44317e-20
1.42779e-20
1.41245e-20
1.39714e-20
1.38186e-20
1.36662e-20
1.3514e-20
1.33622e-20
1.32107e-20
1.30596e-20
1.29088e-20
1.27583e-20
1.26083e-20
1.24586e-20
1.23093e-20
1.21605e-20
1.2012e-20
1.1864e-20
1.17165e-20
1.15695e-20
1.14229e-20
1.12769e-20
1.11314e-20
1.09864e-20
1.0842e-20
1.06982e-20
1.05549e-20
1.04123e-20
1.02703e-20
1.01289e-20
9.98813e-21
9.84806e-21
9.70868e-21
9.56999e-21
9.43202e-21
9.29477e-21
9.15826e-21
9.02251e-21
8.88752e-21
8.75331e-21
8.6199e-21
8.48728e-21
8.35549e-21
8.22453e-21
8.0944e-21
7.96512e-21
7.83671e-21
7.70916e-21
7.5825e-21
7.45673e-21
7.33185e-21
7.20788e-21
7.08483e-21
6.96269e-21
6.84149e-21
6.72122e-21
6.60189e-21
6.48351e-21
6.36608e-21
6.24961e-21
6.13411e-21
6.01957e-21
5.90599e-21
5.7934e-21
5.68178e-21
5.57114e-21
5.46151e-21
5.35288e-21
5.24528e-21
5.1387e-21
5.03317e-21
4.92869e-21
4.82529e-21
4.72299e-21
4.62182e-21
4.5218e-21
4.42294e-21
4.32528e-21
4.22885e-21
4.13369e-21
4.03983e-21
3.9473e-21
3.85612e-21
3.76631e-21
3.67788e-21
3.59086e-21
3.50525e-21
3.42106e-21
3.3383e-21
3.25697e-21
3.17707e-21
3.09861e-21
3.02158e-21
2.94597e-21
2.8718e-21
2.79904e-21
2.7277e-21
2.65776e-21
2.58921e-21
2.52206e-21
2.45628e-21
2.39187e-21
2.32881e-21
2.26708e-21
2.20669e-21
2.1476e-21
2.08982e-21
2.03331e-21
1.97807e-21
1.92408e-21
1.87132e-21
1.81977e-21
1.76943e-21
1.72027e-21
1.67226e-21
1.62541e-21
1.57968e-21
1.53505e-21
1.49152e-21
1.44906e-21
1.40765e-21
1.36728e-21
1.32792e-21
1.28955e-21
1.25217e-21
1.21574e-21
1.18025e-21
1.14568e-21
1.11202e-21
1.07924e-21
1.04733e-21
1.01627e-21
9.86033e-22
9.56613e-22
9.27987e-22
9.00139e-22
8.73051e-22
8.46705e-22
8.21086e-22
7.96177e-22
7.71961e-22
7.48421e-22
7.25542e-22
7.03309e-22
6.81704e-22
6.60714e-22
6.40324e-22
6.20517e-22
6.01281e-22
5.826e-22
5.64461e-22
5.4685e-22
5.29753e-22
5.13157e-22
4.97048e-22
4.81415e-22
4.66245e-22
4.51526e-22
4.37244e-22
4.2339e-22
4.09951e-22
3.96916e-22
3.84273e-22
3.72013e-22
3.60125e-22
3.48598e-22
3.37423e-22
3.26589e-22
3.16086e-22
3.05907e-22
2.96041e-22
2.8648e-22
2.77214e-22
2.68236e-22
2.59536e-22
2.51108e-22
2.42943e-22
2.35034e-22
2.27372e-22
2.19951e-22
2.12764e-22
2.05803e-22
1.99062e-22
1.92535e-22
1.86215e-22
1.80095e-22
1.74171e-22
1.68435e-22
1.62883e-22
1.57508e-22
1.52306e-22
1.4727e-22
1.42397e-22
1.3768e-22
1.33116e-22
1.28699e-22
1.24425e-22
1.20289e-22
1.16287e-22
1.12416e-22
1.0867e-22
1.05046e-22
1.01541e-22
9.81498e-23
9.48696e-23
9.16968e-23
8.86279e-23
8.56598e-23
8.27891e-23
8.00128e-23
7.73279e-23
7.47315e-23
7.22207e-23
6.97929e-23
6.74452e-23
6.51753e-23
6.29805e-23
6.08585e-23
5.88069e-23
5.68235e-23
5.49059e-23
5.30522e-23
5.12601e-23
4.95278e-23
4.78533e-23
4.62346e-23
4.46701e-23
4.31578e-23
4.16961e-23
4.02833e-23
3.89179e-23
3.75982e-23
3.63229e-23
3.50903e-23
3.38991e-23
3.2748e-23
3.16356e-23
3.05606e-23
2.95218e-23
2.8518e-23
2.75481e-23
2.66109e-23
2.57053e-23
2.48302e-23
2.39848e-23
2.31679e-23
2.23786e-23
2.16161e-23
2.08793e-23
2.01676e-23
1.94799e-23
1.88155e-23
1.81737e-23
1.75536e-23
1.69546e-23
1.63759e-23
1.58168e-23
1.52768e-23
1.47551e-23
1.42511e-23
1.37643e-23
1.32941e-23
1.28398e-23
1.2401e-23
1.19772e-23
1.15678e-23
1.11723e-23
1.07904e-23
1.04214e-23
1.0065e-23
9.7208e-24
9.38832e-24
9.06719e-24
8.75702e-24
8.45744e-24
8.16809e-24
7.88862e-24
7.6187e-24
7.35801e-24
7.10622e-24
6.86303e-24
6.62817e-24
6.40133e-24
6.18225e-24
5.97066e-24
5.76631e-24
5.56895e-24
5.37835e-24
5.19426e-24
5.01648e-24
4.84479e-24
4.67897e-24
4.51882e-24
4.36417e-24
4.2148e-24
4.07056e-24
3.93125e-24
3.79671e-24
3.66679e-24
3.54131e-24
3.42014e-24
3.30311e-24
3.19009e-24
3.08095e-24
2.97555e-24
2.87376e-24
2.77545e-24
2.68052e-24
2.58884e-24
2.5003e-24
2.41479e-24
2.33222e-24
2.25247e-24
2.17546e-24
2.10109e-24
2.02927e-24
1.95991e-24
1.89292e-24
1.82824e-24
1.76576e-24
1.70543e-24
1.64717e-24
1.5909e-24
1.53657e-24
1.48409e-24
1.43341e-24
1.38447e-24
1.3372e-24
1.29156e-24
1.24748e-24
1.20491e-24
1.16379e-24
1.12409e-24
1.08574e-24
1.04871e-24
1.01295e-24
9.78407e-25
9.45051e-25
9.12837e-25
8.81726e-25
8.5168e-25
8.22662e-25
7.94638e-25
7.67572e-25
7.41433e-25
7.16189e-25
6.91808e-25
6.68262e-25
6.45521e-25
6.23558e-25
6.02346e-25
5.81859e-25
5.62074e-25
5.42964e-25
5.24509e-25
5.06684e-25
4.89468e-25
4.72841e-25
4.56782e-25
4.41272e-25
4.26292e-25
4.11824e-25
3.9785e-25
3.84353e-25
3.71317e-25
3.58727e-25
3.46567e-25
3.34821e-25
3.23477e-25
3.1252e-25
3.01937e-25
2.91716e-25
2.81843e-25
2.72307e-25
2.63097e-25
2.542e-25
2.45608e-25
2.37308e-25
2.29292e-25
2.21549e-25
2.1407e-25
2.06847e-25
1.99869e-25
1.9313e-25
1.86621e-25
1.80333e-25
1.7426e-25
1.68394e-25
1.62729e-25
1.57256e-25
1.5197e-25
1.46865e-25
1.41933e-25
1.3717e-25
1.3257e-25
1.28126e-25
1.23834e-25
1.19689e-25
1.15685e-25
1.11818e-25
1.08083e-25
1.04475e-25
1.00991e-25
9.76265e-26
9.43767e-26
9.12382e-26
8.82071e-26
8.52799e-26
8.2453e-26
7.97231e-26
7.70869e-26
7.45413e-26
7.20832e-26
6.97097e-26
6.7418e-26
6.52053e-26
6.30691e-26
6.10067e-26
5.90157e-26
5.70937e-26
5.52385e-26
5.34479e-26
5.17196e-26
5.00518e-26
4.84423e-26
4.68893e-26
4.5391e-26
4.39455e-26
4.25512e-26
4.12064e-26
3.99095e-26
3.8659e-26
3.74534e-26
3.62913e-26
3.51713e-26
3.4092e-26
3.30523e-26
3.20509e-26
3.10866e-26
3.01583e-26
2.92649e-26
2.84053e-26
2.75785e-26
2.67836e-26
2.60196e-26
2.52857e-26
2.45809e-26
2.39045e-26
2.32556e-26
2.26336e-26
2.20376e-26
2.1467e-26
2.09211e-26
2.03994e-26
1.99011e-26
1.94257e-26
1.89727e-26
1.85415e-26
1.81316e-26
1.77427e-26
1.73741e-26
1.70255e-26
1.66966e-26
1.63868e-26
1.60959e-26
1.58236e-26
1.55695e-26
1.53333e-26
1.51149e-26
1.49138e-26
1.473e-26
1.45632e-26
1.44132e-26
1.42799e-26
1.41632e-26
1.40628e-26
1.39787e-26
1.39109e-26
1.38592e-26
1.38236e-26
1.38041e-26
1.38015e-26
1.38158e-26
1.38474e-26
1.38962e-26
1.39622e-26
1.40455e-26
1.41461e-26
