20
2e+16
5e+18
49.9734
20.0003
26524.1
1.69862e-20
1.69271e-20
1.67564e-20
1.65778e-20
1.63969e-20
1.62154e-20
1.60341e-20
1.58534e-20
1.56735e-20
1.54947e-20
1.53172e-20
1.51413e-20
1.49668e-20
1.47936e-20
1.46216e-20
1.44508e-20
1.42809e-20
1.41121e-20
1.39443e-20
1.37774e-20
1.36115e-20
1.34465e-20
1.32825e-20
1.31193e-20
1.29571e-20
1.27957e-20
1.26353e-20
1.24757e-20
1.23171e-20
1.21593e-20
1.20024e-20
1.18464e-20
1.16913e-20
1.1537e-20
1.13837e-20
1.12313e-20
1.10797e-20
1.09291e-20
1.07793e-20
1.06305e-20
1.04825e-20
1.03355e-20
1.01894e-20
1.00442e-20
9.89991e-21
9.75657e-21
9.61415e-21
9.47268e-21
9.33214e-21
9.19255e-21
9.05391e-21
8.91622e-21
8.77949e-21
8.64371e-21
8.50891e-21
8.37507e-21
8.2422e-21
8.11031e-21
7.9794e-21
7.84946e-21
7.72052e-21
7.59256e-21
7.46559e-21
7.33961e-21
7.21463e-21
7.09064e-21
6.96764e-21
6.84565e-21
6.72466e-21
6.60466e-21
6.48567e-21
6.36767e-21
6.25068e-21
6.13469e-21
6.0197e-21
5.90571e-21
5.79271e-21
5.68072e-21
5.56972e-21
5.45975e-21
5.3508e-21
5.24287e-21
5.13599e-21
5.03015e-21
4.92537e-21
4.82168e-21
4.71909e-21
4.61763e-21
4.51733e-21
4.4182e-21
4.32027e-21
4.22358e-21
4.12817e-21
4.03407e-21
3.94131e-21
3.84992e-21
3.75991e-21
3.67131e-21
3.58412e-21
3.49837e-21
3.41405e-21
3.33117e-21
3.24974e-21
3.16975e-21
3.09122e-21
3.01413e-21
2.93849e-21
2.86429e-21
2.79152e-21
2.72017e-21
2.65025e-21
2.58173e-21
2.51461e-21
2.44888e-21
2.38452e-21
2.32152e-21
2.25987e-21
2.19956e-21
2.14056e-21
2.08287e-21
2.02646e-21
1.97133e-21
1.91745e-21
1.86481e-21
1.81339e-21
1.76317e-21
1.71413e-21
1.66626e-21
1.61954e-21
1.57395e-21
1.52946e-21
1.48607e-21
1.44375e-21
1.40248e-21
1.36225e-21
1.32303e-21
1.28481e-21
1.24756e-21
1.21128e-21
1.17593e-21
1.1415e-21
1.10798e-21
1.07534e-21
1.04356e-21
1.01263e-21
9.8253e-22
9.53239e-22
9.24741e-22
8.97018e-22
8.70053e-22
8.43829e-22
8.18329e-22
7.93535e-22
7.69432e-22
7.46003e-22
7.23232e-22
7.01104e-22
6.79603e-22
6.58713e-22
6.38419e-22
6.18708e-22
5.99563e-22
5.80972e-22
5.62919e-22
5.45392e-22
5.28376e-22
5.11858e-22
4.95826e-22
4.80266e-22
4.65167e-22
4.50516e-22
4.36301e-22
4.2251e-22
4.09132e-22
3.96155e-22
3.83569e-22
3.71364e-22
3.59527e-22
3.4805e-22
3.36923e-22
3.26135e-22
3.15676e-22
3.05539e-22
2.95713e-22
2.8619e-22
2.76961e-22
2.68017e-22
2.59351e-22
2.50954e-22
2.42819e-22
2.34938e-22
2.27303e-22
2.19907e-22
2.12744e-22
2.05806e-22
1.99087e-22
1.9258e-22
1.86279e-22
1.80178e-22
1.7427e-22
1.6855e-22
1.63012e-22
1.57651e-22
1.52462e-22
1.47438e-22
1.42576e-22
1.37869e-22
1.33314e-22
1.28906e-22
1.2464e-22
1.20511e-22
1.16516e-22
1.12651e-22
1.0891e-22
1.05292e-22
1.0179e-22
9.8403e-23
9.51261e-23
9.1956e-23
8.88895e-23
8.59233e-23
8.30541e-23
8.0279e-23
7.75949e-23
7.49989e-23
7.24883e-23
7.00603e-23
6.77122e-23
6.54416e-23
6.32459e-23
6.11227e-23
5.90697e-23
5.70847e-23
5.51654e-23
5.33097e-23
5.15155e-23
4.9781e-23
4.81041e-23
4.64829e-23
4.49157e-23
4.34007e-23
4.19362e-23
4.05205e-23
3.9152e-23
3.78293e-23
3.65508e-23
3.53151e-23
3.41207e-23
3.29662e-23
3.18505e-23
3.07722e-23
2.97301e-23
2.87229e-23
2.77496e-23
2.68089e-23
2.58999e-23
2.50215e-23
2.41726e-23
2.33523e-23
2.25597e-23
2.17938e-23
2.10536e-23
2.03385e-23
1.96475e-23
1.89798e-23
1.83347e-23
1.77114e-23
1.71092e-23
1.65273e-23
1.59651e-23
1.5422e-23
1.48972e-23
1.43902e-23
1.39004e-23
1.34272e-23
1.297e-23
1.25283e-23
1.21017e-23
1.16895e-23
1.12913e-23
1.09066e-23
1.05349e-23
1.01759e-23
9.82914e-24
9.49413e-24
9.17051e-24
8.8579e-24
8.55591e-24
8.2642e-24
7.98242e-24
7.71023e-24
7.44731e-24
7.19333e-24
6.94801e-24
6.71104e-24
6.48215e-24
6.26105e-24
6.04749e-24
5.84121e-24
5.64196e-24
5.4495e-24
5.26361e-24
5.08405e-24
4.91062e-24
4.74311e-24
4.5813e-24
4.42502e-24
4.27408e-24
4.12828e-24
3.98746e-24
3.85145e-24
3.72007e-24
3.59319e-24
3.47063e-24
3.35226e-24
3.23793e-24
3.12751e-24
3.02085e-24
2.91784e-24
2.81834e-24
2.72225e-24
2.62943e-24
2.53979e-24
2.4532e-24
2.36958e-24
2.28881e-24
2.2108e-24
2.13545e-24
2.06268e-24
1.99239e-24
1.9245e-24
1.85894e-24
1.79561e-24
1.73444e-24
1.67537e-24
1.61831e-24
1.5632e-24
1.50998e-24
1.45857e-24
1.40891e-24
1.36095e-24
1.31464e-24
1.2699e-24
1.22669e-24
1.18495e-24
1.14464e-24
1.10571e-24
1.0681e-24
1.03178e-24
9.967e-25
9.62817e-25
9.3009e-25
8.98479e-25
8.67948e-25
8.38459e-25
8.09975e-25
7.82464e-25
7.55891e-25
7.30225e-25
7.05434e-25
6.81489e-25
6.5836e-25
6.3602e-25
6.14442e-25
5.936e-25
5.73469e-25
5.54023e-25
5.35241e-25
5.17099e-25
4.99575e-25
4.82648e-25
4.66298e-25
4.50506e-25
4.35251e-25
4.20516e-25
4.06283e-25
3.92534e-25
3.79254e-25
3.66426e-25
3.54035e-25
3.42066e-25
3.30505e-25
3.19337e-25
3.08549e-25
2.98128e-25
2.88062e-25
2.78338e-25
2.68946e-25
2.59873e-25
2.51108e-25
2.42642e-25
2.34464e-25
2.26564e-25
2.18933e-25
2.11561e-25
2.04441e-25
1.97562e-25
1.90917e-25
1.84499e-25
1.78298e-25
1.72309e-25
1.66523e-25
1.60934e-25
1.55536e-25
1.50321e-25
1.45283e-25
1.40417e-25
1.35716e-25
1.31175e-25
1.26789e-25
1.22553e-25
1.1846e-25
1.14507e-25
1.10689e-25
1.07001e-25
1.03438e-25
9.99971e-26
9.66736e-26
9.34635e-26
9.0363e-26
8.73684e-26
8.44763e-26
8.16831e-26
7.89855e-26
7.63804e-26
7.38646e-26
7.14352e-26
6.90892e-26
6.68239e-26
6.46366e-26
6.25248e-26
6.04858e-26
5.85174e-26
5.66171e-26
5.47828e-26
5.30122e-26
5.13033e-26
4.96541e-26
4.80625e-26
4.65268e-26
4.50451e-26
4.36157e-26
4.22369e-26
4.0907e-26
3.96245e-26
3.8388e-26
3.71959e-26
3.60468e-26
3.49394e-26
3.38724e-26
3.28446e-26
3.18547e-26
3.09016e-26
2.99841e-26
2.91013e-26
2.8252e-26
2.74353e-26
2.66502e-26
2.58959e-26
2.51713e-26
2.44758e-26
2.38084e-26
2.31684e-26
2.25551e-26
2.19678e-26
2.14057e-26
2.08683e-26
2.03549e-26
1.98649e-26
1.93977e-26
1.89529e-26
1.85299e-26
1.81282e-26
1.77473e-26
1.73869e-26
1.70466e-26
1.67258e-26
1.64244e-26
1.61418e-26
1.58779e-26
1.56324e-26
1.54048e-26
1.51951e-26
1.5003e-26
1.48282e-26
1.46706e-26
1.453e-26
1.44062e-26
1.42992e-26
1.42088e-26
1.4135e-26
1.40776e-26
1.40366e-26
1.40121e-26
1.40047e-26
1.40145e-26
1.4042e-26
1.4087e-26
1.41496e-26
1.42297e-26
1.43273e-26
