20
1e+17
1e+18
50
20.0007
26524.1
1.45124e-20
1.44845e-20
1.44018e-20
1.43134e-20
1.42219e-20
1.41281e-20
1.40322e-20
1.39346e-20
1.38354e-20
1.37347e-20
1.36327e-20
1.35295e-20
1.34251e-20
1.33195e-20
1.32127e-20
1.31047e-20
1.29955e-20
1.28853e-20
1.27739e-20
1.26614e-20
1.25479e-20
1.24334e-20
1.2318e-20
1.22017e-20
1.20845e-20
1.19664e-20
1.18476e-20
1.1728e-20
1.16078e-20
1.14869e-20
1.13653e-20
1.12432e-20
1.11206e-20
1.09974e-20
1.08739e-20
1.07499e-20
1.06256e-20
1.05009e-20
1.0376e-20
1.02508e-20
1.01255e-20
9.99996e-21
9.87434e-21
9.74864e-21
9.62291e-21
9.49718e-21
9.37149e-21
9.24587e-21
9.12038e-21
8.99503e-21
8.86988e-21
8.74494e-21
8.62026e-21
8.49588e-21
8.37181e-21
8.2481e-21
8.12478e-21
8.00187e-21
7.87942e-21
7.75744e-21
7.63596e-21
7.51502e-21
7.39464e-21
7.27485e-21
7.15567e-21
7.03713e-21
6.91924e-21
6.80204e-21
6.68555e-21
6.56979e-21
6.45477e-21
6.34052e-21
6.22706e-21
6.11441e-21
6.00257e-21
5.89158e-21
5.78145e-21
5.67219e-21
5.56381e-21
5.45635e-21
5.34983e-21
5.24425e-21
5.13963e-21
5.036e-21
4.93337e-21
4.83176e-21
4.7312e-21
4.63172e-21
4.53334e-21
4.43608e-21
4.33996e-21
4.24501e-21
4.15127e-21
4.05876e-21
3.96751e-21
3.87753e-21
3.78884e-21
3.70147e-21
3.61541e-21
3.5307e-21
3.44732e-21
3.3653e-21
3.28463e-21
3.20532e-21
3.12737e-21
3.05078e-21
2.97556e-21
2.90169e-21
2.82918e-21
2.75803e-21
2.68822e-21
2.61975e-21
2.55262e-21
2.48681e-21
2.42232e-21
2.35914e-21
2.29725e-21
2.23665e-21
2.17732e-21
2.11925e-21
2.06243e-21
2.00685e-21
1.95248e-21
1.89933e-21
1.84736e-21
1.79657e-21
1.74694e-21
1.69846e-21
1.6511e-21
1.60486e-21
1.55971e-21
1.51564e-21
1.47263e-21
1.43067e-21
1.38974e-21
1.34981e-21
1.31088e-21
1.27292e-21
1.23592e-21
1.19986e-21
1.16472e-21
1.13048e-21
1.09714e-21
1.06466e-21
1.03304e-21
1.00225e-21
9.72281e-22
9.43112e-22
9.14728e-22
8.87112e-22
8.60247e-22
8.34116e-22
8.08704e-22
7.83994e-22
7.5997e-22
7.36617e-22
7.13919e-22
6.91861e-22
6.70428e-22
6.49604e-22
6.29375e-22
6.09727e-22
5.90646e-22
5.72116e-22
5.54126e-22
5.3666e-22
5.19707e-22
5.03252e-22
4.87283e-22
4.71787e-22
4.56752e-22
4.42166e-22
4.28017e-22
4.14293e-22
4.00984e-22
3.88077e-22
3.75562e-22
3.63428e-22
3.51665e-22
3.40262e-22
3.2921e-22
3.18499e-22
3.08119e-22
2.9806e-22
2.88314e-22
2.78872e-22
2.69725e-22
2.60865e-22
2.52282e-22
2.43971e-22
2.35921e-22
2.28126e-22
2.20578e-22
2.13271e-22
2.06196e-22
1.99347e-22
1.92717e-22
1.86299e-22
1.80088e-22
1.74077e-22
1.6826e-22
1.6263e-22
1.57183e-22
1.51913e-22
1.46814e-22
1.4188e-22
1.37108e-22
1.32492e-22
1.28027e-22
1.23708e-22
1.1953e-22
1.15491e-22
1.11584e-22
1.07806e-22
1.04153e-22
1.0062e-22
9.7205e-23
9.39029e-23
9.07105e-23
8.76242e-23
8.46408e-23
8.17568e-23
7.8969e-23
7.62745e-23
7.36701e-23
7.11529e-23
6.87202e-23
6.63691e-23
6.40971e-23
6.19015e-23
5.97799e-23
5.77298e-23
5.57489e-23
5.38349e-23
5.19856e-23
5.0199e-23
4.84728e-23
4.68052e-23
4.51942e-23
4.36378e-23
4.21344e-23
4.06822e-23
3.92794e-23
3.79243e-23
3.66155e-23
3.53514e-23
3.41304e-23
3.29511e-23
3.18122e-23
3.07122e-23
2.96499e-23
2.8624e-23
2.76333e-23
2.66765e-23
2.57526e-23
2.48604e-23
2.39989e-23
2.3167e-23
2.23637e-23
2.15881e-23
2.08392e-23
2.0116e-23
1.94178e-23
1.87437e-23
1.80929e-23
1.74645e-23
1.68578e-23
1.6272e-23
1.57065e-23
1.51606e-23
1.46335e-23
1.41247e-23
1.36334e-23
1.31592e-23
1.27014e-23
1.22595e-23
1.18329e-23
1.14211e-23
1.10235e-23
1.06398e-23
1.02693e-23
9.91176e-24
9.5666e-24
9.23342e-24
8.91182e-24
8.60138e-24
8.30174e-24
8.01251e-24
7.73334e-24
7.46387e-24
7.20378e-24
6.95274e-24
6.71043e-24
6.47655e-24
6.25081e-24
6.03293e-24
5.82264e-24
5.61967e-24
5.42376e-24
5.23469e-24
5.0522e-24
4.87606e-24
4.70607e-24
4.542e-24
4.38364e-24
4.23081e-24
4.0833e-24
3.94094e-24
3.80354e-24
3.67093e-24
3.54295e-24
3.41943e-24
3.30021e-24
3.18516e-24
3.07412e-24
2.96695e-24
2.86352e-24
2.7637e-24
2.66736e-24
2.57438e-24
2.48465e-24
2.39804e-24
2.31446e-24
2.2338e-24
2.15594e-24
2.08081e-24
2.0083e-24
1.93832e-24
1.87078e-24
1.80559e-24
1.74268e-24
1.68197e-24
1.62337e-24
1.56682e-24
1.51224e-24
1.45957e-24
1.40874e-24
1.35967e-24
1.31232e-24
1.26663e-24
1.22252e-24
1.17996e-24
1.13888e-24
1.09923e-24
1.06096e-24
1.02403e-24
9.88393e-25
9.53995e-25
9.20796e-25
8.88755e-25
8.57832e-25
8.27987e-25
7.99183e-25
7.71383e-25
7.44552e-25
7.18657e-25
6.93665e-25
6.69544e-25
6.46263e-25
6.23795e-25
6.02109e-25
5.8118e-25
5.60979e-25
5.41483e-25
5.22666e-25
5.04505e-25
4.86977e-25
4.7006e-25
4.53732e-25
4.37972e-25
4.22762e-25
4.08082e-25
3.93913e-25
3.80238e-25
3.67039e-25
3.54299e-25
3.42004e-25
3.30136e-25
3.18682e-25
3.07627e-25
2.96957e-25
2.86658e-25
2.76718e-25
2.67124e-25
2.57864e-25
2.48927e-25
2.403e-25
2.31974e-25
2.23938e-25
2.16182e-25
2.08696e-25
2.01471e-25
1.94497e-25
1.87766e-25
1.81269e-25
1.74999e-25
1.68947e-25
1.63106e-25
1.57469e-25
1.52027e-25
1.46776e-25
1.41707e-25
1.36815e-25
1.32094e-25
1.27537e-25
1.23139e-25
1.18894e-25
1.14798e-25
1.10844e-25
1.07029e-25
1.03347e-25
9.97929e-26
9.63634e-26
9.30537e-26
8.98598e-26
8.67777e-26
8.38034e-26
8.09333e-26
7.81639e-26
7.54915e-26
7.29129e-26
7.04249e-26
6.80243e-26
6.57082e-26
6.34736e-26
6.13178e-26
5.92381e-26
5.72319e-26
5.52967e-26
5.343e-26
5.16296e-26
4.98932e-26
4.82185e-26
4.66037e-26
4.50465e-26
4.35451e-26
4.20976e-26
4.07023e-26
3.93573e-26
3.8061e-26
3.68117e-26
3.5608e-26
3.44483e-26
3.33312e-26
3.22553e-26
3.12192e-26
3.02216e-26
2.92614e-26
2.83373e-26
2.74481e-26
2.65929e-26
2.57704e-26
2.49797e-26
2.42197e-26
2.34897e-26
2.27885e-26
2.21155e-26
2.14696e-26
2.08502e-26
2.02565e-26
1.96877e-26
1.91431e-26
1.8622e-26
1.81238e-26
1.76479e-26
1.71937e-26
1.67606e-26
1.63481e-26
1.59556e-26
1.55828e-26
1.5229e-26
1.4894e-26
1.45772e-26
1.42782e-26
1.39968e-26
1.37326e-26
1.34851e-26
1.32542e-26
1.30395e-26
1.28408e-26
1.26578e-26
1.24903e-26
1.23381e-26
1.2201e-26
1.20788e-26
1.19713e-26
1.18786e-26
1.18003e-26
1.17365e-26
1.1687e-26
1.16518e-26
1.16308e-26
1.16241e-26
1.16315e-26
1.16538e-26
1.16911e-26
1.17436e-26
1.18114e-26
1.18944e-26
1.19927e-26
1.21063e-26
