20
1e+17
1e+19
49.9079
20.0004
26524.1
1.67264e-20
1.66711e-20
1.65113e-20
1.63436e-20
1.61735e-20
1.60025e-20
1.58314e-20
1.56605e-20
1.54901e-20
1.53204e-20
1.51517e-20
1.49841e-20
1.48176e-20
1.4652e-20
1.44874e-20
1.43235e-20
1.41604e-20
1.3998e-20
1.38363e-20
1.36753e-20
1.3515e-20
1.33554e-20
1.31965e-20
1.30382e-20
1.28806e-20
1.27238e-20
1.25676e-20
1.24121e-20
1.22573e-20
1.21032e-20
1.19498e-20
1.17971e-20
1.16451e-20
1.14939e-20
1.13434e-20
1.11937e-20
1.10447e-20
1.08965e-20
1.0749e-20
1.06023e-20
1.04564e-20
1.03114e-20
1.01671e-20
1.00236e-20
9.88093e-21
9.7391e-21
9.59812e-21
9.45798e-21
9.31869e-21
9.18028e-21
9.04273e-21
8.90606e-21
8.77028e-21
8.6354e-21
8.50141e-21
8.36834e-21
8.23618e-21
8.10495e-21
7.97464e-21
7.84527e-21
7.71684e-21
7.58935e-21
7.46282e-21
7.33724e-21
7.21262e-21
7.08897e-21
6.96628e-21
6.84457e-21
6.72383e-21
6.60407e-21
6.48529e-21
6.36749e-21
6.25067e-21
6.13485e-21
6.02001e-21
5.90616e-21
5.79329e-21
5.68142e-21
5.57055e-21
5.46069e-21
5.35184e-21
5.24402e-21
5.13724e-21
5.03151e-21
4.92683e-21
4.82323e-21
4.72074e-21
4.61938e-21
4.51917e-21
4.42014e-21
4.3223e-21
4.2257e-21
4.13037e-21
4.03635e-21
3.94367e-21
3.85235e-21
3.76241e-21
3.67387e-21
3.58674e-21
3.50103e-21
3.41675e-21
3.33391e-21
3.25251e-21
3.17255e-21
3.09404e-21
3.01697e-21
2.94133e-21
2.86714e-21
2.79437e-21
2.72302e-21
2.65308e-21
2.58455e-21
2.51741e-21
2.45166e-21
2.38728e-21
2.32425e-21
2.26257e-21
2.20222e-21
2.14319e-21
2.08546e-21
2.02902e-21
1.97384e-21
1.91992e-21
1.86723e-21
1.81576e-21
1.76549e-21
1.7164e-21
1.66848e-21
1.62171e-21
1.57606e-21
1.53152e-21
1.48808e-21
1.4457e-21
1.40438e-21
1.3641e-21
1.32482e-21
1.28655e-21
1.24925e-21
1.21291e-21
1.17751e-21
1.14303e-21
1.10945e-21
1.07676e-21
1.04493e-21
1.01395e-21
9.838e-22
9.54461e-22
9.25915e-22
8.98145e-22
8.71134e-22
8.44864e-22
8.19319e-22
7.94483e-22
7.70337e-22
7.46867e-22
7.24056e-22
7.01889e-22
6.80349e-22
6.59422e-22
6.39093e-22
6.19346e-22
6.00168e-22
5.81544e-22
5.63459e-22
5.459e-22
5.28855e-22
5.12308e-22
4.96248e-22
4.80662e-22
4.65536e-22
4.5086e-22
4.36621e-22
4.22807e-22
4.09406e-22
3.96408e-22
3.83802e-22
3.71577e-22
3.59721e-22
3.48226e-22
3.37081e-22
3.26277e-22
3.15803e-22
3.0565e-22
2.9581e-22
2.86273e-22
2.7703e-22
2.68074e-22
2.59396e-22
2.50988e-22
2.42843e-22
2.34951e-22
2.27307e-22
2.19902e-22
2.12731e-22
2.05785e-22
1.99058e-22
1.92544e-22
1.86236e-22
1.80129e-22
1.74215e-22
1.6849e-22
1.62947e-22
1.57581e-22
1.52387e-22
1.4736e-22
1.42494e-22
1.37784e-22
1.33226e-22
1.28815e-22
1.24546e-22
1.20415e-22
1.16418e-22
1.12551e-22
1.08809e-22
1.05188e-22
1.01686e-22
9.82975e-23
9.50197e-23
9.1849e-23
8.87819e-23
8.58153e-23
8.29458e-23
8.01706e-23
7.74865e-23
7.48906e-23
7.23802e-23
6.99526e-23
6.76049e-23
6.53348e-23
6.31397e-23
6.10172e-23
5.8965e-23
5.69808e-23
5.50624e-23
5.32076e-23
5.14145e-23
4.9681e-23
4.80052e-23
4.63852e-23
4.48191e-23
4.33053e-23
4.18421e-23
4.04277e-23
3.90605e-23
3.77391e-23
3.6462e-23
3.52276e-23
3.40345e-23
3.28815e-23
3.17672e-23
3.06902e-23
2.96495e-23
2.86437e-23
2.76718e-23
2.67326e-23
2.5825e-23
2.49479e-23
2.41005e-23
2.32816e-23
2.24903e-23
2.17257e-23
2.0987e-23
2.02732e-23
1.95836e-23
1.89172e-23
1.82734e-23
1.76514e-23
1.70505e-23
1.64699e-23
1.59089e-23
1.5367e-23
1.48435e-23
1.43377e-23
1.38491e-23
1.3377e-23
1.2921e-23
1.24805e-23
1.20549e-23
1.16438e-23
1.12467e-23
1.08631e-23
1.04925e-23
1.01345e-23
9.78876e-24
9.45475e-24
9.1321e-24
8.82044e-24
8.5194e-24
8.22861e-24
7.94773e-24
7.67643e-24
7.41437e-24
7.16125e-24
6.91676e-24
6.6806e-24
6.45251e-24
6.23219e-24
6.0194e-24
5.81386e-24
5.61534e-24
5.4236e-24
5.23841e-24
5.05953e-24
4.88677e-24
4.71991e-24
4.55874e-24
4.40309e-24
4.25275e-24
4.10755e-24
3.9673e-24
3.83186e-24
3.70104e-24
3.57469e-24
3.45266e-24
3.3348e-24
3.22097e-24
3.11103e-24
3.00485e-24
2.9023e-24
2.80326e-24
2.7076e-24
2.61521e-24
2.52599e-24
2.43981e-24
2.35658e-24
2.2762e-24
2.19856e-24
2.12358e-24
2.05116e-24
1.98122e-24
1.91368e-24
1.84844e-24
1.78543e-24
1.72457e-24
1.6658e-24
1.60904e-24
1.55421e-24
1.50127e-24
1.45013e-24
1.40074e-24
1.35303e-24
1.30696e-24
1.26247e-24
1.21949e-24
1.17798e-24
1.13789e-24
1.09917e-24
1.06178e-24
1.02566e-24
9.90777e-25
9.57085e-25
9.24544e-25
8.93114e-25
8.62758e-25
8.33438e-25
8.0512e-25
7.77769e-25
7.51352e-25
7.25836e-25
7.01192e-25
6.77388e-25
6.54398e-25
6.32192e-25
6.10743e-25
5.90027e-25
5.70017e-25
5.5069e-25
5.32022e-25
5.13991e-25
4.96574e-25
4.79752e-25
4.63503e-25
4.47808e-25
4.32648e-25
4.18005e-25
4.03861e-25
3.90199e-25
3.77003e-25
3.64256e-25
3.51943e-25
3.4005e-25
3.28561e-25
3.17464e-25
3.06745e-25
2.96391e-25
2.8639e-25
2.76728e-25
2.67396e-25
2.58381e-25
2.49674e-25
2.41262e-25
2.33137e-25
2.25288e-25
2.17706e-25
2.10382e-25
2.03308e-25
1.96474e-25
1.89872e-25
1.83495e-25
1.77335e-25
1.71385e-25
1.65637e-25
1.60084e-25
1.54721e-25
1.49539e-25
1.44535e-25
1.397e-25
1.3503e-25
1.30519e-25
1.26161e-25
1.21952e-25
1.17886e-25
1.13958e-25
1.10165e-25
1.065e-25
1.02961e-25
9.95418e-26
9.62395e-26
9.305e-26
8.99693e-26
8.69939e-26
8.41201e-26
8.13447e-26
7.86642e-26
7.60755e-26
7.35755e-26
7.11613e-26
6.883e-26
6.65789e-26
6.44052e-26
6.23065e-26
6.02801e-26
5.83238e-26
5.64352e-26
5.4612e-26
5.28522e-26
5.11537e-26
4.95144e-26
4.79324e-26
4.64059e-26
4.4933e-26
4.3512e-26
4.21413e-26
4.08192e-26
3.95443e-26
3.83149e-26
3.71296e-26
3.59871e-26
3.48861e-26
3.38251e-26
3.28031e-26
3.18187e-26
3.08709e-26
2.99586e-26
2.90806e-26
2.8236e-26
2.74237e-26
2.66429e-26
2.58925e-26
2.51719e-26
2.448e-26
2.38161e-26
2.31795e-26
2.25694e-26
2.19851e-26
2.14259e-26
2.08912e-26
2.03804e-26
1.98928e-26
1.9428e-26
1.89854e-26
1.85644e-26
1.81647e-26
1.77857e-26
1.7427e-26
1.70883e-26
1.67691e-26
1.6469e-26
1.61878e-26
1.59252e-26
1.56807e-26
1.54543e-26
1.52455e-26
1.50542e-26
1.48803e-26
1.47234e-26
1.45834e-26
1.44602e-26
1.43537e-26
1.42637e-26
1.41902e-26
1.4133e-26
1.40922e-26
1.40678e-26
1.40604e-26
1.40702e-26
1.40976e-26
1.41424e-26
1.42047e-26
1.42845e-26
1.43818e-26
