20
5e+16
2e+17
50
20.0006
26524.1
1.30676e-20
1.30521e-20
1.30052e-20
1.29538e-20
1.28994e-20
1.28424e-20
1.27831e-20
1.27215e-20
1.26578e-20
1.2592e-20
1.25241e-20
1.24544e-20
1.23828e-20
1.23093e-20
1.2234e-20
1.21568e-20
1.20778e-20
1.19971e-20
1.19146e-20
1.18305e-20
1.17447e-20
1.16573e-20
1.15683e-20
1.14778e-20
1.13859e-20
1.12925e-20
1.11977e-20
1.11016e-20
1.10042e-20
1.09056e-20
1.08058e-20
1.07049e-20
1.06028e-20
1.04997e-20
1.03956e-20
1.02906e-20
1.01847e-20
1.00779e-20
9.97036e-21
9.86204e-21
9.75303e-21
9.64335e-21
9.53308e-21
9.42225e-21
9.31091e-21
9.19911e-21
9.0869e-21
8.97432e-21
8.86142e-21
8.74824e-21
8.63484e-21
8.52125e-21
8.40753e-21
8.2937e-21
8.17982e-21
8.06593e-21
7.95208e-21
7.83829e-21
7.72461e-21
7.61109e-21
7.49776e-21
7.38465e-21
7.27181e-21
7.15928e-21
7.04708e-21
6.93525e-21
6.82383e-21
6.71285e-21
6.60234e-21
6.49233e-21
6.38286e-21
6.27395e-21
6.16563e-21
6.05794e-21
5.95089e-21
5.84451e-21
5.73883e-21
5.63387e-21
5.52966e-21
5.42623e-21
5.3236e-21
5.22178e-21
5.12082e-21
5.02072e-21
4.92152e-21
4.82323e-21
4.72589e-21
4.62951e-21
4.53413e-21
4.43976e-21
4.34643e-21
4.25416e-21
4.16299e-21
4.07293e-21
3.984e-21
3.89624e-21
3.80964e-21
3.72424e-21
3.64004e-21
3.55706e-21
3.4753e-21
3.39478e-21
3.3155e-21
3.23746e-21
3.16068e-21
3.08516e-21
3.0109e-21
2.93789e-21
2.86615e-21
2.79566e-21
2.72643e-21
2.65845e-21
2.59172e-21
2.52624e-21
2.462e-21
2.39899e-21
2.33721e-21
2.27664e-21
2.21729e-21
2.15913e-21
2.10217e-21
2.04638e-21
1.99177e-21
1.93831e-21
1.886e-21
1.83483e-21
1.78477e-21
1.73582e-21
1.68797e-21
1.6412e-21
1.5955e-21
1.55085e-21
1.50723e-21
1.46464e-21
1.42306e-21
1.38247e-21
1.34286e-21
1.30421e-21
1.26651e-21
1.22974e-21
1.19388e-21
1.15892e-21
1.12484e-21
1.09164e-21
1.05928e-21
1.02776e-21
9.97055e-22
9.67156e-22
9.38046e-22
9.09707e-22
8.82125e-22
8.55283e-22
8.29168e-22
8.03762e-22
7.79052e-22
7.55021e-22
7.31656e-22
7.0894e-22
6.86861e-22
6.65402e-22
6.44551e-22
6.24292e-22
6.04612e-22
5.85497e-22
5.66934e-22
5.48909e-22
5.31409e-22
5.14422e-22
4.97934e-22
4.81932e-22
4.66406e-22
4.51341e-22
4.36728e-22
4.22553e-22
4.08806e-22
3.95474e-22
3.82548e-22
3.70017e-22
3.57869e-22
3.46094e-22
3.34682e-22
3.23624e-22
3.12909e-22
3.02528e-22
2.92472e-22
2.82731e-22
2.73296e-22
2.64159e-22
2.55312e-22
2.46745e-22
2.38452e-22
2.30423e-22
2.22651e-22
2.15129e-22
2.0785e-22
2.00805e-22
1.93989e-22
1.87393e-22
1.81013e-22
1.7484e-22
1.6887e-22
1.63095e-22
1.5751e-22
1.52108e-22
1.46885e-22
1.41835e-22
1.36952e-22
1.32231e-22
1.27668e-22
1.23256e-22
1.18992e-22
1.14871e-22
1.10888e-22
1.07039e-22
1.03319e-22
9.97246e-23
9.62518e-23
9.28965e-23
8.96549e-23
8.65234e-23
8.34984e-23
8.05763e-23
7.7754e-23
7.5028e-23
7.23953e-23
6.98528e-23
6.73975e-23
6.50265e-23
6.27371e-23
6.05266e-23
5.83923e-23
5.63317e-23
5.43423e-23
5.24218e-23
5.05678e-23
4.87782e-23
4.70507e-23
4.53833e-23
4.3774e-23
4.22207e-23
4.07216e-23
3.92748e-23
3.78786e-23
3.65313e-23
3.52311e-23
3.39765e-23
3.27659e-23
3.15979e-23
3.04708e-23
2.93834e-23
2.83343e-23
2.73222e-23
2.63457e-23
2.54037e-23
2.44949e-23
2.36182e-23
2.27726e-23
2.19568e-23
2.117e-23
2.0411e-23
1.9679e-23
1.89729e-23
1.82918e-23
1.7635e-23
1.70015e-23
1.63905e-23
1.58013e-23
1.5233e-23
1.4685e-23
1.41565e-23
1.36469e-23
1.31554e-23
1.26815e-23
1.22245e-23
1.17839e-23
1.13589e-23
1.09492e-23
1.05542e-23
1.01732e-23
9.80593e-24
9.45179e-24
9.11035e-24
8.78114e-24
8.46374e-24
8.15772e-24
7.86269e-24
7.57824e-24
7.30401e-24
7.03964e-24
6.78476e-24
6.53904e-24
6.30216e-24
6.0738e-24
5.85366e-24
5.64144e-24
5.43686e-24
5.23965e-24
5.04954e-24
4.86628e-24
4.68963e-24
4.51935e-24
4.35521e-24
4.19698e-24
4.04447e-24
3.89746e-24
3.75576e-24
3.61918e-24
3.48752e-24
3.36063e-24
3.23832e-24
3.12043e-24
3.0068e-24
2.89728e-24
2.79172e-24
2.68999e-24
2.59193e-24
2.49742e-24
2.40633e-24
2.31855e-24
2.23394e-24
2.15239e-24
2.0738e-24
1.99806e-24
1.92507e-24
1.85472e-24
1.78692e-24
1.72158e-24
1.65862e-24
1.59793e-24
1.53945e-24
1.4831e-24
1.42879e-24
1.37645e-24
1.32601e-24
1.27741e-24
1.23057e-24
1.18544e-24
1.14195e-24
1.10004e-24
1.05965e-24
1.02074e-24
9.83235e-25
9.47101e-25
9.12282e-25
8.78732e-25
8.46404e-25
8.15254e-25
7.8524e-25
7.5632e-25
7.28455e-25
7.01606e-25
6.75737e-25
6.50813e-25
6.26798e-25
6.03661e-25
5.81368e-25
5.59891e-25
5.39198e-25
5.19262e-25
5.00055e-25
4.81551e-25
4.63724e-25
4.4655e-25
4.30004e-25
4.14065e-25
3.9871e-25
3.83917e-25
3.69667e-25
3.5594e-25
3.42717e-25
3.29978e-25
3.17708e-25
3.05889e-25
2.94503e-25
2.83537e-25
2.72973e-25
2.62799e-25
2.52998e-25
2.43559e-25
2.34467e-25
2.25711e-25
2.17277e-25
2.09154e-25
2.01331e-25
1.93797e-25
1.86541e-25
1.79553e-25
1.72824e-25
1.66343e-25
1.60102e-25
1.54093e-25
1.48305e-25
1.42733e-25
1.37367e-25
1.322e-25
1.27225e-25
1.22435e-25
1.17822e-25
1.13382e-25
1.09106e-25
1.0499e-25
1.01027e-25
9.72119e-26
9.3539e-26
9.00033e-26
8.65997e-26
8.33234e-26
8.01696e-26
7.71339e-26
7.4212e-26
7.13996e-26
6.86928e-26
6.60877e-26
6.35806e-26
6.11678e-26
5.88459e-26
5.66116e-26
5.44616e-26
5.23929e-26
5.04024e-26
4.84873e-26
4.66449e-26
4.48724e-26
4.31672e-26
4.1527e-26
3.99494e-26
3.84319e-26
3.69725e-26
3.5569e-26
3.42194e-26
3.29216e-26
3.16739e-26
3.04743e-26
2.93211e-26
2.82126e-26
2.71471e-26
2.61232e-26
2.51393e-26
2.4194e-26
2.32857e-26
2.24133e-26
2.15755e-26
2.07708e-26
1.99983e-26
1.92567e-26
1.85449e-26
1.78619e-26
1.72066e-26
1.65781e-26
1.59753e-26
1.53975e-26
1.48438e-26
1.43132e-26
1.38051e-26
1.33186e-26
1.2853e-26
1.24077e-26
1.19818e-26
1.15748e-26
1.11861e-26
1.08151e-26
1.04612e-26
1.01238e-26
9.80245e-27
9.49666e-27
9.20595e-27
8.92988e-27
8.668e-27
8.41993e-27
8.18526e-27
7.96365e-27
7.75473e-27
7.55819e-27
7.37371e-27
7.201e-27
7.03979e-27
6.88982e-27
6.75086e-27
6.62268e-27
6.50507e-27
6.39784e-27
6.30081e-27
6.21383e-27
6.13675e-27
6.06943e-27
6.01176e-27
5.96363e-27
5.92497e-27
5.89568e-27
5.87572e-27
5.86503e-27
5.86358e-27
5.87136e-27
5.88837e-27
5.9149e-27
5.95106e-27
5.99699e-27
6.05271e-27
6.11824e-27
6.19363e-27
6.27893e-27
