20
2e+18
5e+17
49.9998
20.0012
26524.1
1.02317e-20
1.02298e-20
1.02222e-20
1.02124e-20
1.02005e-20
1.01865e-20
1.01705e-20
1.01523e-20
1.01322e-20
1.011e-20
1.00859e-20
1.00597e-20
1.00316e-20
1.00016e-20
9.96956e-21
9.93564e-21
9.89981e-21
9.86211e-21
9.82255e-21
9.78115e-21
9.73795e-21
9.69296e-21
9.64621e-21
9.59774e-21
9.54756e-21
9.49571e-21
9.44222e-21
9.38712e-21
9.33044e-21
9.27222e-21
9.21248e-21
9.15126e-21
9.0886e-21
9.02453e-21
8.95909e-21
8.89231e-21
8.82423e-21
8.75489e-21
8.68433e-21
8.61258e-21
8.53969e-21
8.4657e-21
8.39063e-21
8.31454e-21
8.23747e-21
8.15945e-21
8.08052e-21
8.00073e-21
7.92012e-21
7.83872e-21
7.75659e-21
7.67375e-21
7.59025e-21
7.50614e-21
7.42145e-21
7.33622e-21
7.25049e-21
7.16431e-21
7.07772e-21
6.99075e-21
6.90345e-21
6.81584e-21
6.72799e-21
6.63991e-21
6.55165e-21
6.46325e-21
6.37475e-21
6.28618e-21
6.19758e-21
6.10898e-21
6.02042e-21
5.93194e-21
5.84357e-21
5.75534e-21
5.66729e-21
5.57945e-21
5.49185e-21
5.40453e-21
5.3175e-21
5.23082e-21
5.14449e-21
5.05856e-21
4.97304e-21
4.88798e-21
4.80339e-21
4.7193e-21
4.63574e-21
4.55273e-21
4.47029e-21
4.38846e-21
4.30725e-21
4.22668e-21
4.14678e-21
4.06757e-21
3.98907e-21
3.91129e-21
3.83426e-21
3.75799e-21
3.68249e-21
3.60779e-21
3.5339e-21
3.46084e-21
3.3886e-21
3.31722e-21
3.24669e-21
3.17703e-21
3.10825e-21
3.04035e-21
2.97336e-21
2.90726e-21
2.84208e-21
2.77781e-21
2.71445e-21
2.65203e-21
2.59053e-21
2.52997e-21
2.47034e-21
2.41164e-21
2.35388e-21
2.29706e-21
2.24118e-21
2.18623e-21
2.13222e-21
2.07915e-21
2.027e-21
1.97578e-21
1.92549e-21
1.87612e-21
1.82767e-21
1.78013e-21
1.7335e-21
1.68777e-21
1.64293e-21
1.59899e-21
1.55592e-21
1.51374e-21
1.47241e-21
1.43195e-21
1.39235e-21
1.35358e-21
1.31565e-21
1.27855e-21
1.24226e-21
1.20678e-21
1.1721e-21
1.13821e-21
1.10509e-21
1.07275e-21
1.04116e-21
1.01031e-21
9.80206e-22
9.50825e-22
9.22159e-22
8.94197e-22
8.66928e-22
8.40341e-22
8.14424e-22
7.89167e-22
7.64558e-22
7.40587e-22
7.17241e-22
6.94509e-22
6.72381e-22
6.50845e-22
6.2989e-22
6.09504e-22
5.89677e-22
5.70398e-22
5.51654e-22
5.33436e-22
5.15732e-22
4.98531e-22
4.81824e-22
4.65598e-22
4.49844e-22
4.34551e-22
4.19708e-22
4.05305e-22
3.91333e-22
3.77781e-22
3.64638e-22
3.51896e-22
3.39545e-22
3.27574e-22
3.15976e-22
3.04739e-22
2.93856e-22
2.83316e-22
2.73112e-22
2.63234e-22
2.53675e-22
2.44424e-22
2.35475e-22
2.26819e-22
2.18448e-22
2.10354e-22
2.02529e-22
1.94967e-22
1.87659e-22
1.80598e-22
1.73777e-22
1.67189e-22
1.60828e-22
1.54686e-22
1.48758e-22
1.43036e-22
1.37515e-22
1.32188e-22
1.2705e-22
1.22095e-22
1.17316e-22
1.12709e-22
1.08269e-22
1.03989e-22
9.98642e-23
9.58907e-23
9.2063e-23
8.83764e-23
8.48263e-23
8.14081e-23
7.81176e-23
7.49505e-23
7.19026e-23
6.89698e-23
6.61484e-23
6.34345e-23
6.08244e-23
5.83145e-23
5.59014e-23
5.35816e-23
5.13519e-23
4.92092e-23
4.71502e-23
4.51721e-23
4.3272e-23
4.1447e-23
3.96945e-23
3.80117e-23
3.63962e-23
3.48454e-23
3.3357e-23
3.19287e-23
3.05582e-23
2.92434e-23
2.79822e-23
2.67726e-23
2.56125e-23
2.45002e-23
2.34337e-23
2.24114e-23
2.14316e-23
2.04925e-23
1.95926e-23
1.87304e-23
1.79044e-23
1.71132e-23
1.63553e-23
1.56296e-23
1.49347e-23
1.42693e-23
1.36323e-23
1.30226e-23
1.24391e-23
1.18806e-23
1.13462e-23
1.08349e-23
1.03457e-23
9.87784e-24
9.4303e-24
9.00228e-24
8.59298e-24
8.20162e-24
7.82745e-24
7.46975e-24
7.12783e-24
6.80104e-24
6.48872e-24
6.19027e-24
5.90511e-24
5.63265e-24
5.37238e-24
5.12375e-24
4.88627e-24
4.65947e-24
4.44289e-24
4.23607e-24
4.0386e-24
3.85007e-24
3.6701e-24
3.4983e-24
3.33433e-24
3.17784e-24
3.02849e-24
2.88598e-24
2.75e-24
2.62026e-24
2.49649e-24
2.37843e-24
2.26581e-24
2.15839e-24
2.05594e-24
1.95825e-24
1.86508e-24
1.77625e-24
1.69156e-24
1.61081e-24
1.53383e-24
1.46045e-24
1.39051e-24
1.32385e-24
1.26031e-24
1.19976e-24
1.14206e-24
1.08708e-24
1.0347e-24
9.84788e-25
9.37239e-25
8.91941e-25
8.48791e-25
8.0769e-25
7.68542e-25
7.31258e-25
6.95749e-25
6.61933e-25
6.29732e-25
5.9907e-25
5.69875e-25
5.42079e-25
5.15615e-25
4.90421e-25
4.66438e-25
4.43608e-25
4.21878e-25
4.01194e-25
3.81508e-25
3.62773e-25
3.44943e-25
3.27976e-25
3.1183e-25
2.96467e-25
2.81849e-25
2.6794e-25
2.54708e-25
2.42119e-25
2.30142e-25
2.1875e-25
2.07913e-25
1.97604e-25
1.878e-25
1.78474e-25
1.69605e-25
1.6117e-25
1.53149e-25
1.45521e-25
1.38267e-25
1.3137e-25
1.24812e-25
1.18576e-25
1.12648e-25
1.07012e-25
1.01653e-25
9.65594e-26
9.17172e-26
8.71143e-26
8.27391e-26
7.85806e-26
7.46281e-26
7.08716e-26
6.73014e-26
6.39086e-26
6.06844e-26
5.76206e-26
5.47093e-26
5.1943e-26
4.93146e-26
4.68173e-26
4.44448e-26
4.21907e-26
4.00494e-26
3.80153e-26
3.6083e-26
3.42476e-26
3.25043e-26
3.08485e-26
2.92759e-26
2.77824e-26
2.6364e-26
2.50171e-26
2.37381e-26
2.25237e-26
2.13706e-26
2.02757e-26
1.92363e-26
1.82494e-26
1.73126e-26
1.64234e-26
1.55792e-26
1.4778e-26
1.40176e-26
1.32958e-26
1.26109e-26
1.19609e-26
1.13442e-26
1.07589e-26
1.02037e-26
9.67688e-27
9.17712e-27
8.70304e-27
8.25335e-27
7.82683e-27
7.42231e-27
7.03869e-27
6.67492e-27
6.33e-27
6.00297e-27
5.69294e-27
5.39906e-27
5.12051e-27
4.85651e-27
4.60633e-27
4.36929e-27
4.14471e-27
3.93196e-27
3.73046e-27
3.53962e-27
3.35893e-27
3.18786e-27
3.02593e-27
2.87268e-27
2.72768e-27
2.5905e-27
2.46076e-27
2.33809e-27
2.22212e-27
2.11253e-27
2.009e-27
1.91122e-27
1.81891e-27
1.73179e-27
1.64962e-27
1.57214e-27
1.49913e-27
1.43036e-27
1.36564e-27
1.30476e-27
1.24754e-27
1.1938e-27
1.14338e-27
1.09612e-27
1.05188e-27
1.01051e-27
9.71877e-28
9.35863e-28
9.02348e-28
8.71222e-28
8.42379e-28
8.15723e-28
7.91159e-28
7.68603e-28
7.47973e-28
7.29191e-28
7.12188e-28
6.96896e-28
6.83254e-28
6.71202e-28
6.60688e-28
6.51662e-28
6.44077e-28
6.37891e-28
6.33065e-28
6.29562e-28
6.27351e-28
6.26402e-28
6.26689e-28
6.28187e-28
6.30876e-28
6.34738e-28
6.39757e-28
6.45921e-28
6.53218e-28
6.6164e-28
6.71182e-28
6.81839e-28
6.93611e-28
7.06498e-28
7.20503e-28
7.35632e-28
7.5189e-28
7.69287e-28
7.87834e-28
8.07544e-28
8.28433e-28
8.50516e-28
8.73816e-28
8.98386e-28
9.24257e-28
9.51468e-28
9.80041e-28
1.01e-27
1.04137e-27
1.07418e-27
