20
1e+16
2e+17
49.9994
20.0004
26524.1
1.53344e-20
1.52972e-20
1.51883e-20
1.50728e-20
1.49543e-20
1.48339e-20
1.47119e-20
1.45888e-20
1.44647e-20
1.43397e-20
1.42141e-20
1.40881e-20
1.39615e-20
1.38344e-20
1.37068e-20
1.35786e-20
1.34498e-20
1.33205e-20
1.31907e-20
1.30603e-20
1.29295e-20
1.27983e-20
1.26666e-20
1.25346e-20
1.24022e-20
1.22694e-20
1.21364e-20
1.20032e-20
1.18697e-20
1.1736e-20
1.16022e-20
1.14682e-20
1.13342e-20
1.12001e-20
1.1066e-20
1.09319e-20
1.07978e-20
1.06638e-20
1.05299e-20
1.03962e-20
1.02626e-20
1.01292e-20
9.99599e-21
9.86307e-21
9.73044e-21
9.59813e-21
9.46616e-21
9.33456e-21
9.20336e-21
9.07258e-21
8.94226e-21
8.81241e-21
8.68306e-21
8.55425e-21
8.42598e-21
8.29829e-21
8.17119e-21
8.04472e-21
7.91888e-21
7.79371e-21
7.66922e-21
7.54543e-21
7.42236e-21
7.30003e-21
7.17845e-21
7.05765e-21
6.93764e-21
6.81844e-21
6.70005e-21
6.5825e-21
6.4658e-21
6.34997e-21
6.235e-21
6.12092e-21
6.00774e-21
5.89547e-21
5.78412e-21
5.67369e-21
5.5642e-21
5.45568e-21
5.34813e-21
5.24157e-21
5.136e-21
5.03146e-21
4.92795e-21
4.82549e-21
4.72411e-21
4.62383e-21
4.52469e-21
4.42669e-21
4.32986e-21
4.23423e-21
4.13985e-21
4.04673e-21
3.9549e-21
3.86439e-21
3.77522e-21
3.68739e-21
3.60092e-21
3.51583e-21
3.43212e-21
3.3498e-21
3.26887e-21
3.18934e-21
3.1112e-21
3.03447e-21
2.95912e-21
2.88517e-21
2.81261e-21
2.74143e-21
2.67163e-21
2.60319e-21
2.53612e-21
2.47039e-21
2.40601e-21
2.34295e-21
2.28121e-21
2.22077e-21
2.16163e-21
2.10377e-21
2.04716e-21
1.99181e-21
1.93769e-21
1.88479e-21
1.8331e-21
1.78258e-21
1.73324e-21
1.68505e-21
1.638e-21
1.59206e-21
1.54723e-21
1.50347e-21
1.46079e-21
1.41915e-21
1.37854e-21
1.33894e-21
1.30033e-21
1.2627e-21
1.22602e-21
1.19029e-21
1.15547e-21
1.12156e-21
1.08853e-21
1.05637e-21
1.02505e-21
9.94572e-22
9.64906e-22
9.36036e-22
9.07945e-22
8.80618e-22
8.54036e-22
8.28183e-22
8.03043e-22
7.78599e-22
7.54836e-22
7.31737e-22
7.09288e-22
6.87471e-22
6.66273e-22
6.45679e-22
6.25673e-22
6.06242e-22
5.8737e-22
5.69044e-22
5.51251e-22
5.33976e-22
5.17207e-22
5.00931e-22
4.85134e-22
4.69804e-22
4.54929e-22
4.40497e-22
4.26496e-22
4.12915e-22
3.99742e-22
3.86966e-22
3.74577e-22
3.62563e-22
3.50915e-22
3.39623e-22
3.28675e-22
3.18064e-22
3.07779e-22
2.97811e-22
2.88151e-22
2.7879e-22
2.69721e-22
2.60934e-22
2.52421e-22
2.44174e-22
2.36186e-22
2.28449e-22
2.20956e-22
2.13699e-22
2.06672e-22
1.99868e-22
1.93279e-22
1.869e-22
1.80725e-22
1.74747e-22
1.6896e-22
1.63358e-22
1.57937e-22
1.5269e-22
1.47612e-22
1.42698e-22
1.37942e-22
1.33341e-22
1.28889e-22
1.24581e-22
1.20414e-22
1.16382e-22
1.12482e-22
1.08709e-22
1.0506e-22
1.0153e-22
9.81164e-23
9.48146e-23
9.16214e-23
8.85333e-23
8.55471e-23
8.26594e-23
7.98671e-23
7.71672e-23
7.45568e-23
7.20329e-23
6.95928e-23
6.72337e-23
6.49532e-23
6.27486e-23
6.06175e-23
5.85574e-23
5.65662e-23
5.46415e-23
5.27813e-23
5.09833e-23
4.92456e-23
4.75662e-23
4.59432e-23
4.43747e-23
4.2859e-23
4.13943e-23
3.99789e-23
3.86112e-23
3.72897e-23
3.60128e-23
3.47791e-23
3.3587e-23
3.24353e-23
3.13226e-23
3.02475e-23
2.92089e-23
2.82056e-23
2.72363e-23
2.62999e-23
2.53953e-23
2.45215e-23
2.36775e-23
2.28621e-23
2.20746e-23
2.13139e-23
2.05791e-23
1.98694e-23
1.91839e-23
1.85218e-23
1.78823e-23
1.72648e-23
1.66683e-23
1.60922e-23
1.55359e-23
1.49986e-23
1.44797e-23
1.39786e-23
1.34947e-23
1.30274e-23
1.25761e-23
1.21404e-23
1.17196e-23
1.13132e-23
1.09208e-23
1.0542e-23
1.01761e-23
9.82286e-24
9.48177e-24
9.15242e-24
8.83442e-24
8.52737e-24
8.23092e-24
7.94468e-24
7.66832e-24
7.4015e-24
7.14389e-24
6.89517e-24
6.65504e-24
6.42322e-24
6.1994e-24
5.98332e-24
5.77471e-24
5.57332e-24
5.3789e-24
5.19121e-24
5.01002e-24
4.8351e-24
4.66624e-24
4.50323e-24
4.34588e-24
4.19398e-24
4.04734e-24
3.90579e-24
3.76916e-24
3.63726e-24
3.50995e-24
3.38706e-24
3.26843e-24
3.15393e-24
3.0434e-24
2.93672e-24
2.83375e-24
2.73435e-24
2.63842e-24
2.54582e-24
2.45645e-24
2.37019e-24
2.28693e-24
2.20657e-24
2.12902e-24
2.05416e-24
1.98191e-24
1.91219e-24
1.84489e-24
1.77994e-24
1.71726e-24
1.65677e-24
1.59839e-24
1.54204e-24
1.48767e-24
1.43519e-24
1.38455e-24
1.33568e-24
1.28852e-24
1.24301e-24
1.19909e-24
1.1567e-24
1.1158e-24
1.07634e-24
1.03825e-24
1.0015e-24
9.66038e-25
9.31818e-25
8.98798e-25
8.66936e-25
8.36191e-25
8.06526e-25
7.77902e-25
7.50284e-25
7.23635e-25
6.97923e-25
6.73114e-25
6.49178e-25
6.26084e-25
6.03802e-25
5.82304e-25
5.61563e-25
5.41553e-25
5.22247e-25
5.03622e-25
4.85653e-25
4.68318e-25
4.51594e-25
4.35461e-25
4.19897e-25
4.04883e-25
3.90399e-25
3.76427e-25
3.62949e-25
3.49947e-25
3.37406e-25
3.25309e-25
3.1364e-25
3.02384e-25
2.91527e-25
2.81055e-25
2.70955e-25
2.61212e-25
2.51816e-25
2.42754e-25
2.34013e-25
2.25583e-25
2.17453e-25
2.09612e-25
2.02051e-25
1.94758e-25
1.87726e-25
1.80944e-25
1.74404e-25
1.68098e-25
1.62017e-25
1.56152e-25
1.50498e-25
1.45046e-25
1.39789e-25
1.3472e-25
1.29833e-25
1.25121e-25
1.20578e-25
1.16198e-25
1.11976e-25
1.07905e-25
1.03981e-25
1.00198e-25
9.65512e-26
9.3036e-26
8.96477e-26
8.63817e-26
8.32338e-26
8.01997e-26
7.72755e-26
7.44573e-26
7.17414e-26
6.91241e-26
6.66019e-26
6.41716e-26
6.18297e-26
5.95734e-26
5.73994e-26
5.5305e-26
5.32872e-26
5.13435e-26
4.94712e-26
4.76677e-26
4.59308e-26
4.42579e-26
4.26469e-26
4.10957e-26
3.9602e-26
3.81639e-26
3.67795e-26
3.54468e-26
3.41642e-26
3.29297e-26
3.17418e-26
3.05988e-26
2.94992e-26
2.84415e-26
2.74242e-26
2.64459e-26
2.55054e-26
2.46013e-26
2.37324e-26
2.28975e-26
2.20954e-26
2.13251e-26
2.05854e-26
1.98754e-26
1.91942e-26
1.85406e-26
1.79139e-26
1.73132e-26
1.67376e-26
1.61864e-26
1.56588e-26
1.5154e-26
1.46714e-26
1.42103e-26
1.377e-26
1.33499e-26
1.29495e-26
1.25682e-26
1.22054e-26
1.18606e-26
1.15335e-26
1.12234e-26
1.093e-26
1.06528e-26
1.03916e-26
1.01458e-26
9.91516e-27
9.69938e-27
9.49813e-27
9.31112e-27
9.1381e-27
8.97881e-27
8.83304e-27
8.70058e-27
8.58124e-27
8.47486e-27
8.38127e-27
8.30035e-27
8.23199e-27
8.17609e-27
8.13256e-27
8.10134e-27
8.0824e-27
8.07572e-27
8.0817e-27
8.10043e-27
8.13211e-27
8.17673e-27
8.23431e-27
8.30486e-27
8.38843e-27
