20
1e+18
5e+17
50
20.0013
26524.1
1.06769e-20
1.06736e-20
1.06621e-20
1.0648e-20
1.06318e-20
1.06133e-20
1.05926e-20
1.05698e-20
1.05448e-20
1.05178e-20
1.04887e-20
1.04575e-20
1.04243e-20
1.03891e-20
1.03519e-20
1.03127e-20
1.02715e-20
1.02284e-20
1.01834e-20
1.01365e-20
1.00878e-20
1.00372e-20
9.98481e-21
9.93068e-21
9.8748e-21
9.81723e-21
9.75799e-21
9.69711e-21
9.63464e-21
9.5706e-21
9.50504e-21
9.43799e-21
9.36949e-21
9.29957e-21
9.22829e-21
9.15567e-21
9.08176e-21
9.0066e-21
8.93024e-21
8.8527e-21
8.77403e-21
8.69428e-21
8.6135e-21
8.53171e-21
8.44896e-21
8.36531e-21
8.28078e-21
8.19543e-21
8.1093e-21
8.02243e-21
7.93486e-21
7.84664e-21
7.75781e-21
7.66841e-21
7.57849e-21
7.4881e-21
7.39726e-21
7.30603e-21
7.21444e-21
7.12254e-21
7.03037e-21
6.93797e-21
6.84539e-21
6.75265e-21
6.6598e-21
6.56688e-21
6.47392e-21
6.38098e-21
6.28807e-21
6.19525e-21
6.10254e-21
6.00998e-21
5.9176e-21
5.82545e-21
5.73355e-21
5.64194e-21
5.55064e-21
5.4597e-21
5.36913e-21
5.27898e-21
5.18927e-21
5.10003e-21
5.01129e-21
4.92307e-21
4.83541e-21
4.74833e-21
4.66185e-21
4.57601e-21
4.49082e-21
4.40631e-21
4.3225e-21
4.23942e-21
4.15708e-21
4.07552e-21
3.99474e-21
3.91477e-21
3.83563e-21
3.75733e-21
3.6799e-21
3.60333e-21
3.52766e-21
3.45289e-21
3.37903e-21
3.3061e-21
3.2341e-21
3.16304e-21
3.09294e-21
3.0238e-21
2.95563e-21
2.88843e-21
2.82221e-21
2.75698e-21
2.69273e-21
2.62947e-21
2.56721e-21
2.50594e-21
2.44566e-21
2.38638e-21
2.3281e-21
2.27081e-21
2.21451e-21
2.1592e-21
2.10487e-21
2.05153e-21
1.99917e-21
1.94778e-21
1.89737e-21
1.84791e-21
1.79942e-21
1.75188e-21
1.70528e-21
1.65962e-21
1.61489e-21
1.57108e-21
1.52819e-21
1.4862e-21
1.4451e-21
1.4049e-21
1.36557e-21
1.3271e-21
1.2895e-21
1.25274e-21
1.21682e-21
1.18172e-21
1.14744e-21
1.11396e-21
1.08127e-21
1.04937e-21
1.01823e-21
9.87848e-22
9.58214e-22
9.29313e-22
9.01135e-22
8.73666e-22
8.46896e-22
8.20812e-22
7.95402e-22
7.70654e-22
7.46555e-22
7.23095e-22
7.0026e-22
6.78039e-22
6.5642e-22
6.3539e-22
6.14939e-22
5.95054e-22
5.75724e-22
5.56936e-22
5.3868e-22
5.20943e-22
5.03715e-22
4.86984e-22
4.7074e-22
4.5497e-22
4.39664e-22
4.24812e-22
4.10402e-22
3.96424e-22
3.82868e-22
3.69723e-22
3.5698e-22
3.44628e-22
3.32657e-22
3.21059e-22
3.09822e-22
2.98939e-22
2.88399e-22
2.78194e-22
2.68315e-22
2.58752e-22
2.49499e-22
2.40545e-22
2.31883e-22
2.23504e-22
2.15402e-22
2.07567e-22
1.99993e-22
1.92671e-22
1.85595e-22
1.78758e-22
1.72152e-22
1.65771e-22
1.59607e-22
1.53655e-22
1.47909e-22
1.4236e-22
1.37005e-22
1.31837e-22
1.26849e-22
1.22037e-22
1.17395e-22
1.12917e-22
1.08599e-22
1.04435e-22
1.0042e-22
9.65502e-23
9.28198e-23
8.92246e-23
8.57601e-23
8.24222e-23
7.92065e-23
7.61091e-23
7.31259e-23
7.0253e-23
6.74869e-23
6.48237e-23
6.226e-23
5.97925e-23
5.74177e-23
5.51324e-23
5.29336e-23
5.08182e-23
4.87832e-23
4.6826e-23
4.49435e-23
4.31334e-23
4.13928e-23
3.97194e-23
3.81107e-23
3.65644e-23
3.50782e-23
3.365e-23
3.22776e-23
3.09589e-23
2.9692e-23
2.84749e-23
2.73059e-23
2.61831e-23
2.51048e-23
2.40693e-23
2.30751e-23
2.21205e-23
2.12041e-23
2.03244e-23
1.948e-23
1.86696e-23
1.78918e-23
1.71455e-23
1.64293e-23
1.57422e-23
1.5083e-23
1.44506e-23
1.3844e-23
1.32622e-23
1.27042e-23
1.2169e-23
1.16558e-23
1.11637e-23
1.06919e-23
1.02395e-23
9.80584e-24
9.39009e-24
8.99158e-24
8.60959e-24
8.24349e-24
7.89262e-24
7.55637e-24
7.23415e-24
6.92539e-24
6.62956e-24
6.34612e-24
6.07457e-24
5.81442e-24
5.56521e-24
5.3265e-24
5.09785e-24
4.87884e-24
4.66909e-24
4.46821e-24
4.27584e-24
4.09162e-24
3.91521e-24
3.7463e-24
3.58457e-24
3.42972e-24
3.28146e-24
3.13953e-24
3.00366e-24
2.87358e-24
2.74907e-24
2.62989e-24
2.51581e-24
2.40662e-24
2.30211e-24
2.20209e-24
2.10636e-24
2.01475e-24
1.92709e-24
1.84319e-24
1.76291e-24
1.68609e-24
1.61259e-24
1.54226e-24
1.47497e-24
1.41058e-24
1.34898e-24
1.29005e-24
1.23367e-24
1.17973e-24
1.12813e-24
1.07876e-24
1.03154e-24
9.86374e-25
9.43166e-25
9.01837e-25
8.62304e-25
8.24492e-25
7.88325e-25
7.53733e-25
7.20648e-25
6.89005e-25
6.58742e-25
6.29799e-25
6.02119e-25
5.75647e-25
5.50332e-25
5.26122e-25
5.02971e-25
4.80831e-25
4.5966e-25
4.39415e-25
4.20057e-25
4.01546e-25
3.83845e-25
3.6692e-25
3.50737e-25
3.35263e-25
3.20468e-25
3.06322e-25
2.92797e-25
2.79865e-25
2.67501e-25
2.5568e-25
2.44378e-25
2.33573e-25
2.23243e-25
2.13367e-25
2.03925e-25
1.94899e-25
1.8627e-25
1.78021e-25
1.70135e-25
1.62596e-25
1.55389e-25
1.485e-25
1.41915e-25
1.3562e-25
1.29602e-25
1.2385e-25
1.18352e-25
1.13096e-25
1.08073e-25
1.03271e-25
9.86813e-26
9.42945e-26
9.01016e-26
8.60941e-26
8.22638e-26
7.8603e-26
7.51042e-26
7.17603e-26
6.85645e-26
6.55102e-26
6.25913e-26
5.98017e-26
5.71359e-26
5.45883e-26
5.21538e-26
4.98274e-26
4.76043e-26
4.548e-26
4.345e-26
4.15104e-26
3.96571e-26
3.78862e-26
3.61942e-26
3.45776e-26
3.30331e-26
3.15574e-26
3.01476e-26
2.88008e-26
2.75141e-26
2.6285e-26
2.51109e-26
2.39893e-26
2.2918e-26
2.18947e-26
2.09173e-26
1.99838e-26
1.90923e-26
1.82409e-26
1.74279e-26
1.66515e-26
1.59101e-26
1.52022e-26
1.45264e-26
1.38812e-26
1.32652e-26
1.26773e-26
1.2116e-26
1.15804e-26
1.10692e-26
1.05814e-26
1.01159e-26
9.67186e-27
9.24822e-27
8.84413e-27
8.45873e-27
8.09121e-27
7.74078e-27
7.40672e-27
7.08829e-27
6.78483e-27
6.49569e-27
6.22026e-27
5.95793e-27
5.70815e-27
5.47038e-27
5.24411e-27
5.02885e-27
4.82413e-27
4.62951e-27
4.44456e-27
4.26889e-27
4.10209e-27
3.94382e-27
3.79371e-27
3.65143e-27
3.51668e-27
3.38914e-27
3.26853e-27
3.15458e-27
3.04702e-27
2.94562e-27
2.85014e-27
2.76035e-27
2.67605e-27
2.59703e-27
2.52312e-27
2.45412e-27
2.38988e-27
2.33023e-27
2.27502e-27
2.22412e-27
2.17738e-27
2.1347e-27
2.09594e-27
2.061e-27
2.02977e-27
2.00217e-27
1.97811e-27
1.9575e-27
1.94028e-27
1.92636e-27
1.9157e-27
1.90822e-27
1.9039e-27
1.90267e-27
1.9045e-27
1.90935e-27
1.9172e-27
1.92802e-27
1.9418e-27
1.95851e-27
1.97816e-27
2.00074e-27
2.02624e-27
2.05467e-27
2.08605e-27
2.12038e-27
2.15769e-27
2.198e-27
2.24133e-27
2.28773e-27
2.33733e-27
2.3902e-27
2.44643e-27
2.50605e-27
2.5691e-27
2.63564e-27
2.70571e-27
