20
2e+17
5e+18
49.9999
20.0005
26524.1
1.57327e-20
1.56909e-20
1.55689e-20
1.544e-20
1.53083e-20
1.51748e-20
1.50401e-20
1.49045e-20
1.47682e-20
1.46316e-20
1.44946e-20
1.43575e-20
1.42203e-20
1.40829e-20
1.39454e-20
1.38075e-20
1.36694e-20
1.35311e-20
1.33926e-20
1.32538e-20
1.31148e-20
1.29757e-20
1.28365e-20
1.26971e-20
1.25576e-20
1.24181e-20
1.22785e-20
1.21389e-20
1.19993e-20
1.18597e-20
1.17202e-20
1.15808e-20
1.14416e-20
1.13024e-20
1.11635e-20
1.10247e-20
1.08862e-20
1.07479e-20
1.06099e-20
1.04722e-20
1.03348e-20
1.01978e-20
1.00612e-20
9.92497e-21
9.78919e-21
9.65385e-21
9.519e-21
9.38464e-21
9.25081e-21
9.11753e-21
8.98482e-21
8.85269e-21
8.72118e-21
8.59029e-21
8.46006e-21
8.3305e-21
8.20162e-21
8.07345e-21
7.94601e-21
7.81931e-21
7.69336e-21
7.56819e-21
7.4438e-21
7.32022e-21
7.19746e-21
7.07553e-21
6.95444e-21
6.83421e-21
6.71485e-21
6.59637e-21
6.47877e-21
6.36208e-21
6.2463e-21
6.13144e-21
6.01751e-21
5.90451e-21
5.79246e-21
5.68135e-21
5.57121e-21
5.46205e-21
5.35389e-21
5.24672e-21
5.14057e-21
5.03546e-21
4.93138e-21
4.82838e-21
4.72646e-21
4.62567e-21
4.52602e-21
4.42752e-21
4.33021e-21
4.23412e-21
4.13928e-21
4.04572e-21
3.95348e-21
3.86257e-21
3.77301e-21
3.68482e-21
3.59802e-21
3.5126e-21
3.42859e-21
3.34599e-21
3.26479e-21
3.18501e-21
3.10665e-21
3.0297e-21
2.95417e-21
2.88004e-21
2.80732e-21
2.73599e-21
2.66606e-21
2.59751e-21
2.53033e-21
2.46452e-21
2.40006e-21
2.33694e-21
2.27515e-21
2.21468e-21
2.15551e-21
2.09763e-21
2.04102e-21
1.98567e-21
1.93156e-21
1.87868e-21
1.82701e-21
1.77653e-21
1.72723e-21
1.67908e-21
1.63208e-21
1.58621e-21
1.54143e-21
1.49775e-21
1.45513e-21
1.41357e-21
1.37304e-21
1.33352e-21
1.295e-21
1.25746e-21
1.22087e-21
1.18523e-21
1.15051e-21
1.11669e-21
1.08376e-21
1.05169e-21
1.02048e-21
9.901e-22
9.60533e-22
9.31764e-22
9.03773e-22
8.76546e-22
8.50064e-22
8.2431e-22
7.99269e-22
7.74924e-22
7.51258e-22
7.28256e-22
7.05902e-22
6.8418e-22
6.63075e-22
6.42573e-22
6.22658e-22
6.03316e-22
5.84533e-22
5.66294e-22
5.48586e-22
5.31395e-22
5.14708e-22
4.98512e-22
4.82794e-22
4.67541e-22
4.52742e-22
4.38384e-22
4.24456e-22
4.10946e-22
3.97842e-22
3.85134e-22
3.7281e-22
3.60861e-22
3.49275e-22
3.38044e-22
3.27156e-22
3.16602e-22
3.06373e-22
2.9646e-22
2.86854e-22
2.77545e-22
2.68525e-22
2.59787e-22
2.51322e-22
2.43121e-22
2.35178e-22
2.27484e-22
2.20033e-22
2.12817e-22
2.05829e-22
1.99062e-22
1.92511e-22
1.86168e-22
1.80027e-22
1.74082e-22
1.68327e-22
1.62757e-22
1.57366e-22
1.52148e-22
1.47098e-22
1.42211e-22
1.37482e-22
1.32906e-22
1.28478e-22
1.24194e-22
1.20049e-22
1.16039e-22
1.1216e-22
1.08408e-22
1.04778e-22
1.01267e-22
9.7871e-23
9.45865e-23
9.141e-23
8.8338e-23
8.53671e-23
8.24942e-23
7.97161e-23
7.70299e-23
7.44325e-23
7.19211e-23
6.94931e-23
6.71456e-23
6.4876e-23
6.2682e-23
6.0561e-23
5.85107e-23
5.65287e-23
5.46129e-23
5.27611e-23
5.09712e-23
4.92412e-23
4.75692e-23
4.59532e-23
4.43914e-23
4.28821e-23
4.14234e-23
4.00138e-23
3.86517e-23
3.73353e-23
3.60634e-23
3.48343e-23
3.36467e-23
3.24992e-23
3.13905e-23
3.03192e-23
2.92841e-23
2.82841e-23
2.7318e-23
2.63846e-23
2.54828e-23
2.46116e-23
2.377e-23
2.29569e-23
2.21715e-23
2.14127e-23
2.06798e-23
1.99718e-23
1.92878e-23
1.86272e-23
1.79891e-23
1.73727e-23
1.67773e-23
1.62022e-23
1.56467e-23
1.51102e-23
1.4592e-23
1.40915e-23
1.36081e-23
1.31412e-23
1.26903e-23
1.22548e-23
1.18342e-23
1.1428e-23
1.10357e-23
1.06568e-23
1.02909e-23
9.9375e-24
9.59622e-24
9.26665e-24
8.94836e-24
8.64099e-24
8.34416e-24
8.05751e-24
7.7807e-24
7.51338e-24
7.25523e-24
7.00595e-24
6.76522e-24
6.53276e-24
6.30828e-24
6.09151e-24
5.88219e-24
5.68006e-24
5.48487e-24
5.29639e-24
5.11439e-24
4.93865e-24
4.76894e-24
4.60507e-24
4.44684e-24
4.29405e-24
4.14651e-24
4.00404e-24
3.86647e-24
3.73364e-24
3.60538e-24
3.48152e-24
3.36193e-24
3.24646e-24
3.13495e-24
3.02728e-24
2.92332e-24
2.82294e-24
2.72601e-24
2.63241e-24
2.54203e-24
2.45477e-24
2.37051e-24
2.28915e-24
2.21058e-24
2.13472e-24
2.06147e-24
1.99075e-24
1.92245e-24
1.85651e-24
1.79283e-24
1.73135e-24
1.67198e-24
1.61465e-24
1.5593e-24
1.50585e-24
1.45424e-24
1.4044e-24
1.35628e-24
1.30981e-24
1.26495e-24
1.22162e-24
1.17979e-24
1.13939e-24
1.10038e-24
1.06272e-24
1.02635e-24
9.91225e-25
9.57311e-25
9.24563e-25
8.92941e-25
8.62405e-25
8.32919e-25
8.04446e-25
7.76951e-25
7.504e-25
7.24762e-25
7.00004e-25
6.76096e-25
6.53009e-25
6.30715e-25
6.09187e-25
5.88397e-25
5.68322e-25
5.48935e-25
5.30213e-25
5.12134e-25
4.94675e-25
4.77815e-25
4.61534e-25
4.45811e-25
4.30627e-25
4.15964e-25
4.01803e-25
3.88128e-25
3.74922e-25
3.62168e-25
3.49852e-25
3.37957e-25
3.2647e-25
3.15377e-25
3.04663e-25
2.94317e-25
2.84325e-25
2.74675e-25
2.65356e-25
2.56355e-25
2.47663e-25
2.39269e-25
2.31161e-25
2.23332e-25
2.1577e-25
2.08467e-25
2.01414e-25
1.94602e-25
1.88024e-25
1.8167e-25
1.75534e-25
1.69608e-25
1.63885e-25
1.58357e-25
1.53019e-25
1.47863e-25
1.42884e-25
1.38075e-25
1.33431e-25
1.28946e-25
1.24614e-25
1.20431e-25
1.16391e-25
1.12489e-25
1.08721e-25
1.05082e-25
1.01568e-25
9.81743e-26
9.48971e-26
9.17324e-26
8.86763e-26
8.57252e-26
8.28756e-26
8.0124e-26
7.7467e-26
7.49016e-26
7.24246e-26
7.0033e-26
6.7724e-26
6.54948e-26
6.33428e-26
6.12653e-26
5.92599e-26
5.73242e-26
5.54558e-26
5.36525e-26
5.19122e-26
5.02328e-26
4.86122e-26
4.70486e-26
4.55401e-26
4.40848e-26
4.26811e-26
4.13272e-26
4.00216e-26
3.87627e-26
3.7549e-26
3.63791e-26
3.52515e-26
3.4165e-26
3.31182e-26
3.21099e-26
3.11389e-26
3.02041e-26
2.93043e-26
2.84385e-26
2.76057e-26
2.68049e-26
2.60351e-26
2.52954e-26
2.4585e-26
2.3903e-26
2.32486e-26
2.26211e-26
2.20197e-26
2.14437e-26
2.08924e-26
2.03652e-26
1.98614e-26
1.93806e-26
1.89221e-26
1.84853e-26
1.80699e-26
1.76752e-26
1.73009e-26
1.69464e-26
1.66115e-26
1.62957e-26
1.59986e-26
1.57199e-26
1.54593e-26
1.52165e-26
1.49912e-26
1.47832e-26
1.45922e-26
1.4418e-26
1.42604e-26
1.41192e-26
1.39943e-26
1.38856e-26
1.37929e-26
1.37161e-26
1.36552e-26
1.361e-26
1.35806e-26
1.3567e-26
1.35699e-26
1.35893e-26
1.36256e-26
1.36789e-26
1.3749e-26
1.3836e-26
1.39398e-26
