20
2e+17
1e+19
49.9581
20.0004
26524.1
1.63508e-20
1.63009e-20
1.6156e-20
1.60035e-20
1.58485e-20
1.56922e-20
1.55353e-20
1.53782e-20
1.52211e-20
1.50642e-20
1.49078e-20
1.4752e-20
1.45968e-20
1.44421e-20
1.42879e-20
1.4134e-20
1.39804e-20
1.38272e-20
1.36743e-20
1.35218e-20
1.33696e-20
1.32177e-20
1.30662e-20
1.29151e-20
1.27643e-20
1.2614e-20
1.2464e-20
1.23144e-20
1.21653e-20
1.20166e-20
1.18684e-20
1.17206e-20
1.15734e-20
1.14266e-20
1.12803e-20
1.11346e-20
1.09895e-20
1.08449e-20
1.07009e-20
1.05575e-20
1.04147e-20
1.02725e-20
1.0131e-20
9.99011e-21
9.84992e-21
9.71042e-21
9.57162e-21
9.43354e-21
9.2962e-21
9.15959e-21
9.02375e-21
8.88868e-21
8.75439e-21
8.6209e-21
8.48822e-21
8.35636e-21
8.22534e-21
8.09515e-21
7.96582e-21
7.83736e-21
7.70977e-21
7.58306e-21
7.45724e-21
7.33233e-21
7.20832e-21
7.08523e-21
6.96307e-21
6.84183e-21
6.72153e-21
6.60218e-21
6.48378e-21
6.36632e-21
6.24983e-21
6.13431e-21
6.01974e-21
5.90615e-21
5.79354e-21
5.6819e-21
5.57125e-21
5.4616e-21
5.35296e-21
5.24534e-21
5.13875e-21
5.0332e-21
4.92871e-21
4.82529e-21
4.72298e-21
4.62179e-21
4.52176e-21
4.42289e-21
4.32522e-21
4.22878e-21
4.13361e-21
4.03973e-21
3.94719e-21
3.856e-21
3.76618e-21
3.67775e-21
3.59072e-21
3.5051e-21
3.4209e-21
3.33813e-21
3.2568e-21
3.17689e-21
3.09842e-21
3.02139e-21
2.94578e-21
2.8716e-21
2.79884e-21
2.72749e-21
2.65755e-21
2.58901e-21
2.52185e-21
2.45607e-21
2.39165e-21
2.32859e-21
2.26687e-21
2.20648e-21
2.14739e-21
2.08961e-21
2.0331e-21
1.97786e-21
1.92387e-21
1.87111e-21
1.81957e-21
1.76923e-21
1.72007e-21
1.67207e-21
1.62521e-21
1.57949e-21
1.53487e-21
1.49134e-21
1.44888e-21
1.40748e-21
1.3671e-21
1.32775e-21
1.28939e-21
1.252e-21
1.21558e-21
1.1801e-21
1.14553e-21
1.11187e-21
1.0791e-21
1.04719e-21
1.01613e-21
9.85901e-22
9.56484e-22
9.27862e-22
9.00017e-22
8.72933e-22
8.46591e-22
8.20975e-22
7.96069e-22
7.71856e-22
7.4832e-22
7.25445e-22
7.03214e-22
6.81613e-22
6.60626e-22
6.40239e-22
6.20435e-22
6.01202e-22
5.82524e-22
5.64387e-22
5.46779e-22
5.29684e-22
5.13091e-22
4.96985e-22
4.81355e-22
4.66187e-22
4.5147e-22
4.37191e-22
4.23338e-22
4.09901e-22
3.96868e-22
3.84228e-22
3.7197e-22
3.60084e-22
3.48558e-22
3.37385e-22
3.26552e-22
3.16052e-22
3.05874e-22
2.9601e-22
2.8645e-22
2.77186e-22
2.68209e-22
2.59511e-22
2.51084e-22
2.4292e-22
2.35012e-22
2.27351e-22
2.19931e-22
2.12745e-22
2.05786e-22
1.99046e-22
1.9252e-22
1.862e-22
1.80082e-22
1.74158e-22
1.68423e-22
1.62872e-22
1.57498e-22
1.52296e-22
1.47261e-22
1.42389e-22
1.37673e-22
1.33109e-22
1.28692e-22
1.24419e-22
1.20283e-22
1.16282e-22
1.12411e-22
1.08666e-22
1.05043e-22
1.01538e-22
9.81471e-23
9.48673e-23
9.16949e-23
8.86264e-23
8.56585e-23
8.27882e-23
8.00122e-23
7.73276e-23
7.47314e-23
7.22209e-23
6.97932e-23
6.74459e-23
6.51761e-23
6.29816e-23
6.08597e-23
5.88083e-23
5.6825e-23
5.49076e-23
5.3054e-23
5.12621e-23
4.95299e-23
4.78555e-23
4.6237e-23
4.46725e-23
4.31603e-23
4.16987e-23
4.02861e-23
3.89207e-23
3.76011e-23
3.63258e-23
3.50933e-23
3.39022e-23
3.27511e-23
3.16387e-23
3.05638e-23
2.95251e-23
2.85213e-23
2.75514e-23
2.66142e-23
2.57086e-23
2.48336e-23
2.39882e-23
2.31713e-23
2.23821e-23
2.16195e-23
2.08828e-23
2.0171e-23
1.94833e-23
1.88189e-23
1.81771e-23
1.7557e-23
1.6958e-23
1.63793e-23
1.58202e-23
1.52802e-23
1.47585e-23
1.42545e-23
1.37677e-23
1.32974e-23
1.28431e-23
1.24043e-23
1.19805e-23
1.1571e-23
1.11756e-23
1.07936e-23
1.04246e-23
1.00682e-23
9.72394e-24
9.39143e-24
9.07028e-24
8.76008e-24
8.46047e-24
8.1711e-24
7.8916e-24
7.62165e-24
7.36093e-24
7.10911e-24
6.8659e-24
6.631e-24
6.40414e-24
6.18503e-24
5.97341e-24
5.76903e-24
5.57165e-24
5.38101e-24
5.1969e-24
5.01909e-24
4.84736e-24
4.68152e-24
4.52135e-24
4.36666e-24
4.21727e-24
4.07299e-24
3.93366e-24
3.79909e-24
3.66914e-24
3.54363e-24
3.42243e-24
3.30538e-24
3.19233e-24
3.08316e-24
2.97773e-24
2.87591e-24
2.77758e-24
2.68262e-24
2.59091e-24
2.50235e-24
2.41682e-24
2.33422e-24
2.25445e-24
2.17741e-24
2.10301e-24
2.03116e-24
1.96178e-24
1.89477e-24
1.83006e-24
1.76756e-24
1.70721e-24
1.64892e-24
1.59263e-24
1.53827e-24
1.48577e-24
1.43507e-24
1.3861e-24
1.33881e-24
1.29315e-24
1.24904e-24
1.20645e-24
1.16531e-24
1.12559e-24
1.08722e-24
1.05017e-24
1.01438e-24
9.79825e-25
9.46448e-25
9.14214e-25
8.83083e-25
8.53017e-25
8.2398e-25
7.95937e-25
7.68853e-25
7.42695e-25
7.17432e-25
6.93033e-25
6.69469e-25
6.4671e-25
6.24729e-25
6.035e-25
5.82997e-25
5.63194e-25
5.44068e-25
5.25596e-25
5.07754e-25
4.90523e-25
4.7388e-25
4.57805e-25
4.4228e-25
4.27284e-25
4.12801e-25
3.98812e-25
3.853e-25
3.7225e-25
3.59645e-25
3.47471e-25
3.35712e-25
3.24354e-25
3.13383e-25
3.02787e-25
2.92552e-25
2.82666e-25
2.73117e-25
2.63894e-25
2.54985e-25
2.4638e-25
2.38068e-25
2.3004e-25
2.22285e-25
2.14795e-25
2.07559e-25
2.00571e-25
1.9382e-25
1.873e-25
1.81001e-25
1.74918e-25
1.69041e-25
1.63365e-25
1.57882e-25
1.52586e-25
1.4747e-25
1.42529e-25
1.37756e-25
1.33146e-25
1.28693e-25
1.24392e-25
1.20237e-25
1.16224e-25
1.12348e-25
1.08605e-25
1.04988e-25
1.01496e-25
9.81226e-26
9.48646e-26
9.17179e-26
8.86788e-26
8.57437e-26
8.2909e-26
8.01714e-26
7.75277e-26
7.49747e-26
7.25093e-26
7.01286e-26
6.78298e-26
6.56102e-26
6.34671e-26
6.13979e-26
5.94003e-26
5.74718e-26
5.56102e-26
5.38133e-26
5.20788e-26
5.04048e-26
4.87894e-26
4.72305e-26
4.57263e-26
4.42752e-26
4.28752e-26
4.15249e-26
4.02226e-26
3.89668e-26
3.77559e-26
3.65887e-26
3.54636e-26
3.43794e-26
3.33348e-26
3.23286e-26
3.13596e-26
3.04266e-26
2.95287e-26
2.86646e-26
2.78335e-26
2.70343e-26
2.62661e-26
2.5528e-26
2.48192e-26
2.41388e-26
2.3486e-26
2.28601e-26
2.22604e-26
2.16861e-26
2.11367e-26
2.06113e-26
2.01096e-26
1.96308e-26
1.91745e-26
1.874e-26
1.8327e-26
1.79349e-26
1.75632e-26
1.72117e-26
1.68798e-26
1.65671e-26
1.62735e-26
1.59984e-26
1.57416e-26
1.55028e-26
1.52818e-26
1.50782e-26
1.4892e-26
1.47228e-26
1.45705e-26
1.44349e-26
1.43159e-26
1.42133e-26
1.41271e-26
1.40572e-26
1.40035e-26
1.39659e-26
1.39446e-26
1.394e-26
1.39525e-26
1.39824e-26
1.40295e-26
1.40939e-26
1.41756e-26
1.42746e-26
