20
5e+17
2e+17
50
20.0005
26524.1
1.04823e-20
1.04796e-20
1.04698e-20
1.04577e-20
1.04433e-20
1.04268e-20
1.04082e-20
1.03875e-20
1.03646e-20
1.03398e-20
1.03128e-20
1.02839e-20
1.02529e-20
1.022e-20
1.0185e-20
1.01482e-20
1.01094e-20
1.00686e-20
1.0026e-20
9.98154e-21
9.93522e-21
9.8871e-21
9.8372e-21
9.78555e-21
9.73217e-21
9.67711e-21
9.62039e-21
9.56204e-21
9.5021e-21
9.44061e-21
9.37759e-21
9.3131e-21
9.24715e-21
9.17979e-21
9.11106e-21
9.04099e-21
8.96963e-21
8.89701e-21
8.82317e-21
8.74816e-21
8.67202e-21
8.59478e-21
8.51648e-21
8.43718e-21
8.35691e-21
8.2757e-21
8.19362e-21
8.11069e-21
8.02696e-21
7.94247e-21
7.85726e-21
7.77138e-21
7.68487e-21
7.59777e-21
7.51013e-21
7.42198e-21
7.33336e-21
7.24432e-21
7.15491e-21
7.06515e-21
6.97509e-21
6.88477e-21
6.79424e-21
6.70352e-21
6.61267e-21
6.52171e-21
6.43068e-21
6.33963e-21
6.24859e-21
6.1576e-21
6.06669e-21
5.9759e-21
5.88526e-21
5.79481e-21
5.70458e-21
5.6146e-21
5.52491e-21
5.43553e-21
5.3465e-21
5.25785e-21
5.16961e-21
5.0818e-21
4.99446e-21
4.90761e-21
4.82127e-21
4.73549e-21
4.65027e-21
4.56566e-21
4.48166e-21
4.39831e-21
4.31563e-21
4.23364e-21
4.15236e-21
4.07181e-21
3.99202e-21
3.913e-21
3.83478e-21
3.75736e-21
3.68076e-21
3.60501e-21
3.53011e-21
3.45607e-21
3.38292e-21
3.31066e-21
3.2393e-21
3.16885e-21
3.09932e-21
3.03072e-21
2.96306e-21
2.89634e-21
2.83057e-21
2.76576e-21
2.7019e-21
2.63901e-21
2.57708e-21
2.51611e-21
2.45612e-21
2.3971e-21
2.33904e-21
2.28196e-21
2.22584e-21
2.17069e-21
2.1165e-21
2.06328e-21
2.01102e-21
1.95971e-21
1.90935e-21
1.85994e-21
1.81146e-21
1.76393e-21
1.71732e-21
1.67163e-21
1.62686e-21
1.583e-21
1.54003e-21
1.49796e-21
1.45678e-21
1.41647e-21
1.37702e-21
1.33843e-21
1.30069e-21
1.26379e-21
1.22772e-21
1.19246e-21
1.15801e-21
1.12436e-21
1.09149e-21
1.0594e-21
1.02807e-21
9.97494e-22
9.67661e-22
9.38559e-22
9.10175e-22
8.82499e-22
8.55518e-22
8.29222e-22
8.03599e-22
7.78636e-22
7.54322e-22
7.30646e-22
7.07596e-22
6.8516e-22
6.63326e-22
6.42082e-22
6.21418e-22
6.01322e-22
5.81782e-22
5.62786e-22
5.44324e-22
5.26384e-22
5.08955e-22
4.92026e-22
4.75585e-22
4.59623e-22
4.44127e-22
4.29088e-22
4.14495e-22
4.00338e-22
3.86606e-22
3.73288e-22
3.60376e-22
3.47858e-22
3.35726e-22
3.2397e-22
3.1258e-22
3.01546e-22
2.90861e-22
2.80513e-22
2.70496e-22
2.608e-22
2.51415e-22
2.42335e-22
2.33551e-22
2.25054e-22
2.16837e-22
2.08891e-22
2.0121e-22
1.93785e-22
1.8661e-22
1.79677e-22
1.72978e-22
1.66508e-22
1.6026e-22
1.54226e-22
1.48401e-22
1.42778e-22
1.37351e-22
1.32113e-22
1.2706e-22
1.22186e-22
1.17484e-22
1.1295e-22
1.08578e-22
1.04363e-22
1.003e-22
9.6384e-23
9.26104e-23
8.89744e-23
8.54717e-23
8.20977e-23
7.88482e-23
7.57191e-23
7.27064e-23
6.9806e-23
6.70143e-23
6.43274e-23
6.17419e-23
5.92542e-23
5.68609e-23
5.45588e-23
5.23447e-23
5.02155e-23
4.81681e-23
4.61998e-23
4.43077e-23
4.2489e-23
4.07412e-23
3.90616e-23
3.74478e-23
3.58975e-23
3.44082e-23
3.29778e-23
3.16041e-23
3.02849e-23
2.90183e-23
2.78024e-23
2.66351e-23
2.55147e-23
2.44395e-23
2.34076e-23
2.24175e-23
2.14676e-23
2.05563e-23
1.96822e-23
1.88438e-23
1.80397e-23
1.72687e-23
1.65294e-23
1.58205e-23
1.5141e-23
1.44896e-23
1.38653e-23
1.32669e-23
1.26935e-23
1.2144e-23
1.16175e-23
1.11131e-23
1.06299e-23
1.01671e-23
9.72375e-24
9.29916e-24
8.89254e-24
8.50318e-24
8.13036e-24
7.77341e-24
7.43168e-24
7.10455e-24
6.79142e-24
6.49172e-24
6.20488e-24
5.93037e-24
5.66769e-24
5.41634e-24
5.17585e-24
4.94577e-24
4.72565e-24
4.5151e-24
4.31369e-24
4.12105e-24
3.93681e-24
3.76061e-24
3.59211e-24
3.43099e-24
3.27693e-24
3.12963e-24
2.98881e-24
2.85418e-24
2.72548e-24
2.60246e-24
2.48487e-24
2.37249e-24
2.26508e-24
2.16243e-24
2.06434e-24
1.9706e-24
1.88104e-24
1.79546e-24
1.7137e-24
1.63558e-24
1.56096e-24
1.48968e-24
1.42158e-24
1.35654e-24
1.29442e-24
1.23509e-24
1.17842e-24
1.12431e-24
1.07263e-24
1.02329e-24
9.76168e-25
9.31178e-25
8.88223e-25
8.47213e-25
8.08061e-25
7.70685e-25
7.35005e-25
7.00947e-25
6.68438e-25
6.37409e-25
6.07794e-25
5.79529e-25
5.52554e-25
5.26812e-25
5.02247e-25
4.78806e-25
4.56439e-25
4.35098e-25
4.14736e-25
3.95309e-25
3.76775e-25
3.59094e-25
3.42227e-25
3.26138e-25
3.1079e-25
2.96152e-25
2.82189e-25
2.68873e-25
2.56173e-25
2.44061e-25
2.32511e-25
2.21497e-25
2.10994e-25
2.0098e-25
1.91432e-25
1.82328e-25
1.73649e-25
1.65375e-25
1.57487e-25
1.49968e-25
1.42801e-25
1.35969e-25
1.29457e-25
1.23251e-25
1.17336e-25
1.117e-25
1.06328e-25
1.01209e-25
9.63317e-26
9.16844e-26
8.72564e-26
8.30378e-26
7.90187e-26
7.519e-26
7.15427e-26
6.80686e-26
6.47594e-26
6.16076e-26
5.86057e-26
5.57469e-26
5.30245e-26
5.0432e-26
4.79634e-26
4.56129e-26
4.3375e-26
4.12444e-26
3.92161e-26
3.72852e-26
3.54472e-26
3.36977e-26
3.20326e-26
3.04479e-26
2.89398e-26
2.75046e-26
2.61389e-26
2.48395e-26
2.36032e-26
2.2427e-26
2.1308e-26
2.02436e-26
1.92311e-26
1.82681e-26
1.73522e-26
1.64812e-26
1.5653e-26
1.48654e-26
1.41165e-26
1.34046e-26
1.27277e-26
1.20843e-26
1.14728e-26
1.08915e-26
1.03391e-26
9.81416e-27
9.31533e-27
8.84138e-27
8.3911e-27
7.96334e-27
7.55701e-27
7.17108e-27
6.80456e-27
6.45651e-27
6.12602e-27
5.81225e-27
5.51438e-27
5.23164e-27
4.96328e-27
4.70862e-27
4.46697e-27
4.2377e-27
4.02022e-27
3.81393e-27
3.6183e-27
3.4328e-27
3.25694e-27
3.09025e-27
2.93227e-27
2.78258e-27
2.64077e-27
2.50646e-27
2.37928e-27
2.25889e-27
2.14494e-27
2.03714e-27
1.93517e-27
1.83875e-27
1.74762e-27
1.66151e-27
1.58019e-27
1.50343e-27
1.431e-27
1.36269e-27
1.29833e-27
1.2377e-27
1.18065e-27
1.127e-27
1.07659e-27
1.02928e-27
9.84919e-28
9.43379e-28
9.04533e-28
8.6826e-28
8.3445e-28
8.02996e-28
7.73799e-28
7.46764e-28
7.21805e-28
6.98839e-28
6.77788e-28
6.5858e-28
6.41149e-28
6.2543e-28
6.11366e-28
5.98903e-28
5.87991e-28
5.78584e-28
5.70639e-28
5.64118e-28
5.58987e-28
5.55213e-28
5.52769e-28
5.5163e-28
5.51773e-28
5.5318e-28
5.55836e-28
5.59727e-28
5.64843e-28
5.71177e-28
5.78725e-28
5.87485e-28
5.97457e-28
6.08644e-28
6.21053e-28
6.34691e-28
6.49573e-28
6.65738e-28
6.83209e-28
7.02016e-28
7.22178e-28
7.43714e-28
7.66647e-28
7.91002e-28
