20
2e+17
1e+17
50
20.0003
26524.1
1.06136e-20
1.06105e-20
1.05994e-20
1.05859e-20
1.05701e-20
1.05522e-20
1.05321e-20
1.05098e-20
1.04855e-20
1.0459e-20
1.04305e-20
1.03999e-20
1.03674e-20
1.03328e-20
1.02962e-20
1.02577e-20
1.02172e-20
1.01748e-20
1.01305e-20
1.00843e-20
1.00362e-20
9.98639e-21
9.93475e-21
9.88135e-21
9.82623e-21
9.76941e-21
9.71092e-21
9.65081e-21
9.58911e-21
9.52585e-21
9.46107e-21
9.3948e-21
9.32709e-21
9.25797e-21
9.18747e-21
9.11565e-21
9.04254e-21
8.96818e-21
8.89261e-21
8.81587e-21
8.73801e-21
8.65906e-21
8.57906e-21
8.49807e-21
8.41612e-21
8.33326e-21
8.24952e-21
8.16495e-21
8.0796e-21
7.99351e-21
7.90671e-21
7.81926e-21
7.7312e-21
7.64256e-21
7.55339e-21
7.46374e-21
7.37364e-21
7.28314e-21
7.19228e-21
7.1011e-21
7.00965e-21
6.91795e-21
6.82606e-21
6.734e-21
6.64183e-21
6.54958e-21
6.45729e-21
6.36499e-21
6.27273e-21
6.18054e-21
6.08845e-21
5.9965e-21
5.90473e-21
5.81317e-21
5.72186e-21
5.63082e-21
5.54008e-21
5.44969e-21
5.35967e-21
5.27005e-21
5.18086e-21
5.09213e-21
5.00388e-21
4.91616e-21
4.82897e-21
4.74235e-21
4.65633e-21
4.57093e-21
4.48617e-21
4.40208e-21
4.31869e-21
4.236e-21
4.15405e-21
4.07287e-21
3.99245e-21
3.91284e-21
3.83404e-21
3.75607e-21
3.67895e-21
3.60269e-21
3.52731e-21
3.45282e-21
3.37924e-21
3.30656e-21
3.23481e-21
3.164e-21
3.09413e-21
3.0252e-21
2.95724e-21
2.89023e-21
2.8242e-21
2.75914e-21
2.69506e-21
2.63196e-21
2.56984e-21
2.50871e-21
2.44856e-21
2.3894e-21
2.33122e-21
2.27403e-21
2.21783e-21
2.1626e-21
2.10836e-21
2.05509e-21
2.00279e-21
1.95146e-21
1.90109e-21
1.85168e-21
1.80322e-21
1.75571e-21
1.70914e-21
1.6635e-21
1.61878e-21
1.57498e-21
1.53209e-21
1.49009e-21
1.44899e-21
1.40878e-21
1.36943e-21
1.33095e-21
1.29332e-21
1.25653e-21
1.22058e-21
1.18545e-21
1.15113e-21
1.11761e-21
1.08488e-21
1.05293e-21
1.02175e-21
9.91318e-22
9.61633e-22
9.32679e-22
9.04446e-22
8.76921e-22
8.50093e-22
8.2395e-22
7.9848e-22
7.73671e-22
7.49511e-22
7.25988e-22
7.0309e-22
6.80805e-22
6.59122e-22
6.38028e-22
6.17512e-22
5.97563e-22
5.78167e-22
5.59315e-22
5.40995e-22
5.23194e-22
5.05902e-22
4.89108e-22
4.728e-22
4.56968e-22
4.416e-22
4.26687e-22
4.12216e-22
3.98179e-22
3.84563e-22
3.7136e-22
3.5856e-22
3.46151e-22
3.34125e-22
3.22471e-22
3.11181e-22
3.00245e-22
2.89653e-22
2.79398e-22
2.69468e-22
2.59858e-22
2.50556e-22
2.41556e-22
2.32848e-22
2.24426e-22
2.1628e-22
2.08403e-22
2.00787e-22
1.93426e-22
1.86311e-22
1.79436e-22
1.72793e-22
1.66376e-22
1.60178e-22
1.54193e-22
1.48413e-22
1.42833e-22
1.37448e-22
1.32249e-22
1.27233e-22
1.22394e-22
1.17725e-22
1.13222e-22
1.08879e-22
1.04691e-22
1.00653e-22
9.67605e-23
9.30088e-23
8.93931e-23
8.59091e-23
8.25523e-23
7.93185e-23
7.62037e-23
7.32039e-23
7.03152e-23
6.75339e-23
6.48563e-23
6.22788e-23
5.9798e-23
5.74107e-23
5.51135e-23
5.29034e-23
5.07772e-23
4.8732e-23
4.67651e-23
4.48735e-23
4.30547e-23
4.1306e-23
3.96249e-23
3.8009e-23
3.64559e-23
3.49634e-23
3.35292e-23
3.21512e-23
3.08274e-23
2.95557e-23
2.83342e-23
2.71611e-23
2.60345e-23
2.49527e-23
2.39141e-23
2.29169e-23
2.19598e-23
2.1041e-23
2.01592e-23
1.9313e-23
1.8501e-23
1.77218e-23
1.69743e-23
1.62572e-23
1.55693e-23
1.49095e-23
1.42767e-23
1.36698e-23
1.30879e-23
1.25299e-23
1.19949e-23
1.1482e-23
1.09904e-23
1.05191e-23
1.00674e-23
9.63453e-24
9.21968e-24
8.82215e-24
8.44124e-24
8.07629e-24
7.72666e-24
7.39172e-24
7.07088e-24
6.76357e-24
6.46924e-24
6.18735e-24
5.91741e-24
5.65892e-24
5.41141e-24
5.17443e-24
4.94755e-24
4.73035e-24
4.52244e-24
4.32342e-24
4.13293e-24
3.95061e-24
3.77613e-24
3.60915e-24
3.44937e-24
3.29649e-24
3.1502e-24
3.01025e-24
2.87635e-24
2.74827e-24
2.62574e-24
2.50854e-24
2.39644e-24
2.28923e-24
2.1867e-24
2.08864e-24
1.99488e-24
1.90522e-24
1.81949e-24
1.73752e-24
1.65916e-24
1.58425e-24
1.51263e-24
1.44417e-24
1.37874e-24
1.3162e-24
1.25643e-24
1.1993e-24
1.14471e-24
1.09254e-24
1.04269e-24
9.95063e-25
9.49555e-25
9.06077e-25
8.64541e-25
8.24863e-25
7.8696e-25
7.50755e-25
7.16174e-25
6.83147e-25
6.51604e-25
6.21482e-25
5.92716e-25
5.65249e-25
5.39022e-25
5.13981e-25
4.90073e-25
4.67249e-25
4.4546e-25
4.24662e-25
4.04809e-25
3.8586e-25
3.67775e-25
3.50515e-25
3.34044e-25
3.18326e-25
3.03328e-25
2.89018e-25
2.75365e-25
2.6234e-25
2.49914e-25
2.3806e-25
2.26754e-25
2.15969e-25
2.05684e-25
1.95874e-25
1.8652e-25
1.776e-25
1.69094e-25
1.60984e-25
1.53253e-25
1.45882e-25
1.38855e-25
1.32157e-25
1.25773e-25
1.19689e-25
1.1389e-25
1.08364e-25
1.03099e-25
9.80816e-26
9.33014e-26
8.87472e-26
8.44088e-26
8.02761e-26
7.63398e-26
7.25907e-26
6.90202e-26
6.562e-26
6.23823e-26
5.92995e-26
5.63644e-26
5.35702e-26
5.09102e-26
4.83783e-26
4.59685e-26
4.3675e-26
4.14924e-26
3.94155e-26
3.74394e-26
3.55593e-26
3.37706e-26
3.20692e-26
3.04508e-26
2.89115e-26
2.74476e-26
2.60555e-26
2.47318e-26
2.34733e-26
2.22768e-26
2.11394e-26
2.00583e-26
1.90307e-26
1.80542e-26
1.71262e-26
1.62444e-26
1.54066e-26
1.46107e-26
1.38546e-26
1.31365e-26
1.24545e-26
1.18067e-26
1.11917e-26
1.06077e-26
1.00533e-26
9.52703e-27
9.02748e-27
8.55337e-27
8.10343e-27
7.67649e-27
7.27142e-27
6.88712e-27
6.52259e-27
6.17684e-27
5.84893e-27
5.53799e-27
5.24317e-27
4.96367e-27
4.69873e-27
4.44761e-27
4.20963e-27
3.98413e-27
3.77048e-27
3.56809e-27
3.37639e-27
3.19484e-27
3.02294e-27
2.86019e-27
2.70614e-27
2.56034e-27
2.42237e-27
2.29184e-27
2.16838e-27
2.05162e-27
1.94122e-27
1.83686e-27
1.73824e-27
1.64506e-27
1.55705e-27
1.47394e-27
1.39549e-27
1.32145e-27
1.25162e-27
1.18577e-27
1.12371e-27
1.06524e-27
1.01018e-27
9.58374e-28
9.09646e-28
8.63848e-28
8.20837e-28
7.80476e-28
7.42635e-28
7.07195e-28
6.74039e-28
6.43061e-28
6.14158e-28
5.87235e-28
5.62201e-28
5.38973e-28
5.1747e-28
4.97619e-28
4.79349e-28
4.62597e-28
4.47301e-28
4.33406e-28
4.20858e-28
4.09609e-28
3.99616e-28
3.90836e-28
3.83232e-28
3.7677e-28
3.71418e-28
3.67149e-28
3.63939e-28
3.61763e-28
3.60605e-28
3.60446e-28
3.61274e-28
3.63077e-28
3.65846e-28
3.69577e-28
3.74264e-28
3.79907e-28
3.86507e-28
3.9407e-28
4.02617e-28
4.12162e-28
4.22723e-28
4.34311e-28
4.46939e-28
4.60623e-28
4.75381e-28
