13262.1
6.66791e-20
6.66762e-20
6.66582e-20
6.66291e-20
6.65887e-20
6.65369e-20
6.64737e-20
6.6399e-20
6.63132e-20
6.62163e-20
6.61083e-20
6.59894e-20
6.58594e-20
6.57185e-20
6.55668e-20
6.54043e-20
6.5231e-20
6.50471e-20
6.48526e-20
6.46477e-20
6.44324e-20
6.42069e-20
6.39713e-20
6.37256e-20
6.347e-20
6.32047e-20
6.29297e-20
6.26452e-20
6.23513e-20
6.20482e-20
6.1736e-20
6.14149e-20
6.1085e-20
6.07465e-20
6.03995e-20
6.00443e-20
5.96809e-20
5.93097e-20
5.89306e-20
5.85439e-20
5.81499e-20
5.77486e-20
5.73402e-20
5.6925e-20
5.65032e-20
5.60749e-20
5.56402e-20
5.51996e-20
5.4753e-20
5.43007e-20
5.3843e-20
5.33799e-20
5.29118e-20
5.24387e-20
5.1961e-20
5.14788e-20
5.09924e-20
5.05018e-20
5.00074e-20
4.95094e-20
4.90078e-20
4.8503e-20
4.79951e-20
4.74844e-20
4.69711e-20
4.64552e-20
4.59371e-20
4.5417e-20
4.4895e-20
4.43713e-20
4.38462e-20
4.33198e-20
4.27922e-20
4.22638e-20
4.17347e-20
4.1205e-20
4.0675e-20
4.01448e-20
3.96146e-20
3.90847e-20
3.8555e-20
3.80259e-20
3.74975e-20
3.697e-20
3.64435e-20
3.59181e-20
3.53941e-20
3.48716e-20
3.43507e-20
3.38316e-20
3.33145e-20
3.27994e-20
3.22866e-20
3.1776e-20
3.1268e-20
3.07625e-20
3.02598e-20
2.97599e-20
2.9263e-20
2.87692e-20
2.82785e-20
2.77912e-20
2.73072e-20
2.68267e-20
2.63498e-20
2.58766e-20
2.54072e-20
2.49416e-20
2.448e-20
2.40224e-20
2.35688e-20
2.31194e-20
2.26743e-20
2.22334e-20
2.17969e-20
2.13648e-20
2.09372e-20
2.05141e-20
2.00955e-20
1.96815e-20
1.92722e-20
1.88676e-20
1.84677e-20
1.80725e-20
1.76821e-20
1.72965e-20
1.69157e-20
1.65398e-20
1.61687e-20
1.58025e-20
1.54411e-20
1.50847e-20
1.47331e-20
1.43865e-20
1.40447e-20
1.37078e-20
1.33758e-20
1.30487e-20
1.27265e-20
1.24091e-20
1.20966e-20
1.17888e-20
1.14859e-20
1.11878e-20
1.08945e-20
1.06059e-20
1.0322e-20
1.00428e-20
9.76824e-21
9.49832e-21
9.233e-21
8.97224e-21
8.716e-21
8.46425e-21
8.21697e-21
7.97415e-21
7.73579e-21
7.50185e-21
7.27234e-21
7.04723e-21
6.82648e-21
6.61008e-21
6.39798e-21
6.19017e-21
5.98661e-21
5.78727e-21
5.59215e-21
5.4012e-21
5.21441e-21
5.03178e-21
4.85331e-21
4.679e-21
4.50885e-21
4.34284e-21
4.18094e-21
4.02314e-21
3.86941e-21
3.71969e-21
3.57396e-21
3.43218e-21
3.29437e-21
3.16052e-21
3.03062e-21
2.90464e-21
2.78257e-21
2.66435e-21
2.54996e-21
2.43935e-21
2.33246e-21
2.22923e-21
2.12961e-21
2.03354e-21
1.94093e-21
1.85173e-21
1.76585e-21
1.68323e-21
1.60378e-21
1.52744e-21
1.45411e-21
1.38373e-21
1.3162e-21
1.25146e-21
1.18941e-21
1.12998e-21
1.07308e-21
1.01864e-21
9.66584e-22
9.16822e-22
8.69282e-22
8.23887e-22
7.80562e-22
7.39231e-22
6.99824e-22
6.62267e-22
6.26491e-22
5.92428e-22
5.60011e-22
5.29173e-22
4.99853e-22
4.71987e-22
4.45516e-22
4.2038e-22
3.96524e-22
3.7389e-22
3.52427e-22
3.32082e-22
3.12806e-22
2.94549e-22
2.77265e-22
2.60909e-22
2.45438e-22
2.30809e-22
2.16982e-22
2.03918e-22
1.91581e-22
1.79933e-22
1.68942e-22
1.58573e-22
1.48796e-22
1.39579e-22
1.30895e-22
1.22715e-22
1.15012e-22
1.07763e-22
1.00941e-22
9.45248e-23
8.84918e-23
8.28212e-23
7.74929e-23
7.24881e-23
6.77885e-23
6.33771e-23
5.92375e-23
5.53542e-23
5.17126e-23
4.82985e-23
4.50988e-23
4.2101e-23
3.92931e-23
3.6664e-23
3.42028e-23
3.18997e-23
2.9745e-23
2.77297e-23
2.58454e-23
2.4084e-23
2.24379e-23
2.09e-23
1.94636e-23
1.81223e-23
1.68701e-23
1.57014e-23
1.4611e-23
1.35937e-23
1.2645e-23
1.17603e-23
1.09357e-23
1.01671e-23
9.45095e-24
8.78378e-24
8.16239e-24
7.58376e-24
7.04504e-24
6.5436e-24
6.07694e-24
5.64273e-24
5.2388e-24
4.8631e-24
4.51372e-24
4.18888e-24
3.88691e-24
3.60624e-24
3.34541e-24
3.10306e-24
2.87792e-24
2.6688e-24
2.47458e-24
2.29423e-24
2.12679e-24
1.97135e-24
1.82707e-24
1.69317e-24
1.56891e-24
1.45362e-24
1.34666e-24
1.24744e-24
1.15541e-24
1.07006e-24
9.90915e-25
9.17525e-25
8.49481e-25
7.86399e-25
7.27923e-25
6.73719e-25
6.2348e-25
5.76918e-25
5.33768e-25
4.93781e-25
4.56728e-25
4.22396e-25
3.90585e-25
3.61113e-25
3.33808e-25
3.08511e-25
2.85077e-25
2.63368e-25
2.43258e-25
2.24629e-25
2.07373e-25
1.91389e-25
1.76584e-25
1.62871e-25
1.50169e-25
1.38404e-25
1.27507e-25
1.17415e-25
1.08068e-25
9.9411e-26
9.13943e-26
8.39705e-26
7.70961e-26
7.07309e-26
6.48378e-26
5.93824e-26
5.43327e-26
4.96595e-26
4.53354e-26
4.13353e-26
3.76361e-26
3.42161e-26
3.10557e-26
2.81364e-26
2.54415e-26
2.29553e-26
2.06635e-26
1.85529e-26
1.66113e-26
1.48275e-26
1.31913e-26
1.16929e-26
1.03202e-26
9.0254e-27
7.79835e-27
6.63324e-27
5.52534e-27
4.46951e-27
3.46152e-27
2.49804e-27
1.57525e-27
6.90395e-28
-1.58786e-28
-9.74497e-28
-1.76058e-27
-2.5189e-27
-3.25093e-27
-3.958e-27
-4.64134e-27
-5.3021e-27
-5.9413e-27
-6.55989e-27
-7.15872e-27
-7.73858e-27
-8.30017e-27
-8.84413e-27
-9.37104e-27
-9.88142e-27
-1.03757e-26
-1.08543e-26
-1.13176e-26
-1.17659e-26
-1.21995e-26
-1.26185e-26
-1.30233e-26
-1.34138e-26
-1.37902e-26
-1.41527e-26
-1.45011e-26
-1.48356e-26
-1.51561e-26
-1.54626e-26
-1.57549e-26
