18755.4
2.72202e-20
2.72179e-20
2.72096e-20
2.7196e-20
2.7177e-20
2.71525e-20
2.71227e-20
2.70874e-20
2.70468e-20
2.70009e-20
2.69496e-20
2.68931e-20
2.68313e-20
2.67643e-20
2.66922e-20
2.66149e-20
2.65325e-20
2.64451e-20
2.63527e-20
2.62554e-20
2.61532e-20
2.60462e-20
2.59344e-20
2.5818e-20
2.56969e-20
2.55713e-20
2.54412e-20
2.53067e-20
2.51679e-20
2.50249e-20
2.48777e-20
2.47264e-20
2.45711e-20
2.44119e-20
2.42489e-20
2.40821e-20
2.39118e-20
2.37378e-20
2.35605e-20
2.33798e-20
2.31958e-20
2.30087e-20
2.28185e-20
2.26253e-20
2.24294e-20
2.22306e-20
2.20293e-20
2.18253e-20
2.1619e-20
2.14103e-20
2.11994e-20
2.09863e-20
2.07713e-20
2.05543e-20
2.03356e-20
2.01151e-20
1.98931e-20
1.96696e-20
1.94447e-20
1.92185e-20
1.89911e-20
1.87627e-20
1.85334e-20
1.83031e-20
1.80722e-20
1.78405e-20
1.76083e-20
1.73757e-20
1.71427e-20
1.69095e-20
1.6676e-20
1.64426e-20
1.62091e-20
1.59758e-20
1.57427e-20
1.55098e-20
1.52774e-20
1.50454e-20
1.4814e-20
1.45833e-20
1.43532e-20
1.4124e-20
1.38956e-20
1.36682e-20
1.34419e-20
1.32166e-20
1.29925e-20
1.27697e-20
1.25482e-20
1.2328e-20
1.21093e-20
1.18921e-20
1.16765e-20
1.14625e-20
1.12501e-20
1.10395e-20
1.08306e-20
1.06236e-20
1.04184e-20
1.02152e-20
1.00139e-20
9.81467e-21
9.61745e-21
9.4223e-21
9.22926e-21
9.03837e-21
8.84966e-21
8.66316e-21
8.47889e-21
8.29688e-21
8.11716e-21
7.93974e-21
7.76464e-21
7.59189e-21
7.4215e-21
7.25348e-21
7.08784e-21
6.9246e-21
6.76377e-21
6.60536e-21
6.44936e-21
6.29579e-21
6.14464e-21
5.99593e-21
5.84964e-21
5.70578e-21
5.56435e-21
5.42534e-21
5.28874e-21
5.15455e-21
5.02276e-21
4.89336e-21
4.76634e-21
4.64169e-21
4.51939e-21
4.39944e-21
4.28182e-21
4.1665e-21
4.05348e-21
3.94274e-21
3.83426e-21
3.72801e-21
3.62399e-21
3.52216e-21
3.42251e-21
3.32502e-21
3.22965e-21
3.1364e-21
3.04522e-21
2.95611e-21
2.86903e-21
2.78396e-21
2.70087e-21
2.61974e-21
2.54053e-21
2.46323e-21
2.3878e-21
2.31422e-21
2.24246e-21
2.17249e-21
2.10428e-21
2.0378e-21
1.97303e-21
1.90994e-21
1.8485e-21
1.78867e-21
1.73043e-21
1.67376e-21
1.61862e-21
1.56498e-21
1.51281e-21
1.4621e-21
1.4128e-21
1.36489e-21
1.31834e-21
1.27312e-21
1.22921e-21
1.18658e-21
1.14519e-21
1.10503e-21
1.06606e-21
1.02826e-21
9.91606e-22
9.56065e-22
9.21614e-22
8.88226e-22
8.55877e-22
8.2454e-22
7.94193e-22
7.64809e-22
7.36365e-22
7.08837e-22
6.82202e-22
6.56437e-22
6.31518e-22
6.07424e-22
5.84132e-22
5.6162e-22
5.39869e-22
5.18856e-22
4.98561e-22
4.78965e-22
4.60046e-22
4.41786e-22
4.24167e-22
4.07168e-22
3.90773e-22
3.74963e-22
3.5972e-22
3.45029e-22
3.30871e-22
3.1723e-22
3.04091e-22
2.91438e-22
2.79256e-22
2.67529e-22
2.56243e-22
2.45385e-22
2.34939e-22
2.24894e-22
2.15235e-22
2.05949e-22
1.97025e-22
1.88449e-22
1.80211e-22
1.72299e-22
1.64701e-22
1.57406e-22
1.50405e-22
1.43686e-22
1.3724e-22
1.31057e-22
1.25127e-22
1.19442e-22
1.13992e-22
1.08769e-22
1.03765e-22
9.89714e-23
9.43802e-23
8.9984e-23
8.57754e-23
8.17472e-23
7.78927e-23
7.42051e-23
7.06779e-23
6.73049e-23
6.40801e-23
6.09975e-23
5.80517e-23
5.5237e-23
5.25484e-23
4.99806e-23
4.75287e-23
4.51882e-23
4.29542e-23
4.08226e-23
3.8789e-23
3.68493e-23
3.49996e-23
3.32361e-23
3.15552e-23
2.99532e-23
2.84269e-23
2.6973e-23
2.55884e-23
2.42699e-23
2.30148e-23
2.18203e-23
2.06836e-23
1.96022e-23
1.85736e-23
1.75955e-23
1.66655e-23
1.57815e-23
1.49415e-23
1.41433e-23
1.33851e-23
1.2665e-23
1.19813e-23
1.13321e-23
1.07161e-23
1.01314e-23
9.57681e-24
9.05072e-24
8.55183e-24
8.07882e-24
7.63044e-24
7.20551e-24
6.80288e-24
6.42147e-24
6.06023e-24
5.71817e-24
5.39433e-24
5.08782e-24
4.79776e-24
4.52334e-24
4.26375e-24
4.01827e-24
3.78615e-24
3.56674e-24
3.35936e-24
3.16342e-24
2.9783e-24
2.80346e-24
2.63835e-24
2.48247e-24
2.33533e-24
2.19648e-24
2.06547e-24
1.94188e-24
1.82532e-24
1.71542e-24
1.61181e-24
1.51416e-24
1.42213e-24
1.33544e-24
1.25378e-24
1.17687e-24
1.10446e-24
1.0363e-24
9.72156e-25
9.11797e-25
8.55014e-25
8.01607e-25
7.51385e-25
7.0417e-25
6.59789e-25
6.18081e-25
5.78895e-25
5.42084e-25
5.07513e-25
4.75051e-25
4.44577e-25
4.15974e-25
3.89134e-25
3.63953e-25
3.40333e-25
3.18183e-25
2.97414e-25
2.77946e-25
2.597e-25
2.42603e-25
2.26587e-25
2.11585e-25
1.97538e-25
1.84386e-25
1.72075e-25
1.60554e-25
1.49775e-25
1.39691e-25
1.3026e-25
1.21442e-25
1.13198e-25
1.05492e-25
9.82913e-26
9.15638e-26
8.52797e-26
7.9411e-26
7.39314e-26
6.88162e-26
6.4042e-26
5.95871e-26
5.54311e-26
5.15546e-26
4.79396e-26
4.45692e-26
4.14274e-26
3.84994e-26
3.57712e-26
3.32297e-26
3.08626e-26
2.86584e-26
2.66063e-26
2.46962e-26
2.29186e-26
2.12647e-26
1.97262e-26
1.82954e-26
1.6965e-26
1.57281e-26
1.45786e-26
1.35102e-26
1.25177e-26
1.15958e-26
1.07397e-26
9.94472e-27
9.20679e-27
8.5219e-27
7.88638e-27
7.2968e-27
6.74994e-27
6.24281e-27
5.77263e-27
5.33692e-27
4.93301e-27
4.55876e-27
4.21206e-27
3.89095e-27
3.5936e-27
3.31831e-27
3.06349e-27
