0	8.93034e+17	8.76389e+17	8.21102e+17	7.96108e+17	8.29532e+17	8.67683e+17	8.87377e+17	9.02214e+17	9.2158e+17	0	
0	9.04341e+17	8.85772e+17	8.28336e+17	8.02684e+17	8.3515e+17	8.74132e+17	8.95434e+17	9.11297e+17	9.30681e+17	0	
0	9.1647e+17	8.98877e+17	8.43673e+17	8.17611e+17	8.47164e+17	8.85397e+17	9.07471e+17	9.21225e+17	9.37162e+17	0	
0	9.23564e+17	9.09275e+17	8.56201e+17	8.31886e+17	8.60335e+17	8.96126e+17	9.14729e+17	9.25818e+17	9.39978e+17	0	
0	9.25298e+17	9.13897e+17	8.6516e+17	8.43914e+17	8.70713e+17	9.02586e+17	9.18114e+17	9.27375e+17	9.40417e+17	0	
0	0	0	0	0	0	0	0	0	0	0	

0	7.11427e+14	1.00642e+15	1.94624e+15	2.87911e+15	2.7082e+15	2.04807e+15	1.53814e+15	1.07249e+15	6.25742e+14	0	
0	7.05601e+14	1.01233e+15	1.96277e+15	2.90388e+15	2.7271e+15	2.06425e+15	1.5527e+15	1.08388e+15	6.32855e+14	0	
0	6.51687e+14	1.00511e+15	1.99675e+15	2.95801e+15	2.76343e+15	2.08204e+15	1.55644e+15	1.07802e+15	6.22783e+14	0	
0	5.60812e+14	9.55719e+14	2.01061e+15	2.99186e+15	2.77229e+15	2.05004e+15	1.49479e+15	1.02152e+15	5.82105e+14	0	
0	4.75312e+14	8.52375e+14	1.96363e+15	2.94803e+15	2.6835e+15	1.91733e+15	1.35211e+15	9.14585e+14	5.17957e+14	0	
0	0	0	0	0	0	0	0	0	0	0	

0	4.3937e+10	2.41277e+11	4.05424e+12	6.64956e+12	4.56286e+12	2.14426e+12	1.0475e+12	6.86382e+11	3.64198e+11	0	
0	4.36056e+10	2.43062e+11	4.08926e+12	6.70566e+12	4.59427e+12	2.16074e+12	1.05723e+12	6.93504e+11	3.68101e+11	0	
0	4.03975e+10	2.43037e+11	4.16232e+12	6.83053e+12	4.65782e+12	2.18363e+12	1.06519e+12	6.94894e+11	3.65946e+11	0	
0	3.49671e+10	2.35889e+11	4.20633e+12	6.92878e+12	4.70032e+12	2.17778e+12	1.04664e+12	6.76742e+11	3.53169e+11	0	
0	2.98465e+10	2.19396e+11	4.1736e+12	6.92594e+12	4.64963e+12	2.11011e+12	9.96315e+11	6.39901e+11	3.32314e+11	0	
0	0	0	0	0	0	0	0	0	0	0	

0	8.12309e+13	1.15574e+14	2.27503e+14	3.44799e+14	3.21784e+14	2.39147e+14	1.7757e+14	1.22405e+14	7.06365e+13	0	
0	8.0587e+13	1.16273e+14	2.29436e+14	3.47763e+14	3.2403e+14	2.41042e+14	1.79266e+14	1.2372e+14	7.14502e+13	0	
0	7.44978e+13	1.1555e+14	2.33425e+14	3.54263e+14	3.28396e+14	2.43227e+14	1.79838e+14	1.23156e+14	7.03698e+13	0	
0	6.41801e+13	1.10088e+14	2.3519e+14	3.58544e+14	3.29803e+14	2.39896e+14	1.73072e+14	1.16918e+14	6.58729e+13	0	
0	5.43548e+13	9.83847e+13	2.3014e+14	3.54087e+14	3.20138e+14	2.25067e+14	1.57007e+14	1.04897e+14	5.86738e+13	0	
0	0	0	0	0	0	0	0	0	0	0	

0	1.18029e+10	1.32982e+11	2.8206e+12	4.8994e+12	3.30023e+12	1.49225e+12	7.25041e+11	4.6503e+11	2.39715e+11	0	
0	1.17402e+10	1.3419e+11	2.84525e+12	4.94022e+12	3.32273e+12	1.5035e+12	7.31692e+11	4.69776e+11	2.42169e+11	0	
0	1.09902e+10	1.35203e+11	2.89718e+12	5.03216e+12	3.36982e+12	1.5215e+12	7.39793e+11	4.73205e+11	2.42592e+11	0	
0	9.69931e+09	1.34083e+11	2.93519e+12	5.114e+12	3.41365e+12	1.53079e+12	7.38114e+11	4.69598e+11	2.39586e+11	0	
0	8.4695e+09	1.29968e+11	2.94412e+12	5.15808e+12	3.42378e+12	1.51805e+12	7.25547e+11	4.5985e+11	2.34014e+11	0	
0	0	0	0	0	0	0	0	0	0	0	

0	3.19162e+09	2.50162e+10	4.43159e+11	7.08947e+11	4.90455e+11	2.34262e+11	1.15684e+11	7.61146e+10	4.01348e+10	0	
0	3.16923e+09	2.52143e+10	4.46998e+11	7.14914e+11	4.93824e+11	2.36054e+11	1.16754e+11	7.69e+10	4.0558e+10	0	
0	2.94342e+09	2.52703e+10	4.55027e+11	7.28224e+11	5.00688e+11	2.38634e+11	1.17748e+11	7.71803e+10	4.0427e+10	0	
0	2.56001e+09	2.46906e+10	4.60125e+11	7.38949e+11	5.05649e+11	2.38515e+11	1.16197e+11	7.56104e+10	3.93328e+10	0	
0	2.19805e+09	2.32682e+10	4.57787e+11	7.39881e+11	5.01618e+11	2.32468e+11	1.11636e+11	7.23035e+10	3.75098e+10	0	
0	0	0	0	0	0	0	0	0	0	0	

0	1.06207e+10	7.26953e+10	1.28159e+12	2.13261e+12	1.45842e+12	6.76583e+11	3.25421e+11	2.09089e+11	1.07315e+11	0	
0	1.05399e+10	7.32178e+10	1.29264e+12	2.15065e+12	1.46847e+12	6.81803e+11	3.28451e+11	2.11264e+11	1.08473e+11	0	
0	9.76175e+09	7.3138e+10	1.31563e+12	2.1907e+12	1.48868e+12	6.88835e+11	3.30701e+11	2.1149e+11	1.07711e+11	0	
0	8.44535e+09	7.07859e+10	1.32888e+12	2.2213e+12	1.50102e+12	6.85782e+11	3.23975e+11	2.05271e+11	1.03576e+11	0	
0	7.20478e+09	6.5471e+10	1.31569e+12	2.21596e+12	1.48037e+12	6.61328e+11	3.06424e+11	1.92842e+11	9.68714e+10	0	
0	0	0	0	0	0	0	0	0	0	0	

0	1.10528e+09	1.03108e+10	2.18188e+11	3.85819e+11	2.58785e+11	1.15098e+11	5.45966e+10	3.41281e+10	1.6896e+10	0	
0	1.09773e+09	1.03954e+10	2.20084e+11	3.89052e+11	2.60557e+11	1.15974e+11	5.51013e+10	3.448e+10	1.70735e+10	0	
0	1.02021e+09	1.04323e+10	2.24063e+11	3.96298e+11	2.64215e+11	1.17295e+11	5.56251e+10	3.46477e+10	1.70409e+10	0	
0	8.88118e+08	1.02291e+10	2.26754e+11	4.02438e+11	2.67218e+11	1.17552e+11	5.51124e+10	3.40814e+10	1.66422e+10	0	
0	7.6247e+08	9.70014e+09	2.26346e+11	4.04363e+11	2.66408e+11	1.15354e+11	5.33788e+10	3.28279e+10	1.59627e+10	0	
0	0	0	0	0	0	0	0	0	0	0	

0	5.65577e+08	4.31499e+09	8.50996e+10	1.49792e+11	1.00663e+11	4.48729e+10	2.11393e+10	1.31984e+10	6.53501e+09	0	
0	5.61396e+08	4.34744e+09	8.58354e+10	1.51054e+11	1.01355e+11	4.52177e+10	2.13361e+10	1.33357e+10	6.6052e+09	0	
0	5.20367e+08	4.34938e+09	8.7373e+10	1.53869e+11	1.02764e+11	4.57066e+10	2.15062e+10	1.33695e+10	6.57032e+09	0	
0	4.50721e+08	4.22701e+09	8.83283e+10	1.56134e+11	1.03765e+11	4.56337e+10	2.11642e+10	1.30407e+10	6.35023e+09	0	
0	3.84608e+08	3.93908e+09	8.7758e+10	1.56287e+11	1.02841e+11	4.43257e+10	2.02036e+10	1.23618e+10	5.98705e+09	0	
0	0	0	0	0	0	0	0	0	0	0	

0	8.02121e+07	1.12703e+09	2.47127e+10	4.25423e+10	2.87573e+10	1.30686e+10	6.35098e+09	4.05131e+09	2.0522e+09	0	
0	7.97896e+07	1.13732e+09	2.49287e+10	4.28965e+10	2.89532e+10	1.31671e+10	6.40915e+09	4.09259e+09	2.07315e+09	0	
0	7.47168e+07	1.1461e+09	2.53839e+10	4.36946e+10	2.93637e+10	1.3325e+10	6.48064e+09	4.12293e+09	2.07708e+09	0	
0	6.59957e+07	1.13727e+09	2.57183e+10	4.44076e+10	2.97493e+10	1.341e+10	6.46898e+09	4.09357e+09	2.05242e+09	0	
0	5.77255e+07	1.10384e+09	2.58041e+10	4.48055e+10	2.98537e+10	1.33096e+10	6.36589e+09	4.0128e+09	2.0066e+09	0	
0	0	0	0	0	0	0	0	0	0	0	

0	3.10068e+07	1.77909e+09	4.72978e+10	8.55605e+10	5.69356e+10	2.49987e+10	1.20286e+10	7.51472e+09	3.70675e+09	0	
0	3.12653e+07	1.79796e+09	4.77143e+10	8.62676e+10	5.73213e+10	2.51847e+10	1.21379e+10	7.59043e+09	3.74343e+09	0	
0	3.11111e+07	1.8238e+09	4.85971e+10	8.78719e+10	5.81454e+10	2.55081e+10	1.22997e+10	7.67178e+09	3.76851e+09	0	
0	3.04809e+07	1.84279e+09	4.93147e+10	8.94013e+10	5.90424e+10	2.58098e+10	1.23919e+10	7.70522e+09	3.77689e+09	0	
0	2.97441e+07	1.84837e+09	4.98126e+10	9.06695e+10	5.97293e+10	2.59764e+10	1.24253e+10	7.70963e+09	3.77414e+09	0	
0	0	0	0	0	0	0	0	0	0	0	

0	1.24999e+09	2.44584e+10	4.72896e+11	7.01146e+11	4.94654e+11	2.48622e+11	1.28425e+11	8.75101e+10	4.75798e+10	0	
0	1.24707e+09	2.46983e+10	4.77043e+11	7.06972e+11	4.98018e+11	2.50486e+11	1.29597e+11	8.83971e+10	4.80581e+10	0	
0	1.18374e+09	2.49646e+10	4.85799e+11	7.20124e+11	5.05111e+11	2.53572e+11	1.31162e+11	8.91861e+10	4.82628e+10	0	
0	1.07171e+09	2.4981e+10	4.92497e+11	7.321e+11	5.12114e+11	2.55723e+11	1.31442e+11	8.90209e+10	4.80256e+10	0	
0	9.64326e+08	2.46246e+10	4.95428e+11	7.39766e+11	5.15244e+11	2.55189e+11	1.30389e+11	8.80996e+10	4.74693e+10	0	
0	0	0	0	0	0	0	0	0	0	0	

0	1.34168e+09	1.5778e+10	3.00222e+11	4.62901e+11	3.21517e+11	1.56558e+11	7.86979e+10	5.26217e+10	2.80399e+10	0	
0	1.33404e+09	1.59173e+10	3.02839e+11	4.66771e+11	3.23714e+11	1.57743e+11	7.94209e+10	5.31596e+10	2.83283e+10	0	
0	1.24672e+09	1.60185e+10	3.08341e+11	4.75457e+11	3.28271e+11	1.59581e+11	8.02451e+10	5.35013e+10	2.83493e+10	0	
0	1.09711e+09	1.58345e+10	3.12211e+11	4.82935e+11	3.32202e+11	1.60248e+11	7.98336e+10	5.29364e+10	2.79167e+10	0	
0	9.55431e+08	1.52597e+10	3.12427e+11	4.85885e+11	3.32006e+11	1.58137e+11	7.80218e+10	5.15651e+10	2.71456e+10	0	
0	0	0	0	0	0	0	0	0	0	0	

0	3.14704e+08	6.07829e+09	1.56174e+11	2.84154e+11	1.88535e+11	8.20898e+10	3.89065e+10	2.39764e+10	1.15731e+10	0	
0	3.13354e+08	6.13694e+09	1.57543e+11	2.86512e+11	1.89816e+11	8.27052e+10	3.92621e+10	2.42199e+10	1.16901e+10	0	
0	2.94692e+08	6.19891e+09	1.60438e+11	2.91843e+11	1.92527e+11	8.37311e+10	3.97388e+10	2.44336e+10	1.17342e+10	0	
0	2.62227e+08	6.19049e+09	1.62671e+11	2.96766e+11	1.95271e+11	8.44736e+10	3.98284e+10	2.43756e+10	1.16579e+10	0	
0	2.30991e+08	6.07727e+09	1.63715e+11	3.00182e+11	1.96707e+11	8.43645e+10	3.95109e+10	2.40959e+10	1.1492e+10	0	
0	0	0	0	0	0	0	0	0	0	0	

0	2.58829e+07	1.82499e+09	5.1925e+10	1.0041e+11	6.67521e+10	2.84753e+10	1.34317e+10	8.03841e+09	3.72969e+09	0	
0	2.607e+07	1.84427e+09	5.23823e+10	1.0124e+11	6.72044e+10	2.86872e+10	1.35538e+10	8.11943e+09	3.76664e+09	0	
0	2.58233e+07	1.87058e+09	5.33512e+10	1.03123e+11	6.81704e+10	2.90553e+10	1.37341e+10	8.20606e+09	3.79159e+09	0	
0	2.51163e+07	1.88957e+09	5.41373e+10	1.04916e+11	6.92195e+10	2.93965e+10	1.38352e+10	8.24039e+09	3.79913e+09	0	
0	2.43339e+07	1.89432e+09	5.46762e+10	1.06394e+11	7.00148e+10	2.95796e+10	1.38686e+10	8.2425e+09	3.795e+09	0	
0	0	0	0	0	0	0	0	0	0	0	

0	2.99751e+09	2.40838e+10	4.81218e+11	8.45861e+11	5.69565e+11	2.54908e+11	1.20874e+11	7.56365e+10	3.74371e+10	0	
0	2.97505e+09	2.42676e+10	4.85389e+11	8.52962e+11	5.73472e+11	2.56856e+11	1.21993e+11	7.64181e+10	3.78352e+10	0	
0	2.75683e+09	2.42903e+10	4.94114e+11	8.6884e+11	5.81472e+11	2.59677e+11	1.23021e+11	7.66561e+10	3.76593e+10	0	
0	2.38745e+09	2.36468e+10	4.9969e+11	8.81954e+11	5.87576e+11	2.59645e+11	1.21359e+11	7.49553e+10	3.64812e+10	0	
0	2.0393e+09	2.21268e+10	4.97336e+11	8.8464e+11	5.84136e+11	2.53323e+11	1.16514e+11	7.14239e+10	3.45432e+10	0	
0	0	0	0	0	0	0	0	0	0	0	

0	4.05926e+07	1.39418e+09	4.22227e+10	8.35126e+10	5.41137e+10	2.22639e+10	1.02469e+10	6.07607e+09	2.80045e+09	0	
0	4.05404e+07	1.40841e+09	4.25941e+10	8.42036e+10	5.44807e+10	2.243e+10	1.03401e+10	6.13748e+09	2.82841e+09	0	
0	3.86582e+07	1.42613e+09	4.33802e+10	8.57699e+10	5.52623e+10	2.27147e+10	1.04736e+10	6.19889e+09	2.84406e+09	0	
0	3.5271e+07	1.43396e+09	4.40082e+10	8.72485e+10	5.60942e+10	2.29602e+10	1.05325e+10	6.21026e+09	2.84054e+09	0	
0	3.19711e+07	1.42559e+09	4.4397e+10	8.84144e+10	5.66703e+10	2.30474e+10	1.05208e+10	6.18586e+09	2.82333e+09	0	
0	0	0	0	0	0	0	0	0	0	0	

0	6.53698e+08	1.99099e+10	5.19564e+11	9.9381e+11	6.66326e+11	2.87822e+11	1.36317e+11	8.19307e+10	3.82798e+10	0	
0	6.5216e+08	2.01073e+10	5.24125e+11	1.00205e+12	6.70852e+11	2.89974e+11	1.37559e+11	8.27602e+10	3.86639e+10	0	
0	6.19035e+08	2.03353e+10	5.33765e+11	1.02069e+12	6.8044e+11	2.93595e+11	1.39269e+11	8.35309e+10	3.88418e+10	0	
0	5.60397e+08	2.03801e+10	5.41262e+11	1.03798e+12	6.90275e+11	2.96393e+11	1.39775e+11	8.34883e+10	3.86895e+10	0	
0	5.04142e+08	2.01448e+10	5.4507e+11	1.05036e+12	6.95932e+11	2.96571e+11	1.39076e+11	8.28224e+10	3.83002e+10	0	
0	0	0	0	0	0	0	0	0	0	0	

0	1.5679e+08	1.05493e+10	2.91293e+11	5.62591e+11	3.77003e+11	1.62305e+11	7.70297e+10	4.6094e+10	2.13633e+10	0	
0	1.5778e+08	1.06605e+10	2.93858e+11	5.67242e+11	3.79558e+11	1.63513e+11	7.77297e+10	4.65587e+10	2.1575e+10	0	
0	1.55666e+08	1.08113e+10	2.99293e+11	5.77792e+11	3.85012e+11	1.6561e+11	7.87612e+10	4.70532e+10	2.17163e+10	0	
0	1.50439e+08	1.09176e+10	3.03695e+11	5.87828e+11	3.90924e+11	1.67541e+11	7.93302e+10	4.72418e+10	2.17547e+10	0	
0	1.44839e+08	1.09389e+10	3.06684e+11	5.96058e+11	3.95366e+11	1.68548e+11	7.94995e+10	4.72391e+10	2.17236e+10	0	
0	0	0	0	0	0	0	0	0	0	0	

0	1.09779e+09	1.3253e+10	3.60647e+11	7.28457e+11	4.70219e+11	1.89939e+11	8.48331e+10	4.94013e+10	2.2297e+10	0	
0	1.08988e+09	1.33622e+10	3.63793e+11	7.3453e+11	4.73428e+11	1.91376e+11	8.56134e+10	4.99079e+10	2.25296e+10	0	
0	1.01136e+09	1.34124e+10	3.70407e+11	7.48198e+11	4.80118e+11	1.93611e+11	8.64785e+10	5.01817e+10	2.24954e+10	0	
0	8.78159e+08	1.31625e+10	3.75095e+11	7.60269e+11	4.86164e+11	1.9445e+11	8.59329e+10	4.94863e+10	2.20013e+10	0	
0	7.52461e+08	1.25099e+10	3.75518e+11	7.664e+11	4.86941e+11	1.91967e+11	8.37754e+10	4.79091e+10	2.11611e+10	0	
0	0	0	0	0	0	0	0	0	0	0	

0	1.37946e+08	3.93403e+09	1.38506e+11	2.97771e+11	1.88729e+11	7.28382e+10	3.19181e+10	1.7925e+10	7.6933e+09	0	
0	1.37349e+08	3.97262e+09	1.39723e+11	3.00237e+11	1.9001e+11	7.33827e+10	3.22093e+10	1.81067e+10	7.77076e+09	0	
0	1.29156e+08	4.01592e+09	1.42298e+11	3.05822e+11	1.92732e+11	7.43055e+10	3.26131e+10	1.82762e+10	7.8051e+09	0	
0	1.14901e+08	4.01943e+09	1.44328e+11	3.11061e+11	1.95582e+11	7.50487e+10	3.27434e+10	1.82676e+10	7.76945e+09	0	
0	1.0118e+08	3.96219e+09	1.45472e+11	3.15048e+11	1.97402e+11	7.51747e+10	3.25987e+10	1.81206e+10	7.68233e+09	0	
0	0	0	0	0	0	0	0	0	0	0	

0	8.15177e+06	7.24215e+07	4.30764e+09	8.03705e+09	4.26659e+09	1.37619e+09	4.9344e+08	2.99742e+08	1.41766e+08	0	
0	8.08874e+06	7.29338e+07	4.34525e+09	8.10405e+09	4.29573e+09	1.38668e+09	4.98031e+08	3.02859e+08	1.43285e+08	0	
0	7.48455e+06	7.28268e+07	4.42448e+09	8.25495e+09	4.35647e+09	1.40257e+09	5.02331e+08	3.03886e+08	1.42675e+08	0	
0	6.45906e+06	7.03689e+07	4.48208e+09	8.3893e+09	4.41077e+09	1.40601e+09	4.9565e+08	2.9726e+08	1.38305e+08	0	
0	5.48151e+06	6.47673e+07	4.49316e+09	8.46102e+09	4.41443e+09	1.38038e+09	4.75697e+08	2.83241e+08	1.31e+08	0	
0	0	0	0	0	0	0	0	0	0	0	

0	6.90138e+07	6.11091e+08	2.40663e+10	4.48405e+10	2.60058e+10	9.41045e+09	3.71509e+09	2.25259e+09	1.06503e+09	0	
0	6.84647e+07	6.15303e+08	2.42753e+10	4.52162e+10	2.61841e+10	9.48249e+09	3.7496e+09	2.27598e+09	1.07649e+09	0	
0	6.33048e+07	6.13893e+08	2.47132e+10	4.60579e+10	2.65501e+10	9.58568e+09	3.7779e+09	2.27998e+09	1.06936e+09	0	
0	5.45904e+07	5.92098e+08	2.50027e+10	4.67683e+10	2.68372e+10	9.57801e+09	3.71244e+09	2.21848e+09	1.02957e+09	0	
0	4.63816e+07	5.4379e+08	2.493e+10	4.69849e+10	2.67103e+10	9.32776e+09	3.53474e+09	2.09426e+09	9.64928e+08	0	
0	0	0	0	0	0	0	0	0	0	0	

0	6.9348e+06	3.69234e+08	2.72294e+10	5.09401e+10	3.00354e+10	1.06647e+10	4.00128e+09	2.44134e+09	1.15136e+09	0	
0	6.92054e+06	3.72943e+08	2.74689e+10	5.13618e+10	3.02391e+10	1.07443e+10	4.03774e+09	2.46602e+09	1.16285e+09	0	
0	6.57807e+06	3.77461e+08	2.7976e+10	5.23173e+10	3.06729e+10	1.08805e+10	4.08955e+09	2.49061e+09	1.16941e+09	0	
0	5.96703e+06	3.79081e+08	2.83816e+10	5.32181e+10	3.11331e+10	1.0997e+10	4.11116e+09	2.49486e+09	1.16832e+09	0	
0	5.37391e+06	3.76025e+08	2.86351e+10	5.3924e+10	3.14474e+10	1.10358e+10	4.10383e+09	2.48454e+09	1.16181e+09	0	
0	0	0	0	0	0	0	0	0	0	0	

0	4.08594e+07	1.16178e+09	6.35171e+10	1.23816e+11	7.45109e+10	2.70466e+10	1.0639e+10	6.27734e+09	2.8614e+09	0	
0	4.06448e+07	1.17263e+09	6.40736e+10	1.24844e+11	7.50177e+10	2.72496e+10	1.07363e+10	6.34113e+09	2.89044e+09	0	
0	3.80694e+07	1.18315e+09	6.52481e+10	1.27167e+11	7.60864e+10	2.75837e+10	1.08628e+10	6.39351e+09	2.89891e+09	0	
0	3.36331e+07	1.17811e+09	6.61374e+10	1.29289e+11	7.71443e+10	2.78061e+10	1.08725e+10	6.36676e+09	2.87329e+09	0	
0	2.94176e+07	1.1507e+09	6.64859e+10	1.30677e+11	7.7626e+10	2.77177e+10	1.0758e+10	6.27449e+09	2.82266e+09	0	
0	0	0	0	0	0	0	0	0	0	0	

0	5.16451e+06	5.51949e+07	2.66749e+09	4.93265e+09	2.75408e+09	9.56294e+08	3.71394e+08	2.21518e+08	1.02471e+08	0	
0	5.12599e+06	5.56155e+07	2.69079e+09	4.97377e+09	2.77289e+09	9.63566e+08	3.74837e+08	2.23811e+08	1.03558e+08	0	
0	4.74933e+06	5.56694e+07	2.73986e+09	5.06638e+09	2.81211e+09	9.74722e+08	3.78332e+08	2.24798e+08	1.03266e+08	0	
0	4.10918e+06	5.41742e+07	2.77564e+09	5.14881e+09	2.84743e+09	9.77922e+08	3.74463e+08	2.2072e+08	1.0055e+08	0	
0	3.49879e+06	5.05893e+07	2.78297e+09	5.19274e+09	2.85078e+09	9.62261e+08	3.61811e+08	2.1182e+08	9.59509e+07	0	
0	0	0	0	0	0	0	0	0	0	0	

0	3.67093e+08	7.54974e+09	1.94405e+11	4.25898e+11	2.85556e+11	1.17617e+11	5.43703e+10	3.03753e+10	1.29554e+10	0	
0	3.64923e+08	7.6194e+09	1.96108e+11	4.29433e+11	2.87498e+11	1.185e+11	5.48674e+10	3.06842e+10	1.30874e+10	0	
0	3.40715e+08	7.68258e+09	1.99704e+11	4.37422e+11	2.91596e+11	1.19952e+11	5.551e+10	3.09305e+10	1.31179e+10	0	
0	2.9927e+08	7.63553e+09	2.0243e+11	4.44757e+11	2.95684e+11	1.20919e+11	5.55428e+10	3.07763e+10	1.29789e+10	0	
0	2.60009e+08	7.43261e+09	2.03519e+11	4.49708e+11	2.97653e+11	1.20536e+11	5.49253e+10	3.02865e+10	1.27148e+10	0	
0	0	0	0	0	0	0	0	0	0	0	

0	8.59182e+06	7.27339e+07	3.83859e+09	6.66293e+09	3.51113e+09	1.16231e+09	4.24004e+08	2.63097e+08	1.2743e+08	0	
0	8.52467e+06	7.32099e+07	3.87202e+09	6.71869e+09	3.53521e+09	1.17126e+09	4.27985e+08	2.65861e+08	1.28825e+08	0	
0	7.88481e+06	7.29345e+07	3.9423e+09	6.84387e+09	3.58482e+09	1.18402e+09	4.30932e+08	2.66123e+08	1.27886e+08	0	
0	6.79847e+06	6.99966e+07	3.99142e+09	6.95186e+09	3.62471e+09	1.18243e+09	4.21836e+08	2.58008e+08	1.22789e+08	0	
0	5.76227e+06	6.35167e+07	3.9915e+09	6.99401e+09	3.60999e+09	1.14891e+09	3.97857e+08	2.41603e+08	1.14431e+08	0	
0	0	0	0	0	0	0	0	0	0	0	

0	7.76778e+07	9.80367e+08	5.28011e+10	1.04567e+11	5.97719e+10	2.04376e+10	7.6772e+09	4.51374e+09	2.04915e+09	0	
0	7.70874e+07	9.87955e+08	5.3262e+10	1.05439e+11	6.01798e+10	2.05924e+10	7.74796e+09	4.56013e+09	2.07063e+09	0	
0	7.14006e+07	9.89619e+08	5.42316e+10	1.07401e+11	6.10306e+10	2.08319e+10	7.82297e+09	4.5825e+09	2.06599e+09	0	
0	6.17687e+07	9.65495e+08	5.49262e+10	1.09142e+11	6.18024e+10	2.09151e+10	7.7592e+09	4.50959e+09	2.01615e+09	0	
0	5.26802e+07	9.07117e+08	5.50231e+10	1.10062e+11	6.19127e+10	2.06293e+10	7.53508e+09	4.34901e+09	1.93221e+09	0	
0	0	0	0	0	0	0	0	0	0	0	

0	2.72248e+06	1.13591e+08	8.53518e+09	1.58919e+10	9.30228e+09	3.2747e+09	1.21633e+09	7.39642e+08	3.46495e+08	0	
0	2.71174e+06	1.14698e+08	8.61021e+09	1.60235e+10	9.36543e+09	3.29918e+09	1.22743e+09	7.47134e+08	3.4997e+08	0	
0	2.555e+06	1.15939e+08	8.76903e+09	1.63216e+10	9.49961e+09	3.34072e+09	1.24282e+09	7.54256e+08	3.51723e+08	0	
0	2.2808e+06	1.16022e+08	8.89518e+09	1.66013e+10	9.6402e+09	3.37448e+09	1.24778e+09	7.5437e+08	3.50736e+08	0	
0	2.0163e+06	1.1433e+08	8.97023e+09	1.68147e+10	9.73034e+09	3.38108e+09	1.24228e+09	7.49146e+08	3.47765e+08	0	
0	0	0	0	0	0	0	0	0	0	0	

0	2.06626e+07	6.44379e+08	2.73977e+10	5.74352e+10	3.6182e+10	1.36954e+10	5.70766e+09	3.23455e+09	1.40172e+09	0	
0	2.05565e+07	6.50423e+08	2.76378e+10	5.79121e+10	3.6428e+10	1.37981e+10	5.75982e+09	3.26741e+09	1.41594e+09	0	
0	1.92659e+07	6.56395e+08	2.81447e+10	5.89895e+10	3.69474e+10	1.39679e+10	5.8283e+09	3.2948e+09	1.42024e+09	0	
0	1.70386e+07	6.54002e+08	2.85301e+10	5.99779e+10	3.74661e+10	1.40843e+10	5.83597e+09	3.2824e+09	1.40814e+09	0	
0	1.49192e+07	6.39486e+08	2.86883e+10	6.0641e+10	3.77182e+10	1.40495e+10	5.77959e+09	3.23728e+09	1.384e+09	0	
0	0	0	0	0	0	0	0	0	0	0	

0	1.20617e+07	1.03963e+08	5.05654e+09	9.17251e+09	5.14018e+09	1.76381e+09	6.56096e+08	4.0166e+08	1.90544e+08	0	
0	1.19681e+07	1.04686e+08	5.1008e+09	9.24887e+09	5.17526e+09	1.77722e+09	6.62198e+08	4.05828e+08	1.92569e+08	0	
0	1.1073e+07	1.04486e+08	5.19416e+09	9.42107e+09	5.24861e+09	1.79783e+09	6.67992e+08	4.07397e+08	1.9198e+08	0	
0	9.55296e+06	1.00828e+08	5.26413e+09	9.57626e+09	5.31618e+09	1.80388e+09	6.59438e+08	3.99206e+08	1.86794e+08	0	
0	8.10302e+06	9.25447e+07	5.28747e+09	9.66752e+09	5.32856e+09	1.77536e+09	6.33583e+08	3.8165e+08	1.78034e+08	0	
0	0	0	0	0	0	0	0	0	0	0	

0	1.21796e+08	3.84019e+09	8.20789e+10	1.88304e+11	1.31432e+11	5.65237e+10	2.76702e+10	1.50443e+10	6.1867e+09	0	
0	1.21307e+08	3.87787e+09	8.27994e+10	1.89865e+11	1.32324e+11	5.69462e+10	2.79224e+10	1.51967e+10	6.24893e+09	0	
0	1.14278e+08	3.92035e+09	8.43228e+10	1.93396e+11	1.34217e+11	5.76591e+10	2.82703e+10	1.53371e+10	6.27545e+09	0	
0	1.02047e+08	3.92496e+09	8.55105e+10	1.9669e+11	1.3618e+11	5.82205e+10	2.83772e+10	1.53254e+10	6.24426e+09	0	
0	9.03865e+07	3.87232e+09	8.61268e+10	1.99126e+11	1.37379e+11	5.8286e+10	2.82435e+10	1.51963e+10	6.17139e+09	0	
0	0	0	0	0	0	0	0	0	0	0	

0	6.80933e+06	7.10168e+07	6.21002e+09	1.06065e+10	5.38601e+09	1.63982e+09	5.33904e+08	3.35518e+08	1.64409e+08	0	
0	6.75695e+06	7.15046e+07	6.26433e+09	1.06949e+10	5.42281e+09	1.65234e+09	5.38883e+08	3.39009e+08	1.66167e+08	0	
0	6.25348e+06	7.13568e+07	6.37882e+09	1.08941e+10	5.49952e+09	1.67126e+09	5.43389e+08	3.40128e+08	1.65533e+08	0	
0	5.39663e+06	6.88253e+07	6.46347e+09	1.10719e+10	5.5682e+09	1.67519e+09	5.3547e+08	3.32591e+08	1.6068e+08	0	
0	4.57759e+06	6.3091e+07	6.48631e+09	1.11688e+10	5.57322e+09	1.64416e+09	5.12473e+08	3.16686e+08	1.5254e+08	0	
0	0	0	0	0	0	0	0	0	0	0	

0	5.8556e+07	1.17527e+09	7.21218e+10	1.49193e+11	8.79195e+10	3.03179e+10	1.13399e+10	6.54143e+09	2.89197e+09	0	
0	5.8153e+07	1.18546e+09	7.27535e+10	1.50432e+11	8.85176e+10	3.05459e+10	1.14438e+10	6.60811e+09	2.92159e+09	0	
0	5.40515e+07	1.1927e+09	7.40866e+10	1.53232e+11	8.97784e+10	3.09176e+10	1.15732e+10	6.65726e+09	2.92607e+09	0	
0	4.70601e+07	1.1783e+09	7.50931e+10	1.55792e+11	9.10222e+10	3.11479e+10	1.15597e+10	6.61026e+09	2.88813e+09	0	
0	4.0438e+07	1.13389e+09	7.54734e+10	1.5748e+11	9.15738e+10	3.09996e+10	1.13901e+10	6.48052e+09	2.81871e+09	0	
0	0	0	0	0	0	0	0	0	0	0	

0	1.70674e+06	5.87601e+07	4.11846e+09	7.66069e+09	4.49163e+09	1.59033e+09	5.97197e+08	3.61667e+08	1.68532e+08	0	
0	1.69864e+06	5.93208e+07	4.15465e+09	7.72416e+09	4.52213e+09	1.60223e+09	6.02652e+08	3.65336e+08	1.70228e+08	0	
0	1.59439e+06	5.99106e+07	4.23124e+09	7.86788e+09	4.58688e+09	1.62232e+09	6.10089e+08	3.68708e+08	1.71006e+08	0	
0	1.4132e+06	5.98082e+07	4.29182e+09	8.00233e+09	4.65417e+09	1.63807e+09	6.1199e+08	3.68367e+08	1.70303e+08	0	
0	1.23867e+06	5.86679e+07	4.32674e+09	8.1032e+09	4.69552e+09	1.63958e+09	6.08193e+08	3.65106e+08	1.68516e+08	0	
0	0	0	0	0	0	0	0	0	0	0	

0	8.3078e+06	2.25998e+08	9.11653e+09	1.90844e+10	1.20548e+10	4.58965e+09	1.92701e+09	1.0908e+09	4.71985e+08	0	
0	8.26127e+06	2.28078e+08	9.19641e+09	1.92429e+10	1.21368e+10	4.62411e+09	1.94463e+09	1.1019e+09	4.76785e+08	0	
0	7.72579e+06	2.30012e+08	9.36499e+09	1.96009e+10	1.23098e+10	4.68079e+09	1.96743e+09	1.11085e+09	4.7805e+08	0	
0	6.80369e+06	2.28733e+08	9.49274e+09	1.99286e+10	1.24814e+10	4.71837e+09	1.96863e+09	1.10567e+09	4.73434e+08	0	
0	5.92609e+06	2.22846e+08	9.54311e+09	2.01455e+10	1.25612e+10	4.70294e+09	1.94681e+09	1.08871e+09	4.64487e+08	0	
0	0	0	0	0	0	0	0	0	0	0	

0	5.7294e+06	5.62547e+07	3.15144e+09	5.72358e+09	3.22395e+09	1.10196e+09	4.04569e+08	2.46975e+08	1.16545e+08	0	
0	5.68581e+06	5.66734e+07	3.17907e+09	5.77114e+09	3.24591e+09	1.1103e+09	4.08311e+08	2.49519e+08	1.17762e+08	0	
0	5.2643e+06	5.66963e+07	3.23742e+09	5.87858e+09	3.29209e+09	1.12356e+09	4.12376e+08	2.50938e+08	1.1771e+08	0	
0	4.54746e+06	5.50841e+07	3.28208e+09	5.97678e+09	3.33671e+09	1.12993e+09	4.093e+08	2.4753e+08	1.15459e+08	0	
0	3.863e+06	5.12606e+07	3.30126e+09	6.04069e+09	3.35273e+09	1.11897e+09	3.97836e+08	2.39638e+08	1.11514e+08	0	
0	0	0	0	0	0	0	0	0	0	0	

0	3.41392e+07	4.00455e+08	1.36802e+10	2.79875e+10	1.74551e+10	6.64134e+09	2.77187e+09	1.60739e+09	7.15057e+08	0	
0	3.38803e+07	4.03592e+08	1.37998e+10	2.82205e+10	1.75741e+10	6.69153e+09	2.79738e+09	1.62387e+09	7.22497e+08	0	
0	3.13835e+07	4.04454e+08	1.40519e+10	2.87456e+10	1.78233e+10	6.77054e+09	2.82559e+09	1.63302e+09	7.21798e+08	0	
0	2.71536e+07	3.95103e+08	1.42373e+10	2.92177e+10	1.80568e+10	6.80528e+09	2.80743e+09	1.61122e+09	7.07109e+08	0	
0	2.31615e+07	3.72147e+08	1.42859e+10	2.94935e+10	1.81183e+10	6.73227e+09	2.73625e+09	1.56133e+09	6.81912e+08	0	
0	0	0	0	0	0	0	0	0	0	0	

0	4.86248e+06	6.84211e+07	7.54813e+09	1.30654e+10	6.76557e+09	2.05796e+09	6.50469e+08	4.08544e+08	1.99583e+08	0	
0	4.82655e+06	6.89355e+07	7.6143e+09	1.3174e+10	6.81169e+09	2.07354e+09	6.56489e+08	4.12754e+08	2.01667e+08	0	
0	4.47361e+06	6.9018e+07	7.75399e+09	1.34193e+10	6.90858e+09	2.09828e+09	6.63054e+08	4.15124e+08	2.01596e+08	0	
0	3.86998e+06	6.72089e+07	7.86037e+09	1.36428e+10	7.00142e+09	2.10985e+09	6.58204e+08	4.09561e+08	1.97791e+08	0	
0	3.29071e+06	6.28035e+07	7.90354e+09	1.37847e+10	7.03204e+09	2.08846e+09	6.39952e+08	3.96639e+08	1.9111e+08	0	
0	0	0	0	0	0	0	0	0	0	0	

0	3.7977e+07	6.85545e+08	5.0603e+10	1.00383e+11	5.73242e+10	1.90315e+10	6.69322e+09	3.96028e+09	1.80449e+09	0	
0	3.77037e+07	6.91082e+08	5.10458e+10	1.01218e+11	5.77147e+10	1.91752e+10	6.75476e+09	4.00082e+09	1.82317e+09	0	
0	3.49941e+07	6.93748e+08	5.19793e+10	1.03102e+11	5.85346e+10	1.94046e+10	6.82638e+09	4.0264e+09	1.82336e+09	0	
0	3.03686e+07	6.81061e+08	5.26728e+10	1.04806e+11	5.93186e+10	1.95225e+10	6.79731e+09	3.9832e+09	1.792e+09	0	
0	2.59742e+07	6.47336e+08	5.28841e+10	1.05848e+11	5.95808e+10	1.93603e+10	6.65485e+09	3.87875e+09	1.73703e+09	0	
0	0	0	0	0	0	0	0	0	0	0	

0	3.25162e+06	6.56883e+07	7.44242e+09	1.29325e+10	6.89395e+09	2.16542e+09	7.00059e+08	4.3862e+08	2.13378e+08	0	
0	3.22993e+06	6.62301e+07	7.50775e+09	1.30399e+10	6.94087e+09	2.18175e+09	7.06505e+08	4.43109e+08	2.1557e+08	0	
0	3.00438e+06	6.65564e+07	7.64579e+09	1.32827e+10	7.03991e+09	2.20841e+09	7.14361e+08	4.46399e+08	2.16015e+08	0	
0	2.61416e+06	6.55133e+07	7.75267e+09	1.35063e+10	7.13829e+09	2.22484e+09	7.12656e+08	4.43095e+08	2.13502e+08	0	
0	2.23627e+06	6.25165e+07	7.80394e+09	1.3659e+10	7.18339e+09	2.21356e+09	7.00167e+08	4.3398e+08	2.08745e+08	0	
0	0	0	0	0	0	0	0	0	0	0	

0	3.72263e+07	8.53715e+08	5.66301e+10	1.12045e+11	6.57767e+10	2.27147e+10	8.31858e+09	4.89869e+09	2.21915e+09	0	
0	3.69843e+07	8.60967e+08	5.71259e+10	1.12977e+11	6.62246e+10	2.28858e+10	8.39494e+09	4.94871e+09	2.24196e+09	0	
0	3.44451e+07	8.66168e+08	5.81716e+10	1.1508e+11	6.71667e+10	2.31627e+10	8.48819e+09	4.98421e+09	2.24481e+09	0	
0	3.00695e+07	8.55596e+08	5.89544e+10	1.1699e+11	6.80802e+10	2.33222e+10	8.47028e+09	4.94427e+09	2.2139e+09	0	
0	2.58832e+07	8.22708e+08	5.92197e+10	1.1819e+11	6.8431e+10	2.3177e+10	8.32963e+09	4.83874e+09	2.1579e+09	0	
0	0	0	0	0	0	0	0	0	0	0	

0	5.9968e+06	1.26054e+08	1.04411e+10	1.8415e+10	1.03405e+10	3.49549e+09	1.23201e+09	7.63458e+08	3.66143e+08	0	
0	5.95883e+06	1.27145e+08	1.05328e+10	1.85679e+10	1.04109e+10	3.52177e+09	1.24332e+09	7.71245e+08	3.69874e+08	0	
0	5.55168e+06	1.27974e+08	1.07266e+10	1.89135e+10	1.05596e+10	3.56525e+09	1.25773e+09	7.77524e+08	3.71022e+08	0	
0	4.84667e+06	1.26539e+08	1.08781e+10	1.92338e+10	1.071e+10	3.59496e+09	1.25736e+09	7.73766e+08	3.6786e+08	0	
0	4.16437e+06	1.21839e+08	1.09568e+10	1.94609e+10	1.07884e+10	3.58517e+09	1.24077e+09	7.61456e+08	3.61466e+08	0	
0	0	0	0	0	0	0	0	0	0	0	

0	6.25673e+07	1.46347e+09	7.63811e+10	1.52348e+11	9.26392e+10	3.36942e+10	1.31495e+10	7.66604e+09	3.43008e+09	0	
0	6.21778e+07	1.47621e+09	7.705e+10	1.53615e+11	9.32698e+10	3.39479e+10	1.327e+10	7.74422e+09	3.4652e+09	0	
0	5.79845e+07	1.4863e+09	7.84611e+10	1.56474e+11	9.45973e+10	3.43603e+10	1.34202e+10	7.8024e+09	3.47146e+09	0	
0	5.07472e+07	1.47139e+09	7.95215e+10	1.59076e+11	9.58932e+10	3.46097e+10	1.3404e+10	7.7492e+09	3.42919e+09	0	
0	4.38206e+07	1.42091e+09	7.99001e+10	1.60733e+11	9.6421e+10	3.44272e+10	1.32059e+10	7.6004e+09	3.35094e+09	0	
0	0	0	0	0	0	0	0	0	0	0	

0	7.60341e+06	9.71085e+07	6.67001e+09	1.17526e+10	6.57685e+09	2.22374e+09	7.91357e+08	4.87875e+08	2.33039e+08	0	
0	7.54931e+06	9.78689e+07	6.72856e+09	1.18502e+10	6.62163e+09	2.24052e+09	7.98657e+08	4.92877e+08	2.35442e+08	0	
0	7.00683e+06	9.816e+07	6.85229e+09	1.20709e+10	6.71607e+09	2.26777e+09	8.07253e+08	4.96318e+08	2.35814e+08	0	
0	6.07299e+06	9.60828e+07	6.94814e+09	1.2274e+10	6.80947e+09	2.28377e+09	8.04042e+08	4.91855e+08	2.32726e+08	0	
0	5.17156e+06	9.06899e+07	6.99439e+09	1.24121e+10	6.85078e+09	2.26983e+09	7.87309e+08	4.8031e+08	2.27005e+08	0	
0	0	0	0	0	0	0	0	0	0	0	

0	7.09843e+07	1.05261e+09	4.899e+10	9.73448e+10	5.89511e+10	2.13946e+10	8.34104e+09	4.87267e+09	2.18664e+09	0	
0	7.0481e+07	1.06102e+09	4.94187e+10	9.81548e+10	5.93528e+10	2.15561e+10	8.41778e+09	4.92254e+09	2.20924e+09	0	
0	6.54531e+07	1.06512e+09	5.03227e+10	9.99819e+10	6.01961e+10	2.18144e+10	8.50726e+09	4.95469e+09	2.21031e+09	0	
0	5.6823e+07	1.0457e+09	5.09959e+10	1.01633e+11	6.10018e+10	2.19487e+10	8.4717e+09	4.90382e+09	2.17474e+09	0	
0	4.85791e+07	9.93718e+08	5.12078e+10	1.02638e+11	6.12693e+10	2.17703e+10	8.29541e+09	4.77928e+09	2.1118e+09	0	
0	0	0	0	0	0	0	0	0	0	0	

0	5.66181e+06	7.26624e+07	4.91015e+09	8.65236e+09	4.83116e+09	1.62818e+09	5.77602e+08	3.55309e+08	1.69443e+08	0	
0	5.62212e+06	7.322e+07	4.95325e+09	8.72427e+09	4.86406e+09	1.64048e+09	5.82939e+08	3.58957e+08	1.71196e+08	0	
0	5.22084e+06	7.34081e+07	5.04431e+09	8.88673e+09	4.93342e+09	1.66037e+09	5.89109e+08	3.61374e+08	1.71415e+08	0	
0	4.52598e+06	7.17697e+07	5.11472e+09	9.03597e+09	5.00159e+09	1.67157e+09	5.8628e+08	3.57803e+08	1.69013e+08	0	
0	3.85132e+06	6.75614e+07	5.14804e+09	9.1363e+09	5.0303e+09	1.66e+09	5.73071e+08	3.48819e+08	1.64611e+08	0	
0	0	0	0	0	0	0	0	0	0	0	

0	5.44526e+07	7.96264e+08	3.63337e+10	7.21429e+10	4.36165e+10	1.57937e+10	6.13773e+09	3.58358e+09	1.60786e+09	0	
0	5.40723e+07	8.02491e+08	3.66517e+10	7.27433e+10	4.39138e+10	1.59131e+10	6.19426e+09	3.6203e+09	1.62452e+09	0	
0	5.02428e+07	8.05273e+08	3.7322e+10	7.40976e+10	4.45375e+10	1.61032e+10	6.25909e+09	3.64311e+09	1.62484e+09	0	
0	4.36291e+07	7.89701e+08	3.78198e+10	7.53192e+10	4.51297e+10	1.61976e+10	6.22827e+09	3.60272e+09	1.59728e+09	0	
0	3.72724e+07	7.48556e+08	3.79708e+10	7.60519e+10	4.5313e+10	1.60537e+10	6.08917e+09	3.50587e+09	1.54887e+09	0	
0	0	0	0	0	0	0	0	0	0	0	

0	4.83439e+06	6.08027e+07	3.96323e+09	6.97948e+09	3.89725e+09	1.31455e+09	4.67292e+08	2.86986e+08	1.36729e+08	0	
0	4.80094e+06	6.12615e+07	3.99801e+09	7.03749e+09	3.9238e+09	1.32449e+09	4.71614e+08	2.89936e+08	1.38147e+08	0	
0	4.46024e+06	6.14002e+07	4.07151e+09	7.16856e+09	3.97973e+09	1.34051e+09	4.76538e+08	2.91829e+08	1.38288e+08	0	
0	3.8673e+06	5.99758e+07	4.12824e+09	7.28879e+09	4.03444e+09	1.34922e+09	4.73927e+08	2.88728e+08	1.36243e+08	0	
0	3.28874e+06	5.63421e+07	4.15466e+09	7.36883e+09	4.05653e+09	1.33898e+09	4.62579e+08	2.81085e+08	1.32526e+08	0	
0	0	0	0	0	0	0	0	0	0	0	

0	4.50809e+07	6.51434e+08	2.93587e+10	5.81794e+10	3.51216e+10	1.26951e+10	4.91781e+09	2.87289e+09	1.29044e+09	0	
0	4.47694e+07	6.56446e+08	2.96156e+10	5.86638e+10	3.53611e+10	1.27912e+10	4.96316e+09	2.90236e+09	1.30384e+09	0	
0	4.16146e+07	6.58533e+08	3.01571e+10	5.9756e+10	3.58632e+10	1.29436e+10	5.01446e+09	2.92011e+09	1.3038e+09	0	
0	3.61419e+07	6.45274e+08	3.05585e+10	6.07397e+10	3.63375e+10	1.30165e+10	4.98683e+09	2.88583e+09	1.28077e+09	0	
0	3.0859e+07	6.10528e+08	3.06765e+10	6.13228e+10	3.64757e+10	1.2893e+10	4.86946e+09	2.80483e+09	1.24054e+09	0	
0	0	0	0	0	0	0	0	0	0	0	

0	4.51625e+06	5.58917e+07	3.53701e+09	6.22187e+09	3.4761e+09	1.17438e+09	4.18455e+08	2.56802e+08	1.22333e+08	0	
0	4.48537e+06	5.63089e+07	3.56805e+09	6.27361e+09	3.49979e+09	1.18327e+09	4.22329e+08	2.59444e+08	1.23604e+08	0	
0	4.16873e+06	5.64274e+07	3.63363e+09	6.39046e+09	3.54967e+09	1.19755e+09	4.26699e+08	2.61104e+08	1.2371e+08	0	
0	3.61534e+06	5.50924e+07	3.68421e+09	6.49754e+09	3.59831e+09	1.20514e+09	4.24174e+08	2.58203e+08	1.21818e+08	0	
0	3.07324e+06	5.16942e+07	3.70751e+09	6.56837e+09	3.61738e+09	1.19547e+09	4.13628e+08	2.51139e+08	1.18397e+08	0	
0	0	0	0	0	0	0	0	0	0	0	

0	4.11326e+07	5.88822e+08	2.62115e+10	5.18319e+10	3.12679e+10	1.12967e+10	4.36895e+09	2.55427e+09	1.1489e+09	0	
0	4.08515e+07	5.93301e+08	2.64409e+10	5.22635e+10	3.14811e+10	1.13822e+10	4.40927e+09	2.58049e+09	1.16085e+09	0	
0	3.79871e+07	5.95098e+08	2.69243e+10	5.32367e+10	3.1928e+10	1.15176e+10	4.45448e+09	2.59596e+09	1.16063e+09	0	
0	3.29991e+07	5.82862e+08	2.72821e+10	5.41122e+10	3.23488e+10	1.15808e+10	4.42821e+09	2.56436e+09	1.1396e+09	0	
0	2.81662e+07	5.50891e+08	2.73851e+10	5.46271e+10	3.24664e+10	1.14663e+10	4.32045e+09	2.49037e+09	1.10297e+09	0	
0	0	0	0	0	0	0	0	0	0	0	

0	4.4149e+06	5.39854e+07	3.33958e+09	5.8651e+09	3.2789e+09	1.10969e+09	3.96205e+08	2.43139e+08	1.15892e+08	0	
0	4.38504e+06	5.43854e+07	3.36889e+09	5.91387e+09	3.30125e+09	1.1181e+09	3.99876e+08	2.45643e+08	1.17097e+08	0	
0	4.07694e+06	5.44958e+07	3.43081e+09	6.02404e+09	3.3483e+09	1.13158e+09	4.0399e+08	2.47193e+08	1.17185e+08	0	
0	3.53658e+06	5.31947e+07	3.47854e+09	6.12492e+09	3.39407e+09	1.13864e+09	4.01484e+08	2.44369e+08	1.15355e+08	0	
0	3.00548e+06	4.98818e+07	3.50036e+09	6.19136e+09	3.41167e+09	1.12917e+09	3.91262e+08	2.37542e+08	1.12054e+08	0	
0	0	0	0	0	0	0	0	0	0	0	

0	3.99195e+07	5.69287e+08	2.51699e+10	4.96683e+10	2.9947e+10	1.08161e+10	4.17695e+09	2.44437e+09	1.10111e+09	0	
0	3.96493e+07	5.73586e+08	2.53901e+10	5.0082e+10	3.01513e+10	1.0898e+10	4.21551e+09	2.46947e+09	1.11257e+09	0	
0	3.68814e+07	5.75284e+08	2.58542e+10	5.10146e+10	3.05793e+10	1.10276e+10	4.25852e+09	2.4841e+09	1.11226e+09	0	
0	3.20466e+07	5.63349e+08	2.61976e+10	5.1853e+10	3.09814e+10	1.10871e+10	4.23241e+09	2.45321e+09	1.0918e+09	0	
0	2.73483e+07	5.3216e+08	2.62951e+10	5.23437e+10	3.10908e+10	1.09748e+10	4.12737e+09	2.38126e+09	1.05622e+09	0	
0	0	0	0	0	0	0	0	0	0	0	

0	4.48701e+06	5.44215e+07	3.31249e+09	5.80845e+09	3.24905e+09	1.10121e+09	3.93761e+08	2.417e+08	1.15292e+08	0	
0	4.45692e+06	5.48227e+07	3.34156e+09	5.85676e+09	3.2712e+09	1.10956e+09	3.97411e+08	2.44189e+08	1.16492e+08	0	
0	4.14495e+06	5.49324e+07	3.40298e+09	5.96586e+09	3.31782e+09	1.12293e+09	4.01485e+08	2.45718e+08	1.16572e+08	0	
0	3.59631e+06	5.36158e+07	3.4503e+09	6.06573e+09	3.36311e+09	1.12986e+09	3.98923e+08	2.42861e+08	1.14727e+08	0	
0	3.05571e+06	5.02598e+07	3.47183e+09	6.13133e+09	3.3803e+09	1.12026e+09	3.88614e+08	2.35986e+08	1.11406e+08	0	
0	0	0	0	0	0	0	0	0	0	0	

0	4.07467e+07	5.78706e+08	2.53922e+10	5.00262e+10	3.01613e+10	1.08973e+10	4.20684e+09	2.46361e+09	1.111e+09	0	
0	4.0473e+07	5.83055e+08	2.56144e+10	5.04429e+10	3.0367e+10	1.09799e+10	4.2457e+09	2.48892e+09	1.12258e+09	0	
0	3.76576e+07	5.84768e+08	2.60826e+10	5.13823e+10	3.0798e+10	1.11103e+10	4.28889e+09	2.50356e+09	1.1222e+09	0	
0	3.27281e+07	5.72597e+08	2.64288e+10	5.22264e+10	3.12025e+10	1.11696e+10	4.262e+09	2.47203e+09	1.10137e+09	0	
0	2.79273e+07	5.40755e+08	2.65263e+10	5.2719e+10	3.13107e+10	1.10549e+10	4.15498e+09	2.39882e+09	1.06519e+09	0	
0	0	0	0	0	0	0	0	0	0	0	

0	4.76566e+06	5.75903e+07	3.47679e+09	6.09054e+09	3.40792e+09	1.15601e+09	4.13654e+08	2.53971e+08	1.21208e+08	0	
0	4.73386e+06	5.80138e+07	3.50731e+09	6.1412e+09	3.43115e+09	1.16477e+09	4.1749e+08	2.56588e+08	1.2247e+08	0	
0	4.40325e+06	5.81297e+07	3.57177e+09	6.25561e+09	3.48005e+09	1.17881e+09	4.21763e+08	2.58187e+08	1.2255e+08	0	
0	3.82092e+06	5.67356e+07	3.62143e+09	6.36031e+09	3.52753e+09	1.18604e+09	4.19037e+08	2.55163e+08	1.20599e+08	0	
0	3.24628e+06	5.31783e+07	3.64398e+09	6.42899e+09	3.54543e+09	1.17587e+09	4.08135e+08	2.47896e+08	1.1709e+08	0	
0	0	0	0	0	0	0	0	0	0	0	

0	4.33523e+07	6.14362e+08	2.68271e+10	5.27997e+10	3.18354e+10	1.15063e+10	4.44177e+09	2.60233e+09	1.17434e+09	0	
0	4.30626e+07	6.18968e+08	2.70618e+10	5.32396e+10	3.20526e+10	1.15935e+10	4.48281e+09	2.62907e+09	1.18658e+09	0	
0	4.00735e+07	6.20785e+08	2.75565e+10	5.4231e+10	3.25075e+10	1.17312e+10	4.52835e+09	2.64448e+09	1.18615e+09	0	
0	3.48328e+07	6.0786e+08	2.79222e+10	5.51218e+10	3.29342e+10	1.17935e+10	4.49966e+09	2.61099e+09	1.16404e+09	0	
0	2.97221e+07	5.74005e+08	2.80248e+10	5.56409e+10	3.30474e+10	1.16715e+10	4.38605e+09	2.5333e+09	1.12565e+09	0	
0	0	0	0	0	0	0	0	0	0	0	

0	5.14679e+06	6.20911e+07	3.7314e+09	6.53231e+09	3.65579e+09	1.2407e+09	4.44128e+08	2.7273e+08	1.30204e+08	0	
0	5.11257e+06	6.2547e+07	3.76415e+09	6.58664e+09	3.68071e+09	1.25011e+09	4.48247e+08	2.7554e+08	1.3156e+08	0	
0	4.75604e+06	6.26722e+07	3.83333e+09	6.70935e+09	3.73317e+09	1.26517e+09	4.52831e+08	2.77255e+08	1.31645e+08	0	
0	4.1274e+06	6.11696e+07	3.88662e+09	6.82163e+09	3.78408e+09	1.27291e+09	4.49885e+08	2.73994e+08	1.29542e+08	0	
0	3.5065e+06	5.7332e+07	3.91079e+09	6.89524e+09	3.80322e+09	1.26194e+09	4.38141e+08	2.66167e+08	1.25763e+08	0	
0	0	0	0	0	0	0	0	0	0	0	

0	4.74957e+07	6.72885e+08	2.93263e+10	5.76991e+10	3.47901e+10	1.25755e+10	4.85433e+09	2.84434e+09	1.28374e+09	0	
0	4.7179e+07	6.77925e+08	2.95828e+10	5.81798e+10	3.50274e+10	1.26708e+10	4.89918e+09	2.87357e+09	1.29712e+09	0	
0	4.39074e+07	6.79915e+08	3.01236e+10	5.92632e+10	3.55245e+10	1.28213e+10	4.94893e+09	2.89039e+09	1.29665e+09	0	
0	3.81677e+07	6.65761e+08	3.05233e+10	6.02366e+10	3.59907e+10	1.28893e+10	4.91744e+09	2.85369e+09	1.27243e+09	0	
0	3.25673e+07	6.28663e+08	3.06353e+10	6.08035e+10	3.6114e+10	1.27556e+10	4.79302e+09	2.76863e+09	1.23041e+09	0	
0	0	0	0	0	0	0	0	0	0	0	

0	5.62768e+06	6.78665e+07	4.07007e+09	7.12289e+09	3.98665e+09	1.35329e+09	4.845e+08	2.97546e+08	1.42071e+08	0	
0	5.59033e+06	6.83645e+07	4.10579e+09	7.18213e+09	4.01383e+09	1.36355e+09	4.88994e+08	3.00612e+08	1.43551e+08	0	
0	5.20078e+06	6.85017e+07	4.18126e+09	7.31594e+09	4.07103e+09	1.37998e+09	4.93993e+08	3.0248e+08	1.43642e+08	0	
0	4.51358e+06	6.686e+07	4.23938e+09	7.43837e+09	4.12654e+09	1.38841e+09	4.90771e+08	2.98917e+08	1.41345e+08	0	
0	3.83449e+06	6.26651e+07	4.26573e+09	7.5186e+09	4.14739e+09	1.37642e+09	4.77941e+08	2.90368e+08	1.37217e+08	0	
0	0	0	0	0	0	0	0	0	0	0	

0	4.50455e+07	6.33003e+08	2.71954e+10	5.33684e+10	3.21944e+10	1.16546e+10	4.50195e+09	2.64109e+09	1.19427e+09	0	
0	4.4749e+07	6.3772e+08	2.74333e+10	5.38131e+10	3.2414e+10	1.17429e+10	4.54357e+09	2.66824e+09	1.20673e+09	0	
0	4.16636e+07	6.39608e+08	2.79348e+10	5.48153e+10	3.28741e+10	1.18824e+10	4.58961e+09	2.68376e+09	1.20623e+09	0	
0	3.62314e+07	6.26336e+08	2.83053e+10	5.57154e+10	3.3305e+10	1.19448e+10	4.55987e+09	2.64934e+09	1.18354e+09	0	
0	3.09134e+07	5.91408e+08	2.84083e+10	5.62381e+10	3.34172e+10	1.18195e+10	4.44339e+09	2.56974e+09	1.14419e+09	0	
0	0	0	0	0	0	0	0	0	0	0	

0	6.19898e+06	7.47804e+07	4.48204e+09	7.84327e+09	4.38992e+09	1.49024e+09	5.33539e+08	3.27657e+08	1.56446e+08	0	
0	6.15787e+06	7.5329e+07	4.52138e+09	7.90851e+09	4.41985e+09	1.50154e+09	5.38487e+08	3.31033e+08	1.58076e+08	0	
0	5.72891e+06	7.54803e+07	4.60448e+09	8.05584e+09	4.48284e+09	1.51963e+09	5.43992e+08	3.33091e+08	1.58176e+08	0	
0	4.97202e+06	7.36718e+07	4.66849e+09	8.19066e+09	4.54396e+09	1.52892e+09	5.4044e+08	3.29164e+08	1.55645e+08	0	
0	4.22392e+06	6.90495e+07	4.6975e+09	8.27899e+09	4.5669e+09	1.5157e+09	5.26304e+08	3.19746e+08	1.51098e+08	0	
0	0	0	0	0	0	0	0	0	0	0	

0	5.00518e+07	7.0397e+08	3.02522e+10	5.93757e+10	3.58172e+10	1.29649e+10	5.00779e+09	2.93749e+09	1.32806e+09	0	
0	4.97224e+07	7.09217e+08	3.05169e+10	5.98704e+10	3.60616e+10	1.30632e+10	5.05408e+09	2.96768e+09	1.34191e+09	0	
0	4.62943e+07	7.11317e+08	3.10747e+10	6.09855e+10	3.65734e+10	1.32183e+10	5.10529e+09	2.98495e+09	1.34136e+09	0	
0	4.02583e+07	6.96559e+08	3.14869e+10	6.19868e+10	3.70528e+10	1.32878e+10	5.07222e+09	2.94666e+09	1.31612e+09	0	
0	3.43493e+07	6.57717e+08	3.16015e+10	6.25684e+10	3.71777e+10	1.31483e+10	4.94265e+09	2.85813e+09	1.27237e+09	0	
0	0	0	0	0	0	0	0	0	0	0	


0	13.3173	13.8	8.0681	-3.37653	-15.5603	-20.7966	-21.7154	-20.8529	-18.7725	0	
0	12.4936	13.3142	7.92623	-3.23535	-15.0185	-19.6576	-20.0723	-18.8947	-16.5178	0	
0	10.7319	12.1379	7.64826	-2.66706	-13.6599	-17.4945	-17.3636	-16.4086	-14.653	0	
0	8.93665	10.1394	6.19588	-2.72961	-12.2453	-15.5126	-15.571	-14.9168	-13.5471	0	
0	8.1669	8.80299	4.73702	-2.93753	-11.1062	-14.2182	-14.6923	-14.4343	-13.3673	0	
0	0	0	0	0	0	0	0	0	0	0	

0	-188.681	-151.787	-30.2118	-11.6203	2.05846	19.1796	36.0573	62.4496	117.133	0	
0	-191.926	-152.325	-30.1823	-11.4178	2.52595	20.2108	37.4688	63.8641	118.588	0	
0	-204.568	-156.317	-30.16	-10.6857	3.87107	22.4532	39.713	64.6799	117.895	0	
0	-211.492	-162.703	-31.0568	-10.3929	5.40366	24.2733	39.8152	62.0788	113.264	0	
0	-201.161	-165.546	-31.2264	-10.0572	6.25908	24.2108	36.7316	55.5376	104.658	0	
0	0	0	0	0	0	0	0	0	0	0	

0	-182.851	-100.174	-12.7968	-7.60679	-6.28652	0.915343	9.40064	24.7026	57.4955	0	
0	-185.896	-100.517	-12.8418	-7.43486	-5.78302	2.00015	10.9244	26.3751	59.3514	0	
0	-197.587	-102.809	-12.9443	-6.78268	-4.43689	4.16386	13.2291	27.6238	59.033	0	
0	-203.147	-105.436	-14.023	-6.65187	-3.01508	5.7875	13.4537	25.7733	54.7419	0	
0	-191.866	-103.091	-14.4833	-6.53038	-2.21542	5.65296	10.9306	20.5911	46.7504	0	
0	0	0	0	0	0	0	0	0	0	0	

0	-189.605	-153.122	-29.6572	-11.4679	1.87648	19.1446	35.7333	62.0263	116.657	0	
0	-192.821	-153.617	-29.6233	-11.2667	2.34341	20.1724	37.1448	63.4503	118.127	0	
0	-205.473	-157.502	-29.5931	-10.5421	3.67595	22.4002	39.4081	64.3309	117.501	0	
0	-212.503	-163.873	-30.5115	-10.2734	5.18985	24.2323	39.5693	61.828	112.963	0	
0	-202.445	-166.924	-30.7416	-9.96706	6.0527	24.2309	36.5971	55.3707	104.366	0	
0	0	0	0	0	0	0	0	0	0	0	

0	-162.615	-43.4145	-0.626649	-5.07809	-11.7518	-11.7254	-8.90379	-2.10248	12.6447	0	
0	-165.036	-43.7284	-0.72663	-4.92472	-11.2257	-10.608	-7.30807	-0.257379	14.7528	0	
0	-173.816	-45.0274	-0.927284	-4.32307	-9.87443	-8.45674	-4.80457	1.63453	15.5026	0	
0	-175.485	-46.1699	-2.20639	-4.30661	-8.47145	-6.69442	-3.8214	1.46567	13.7885	0	
0	-162	-43.6437	-3.17593	-4.37198	-7.51534	-6.16166	-4.62406	-0.79757	9.83305	0	
0	0	0	0	0	0	0	0	0	0	0	

0	-177.61	-82.0459	-9.68009	-7.13394	-7.45227	-2.32461	4.2017	16.2801	41.8401	0	
0	-180.493	-82.3644	-9.73927	-6.96552	-6.94383	-1.23097	5.74634	18.0074	43.7881	0	
0	-191.408	-84.2577	-9.86655	-6.32272	-5.59642	0.926618	8.09322	19.4256	43.7625	0	
0	-195.868	-86.1341	-10.9899	-6.21235	-4.18158	2.5634	8.47539	18.0005	40.1512	0	
0	-183.859	-83.1625	-11.5535	-6.12247	-3.3622	2.54287	6.33679	13.581	33.2732	0	
0	0	0	0	0	0	0	0	0	0	0	

0	-183.184	-106.837	-15.1412	-8.16889	-5.15301	3.37474	12.8677	29.4091	64.3264	0	
0	-186.245	-107.2	-15.1761	-7.99276	-4.65427	4.45287	14.3774	31.0503	66.14	0	
0	-198.007	-109.683	-15.2611	-7.32936	-3.3084	6.62335	16.6583	32.2138	65.7162	0	
0	-203.658	-112.674	-16.3076	-7.17443	-1.8768	8.24542	16.7975	30.1608	61.1964	0	
0	-192.428	-110.698	-16.696	-7.01678	-1.0917	8.04277	14.0555	24.6121	52.822	0	
0	0	0	0	0	0	0	0	0	0	0	

0	-177.853	-74.6877	-6.32196	-6.23628	-9.24039	-5.69615	-0.1523	10.9499	35.0464	0	
0	-180.712	-74.9892	-6.39481	-6.07448	-8.72477	-4.59429	1.40988	12.7144	37.0385	0	
0	-191.594	-76.718	-6.54672	-5.45051	-7.378	-2.44183	3.8106	14.2776	37.1959	0	
0	-196.061	-78.3862	-7.7297	-5.38429	-5.972	-0.763378	4.38665	13.2077	33.9974	0	
0	-184.158	-75.408	-8.44526	-5.36454	-5.10003	-0.594821	2.6717	9.37267	27.7144	0	
0	0	0	0	0	0	0	0	0	0	0	

0	-183.132	-98.4459	-11.6889	-7.34154	-6.83547	-0.0461906	8.0986	23.0781	55.3227	0	
0	-186.159	-98.7756	-11.7371	-7.1716	-6.33	1.0405	9.62794	24.7644	57.1978	0	
0	-197.841	-101.003	-11.8456	-6.52594	-4.98619	3.20069	11.9532	26.0699	56.948	0	
0	-203.429	-103.566	-12.947	-6.41211	-3.56944	4.83934	12.2431	24.3369	52.7858	0	
0	-192.261	-101.219	-13.4645	-6.31589	-2.75272	4.76574	9.85086	19.3209	44.9364	0	
0	0	0	0	0	0	0	0	0	0	0	

0	-160.755	-40.4587	-0.114722	-4.94334	-12.0706	-12.3692	-9.68226	-3.03556	11.3643	0	
0	-163.146	-40.7829	-0.217787	-4.79094	-11.543	-11.2499	-8.0838	-1.1859	13.4764	0	
0	-171.733	-42.0649	-0.423839	-4.19158	-10.1902	-9.09822	-5.57398	0.723083	14.2523	0	
0	-173.116	-43.1729	-1.70936	-4.17967	-8.78671	-7.32955	-4.56072	0.611157	12.6165	0	
0	-159.433	-40.6795	-2.69481	-4.25343	-7.82191	-6.76476	-5.28923	-1.54047	8.80304	0	
0	0	0	0	0	0	0	0	0	0	0	

0	-29.7314	10.1408	7.61166	-3.45965	-15.3649	-20.3287	-21.0672	-19.8979	-17.1409	0	
0	-30.3588	9.67261	7.47209	-3.31788	-14.8239	-19.1908	-19.4265	-17.9452	-14.8931	0	
0	-31.2053	8.5135	7.19841	-2.74799	-13.4658	-17.0287	-16.729	-15.4916	-13.0924	0	
0	-28.8988	6.6253	5.75544	-2.80673	-12.0524	-15.0598	-14.9813	-14.092	-12.15	0	
0	-23.1826	5.61097	4.32356	-3.00755	-10.9234	-13.8082	-14.194	-13.7598	-12.2051	0	
0	0	0	0	0	0	0	0	0	0	0	

0	-132.495	-17.2614	2.86794	-4.51228	-13.1194	-15.4376	-14.4939	-10.7636	-2.66824	0	
0	-134.199	-17.6329	2.7509	-4.36299	-12.5875	-14.311	-12.8774	-8.86633	-0.487218	0	
0	-139.615	-18.7752	2.51917	-3.77217	-11.2332	-12.1569	-10.2942	-6.72125	0.760222	0	
0	-137.448	-20.019	1.17565	-3.78038	-9.82814	-10.3209	-8.99376	-6.18153	0.309201	0	
0	-122.897	-18.7842	0.0286684	-3.88955	-8.81623	-9.51341	-9.11781	-7.24761	-1.74944	0	
0	0	0	0	0	0	0	0	0	0	0	

0	-164.808	-50.7344	-3.12129	-5.75186	-10.4164	-9.16106	-5.62186	1.99101	18.1834	0	
0	-167.314	-51.0483	-3.21042	-5.5936	-9.89559	-8.04973	-4.03889	3.80924	20.2604	0	
0	-176.433	-52.4391	-3.39114	-4.97818	-8.54502	-5.89846	-1.58435	5.57649	20.8301	0	
0	-178.489	-53.612	-4.6217	-4.92902	-7.14084	-4.18688	-0.786748	5.07825	18.6794	0	
0	-165.115	-50.7681	-5.45851	-4.93888	-6.23979	-3.84497	-1.98134	2.27207	14.0868	0	
0	0	0	0	0	0	0	0	0	0	0	

0	-154.236	-24.4069	3.19369	-4.27017	-13.5179	-15.6961	-14.3778	-9.71729	0.861931	0	
0	-156.415	-24.755	3.076	-4.12262	-12.9845	-14.5692	-12.7613	-7.8244	3.03021	0	
0	-164.124	-25.9211	2.8427	-3.53714	-11.6308	-12.4147	-10.173	-5.69718	4.17453	0	
0	-164.519	-27.1282	1.48827	-3.55924	-10.2248	-10.5636	-8.86186	-5.22485	3.44052	0	
0	-150.564	-25.5341	0.309772	-3.69249	-9.18832	-9.71541	-8.97898	-6.42779	0.926063	0	
0	0	0	0	0	0	0	0	0	0	0	

0	-43.1901	8.02184	7.37104	-3.49656	-15.2594	-20.1191	-20.8338	-19.5839	-16.582	0	
0	-43.8144	7.56852	7.23285	-3.35453	-14.7189	-18.9818	-19.1938	-17.6328	-14.3361	0	
0	-44.7209	6.42242	6.96166	-2.78397	-13.3613	-16.8202	-16.4995	-15.1881	-12.5539	0	
0	-41.807	4.56199	5.52283	-2.84122	-11.9486	-14.8552	-14.7638	-13.8143	-11.6594	0	
0	-34.7342	3.62242	4.10151	-3.03934	-10.8231	-13.6161	-14.0012	-13.5245	-11.7844	0	
0	0	0	0	0	0	0	0	0	0	0	

0	-182.16	-91.7089	-9.24912	-6.62203	-8.3072	-2.89599	4.58639	18.936	50.211	0	
0	-185.187	-92.0401	-9.31032	-6.45739	-7.79516	-1.80079	6.12947	20.6459	52.11	0	
0	-196.788	-94.1411	-9.44114	-5.8247	-6.44685	0.355919	8.47225	22.006	51.9152	0	
0	-202.21	-96.3886	-10.5707	-5.73655	-5.03631	1.99597	8.83977	20.4343	47.9075	0	
0	-190.827	-93.682	-11.1493	-5.68211	-4.19797	1.99881	6.66813	15.7567	40.3901	0	
0	0	0	0	0	0	0	0	0	0	0	

0	-124.594	-4.34069	6.09573	-3.70977	-14.7773	-18.7366	-18.6742	-16.0743	-9.98666	0	
0	-126.114	-4.75068	5.96371	-3.56622	-14.2387	-17.6024	-17.042	-14.1439	-7.76946	0	
0	-130.785	-5.87759	5.70402	-2.99153	-12.8821	-15.4434	-14.3853	-11.817	-6.2416	0	
0	-127.993	-7.38496	4.2922	-3.03891	-11.4715	-13.5179	-12.801	-10.7792	-5.99693	0	
0	-113.631	-7.15328	2.95049	-3.21854	-10.3735	-12.4117	-12.3487	-11.0413	-7.06567	0	
0	0	0	0	0	0	0	0	0	0	0	

0	-133.795	-14.1211	4.0497	-4.10497	-13.929	-16.9086	-16.2822	-12.6995	-4.6231	0	
0	-135.506	-14.4958	3.92724	-3.9586	-13.3939	-15.7787	-14.659	-10.7903	-2.43253	0	
0	-140.993	-15.6218	3.68543	-3.37591	-12.0386	-13.6228	-12.0456	-8.58126	-1.11202	0	
0	-138.953	-16.936	2.31727	-3.40366	-10.6315	-11.7487	-10.6264	-7.86383	-1.37918	0	
0	-124.524	-16.0122	1.09932	-3.54797	-9.57822	-10.8091	-10.5053	-8.63794	-3.17023	0	
0	0	0	0	0	0	0	0	0	0	0	

0	-52.009	7.13825	7.23967	-3.52175	-15.2066	-19.9936	-20.6592	-19.3204	-16.1238	0	
0	-52.6625	6.68849	7.10212	-3.37954	-14.6663	-18.8566	-19.0199	-17.371	-13.8799	0	
0	-53.6645	5.54529	6.83213	-2.80849	-13.3089	-16.6952	-16.3286	-14.9352	-12.1157	0	
0	-50.2694	3.71262	5.39607	-2.86459	-11.8964	-14.7339	-14.6052	-13.5869	-11.2673	0	
0	-42.0409	2.8586	3.98287	-3.06056	-10.7739	-13.5067	-13.8678	-13.3389	-11.4589	0	
0	0	0	0	0	0	0	0	0	0	0	

0	-179.78	-71.3974	-2.69474	-5.20219	-11.2594	-9.31688	-4.12843	6.84721	31.6799	0	
0	-182.721	-71.7016	-2.78565	-5.04792	-10.7352	-8.20525	-2.55121	8.63488	33.6848	0	
0	-193.921	-73.3775	-2.96963	-4.44345	-9.38382	-6.05421	-0.114766	10.2755	33.8934	0	
0	-198.795	-74.9219	-4.20849	-4.41966	-7.98072	-4.3389	0.612948	9.43655	30.8507	0	
0	-187.077	-71.8754	-5.06895	-4.4729	-7.04721	-3.98147	-0.735779	6.04515	24.8789	0	
0	0	0	0	0	0	0	0	0	0	0	

0	-155.397	-19.1359	4.92928	-3.88035	-14.3163	-17.396	-16.542	-12.5533	-3.05607	0	
0	-157.59	-19.4923	4.80323	-3.73558	-13.7797	-16.2651	-14.9176	-10.6435	-0.869501	0	
0	-165.386	-20.6293	4.5545	-3.15765	-12.4244	-14.1083	-12.2948	-8.42765	0.411724	0	
0	-165.931	-21.9111	3.16522	-3.19746	-11.0159	-12.2153	-10.8456	-7.70474	0.0265534	0	
0	-152.119	-20.7294	1.88643	-3.3632	-9.93915	-11.2194	-10.6736	-8.48903	-1.96938	0	
0	0	0	0	0	0	0	0	0	0	0	

0	-188.131	-117.074	-1.63837	-5.15795	-10.6573	-5.61665	5.37262	19.4388	50.1365	0	
0	-191.287	-117.426	-1.73227	-5.00401	-10.1359	-4.51555	6.91311	21.1511	52.047	0	
0	-203.662	-120.083	-1.92227	-4.4014	-8.78864	-2.36397	9.26927	22.5475	51.9147	0	
0	-210.302	-123.628	-3.18895	-4.38399	-7.38629	-0.677138	9.66784	21.0279	48.0045	0	
0	-199.967	-122.502	-4.12853	-4.44675	-6.46202	-0.48553	7.51815	16.3647	40.5225	0	
0	0	0	0	0	0	0	0	0	0	0	

0	-187.044	-117.834	-7.3705	-6.17644	-8.64316	-1.72127	9.35416	25.9625	62.1116	0	
0	-190.218	-118.216	-7.43972	-6.01507	-8.12981	-0.629468	10.8781	27.6266	63.9392	0	
0	-202.541	-120.968	-7.58483	-5.39126	-6.78203	1.52848	13.1834	28.8519	63.5501	0	
0	-209.022	-124.569	-8.74536	-5.32309	-5.37393	3.16347	13.4125	26.9476	59.1067	0	
0	-198.4	-123.398	-9.40444	-5.30139	-4.52312	3.12994	10.9019	21.6709	50.8636	0	
0	0	0	0	0	0	0	0	0	0	0	

0	-135.359	-11.7474	6.05322	-3.74123	-14.5889	-18.379	-18.088	-15.7902	-10.4341	0	
0	-137.038	-12.1142	5.92177	-3.59746	-14.0512	-17.2459	-16.458	-13.8612	-8.21443	0	
0	-142.534	-13.2181	5.66302	-3.02217	-12.6957	-15.0878	-13.8089	-11.5411	-6.66331	0	
0	-140.703	-14.6584	4.25035	-3.06807	-11.2864	-13.1672	-12.2528	-10.5202	-6.35793	0	
0	-126.683	-14.1885	2.90255	-3.24514	-10.1927	-12.0747	-11.8578	-10.8085	-7.33572	0	
0	0	0	0	0	0	0	0	0	0	0	

0	-163.261	-34.8708	1.9375	-4.44791	-13.0694	-14.623	-12.7996	-7.22722	5.43357	0	
0	-165.664	-35.1833	1.82525	-4.29908	-12.5378	-13.4986	-11.1893	-5.35131	7.57611	0	
0	-174.389	-36.3797	1.60225	-3.70962	-11.1843	-11.3457	-8.63045	-3.31329	8.55069	0	
0	-176.08	-37.5318	0.275412	-3.72122	-9.77995	-9.52438	-7.42424	-3.06976	7.41282	0	
0	-162.776	-35.5561	-0.827913	-3.83665	-8.76568	-8.7669	-7.74545	-4.62705	4.34176	0	
0	0	0	0	0	0	0	0	0	0	0	

0	-185.212	-97.1471	-1.3843	-5.16658	-10.8432	-6.97259	1.44556	13.9473	41.3146	0	
0	-188.28	-97.4612	-1.47956	-5.01258	-10.321	-5.8678	3.00167	15.6947	43.2754	0	
0	-200.221	-99.6222	-1.672	-4.40981	-8.97309	-3.71677	5.39285	17.2048	43.3142	0	
0	-206.222	-102.122	-2.94261	-4.39211	-7.57057	-2.01589	5.9253	15.981	39.8112	0	
0	-195.418	-99.7877	-3.89174	-4.45444	-6.64124	-1.75708	4.09391	11.8493	32.9998	0	
0	0	0	0	0	0	0	0	0	0	0	

0	-168.148	-38.0431	2.13564	-4.337	-13.297	-14.7302	-12.5266	-6.1057	8.89243	0	
0	-170.722	-38.3607	2.02226	-4.18896	-12.7644	-13.6054	-10.9174	-4.23686	11.0174	0	
0	-180.2	-39.6017	1.79723	-3.6017	-11.4102	-11.4522	-8.36411	-2.2348	11.8754	0	
0	-182.783	-40.7276	0.467341	-3.61861	-10.0049	-9.63074	-7.18026	-2.0906	10.4452	0	
0	-169.788	-38.4703	-0.642985	-3.74352	-8.9825	-8.87349	-7.5479	-3.81307	6.93936	0	
0	0	0	0	0	0	0	0	0	0	0	

0	-189.486	-136.695	-4.7444	-5.88759	-8.43883	0.472565	15.3348	32.4267	68.8608	0	
0	-192.672	-137.099	-4.82292	-5.72835	-7.92697	1.55669	16.8345	34.0543	70.6582	0	
0	-205.208	-140.322	-4.98537	-5.11156	-6.58464	3.71506	19.1257	35.2248	70.2456	0	
0	-212.102	-145.173	-6.20091	-5.06189	-5.1789	5.36537	19.2904	33.1564	65.7171	0	
0	-201.972	-145.911	-7.0098	-5.06891	-4.31487	5.32167	16.54	27.4872	57.182	0	
0	0	0	0	0	0	0	0	0	0	0	

0	-184.474	-89.9195	-2.13797	-5.10369	-11.2173	-8.60757	-1.71547	9.94661	36.172	0	
0	-187.543	-90.2238	-2.23099	-4.95013	-10.6933	-7.49801	-0.14761	11.7148	38.1525	0	
0	-199.384	-92.2137	-2.41889	-4.34765	-9.34289	-5.34739	2.26237	13.2816	38.2589	0	
0	-205.206	-94.3393	-3.66956	-4.32854	-7.94059	-3.63916	2.88895	12.2471	34.9682	0	
0	-194.172	-91.6894	-4.56542	-4.39	-7.00387	-3.31038	1.31378	8.51609	28.6043	0	
0	0	0	0	0	0	0	0	0	0	0	

0	-154.095	-22.8826	5.42948	-3.86269	-14.2444	-17.3999	-16.4121	-13.4199	-6.53635	0	
0	-156.202	-23.2128	5.30118	-3.71806	-13.7082	-16.2691	-14.7881	-11.5049	-4.33376	0	
0	-163.67	-24.3351	5.04825	-3.14041	-12.3536	-14.1127	-12.1657	-9.2602	-2.92422	0	
0	-163.95	-25.6227	3.64787	-3.1807	-10.9458	-12.2163	-10.7162	-8.45349	-2.98017	0	
0	-150.266	-24.4527	2.33467	-3.34739	-9.86838	-11.2056	-10.5422	-9.09615	-4.48719	0	
0	0	0	0	0	0	0	0	0	0	0	

0	-163.388	-34.3108	2.24259	-4.36072	-13.2618	-15.0082	-13.3037	-7.82188	4.8366	0	
0	-165.768	-34.6185	2.12894	-4.21251	-12.7295	-13.8829	-11.6915	-5.94224	6.98225	0	
0	-174.422	-35.8002	1.90333	-3.62481	-11.3757	-11.7296	-9.12441	-3.88515	7.97816	0	
0	-176.085	-36.9684	0.570345	-3.64067	-9.9709	-9.89888	-7.88575	-3.58892	6.89379	0	
0	-162.876	-35.1007	-0.550448	-3.76377	-8.94729	-9.10813	-8.13916	-5.0587	3.90185	0	
0	0	0	0	0	0	0	0	0	0	0	

0	-188.837	-121.91	0.574407	-4.85796	-11.1978	-6.87541	4.86077	16.9689	42.9253	0	
0	-192.004	-122.267	0.470094	-4.70619	-10.6743	-5.77117	6.40328	18.6971	44.8774	0	
0	-204.443	-125.034	0.26111	-4.10933	-9.32654	-3.62078	8.76487	20.1451	44.8876	0	
0	-211.192	-128.846	-1.04655	-4.10489	-7.92501	-1.91769	9.18562	18.7597	41.317	0	
0	-200.953	-128.112	-2.10049	-4.19052	-6.97772	-1.64807	7.08911	14.3391	34.3953	0	
0	0	0	0	0	0	0	0	0	0	0	

0	-150.842	-18.2177	4.22336	-3.98121	-14.1668	-17.1809	-16.431	-12.2979	-2.45349	0	
0	-152.93	-18.5752	4.10014	-3.83572	-13.6307	-16.0504	-14.8073	-10.3911	-0.272992	0	
0	-160.174	-19.703	3.8569	-3.25553	-12.275	-13.8941	-12.1909	-8.1942	0.97097	0	
0	-160.07	-20.9794	2.4849	-3.28941	-10.8671	-12.0122	-10.7599	-7.5104	0.510832	0	
0	-146.071	-19.8736	1.25551	-3.44493	-9.8012	-11.0458	-10.6145	-8.33979	-1.5618	0	
0	0	0	0	0	0	0	0	0	0	0	

0	-189.619	-126.768	-0.752072	-5.06559	-10.3895	-4.96429	7.34121	20.1466	47.8029	0	
0	-192.774	-127.115	-0.849318	-4.91232	-9.86953	-3.86557	8.87367	21.8547	49.7277	0	
0	-205.203	-129.94	-1.04561	-4.31133	-8.52471	-1.71517	11.2176	23.2415	49.648	0	
0	-211.984	-133.958	-2.33171	-4.29683	-7.12433	-0.0281072	11.5738	21.6998	45.8643	0	
0	-201.816	-133.609	-3.33215	-4.36433	-6.19803	0.164583	9.31815	16.9969	38.591	0	
0	0	0	0	0	0	0	0	0	0	0	

0	-179.685	-59.7354	1.5375	-4.42451	-12.8889	-13.5271	-10.1322	-2.91	13.9183	0	
0	-182.55	-60.0036	1.42758	-4.27585	-12.3582	-12.4056	-8.53203	-1.06054	16.0188	0	
0	-193.481	-61.4124	1.20874	-3.68689	-11.0057	-10.254	-6.01097	0.851638	16.7288	0	
0	-198.11	-62.7187	-0.112166	-3.69974	-9.60234	-8.45284	-4.95176	0.7494	14.9277	0	
0	-186.427	-60.0792	-1.20254	-3.81753	-8.59173	-7.76592	-5.58364	-1.38678	10.8634	0	
0	0	0	0	0	0	0	0	0	0	0	

0	-162.292	-30.391	5.04061	-3.9355	-14.0244	-16.752	-15.2658	-11.7838	-3.82442	0	
0	-164.603	-30.7005	4.9143	-3.79034	-13.489	-15.6228	-13.6461	-9.87837	-1.63392	0	
0	-173.041	-31.8515	4.66502	-3.21129	-12.1351	-13.4674	-11.0413	-7.68446	-0.31992	0	
0	-174.486	-33.0792	3.27212	-3.24822	-10.7282	-11.5862	-9.66212	-7.02163	-0.619871	0	
0	-161.239	-31.5042	1.97977	-3.40869	-9.66077	-10.6279	-9.63548	-7.90408	-2.4872	0	
0	0	0	0	0	0	0	0	0	0	0	

0	-168.824	-41.0737	1.90196	-4.41101	-13.0776	-14.4697	-12.3702	-6.46493	7.20103	0	
0	-171.333	-41.3624	1.7901	-4.26245	-12.5461	-13.3458	-10.7615	-4.59353	9.33528	0	
0	-180.619	-42.5789	1.56773	-3.67375	-11.1929	-11.1933	-8.20791	-2.57668	10.2558	0	
0	-183.112	-43.7469	0.240683	-3.68725	-9.78882	-9.37319	-7.02174	-2.39138	8.9819	0	
0	-170.321	-41.65	-0.864946	-3.80615	-8.77189	-8.61923	-7.38529	-4.04596	5.70802	0	
0	0	0	0	0	0	0	0	0	0	0	

0	-187.973	-105.264	2.1867	-4.50393	-12.1986	-10.3573	-1.79823	7.26938	26.9786	0	
0	-191.097	-105.569	2.07469	-4.35471	-11.6709	-9.24419	-0.22944	9.05897	29.0182	0	
0	-203.346	-107.852	1.85161	-3.76466	-10.3215	-7.0944	2.19806	10.7267	29.3982	0	
0	-209.84	-110.671	0.513109	-3.77579	-8.91956	-5.34042	2.87437	9.92628	26.7351	0	
0	-199.44	-108.79	-0.627824	-3.88917	-7.93106	-4.85318	1.37318	6.54354	21.2675	0	
0	0	0	0	0	0	0	0	0	0	0	

0	-184.454	-86.8578	-0.306335	-4.82048	-11.8462	-10.2227	-3.79069	6.24044	28.6638	0	
0	-187.52	-87.156	-0.407738	-4.66897	-11.3196	-9.10917	-2.21477	8.03229	30.686	0	
0	-199.345	-89.0745	-0.610946	-4.07214	-9.9685	-6.95883	0.220135	9.69231	30.978	0	
0	-205.148	-91.081	-1.89597	-4.06638	-8.56627	-5.22362	0.943392	8.90615	28.1403	0	
0	-194.109	-88.3645	-2.88616	-4.15119	-7.60314	-4.7855	-0.416167	5.60538	22.4878	0	
0	0	0	0	0	0	0	0	0	0	0	

0	-189.142	-105.823	1.50114	-4.56702	-11.7914	-9.69384	-1.62217	7.17026	26.7751	0	
0	-192.217	-106.085	1.39313	-4.41735	-11.2655	-8.58293	-0.0541161	8.96087	28.8168	0	
0	-204.331	-108.241	1.17719	-3.82597	-9.91843	-6.43442	2.37571	10.6358	29.212	0	
0	-210.744	-110.939	-0.151166	-3.83344	-8.51841	-4.68405	3.06363	9.8562	26.5872	0	
0	-200.408	-109.138	-1.26949	-3.93991	-7.5374	-4.20898	1.58662	6.50906	21.1781	0	
0	0	0	0	0	0	0	0	0	0	0	

0	-185.572	-83.0964	0.151258	-4.67721	-12.0665	-11.1978	-6.05751	2.62339	22.6958	0	
0	-188.55	-83.3327	0.048341	-4.52674	-11.5392	-10.0824	-4.47286	4.43865	24.7515	0	
0	-200.104	-85.0129	-0.157793	-3.93276	-10.1891	-7.93295	-2.00414	6.20058	25.2152	0	
0	-205.713	-86.7959	-1.454	-3.93364	-8.78796	-6.17249	-1.14715	5.68999	22.8015	0	
0	-194.793	-84.3074	-2.47982	-4.0302	-7.80742	-5.63424	-2.21512	2.86109	17.8027	0	
0	0	0	0	0	0	0	0	0	0	0	

0	-187.805	-82.7706	2.75487	-4.29102	-12.5425	-12.5032	-7.66227	-1.71674	12.1756	0	
0	-190.691	-82.9645	2.64094	-4.14334	-12.0136	-11.3854	-6.07094	0.128954	14.2926	0	
0	-202.067	-84.5298	2.4141	-3.55727	-10.6654	-9.23606	-3.56614	2.03777	15.1032	0	
0	-207.629	-86.2791	1.06094	-3.57695	-9.26474	-7.43283	-2.58176	1.90126	13.5223	0	
0	-196.942	-83.9957	-0.128518	-3.70542	-8.24903	-6.75044	-3.40108	-0.333287	9.72828	0	
0	0	0	0	0	0	0	0	0	0	0	

0	-183.56	-70.9384	0.657776	-4.58845	-12.3153	-12.27	-8.55869	-1.26731	15.9321	0	
0	-186.358	-71.1421	0.552629	-4.43862	-11.787	-11.1522	-6.96445	0.57257	18.0239	0	
0	-197.193	-72.5484	0.342372	-3.84643	-10.4369	-9.00247	-4.45996	2.44518	18.6875	0	
0	-201.987	-74.0138	-0.964107	-3.85156	-9.03578	-7.21876	-3.46294	2.23571	16.7708	0	
0	-190.799	-71.6993	-2.0194	-3.9557	-8.0423	-6.59261	-4.22937	-0.0824279	12.5291	0	
0	0	0	0	0	0	0	0	0	0	0	

0	-183.515	-66.6403	3.62537	-4.15237	-13.0784	-14.0982	-10.5081	-5.6651	5.64233	0	
0	-186.294	-66.8536	3.50686	-4.00567	-12.5472	-12.9762	-8.90599	-3.79568	7.79042	0	
0	-197.126	-68.2306	3.27169	-3.42233	-11.1971	-10.825	-6.36524	-1.77807	8.80003	0	
0	-201.893	-69.6607	1.90301	-3.44866	-9.79455	-8.99343	-5.23929	-1.61129	7.72389	0	
0	-190.647	-67.3133	0.672419	-3.58939	-8.75968	-8.2079	-5.75151	-3.32905	4.69574	0	
0	0	0	0	0	0	0	0	0	0	0	

0	-180.579	-62.4142	1.04103	-4.54445	-12.5267	-12.9467	-9.78356	-3.08316	12.6279	0	
0	-183.294	-62.6336	0.933848	-4.39493	-11.9976	-11.827	-8.18467	-1.23214	14.7362	0	
0	-193.727	-63.9605	0.719926	-3.80362	-10.6466	-9.67654	-5.66441	0.690804	15.4967	0	
0	-197.954	-65.2998	-0.592991	-3.81088	-9.24476	-7.88162	-4.60661	0.618686	13.8219	0	
0	-186.401	-63.005	-1.66428	-3.91879	-8.24479	-7.21529	-5.24286	-1.4678	9.94599	0	
0	0	0	0	0	0	0	0	0	0	0	

0	-190.168	-97.2979	2.77878	-4.31017	-12.4144	-11.8513	-5.61407	0.704017	15.221	0	
0	-193.18	-97.5113	2.66479	-4.16235	-11.886	-10.7352	-4.03057	2.53497	17.3231	0	
0	-205.098	-99.3688	2.43784	-3.57592	-10.5382	-8.58637	-1.55134	4.37904	18.0448	0	
0	-211.354	-101.606	1.08393	-3.59482	-9.1379	-6.79461	-0.66768	4.06324	16.2394	0	
0	-201.044	-99.5736	-0.108203	-3.72189	-8.12678	-6.15546	-1.70793	1.5208	12.1016	0	
0	0	0	0	0	0	0	0	0	0	0	

0	-188.384	-88.9846	0.208568	-4.69817	-11.9534	-11.0776	-5.91213	2.10624	20.7338	0	
0	-191.353	-89.1898	0.105675	-4.54755	-11.4267	-9.96275	-4.32803	3.92515	22.8009	0	
0	-202.977	-90.8756	-0.100487	-3.9532	-10.0775	-7.81388	-1.85796	5.7059	23.3287	0	
0	-208.822	-92.7753	-1.39897	-3.95327	-8.67709	-6.05121	-0.994014	5.24698	21.0743	0	
0	-198.217	-90.5486	-2.43334	-4.04853	-7.69723	-5.50316	-2.04801	2.5054	16.3181	0	
0	0	0	0	0	0	0	0	0	0	0	

0	-192.796	-105.155	2.47863	-4.34738	-12.1592	-11.1389	-4.34699	2.16274	17.3071	0	
0	-195.795	-105.35	2.36643	-4.1993	-11.632	-10.0249	-2.76838	3.985	19.3994	0	
0	-207.761	-107.285	2.14266	-3.61212	-10.2855	-7.87706	-0.30174	5.79397	20.0678	0	
0	-214.207	-109.75	0.793131	-3.62905	-8.88628	-6.09398	0.533876	5.3819	18.1278	0	
0	-204.143	-108.047	-0.389487	-3.75245	-7.88122	-5.48656	-0.613918	2.67279	13.7818	0	
0	0	0	0	0	0	0	0	0	0	0	

0	-191.471	-97.5821	-0.099712	-4.74508	-11.7176	-10.4202	-4.77142	3.44428	22.6958	0	
0	-194.43	-97.7633	-0.20083	-4.59413	-11.192	-9.30737	-3.19174	5.2551	24.7533	0	
0	-206.132	-99.5161	-0.403829	-3.99886	-9.84387	-7.15929	-0.73334	7.0038	25.2337	0	
0	-212.233	-101.626	-1.69777	-3.99676	-8.44437	-5.40436	0.0868975	6.45896	22.862	0	
0	-201.954	-99.695	-2.72226	-4.08825	-7.47013	-4.8845	-1.06359	3.57012	17.9246	0	
0	0	0	0	0	0	0	0	0	0	0	

0	-194.993	-111.605	2.22149	-4.37627	-11.94	-10.5336	-3.28558	3.38657	19.0828	0	
0	-197.979	-111.786	2.11084	-4.22798	-11.4138	-9.42139	-1.7111	5.20154	21.1667	0	
0	-209.981	-113.784	1.88984	-3.64021	-10.0685	-7.27439	0.745543	6.98184	21.7911	0	
0	-216.581	-116.446	0.54396	-3.65557	-8.67024	-5.49808	1.54336	6.49152	19.7403	0	
0	-206.721	-115.046	-0.630968	-3.77602	-7.66998	-4.91557	0.310246	3.64645	15.2222	0	
0	0	0	0	0	0	0	0	0	0	0	

0	-193.647	-104.103	-0.358047	-4.78228	-11.5205	-9.87976	-3.85505	4.51938	24.2917	0	
0	-196.6	-104.267	-0.45766	-4.63106	-10.9957	-8.76852	-2.27893	6.3237	26.3414	0	
0	-208.354	-106.072	-0.65798	-4.03507	-9.64858	-6.62108	0.170532	8.04731	26.7844	0	
0	-214.633	-108.351	-1.94822	-4.03125	-8.24983	-4.87201	0.957597	7.43551	24.3203	0	
0	-204.581	-106.675	-2.96484	-4.11976	-7.27995	-4.37363	-0.266674	4.43157	19.2399	0	
0	0	0	0	0	0	0	0	0	0	0	

0	-196.67	-116.114	2.03341	-4.39401	-11.7783	-10.1022	-2.56232	4.20075	20.2694	0	
0	-199.644	-116.284	1.92392	-4.2456	-11.2528	-8.99135	-0.990667	6.01089	22.3478	0	
0	-211.659	-118.319	1.70498	-3.65745	-9.90843	-6.84499	1.45969	7.77287	22.9442	0	
0	-218.361	-121.113	0.361647	-3.67179	-8.51092	-5.07291	2.23412	7.23282	20.8232	0	
0	-208.653	-119.943	-0.808224	-3.7903	-7.51376	-4.50588	0.947745	4.30103	16.1955	0	
0	0	0	0	0	0	0	0	0	0	0	

0	-195.365	-108.855	-0.546439	-4.80719	-11.3742	-9.48859	-3.21504	5.24977	25.3755	0	
0	-198.307	-109.004	-0.644928	-4.65579	-10.8501	-8.37855	-1.64143	7.0497	27.4199	0	
0	-210.087	-110.841	-0.843253	-4.05931	-9.50371	-6.23163	0.802291	8.75701	27.8389	0	
0	-216.489	-113.241	-2.1309	-4.05434	-8.10556	-4.48625	1.56834	8.10198	25.3157	0	
0	-206.612	-111.771	-3.14235	-4.14086	-7.13853	-4.00139	0.296918	5.02344	20.1431	0	
0	0	0	0	0	0	0	0	0	0	0	

0	-198.014	-119.417	1.89217	-4.40468	-11.6556	-9.78704	-2.05974	4.74822	21.0697	0	
0	-200.975	-119.576	1.78358	-4.25619	-11.1307	-8.67719	-0.490061	6.55512	23.1444	0	
0	-212.992	-121.631	1.56622	-3.66781	-9.78704	-6.53133	1.95631	8.30533	23.723	0	
0	-219.768	-124.517	0.22471	-3.68149	-8.39014	-4.76192	2.7162	7.73346	21.5574	0	
0	-210.178	-123.522	-0.941798	-3.79871	-7.39501	-4.20452	1.39637	4.74603	16.8597	0	
0	0	0	0	0	0	0	0	0	0	0	

0	-196.657	-112.145	-0.675128	-4.82263	-11.2724	-9.22365	-2.79861	5.70921	26.0566	0	
0	-199.589	-112.283	-0.772829	-4.67112	-10.7488	-8.11446	-1.22663	7.50641	28.0978	0	
0	-211.378	-114.136	-0.969761	-4.07434	-9.403	-5.96792	1.21367	9.20398	28.5025	0	
0	-217.862	-116.615	-2.25572	-4.06866	-8.0053	-4.2247	1.96748	8.52322	25.9445	0	
0	-208.114	-115.297	-3.26401	-4.15396	-7.03999	-3.74762	0.668327	5.40018	20.7174	0	
0	0	0	0	0	0	0	0	0	0	0	

0	-199.02	-121.749	1.79101	-4.41088	-11.5669	-9.56578	-1.72093	5.10619	21.5938	0	
0	-201.971	-121.899	1.68307	-4.26235	-11.0424	-8.45664	-0.152595	6.91101	23.6662	0	
0	-213.986	-123.965	1.46686	-3.67383	-9.69931	-6.31117	2.29129	8.65382	24.2337	0	
0	-220.811	-126.911	0.126604	-3.68708	-8.30287	-4.54341	3.04232	8.06206	22.0405	0	
0	-211.309	-126.041	-1.03773	-3.80346	-7.30904	-3.99185	1.70192	5.03973	17.2991	0	
0	0	0	0	0	0	0	0	0	0	0	

0	-197.595	-114.381	-0.761015	-4.83205	-11.2035	-9.04805	-2.5323	5.99351	26.4776	0	
0	-200.519	-114.51	-0.858179	-4.68047	-10.6801	-7.93942	-0.961368	7.78904	28.5168	0	
0	-212.309	-116.371	-1.05416	-4.08351	-9.33475	-5.79316	1.47692	9.48086	28.9134	0	
0	-218.847	-118.901	-2.33904	-4.0774	-7.93737	-4.05119	2.2237	8.78503	26.3351	0	
0	-209.191	-117.688	-3.34543	-4.16195	-6.9731	-3.57851	0.908497	5.63584	21.0763	0	
0	0	0	0	0	0	0	0	0	0	0	

0	-199.588	-122.978	1.73788	-4.4133	-11.5198	-9.45198	-1.55442	5.27546	21.8425	0	
0	-202.533	-123.123	1.63028	-4.26475	-10.9956	-8.34323	0.0132547	7.07929	23.9138	0	
0	-214.544	-125.193	1.41468	-3.67618	-9.6528	-6.19796	2.45603	8.81878	24.4764	0	
0	-221.395	-128.168	0.0750602	-3.68923	-8.25662	-4.43094	3.20322	8.21812	22.2708	0	
0	-211.941	-127.365	-1.08826	-3.80523	-7.26338	-3.88188	1.85381	5.18014	17.51	0	
0	0	0	0	0	0	0	0	0	0	0	

0	-198.141	-115.61	-0.807291	-4.83666	-11.1658	-8.95419	-2.39518	6.13479	26.6868	0	
0	-201.059	-115.734	-0.904161	-4.68505	-10.6426	-7.84587	-0.824786	7.92951	28.7251	0	
0	-212.848	-117.597	-1.09963	-4.088	-9.29747	-5.69977	1.61257	9.61862	29.1178	0	
0	-219.415	-120.153	-2.38395	-4.08167	-7.90028	-3.95837	2.35614	8.91574	26.5301	0	
0	-209.812	-119	-3.38941	-4.16586	-6.9365	-3.48767	1.03353	5.75428	21.2565	0	
0	0	0	0	0	0	0	0	0	0	0	

0	-199.942	-123.706	1.70671	-4.41432	-11.492	-9.38636	-1.46208	5.36594	21.9759	0	
0	-202.882	-123.848	1.59932	-4.26576	-10.9679	-8.27782	0.105233	7.16926	24.0466	0	
0	-214.89	-125.919	1.38408	-3.67717	-9.62531	-6.13269	2.54745	8.90705	24.6067	0	
0	-221.757	-128.911	0.0448219	-3.69012	-8.22929	-4.36603	3.29276	8.30188	22.3949	0	
0	-212.333	-128.146	-1.11797	-3.80592	-7.23636	-3.81818	1.9389	5.25596	17.6244	0	
0	0	0	0	0	0	0	0	0	0	0	

0	-198.376	-116.128	-0.826671	-4.83851	-11.1499	-8.915	-2.33887	6.19182	26.7711	0	
0	-201.292	-116.25	-0.923417	-4.68689	-10.6268	-7.80681	-0.768699	7.98621	28.8091	0	
0	-213.08	-118.114	-1.11866	-4.0898	-9.28175	-5.66078	1.66829	9.67426	29.2003	0	
0	-219.659	-120.681	-2.40275	-4.08339	-7.88464	-3.91961	2.41061	8.96862	26.609	0	
0	-210.079	-119.553	-3.40786	-4.16743	-6.92106	-3.44966	1.08513	5.80235	21.3296	0	
0	0	0	0	0	0	0	0	0	0	0	

0	-200.129	-124.074	1.69122	-4.41464	-11.4781	-9.35428	-1.4187	5.40675	22.0363	0	
0	-203.067	-124.214	1.58393	-4.26608	-10.9541	-8.24585	0.148442	7.20984	24.1067	0	
0	-215.073	-126.284	1.36888	-3.67747	-9.61155	-6.10079	2.59042	8.94691	24.6658	0	
0	-221.947	-129.284	0.0297896	-3.69038	-8.21561	-4.33428	3.33498	8.33984	22.4515	0	
0	-212.539	-128.539	-1.13277	-3.80609	-7.22282	-3.7869	1.97929	5.29055	17.6768	0	
0	0	0	0	0	0	0	0	0	0	0	

0	-199.698	-118.862	-0.92671	-4.84696	-11.0672	-8.71485	-2.06213	6.46183	27.1728	0	
0	-202.598	-118.971	-1.0228	-4.69528	-10.5445	-7.60735	-0.493061	8.25468	29.209	0	
0	-214.376	-120.836	-1.2169	-4.09803	-9.20004	-5.4617	1.94231	9.93805	29.5937	0	
0	-221.018	-123.455	-2.49985	-4.09123	-7.80338	-3.72148	2.67944	9.22035	26.9866	0	
0	-211.565	-122.46	-3.50329	-4.17462	-6.84068	-3.2546	1.3417	6.03298	21.682	0	
0	0	0	0	0	0	0	0	0	0	0	

0	-200.203	-124.217	1.68522	-4.41471	-11.4727	-9.34199	-1.40252	5.4215	22.0582	0	
0	-203.14	-124.357	1.57797	-4.26615	-10.9487	-8.2336	0.164549	7.22451	24.1286	0	
0	-215.146	-126.427	1.36299	-3.67754	-9.6062	-6.08857	2.60645	8.96134	24.6873	0	
0	-222.023	-129.429	0.0239701	-3.69044	-8.21029	-4.32211	3.35075	8.35361	22.4721	0	
0	-212.621	-128.692	-1.13851	-3.80612	-7.21754	-3.77489	1.99445	5.30316	17.6959	0	
0	0	0	0	0	0	0	0	0	0	0	

0	-199.703	-118.869	-0.926825	-4.84693	-11.0671	-8.71467	-2.06228	6.46127	27.172	0	
0	-202.603	-118.978	-1.02292	-4.69525	-10.5444	-7.60718	-0.493208	8.25413	29.2082	0	
0	-214.381	-120.842	-1.21701	-4.098	-9.19991	-5.46153	1.94217	9.93752	29.5929	0	
0	-221.024	-123.461	-2.49996	-4.0912	-7.80325	-3.7213	2.67933	9.21988	26.9859	0	
0	-211.57	-122.466	-3.50341	-4.1746	-6.84054	-3.25439	1.34167	6.03261	21.6815	0	
0	0	0	0	0	0	0	0	0	0	0	


0	-5.40223e-16	4.61469e-15	2.20398e-15	4.463e-15	9.98191e-16	8.53441e-16	-2.63433e-15	-3.4689e-16	-1.68281e-15	0	
0	-5.7362	-5.63079	-7.66594	-7.16168	-5.79986	-5.19286	-5.46164	-5.59083	-4.84727	0	
0	-9.41265	-9.65284	-12.837	-12.4169	-10.2762	-9.01229	-9.00775	-8.65546	-7.00715	0	
0	-11.0247	-12.0374	-16.3805	-16.66	-14.0705	-11.8173	-10.8799	-9.97007	-7.95395	0	
0	-11.4452	-13.0075	-18.6174	-19.794	-16.6702	-13.3617	-11.7347	-10.4747	-8.28923	0	
0	0	0	0	0	0	0	0	0	0	0	

0	1.40739e-14	1.76706e-14	4.05038e-15	6.43339e-15	3.78454e-15	8.70972e-15	5.5875e-16	-4.70602e-15	6.82169e-15	0	
0	6.90208	-2.96441	-7.41231	-7.38686	-6.01334	-5.51847	-5.72469	-5.89612	-5.18211	0	
0	35.7568	0.876488	-12.1654	-12.5294	-9.85228	-7.08371	-4.02405	-1.67086	2.28292	0	
0	81.3201	19.5757	-12.1851	-14.0242	-8.44664	0.819702	11.2089	16.4451	23.0614	0	
0	128.424	54.5427	-2.13465	-6.46163	4.19527	22.1026	39.9603	47.0161	54.9127	0	
0	0	0	0	0	0	0	0	0	0	0	

0	3.72364e-14	1.9125e-13	5.83265e-15	-2.31527e-15	2.43745e-15	1.00915e-15	-2.53839e-16	-1.04357e-14	1.40134e-15	0	
0	6.49984	-3.81098	-7.52829	-7.278	-5.91191	-5.3702	-5.60501	-5.75975	-5.03807	0	
0	34.1998	-2.54039	-12.4739	-12.4764	-10.0572	-7.97775	-6.35204	-4.87518	-1.85652	0	
0	77.6483	8.88603	-14.1201	-15.3173	-11.161	-5.10219	0.64537	3.95697	8.71517	0	
0	121.945	29.899	-9.86724	-13.0826	-6.09154	4.84937	13.9149	18.241	23.8451	0	
0	0	0	0	0	0	0	0	0	0	0	

0	9.60279e-15	3.29008e-14	5.6721e-15	3.82203e-15	1.00806e-15	-4.09004e-15	1.62148e-15	-7.8512e-15	4.18655e-15	0	
0	6.72004	-3.06276	-7.40671	-7.3818	-6.00927	-5.53247	-5.77001	-5.95703	-5.26194	0	
0	35.288	0.467325	-12.1919	-12.5533	-9.9254	-7.29554	-4.39373	-2.06299	1.91291	0	
0	80.6461	18.5842	-12.4732	-14.322	-8.94707	0.014947	10.2119	15.5473	22.3361	0	
0	127.948	53.0903	-3.04673	-7.51477	2.84678	20.5029	38.2782	45.6207	53.9344	0	
0	0	0	0	0	0	0	0	0	0	0	

0	5.65545e-14	2.54651e-13	7.04482e-15	-1.42755e-15	2.57685e-15	4.11539e-15	2.79684e-15	-2.80604e-16	5.5663e-16	0	
0	5.11828	-4.7386	-7.60815	-7.20872	-5.84559	-5.26813	-5.52459	-5.66558	-4.93313	0	
0	28.9419	-6.20994	-12.6881	-12.4433	-10.1926	-8.60011	-7.94779	-7.13737	-4.93125	0	
0	65.5773	-2.10453	-15.4652	-16.1403	-12.924	-9.11524	-6.2974	-4.43369	-1.34521	0	
0	101.326	6.61462	-15.093	-17.183	-12.518	-6.14626	-1.80473	0.593341	4.02303	0	
0	0	0	0	0	0	0	0	0	0	0	

0	3.92757e-14	2.02599e-13	8.0316e-15	4.74033e-15	-2.84208e-15	-5.50216e-17	2.31203e-15	-4.03779e-15	-1.80098e-15	0	
0	6.17401	-4.09752	-7.54853	-7.26463	-5.89796	-5.34367	-5.58076	-5.72829	-4.99864	0	
0	32.9285	-3.66558	-12.5272	-12.4692	-10.0835	-8.12941	-6.79436	-5.57727	-2.92221	0	
0	74.644	5.45814	-14.4541	-15.4673	-11.5182	-6.10407	-1.31875	1.30182	5.15841	0	
0	116.661	22.3912	-11.1827	-13.8459	-7.41944	2.0382	9.34586	12.505	16.651	0	
0	0	0	0	0	0	0	0	0	0	0	

0	4.18192e-14	1.91762e-13	3.511e-15	4.09561e-15	5.59672e-15	3.50864e-15	4.39254e-15	-3.6792e-15	5.50003e-15	0	
0	6.53836	-3.69566	-7.51234	-7.29287	-5.92584	-5.38996	-5.61982	-5.7759	-5.05332	0	
0	34.3407	-2.06633	-12.431	-12.483	-10.0275	-7.85241	-6.04343	-4.4727	-1.38015	0	
0	77.9618	10.3411	-13.8527	-15.1343	-10.7792	-4.2915	2.00867	5.4808	10.3127	0	
0	122.471	33.1143	-8.81783	-12.1648	-4.67875	7.13037	17.1204	21.5799	27.1298	0	
0	0	0	0	0	0	0	0	0	0	0	

0	4.56461e-14	2.43209e-13	4.9005e-15	-7.93202e-16	1.24966e-15	1.9536e-15	-2.13481e-15	-5.78816e-15	-6.87359e-17	0	
0	6.04879	-4.25474	-7.56856	-7.23988	-5.87589	-5.31944	-5.57151	-5.72325	-5.00143	0	
0	32.5842	-4.29217	-12.5897	-12.4624	-10.1413	-8.33949	-7.24525	-6.10392	-3.46383	0	
0	74.0918	3.66246	-14.8727	-15.8066	-12.1812	-7.33751	-3.14512	-0.522644	3.50505	0	
0	116.099	18.7947	-12.7611	-15.4508	-9.73643	-1.20279	5.34642	8.78717	13.5012	0	
0	0	0	0	0	0	0	0	0	0	0	

0	4.78725e-14	2.2485e-13	4.23783e-15	-4.51635e-16	4.1585e-15	1.19962e-17	1.03777e-15	-3.72789e-15	-2.87908e-15	0	
0	6.39745	-3.87768	-7.53241	-7.26999	-5.90493	-5.36635	-5.61199	-5.77166	-5.05662	0	
0	33.9297	-2.79637	-12.4965	-12.479	-10.0875	-8.07975	-6.55551	-5.11109	-2.10141	0	
0	77.2402	8.21438	-14.2986	-15.4683	-11.4409	-5.60551	-0.0671565	3.2443	8.05866	0	
0	121.599	28.7085	-10.5012	-13.7218	-6.97934	3.64781	12.4691	16.8821	22.6719	0	
0	0	0	0	0	0	0	0	0	0	0	

0	5.53868e-14	2.55746e-13	7.3852e-15	6.19521e-15	5.48134e-15	5.06869e-15	-4.19727e-15	-4.73384e-16	-3.00196e-15	0	
0	5.09709	-4.76598	-7.61202	-7.20482	-5.842	-5.26161	-5.51685	-5.65657	-4.92233	0	
0	28.7779	-6.30344	-12.6947	-12.439	-10.1937	-8.61059	-7.98301	-7.18311	-4.98578	0	
0	65.0541	-2.40886	-15.4966	-16.163	-12.9804	-9.23685	-6.50658	-4.65355	-1.56788	0	
0	100.221	5.90001	-15.2359	-17.335	-12.7671	-6.5351	-2.32501	0.0947694	3.5558	0	
0	0	0	0	0	0	0	0	0	0	0	

0	2.13397e-13	2.99156e-13	4.91645e-15	2.45654e-15	-3.46808e-15	1.38584e-15	-1.22903e-15	-9.01899e-15	-1.24447e-16	0	
0	-3.16268	-5.57676	-7.66293	-7.16406	-5.80215	-5.19683	-5.46517	-5.59508	-4.85238	0	
0	-0.845493	-9.45116	-12.8296	-12.4185	-10.2726	-8.9931	-8.95719	-8.58114	-6.90296	0	
0	4.41289	-11.4679	-16.3355	-16.6364	-14.0172	-11.6878	-10.6592	-9.6986	-7.62358	0	
0	8.9182	-11.9157	-18.4441	-19.6726	-16.4758	-13.0167	-11.2622	-9.94042	-7.68481	0	
0	0	0	0	0	0	0	0	0	0	0	

0	7.64431e-14	2.26065e-13	4.12106e-15	1.71521e-15	2.21342e-15	5.0811e-15	1.59814e-15	-4.60374e-15	-1.42604e-15	0	
0	3.29858	-5.13805	-7.6319	-7.19309	-5.8293	-5.23661	-5.49489	-5.62819	-4.8877	0	
0	22.0051	-7.75508	-12.7471	-12.4331	-10.2189	-8.75792	-8.39473	-7.824	-5.93138	0	
0	50.0334	-6.63116	-15.8214	-16.2996	-13.312	-10.1854	-8.27311	-6.98305	-4.57805	0	
0	75.6714	-2.55534	-16.4831	-18.0131	-13.9611	-9.06745	-6.17059	-4.59254	-2.0952	0	
0	0	0	0	0	0	0	0	0	0	0	

0	5.29005e-14	2.14328e-13	6.65369e-15	6.32736e-15	2.04652e-15	-4.25835e-16	-9.50708e-16	-5.85373e-15	-6.44687e-16	0	
0	5.36078	-4.59986	-7.59219	-7.227	-5.86203	-5.28775	-5.5353	-5.67493	-4.93905	0	
0	29.7855	-5.64934	-12.6421	-12.4501	-10.154	-8.4561	-7.63438	-6.76463	-4.52426	0	
0	67.3498	-0.481533	-15.169	-15.9048	-12.4572	-8.23876	-5.00075	-3.11988	-0.0838891	0	
0	104.094	9.84664	-13.9705	-16.049	-10.871	-3.84152	1.00136	3.22934	6.38713	0	
0	0	0	0	0	0	0	0	0	0	0	

0	7.8347e-14	2.98327e-13	9.61606e-16	1.25422e-15	6.03943e-15	-2.7024e-15	2.76813e-15	-4.89254e-15	4.42907e-15	0	
0	4.48102	-5.05097	-7.63276	-7.18633	-5.82424	-5.2363	-5.50138	-5.64043	-4.90817	0	
0	26.6273	-7.42182	-12.7548	-12.4326	-10.2363	-8.79692	-8.42758	-7.78399	-5.74095	0	
0	60.5371	-5.60836	-15.8856	-16.4043	-13.4876	-10.3613	-8.33031	-6.75822	-3.90025	0	
0	93.1799	-0.375614	-16.6993	-18.4798	-14.5292	-9.44524	-6.20517	-4.06578	-0.763875	0	
0	0	0	0	0	0	0	0	0	0	0	

0	2.20594e-13	3.62194e-13	-7.40329e-15	2.41876e-15	1.11948e-15	3.24126e-15	-6.97893e-15	-2.77427e-15	-3.13233e-15	0	
0	-2.51379	-5.55423	-7.66149	-7.16538	-5.80324	-5.1987	-5.46698	-5.59712	-4.85529	0	
0	1.34521	-9.3926	-12.8265	-12.4199	-10.272	-8.9887	-8.94495	-8.56163	-6.87409	0	
0	8.5099	-11.3204	-16.3183	-16.6286	-14.0002	-11.6507	-10.6005	-9.6233	-7.52729	0	
0	14.524	-11.6343	-18.3772	-19.6286	-16.4113	-12.9146	-11.1334	-9.78974	-7.50583	0	
0	0	0	0	0	0	0	0	0	0	0	

0	4.10734e-14	2.28378e-13	1.62736e-15	1.89475e-15	6.78711e-15	4.09927e-15	8.95401e-16	-9.15457e-16	3.80728e-15	0	
0	6.47171	-3.94041	-7.5515	-7.25071	-5.88759	-5.33878	-5.58182	-5.73708	-5.01803	0	
0	34.0772	-3.04597	-12.5345	-12.4619	-10.1032	-8.15429	-6.75665	-5.34981	-2.34583	0	
0	77.3333	7.33077	-14.4988	-15.6275	-11.786	-6.27572	-1.16309	2.14716	7.06375	0	
0	121.353	26.4418	-11.3621	-14.6598	-8.41546	1.54865	9.69201	14.3053	20.4698	0	
0	0	0	0	0	0	0	0	0	0	0	

0	1.32296e-13	3.43323e-13	1.95852e-15	1.86665e-15	3.00994e-15	-7.11317e-16	-2.58992e-15	-1.60125e-15	-4.8896e-15	0	
0	2.64373	-5.35646	-7.65252	-7.17091	-5.80919	-5.21041	-5.47817	-5.61217	-4.87462	0	
0	19.7375	-8.60244	-12.8038	-12.4229	-10.2611	-8.92581	-8.76806	-8.28238	-6.4421	0	
0	45.4239	-9.03324	-16.1813	-16.5651	-13.8488	-11.233	-9.82959	-8.60052	-6.1541	0	
0	68.7554	-7.17963	-17.847	-19.3064	-15.858	-11.7977	-9.47231	-7.76245	-4.97523	0	
0	0	0	0	0	0	0	0	0	0	0	

0	1.13242e-13	3.39412e-13	6.68774e-15	3.14352e-15	-2.67573e-15	9.27706e-16	-3.27192e-15	-7.41953e-15	-4.04086e-16	0	
0	3.3032	-5.19758	-7.63969	-7.18211	-5.81934	-5.22468	-5.48719	-5.62158	-4.88373	0	
0	22.0227	-8.01195	-12.7684	-12.428	-10.2395	-8.83253	-8.55281	-7.98828	-6.06797	0	
0	50.0937	-7.38661	-15.9557	-16.4323	-13.5784	-10.6587	-8.94387	-7.57357	-5.00636	0	
0	75.796	-4.04109	-16.9976	-18.6662	-14.9142	-10.3185	-7.61281	-5.76533	-2.8878	0	
0	0	0	0	0	0	0	0	0	0	0	

0	2.13071e-13	3.61773e-13	4.73441e-17	6.70285e-15	1.10647e-15	5.23236e-15	-6.56023e-15	-5.0281e-15	-1.64386e-15	0	
0	-1.96473	-5.5404	-7.66057	-7.16605	-5.80388	-5.19976	-5.46791	-5.59827	-4.85666	0	
0	3.23791	-9.33828	-12.8242	-12.4203	-10.2709	-8.98321	-8.93091	-8.54085	-6.84429	0	
0	12.0977	-11.1644	-16.3046	-16.6213	-13.9845	-11.614	-10.5392	-9.54723	-7.43272	0	
0	19.4883	-11.3326	-18.3241	-19.5915	-16.3539	-12.8163	-11.0015	-9.63946	-7.33229	0	
0	0	0	0	0	0	0	0	0	0	0	

0	5.59751e-14	3.18539e-13	3.02693e-15	1.7942e-15	4.74894e-15	6.53255e-15	-4.01698e-15	-5.34354e-15	-4.65516e-16	0	
0	6.28743	-4.27629	-7.59509	-7.21222	-5.85164	-5.28654	-5.54259	-5.69324	-4.9732	0	
0	33.3671	-4.39951	-12.6505	-12.4432	-10.1757	-8.46805	-7.51186	-6.36413	-3.61434	0	
0	75.6819	3.22683	-15.2228	-16.0826	-12.737	-8.31017	-4.46495	-1.63895	2.87626	0	
0	118.48	17.6066	-14.1791	-16.9323	-11.8852	-4.03278	2.1981	6.29571	12.1302	0	
0	0	0	0	0	0	0	0	0	0	0	

0	1.06574e-13	4.23371e-13	2.31654e-15	3.50187e-15	2.22309e-15	5.01878e-15	-1.86159e-17	-7.18217e-15	-2.58192e-15	0	
0	4.49794	-5.14014	-7.64474	-7.17594	-5.81451	-5.22187	-5.49015	-5.62834	-4.89699	0	
0	26.688	-7.79455	-12.7852	-12.4265	-10.2535	-8.87332	-8.60467	-8.01071	-6.00031	0	
0	60.6842	-6.71391	-16.0703	-16.5187	-13.7299	-10.8717	-9.10727	-7.59544	-4.73333	0	
0	93.441	-2.59398	-17.4168	-19.0643	-15.4196	-10.823	-7.9022	-5.75154	-2.32707	0	
0	0	0	0	0	0	0	0	0	0	0	

0	3.87146e-14	2.55515e-13	-8.70891e-16	1.41207e-15	2.24867e-15	-2.53483e-15	1.45448e-15	-8.24045e-15	3.84928e-17	0	
0	6.59729	-3.63162	-7.60063	-7.21155	-5.85821	-5.32215	-5.60804	-5.76978	-5.06013	0	
0	34.8177	-1.84629	-12.6754	-12.4491	-10.1818	-8.37222	-6.85605	-5.48231	-2.5256	0	
0	79.5535	11.2404	-15.4039	-16.1486	-12.681	-7.45986	-1.27759	1.95434	6.74775	0	
0	126.028	35.7943	-14.8147	-17.1539	-11.5319	-1.43829	9.79025	14.2089	20.1135	0	
0	0	0	0	0	0	0	0	0	0	0	

0	4.8764e-14	2.41937e-13	4.7151e-15	1.15818e-15	3.28404e-15	3.72041e-15	-1.08469e-15	-4.11817e-16	4.5908e-15	0	
0	6.75439	-3.53408	-7.56464	-7.23956	-5.88301	-5.34857	-5.60474	-5.76393	-5.0492	0	
0	35.1903	-1.46802	-12.5704	-12.4577	-10.1155	-8.10958	-6.36007	-4.76937	-1.54237	0	
0	80.0027	12.164	-14.7232	-15.7733	-11.9308	-5.96698	0.602642	4.35016	9.76686	0	
0	126.117	37.2247	-12.2367	-15.3824	-8.94245	2.41475	13.8012	19.0884	25.9988	0	
0	0	0	0	0	0	0	0	0	0	0	

0	1.10484e-13	3.97593e-13	3.49598e-15	4.97307e-16	-1.49565e-15	1.85696e-15	-3.01561e-15	-3.84292e-15	6.5915e-15	0	
0	3.09727	-5.27028	-7.6532	-7.17281	-5.81096	-5.21354	-5.48226	-5.61421	-4.87523	0	
0	21.3681	-8.35523	-12.8061	-12.4251	-10.2608	-8.92122	-8.73565	-8.26837	-6.48554	0	
0	48.914	-8.38662	-16.1934	-16.5579	-13.8278	-11.1886	-9.68223	-8.54811	-6.28832	0	
0	74.2535	-5.9361	-17.8934	-19.2638	-15.7805	-11.6784	-9.1561	-7.6614	-5.22434	0	
0	0	0	0	0	0	0	0	0	0	0	

0	7.83717e-14	4.02692e-13	2.28718e-15	4.07633e-15	-2.09788e-15	3.21684e-15	-2.08426e-15	-7.61668e-15	7.45323e-16	0	
0	5.07406	-4.88754	-7.6261	-7.19205	-5.82944	-5.24348	-5.50413	-5.6427	-4.9104	0	
0	28.695	-6.86533	-12.7331	-12.4338	-10.2215	-8.73145	-8.26744	-7.54323	-5.40267	0	
0	64.9286	-4.105	-15.7367	-16.3257	-13.3308	-9.99798	-7.71613	-5.95777	-2.89069	0	
0	100.095	2.4716	-16.158	-18.1337	-14.0236	-8.56202	-4.95911	-2.53686	1.06181	0	
0	0	0	0	0	0	0	0	0	0	0	

0	5.94931e-14	2.7652e-13	-5.02189e-15	-1.06263e-15	2.20715e-15	-7.55551e-15	-4.69417e-15	-8.00981e-15	4.34017e-16	0	
0	6.42896	-3.93376	-7.60198	-7.21137	-5.85614	-5.31053	-5.58653	-5.74514	-5.03252	0	
0	34.1485	-3.03464	-12.6786	-12.4487	-10.1842	-8.42638	-7.1658	-5.91562	-3.10242	0	
0	77.9358	7.55525	-15.4241	-16.1461	-12.7232	-7.83765	-2.68891	0.285609	4.79659	0	
0	123.113	27.4667	-14.8959	-17.1449	-11.6922	-2.49989	6.50126	10.6018	16.16	0	
0	0	0	0	0	0	0	0	0	0	0	

0	9.16069e-14	3.88189e-13	7.52193e-15	-3.61646e-15	3.71299e-15	4.43166e-15	-2.7563e-15	-3.98596e-15	1.93059e-15	0	
0	5.48857	-4.82017	-7.62681	-7.18843	-5.82694	-5.24244	-5.50457	-5.64608	-4.91761	0	
0	30.2773	-6.55915	-12.7348	-12.4313	-10.2247	-8.72978	-8.23454	-7.44438	-5.1613	0	
0	68.5077	-3.18649	-15.7494	-16.3604	-13.3825	-9.99694	-7.58196	-5.6023	-2.12509	0	
0	106.103	4.32018	-16.2092	-18.3099	-14.2123	-8.56351	-4.67103	-1.82337	2.50251	0	
0	0	0	0	0	0	0	0	0	0	0	

0	5.00144e-14	2.4431e-13	3.42481e-15	8.8884e-16	-2.43936e-15	7.37593e-16	2.8529e-15	-4.63888e-15	2.14539e-15	0	
0	6.64534	-3.34051	-7.58129	-7.23328	-5.88423	-5.37419	-5.66252	-5.82789	-5.11901	0	
0	35.0254	-0.714854	-12.6275	-12.4639	-10.142	-8.12314	-6.06924	-4.45384	-1.29911	0	
0	80.0991	14.7944	-15.1061	-15.9347	-12.0773	-5.72808	2.34463	5.96277	10.9547	0	
0	127.066	44.0735	-13.6367	-16.0351	-9.25961	3.47835	18.4337	23.085	28.84	0	
0	0	0	0	0	0	0	0	0	0	0	

0	6.26713e-14	3.18724e-13	2.38758e-15	-1.20299e-15	4.80153e-16	3.41382e-15	-1.33972e-15	-7.50324e-15	1.30775e-15	0	
0	6.52965	-4.00195	-7.59945	-7.21053	-5.85163	-5.29258	-5.55508	-5.70601	-4.98672	0	
0	34.3244	-3.37869	-12.6632	-12.4436	-10.179	-8.44744	-7.32251	-6.11697	-3.32413	0	
0	77.9867	6.27129	-15.3022	-16.1176	-12.7626	-8.15806	-3.62803	-0.714389	3.83679	0	
0	122.594	24.147	-14.4844	-17.0974	-11.9729	-3.61201	4.08226	8.23206	14.0249	0	
0	0	0	0	0	0	0	0	0	0	0	

0	8.01381e-14	3.8282e-13	-3.74627e-15	8.47189e-15	2.8962e-15	3.79105e-15	1.26158e-15	-5.39892e-15	1.35753e-15	0	
0	4.25194	-5.10584	-7.64924	-7.17641	-5.81499	-5.22191	-5.49149	-5.62486	-4.88763	0	
0	25.7396	-7.73425	-12.7963	-12.4275	-10.2547	-8.88176	-8.60561	-8.08392	-6.23647	0	
0	58.5908	-6.59288	-16.1332	-16.5225	-13.7355	-10.9192	-9.10926	-7.86784	-5.49004	0	
0	90.0032	-2.37467	-17.6594	-19.0813	-15.4416	-10.9535	-7.91151	-6.30296	-3.7422	0	
0	0	0	0	0	0	0	0	0	0	0	

0	9.22063e-14	4.19894e-13	2.85158e-15	2.98645e-15	6.13932e-15	1.35492e-15	-5.84993e-15	-5.05134e-15	-7.05625e-15	0	
0	4.99564	-4.9055	-7.62798	-7.18959	-5.8271	-5.24034	-5.50206	-5.64082	-4.90946	0	
0	28.3994	-6.96051	-12.7383	-12.4326	-10.2263	-8.75103	-8.31309	-7.59493	-5.44618	0	
0	64.2897	-4.39842	-15.7707	-16.3548	-13.3925	-10.1225	-7.90983	-6.14398	-3.02741	0	
0	99.0652	1.88166	-16.2891	-18.2776	-14.2448	-8.89254	-5.37835	-2.9101	0.805795	0	
0	0	0	0	0	0	0	0	0	0	0	

0	3.35964e-14	2.35174e-13	2.07755e-15	8.05782e-15	5.61568e-15	8.96938e-15	2.8186e-15	-4.10624e-15	-2.86141e-15	0	
0	6.60842	-3.56723	-7.61677	-7.20432	-5.85132	-5.31157	-5.60603	-5.75945	-5.03947	0	
0	34.8767	-1.61894	-12.7158	-12.4454	-10.1956	-8.43491	-6.9078	-5.68435	-3.01034	0	
0	79.7356	11.9389	-15.6446	-16.235	-12.8673	-7.87671	-1.50768	1.17752	5.11338	0	
0	126.404	37.4076	-15.7549	-17.5961	-12.2256	-2.60339	9.25134	12.5229	16.7999	0	
0	0	0	0	0	0	0	0	0	0	0	

0	1.13813e-13	4.27017e-13	1.05481e-14	-2.58964e-16	1.68487e-15	-1.13829e-15	7.85039e-16	-7.37702e-15	-2.17574e-15	0	
0	4.31515	-5.14123	-7.64059	-7.17864	-5.81642	-5.22245	-5.48679	-5.62344	-4.88976	0	
0	25.7995	-7.82073	-12.7713	-12.4264	-10.2455	-8.84727	-8.56855	-7.95816	-5.92637	0	
0	58.3817	-6.85698	-15.9763	-16.4739	-13.6556	-10.7513	-9.00891	-7.46311	-4.5569	0	
0	89.184	-3.00629	-17.0782	-18.8709	-15.1897	-10.562	-7.75159	-5.54538	-2.05342	0	
0	0	0	0	0	0	0	0	0	0	0	

0	3.83128e-14	2.61147e-13	-4.20946e-15	2.86058e-15	5.85207e-15	-8.85916e-16	8.01644e-15	-5.28035e-15	-4.57825e-15	0	
0	6.56281	-3.52147	-7.61022	-7.21242	-5.86018	-5.32829	-5.62129	-5.77498	-5.05727	0	
0	34.7404	-1.51624	-12.6998	-12.4522	-10.1862	-8.37277	-6.73448	-5.44412	-2.7078	0	
0	79.5231	12.2402	-15.5379	-16.1705	-12.694	-7.41846	-0.697342	2.11219	6.14598	0	
0	126.162	38.1567	-15.3268	-17.2489	-11.5693	-1.30639	11.164	14.5558	18.8945	0	
0	0	0	0	0	0	0	0	0	0	0	

0	7.90869e-14	4.11343e-13	7.27762e-15	4.16942e-15	-5.42463e-16	2.38714e-15	-5.14857e-15	-4.30655e-15	1.93259e-15	0	
0	6.0744	-4.5154	-7.62395	-7.19229	-5.83115	-5.25264	-5.51769	-5.65987	-4.93371	0	
0	32.5785	-5.48068	-12.7287	-12.4351	-10.2211	-8.69146	-8.056	-7.19576	-4.84482	0	
0	73.967	-0.0755023	-15.7115	-16.3368	-13.3088	-9.72374	-6.79712	-4.68552	-1.09783	0	
0	115.657	10.6984	-16.0604	-18.1804	-13.9404	-7.82446	-2.95131	0.0362603	4.45769	0	
0	0	0	0	0	0	0	0	0	0	0	

0	6.89599e-14	3.71312e-13	-2.23983e-15	1.42588e-15	-5.47524e-16	-2.34843e-15	1.68771e-15	7.02153e-16	3.3276e-15	0	
0	4.74336	-4.99514	-7.64683	-7.17864	-5.81754	-5.22747	-5.49791	-5.63234	-4.89638	0	
0	27.6399	-7.31357	-12.7904	-12.4291	-10.251	-8.85615	-8.51734	-7.95718	-6.06342	0	
0	62.9271	-5.36569	-16.0966	-16.5014	-13.6781	-10.7428	-8.71775	-7.39778	-4.93268	0	
0	97.2935	0.0967249	-17.5167	-18.9714	-15.2296	-10.4759	-7.05545	-5.35844	-2.70126	0	
0	0	0	0	0	0	0	0	0	0	0	

0	8.69936e-14	4.03047e-13	7.45993e-15	-9.69027e-16	1.88052e-15	-1.00619e-15	3.30913e-15	-6.79987e-15	-3.84343e-16	0	
0	5.27591	-4.80933	-7.62605	-7.19139	-5.82912	-5.24484	-5.50692	-5.64637	-4.91637	0	
0	29.5035	-6.61689	-12.7336	-12.434	-10.2236	-8.73067	-8.24055	-7.48703	-5.29351	0	
0	66.8856	-3.41042	-15.7414	-16.3399	-13.3499	-9.98411	-7.59411	-5.7492	-2.53705	0	
0	103.535	3.8774	-16.1759	-18.2002	-14.0899	-8.52151	-4.69113	-2.11535	1.72997	0	
0	0	0	0	0	0	0	0	0	0	0	

0	2.32717e-14	2.53325e-13	-4.81162e-15	3.01758e-15	5.65764e-16	2.24777e-15	-1.53949e-15	-6.96309e-15	4.13217e-15	0	
0	6.51522	-3.83744	-7.62834	-7.19516	-5.8391	-5.28207	-5.57095	-5.71718	-4.99187	0	
0	34.522	-2.73414	-12.7447	-12.4402	-10.2173	-8.58997	-7.45022	-6.45863	-4.06413	0	
0	78.9232	8.44409	-15.8174	-16.3368	-13.1741	-8.92525	-3.95651	-1.77776	1.59751	0	
0	124.993	29.473	-16.4272	-18.1182	-13.3639	-5.50992	3.59204	6.2157	9.80999	0	
0	0	0	0	0	0	0	0	0	0	0	

0	4.61605e-14	3.09374e-13	1.02845e-15	4.97202e-15	3.81383e-15	1.27952e-15	-1.72372e-15	-3.2385e-15	-1.56969e-15	0	
0	6.51844	-4.05412	-7.61164	-7.20291	-5.84392	-5.27947	-5.54589	-5.69276	-4.96891	0	
0	34.2833	-3.59342	-12.6958	-12.4401	-10.195	-8.52774	-7.50373	-6.42891	-3.83884	0	
0	77.8983	5.61434	-15.5065	-16.21	-12.9694	-8.67424	-4.41496	-1.86969	2.15425	0	
0	122.449	22.7231	-15.2722	-17.554	-12.7196	-5.00899	2.3167	5.81999	10.7237	0	
0	0	0	0	0	0	0	0	0	0	0	

0	3.59748e-14	3.05035e-13	3.05691e-15	2.2122e-15	3.42144e-15	-1.09785e-15	-1.23754e-15	-8.81383e-15	4.31386e-15	0	
0	6.36099	-3.88341	-7.62613	-7.19934	-5.84305	-5.28828	-5.57465	-5.71892	-4.99541	0	
0	34.0123	-3.06752	-12.7397	-12.4446	-10.2167	-8.58612	-7.47207	-6.4844	-4.10394	0	
0	77.9646	7.36186	-15.7777	-16.315	-13.1249	-8.85855	-4.02724	-1.86321	1.48157	0	
0	123.595	27.1316	-16.262	-17.991	-13.1704	-5.30934	3.4433	6.04147	9.59011	0	
0	0	0	0	0	0	0	0	0	0	0	

0	5.42155e-14	3.61869e-13	2.54286e-15	8.57113e-15	-4.93247e-17	6.21098e-15	-5.37584e-16	-2.33802e-15	2.49528e-15	0	
0	6.25213	-4.19368	-7.61585	-7.20056	-5.84041	-5.27207	-5.53887	-5.68238	-4.95924	0	
0	33.3438	-4.3538	-12.7082	-12.4408	-10.2073	-8.60024	-7.73844	-6.7536	-4.27512	0	
0	75.966	3.22194	-15.5821	-16.2584	-13.1022	-9.10707	-5.40509	-3.05298	0.753998	0	
0	119.4	17.6497	-15.5592	-17.7818	-13.1899	-6.16067	0.12481	3.37935	8.01507	0	
0	0	0	0	0	0	0	0	0	0	0	

0	4.68324e-14	3.32589e-13	6.28657e-15	2.16224e-15	7.39262e-16	-6.57605e-16	1.48756e-15	-4.24664e-15	-2.58388e-15	0	
0	5.88646	-4.28994	-7.63529	-7.19245	-5.83371	-5.2646	-5.54375	-5.68099	-4.95332	0	
0	32.2862	-4.82146	-12.7628	-12.4409	-10.2343	-8.71701	-7.97429	-7.19801	-5.07361	0	
0	74.2501	1.93609	-15.9155	-16.3949	-13.3671	-9.73113	-6.2621	-4.54707	-1.69677	0	
0	117.465	15.3405	-16.7969	-18.398	-14.0641	-7.69947	-1.60229	0.454397	3.43567	0	
0	0	0	0	0	0	0	0	0	0	0	

0	7.5678e-14	3.65045e-13	-1.62602e-15	2.21921e-15	1.00502e-15	4.50656e-15	-2.34525e-15	-4.90819e-15	-4.67439e-16	0	
0	5.79744	-4.42635	-7.61943	-7.19845	-5.8372	-5.26348	-5.52857	-5.66918	-4.94449	0	
0	31.6534	-5.36915	-12.718	-12.4401	-10.2151	-8.65891	-7.96583	-7.08586	-4.74494	0	
0	72.24	0.13998	-15.6428	-16.2883	-13.1964	-9.47555	-6.378	-4.26689	-0.756193	0	
0	113.184	11.1954	-15.7921	-17.9267	-13.527	-7.14502	-2.01815	0.895694	5.11882	0	
0	0	0	0	0	0	0	0	0	0	0	

0	5.66363e-14	3.45706e-13	1.33946e-15	-2.93716e-15	3.76786e-15	-4.25045e-15	2.85129e-15	-5.69273e-15	-4.63059e-15	0	
0	5.68367	-4.51025	-7.64003	-7.18746	-5.82775	-5.25073	-5.52698	-5.66238	-4.93112	0	
0	31.4561	-5.61258	-12.7744	-12.4369	-10.2413	-8.77266	-8.18221	-7.4999	-5.48492	0	
0	72.204	-0.413487	-15.9901	-16.4368	-13.4884	-10.1291	-7.20157	-5.68239	-3.04326	0	
0	113.757	10.3396	-17.0918	-18.6203	-14.5174	-8.79295	-3.70154	-1.87593	0.866084	0	
0	0	0	0	0	0	0	0	0	0	0	

0	5.88508e-14	3.73788e-13	6.07439e-15	9.77073e-15	3.63106e-15	-2.59928e-15	-1.9001e-15	-8.46987e-15	6.85192e-15	0	
0	5.62916	-4.54202	-7.6215	-7.19663	-5.83494	-5.25777	-5.52192	-5.66164	-4.93482	0	
0	30.9906	-5.76734	-12.723	-12.4386	-10.2176	-8.68259	-8.05769	-7.22958	-4.95874	0	
0	70.6699	-1.01133	-15.6746	-16.3016	-13.2402	-9.64024	-6.7824	-4.79672	-1.44839	0	
0	110.433	8.80492	-15.9157	-17.9971	-13.6875	-7.59041	-2.90902	-0.183693	3.79804	0	
0	0	0	0	0	0	0	0	0	0	0	

0	3.55248e-14	2.91302e-13	-3.6694e-15	-1.51766e-15	2.31829e-15	1.17175e-15	5.37773e-15	9.18557e-16	-5.07817e-15	0	
0	6.17098	-4.0587	-7.63552	-7.19308	-5.83517	-5.27018	-5.55507	-5.69209	-4.96345	0	
0	33.3672	-3.88734	-12.7636	-12.4415	-10.2324	-8.69167	-7.81429	-7.01026	-4.88032	0	
0	76.7108	4.7824	-15.9206	-16.3905	-13.3363	-9.55516	-5.54501	-3.83989	-1.06198	0	
0	121.706	21.4761	-16.8166	-18.3736	-13.9491	-7.21648	0.00855507	1.91623	4.65552	0	
0	0	0	0	0	0	0	0	0	0	0	

0	5.50916e-14	3.16777e-13	5.65568e-15	8.97378e-15	4.61406e-15	4.37983e-15	-3.52999e-16	-7.5577e-15	4.62152e-15	0	
0	6.16504	-4.14994	-7.61669	-7.20179	-5.84136	-5.27334	-5.54171	-5.68257	-4.95814	0	
0	33.1041	-4.31483	-12.7111	-12.4423	-10.2083	-8.60912	-7.75178	-6.81356	-4.43146	0	
0	75.6749	3.27659	-15.6002	-16.2552	-13.0994	-9.14413	-5.44473	-3.26283	0.261253	0	
0	119.223	17.799	-15.6276	-17.7592	-13.1752	-6.25178	0.045261	2.95276	7.07171	0	
0	0	0	0	0	0	0	0	0	0	0	

0	4.4448e-14	2.91023e-13	-5.74825e-15	-2.88096e-15	1.52205e-15	2.28045e-15	4.50158e-15	-3.61809e-15	-9.04287e-15	0	
0	6.08494	-3.97461	-7.63455	-7.19521	-5.83775	-5.27655	-5.56365	-5.70004	-4.97272	0	
0	33.1505	-3.65664	-12.7615	-12.4437	-10.2312	-8.67511	-7.73561	-6.90745	-4.76258	0	
0	76.5109	5.45433	-15.9045	-16.3791	-13.2976	-9.4199	-5.17562	-3.44448	-0.665354	0	
0	121.731	22.9977	-16.7498	-18.3077	-13.8006	-6.83658	0.849861	2.74072	5.42478	0	
0	0	0	0	0	0	0	0	0	0	0	

0	6.63497e-14	2.93474e-13	3.43503e-15	8.20195e-15	7.18535e-15	6.84653e-15	6.63125e-15	-5.81083e-15	-8.2479e-16	0	
0	6.07562	-4.05922	-7.61525	-7.20388	-5.84375	-5.279	-5.54896	-5.68929	-4.96618	0	
0	32.8759	-4.08039	-12.708	-12.4444	-10.2066	-8.59235	-7.67881	-6.71702	-4.31865	0	
0	75.4527	3.93261	-15.5804	-16.2424	-13.0599	-9.01542	-5.11147	-2.89832	0.637575	0	
0	119.214	19.2413	-15.5497	-17.6888	-13.0281	-5.89712	0.792812	3.7072	7.80189	0	
0	0	0	0	0	0	0	0	0	0	0	

0	4.89507e-14	2.81092e-13	-5.74655e-15	4.71097e-15	1.20721e-15	2.19056e-15	-1.87562e-15	-1.41734e-15	-7.15085e-15	0	
0	6.01149	-3.90719	-7.63378	-7.19702	-5.83994	-5.28197	-5.57097	-5.70682	-4.98077	0	
0	32.9662	-3.47817	-12.7599	-12.4457	-10.2304	-8.66198	-7.67144	-6.82209	-4.66338	0	
0	76.3409	5.97336	-15.8916	-16.3702	-13.2666	-9.30983	-4.87213	-3.1149	-0.329906	0	
0	121.752	24.1855	-16.6957	-18.2548	-13.6807	-6.52599	1.54406	3.43036	6.0775	0	
0	0	0	0	0	0	0	0	0	0	0	

0	5.97562e-14	2.7708e-13	8.35284e-15	8.3762e-15	4.1395e-15	4.83685e-16	1.08205e-15	-4.01792e-15	3.31143e-15	0	
0	6.01328	-3.99154	-7.61408	-7.20564	-5.84573	-5.28368	-5.5549	-5.6948	-4.97287	0	
0	32.7204	-3.90967	-12.7056	-12.4461	-10.2053	-8.57941	-7.62167	-6.64027	-4.22778	0	
0	75.3126	4.4101	-15.5647	-16.2324	-13.0287	-8.91385	-4.84879	-2.60747	0.941806	0	
0	119.241	20.3004	-15.4872	-17.6331	-12.9115	-5.6161	1.38427	4.31109	8.39395	0	
0	0	0	0	0	0	0	0	0	0	0	

0	4.73425e-14	2.80363e-13	-1.13248e-14	4.39075e-15	6.21005e-15	1.48156e-15	6.01429e-15	-8.45496e-15	2.55256e-15	0	
0	5.94709	-3.86357	-7.63331	-7.19835	-5.84152	-5.28587	-5.57618	-5.71154	-4.98654	0	
0	32.797	-3.37704	-12.759	-12.4472	-10.2301	-8.65405	-7.63067	-6.76706	-4.59957	0	
0	76.1536	6.26129	-15.8834	-16.3645	-13.2465	-9.23871	-4.67611	-2.90081	-0.112122	0	
0	121.677	24.8589	-16.6604	-18.2201	-13.602	-6.32356	1.99482	3.87998	6.50292	0	
0	0	0	0	0	0	0	0	0	0	0	

0	6.67103e-14	2.70511e-13	8.88972e-15	1.16184e-14	1.02807e-15	1.22218e-14	-1.95017e-15	-1.41126e-14	8.10429e-15	0	
0	5.95343	-3.94587	-7.61328	-7.20692	-5.84716	-5.28709	-5.55929	-5.69877	-4.97782	0	
0	32.5609	-3.80916	-12.7039	-12.4475	-10.2047	-8.57143	-7.5847	-6.59004	-4.16857	0	
0	75.1269	4.68319	-15.5543	-16.226	-13.0083	-8.84733	-4.67584	-2.41552	1.14194	0	
0	119.143	20.918	-15.4458	-17.5962	-12.8342	-5.43055	1.77574	4.7111	8.78493	0	
0	0	0	0	0	0	0	0	0	0	0	

0	5.60628e-14	2.68529e-13	-9.13058e-15	-9.48674e-16	1.90992e-15	8.86828e-15	5.33915e-15	-8.10591e-15	-7.19735e-16	0	
0	5.89006	-3.8343	-7.63302	-7.19935	-5.84268	-5.28874	-5.58001	-5.7149	-4.99078	0	
0	32.6428	-3.32102	-12.7585	-12.4484	-10.2301	-8.64942	-7.60486	-6.7316	-4.55869	0	
0	75.9653	6.41454	-15.8781	-16.361	-13.2334	-9.19271	-4.54918	-2.76151	0.0290932	0	
0	121.556	25.2297	-16.6372	-18.1972	-13.5502	-6.19119	2.28833	4.17351	6.77984	0	
0	0	0	0	0	0	0	0	0	0	0	

0	6.24437e-14	2.69517e-13	6.06182e-15	1.00511e-14	1.332e-15	1.23447e-14	4.08769e-15	-1.42787e-14	9.05789e-15	0	
0	5.90182	-3.91678	-7.61276	-7.20781	-5.84813	-5.28942	-5.56234	-5.70146	-4.98124	0	
0	32.4179	-3.75617	-12.703	-12.4485	-10.2045	-8.56704	-7.56287	-6.55995	-4.13332	0	
0	74.9395	4.81979	-15.548	-16.2222	-12.9959	-8.80736	-4.57136	-2.29928	1.26256	0	
0	118.993	21.2362	-15.4205	-17.5735	-12.787	-5.31795	2.0135	4.95413	9.02147	0	
0	0	0	0	0	0	0	0	0	0	0	

0	5.31566e-14	2.73066e-13	-1.07638e-14	-2.15255e-16	4.65611e-15	2.90457e-15	7.54372e-15	-3.90699e-15	1.44952e-15	0	
0	5.84491	-3.81502	-7.63286	-7.20007	-5.84351	-5.29078	-5.5827	-5.71721	-4.99375	0	
0	32.5188	-3.29082	-12.7582	-12.4493	-10.2302	-8.64681	-7.58893	-6.70934	-4.5332	0	
0	75.8069	6.4928	-15.8748	-16.3588	-13.2252	-9.16375	-4.46904	-2.67326	0.118153	0	
0	121.438	25.4275	-16.6224	-18.1825	-13.5169	-6.10695	2.47457	4.36	6.95506	0	
0	0	0	0	0	0	0	0	0	0	0	

0	5.73481e-14	2.66481e-13	1.08154e-14	4.50807e-15	3.29938e-15	1.08484e-14	6.25136e-15	-7.64888e-15	5.2282e-15	0	
0	5.86114	-3.89839	-7.61244	-7.20841	-5.84878	-5.29098	-5.56439	-5.70323	-4.98354	0	
0	32.3028	-3.7292	-12.7024	-12.4492	-10.2044	-8.5647	-7.55026	-6.54226	-4.11274	0	
0	74.7801	4.88403	-15.5442	-16.22	-12.9886	-8.78381	-4.50942	-2.23019	1.33391	0	
0	118.847	21.3925	-15.4053	-17.5599	-12.7586	-5.25087	2.15522	5.09905	9.16189	0	
0	0	0	0	0	0	0	0	0	0	0	

0	6.0352e-14	2.76752e-13	-1.1128e-14	-1.79235e-15	4.26788e-15	7.79698e-15	5.70433e-15	-9.15322e-15	-2.51307e-15	0	
0	5.81824	-3.80562	-7.63279	-7.20045	-5.84394	-5.29183	-5.58409	-5.71837	-4.99529	0	
0	32.4447	-3.28005	-12.7582	-12.4497	-10.2303	-8.64584	-7.582	-6.6994	-4.52191	0	
0	75.709	6.51753	-15.8734	-16.3579	-13.2215	-9.1508	-4.43296	-2.63332	0.158258	0	
0	121.357	25.4963	-16.6156	-18.1758	-13.5016	-6.06874	2.55894	4.44468	7.03429	0	
0	0	0	0	0	0	0	0	0	0	0	

0	5.76685e-14	2.6865e-13	9.95454e-15	3.64297e-15	-2.5479e-15	1.94011e-14	6.58253e-15	-8.57211e-15	6.25223e-15	0	
0	5.83602	-3.88896	-7.61228	-7.20873	-5.84912	-5.29182	-5.56551	-5.70418	-4.9848	0	
0	32.2308	-3.71885	-12.7022	-12.4496	-10.2045	-8.56375	-7.54449	-6.53399	-4.10319	0	
0	74.6767	4.90512	-15.5424	-16.219	-12.9851	-8.77276	-4.48018	-2.19744	1.36756	0	
0	118.744	21.4485	-15.3979	-17.5534	-12.7449	-5.21899	2.22252	5.16794	9.22837	0	
0	0	0	0	0	0	0	0	0	0	0	

0	5.62928e-14	2.75587e-13	-1.71617e-14	4.05367e-16	3.68764e-15	8.17654e-15	5.16064e-15	-1.19978e-14	7.96816e-15	0	
0	5.80112	-3.8004	-7.63276	-7.20067	-5.84419	-5.29244	-5.5849	-5.71903	-4.99618	0	
0	32.3968	-3.27603	-12.7582	-12.45	-10.2304	-8.64547	-7.5786	-6.69439	-4.51627	0	
0	75.6444	6.52459	-15.8727	-16.3575	-13.2196	-9.14429	-4.41464	-2.61292	0.178644	0	
0	121.301	25.5208	-16.6122	-18.1723	-13.4938	-6.04919	2.60206	4.48807	7.07472	0	
0	0	0	0	0	0	0	0	0	0	0	

0	5.57912e-14	2.68716e-13	1.49322e-14	2.19815e-15	2.7121e-15	1.80492e-14	3.57959e-15	-1.45342e-14	1.13388e-14	0	
0	5.82496	-3.8851	-7.61221	-7.20887	-5.84927	-5.29217	-5.56598	-5.70457	-4.98532	0	
0	32.1989	-3.71526	-12.702	-12.4498	-10.2045	-8.56341	-7.54226	-6.53076	-4.09947	0	
0	74.6304	4.91155	-15.5417	-16.2187	-12.9838	-8.76843	-4.46868	-2.18454	1.38079	0	
0	118.697	21.467	-15.395	-17.5508	-12.7395	-5.2064	2.24908	5.19514	9.25455	0	
0	0	0	0	0	0	0	0	0	0	0	

0	5.83865e-14	2.72307e-13	-1.20096e-14	-3.25043e-15	-3.44105e-15	5.76637e-15	-7.86103e-16	-1.24541e-14	3.69328e-15	0	
0	5.79186	-3.79793	-7.63275	-7.20078	-5.84431	-5.29274	-5.58529	-5.71935	-4.99661	0	
0	32.3707	-3.27511	-12.7582	-12.4502	-10.2305	-8.64538	-7.57724	-6.69229	-4.51393	0	
0	75.6087	6.52461	-15.8724	-16.3573	-13.2188	-9.14156	-4.40688	-2.60421	0.187297	0	
0	121.269	25.5255	-16.6107	-18.1708	-13.4904	-6.04084	2.62047	4.50665	7.09196	0	
0	0	0	0	0	0	0	0	0	0	0	

0	6.97962e-14	2.64757e-13	1.11731e-14	4.52304e-15	1.29093e-14	1.01259e-14	2.76441e-15	-9.26546e-15	1.39813e-14	0	
0	5.76021	-3.86611	-7.61189	-7.20958	-5.85	-5.29398	-5.56843	-5.70659	-4.98808	0	
0	32.0109	-3.7052	-12.7016	-12.4507	-10.2048	-8.56233	-7.53294	-6.51667	-4.08333	0	
0	74.3521	4.91742	-15.5386	-16.2171	-12.9778	-8.74957	-4.4181	-2.1272	1.43951	0	
0	118.404	21.5053	-15.3818	-17.539	-12.7152	-5.15056	2.36684	5.31651	9.37141	0	
0	0	0	0	0	0	0	0	0	0	0	

0	5.67342e-14	2.65288e-13	-1.40682e-14	-1.74221e-15	1.45005e-15	2.34092e-15	5.04534e-15	-1.31909e-14	-2.10245e-15	0	
0	5.78811	-3.797	-7.63275	-7.20083	-5.84436	-5.29286	-5.58545	-5.71947	-4.99678	0	
0	32.3601	-3.27502	-12.7582	-12.4502	-10.2306	-8.64536	-7.57679	-6.69157	-4.51315	0	
0	75.594	6.52377	-15.8723	-16.3573	-13.2185	-9.14064	-4.40422	-2.60119	0.190276	0	
0	121.255	25.5256	-16.6102	-18.1703	-13.4892	-6.03795	2.62684	4.51311	7.09793	0	
0	0	0	0	0	0	0	0	0	0	0	

0	7.28694e-14	2.71344e-13	5.66237e-15	7.62429e-15	1.34516e-14	1.60188e-14	4.57612e-15	-8.74177e-15	1.64861e-14	0	
0	5.75987	-3.86611	-7.61189	-7.20958	-5.85	-5.29398	-5.56843	-5.70659	-4.98809	0	
0	32.0098	-3.70548	-12.7016	-12.4507	-10.2048	-8.56235	-7.533	-6.51674	-4.08342	0	
0	74.3504	4.91648	-15.5386	-16.2171	-12.9778	-8.74967	-4.41835	-2.12747	1.43923	0	
0	118.402	21.5033	-15.3818	-17.5391	-12.7153	-5.15082	2.3663	5.31596	9.37088	0	
0	0	0	0	0	0	0	0	0	0	0	

