0.000000
0.000000
0.000000
0.000003
0.000080
0.000830
0.004525
0.017630
0.050821
0.121741
0.253173
0.501895
0.898504
1.489385
2.313245
3.414099
4.834865
6.606068
8.764410
11.341648
14.357599
27.573596
45.690047
69.260082
98.753094
134.559015
176.994679
226.311114
282.701023
346.306012
417.223337
457.395735
498.170127
539.424924
581.051269
622.951931
665.040240
707.239092
749.479920
791.701960
833.851454
799.316781
765.473710
732.324313
699.869819
668.113745
637.057932
606.704087
577.054383
548.110296
519.874030
482.154174
445.875904
411.048984
377.683325
345.791384
315.377433
286.447823
259.011399
233.065585
208.611668
195.262962
182.395220
170.004769
158.095598
146.661153
135.696491
125.204709
115.178609
105.611853
96.506335
92.478098
88.497339
84.572847
80.704448
76.890866
73.141643
69.457166
65.835396
62.286566
58.811783
55.408065
52.086233
48.848269
45.690047
42.622814
39.649561
36.764795
33.979951
31.299122
28.715198
23.877153
19.476467
15.543689
12.087163
9.104263
6.609271
4.582724
2.995013
1.825073
1.012691
