0.000000
0.000000
0.000000
0.000000
0.000000
0.000007
0.000074
0.000414
0.001587
0.004718
0.011694
0.027728
0.057620
0.108086
0.186945
0.302834
0.464913
0.682593
0.965296
1.322269
1.762435
3.623856
6.372809
10.179221
15.203233
21.592620
29.481385
38.989222
50.221583
63.270168
78.213662
87.801812
97.748985
108.019569
118.579953
129.398589
140.446003
151.694758
163.119389
174.696326
186.403796
177.925873
169.656071
161.594101
153.739623
146.092237
138.651480
131.416832
124.387703
117.563437
110.943310
101.823352
93.139926
84.891742
77.076969
69.693186
62.737334
56.205666
50.093694
44.396130
39.106831
36.300180
33.618411
31.059901
28.622939
26.305724
24.106360
22.022855
20.053121
18.194970
16.446114
15.583330
14.740693
13.918704
13.117857
12.338640
11.581531
10.846997
10.135489
9.447443
8.783275
8.143377
7.528115
6.937826
6.372809
5.833329
5.319605
4.831808
4.370057
3.934412
3.524869
2.783724
2.145101
1.606100
1.162284
0.807558
0.534129
0.332573
0.192068
0.100828
0.046775
