0.000000
0.000000
0.000000
0.000000
0.000012
0.000168
0.001210
0.005583
0.018923
0.051381
0.118122
0.257245
0.497189
0.880929
1.450032
2.246538
3.313868
4.700492
6.445438
8.581885
11.143590
22.202111
38.228070
60.097294
88.182320
123.261869
165.897041
216.593918
275.712875
343.603427
420.525633
467.265811
515.321562
564.508339
614.669650
665.693460
717.426284
768.917799
820.253955
871.797734
923.466464
883.468779
844.354070
806.124597
768.779778
732.320492
696.747423
662.061049
628.261627
595.349187
563.324204
519.494968
477.248920
436.940311
398.572052
362.156484
327.680315
295.137560
264.519094
235.825510
209.029469
194.648067
180.859459
167.658123
155.038116
142.997611
131.458617
120.486747
110.074620
100.214253
90.897057
86.514633
82.215687
78.005915
73.890261
69.866231
65.936403
62.103352
58.369637
54.737800
51.210349
47.791637
44.491016
41.302417
38.228070
35.270101
32.460803
29.788204
27.229048
24.785432
22.471275
18.202466
14.419542
11.125979
8.327854
6.017505
4.158350
2.718623
1.661013
0.936849
0.472857
