0.000000
0.000000
0.000000
0.000000
0.000000
0.000000
0.000007
0.000050
0.000302
0.001236
0.003813
0.011795
0.029154
0.065555
0.129566
0.239479
0.408181
0.662675
1.018965
1.510969
2.156401
4.862100
9.280717
15.915499
25.302494
37.994506
54.587911
75.565538
101.433768
132.672822
169.818339
196.816736
225.641561
256.207306
288.479605
322.327858
357.639584
394.325042
432.326086
471.548680
511.880279
485.847374
460.614033
436.182529
412.516146
389.608155
367.477173
346.117509
325.494985
305.601907
286.458333
259.288698
233.746137
209.842995
187.511743
166.753363
147.501173
129.743898
113.415722
98.492497
84.909170
77.944275
71.354278
65.130294
59.304910
53.828456
48.688208
43.874600
39.416921
35.263918
31.405194
29.297383
27.293955
25.360999
23.498597
21.711146
20.026487
18.412275
16.868329
15.400966
14.032362
12.732399
11.500568
10.344697
9.280717
8.281406
7.345872
6.482800
5.701657
4.978757
4.312802
3.180987
2.264366
1.559235
1.020453
0.638610
0.370188
0.201708
0.097178
0.042889
0.015252
