0.000000
0.000000
0.000000
0.000002
0.000050
0.000564
0.003379
0.014203
0.043619
0.108356
0.231439
0.476345
0.871967
1.477363
2.330774
3.495743
5.003038
6.913663
9.247821
12.060133
15.360097
30.006165
50.662180
78.066007
112.739378
155.185026
205.988055
265.540888
334.153192
412.080396
499.461536
550.220921
601.981155
654.593162
706.904685
759.091900
811.491554
863.998913
916.510341
968.940073
1021.211770
978.579333
936.811588
895.911373
855.881405
816.725662
778.445742
741.043904
704.522247
668.885480
634.133036
587.612563
542.886740
499.963409
458.867627
419.601129
381.499555
345.358721
311.196006
278.992267
248.760658
232.363106
216.588405
201.421117
186.835019
172.860608
159.494020
146.741825
134.587779
123.026140
112.050550
107.086422
102.196677
97.384014
92.651180
88.014427
83.463976
79.002712
74.633555
70.375066
66.215474
62.157760
58.204909
54.377714
50.662180
47.061218
43.577688
40.234304
37.014630
33.921226
30.956516
25.568147
20.681507
16.360286
12.570823
9.363067
6.684423
4.559941
2.913798
1.735388
0.926903
