0.000000
0.000000
0.000000
0.000000
0.000002
0.000032
0.000322
0.001793
0.006875
0.020446
0.050673
0.119818
0.248298
0.464462
0.801074
1.294015
1.980973
2.900259
4.089786
5.586269
7.424600
15.258503
26.897321
43.044821
64.389636
91.673080
125.444954
166.238517
214.522445
270.701412
334.972563
376.051608
418.671679
462.680422
507.934030
554.297514
601.644744
649.858293
698.829178
748.456502
798.647058
762.258665
726.747206
692.103058
658.345558
625.474485
593.489255
562.388915
532.172133
502.837188
474.381961
435.202035
397.904517
362.485662
328.938984
297.255067
267.421367
239.422014
213.237594
188.844932
166.216863
154.214752
142.752335
131.822401
121.417336
111.529111
102.149279
93.263543
84.807887
76.841778
69.354854
65.694908
62.122253
58.638910
55.246879
51.948123
48.744566
45.638079
42.630469
39.723473
36.918741
34.264356
31.708189
29.251979
26.897321
24.645655
22.498241
20.456141
18.520194
16.690995
14.968868
11.845620
9.146674
6.862306
4.976108
3.464413
2.296037
1.432501
0.828963
0.436046
0.202692
