0	8.94597e+17	8.74023e+17	8.28269e+17	8.02942e+17	8.29702e+17	8.68589e+17	8.92773e+17	9.10652e+17	9.29104e+17	0	
0	0	0	0	0	0	0	0	0	0	0	

0	7.27773e+14	1.02564e+15	1.95982e+15	2.89812e+15	2.70419e+15	2.05083e+15	1.54816e+15	1.08447e+15	6.3523e+14	0	
0	0	0	0	0	0	0	0	0	0	0	

0	4.492e+10	2.44248e+11	4.08578e+12	6.69983e+12	4.55979e+12	2.14687e+12	1.05413e+12	6.93487e+11	3.68602e+11	0	
0	0	0	0	0	0	0	0	0	0	0	

0	8.31015e+13	1.17803e+14	2.29148e+14	3.47091e+14	3.21335e+14	2.39505e+14	1.78744e+14	1.23784e+14	7.17175e+13	0	
0	0	0	0	0	0	0	0	0	0	0	

0	1.20418e+10	1.33626e+11	2.84416e+12	4.93943e+12	3.29975e+12	1.49394e+12	7.2953e+11	4.69574e+11	2.42063e+11	0	
0	0	0	0	0	0	0	0	0	0	0	

0	3.26125e+09	2.52645e+10	4.46669e+11	7.1439e+11	4.90178e+11	2.34541e+11	1.1641e+11	7.68884e+10	4.05878e+10	0	
0	0	0	0	0	0	0	0	0	0	0	

0	1.08586e+10	7.36538e+10	1.29142e+12	2.14845e+12	1.45727e+12	6.77416e+11	3.27486e+11	2.11274e+11	1.0865e+11	0	
0	0	0	0	0	0	0	0	0	0	0	

0	1.12939e+09	1.04032e+10	2.19961e+11	3.88866e+11	2.58687e+11	1.15236e+11	5.49389e+10	3.44719e+10	1.70815e+10	0	
0	0	0	0	0	0	0	0	0	0	0	

0	5.7823e+08	4.36715e+09	8.57715e+10	1.50935e+11	1.00602e+11	4.4929e+10	2.12733e+10	1.33349e+10	6.61365e+09	0	
0	0	0	0	0	0	0	0	0	0	0	

0	8.18208e+07	1.13204e+09	2.49192e+10	4.28913e+10	2.87537e+10	1.30832e+10	6.39019e+09	4.09078e+09	2.07214e+09	0	
0	0	0	0	0	0	0	0	0	0	0	

0	3.12017e+07	1.77515e+09	4.77098e+10	8.62932e+10	5.69463e+10	2.5025e+10	1.21018e+10	7.58517e+09	3.73733e+09	0	
0	0	0	0	0	0	0	0	0	0	0	

0	1.27135e+09	2.44925e+10	4.76912e+11	7.06971e+11	4.94642e+11	2.48893e+11	1.29213e+11	8.83479e+10	4.80076e+10	0	
0	0	0	0	0	0	0	0	0	0	0	

0	1.36916e+09	1.58696e+10	3.02689e+11	4.66609e+11	3.21426e+11	1.56736e+11	7.91863e+10	5.31402e+10	2.83222e+10	0	
0	0	0	0	0	0	0	0	0	0	0	

0	3.2079e+08	6.09252e+09	1.57507e+11	2.86532e+11	1.88539e+11	8.21805e+10	3.91459e+10	2.42068e+10	1.16795e+10	0	
0	0	0	0	0	0	0	0	0	0	0	

0	2.60846e+07	1.82148e+09	5.2377e+10	1.01269e+11	6.67642e+10	2.85054e+10	1.35136e+10	8.11383e+09	3.76057e+09	0	
0	0	0	0	0	0	0	0	0	0	0	

0	3.06435e+09	2.43534e+10	4.85039e+11	8.52459e+11	5.69289e+11	2.55209e+11	1.21634e+11	7.64097e+10	3.78757e+10	0	
0	0	0	0	0	0	0	0	0	0	0	

0	4.12513e+07	1.39376e+09	4.2588e+10	8.42227e+10	5.4121e+10	2.22877e+10	1.03095e+10	6.13357e+09	2.82461e+09	0	
0	0	0	0	0	0	0	0	0	0	0	

0	6.6499e+08	1.99297e+10	5.24006e+11	1.00216e+12	6.66363e+11	2.88133e+11	1.37152e+11	8.27117e+10	3.86202e+10	0	
0	0	0	0	0	0	0	0	0	0	0	

0	1.58155e+08	1.05302e+10	2.93827e+11	5.67399e+11	3.7707e+11	1.62477e+11	7.74992e+10	4.65268e+10	2.15407e+10	0	
0	0	0	0	0	0	0	0	0	0	0	

0	1.12201e+09	1.33661e+10	3.63619e+11	7.34387e+11	4.70125e+11	1.90155e+11	8.53609e+10	4.98933e+10	2.25369e+10	0	
0	0	0	0	0	0	0	0	0	0	0	

0	1.40635e+08	3.94057e+09	1.39699e+11	3.00289e+11	1.88747e+11	7.29175e+10	3.21139e+10	1.80961e+10	7.76248e+09	0	
0	0	0	0	0	0	0	0	0	0	0	

0	8.33839e+06	7.34758e+07	4.34358e+09	8.10253e+09	4.26559e+09	1.37788e+09	4.9657e+08	3.02824e+08	1.43438e+08	0	
0	0	0	0	0	0	0	0	0	0	0	

0	7.05894e+07	6.20047e+08	2.42596e+10	4.51948e+10	2.59943e+10	9.42177e+09	3.73861e+09	2.27597e+09	1.07816e+09	0	
0	0	0	0	0	0	0	0	0	0	0	

0	7.05618e+06	3.69495e+08	2.74649e+10	5.13725e+10	3.00392e+10	1.06762e+10	4.02581e+09	2.46446e+09	1.16126e+09	0	
0	0	0	0	0	0	0	0	0	0	0	

0	4.1694e+07	1.16614e+09	6.40542e+10	1.24846e+11	7.45093e+10	2.70765e+10	1.07046e+10	6.33793e+09	2.88833e+09	0	
0	0	0	0	0	0	0	0	0	0	0	

0	5.28111e+06	5.58531e+07	2.68978e+09	4.97285e+09	2.75348e+09	9.57449e+08	3.73734e+08	2.23767e+08	1.03632e+08	0	
0	0	0	0	0	0	0	0	0	0	0	

0	3.74758e+08	7.58111e+09	1.9605e+11	4.29454e+11	2.85555e+11	1.17747e+11	5.47051e+10	3.06693e+10	1.30797e+10	0	
0	0	0	0	0	0	0	0	0	0	0	

0	8.78993e+06	7.39815e+07	3.87013e+09	6.71596e+09	3.50963e+09	1.16383e+09	4.2674e+08	2.65882e+08	1.29058e+08	0	
0	0	0	0	0	0	0	0	0	0	0	

0	7.9433e+07	9.91156e+08	5.32379e+10	1.0542e+11	5.97603e+10	2.04612e+10	7.72521e+09	4.55901e+09	2.07167e+09	0	
0	0	0	0	0	0	0	0	0	0	0	

0	2.77549e+06	1.13839e+08	8.60881e+09	1.60263e+10	9.30319e+09	3.27828e+09	1.22381e+09	7.46687e+08	3.49545e+08	0	
0	0	0	0	0	0	0	0	0	0	0	

0	2.1086e+07	6.46761e+08	2.76298e+10	5.79142e+10	3.61819e+10	1.37105e+10	5.74283e+09	3.26574e+09	1.41487e+09	0	
0	0	0	0	0	0	0	0	0	0	0	

0	1.23389e+07	1.05544e+08	5.09918e+09	9.24784e+09	5.13927e+09	1.76596e+09	6.60263e+08	4.05767e+08	1.92718e+08	0	
0	0	0	0	0	0	0	0	0	0	0	

0	1.24123e+08	3.84615e+09	8.27815e+10	1.89893e+11	1.31442e+11	5.65848e+10	2.78398e+10	1.51879e+10	6.24241e+09	0	
0	0	0	0	0	0	0	0	0	0	0	

0	6.96683e+06	7.21443e+07	6.26203e+09	1.06929e+10	5.38474e+09	1.64188e+09	5.37322e+08	3.38974e+08	1.66327e+08	0	
0	0	0	0	0	0	0	0	0	0	0	

0	5.98548e+07	1.18358e+09	7.27308e+10	1.50434e+11	8.79169e+10	3.03521e+10	1.14102e+10	6.6052e+09	2.92045e+09	0	
0	0	0	0	0	0	0	0	0	0	0	

0	1.74145e+06	5.89465e+07	4.15392e+09	7.72532e+09	4.49198e+09	1.59209e+09	6.00877e+08	3.65125e+08	1.70039e+08	0	
0	0	0	0	0	0	0	0	0	0	0	

0	8.48311e+06	2.27038e+08	9.19364e+09	1.92432e+10	1.20546e+10	4.59476e+09	1.93891e+09	1.10135e+09	4.76469e+08	0	
0	0	0	0	0	0	0	0	0	0	0	

0	5.86074e+06	5.69875e+07	3.17822e+09	5.77104e+09	3.22368e+09	1.10327e+09	4.07117e+08	2.49446e+08	1.17777e+08	0	
0	0	0	0	0	0	0	0	0	0	0	

0	3.49107e+07	4.04702e+08	1.37946e+10	2.82177e+10	1.74528e+10	6.64895e+09	2.78917e+09	1.62338e+09	7.22641e+08	0	
0	0	0	0	0	0	0	0	0	0	0	

0	4.97522e+06	6.93213e+07	7.61203e+09	1.31733e+10	6.76488e+09	2.06044e+09	6.5459e+08	4.12631e+08	2.0169e+08	0	
0	0	0	0	0	0	0	0	0	0	0	

0	3.88473e+07	6.92541e+08	5.10273e+10	1.01211e+11	5.73187e+10	1.90536e+10	6.73511e+09	3.99939e+09	1.82308e+09	0	
0	0	0	0	0	0	0	0	0	0	0	

0	3.32736e+06	6.63567e+07	7.5058e+09	1.30401e+10	6.89375e+09	2.16798e+09	7.04467e+08	4.42918e+08	2.15465e+08	0	
0	0	0	0	0	0	0	0	0	0	0	

0	3.80788e+07	8.61099e+08	5.71064e+10	1.12971e+11	6.57722e+10	2.2741e+10	8.37058e+09	4.94665e+09	2.24123e+09	0	
0	0	0	0	0	0	0	0	0	0	0	

0	6.13356e+06	1.27065e+08	1.05304e+10	1.85691e+10	1.03407e+10	3.49953e+09	1.23971e+09	7.70869e+08	3.696e+08	0	
0	0	0	0	0	0	0	0	0	0	0	

0	6.39799e+07	1.47444e+09	7.70246e+10	1.5361e+11	9.26343e+10	3.37329e+10	1.32314e+10	7.74078e+09	3.46362e+09	0	
0	0	0	0	0	0	0	0	0	0	0	

0	7.78184e+06	9.82819e+07	6.72683e+09	1.18503e+10	6.5766e+09	2.2264e+09	7.96357e+08	4.92683e+08	2.35356e+08	0	
0	0	0	0	0	0	0	0	0	0	0	

0	7.26442e+07	1.06423e+09	4.9401e+10	9.81466e+10	5.89454e+10	2.14197e+10	8.39344e+09	4.92074e+09	2.20894e+09	0	
0	0	0	0	0	0	0	0	0	0	0	

0	5.79718e+06	7.36187e+07	4.95191e+09	8.72417e+09	4.83091e+09	1.63015e+09	5.81272e+08	3.58823e+08	1.71147e+08	0	
0	0	0	0	0	0	0	0	0	0	0	

0	5.57535e+07	8.06002e+08	3.66382e+10	7.27358e+10	4.36117e+10	1.58126e+10	6.17647e+09	3.61905e+09	1.62442e+09	0	
0	0	0	0	0	0	0	0	0	0	0	

0	4.95178e+06	6.16567e+07	3.9969e+09	7.03729e+09	3.897e+09	1.31616e+09	4.70274e+08	2.89833e+08	1.38116e+08	0	
0	0	0	0	0	0	0	0	0	0	0	

0	4.6174e+07	6.59989e+08	2.96045e+10	5.86567e+10	3.51173e+10	1.27105e+10	4.94899e+09	2.9014e+09	1.30384e+09	0	
0	0	0	0	0	0	0	0	0	0	0	

0	4.62722e+06	5.67116e+07	3.56702e+09	6.27335e+09	3.47585e+09	1.17583e+09	4.21136e+08	2.59355e+08	1.23581e+08	0	
0	0	0	0	0	0	0	0	0	0	0	

0	4.21419e+07	5.96946e+08	2.64308e+10	5.22566e+10	3.12638e+10	1.13105e+10	4.39674e+09	2.57966e+09	1.16089e+09	0	
0	0	0	0	0	0	0	0	0	0	0	

0	4.52443e+06	5.48022e+07	3.3679e+09	5.91358e+09	3.27865e+09	1.11108e+09	3.98751e+08	2.4556e+08	1.17079e+08	0	
0	0	0	0	0	0	0	0	0	0	0	

0	4.09079e+07	5.77404e+08	2.53803e+10	5.00749e+10	2.9943e+10	1.08294e+10	4.20358e+09	2.4687e+09	1.11264e+09	0	
0	0	0	0	0	0	0	0	0	0	0	

0	4.59913e+06	5.52626e+07	3.34057e+09	5.85643e+09	3.24879e+09	1.1026e+09	3.96297e+08	2.44108e+08	1.16476e+08	0	
0	0	0	0	0	0	0	0	0	0	0	

0	4.17621e+07	5.8714e+08	2.56044e+10	5.04355e+10	3.01571e+10	1.09108e+10	4.23371e+09	2.48815e+09	1.12266e+09	0	
0	0	0	0	0	0	0	0	0	0	0	

0	4.88521e+06	5.84904e+07	3.50626e+09	6.14083e+09	3.40763e+09	1.15747e+09	4.16322e+08	2.56503e+08	1.22455e+08	0	
0	0	0	0	0	0	0	0	0	0	0	

0	4.44368e+07	6.23423e+08	2.70513e+10	5.32316e+10	3.1831e+10	1.15206e+10	4.47017e+09	2.62827e+09	1.18667e+09	0	
0	0	0	0	0	0	0	0	0	0	0	

0	5.27624e+06	6.30679e+07	3.76301e+09	6.58623e+09	3.65548e+09	1.24227e+09	4.46994e+08	2.7545e+08	1.31544e+08	0	
0	0	0	0	0	0	0	0	0	0	0	

0	4.86859e+07	6.82859e+08	2.95713e+10	5.8171e+10	3.47852e+10	1.25912e+10	4.88538e+09	2.87269e+09	1.29723e+09	0	
0	0	0	0	0	0	0	0	0	0	0	

0	5.76941e+06	6.89377e+07	4.10455e+09	7.18168e+09	3.98631e+09	1.355e+09	4.87628e+08	3.00513e+08	1.43534e+08	0	
0	0	0	0	0	0	0	0	0	0	0	

0	4.61848e+07	6.42632e+08	2.74226e+10	5.38046e+10	3.21897e+10	1.16692e+10	4.53082e+09	2.66743e+09	1.20685e+09	0	
0	0	0	0	0	0	0	0	0	0	0	

0	6.35518e+06	7.59622e+07	4.52001e+09	7.90801e+09	4.38955e+09	1.49213e+09	5.36983e+08	3.30925e+08	1.58057e+08	0	
0	0	0	0	0	0	0	0	0	0	0	

0	5.13178e+07	7.1468e+08	3.05049e+10	5.9861e+10	3.58121e+10	1.29811e+10	5.03989e+09	2.96679e+09	1.34204e+09	0	
0	0	0	0	0	0	0	0	0	0	0	


0	13.3919	13.3176	8.82266	-3.57419	-16.6042	-20.9843	-21.0673	-19.9314	-17.4751	0	
0	0	0	0	0	0	0	0	0	0	0	

0	-194.222	-153.387	-31.8214	-12.16	2.02268	21.217	39.6975	67.078	124.239	0	
0	0	0	0	0	0	0	0	0	0	0	

0	-188.353	-102.231	-13.3116	-7.97584	-6.808	1.93901	11.6663	27.6901	62.2943	0	
0	0	0	0	0	0	0	0	0	0	0	

0	-195.197	-154.783	-31.1989	-12.005	1.82592	21.1715	39.3457	66.6279	123.735	0	
0	0	0	0	0	0	0	0	0	0	0	

0	-167.933	-45.1485	-0.393383	-5.34393	-12.5837	-11.4063	-7.58829	-0.319413	15.4604	0	
0	0	0	0	0	0	0	0	0	0	0	

0	-183.068	-84.0689	-10.0031	-7.48338	-8.04026	-1.48111	6.19833	18.8926	45.9706	0	
0	0	0	0	0	0	0	0	0	0	0	

0	-188.687	-108.856	-15.8025	-8.56132	-5.60918	4.53536	15.313	32.6047	69.4083	0	
0	0	0	0	0	0	0	0	0	0	0	

0	-183.34	-76.7068	-6.43244	-6.54971	-9.93082	-5.04149	1.61684	13.3227	38.8796	0	
0	0	0	0	0	0	0	0	0	0	0	

0	-188.661	-100.515	-12.1278	-7.70069	-7.38915	0.922567	10.2947	25.9921	60.0299	0	
0	0	0	0	0	0	0	0	0	0	0	

0	-166.035	-42.1249	0.146946	-5.20343	-12.92	-12.0857	-8.40669	-1.29482	14.1194	0	
0	0	0	0	0	0	0	0	0	0	0	

0	-31.5974	9.54451	8.33932	-3.66063	-16.3981	-20.4902	-20.3853	-18.9321	-15.762	0	
0	0	0	0	0	0	0	0	0	0	0	

0	-137.345	-18.5248	3.31019	-4.75506	-14.0275	-15.3255	-13.4689	-9.37643	-0.579711	0	
0	0	0	0	0	0	0	0	0	0	0	

0	-170.136	-52.5295	-3.04254	-6.04462	-11.1726	-8.69852	-4.13506	3.96027	21.2549	0	
0	0	0	0	0	0	0	0	0	0	0	

0	-159.467	-25.8315	3.65883	-4.50374	-14.4486	-15.5989	-13.3476	-8.28228	3.12142	0	
0	0	0	0	0	0	0	0	0	0	0	

0	-45.5913	7.33037	8.08514	-3.69906	-16.2869	-20.2689	-20.1397	-18.6035	-15.1749	0	
0	0	0	0	0	0	0	0	0	0	0	

0	-187.654	-93.7533	-9.54593	-6.95034	-8.94389	-2.08424	6.60306	21.6672	54.7019	0	
0	0	0	0	0	0	0	0	0	0	0	

0	-129.322	-5.32267	6.73351	-3.92078	-15.778	-18.8091	-17.8675	-14.9317	-8.25353	0	
0	0	0	0	0	0	0	0	0	0	0	

0	-138.671	-15.3513	4.56388	-4.33154	-14.8825	-16.8789	-15.3505	-11.4013	-2.62891	0	
0	0	0	0	0	0	0	0	0	0	0	

0	-54.7305	6.42355	7.94594	-3.72525	-16.2312	-20.1364	-19.9561	-18.3279	-14.6939	0	
0	0	0	0	0	0	0	0	0	0	0	

0	-185.256	-73.4038	-2.58923	-5.47273	-12.0634	-8.86314	-2.56413	9.03614	35.3631	0	
0	0	0	0	0	0	0	0	0	0	0	

0	-160.645	-20.4882	5.49851	-4.09824	-15.2916	-17.3936	-15.6244	-11.2485	-0.984964	0	
0	0	0	0	0	0	0	0	0	0	0	

0	-193.714	-119.142	-1.46122	-5.42755	-11.4283	-4.95838	7.426	22.1902	54.6248	0	
0	0	0	0	0	0	0	0	0	0	0	

0	-192.575	-119.859	-7.54991	-6.48654	-9.29939	-0.844483	11.6172	29.0058	67.1027	0	
0	0	0	0	0	0	0	0	0	0	0	

0	-140.291	-13.0115	6.68996	-3.9535	-15.5795	-18.4317	-17.2509	-14.6344	-8.72242	0	
0	0	0	0	0	0	0	0	0	0	0	

0	-168.574	-36.5632	2.32517	-4.68819	-13.9751	-14.4656	-11.6866	-5.6779	7.91016	0	
0	0	0	0	0	0	0	0	0	0	0	

0	-190.773	-99.2537	-1.19244	-5.43655	-11.6245	-6.38956	3.29624	16.4539	45.4232	0	
0	0	0	0	0	0	0	0	0	0	0	

0	-173.514	-39.728	2.53448	-4.57285	-14.2152	-14.5787	-11.3992	-4.50509	11.532	0	
0	0	0	0	0	0	0	0	0	0	0	

0	-195.08	-138.651	-4.7524	-6.18701	-9.08523	1.46829	17.9008	35.7515	74.1272	0	
0	0	0	0	0	0	0	0	0	0	0	

0	-189.988	-92.0736	-1.9967	-5.37029	-12.0193	-8.11457	-0.0262682	12.2752	40.0549	0	
0	0	0	0	0	0	0	0	0	0	0	

0	-159.326	-24.403	6.02945	-4.07982	-15.216	-17.3979	-15.4878	-12.1549	-4.63372	0	
0	0	0	0	0	0	0	0	0	0	0	

0	-168.704	-36.0255	2.64881	-4.59754	-14.1783	-14.8723	-12.2169	-6.29977	7.28501	0	
0	0	0	0	0	0	0	0	0	0	0	

0	-194.426	-123.988	0.885444	-5.11529	-11.9996	-6.28728	6.88738	19.6104	47.1045	0	
0	0	0	0	0	0	0	0	0	0	0	

0	-155.992	-19.566	4.74823	-4.20291	-15.1335	-17.1664	-15.5072	-10.9813	-0.354248	0	
0	0	0	0	0	0	0	0	0	0	0	

0	-195.216	-128.918	-0.517998	-5.33122	-11.1466	-4.27048	9.49478	22.9294	52.1929	0	
0	0	0	0	0	0	0	0	0	0	0	

0	-185.164	-61.8306	1.90277	-4.66388	-13.7849	-13.3087	-8.88063	-1.16354	16.7936	0	
0	0	0	0	0	0	0	0	0	0	0	

0	-167.631	-32.064	5.61774	-4.15554	-14.9838	-16.7139	-14.2819	-10.4435	-1.78994	0	
0	0	0	0	0	0	0	0	0	0	0	

0	-174.204	-42.9329	2.28833	-4.64985	-13.984	-14.3039	-11.2349	-4.88073	9.76158	0	
0	0	0	0	0	0	0	0	0	0	0	

0	-193.557	-107.466	2.59484	-4.74687	-13.0566	-9.96297	-0.115963	9.47632	30.4533	0	
0	0	0	0	0	0	0	0	0	0	0	

0	-189.968	-89.0166	-0.0532475	-5.07572	-12.6836	-9.81985	-2.20929	8.40196	32.2127	0	
0	0	0	0	0	0	0	0	0	0	0	

0	-194.741	-108.225	1.87096	-4.81236	-12.6273	-9.26307	0.0681957	9.37273	30.2417	0	
0	0	0	0	0	0	0	0	0	0	0	

0	-191.103	-85.5167	0.434579	-4.92669	-12.917	-10.8499	-4.59472	4.62126	25.9759	0	
0	0	0	0	0	0	0	0	0	0	0	

0	-193.405	-85.3527	3.20046	-4.52516	-13.4207	-12.229	-6.28486	0.0836358	14.973	0	
0	0	0	0	0	0	0	0	0	0	0	

0	-189.084	-73.4315	0.972349	-4.83439	-13.1799	-11.9821	-7.22607	0.553931	18.9022	0	
0	0	0	0	0	0	0	0	0	0	0	

0	-189.081	-69.0311	4.12161	-4.38099	-13.9861	-13.9126	-9.27779	-4.04459	8.13182	0	
0	0	0	0	0	0	0	0	0	0	0	

0	-186.08	-64.7726	1.37787	-4.78864	-13.4029	-12.6963	-8.51436	-1.34459	15.4441	0	
0	0	0	0	0	0	0	0	0	0	0	

0	-195.781	-99.8732	3.22604	-4.5451	-13.2855	-11.5408	-4.13069	2.61428	18.1603	0	
0	0	0	0	0	0	0	0	0	0	0	

0	-193.941	-91.5911	0.496523	-4.94853	-12.7979	-10.7232	-4.44231	4.08065	23.9252	0	
0	0	0	0	0	0	0	0	0	0	0	

0	-198.432	-107.855	2.90927	-4.58376	-13.0164	-10.7891	-2.7986	4.13908	20.3435	0	
0	0	0	0	0	0	0	0	0	0	0	

0	-197.055	-100.354	0.170874	-4.99733	-12.5493	-10.0296	-3.24296	5.47926	25.9775	0	
0	0	0	0	0	0	0	0	0	0	0	

0	-200.646	-114.403	2.63797	-4.61377	-12.7854	-10.1503	-1.68285	5.41826	22.2016	0	
0	0	0	0	0	0	0	0	0	0	0	

0	-199.248	-106.99	-0.101947	-5.03604	-12.3414	-9.45925	-2.27958	6.60296	27.6466	0	
0	0	0	0	0	0	0	0	0	0	0	

0	-202.335	-118.987	2.43962	-4.63219	-12.6149	-9.6952	-0.92268	6.26922	23.4431	0	
0	0	0	0	0	0	0	0	0	0	0	

0	-200.979	-111.831	-0.300798	-5.06195	-12.1872	-9.04652	-1.60683	7.36633	28.7799	0	
0	0	0	0	0	0	0	0	0	0	0	

0	-203.689	-122.35	2.29076	-4.64325	-12.4856	-9.36269	-0.394537	6.84139	24.2805	0	
0	0	0	0	0	0	0	0	0	0	0	

0	-202.28	-115.189	-0.436556	-5.07802	-12.0799	-8.76702	-1.16916	7.8465	29.4922	0	
0	0	0	0	0	0	0	0	0	0	0	

0	-204.702	-124.728	2.18418	-4.64967	-12.3921	-9.12928	-0.038554	7.21551	24.829	0	
0	0	0	0	0	0	0	0	0	0	0	

0	-203.225	-117.473	-0.527117	-5.08782	-12.0072	-8.58177	-0.889321	8.14361	29.9325	0	
0	0	0	0	0	0	0	0	0	0	0	

0	-205.274	-125.984	2.12822	-4.65218	-12.3425	-9.00925	0.13637	7.3924	25.0892	0	
0	0	0	0	0	0	0	0	0	0	0	

0	-203.774	-118.73	-0.57589	-5.09261	-11.9675	-8.48276	-0.745248	8.29126	30.1513	0	
0	0	0	0	0	0	0	0	0	0	0	

0	-205.63	-126.729	2.09541	-4.65323	-12.3132	-8.94003	0.233368	7.48696	25.2287	0	
0	0	0	0	0	0	0	0	0	0	0	

0	-204.011	-119.261	-0.596312	-5.09454	-11.9507	-8.44142	-0.686089	8.35086	30.2395	0	
0	0	0	0	0	0	0	0	0	0	0	

0	-205.818	-127.105	2.07911	-4.65355	-12.2986	-8.90619	0.278929	7.52961	25.292	0	
0	0	0	0	0	0	0	0	0	0	0	

0	-205.341	-122.063	-0.70168	-5.10333	-11.8637	-8.23033	-0.395396	8.63302	30.6597	0	
0	0	0	0	0	0	0	0	0	0	0	

0	-205.893	-127.252	2.0728	-4.65363	-12.2928	-8.89323	0.295911	7.54503	25.3149	0	
0	0	0	0	0	0	0	0	0	0	0	

0	-205.347	-122.07	-0.701799	-5.1033	-11.8635	-8.23014	-0.395552	8.63243	30.6588	0	
0	0	0	0	0	0	0	0	0	0	0	


0	-8.05125e-16	-3.36575e-17	3.78919e-16	2.85089e-15	-2.44992e-15	-3.29205e-16	6.14569e-16	-8.2538e-16	3.43168e-16	0	
0	0	0	0	0	0	0	0	0	0	0	

0	5.08251e-15	2.66061e-15	-1.37974e-15	2.37061e-15	3.24546e-15	1.41671e-15	1.3685e-15	2.08286e-15	-9.17434e-16	0	
0	0	0	0	0	0	0	0	0	0	0	

0	-1.40647e-14	3.59857e-14	-3.59688e-15	3.00514e-15	-6.76395e-16	2.59715e-15	2.30367e-15	-4.80639e-16	-1.28606e-16	0	
0	0	0	0	0	0	0	0	0	0	0	

0	-1.31737e-16	-2.68732e-15	-4.95914e-15	1.33026e-16	3.03017e-18	-1.50649e-15	6.81294e-16	-1.11181e-15	-2.44061e-15	0	
0	0	0	0	0	0	0	0	0	0	0	

0	-3.02374e-14	5.64109e-14	-3.00171e-15	1.79402e-15	-2.51496e-15	6.75664e-15	5.4266e-16	-8.85419e-16	-1.64542e-15	0	
0	0	0	0	0	0	0	0	0	0	0	

0	-1.80684e-14	4.43709e-14	-1.05357e-15	1.21145e-16	3.90962e-16	2.05068e-15	-1.97095e-15	3.96246e-16	9.84407e-17	0	
0	0	0	0	0	0	0	0	0	0	0	

0	-2.02206e-14	4.02834e-14	-4.18508e-15	-4.57376e-16	4.48277e-16	4.1474e-15	1.67169e-15	-4.06436e-16	-3.28282e-16	0	
0	0	0	0	0	0	0	0	0	0	0	

0	-2.78681e-14	4.75389e-14	-3.69326e-15	-1.31331e-16	1.47548e-15	1.2024e-15	-7.80217e-16	-1.91368e-15	4.61316e-16	0	
0	0	0	0	0	0	0	0	0	0	0	

0	-2.09843e-14	4.63029e-14	-3.06907e-15	1.94385e-15	-2.26275e-15	3.59973e-15	2.39004e-15	-7.73868e-17	3.77779e-16	0	
0	0	0	0	0	0	0	0	0	0	0	

0	-3.98794e-14	5.28104e-14	-2.35697e-15	2.35723e-15	-5.15645e-16	5.05231e-15	4.45184e-16	-1.10949e-15	-4.91008e-16	0	
0	0	0	0	0	0	0	0	0	0	0	

0	-1.85164e-13	6.92852e-14	-3.06664e-15	-8.78769e-17	-1.25606e-15	5.73902e-15	1.19108e-15	-1.87441e-15	-5.65075e-16	0	
0	0	0	0	0	0	0	0	0	0	0	

0	-5.37972e-14	4.724e-14	-2.05366e-15	3.66974e-15	1.32071e-15	5.48444e-15	-6.63777e-16	2.66586e-16	-3.35213e-15	0	
0	0	0	0	0	0	0	0	0	0	0	

0	-2.95725e-14	4.54041e-14	-3.17787e-15	2.36999e-16	1.63223e-15	2.55186e-15	9.24403e-16	1.38138e-16	-1.95879e-15	0	
0	0	0	0	0	0	0	0	0	0	0	

0	-5.55949e-14	6.50632e-14	-2.50548e-15	2.15115e-15	8.13444e-17	3.56454e-15	3.12188e-15	-5.06703e-15	6.39062e-16	0	
0	0	0	0	0	0	0	0	0	0	0	

0	-1.93802e-13	8.40625e-14	-4.81288e-15	7.65987e-16	1.09615e-15	2.58183e-15	-2.41953e-15	-9.69791e-16	-2.42837e-15	0	
0	0	0	0	0	0	0	0	0	0	0	

0	-1.93568e-14	4.90714e-14	-3.92974e-15	-1.45347e-15	-2.06967e-15	4.43452e-15	-6.32451e-16	1.98972e-15	7.11035e-16	0	
0	0	0	0	0	0	0	0	0	0	0	

0	-1.05128e-13	7.86242e-14	-4.94807e-15	-5.33123e-16	-6.47464e-16	4.64161e-15	1.38325e-15	-9.56407e-16	-1.33649e-15	0	
0	0	0	0	0	0	0	0	0	0	0	

0	-8.25006e-14	7.97067e-14	-3.98611e-15	2.51026e-15	-2.24579e-15	4.72507e-15	1.08595e-15	-1.19535e-15	6.45346e-16	0	
0	0	0	0	0	0	0	0	0	0	0	

0	-1.87803e-13	8.58237e-14	-4.56246e-16	-1.10744e-16	9.04397e-16	5.81763e-15	-1.45632e-15	1.81322e-15	2.286e-16	0	
0	0	0	0	0	0	0	0	0	0	0	

0	-2.83027e-14	6.65072e-14	-2.26912e-15	2.628e-16	-4.66626e-16	4.70509e-15	-8.42422e-16	1.21096e-16	1.0601e-15	0	
0	0	0	0	0	0	0	0	0	0	0	

0	-7.4682e-14	9.76119e-14	-7.0248e-15	1.21454e-15	-2.63921e-16	7.32861e-15	-2.08939e-15	1.06094e-15	-6.64582e-16	0	
0	0	0	0	0	0	0	0	0	0	0	

0	-2.16032e-14	4.98294e-14	-8.10091e-15	3.35773e-15	1.36285e-16	4.98309e-15	-1.73034e-15	-9.73991e-16	2.16731e-16	0	
0	0	0	0	0	0	0	0	0	0	0	

0	-1.78886e-14	5.34542e-14	-3.19038e-15	3.57826e-15	1.0628e-15	5.13018e-15	-1.55602e-15	7.67727e-16	9.55122e-16	0	
0	0	0	0	0	0	0	0	0	0	0	

0	-8.72464e-14	9.48872e-14	-2.43137e-15	4.43116e-15	-2.28454e-15	2.07425e-15	-1.01912e-16	4.21215e-16	-2.97411e-15	0	
0	0	0	0	0	0	0	0	0	0	0	

0	-6.44709e-14	9.33596e-14	-5.18011e-15	3.33084e-15	-2.31013e-15	6.20076e-15	-2.98511e-17	-2.98901e-15	-9.37988e-16	0	
0	0	0	0	0	0	0	0	0	0	0	

0	-3.14117e-14	5.72091e-14	-5.93896e-15	5.52899e-15	-2.77295e-15	4.72683e-15	-1.5268e-16	-2.18801e-15	2.14549e-15	0	
0	0	0	0	0	0	0	0	0	0	0	

0	-6.35419e-14	8.70669e-14	-6.14109e-15	2.63803e-15	-1.47066e-15	4.19491e-15	1.652e-15	-2.10637e-15	1.48109e-15	0	
0	0	0	0	0	0	0	0	0	0	0	

0	-2.36895e-14	4.02176e-14	-6.07809e-15	4.13952e-15	4.28925e-16	3.61937e-15	9.41503e-16	1.01033e-15	-1.42609e-15	0	
0	0	0	0	0	0	0	0	0	0	0	

0	-2.29932e-14	6.71009e-14	-8.13948e-16	2.2491e-15	3.76692e-16	4.29236e-15	1.73958e-15	-4.27458e-16	3.51383e-15	0	
0	0	0	0	0	0	0	0	0	0	0	

0	-6.60357e-14	8.70781e-14	-3.37288e-15	2.16349e-15	-4.35054e-15	2.42553e-15	-5.15579e-16	-2.51009e-15	-2.31247e-18	0	
0	0	0	0	0	0	0	0	0	0	0	

0	-6.19799e-14	9.48111e-14	-3.12896e-15	2.96956e-15	1.13117e-15	6.81461e-15	4.95979e-15	8.81371e-16	-4.00497e-17	0	
0	0	0	0	0	0	0	0	0	0	0	

0	-1.82723e-14	4.46746e-14	-3.81234e-15	4.68803e-15	-4.56421e-15	4.99549e-15	1.75752e-15	1.92482e-15	-2.29299e-15	0	
0	0	0	0	0	0	0	0	0	0	0	

0	-9.28899e-14	9.63139e-14	-1.31896e-15	1.61775e-15	1.99472e-17	4.16236e-15	-1.19977e-15	1.96842e-16	1.91874e-15	0	
0	0	0	0	0	0	0	0	0	0	0	

0	-2.55241e-14	4.65457e-14	-4.72384e-15	2.44666e-15	-1.57704e-16	4.59319e-15	8.8373e-17	-2.73662e-15	9.49871e-16	0	
0	0	0	0	0	0	0	0	0	0	0	

0	-3.20283e-14	8.72583e-14	1.03296e-16	-1.47878e-15	-8.58347e-16	5.04431e-15	-6.46608e-16	2.34582e-15	-2.32251e-16	0	
0	0	0	0	0	0	0	0	0	0	0	

0	-4.86985e-14	8.7501e-14	-1.28157e-15	1.43396e-15	-2.93254e-15	3.33203e-15	-2.12529e-15	-2.74132e-15	-9.26802e-18	0	
0	0	0	0	0	0	0	0	0	0	0	

0	-5.68521e-14	8.92874e-14	-2.10779e-15	7.911e-16	-1.68894e-16	6.7257e-15	6.08341e-16	3.87862e-15	-1.59063e-16	0	
0	0	0	0	0	0	0	0	0	0	0	

0	-2.0289e-14	5.04316e-14	-3.91911e-15	1.5429e-15	-2.84106e-15	6.04318e-15	-2.60313e-15	-7.27701e-16	2.40309e-15	0	
0	0	0	0	0	0	0	0	0	0	0	

0	-3.02045e-14	6.33285e-14	-2.6382e-15	1.58529e-15	-1.80658e-15	7.6035e-15	1.80064e-15	-4.98937e-16	-4.87853e-16	0	
0	0	0	0	0	0	0	0	0	0	0	

0	-2.64739e-14	5.94375e-14	-3.9982e-15	2.2166e-15	5.54442e-16	6.4999e-15	-3.45129e-16	1.34894e-15	9.62709e-16	0	
0	0	0	0	0	0	0	0	0	0	0	

0	-3.12515e-14	7.81305e-14	-2.24472e-15	2.26611e-15	2.97184e-16	6.65474e-15	1.57486e-17	2.9668e-15	6.8749e-16	0	
0	0	0	0	0	0	0	0	0	0	0	

0	-2.21321e-14	7.49621e-14	-8.40516e-15	3.67283e-15	4.56421e-16	7.68001e-15	-4.07965e-15	-8.17249e-16	1.99212e-15	0	
0	0	0	0	0	0	0	0	0	0	0	

0	-3.38192e-14	8.31888e-14	-2.67082e-15	1.36215e-15	-4.15973e-15	5.23472e-15	1.75701e-15	1.13917e-15	8.45386e-16	0	
0	0	0	0	0	0	0	0	0	0	0	

0	-3.31617e-14	7.47152e-14	-2.88435e-15	3.59526e-15	-1.63721e-15	7.80691e-15	-4.75002e-15	-2.68848e-15	3.06681e-15	0	
0	0	0	0	0	0	0	0	0	0	0	

0	-3.36718e-14	8.32099e-14	-4.02479e-15	1.63751e-15	3.7721e-15	6.0986e-15	9.64364e-16	-2.7919e-16	-1.31274e-15	0	
0	0	0	0	0	0	0	0	0	0	0	

0	-2.79494e-14	5.81541e-14	-3.86397e-15	-9.44831e-16	-1.81437e-15	8.11131e-15	-1.65155e-15	-2.32464e-15	9.41221e-16	0	
0	0	0	0	0	0	0	0	0	0	0	

0	-2.2327e-14	7.29505e-14	-1.34493e-15	-1.81604e-15	-1.0827e-15	4.49917e-15	2.44929e-16	2.32051e-15	8.73575e-16	0	
0	0	0	0	0	0	0	0	0	0	0	

0	-2.72724e-14	5.34716e-14	1.08518e-15	-1.09595e-15	-1.39014e-15	2.90607e-15	2.42753e-15	-1.19686e-15	4.14269e-15	0	
0	0	0	0	0	0	0	0	0	0	0	

0	-1.80295e-14	6.77953e-14	-6.05669e-15	3.16724e-15	-9.01883e-16	6.7504e-15	-4.52203e-16	-2.96718e-16	-9.31808e-16	0	
0	0	0	0	0	0	0	0	0	0	0	

0	-2.92025e-14	5.35972e-14	1.52137e-15	1.04418e-15	-1.72066e-15	5.10852e-15	9.35082e-16	-7.66978e-15	5.83111e-15	0	
0	0	0	0	0	0	0	0	0	0	0	

0	-2.54147e-14	6.86427e-14	-3.95413e-15	-7.47699e-16	-1.63971e-15	8.52554e-15	2.18079e-15	4.63739e-16	2.18311e-15	0	
0	0	0	0	0	0	0	0	0	0	0	

0	-2.48811e-14	5.26196e-14	2.93511e-15	6.30745e-17	4.04311e-15	3.43607e-15	2.4365e-15	-7.09932e-15	-2.11294e-15	0	
0	0	0	0	0	0	0	0	0	0	0	

0	-3.44179e-14	6.67851e-14	-3.01046e-15	1.99731e-16	-1.6567e-15	6.93825e-15	5.43801e-15	1.94215e-15	3.08518e-15	0	
0	0	0	0	0	0	0	0	0	0	0	

0	-1.81075e-14	4.99641e-14	9.84328e-16	-3.41567e-15	1.19768e-15	2.53763e-15	-2.88351e-15	-5.78326e-15	-1.29714e-15	0	
0	0	0	0	0	0	0	0	0	0	0	

0	-3.32485e-14	6.82095e-14	-4.25243e-15	8.66736e-16	-3.05305e-15	8.49602e-15	5.43754e-15	3.56378e-17	7.01796e-16	0	
0	0	0	0	0	0	0	0	0	0	0	

0	-1.82378e-14	4.47777e-14	7.45958e-16	-1.79073e-15	2.38422e-15	5.40466e-15	-8.6177e-16	-4.78307e-15	1.39067e-15	0	
0	0	0	0	0	0	0	0	0	0	0	

0	-2.77804e-14	6.9381e-14	-5.11319e-15	4.91374e-15	-2.51742e-15	7.24269e-15	5.17476e-15	2.9434e-15	2.36762e-15	0	
0	0	0	0	0	0	0	0	0	0	0	

0	-1.83731e-14	4.15202e-14	-5.35587e-16	-3.08276e-15	1.55932e-15	7.25102e-15	-6.11707e-16	-8.3246e-15	1.15661e-15	0	
0	0	0	0	0	0	0	0	0	0	0	

0	-2.5408e-14	6.99432e-14	-2.08928e-15	5.23545e-15	-3.33606e-15	8.29191e-15	4.10851e-15	-2.30215e-16	3.418e-15	0	
0	0	0	0	0	0	0	0	0	0	0	

0	-1.85073e-14	4.38015e-14	-3.61895e-15	-3.06205e-16	2.50614e-15	7.48307e-15	-2.55466e-15	-7.60302e-15	-2.10791e-15	0	
0	0	0	0	0	0	0	0	0	0	0	

0	-2.51074e-14	6.70126e-14	-2.76729e-15	2.05297e-15	-5.79136e-15	6.44986e-15	5.359e-15	3.89691e-17	2.23094e-15	0	
0	0	0	0	0	0	0	0	0	0	0	

0	-1.82228e-14	4.5036e-14	1.49664e-16	-1.19211e-15	5.40784e-15	5.57874e-15	-1.71862e-16	-8.15073e-15	4.61047e-16	0	
0	0	0	0	0	0	0	0	0	0	0	

0	-1.97372e-14	6.6485e-14	-7.68171e-15	1.92257e-15	-3.72091e-15	7.28195e-15	2.02596e-15	3.5969e-16	1.9615e-15	0	
0	0	0	0	0	0	0	0	0	0	0	

0	-1.62612e-14	4.69582e-14	-2.66437e-15	-1.87746e-15	7.11923e-15	1.9858e-15	2.24169e-15	-9.02217e-15	1.4966e-15	0	
0	0	0	0	0	0	0	0	0	0	0	

0	-2.27185e-14	6.64865e-14	-4.26158e-15	3.84152e-15	-5.35048e-15	7.24731e-15	1.91583e-15	-2.9081e-15	6.78453e-16	0	
0	0	0	0	0	0	0	0	0	0	0	

