\machine::top.usb650:setup:su_pixels
0
1
1
651
\machine::top.usb650:framing:frm_n
0
1
1
36
\machine::top.usb650:calib:wve_spec
0
1
651
350
351
352
353
354
355
356
357
358
359
360
361
362
363
364
365
366
367
368
369
370
371
372
373
374
375
376
377
378
379
380
381
382
383
384
385
386
387
388
389
390
391
392
393
394
395
396
397
398
399
400
401
402
403
404
405
406
407
408
409
410
411
412
413
414
415
416
417
418
419
420
421
422
423
424
425
426
427
428
429
430
431
432
433
434
435
436
437
438
439
440
441
442
443
444
445
446
447
448
449
450
451
452
453
454
455
456
457
458
459
460
461
462
463
464
465
466
467
468
469
470
471
472
473
474
475
476
477
478
479
480
481
482
483
484
485
486
487
488
489
490
491
492
493
494
495
496
497
498
499
500
501
502
503
504
505
506
507
508
509
510
511
512
513
514
515
516
517
518
519
520
521
522
523
524
525
526
527
528
529
530
531
532
533
534
535
536
537
538
539
540
541
542
543
544
545
546
547
548
549
550
551
552
553
554
555
556
557
558
559
560
561
562
563
564
565
566
567
568
569
570
571
572
573
574
575
576
577
578
579
580
581
582
583
584
585
586
587
588
589
590
591
592
593
594
595
596
597
598
599
600
601
602
603
604
605
606
607
608
609
610
611
612
613
614
615
616
617
618
619
620
621
622
623
624
625
626
627
628
629
630
631
632
633
634
635
636
637
638
639
640
641
642
643
644
645
646
647
648
649
650
651
652
653
654
655
656
657
658
659
660
661
662
663
664
665
666
667
668
669
670
671
672
673
674
675
676
677
678
679
680
681
682
683
684
685
686
687
688
689
690
691
692
693
694
695
696
697
698
699
700
701
702
703
704
705
706
707
708
709
710
711
712
713
714
715
716
717
718
719
720
721
722
723
724
725
726
727
728
729
730
731
732
733
734
735
736
737
738
739
740
741
742
743
744
745
746
747
748
749
750
751
752
753
754
755
756
757
758
759
760
761
762
763
764
765
766
767
768
769
770
771
772
773
774
775
776
777
778
779
780
781
782
783
784
785
786
787
788
789
790
791
792
793
794
795
796
797
798
799
800
801
802
803
804
805
806
807
808
809
810
811
812
813
814
815
816
817
818
819
820
821
822
823
824
825
826
827
828
829
830
831
832
833
834
835
836
837
838
839
840
841
842
843
844
845
846
847
848
849
850
851
852
853
854
855
856
857
858
859
860
861
862
863
864
865
866
867
868
869
870
871
872
873
874
875
876
877
878
879
880
881
882
883
884
885
886
887
888
889
890
891
892
893
894
895
896
897
898
899
900
901
902
903
904
905
906
907
908
909
910
911
912
913
914
915
916
917
918
919
920
921
922
923
924
925
926
927
928
929
930
931
932
933
934
935
936
937
938
939
940
941
942
943
944
945
946
947
948
949
950
951
952
953
954
955
956
957
958
959
960
961
962
963
964
965
966
967
968
969
970
971
972
973
974
975
976
977
978
979
980
981
982
983
984
985
986
987
988
989
990
991
992
993
994
995
996
997
998
999
1000
\machine::top.usb650:framing:frm_start
0
1
36
0.000000
0.218750
0.640625
2.687500
2.906250
3.328125
5.390625
5.609375
6.031250
8.093750
8.312500
8.734375
10.796875
11.015625
11.437500
13.484375
13.703125
14.125000
16.187500
16.406250
16.828125
18.890625
19.093750
19.515625
21.578125
21.796875
22.218750
24.281250
24.500000
24.921875
26.968750
27.187500
27.609375
29.671875
29.890625
30.312500
\machine::top.usb650:raw_spectra
0
2
651
36
200	200	201	197	202	208	201	203	211	198	199	211	203	203	205	200	200	208	202	201	209	202	203	205	203	205	205	200	201	201	201	200	202	201	201	199
197	203	210	201	200	213	202	203	216	202	202	214	198	204	214	203	208	216	200	207	211	202	202	216	201	200	213	202	201	210	204	202	203	201	201	210
198	201	204	202	202	208	204	197	206	203	201	205	197	203	207	206	200	204	201	202	208	202	201	201	200	202	208	201	198	200	198	201	204	198	204	200
202	199	206	203	199	211	200	201	210	198	204	206	201	195	210	199	202	207	199	207	211	204	204	206	197	203	209	202	203	202	202	200	204	204	202	208
200	200	206	197	200	218	204	202	219	201	203	218	202	206	215	202	203	217	203	204	222	201	208	215	202	204	218	200	203	209	201	199	208	207	202	207
203	199	210	200	202	225	202	206	230	200	204	230	204	208	227	203	202	228	201	204	228	205	205	227	205	208	227	208	205	208	200	204	211	204	201	208
198	206	208	202	203	224	201	207	224	202	202	226	200	208	223	205	206	223	201	207	226	204	198	226	207	208	224	201	207	208	204	203	210	202	205	213
203	204	203	201	199	224	199	206	220	204	208	220	202	206	224	201	206	222	202	206	215	200	208	219	200	209	221	202	200	200	197	202	199	201	201	201
205	202	218	201	205	240	203	211	239	208	208	242	201	208	246	210	210	239	202	209	245	203	210	239	203	208	243	204	209	217	201	203	220	207	205	219
201	200	210	198	200	219	203	203	220	200	201	217	202	205	222	200	204	221	204	206	219	204	205	220	207	205	220	206	206	206	201	202	208	201	202	204
204	200	208	199	199	216	201	209	222	203	205	223	202	209	223	202	202	224	202	206	221	201	209	226	205	206	220	199	206	206	200	201	205	202	204	202
203	201	204	200	202	214	202	207	216	204	205	213	204	204	218	204	206	218	202	203	220	202	204	218	203	201	214	202	199	206	202	201	201	200	202	202
203	207	220	201	207	234	205	210	235	204	209	233	198	206	234	203	207	231	203	206	232	204	209	233	206	210	236	204	207	222	204	204	222	202	205	222
200	202	203	205	201	216	203	202	216	204	202	220	202	207	214	201	207	217	200	205	219	202	206	224	200	209	213	204	205	203	201	203	200	204	203	204
198	207	211	193	205	227	205	205	236	205	206	235	208	209	232	207	210	234	200	208	232	206	207	229	203	209	236	208	212	216	199	205	218	200	202	220
204	201	206	203	207	222	201	205	223	203	205	220	205	207	222	206	205	217	199	204	222	205	203	221	199	204	220	202	204	203	198	204	201	202	203	204
204	202	205	202	203	219	205	206	219	206	204	219	202	202	219	204	204	219	201	205	225	204	204	220	206	198	218	206	206	203	199	204	203	201	200	204
203	205	202	207	202	224	203	210	220	202	205	225	207	201	222	201	203	218	202	206	219	207	209	221	205	205	221	204	206	204	200	198	204	198	202	203
200	201	198	202	202	220	206	206	220	205	204	220	203	204	218	208	202	218	205	206	218	207	199	220	201	205	219	203	201	204	202	196	201	203	204	202
202	205	205	203	202	226	205	205	220	203	207	219	205	206	231	206	208	223	203	205	219	200	204	222	207	205	226	201	205	205	196	202	202	199	203	201
201	208	210	199	200	221	205	207	226	210	210	225	199	206	228	206	209	226	203	205	229	207	209	232	204	210	231	203	204	208	205	204	203	202	203	212
198	201	200	201	199	228	204	213	235	207	212	240	202	218	232	204	211	236	203	207	233	204	213	231	203	211	241	204	208	199	202	202	202	203	203	202
203	204	207	204	202	255	208	211	258	207	216	257	210	215	264	207	212	262	206	214	259	208	214	265	210	217	269	208	208	209	202	206	207	202	204	206
206	204	210	202	205	253	205	210	251	208	211	253	212	213	258	204	208	251	207	211	257	209	211	253	209	213	252	206	210	210	201	202	206	205	200	211
202	204	212	201	205	237	207	209	236	206	207	236	208	207	237	208	210	235	205	212	236	206	211	240	205	210	237	206	206	212	201	204	212	205	205	211
207	207	228	205	206	265	209	217	269	211	214	271	207	212	267	212	213	271	211	220	270	209	213	265	210	213	270	210	211	225	204	207	221	209	206	224
200	203	206	201	206	269	207	217	268	202	214	270	207	216	267	210	214	272	207	214	275	213	217	270	210	212	264	209	212	207	204	202	202	204	204	205
202	206	211	201	204	278	209	217	275	211	215	279	206	218	278	210	215	280	209	212	277	209	218	279	211	214	278	207	213	212	201	206	209	200	204	209
202	209	221	205	207	287	209	222	290	211	210	284	213	219	294	209	218	297	213	216	289	211	218	291	212	221	291	208	218	224	207	207	223	204	205	222
202	206	210	206	201	270	210	217	272	211	214	269	208	218	270	210	216	267	208	214	275	210	214	268	209	216	274	205	212	206	206	203	208	206	199	206
208	202	212	202	206	290	211	224	298	217	220	298	214	221	288	214	221	289	211	221	292	204	218	296	211	220	292	214	220	206	203	209	205	202	206	208
203	207	211	206	203	282	212	217	280	212	220	282	211	219	277	211	216	284	215	218	282	207	216	282	212	221	280	213	213	202	201	204	205	202	203	207
203	207	211	201	205	295	211	221	302	210	225	293	210	223	297	215	223	297	212	221	295	211	218	302	214	222	296	215	215	209	206	205	206	202	204	209
201	202	222	209	207	321	217	224	324	216	225	323	216	224	326	214	227	319	214	230	328	211	226	324	214	228	322	214	222	217	203	203	219	206	203	215
203	201	208	205	207	367	218	239	374	223	241	376	221	236	374	221	233	375	219	241	376	215	238	370	221	234	376	219	227	204	204	202	203	202	201	205
202	205	213	202	206	364	220	237	367	222	238	375	219	234	375	217	234	371	212	237	379	224	238	374	223	238	373	221	226	207	209	205	210	203	202	206
202	202	211	200	207	354	216	237	368	220	235	366	219	240	366	220	234	361	223	236	363	220	237	373	216	234	369	217	220	204	201	205	202	205	206	209
208	203	218	202	209	358	223	231	360	218	235	366	217	231	365	223	236	355	222	230	367	218	234	364	221	235	356	219	226	204	203	204	209	203	206	210
203	199	207	204	204	312	213	223	316	217	223	318	217	225	317	216	227	317	212	224	311	215	225	318	213	222	316	217	219	201	201	203	203	203	200	202
207	199	209	208	204	277	216	217	282	216	222	287	209	221	282	212	216	282	208	223	285	208	215	284	208	219	289	212	213	207	204	203	202	204	207	198
203	201	218	202	204	274	211	215	277	206	214	276	208	220	276	208	215	271	210	213	271	209	219	272	209	217	273	209	212	205	202	203	208	202	202	206
201	204	219	206	208	293	211	223	299	213	221	304	216	222	299	213	222	297	214	219	297	216	223	297	210	217	300	215	214	212	205	205	208	202	210	212
191	203	214	204	205	356	217	237	363	223	234	372	221	238	375	221	234	372	223	235	368	221	241	372	219	237	366	219	224	205	202	206	206	203	203	206
206	207	210	202	209	369	220	233	367	223	237	360	216	239	371	221	238	378	221	238	376	227	237	376	223	237	382	223	226	208	203	202	205	205	206	208
207	209	219	208	215	405	222	244	417	225	246	418	225	244	419	223	245	414	226	248	417	227	247	424	224	246	411	225	236	214	205	203	213	207	207	212
205	203	210	205	208	328	214	232	337	212	229	334	218	224	330	218	230	339	214	230	336	214	227	336	219	229	334	214	222	207	205	204	208	206	202	207
206	202	210	205	205	328	217	229	334	212	231	331	215	230	333	219	232	337	216	230	336	215	229	333	219	227	332	219	224	204	200	209	206	206	203	209
200	203	208	204	205	312	215	229	314	214	228	309	215	228	313	218	228	317	213	225	313	216	227	310	212	226	319	213	222	209	202	207	208	206	205	209
201	202	210	202	204	303	213	223	306	212	227	307	213	222	312	218	225	309	212	226	310	213	223	312	214	226	309	214	219	203	202	202	205	205	206	205
209	204	221	205	213	343	217	231	333	218	232	340	213	231	337	220	231	348	214	230	350	219	232	344	220	232	346	213	221	206	205	209	211	203	202	209
203	201	221	206	210	454	229	259	452	230	261	463	226	259	471	229	254	475	230	256	472	231	253	461	229	252	465	231	237	202	204	205	208	205	206	207
205	202	217	204	215	523	235	270	537	236	274	535	236	273	537	234	274	543	233	269	539	232	274	548	240	269	541	231	244	203	203	203	203	203	204	204
203	204	223	209	216	435	230	251	446	226	246	448	226	254	460	226	253	452	227	256	450	228	252	445	229	252	451	226	238	207	205	205	205	205	206	212
205	204	224	208	216	560	238	277	570	242	279	569	236	275	572	238	276	565	238	278	577	237	278	578	240	281	575	240	253	208	204	207	212	203	205	212
208	206	227	215	216	643	246	288	639	243	292	645	244	295	654	251	287	653	245	293	665	244	292	644	255	290	646	252	269	204	204	202	210	203	204	209
204	205	219	208	217	479	231	255	488	235	260	487	234	255	488	232	265	492	233	256	485	232	263	491	233	260	485	230	242	208	207	206	215	205	208	209
205	204	218	209	213	660	253	293	668	249	299	688	253	296	676	248	293	696	247	305	687	252	298	669	254	298	680	250	264	204	203	210	207	204	202	206
202	204	222	209	210	786	261	316	799	262	311	812	257	322	821	262	311	811	258	321	829	260	322	807	262	329	818	260	282	207	202	206	205	205	206	209
205	205	216	209	209	494	233	263	513	228	261	505	233	267	521	230	267	511	231	262	511	230	267	510	233	263	510	234	248	207	202	202	205	205	202	201
204	205	217	209	210	489	233	264	506	234	263	507	232	270	500	233	267	507	236	259	515	235	262	511	227	263	496	236	238	207	201	205	206	208	207	208
204	205	212	207	210	534	240	268	544	240	272	558	234	274	560	237	271	542	238	269	556	237	273	550	240	271	556	241	248	203	205	203	206	207	207	203
202	202	207	206	208	376	227	242	382	221	236	385	217	239	385	222	235	386	221	237	389	224	240	387	219	239	391	225	224	202	205	202	202	205	202	203
201	206	216	209	212	476	231	261	481	228	259	487	234	260	486	229	258	489	235	263	474	235	261	491	231	261	485	234	240	203	204	206	208	205	206	208
204	206	218	206	210	458	232	254	454	229	254	457	231	256	459	227	255	466	232	257	463	229	256	475	224	246	467	233	237	210	207	204	210	203	209	210
199	201	214	203	209	384	222	243	388	219	237	379	223	244	374	223	238	383	218	243	385	226	237	381	222	245	375	224	226	204	205	202	206	205	202	205
204	202	236	216	225	925	274	349	935	275	346	918	272	342	947	274	344	935	270	348	939	274	342	945	274	349	939	272	302	210	204	207	212	202	206	213
204	203	227	206	218	692	254	301	696	253	302	695	256	304	708	255	301	690	252	305	700	251	304	697	250	305	696	253	286	205	205	201	212	206	203	207
206	203	224	209	219	495	232	262	507	231	264	502	230	266	498	234	263	507	231	265	501	232	267	510	237	264	504	230	247	210	203	201	215	204	204	208
203	207	234	212	221	730	257	306	750	255	307	733	254	306	742	260	310	753	259	307	747	257	310	754	255	309	739	255	283	210	205	205	214	204	204	211
203	203	264	224	252	1817	354	507	1816	359	501	1820	356	500	1830	357	517	1832	357	506	1858	353	513	1838	356	499	1849	359	442	210	200	205	211	205	206	210
206	208	248	212	235	1165	290	393	1182	298	385	1175	291	389	1166	291	391	1173	299	396	1163	296	383	1166	299	385	1174	300	341	206	206	202	212	205	208	209
205	207	220	207	213	559	241	272	565	242	273	566	238	273	572	241	274	568	238	278	580	243	272	577	238	279	572	237	254	212	203	202	207	206	204	207
205	207	223	205	219	872	268	333	881	261	330	899	266	338	897	270	337	896	271	340	915	276	342	905	269	339	916	273	291	212	195	211	212	201	210	207
202	207	221	206	216	635	244	293	657	251	292	651	245	294	654	251	290	656	251	299	674	249	296	661	256	293	667	252	263	211	203	208	206	206	202	209
203	204	224	208	215	462	227	257	474	229	260	464	229	259	476	238	254	471	233	261	482	229	258	475	231	257	474	233	244	207	204	207	205	204	205	210
204	203	251	217	234	1285	305	409	1293	309	407	1295	309	415	1309	301	408	1313	305	414	1320	308	417	1310	310	409	1320	312	358	204	202	208	206	206	207	211
207	201	255	223	245	1840	359	514	1843	354	511	1868	352	507	1876	359	519	1867	353	518	1894	363	517	1887	359	507	1898	361	427	201	203	206	206	201	205	207
209	208	277	222	246	1765	352	506	1832	353	505	1826	357	512	1859	359	503	1874	358	523	1866	357	516	1876	356	501	1859	360	417	224	207	208	226	204	205	232
203	207	232	213	222	870	271	332	903	271	339	879	268	340	897	269	340	889	270	333	881	269	343	899	273	339	904	277	295	206	207	203	204	208	204	206
203	204	235	209	221	794	260	319	822	265	321	817	251	321	819	265	316	825	267	320	829	263	325	832	263	321	822	264	297	207	206	200	203	207	207	204
207	203	229	212	220	712	253	304	717	255	302	710	255	303	726	256	306	718	250	306	731	254	314	735	256	305	726	252	277	205	203	206	204	208	204	205
206	204	220	209	210	500	236	263	503	234	264	500	233	260	513	234	264	512	229	261	511	231	265	505	233	259	502	230	248	203	202	205	207	203	206	205
208	208	256	210	226	964	277	351	982	278	351	985	279	346	984	277	354	985	276	355	1009	286	352	986	275	351	995	276	303	233	206	210	230	203	207	232
208	200	251	218	229	1470	321	440	1508	324	444	1496	325	448	1517	324	444	1504	323	448	1534	324	448	1541	329	448	1543	326	373	215	205	205	218	204	209	217
203	203	276	228	269	4088	725	1279	4089	727	1307	4089	731	1304	4089	759	1302	4089	735	1353	4089	747	1314	4089	750	1313	4090	740	881	207	205	209	215	205	208	208
202	203	240	209	240	3686	461	710	4189	458	735	4217	463	740	4260	475	740	4260	463	748	4253	470	736	4265	463	727	4259	465	525	210	207	205	207	204	207	206
205	205	240	215	226	1557	330	462	1631	328	464	1634	331	467	1643	336	466	1633	335	471	1635	335	474	1661	344	464	1644	336	380	220	208	208	216	202	204	214
211	210	262	220	227	1217	300	397	1260	299	400	1273	301	405	1284	304	400	1262	301	405	1286	313	407	1289	310	402	1302	307	337	243	211	212	244	207	211	242
209	202	222	205	213	786	256	323	799	265	327	788	264	319	815	264	323	805	265	325	822	263	324	818	268	323	829	266	280	206	206	205	210	204	205	211
204	203	229	208	218	1384	319	430	1431	319	440	1444	316	431	1460	324	435	1457	324	435	1471	324	444	1459	317	438	1462	325	354	207	208	205	209	207	205	212
203	207	224	206	219	1048	285	364	1075	287	380	1086	289	372	1081	294	372	1103	291	378	1110	289	381	1090	296	376	1099	292	310	205	207	207	207	206	206	209
206	208	228	213	217	988	281	358	1009	288	358	1014	284	354	1020	280	360	1015	281	359	1043	283	362	1034	284	364	1040	280	310	213	207	204	217	206	206	217
201	207	239	215	246	3427	503	832	3486	503	844	3506	509	844	3571	511	851	3576	514	860	3585	513	866	3562	515	841	3609	525	595	208	203	211	209	203	206	205
204	203	227	210	226	1691	346	485	1735	344	505	1746	350	497	1761	347	502	1792	357	508	1797	352	501	1793	348	500	1783	359	394	207	205	205	208	204	208	206
201	206	217	208	220	736	256	300	747	258	307	763	253	312	745	253	306	745	259	315	762	263	314	752	260	312	762	257	273	206	201	203	204	204	207	202
206	202	220	205	215	393	225	246	405	223	241	402	227	243	414	224	240	397	228	245	421	222	244	422	224	246	409	227	237	210	210	203	208	209	204	205
205	205	218	209	213	383	225	242	393	224	241	397	217	240	392	223	240	386	219	237	391	227	239	397	226	242	392	225	234	217	205	206	212	204	204	211
205	204	223	211	214	652	244	289	664	251	290	662	247	294	673	253	297	662	255	293	672	249	296	681	248	291	684	248	266	209	202	207	206	204	205	205
201	206	220	208	212	586	245	289	595	242	285	601	240	281	610	242	282	609	246	281	607	241	290	616	242	284	613	242	260	208	207	204	207	208	206	209
207	206	220	208	209	440	225	251	447	224	249	446	224	250	450	228	249	447	225	255	446	229	244	442	229	248	449	227	237	213	202	203	206	206	208	208
203	207	227	213	219	573	239	284	584	242	277	575	237	274	576	236	277	579	242	282	580	233	274	577	237	277	584	241	255	207	207	204	203	205	207	206
202	203	236	210	222	554	238	275	551	239	274	552	236	275	556	235	275	548	237	274	549	232	274	554	235	274	547	242	256	210	204	205	210	206	206	211
204	201	224	208	214	478	228	257	474	231	257	479	228	259	484	230	258	478	229	258	483	232	259	482	232	257	479	229	249	206	204	206	208	202	204	203
196	208	229	211	214	579	237	289	593	240	282	604	247	279	593	242	281	604	245	281	608	243	284	607	247	283	605	242	256	203	204	204	212	207	206	210
207	206	242	218	228	1252	306	410	1297	308	414	1307	309	412	1327	307	419	1316	308	423	1332	309	416	1308	311	419	1337	308	341	208	204	203	209	205	203	209
207	202	237	211	223	699	251	308	704	252	306	705	252	306	707	251	305	714	257	303	720	253	304	707	253	305	721	261	271	211	201	202	206	205	207	209
204	209	240	216	219	527	236	268	546	242	269	549	242	272	547	236	273	537	239	271	540	240	271	549	239	267	556	242	250	209	204	205	209	203	202	216
204	202	239	213	225	993	275	358	1013	280	357	1023	281	366	1023	288	364	1024	279	365	1044	277	374	1016	280	358	1039	284	313	209	203	206	211	202	206	207
205	206	247	215	232	2136	374	574	2195	384	568	2199	393	576	2227	389	578	2202	402	586	2226	390	588	2228	396	582	2265	392	437	208	204	208	205	202	206	205
204	205	238	214	228	1435	316	437	1434	320	437	1474	325	438	1489	320	440	1463	328	459	1472	331	448	1474	326	438	1501	323	360	201	202	205	205	200	212	205
206	203	258	217	255	3313	494	804	3377	491	813	3414	494	814	3450	509	798	3428	511	827	3473	503	840	3433	511	806	3491	525	588	214	210	203	210	205	203	215
201	204	241	215	231	1897	368	532	1983	371	537	1967	373	537	1981	372	543	2012	377	543	2035	381	541	2013	380	536	2023	377	423	205	204	202	210	203	205	212
206	206	228	212	221	873	268	344	889	269	336	905	269	339	907	273	345	904	274	340	915	272	339	909	274	334	915	274	297	212	205	202	213	202	207	212
205	204	226	210	214	548	238	267	559	240	275	553	238	277	562	236	272	562	241	278	565	244	277	557	239	278	569	242	252	214	203	204	208	207	202	211
206	205	224	207	218	430	225	254	441	231	252	444	223	251	444	224	248	447	232	253	442	229	254	448	231	251	451	229	239	213	203	204	213	205	205	208
204	208	262	216	226	1095	289	382	1118	288	378	1127	289	380	1144	293	377	1121	294	379	1140	298	379	1139	291	380	1144	287	326	236	208	210	236	206	211	235
209	212	255	210	223	661	249	288	672	249	292	673	247	295	687	253	303	675	248	301	680	248	301	677	250	299	680	251	271	231	205	211	234	204	213	234
204	204	216	206	213	441	226	252	444	230	251	442	226	256	443	224	249	451	228	258	446	223	253	445	227	250	450	229	238	204	200	204	204	205	201	209
202	203	228	207	210	370	221	242	373	217	237	375	220	232	382	223	242	376	218	243	384	221	243	377	221	239	374	215	228	211	206	209	209	205	203	207
200	205	227	207	213	416	224	246	416	225	245	421	228	248	417	222	245	426	225	252	422	224	245	425	226	248	425	222	237	208	198	208	211	208	202	208
201	206	225	209	213	435	227	250	437	228	248	440	230	248	445	225	248	438	230	249	449	229	249	449	230	249	446	233	241	207	203	205	208	205	202	210
204	203	221	208	214	432	223	244	432	222	247	438	223	246	436	224	246	439	223	245	435	224	249	428	227	247	437	225	234	208	204	205	206	201	201	212
208	202	232	209	226	1271	302	415	1301	312	410	1296	302	421	1319	305	418	1332	300	418	1342	305	415	1310	310	406	1341	315	351	211	204	202	213	202	205	209
207	203	235	218	221	1523	328	456	1566	329	458	1577	331	465	1593	336	465	1604	336	469	1609	333	476	1628	343	458	1606	338	362	211	204	206	211	210	208	205
205	203	230	210	213	700	255	309	725	258	303	718	257	308	733	254	310	725	255	311	733	252	311	736	259	305	732	252	272	212	204	207	214	202	206	212
205	205	226	212	216	590	244	286	599	241	285	598	245	279	606	242	274	603	238	288	617	244	286	611	240	280	611	234	257	208	203	204	209	205	204	210
204	202	238	213	228	1571	332	455	1610	337	470	1614	342	457	1638	341	469	1624	336	472	1664	333	475	1635	340	466	1647	335	383	204	204	205	205	207	204	206
202	208	225	209	214	681	249	303	698	244	296	693	252	305	699	256	297	687	249	299	694	249	304	695	247	301	691	253	266	205	203	201	200	202	206	201
206	203	218	207	207	404	222	245	415	224	243	409	224	242	421	224	244	416	223	246	419	221	246	414	227	244	420	226	231	205	201	205	202	204	203	205
203	207	220	209	213	517	233	264	524	232	265	518	235	270	530	236	265	534	236	266	529	231	270	528	239	263	539	231	243	206	205	205	202	208	204	202
204	204	251	218	244	3894	555	915	4003	562	948	4011	558	941	4070	581	968	4081	580	960	4094	562	971	4078	565	939	4108	569	659	213	203	206	207	203	201	209
204	208	226	210	221	1441	321	434	1475	331	453	1492	329	440	1526	335	450	1505	326	463	1545	325	451	1523	328	443	1521	333	364	208	204	206	207	204	206	202
201	205	224	205	217	616	240	281	631	251	290	631	245	291	634	246	284	633	245	290	641	250	289	632	243	283	636	250	258	209	207	207	207	202	204	207
205	207	223	208	214	387	222	240	395	222	240	389	223	241	388	224	238	399	221	243	393	221	240	393	224	242	390	225	225	211	204	203	210	200	203	214
204	201	231	210	221	1103	290	380	1130	285	377	1132	290	374	1149	290	381	1144	288	388	1163	297	386	1143	286	376	1158	285	316	212	202	203	214	208	207	205
205	205	235	214	221	911	272	342	940	273	342	935	277	342	931	274	349	938	271	344	958	274	341	947	272	346	958	276	291	205	202	206	208	202	198	207
205	206	239	211	222	938	276	337	948	274	351	959	278	338	948	275	346	954	280	350	961	277	352	955	274	345	952	274	292	211	206	207	214	203	202	214
204	205	280	232	275	4359	675	1208	4411	687	1218	4411	698	1228	4409	696	1232	4410	703	1239	4408	708	1256	4408	710	1229	4407	709	849	209	201	205	205	200	205	204
205	203	272	227	264	4122	571	960	4110	570	953	4109	575	968	4103	578	974	4103	582	983	4101	583	986	4103	596	957	4099	594	708	210	205	205	211	204	208	208
203	208	249	217	227	1548	330	472	1602	332	471	1636	336	461	1622	340	466	1647	337	483	1635	339	477	1636	338	463	1645	341	384	209	207	205	212	202	206	208
204	202	235	207	217	708	258	300	708	255	300	715	250	302	722	256	299	717	256	309	719	252	297	725	261	303	718	253	274	210	208	207	216	204	204	208
203	205	233	209	217	472	233	258	476	229	253	471	229	256	491	234	259	480	230	260	484	232	261	489	231	257	487	230	245	208	201	203	208	204	203	207
203	206	234	213	212	493	232	264	498	232	261	493	239	261	506	237	260	498	230	264	504	234	264	507	226	264	505	231	246	214	203	202	214	207	204	213
202	202	238	213	216	710	254	308	712	256	305	720	253	306	724	250	310	714	251	309	740	258	303	711	254	315	717	253	265	209	201	200	213	202	207	215
203	206	224	209	209	454	224	255	450	230	252	453	226	252	462	229	259	461	225	253	454	228	252	467	232	255	461	233	236	207	203	199	206	205	203	209
199	202	221	211	214	444	224	249	454	227	257	444	224	252	466	226	255	460	229	256	462	229	253	461	224	245	457	228	239	204	201	202	207	204	203	204
204	203	236	214	225	1285	307	411	1321	305	414	1334	310	409	1353	305	418	1361	314	422	1367	308	426	1352	314	422	1364	314	344	214	204	206	215	205	207	215
201	205	224	208	216	714	256	309	723	248	313	727	254	302	742	253	301	742	256	307	737	260	311	739	260	306	734	256	266	205	205	205	205	206	202	205
202	203	222	210	216	433	229	254	456	224	255	449	228	251	457	229	251	446	230	253	460	228	255	454	230	252	454	224	237	203	203	203	206	204	206	204
200	205	224	210	209	393	224	240	400	220	238	403	220	240	397	221	243	406	222	239	405	224	241	397	223	245	389	222	232	209	201	207	206	205	204	209
202	204	231	208	220	1028	281	362	1034	284	364	1048	289	364	1068	286	367	1059	284	372	1064	288	367	1061	283	366	1054	283	305	207	202	204	205	205	207	205
203	206	237	211	226	1527	331	458	1581	328	455	1575	333	462	1592	339	461	1561	331	475	1603	333	465	1597	333	464	1599	328	363	208	203	204	212	208	202	204
201	205	223	210	216	742	253	311	765	258	312	770	251	318	759	257	315	775	261	316	785	248	320	771	255	313	777	262	279	205	205	207	206	208	202	206
205	204	229	207	211	472	233	254	471	228	259	470	227	259	475	231	260	472	228	257	480	232	253	473	227	255	478	231	242	207	197	202	210	204	203	208
204	203	239	210	220	501	233	259	509	237	263	508	231	264	513	233	267	512	235	268	508	230	264	511	232	260	507	239	246	213	204	204	213	202	206	215
204	205	239	216	226	701	249	301	725	255	308	716	252	301	719	256	305	717	253	305	728	253	304	725	248	304	721	251	275	212	205	205	206	202	203	210
202	205	248	213	222	919	270	350	954	274	343	936	279	347	961	267	350	939	273	355	953	280	347	950	276	344	956	270	299	212	206	203	214	203	205	210
204	206	243	213	222	633	244	289	656	240	289	653	247	285	656	247	293	657	247	297	664	253	294	646	245	289	654	252	271	218	200	206	214	202	206	214
206	204	242	213	219	562	241	274	569	237	275	576	242	275	571	238	279	554	238	279	578	238	281	566	237	273	565	240	251	209	203	206	212	204	207	207
204	205	232	207	217	496	233	258	508	235	265	505	234	268	509	235	264	499	233	262	501	230	260	500	226	259	503	227	250	200	201	204	209	201	201	209
203	203	228	206	211	404	222	245	411	220	245	417	226	244	418	220	246	418	226	241	418	225	245	420	221	246	421	227	230	208	203	203	204	202	205	208
205	206	232	210	214	422	225	244	419	224	245	416	223	243	419	225	243	416	223	244	418	222	247	413	223	244	414	228	234	213	205	207	213	203	207	218
202	203	228	206	216	434	228	252	431	225	247	423	222	247	434	227	246	433	222	246	439	227	256	427	230	245	435	225	237	209	203	203	213	203	202	214
206	207	225	207	218	509	242	262	520	233	267	520	238	265	521	239	267	524	239	259	531	231	269	533	239	265	530	237	242	209	201	201	208	204	206	207
209	206	232	214	223	1217	301	398	1242	303	398	1245	308	405	1269	303	398	1253	300	404	1269	302	408	1267	305	410	1285	305	335	205	205	203	203	207	203	205
205	201	228	213	218	703	250	308	724	253	306	736	262	312	758	254	311	749	256	302	750	259	313	742	258	306	740	257	276	207	200	203	209	203	203	204
208	203	231	214	216	664	257	301	682	253	298	685	249	301	702	244	300	695	250	298	686	247	298	691	251	296	693	252	274	208	205	202	202	201	203	206
203	203	225	206	213	477	231	256	491	229	259	489	230	262	485	233	262	489	228	264	487	229	255	489	233	254	492	230	244	212	201	199	205	203	202	209
203	203	231	211	222	705	251	305	714	249	306	719	251	300	717	251	309	714	251	303	718	250	301	718	250	302	710	250	274	206	203	203	205	201	206	210
204	206	233	209	221	544	232	269	557	233	271	552	237	273	548	239	269	555	238	271	545	235	274	553	241	273	562	235	256	214	201	205	211	202	206	211
202	208	231	211	210	407	224	245	404	224	247	415	222	245	409	222	241	405	225	243	409	226	244	408	226	244	417	225	238	215	205	206	210	208	206	214
213	197	225	212	217	445	230	250	457	230	253	451	226	244	466	232	254	449	229	254	451	232	253	459	227	255	457	228	242	207	203	206	212	206	207	209
201	207	233	209	220	530	231	267	538	235	266	524	233	259	525	236	270	531	239	270	536	235	265	534	232	265	536	233	254	216	203	204	212	205	208	212
202	200	222	208	213	387	220	242	396	225	243	391	220	240	402	221	236	395	224	237	402	222	240	402	222	242	399	226	236	201	201	204	199	203	205	202
203	204	222	208	211	398	222	241	403	221	241	403	223	244	405	220	240	402	220	237	410	224	240	409	224	241	406	221	229	207	204	202	204	202	202	211
206	206	236	214	216	503	234	260	523	228	269	512	234	261	519	230	263	520	235	263	511	233	265	514	230	266	521	235	251	217	203	202	211	202	204	212
207	205	242	212	216	413	225	245	419	226	249	415	223	244	421	225	246	421	226	250	414	225	253	413	222	243	420	224	239	219	204	207	219	201	204	217
204	201	226	209	213	364	222	234	370	217	240	358	219	238	374	221	233	368	218	237	374	218	230	368	219	238	372	220	226	203	204	203	208	205	205	207
201	202	221	208	215	407	227	247	410	222	241	408	221	245	405	225	245	407	226	246	406	221	241	413	221	239	408	225	234	208	199	205	210	204	205	208
201	202	235	206	212	380	223	236	378	210	240	383	219	241	375	221	239	380	224	236	378	220	235	377	218	238	380	218	228	217	202	207	217	207	210	218
204	200	220	207	212	357	217	239	359	218	232	358	216	235	358	217	236	361	219	232	360	219	231	364	225	235	365	217	221	206	204	202	207	201	200	203
202	203	220	210	216	372	224	238	373	219	236	378	220	237	375	217	238	375	217	238	379	220	240	375	222	238	380	217	231	203	205	202	206	201	203	203
202	206	219	209	211	383	218	241	385	220	241	387	218	240	385	222	239	378	219	240	381	223	236	385	222	233	388	221	227	207	204	207	206	207	205	208
200	203	221	210	214	386	215	243	390	221	240	394	226	239	392	222	239	400	220	239	395	221	237	393	223	243	397	219	229	202	205	201	203	204	204	204
201	203	227	206	218	401	223	243	402	218	243	401	223	242	408	222	240	417	223	243	411	218	244	409	224	247	412	223	235	203	205	202	204	201	204	204
205	204	234	209	214	431	218	251	436	225	245	441	223	256	438	232	243	442	228	252	431	224	245	435	225	249	433	223	237	210	203	203	210	202	202	210
204	201	222	209	213	415	226	244	422	226	242	420	220	243	413	224	247	419	222	244	418	227	241	420	226	244	417	226	235	203	202	199	204	205	205	205
198	201	224	207	218	431	231	248	447	228	249	430	227	249	448	227	251	440	226	248	440	227	249	447	222	249	439	232	236	205	206	204	205	202	203	209
210	199	227	206	215	409	225	246	410	228	243	414	225	240	411	224	248	411	224	245	408	223	245	414	219	242	418	226	233	206	200	205	208	201	203	210
201	206	225	206	218	435	225	244	428	224	246	424	221	242	434	229	247	436	225	248	427	229	239	424	222	247	431	225	236	209	205	204	208	200	201	206
201	193	227	210	215	449	228	249	436	224	248	441	223	249	439	224	249	445	226	245	438	229	252	442	222	248	446	227	236	208	203	202	206	201	204	211
204	204	225	208	213	447	229	253	450	226	249	452	224	246	446	226	252	453	222	244	442	231	251	455	225	252	451	230	238	205	202	203	205	202	203	203
200	201	233	207	214	515	230	263	511	234	268	515	234	261	519	230	269	514	234	260	507	233	268	522	229	260	524	231	250	213	203	204	210	198	202	210
203	207	232	208	214	429	222	248	426	222	247	433	224	241	433	221	248	431	223	244	433	225	244	435	221	244	434	228	234	210	204	205	211	204	203	211
204	204	234	208	220	514	232	268	520	233	261	510	230	264	519	233	266	512	232	266	504	234	266	515	230	262	512	235	242	212	206	202	209	206	202	209
203	205	232	210	224	632	244	280	650	244	288	646	245	288	656	240	284	643	244	289	633	246	288	643	246	285	643	244	268	203	202	205	210	205	204	206
207	206	231	208	220	508	234	261	505	229	262	507	235	268	510	233	266	508	232	267	515	233	265	501	232	266	507	229	249	210	206	203	212	204	200	210
208	206	245	215	224	499	233	268	507	230	257	512	235	259	511	233	258	502	233	263	512	231	261	513	227	261	507	233	254	223	203	205	220	206	209	219
202	203	228	214	214	424	224	246	425	223	251	426	233	244	427	223	241	428	222	248	430	223	245	426	224	246	427	223	236	205	204	199	205	199	203	202
202	204	242	212	231	966	269	342	964	279	345	961	274	343	968	275	347	963	275	345	974	275	350	962	277	345	962	279	312	204	200	201	201	203	204	190
202	205	235	210	227	771	260	311	768	259	316	761	255	309	779	254	319	780	258	315	775	260	315	770	254	314	777	262	288	204	206	202	205	202	202	207
207	206	234	213	217	533	235	265	529	238	276	527	229	269	539	235	268	527	233	264	530	233	270	537	237	266	537	236	253	207	203	201	210	201	202	211
200	201	229	212	217	463	224	253	473	226	253	463	229	257	476	230	256	468	228	257	466	229	254	473	224	253	464	225	243	206	201	202	204	202	205	203
200	201	224	208	209	420	225	246	429	222	249	433	224	249	429	223	241	432	222	249	431	223	249	428	226	247	429	227	233	203	201	203	205	209	201	201
202	204	228	210	215	394	220	242	406	225	235	403	219	246	404	220	240	401	223	241	398	220	247	404	222	246	401	223	231	208	204	203	208	201	203	212
203	204	230	208	223	652	249	292	661	248	291	653	248	288	658	245	291	663	243	292	661	251	292	661	244	291	657	255	270	202	206	203	207	201	207	207
201	205	243	214	221	810	263	323	819	260	318	804	261	316	807	263	321	814	260	320	814	261	322	810	257	317	816	262	292	215	206	205	210	203	210	212
204	205	228	215	223	678	253	302	695	251	300	685	245	296	682	247	302	679	250	294	695	251	296	683	251	292	678	250	278	200	203	210	203	202	202	208
202	201	223	206	214	440	228	250	446	223	252	449	226	252	455	223	250	450	226	253	454	224	256	447	225	252	444	224	233	203	201	205	205	204	204	204
203	201	222	211	211	428	226	245	430	225	250	441	224	247	428	225	253	439	224	245	434	225	246	442	225	251	429	224	241	199	203	204	206	202	205	207
201	205	244	210	221	660	247	293	657	251	298	669	245	288	670	249	290	661	245	293	670	246	293	664	242	292	665	247	271	220	202	205	216	209	203	222
201	204	228	210	214	515	234	266	524	234	267	524	235	270	522	235	270	525	232	262	526	233	270	525	232	267	524	232	252	212	203	202	213	204	205	206
202	202	214	206	209	408	229	244	411	228	248	411	225	242	414	225	244	414	222	248	411	220	249	413	222	246	416	225	232	208	212	204	202	201	207	196
203	204	220	208	207	364	221	231	368	218	234	365	221	237	375	221	237	368	217	236	375	217	233	370	218	227	371	219	229	207	204	202	211	196	207	206
207	205	220	209	215	435	223	250	432	224	244	431	227	249	435	224	252	441	227	249	436	228	249	444	225	247	436	225	235	210	200	203	207	203	204	207
201	200	233	210	216	614	245	290	621	242	280	622	243	284	628	241	284	624	242	282	616	240	282	629	241	285	621	244	269	213	203	205	207	199	206	210
199	205	231	215	219	449	231	250	455	228	244	453	223	248	459	226	253	446	227	257	451	223	253	454	229	252	450	229	244	209	204	204	214	208	206	211
204	210	245	214	218	419	227	250	413	222	243	420	223	241	416	225	245	416	224	243	411	224	241	399	222	243	419	223	233	230	203	210	224	208	209	226
201	202	229	211	216	447	228	248	465	226	248	451	223	247	453	229	253	454	231	258	460	228	249	446	230	252	449	226	234	205	203	200	209	204	201	209
205	207	223	210	214	462	232	253	462	232	254	459	226	249	464	227	254	457	228	253	455	227	254	461	228	250	465	227	239	204	201	202	209	207	201	204
207	210	266	214	220	438	222	245	428	223	248	441	224	245	442	226	252	437	224	249	445	224	243	434	223	247	444	224	235	251	206	211	247	207	214	248
210	217	286	210	222	418	224	242	428	222	247	414	224	247	421	223	242	421	223	248	423	226	246	423	223	249	422	218	235	272	209	219	270	210	214	270
204	206	220	209	211	332	216	228	339	217	231	335	216	227	337	214	225	337	219	232	335	218	227	341	214	227	336	209	221	211	208	204	211	206	204	215
205	204	242	208	213	408	224	240	416	225	242	410	222	240	418	224	242	411	223	244	417	220	246	411	222	244	412	220	233	227	207	208	227	201	206	226
204	207	243	212	223	532	231	266	533	233	264	529	237	273	530	234	271	531	237	273	539	238	270	545	235	266	538	237	254	224	204	208	228	204	209	221
200	201	221	208	213	360	219	233	371	217	234	367	221	236	361	222	234	365	219	236	372	216	240	372	220	237	367	220	223	208	205	204	209	201	201	213
205	207	218	204	210	329	213	231	334	218	223	326	212	228	337	217	228	329	213	224	333	216	229	331	217	225	333	215	228	206	205	207	204	200	201	209
199	201	221	209	213	435	222	247	434	220	252	434	225	250	434	224	247	438	227	246	435	225	247	434	226	248	433	224	237	205	200	200	205	202	199	204
200	201	216	207	210	369	218	238	378	214	241	375	217	236	375	220	237	377	217	238	375	222	238	376	221	234	375	218	228	206	203	204	206	206	203	205
199	202	223	209	213	351	218	230	358	213	235	355	210	235	355	221	233	358	220	231	358	218	237	351	217	231	354	212	224	211	203	202	208	203	205	211
206	202	219	205	209	379	219	235	382	217	230	384	224	243	381	217	236	385	219	241	375	222	236	389	220	245	384	207	234	205	200	204	209	204	205	206
205	203	214	210	214	330	211	223	329	215	229	329	217	230	327	216	228	328	212	228	331	217	227	327	213	225	330	217	222	209	199	202	210	203	205	207
206	205	220	203	204	307	215	223	314	217	219	310	216	226	310	215	223	312	214	224	313	212	223	317	215	227	314	214	215	208	201	208	209	204	202	215
203	206	226	204	213	420	223	247	421	226	246	418	222	248	425	225	245	420	225	248	428	224	239	420	224	244	426	225	234	209	199	202	206	203	201	210
203	204	222	205	209	362	218	238	361	221	234	364	219	234	366	220	236	363	222	234	369	225	235	373	217	238	367	219	228	206	205	204	207	202	202	208
203	205	219	205	208	322	213	228	323	212	225	329	218	227	320	217	227	326	214	231	328	218	226	324	215	228	330	215	216	206	204	204	208	205	202	212
205	202	224	209	213	350	215	231	351	216	231	353	216	229	357	216	230	359	216	230	362	219	232	358	219	230	358	219	229	216	198	201	212	208	201	217
204	203	224	206	213	348	215	229	352	219	233	348	215	228	353	217	236	353	212	231	360	218	233	349	214	232	349	220	220	208	203	201	210	207	208	205
203	199	229	209	215	553	237	267	551	237	269	539	237	269	555	234	269	550	232	274	546	239	265	553	231	270	553	240	249	209	206	206	208	204	202	211
200	205	235	212	215	700	252	298	697	249	302	692	255	289	703	252	297	690	248	299	708	251	304	704	251	298	688	252	284	206	200	206	207	204	201	210
203	202	224	205	210	417	221	241	412	222	240	413	225	243	412	223	242	419	223	247	417	223	244	414	223	244	405	220	233	208	203	201	208	202	204	204
200	206	226	211	215	461	232	252	466	227	247	455	233	255	466	227	250	465	230	252	464	232	252	460	226	253	460	229	242	206	201	197	208	206	204	206
199	202	221	209	208	410	221	241	413	220	242	411	224	248	413	226	240	415	227	246	415	221	245	413	221	244	414	218	233	200	202	206	202	201	202	204
199	203	223	208	213	496	231	260	507	229	263	505	229	257	497	236	258	495	229	267	504	231	260	495	236	257	506	229	248	210	202	204	207	205	208	207
199	200	226	207	212	422	221	248	427	225	245	417	227	243	431	223	251	427	227	248	420	223	241	424	222	244	426	221	235	209	203	204	206	197	202	209
204	202	210	200	207	344	217	232	339	216	227	335	218	228	339	214	230	330	216	230	339	214	232	338	216	230	333	213	219	202	205	201	200	205	202	199
210	203	217	205	206	319	212	227	325	216	225	320	217	226	319	213	222	315	212	220	323	210	226	323	213	224	318	212	221	202	202	203	205	201	200	205
202	200	222	207	207	367	215	234	369	223	228	367	216	230	362	212	230	369	219	236	364	220	234	363	219	234	362	219	228	204	203	204	210	203	203	209
198	204	225	206	215	373	221	233	375	218	235	375	217	236	374	213	232	380	216	237	379	218	241	374	219	235	378	219	227	217	203	206	214	208	206	212
203	203	230	207	209	414	222	244	415	226	247	419	217	246	412	218	247	419	221	246	422	220	243	413	223	248	428	225	237	215	199	207	213	201	206	210
203	203	221	206	210	412	220	242	415	220	240	419	221	239	412	224	237	416	225	241	413	221	241	410	220	241	417	220	230	203	204	204	204	204	200	199
200	197	227	210	213	422	226	244	410	223	245	423	221	240	404	224	240	413	221	246	412	220	250	414	221	244	415	226	231	209	203	209	211	207	200	206
202	208	226	205	214	451	225	246	457	229	256	444	228	247	457	222	251	440	225	259	453	218	250	458	225	255	455	223	237	203	205	203	205	208	203	205
207	203	274	227	252	1773	347	489	1774	343	497	1747	344	490	1794	348	493	1762	343	490	1775	343	492	1777	339	481	1754	349	423	212	201	205	216	203	200	213
201	204	248	212	238	1296	308	402	1300	304	407	1277	300	410	1295	307	403	1283	302	409	1296	307	415	1286	304	403	1289	304	363	203	201	202	205	203	202	209
203	205	236	210	224	789	260	317	787	255	318	772	255	311	781	260	320	782	259	312	793	259	316	781	256	314	782	259	287	210	207	203	214	202	207	216
202	202	227	208	219	647	245	287	659	246	291	643	234	290	641	246	287	640	247	292	649	247	299	653	245	288	647	247	267	206	203	202	208	205	207	207
206	201	220	211	215	382	221	236	381	223	233	382	220	238	376	219	234	383	217	235	382	220	240	378	217	236	385	217	229	204	203	205	205	203	209	207
199	205	208	208	208	308	216	227	314	214	222	312	212	223	312	214	224	313	212	224	311	214	222	310	213	220	314	216	219	203	205	203	204	202	201	206
205	200	213	200	209	343	212	229	349	214	231	344	217	229	351	216	232	343	219	231	352	218	232	350	219	227	354	218	226	201	202	204	203	202	201	206
200	200	224	204	218	543	235	270	549	241	270	555	240	267	551	236	269	557	236	266	560	235	273	558	241	268	562	237	254	204	203	207	200	203	203	203
199	207	228	204	221	913	271	344	923	273	342	942	268	341	947	275	344	933	273	340	948	270	351	944	274	340	955	272	297	210	203	205	212	202	202	210
203	205	227	206	216	750	257	313	761	261	313	783	255	310	773	258	311	769	256	314	786	255	322	782	258	310	777	259	275	210	200	202	209	204	203	210
204	203	224	207	212	430	224	249	444	229	250	448	225	251	450	227	247	453	224	248	445	226	249	440	227	250	444	228	235	220	204	206	221	202	206	221
204	203	217	208	214	425	224	246	428	229	240	427	228	246	427	225	250	425	224	249	428	226	248	431	224	244	425	221	233	204	202	203	199	201	203	205
204	204	216	206	209	444	227	251	455	228	250	452	225	250	456	225	251	449	228	252	456	224	248	455	227	248	460	228	240	203	200	203	207	203	206	204
203	204	212	203	213	394	227	241	397	221	242	392	222	238	397	220	250	410	223	238	403	218	244	400	218	240	400	216	230	207	201	204	205	203	200	206
205	204	226	212	224	949	276	347	966	284	338	973	273	346	965	275	352	962	276	357	993	277	359	980	276	336	972	282	304	206	201	204	204	202	205	203
203	206	243	212	216	567	237	275	564	238	275	569	237	278	576	236	278	565	238	275	583	240	281	568	234	274	573	237	256	224	205	205	224	205	206	226
211	217	300	212	223	428	223	244	440	224	249	437	224	250	435	226	247	437	223	249	427	226	245	437	225	246	440	222	239	292	212	219	287	210	215	287
202	205	219	197	208	324	212	227	324	212	229	328	216	227	326	217	225	326	215	228	333	216	225	329	212	225	330	218	220	205	202	201	208	203	204	209
204	205	236	208	216	482	231	258	491	232	264	486	231	257	489	232	259	484	228	258	495	232	257	488	228	259	490	231	243	221	206	206	221	203	206	218
205	202	227	208	211	435	222	243	426	224	250	439	223	257	430	229	246	440	221	247	432	226	251	438	222	246	439	224	236	209	201	203	210	201	203	206
202	204	217	205	207	320	210	227	323	214	221	326	209	221	319	209	226	316	213	221	319	211	225	322	214	224	306	216	216	205	205	203	206	202	199	202
204	203	219	207	210	438	226	252	448	228	251	456	229	249	452	225	251	454	227	252	462	225	250	451	230	250	454	228	230	203	203	206	203	203	199	207
202	203	221	207	212	422	222	244	434	229	246	433	224	244	427	221	247	433	224	249	441	223	248	428	219	247	423	218	230	206	207	204	201	202	203	202
200	206	220	208	214	344	216	231	353	215	236	351	219	238	346	216	235	346	217	232	350	210	240	354	214	226	358	215	221	203	200	201	204	201	202	205
200	202	213	202	208	323	212	224	320	215	223	329	212	230	319	220	228	318	211	226	318	208	226	324	214	227	324	216	223	204	204	205	203	204	205	206
201	203	228	206	208	326	215	224	335	213	227	323	214	226	335	213	228	331	214	224	336	216	221	333	215	224	337	213	218	213	203	204	213	204	206	215
205	204	235	205	214	381	215	231	376	221	233	384	216	237	375	216	237	378	217	242	380	219	241	376	221	241	383	217	229	211	205	203	220	204	208	221
199	202	223	207	211	480	226	254	481	231	252	480	230	256	482	230	258	472	233	253	489	231	258	477	231	254	472	230	245	198	203	203	204	198	196	201
205	195	227	205	215	498	230	258	494	225	261	492	230	263	498	230	257	489	226	261	494	231	263	493	228	264	499	229	250	210	202	207	208	205	206	206
204	206	213	205	208	335	212	227	332	216	225	330	210	229	340	211	227	336	213	227	335	215	226	332	217	229	342	215	222	205	205	202	204	203	202	206
202	205	217	205	205	302	210	221	304	213	222	305	213	224	301	215	220	299	211	220	303	212	225	305	211	218	301	210	216	207	203	202	212	206	205	207
204	206	212	206	210	281	208	219	286	207	217	284	207	217	281	214	215	283	209	221	279	213	215	284	215	220	282	212	215	208	201	203	206	202	202	206
201	203	222	204	208	284	204	217	286	214	220	281	210	222	284	212	215	287	211	220	289	216	222	284	208	219	288	210	215	211	201	207	212	204	205	212
203	204	228	201	208	311	215	224	312	210	220	306	213	225	312	211	226	310	212	222	314	209	220	307	214	225	307	212	218	215	205	205	217	206	204	218
203	198	214	204	212	335	214	229	341	212	224	344	215	227	344	215	228	336	216	226	343	217	235	343	213	225	345	216	220	208	204	204	200	203	199	201
207	202	221	207	205	337	216	224	337	211	232	336	219	224	336	216	230	338	215	227	338	212	228	335	213	225	338	214	225	205	205	206	211	206	204	209
203	205	214	203	205	328	214	229	334	213	230	335	216	232	329	220	222	334	212	229	337	216	233	337	219	228	342	219	220	201	206	203	204	203	205	206
202	207	233	207	211	353	220	233	360	218	225	359	216	231	360	215	232	366	219	232	361	220	233	359	218	234	363	216	220	223	203	205	225	204	207	226
200	200	223	208	212	445	229	252	452	220	253	455	223	254	447	227	249	460	225	250	459	228	248	453	227	249	455	226	242	206	202	207	209	202	202	209
202	204	224	209	220	682	253	296	674	246	297	691	245	302	703	248	299	684	247	296	686	248	297	700	251	295	705	248	276	203	202	205	204	204	201	205
204	201	223	206	213	389	222	237	386	221	237	391	217	235	392	221	243	396	222	236	389	217	237	389	220	236	388	224	232	210	205	208	211	203	205	214
206	202	218	200	210	320	214	221	319	213	225	313	216	228	320	213	227	319	212	223	317	213	225	324	214	227	318	213	216	207	203	205	207	200	208	208
200	204	219	206	208	306	214	221	302	211	223	297	216	220	302	213	217	300	212	224	296	212	224	300	211	218	300	212	215	208	201	201	206	202	204	206
205	208	238	208	206	317	213	222	323	214	229	324	209	223	315	216	221	318	215	223	316	212	224	325	210	226	325	211	222	223	206	204	221	202	211	225
198	196	215	203	205	305	213	224	310	213	227	313	212	223	315	215	219	321	214	219	312	212	226	313	213	221	312	214	219	202	204	201	207	203	199	205
200	201	215	209	208	338	219	228	338	215	229	337	214	230	340	219	231	336	215	229	337	215	228	338	216	226	336	218	219	203	201	201	203	207	206	201
199	203	217	204	210	311	209	227	322	213	226	321	213	226	320	211	227	323	214	224	316	213	224	320	212	228	321	217	220	209	204	206	205	203	202	206
202	203	208	205	207	287	211	222	283	211	221	293	211	225	290	216	217	289	209	216	287	206	218	286	211	215	284	207	212	202	202	205	202	202	199	202
205	202	213	205	209	280	210	214	275	207	219	277	210	219	281	214	217	280	209	217	281	213	214	278	214	217	279	208	213	206	202	206	204	202	201	203
202	202	215	199	205	271	213	216	279	210	216	282	210	219	275	208	217	286	209	214	280	211	216	277	209	221	276	209	213	204	204	204	207	199	203	205
204	201	209	204	204	273	212	217	276	204	217	278	211	219	278	209	216	279	211	218	282	209	218	280	210	217	281	206	213	202	204	201	204	202	200	206
205	203	223	206	215	340	214	230	343	218	230	338	216	226	343	217	228	349	215	231	341	213	231	337	213	229	348	217	223	212	201	205	210	206	205	214
204	206	219	206	207	293	213	220	304	210	225	299	215	224	303	212	224	295	215	223	304	213	223	300	213	225	301	215	214	203	203	200	208	206	209	210
200	203	234	209	218	817	258	332	832	259	326	840	258	330	823	261	324	833	257	330	827	263	319	830	260	320	838	258	277	205	201	203	207	202	205	211
202	202	237	208	210	724	254	303	723	259	305	732	253	303	736	252	306	723	258	316	737	253	306	729	250	306	723	259	268	211	206	204	207	203	204	213
207	203	225	207	206	408	223	242	421	224	250	414	219	242	414	220	239	424	227	247	419	219	247	417	224	246	427	226	227	214	204	206	210	203	208	212
203	202	220	202	208	303	205	218	301	210	222	299	209	220	303	208	222	298	210	218	303	212	225	303	212	218	301	216	216	212	201	204	214	203	204	210
202	207	217	205	208	319	213	225	322	215	222	324	217	226	320	215	223	311	216	226	321	211	222	320	213	226	328	221	222	205	198	200	208	203	206	208
201	204	213	205	210	332	215	229	329	214	227	330	214	228	338	216	224	334	216	229	331	218	230	336	210	231	340	218	224	207	199	201	208	203	204	211
202	204	212	204	205	273	209	216	268	207	212	273	210	212	273	206	217	271	212	213	272	211	216	266	206	214	272	207	208	201	202	200	204	205	205	205
203	204	209	201	203	255	205	213	258	209	216	260	208	211	254	203	213	257	209	212	255	208	213	262	206	216	267	205	213	199	201	200	201	202	202	196
206	214	238	206	214	637	248	289	642	242	291	647	242	285	659	245	293	660	248	294	651	247	290	656	245	294	662	245	266	240	206	210	245	206	211	242
203	202	217	206	205	621	246	283	621	240	286	634	238	287	643	248	283	631	244	292	635	248	287	646	245	280	640	242	251	213	200	200	210	204	203	209
201	203	217	201	207	398	220	239	394	221	230	388	219	241	394	224	239	401	223	243	397	221	242	400	222	239	402	222	229	207	205	201	205	203	195	205
202	206	226	209	210	364	217	234	365	218	234	370	219	235	365	217	237	368	219	236	368	220	233	365	220	236	364	219	225	217	205	203	219	203	204	219
203	206	240	211	215	468	230	255	468	220	255	472	229	251	474	229	252	475	224	254	472	228	256	477	230	256	476	233	239	230	204	208	229	205	205	228
203	203	213	203	209	463	227	259	485	233	256	489	231	255	488	228	261	488	231	261	490	228	265	489	235	257	492	228	237	203	205	203	207	204	204	205
204	203	212	202	204	313	215	226	316	216	231	317	213	223	319	212	222	320	216	227	319	213	222	316	214	218	321	210	219	207	204	203	205	201	199	203
205	205	210	203	207	262	210	218	272	208	214	269	209	216	270	210	217	273	206	216	273	207	215	266	208	218	268	210	212	203	197	204	199	202	203	208
203	206	216	203	202	275	207	219	283	203	215	275	211	218	284	206	214	278	207	215	274	208	216	279	208	218	281	212	213	204	201	201	207	203	203	205
198	210	221	207	208	268	206	221	267	211	217	273	205	220	278	210	217	277	209	220	275	212	216	274	212	221	276	207	214	208	201	206	210	200	202	211
201	204	214	202	203	269	210	213	259	204	215	264	209	220	259	206	213	266	208	211	262	213	214	268	209	214	261	205	214	204	204	200	203	196	205	202
204	202	225	211	220	719	253	299	727	249	296	717	245	309	722	256	304	718	251	302	726	251	305	732	256	300	723	254	278	208	201	203	210	209	203	208
204	205	237	214	223	849	266	326	847	264	331	831	269	326	849	265	329	860	269	326	841	262	327	846	267	324	866	262	298	212	200	202	210	202	200	212
197	204	217	204	212	421	223	248	424	222	246	420	226	243	421	222	242	423	226	244	422	221	245	415	219	243	417	229	231	210	205	201	205	204	203	209
203	209	213	205	205	285	210	219	285	208	216	291	213	215	281	206	219	284	210	217	285	211	218	287	210	214	285	209	215	207	202	204	206	201	205	210
204	201	209	200	203	250	206	217	257	206	212	262	207	212	265	210	214	257	212	212	261	208	212	254	207	212	262	208	212	204	207	204	206	204	202	206
205	203	222	204	206	252	212	215	248	210	217	251	209	210	254	211	210	251	209	208	252	203	208	252	209	210	252	206	206	218	202	204	214	202	203	214
207	201	232	212	208	265	206	214	269	208	213	266	207	213	267	208	214	269	209	215	270	207	217	269	209	217	265	207	212	222	206	208	225	206	206	222
205	210	234	207	208	286	212	220	283	213	218	280	210	215	284	210	219	284	212	216	286	208	221	278	213	216	282	210	213	229	205	207	236	203	205	241
204	203	214	205	206	268	206	215	265	208	212	261	208	217	266	208	216	269	211	216	267	208	215	262	209	213	267	211	210	207	202	204	209	204	203	213
207	210	251	206	210	292	212	218	290	212	220	290	208	216	293	209	218	292	212	222	292	208	219	291	207	220	290	213	218	244	211	210	245	205	209	245
206	206	239	206	212	281	213	218	283	208	214	285	208	216	284	211	218	282	209	215	281	212	222	283	209	217	282	202	216	237	206	208	238	207	212	239
201	202	210	205	204	276	211	221	282	211	219	283	209	218	283	211	217	286	215	217	284	208	213	286	208	217	281	208	211	204	206	203	203	201	208	206
207	200	221	205	213	591	240	279	588	234	279	586	238	282	592	237	282	592	241	282	600	240	283	593	242	276	594	240	259	209	204	202	204	199	205	206
204	202	216	203	217	538	236	272	546	234	274	544	235	273	546	233	269	541	227	270	542	235	272	546	237	269	549	238	256	202	202	205	202	200	202	206
202	203	215	207	211	475	229	252	473	230	251	465	229	253	480	229	257	475	228	260	475	232	260	477	226	257	471	228	239	205	201	204	206	199	204	209
201	204	210	204	207	306	210	220	314	216	226	311	212	223	317	213	224	315	212	225	314	209	225	313	208	222	309	212	218	201	202	203	202	202	198	205
203	204	215	208	202	270	207	218	275	212	216	270	211	216	271	208	217	276	206	217	279	212	218	271	208	220	275	206	214	212	202	206	210	200	206	212
202	203	215	205	203	256	207	210	262	208	212	259	206	214	257	208	217	259	207	215	266	208	213	259	205	217	260	204	206	206	202	204	204	204	201	207
199	204	210	206	205	278	210	220	277	213	217	274	209	221	278	211	215	277	211	216	271	206	217	275	218	216	273	206	213	201	207	204	202	199	202	205
206	202	218	201	209	515	241	262	525	235	265	515	231	260	513	229	266	510	231	264	512	227	264	507	231	266	512	227	250	203	202	203	204	203	201	200
203	205	211	202	210	399	220	242	416	220	238	409	222	243	412	229	244	406	224	242	411	222	243	394	224	242	403	224	234	205	201	204	204	204	203	202
200	202	229	206	216	743	258	304	731	252	316	740	254	313	746	250	304	731	251	308	746	256	308	725	251	300	739	253	281	215	203	205	215	205	205	212
200	205	291	224	269	2482	415	633	2482	410	614	2485	403	631	2522	415	617	2491	414	644	2506	408	627	2493	405	625	2501	409	530	232	201	208	220	202	209	220
200	202	237	212	218	853	266	326	852	262	327	837	265	327	860	265	329	852	265	328	851	265	333	853	266	334	860	262	292	210	200	206	209	202	203	213
203	201	220	205	207	424	228	247	427	222	243	421	221	247	430	228	242	428	227	244	434	223	249	425	224	243	422	228	236	211	200	206	209	203	204	208
202	200	209	203	209	301	211	223	297	216	223	297	210	226	299	214	217	300	210	221	293	215	222	302	212	222	304	208	217	204	203	204	201	201	206	203
200	203	212	204	205	270	208	213	266	209	211	268	210	219	271	207	215	273	207	214	274	211	213	273	208	217	271	212	212	207	208	204	206	200	202	203
200	202	212	205	204	260	208	208	268	205	213	265	212	211	273	208	214	267	206	212	270	208	215	259	212	213	267	207	210	202	207	201	206	202	203	205
205	204	225	207	215	647	242	287	646	248	293	644	242	285	650	243	292	630	243	284	642	246	289	638	243	282	637	246	271	211	205	202	207	203	205	208
201	203	227	205	216	545	236	267	548	233	269	545	238	272	556	241	270	540	238	267	548	233	268	547	234	268	549	232	257	210	207	203	210	206	208	209
200	201	214	206	211	341	210	226	343	216	229	344	215	230	347	217	230	346	213	230	337	218	228	339	213	235	342	214	229	206	202	201	207	202	204	204
203	202	215	203	208	304	210	220	309	210	224	302	213	217	296	212	224	302	216	216	302	218	223	301	212	220	300	210	220	203	200	201	208	202	200	203
204	201	249	218	246	1721	343	484	1730	340	488	1737	337	481	1744	341	482	1722	341	483	1719	344	481	1708	346	480	1718	341	409	200	201	201	207	204	203	207
203	201	221	207	223	796	260	322	796	261	321	815	260	320	812	264	318	802	260	327	826	261	327	817	263	321	812	260	291	203	202	203	204	200	203	199
203	201	224	205	210	422	220	247	428	224	245	424	221	248	423	223	246	427	221	244	418	225	243	427	226	247	421	220	230	208	203	201	213	202	202	212
204	205	211	205	205	259	212	211	270	206	213	263	212	215	263	208	214	268	208	210	263	208	212	265	209	209	266	209	210	205	202	206	202	203	202	202
200	196	207	207	206	321	214	225	315	214	228	317	215	227	321	212	221	316	211	223	323	217	221	317	214	228	316	216	226	203	201	202	202	203	204	205
203	201	212	205	206	277	211	217	281	211	214	282	210	220	290	209	219	281	206	222	282	210	216	282	207	220	286	212	213	211	202	202	209	202	201	210
202	201	210	204	205	272	210	216	269	206	216	275	210	218	275	209	217	276	209	216	276	207	217	271	210	217	270	212	212	193	203	203	201	199	200	204
201	202	209	205	202	255	211	214	256	206	212	264	209	218	257	205	209	264	208	215	263	212	217	263	208	212	262	206	211	210	200	204	205	201	202	208
206	206	215	210	209	433	225	250	443	225	253	441	224	245	445	230	250	441	225	248	443	228	252	439	222	251	439	225	236	207	203	203	208	203	203	209
205	203	211	207	208	367	217	237	367	219	229	368	216	237	369	219	235	366	218	235	372	220	231	366	219	233	361	212	226	201	200	204	202	199	198	206
201	205	209	202	206	296	210	216	291	209	216	298	210	220	297	209	220	300	211	215	294	215	225	291	210	219	289	210	212	204	203	203	203	203	207	202
204	200	209	202	202	256	198	211	250	210	211	255	203	211	253	205	212	263	209	212	253	209	211	258	204	213	254	207	208	207	203	204	204	200	204	207
204	200	211	200	206	237	209	210	242	207	212	240	205	209	238	208	208	239	207	207	238	202	210	244	203	212	236	206	205	204	199	199	200	204	200	205
204	210	214	203	207	244	205	213	243	207	210	249	208	212	245	206	209	242	204	215	246	206	210	252	204	213	253	205	208	212	202	206	209	204	203	210
203	205	209	204	210	306	207	223	303	211	221	311	214	219	312	211	224	312	214	220	306	212	220	304	215	221	307	210	218	208	203	201	202	203	200	209
203	212	209	203	200	270	211	216	273	206	215	271	206	214	271	205	214	274	213	212	274	208	215	279	210	213	272	213	213	200	200	201	200	204	203	206
201	201	221	204	206	269	207	214	270	207	219	271	209	216	269	209	214	275	209	219	275	207	222	272	210	216	271	206	208	213	206	204	210	202	202	212
204	205	218	204	206	273	211	212	275	207	215	271	210	216	269	206	216	274	209	215	273	212	217	273	212	213	276	214	211	211	206	202	216	207	203	214
209	224	302	212	225	354	214	231	355	220	228	354	215	230	358	213	228	358	212	232	354	219	233	354	216	233	365	217	224	298	209	221	303	210	221	297
202	200	206	203	205	250	205	213	255	207	209	248	209	213	251	204	209	255	208	212	251	209	214	254	208	211	253	204	208	198	201	200	196	208	200	199
202	197	218	203	210	410	225	244	408	220	248	410	220	248	413	222	241	405	222	243	409	220	242	413	221	244	411	225	234	205	204	202	202	200	203	207
209	201	227	209	216	631	247	282	627	245	288	631	242	280	630	248	288	628	237	290	641	250	283	633	243	289	634	248	267	211	206	204	214	201	204	217
202	206	215	204	212	362	216	235	361	216	233	365	218	235	359	217	233	360	218	235	361	216	236	365	215	233	361	220	226	203	204	203	205	201	202	209
205	207	207	207	204	280	209	216	274	207	217	276	212	216	274	208	215	273	211	214	275	212	217	280	211	220	277	210	215	206	202	202	204	204	205	204
204	204	218	202	205	275	209	216	271	216	216	271	210	216	271	211	215	278	207	220	281	212	216	282	208	217	278	212	216	215	203	202	213	206	208	213
203	205	208	202	205	309	211	221	306	212	222	302	214	219	302	213	219	304	214	219	303	208	223	307	217	217	310	212	217	203	204	199	203	200	201	207
204	200	212	203	202	267	204	215	260	206	210	261	208	212	258	208	216	262	209	217	262	205	215	258	204	210	263	212	210	207	202	206	209	204	205	209
201	206	215	206	203	253	204	214	253	206	208	256	206	212	255	204	211	253	206	214	253	206	211	255	208	212	256	204	208	215	201	205	213	204	203	216
201	202	210	207	207	330	217	228	333	216	226	326	215	228	333	213	229	325	212	230	327	216	225	326	213	226	324	214	222	207	201	202	206	201	201	207
208	205	214	204	215	509	228	260	506	233	263	502	234	265	494	232	257	505	227	262	495	234	261	508	233	261	505	231	248	200	200	203	200	206	203	203
204	200	224	205	217	620	246	282	633	244	280	621	244	277	621	247	281	637	240	288	632	245	280	633	245	285	639	242	266	207	197	202	211	205	202	210
203	204	233	212	233	1287	309	407	1281	306	418	1287	304	413	1315	312	401	1280	305	407	1287	299	405	1284	303	408	1312	302	361	207	202	202	207	200	203	205
200	206	272	226	261	2390	401	602	2399	402	605	2395	404	601	2407	403	601	2372	402	604	2426	410	616	2389	403	610	2392	399	507	214	203	204	216	206	203	214
201	205	232	208	221	897	270	334	919	270	336	912	276	332	914	270	342	926	272	345	914	272	350	913	268	341	923	273	303	206	201	203	206	203	205	210
204	205	214	206	212	457	228	251	455	231	247	452	226	249	461	227	249	450	221	262	452	226	256	454	219	253	457	226	245	200	202	203	201	204	196	202
207	203	210	208	210	326	217	223	322	214	221	328	217	224	333	215	226	328	214	227	332	214	227	328	217	231	326	212	220	206	201	208	206	201	203	208
205	203	210	206	207	321	217	227	327	215	228	324	214	228	328	215	223	322	219	227	331	210	228	322	214	227	329	217	219	208	201	204	205	200	204	209
200	204	209	208	206	395	224	240	401	217	244	396	219	236	393	223	237	393	221	239	391	222	245	391	218	239	397	222	230	205	199	199	202	200	201	208
208	212	256	209	217	344	220	226	344	219	229	349	217	232	354	217	233	348	222	229	344	214	234	348	209	232	350	216	225	246	204	216	251	208	211	247
205	192	205	202	205	252	211	217	254	208	214	254	207	212	255	200	215	256	206	211	252	208	211	261	203	214	236	203	209	201	204	201	201	202	201	203
202	199	208	201	203	252	210	213	250	205	212	255	207	211	251	207	214	257	210	214	260	206	216	250	206	212	248	207	212	200	202	200	202	202	201	201
198	201	208	201	203	264	211	214	260	207	214	263	210	214	261	207	212	265	204	213	256	206	214	261	208	214	264	209	211	205	203	205	203	201	205	207
200	200	211	203	205	328	214	228	317	212	228	323	217	223	317	214	226	326	211	230	315	216	223	320	215	227	326	213	219	208	201	201	209	202	205	204
203	204	237	210	224	1091	281	362	1080	281	363	1069	284	364	1082	287	368	1084	283	366	1090	283	370	1092	282	359	1084	285	323	204	203	201	206	205	205	208
201	202	375	260	365	4068	742	1300	4068	731	1312	4068	735	1325	4068	744	1318	4068	752	1341	4069	750	1338	4069	739	1295	4069	748	1042	207	203	204	202	201	204	206
200	200	324	252	323	4054	578	974	4054	577	982	4053	578	987	4054	582	978	4054	583	990	4055	585	995	4054	575	969	4054	590	800	202	203	201	201	200	202	196
204	203	256	219	246	1508	334	486	1509	337	473	1481	341	484	1521	340	486	1512	342	476	1527	343	487	1513	340	477	1494	347	415	208	202	202	206	205	203	208
202	205	216	210	216	589	237	278	593	241	283	590	243	277	599	240	276	586	243	274	593	238	273	589	235	273	584	243	263	202	201	201	206	202	203	207
202	202	210	204	210	300	208	221	298	211	224	301	215	223	301	211	223	300	207	222	298	212	221	303	214	220	298	213	214	205	200	204	204	204	203	207
200	204	210	203	201	255	207	213	252	206	213	254	207	213	257	209	214	258	211	213	253	206	212	252	209	208	255	210	212	207	203	202	206	203	203	207
206	204	218	201	203	253	203	212	258	209	213	259	208	209	255	209	214	257	211	209	256	201	213	252	204	216	254	212	205	213	204	206	213	202	204	215
205	207	227	196	210	261	205	211	267	205	214	259	209	217	260	207	213	268	211	214	264	206	210	263	212	211	264	206	212	221	203	206	225	203	204	219
204	201	224	205	209	271	210	216	275	209	218	274	208	214	273	209	220	275	206	216	273	210	216	277	208	212	275	208	217	225	207	204	223	206	207	224
202	204	221	205	209	274	208	215	273	208	215	276	208	216	273	209	218	276	208	215	273	208	219	272	209	214	276	210	211	208	202	203	210	203	200	213
200	206	211	202	200	254	207	214	258	206	215	253	207	212	271	204	212	258	205	214	261	211	212	259	210	215	258	206	211	205	204	197	202	205	200	200
205	204	222	204	203	284	213	214	288	210	225	297	210	222	289	210	217	289	207	221	287	216	219	290	212	220	291	213	213	214	202	201	212	202	205	213
206	210	258	209	220	642	250	300	663	250	289	659	253	303	651	252	300	653	248	295	655	251	299	654	251	290	655	246	266	234	209	210	236	209	208	232
200	204	481	300	464	4094	1144	2142	4094	1146	2167	4094	1151	2160	4094	1164	2173	4094	1151	2175	4094	1147	2155	4094	1144	2165	4094	1137	1672	199	200	202	204	198	190	210
201	202	327	246	324	4101	603	1007	4101	605	1013	4101	592	1015	4100	610	1014	4100	608	1010	4100	599	1024	4100	603	1001	4100	604	809	206	202	203	207	198	204	210
201	200	243	218	243	1634	341	476	1654	340	475	1635	337	492	1639	341	487	1611	340	483	1637	348	477	1609	336	470	1630	343	413	206	204	207	205	202	200	198
201	201	215	205	208	494	225	259	486	231	262	500	227	258	499	233	260	499	228	259	498	229	265	490	229	253	498	228	246	204	203	203	207	203	204	204
197	203	209	200	209	284	211	219	281	209	221	283	211	220	287	210	220	283	210	218	285	212	217	285	208	215	286	211	213	206	203	199	209	204	199	208
203	200	206	201	208	253	206	213	253	207	213	250	207	212	248	207	211	252	205	213	251	205	213	253	208	209	256	208	209	207	200	207	206	201	204	202
204	201	204	204	204	238	205	211	239	202	205	241	202	213	244	205	208	241	207	211	243	205	211	241	207	208	243	207	207	203	202	204	199	201	203	205
204	204	212	204	203	246	207	209	247	206	208	244	206	210	249	205	209	248	210	209	248	203	212	250	205	215	248	206	207	207	207	201	207	203	198	206
201	204	216	206	207	400	223	247	412	221	243	414	226	245	419	223	243	411	225	243	411	225	245	415	222	244	414	222	236	203	203	200	204	202	201	205
204	206	266	231	267	2463	421	623	2488	406	628	2471	415	626	2484	411	622	2472	411	633	2501	409	630	2509	409	622	2517	411	532	200	203	202	205	202	203	208
201	202	232	213	229	1041	285	361	1036	279	369	1048	281	369	1055	278	362	1037	286	364	1053	279	363	1052	278	362	1041	286	324	198	203	201	201	204	200	205
201	205	243	210	217	533	236	268	530	234	272	519	235	270	541	230	266	538	237	266	531	237	266	538	230	254	537	238	249	226	206	209	233	198	204	232
202	196	207	202	203	280	209	218	275	210	216	276	208	214	275	211	216	273	212	215	275	206	216	272	210	214	279	208	213	209	204	205	202	203	204	211
206	201	205	199	208	271	208	218	272	208	217	270	211	218	283	213	214	273	205	219	274	211	219	276	209	217	273	208	210	203	203	199	202	203	201	206
200	203	212	207	206	526	233	270	537	233	274	548	235	273	539	231	267	543	236	279	543	238	273	566	233	270	549	233	237	208	199	199	206	200	203	208
203	209	230	202	208	360	225	237	368	217	236	377	211	232	377	216	235	372	219	235	373	221	236	372	214	234	371	216	220	231	204	205	231	203	210	232
199	202	212	202	207	266	209	214	275	207	218	269	204	218	269	212	212	275	211	218	272	217	217	278	208	215	278	212	211	204	201	205	206	204	203	205
203	199	199	202	201	234	206	208	237	209	207	235	205	207	234	203	209	231	208	202	231	204	210	235	205	205	239	203	205	201	205	202	204	201	202	203
200	200	206	203	203	233	205	205	228	206	206	231	205	209	234	204	207	229	201	207	236	205	206	231	207	210	227	205	201	206	206	201	205	198	202	208
202	202	205	206	205	232	206	208	230	202	206	232	207	209	229	205	208	232	202	210	233	204	206	229	209	208	227	203	205	205	203	203	213	202	205	205
203	205	210	205	203	230	206	202	228	206	209	235	208	205	233	198	205	232	202	201	229	203	211	232	204	208	224	206	209	209	202	203	209	203	203	206
200	205	206	202	205	237	206	208	235	200	206	237	204	208	233	204	208	239	204	206	238	205	210	234	205	214	235	206	210	207	200	204	205	201	204	209
202	203	213	205	206	255	212	212	251	207	214	250	207	212	256	206	212	253	208	210	254	207	209	249	205	211	254	203	207	205	205	202	207	197	201	208
201	205	214	207	204	257	208	217	259	210	211	260	203	213	260	205	213	262	210	217	261	205	213	257	209	214	259	212	210	207	205	203	213	201	204	209
205	201	209	201	207	252	208	210	252	207	214	256	204	208	253	209	214	255	208	209	252	207	208	250	207	212	253	205	211	210	204	201	205	199	202	203
203	208	226	199	204	289	208	217	297	210	220	294	208	221	292	211	224	297	216	223	299	209	226	288	209	219	291	210	214	224	197	207	224	202	205	222
200	204	210	204	209	333	209	227	331	214	225	328	214	224	326	216	229	330	215	229	332	217	222	329	212	224	334	215	220	207	202	204	206	201	199	202
202	201	214	202	204	279	214	217	283	212	215	277	207	211	282	212	219	282	210	217	283	207	218	286	211	218	278	207	211	210	203	202	214	200	202	207
203	200	210	206	206	272	209	215	267	211	218	269	208	215	268	209	212	270	209	218	267	213	214	269	205	213	272	207	212	200	201	196	204	201	201	198
199	201	207	203	202	258	208	208	257	206	209	256	207	212	255	207	209	254	207	213	265	207	212	258	209	214	253	207	210	201	200	204	203	203	201	204
199	202	207	200	203	258	203	220	257	209	217	267	207	213	264	207	213	263	206	213	264	209	215	260	210	221	263	206	208	200	203	204	206	202	202	203
204	202	241	218	243	1791	345	497	1770	351	493	1772	343	499	1797	348	497	1781	346	500	1791	350	492	1792	349	485	1796	339	418	202	203	198	203	202	200	200
202	198	252	217	248	1898	362	520	1916	367	520	1910	364	520	1900	366	521	1901	360	529	1915	359	526	1936	353	519	1922	362	448	202	200	199	201	209	202	202
201	205	222	212	221	758	255	310	756	251	310	757	259	309	759	261	310	762	265	308	768	256	314	765	255	307	753	255	287	205	203	203	206	201	202	207
202	206	225	209	210	462	227	257	443	225	255	460	228	253	450	230	253	460	231	256	469	226	259	462	233	255	462	228	236	217	208	206	216	207	208	218
203	200	214	207	194	281	206	217	278	211	218	276	211	217	276	207	217	275	207	220	279	210	220	275	210	216	279	211	212	212	202	204	208	204	201	210
203	204	214	203	205	263	208	217	263	207	216	269	206	215	262	207	210	265	215	215	269	210	219	264	210	218	269	210	210	207	202	206	210	204	206	208
202	205	244	215	239	1700	337	476	1699	336	480	1675	341	477	1707	341	478	1711	344	479	1693	334	482	1690	335	475	1714	343	409	206	196	200	209	204	200	203
203	202	308	238	297	3585	516	846	3580	520	860	3582	514	836	3594	519	840	3593	520	858	3590	513	857	3618	508	832	3576	523	690	214	202	203	213	200	199	206
202	204	266	220	253	1793	346	495	1791	351	495	1793	355	493	1820	350	500	1772	351	507	1803	355	503	1796	349	499	1804	356	434	224	209	208	220	204	208	226
200	200	217	204	223	766	259	308	760	255	306	770	255	310	760	254	309	760	256	317	768	259	321	759	250	305	777	255	285	198	201	203	202	201	199	202
200	202	208	202	208	395	224	241	402	217	241	399	218	244	405	223	240	400	220	245	408	220	240	406	225	240	406	224	234	198	201	198	200	200	199	199
207	205	223	204	205	311	214	219	312	210	229	320	213	223	314	214	219	309	217	226	315	214	226	313	210	222	319	214	222	211	200	206	216	204	206	213
204	203	208	205	208	265	216	214	271	208	212	269	209	214	267	205	218	257	212	215	272	206	216	274	209	216	271	208	216	203	200	205	203	204	204	208
203	204	222	203	210	280	211	221	284	209	218	290	212	219	291	214	221	289	210	213	289	213	218	281	210	218	290	208	215	219	203	205	215	203	204	216
207	202	215	204	211	315	210	226	307	213	224	309	214	224	310	213	220	311	209	226	307	214	225	315	212	227	305	216	216	213	206	207	211	203	202	216
204	202	220	203	209	430	221	247	429	226	249	426	221	245	439	223	250	432	221	247	439	226	252	436	221	252	438	227	236	210	202	206	208	204	202	209
202	201	299	232	284	3587	477	780	3603	491	800	3629	488	785	3622	493	791	3608	493	788	3637	480	781	3646	490	780	3614	479	643	204	206	199	207	204	203	205
199	206	785	410	772	4097	2132	3930	4097	2134	3932	4098	2158	3917	4098	2159	3926	4097	2187	3932	4098	2146	3951	4099	2149	3918	4098	2177	3131	213	199	202	209	200	207	210
201	205	549	330	531	4095	1288	2481	4095	1284	2486	4095	1287	2471	4095	1302	2480	4095	1301	2499	4095	1294	2509	4095	1289	2458	4095	1316	1875	211	203	204	210	200	204	212
204	201	324	249	318	4090	555	936	4091	558	923	4090	565	927	4091	567	936	4091	558	925	4091	562	958	4090	547	919	4091	561	747	214	206	203	210	201	205	213
202	200	250	216	249	1643	339	481	1654	339	479	1658	336	479	1667	340	477	1657	343	476	1665	346	483	1657	338	487	1642	340	413	206	202	204	206	201	200	205
199	203	214	203	211	391	223	237	402	221	236	398	219	239	397	222	240	395	216	239	401	223	240	397	222	240	399	223	229	204	203	204	202	202	197	204
203	204	228	209	208	291	209	219	291	213	217	291	214	224	292	210	219	288	211	216	293	209	222	293	215	222	287	209	214	222	202	202	230	200	207	229
199	204	206	204	206	258	208	211	258	205	212	254	207	211	254	205	210	258	209	214	259	205	211	256	203	213	254	208	210	207	198	204	206	203	202	208
202	206	211	200	206	259	206	215	260	208	215	258	211	212	259	208	219	262	205	209	262	204	216	261	209	217	262	209	215	215	199	205	212	199	202	212
199	203	206	204	202	236	207	208	234	207	213	235	206	212	239	206	211	233	204	213	234	210	209	236	206	210	237	206	211	205	202	204	203	200	201	205
202	200	203	203	203	229	204	211	233	206	212	230	208	205	229	210	210	227	206	213	227	205	207	233	203	206	228	204	209	202	203	198	204	205	203	203
204	208	213	201	200	242	205	209	240	208	208	237	207	212	240	204	210	242	202	208	241	208	214	239	209	210	240	205	208	213	204	204	213	201	204	215
201	204	212	201	205	234	205	203	231	212	206	232	205	206	233	201	215	229	207	209	236	209	209	234	207	205	233	202	212	210	202	201	213	205	206	214
200	206	207	201	202	226	204	208	227	205	205	226	200	207	228	204	204	224	203	204	230	204	206	226	208	206	226	205	205	205	203	202	200	202	203	202
203	208	242	209	209	270	206	213	268	209	215	274	210	215	269	205	215	266	207	215	267	216	213	266	209	212	268	207	210	246	208	209	244	205	211	246
201	204	218	204	206	261	208	213	262	204	212	263	207	218	267	206	211	266	205	212	262	211	214	264	205	213	263	208	210	213	207	202	219	204	206	211
198	202	239	212	230	1264	300	406	1266	306	393	1275	298	397	1279	301	404	1277	304	402	1271	299	405	1282	296	405	1279	306	353	209	201	203	208	204	205	205
205	202	220	209	220	757	253	315	763	261	310	765	255	308	761	257	311	773	252	318	776	259	312	764	254	314	761	257	284	201	204	200	203	203	203	202
205	203	217	203	209	412	221	240	419	221	246	414	220	246	410	222	246	412	223	242	412	225	243	409	224	240	409	221	237	209	201	204	208	203	203	210
206	202	209	200	205	312	212	220	309	211	219	302	212	217	307	211	220	303	219	221	304	210	220	304	212	221	308	210	217	205	201	203	204	204	201	206
201	202	214	203	204	239	204	208	244	204	209	241	205	211	238	204	213	237	206	210	239	206	212	237	208	211	240	202	207	211	203	206	208	201	203	211
200	200	208	203	206	230	204	204	232	206	206	227	204	209	225	204	208	227	205	207	227	205	203	231	203	203	227	202	204	207	205	200	204	200	200	207
202	208	210	202	200	225	202	208	224	208	211	231	200	209	226	205	212	223	203	207	231	205	206	228	201	205	228	202	205	209	204	206	211	205	203	210
201	204	201	201	204	231	205	206	229	203	208	229	205	208	225	208	206	229	204	207	231	209	209	240	207	210	232	207	207	200	200	199	205	202	204	207
206	205	216	208	201	237	204	209	234	202	206	238	208	211	232	204	211	240	205	209	234	205	211	232	209	219	234	202	209	212	204	208	207	201	201	212
200	203	212	200	205	226	206	207	229	205	204	229	205	207	227	207	206	228	206	209	232	205	209	229	206	206	227	210	209	207	204	202	208	205	203	209
205	206	212	203	206	228	207	205	233	205	206	234	205	205	228	207	209	228	205	209	228	203	208	230	203	204	229	205	203	210	204	204	211	204	203	206
202	203	208	201	203	225	200	207	228	209	208	225	210	207	224	200	207	228	206	210	228	203	205	225	201	205	225	205	207	203	201	203	209	199	203	206
200	201	204	207	203	241	205	212	243	206	214	240	201	207	240	201	206	242	206	208	236	204	211	242	202	209	238	208	208	203	201	202	206	203	200	200
205	204	215	207	205	261	208	216	264	207	218	268	211	214	266	205	209	265	212	210	271	208	214	264	208	214	268	207	216	207	201	204	204	205	204	209
200	203	230	211	227	1020	283	352	1025	281	355	1019	284	362	1037	278	349	1022	285	355	1030	282	351	1025	281	356	1036	280	321	205	199	198	208	201	201	209
204	207	247	220	241	1460	319	438	1464	311	443	1448	316	441	1469	325	434	1452	320	445	1471	320	445	1459	321	442	1467	319	381	213	199	205	217	204	199	218
202	206	316	238	302	3606	511	844	3589	503	848	3612	510	845	3611	520	835	3602	513	841	3617	523	858	3625	514	847	3590	520	681	220	204	204	224	201	206	226
203	200	251	222	246	1918	366	524	1926	358	523	1917	366	529	1902	362	524	1943	359	530	1915	364	523	1923	361	518	1922	372	451	210	201	200	203	200	203	205
201	201	228	208	224	857	266	330	851	267	331	841	265	329	843	264	328	830	269	327	851	262	321	834	267	330	854	263	294	209	200	203	206	201	201	206
204	199	213	202	217	527	236	267	525	234	267	522	233	263	532	235	265	537	236	264	531	235	266	532	231	265	521	232	246	206	202	202	203	200	198	205
205	203	217	206	206	278	209	217	270	209	219	277	207	217	276	207	215	275	211	214	275	210	216	275	213	214	276	209	208	214	204	206	215	202	204	212
204	204	204	205	203	223	204	208	223	202	200	225	209	203	227	207	210	228	205	205	229	202	205	228	205	206	225	203	209	204	204	202	208	203	203	201
203	204	200	201	199	224	204	206	218	209	205	222	205	207	216	206	205	221	200	205	219	203	207	220	205	202	215	205	203	204	203	202	203	199	205	205
205	203	207	201	207	224	205	207	225	203	208	225	204	205	228	203	208	227	207	209	223	202	205	228	207	205	228	204	206	202	201	202	211	204	205	205
200	200	207	202	205	216	202	206	218	203	202	216	203	205	219	203	200	220	206	204	219	202	204	219	204	207	215	202	202	199	205	200	205	203	204	201
204	205	211	203	208	327	219	228	332	217	226	334	216	227	326	217	226	329	212	224	335	214	226	327	220	227	324	215	222	210	206	203	211	202	205	213
204	203	236	209	225	1001	277	354	1011	280	360	991	272	357	1009	281	356	1015	282	359	1013	277	363	1016	283	352	999	278	315	215	204	201	214	202	201	209
201	203	216	210	209	446	227	250	442	226	252	445	228	246	451	225	250	445	227	256	451	225	255	449	230	246	453	224	242	211	198	202	212	206	199	209
202	202	212	204	206	317	211	223	325	216	228	332	214	226	329	213	225	319	210	226	325	211	225	316	214	229	324	213	221	210	199	201	209	202	200	207
207	210	252	204	215	311	209	217	307	207	223	309	213	221	317	211	224	310	211	221	304	213	220	314	213	224	307	210	220	250	209	215	250	203	207	245
203	202	211	204	206	226	206	211	224	204	205	229	202	211	227	204	203	227	204	200	228	202	204	229	205	202	225	199	205	209	202	204	211	199	204	209
205	204	222	205	204	227	206	209	228	202	208	235	201	212	231	200	208	237	202	208	230	207	205	236	203	210	225	204	209	221	207	206	220	200	207	223
203	202	210	202	204	215	206	203	216	204	204	220	203	204	219	203	207	215	203	206	220	203	206	217	206	203	215	207	202	204	204	197	208	199	197	209
206	203	209	203	204	216	204	205	214	198	201	217	204	204	215	209	204	210	206	209	214	205	200	217	204	200	213	202	199	207	205	200	206	208	202	202
204	208	223	203	205	266	212	213	257	207	211	263	210	212	268	209	212	261	205	216	270	205	212	259	214	211	267	209	210	221	207	205	221	206	210	224
201	205	207	203	204	241	207	209	237	203	208	241	209	211	236	207	208	238	210	211	238	205	209	238	204	206	238	205	207	210	202	202	207	203	203	209
201	200	201	203	203	234	206	205	227	208	209	236	204	206	238	202	207	234	207	202	235	205	210	234	209	210	237	203	205	199	199	202	203	201	203	199
203	206	227	204	209	248	208	207	240	205	211	241	202	210	243	205	212	242	204	212	240	203	206	240	204	211	240	206	206	222	205	206	220	206	205	221
201	203	210	206	205	227	202	206	227	205	206	229	207	207	227	208	203	226	204	204	228	204	204	227	202	208	226	209	200	209	203	206	216	204	202	212
201	203	204	203	206	222	201	206	224	203	203	217	200	202	217	204	201	219	204	203	214	204	203	217	200	204	220	201	206	204	204	203	206	202	203	205
200	200	208	204	210	274	211	220	276	216	216	281	210	218	280	212	222	278	207	219	278	211	220	275	210	215	275	211	210	203	200	202	209	200	204	206
202	209	212	205	208	289	213	215	296	214	220	297	209	221	288	210	220	297	211	222	296	213	218	294	210	218	294	210	213	216	204	204	210	200	207	211
199	204	211	205	203	241	207	210	250	202	212	248	206	214	246	213	212	251	203	209	246	205	212	253	205	212	248	205	206	207	201	199	207	204	203	203
200	201	208	202	202	230	203	207	230	204	206	229	204	207	230	203	208	228	201	207	226	203	206	232	205	202	232	204	207	207	202	198	205	205	203	204
201	203	209	203	199	222	203	207	222	206	203	225	202	205	220	204	205	225	206	203	222	203	204	220	203	206	224	205	204	207	201	204	206	194	204	200
202	205	212	200	207	221	202	210	221	207	209	220	206	202	235	204	207	221	208	204	222	202	208	222	203	208	223	204	205	212	204	203	211	201	201	212
204	203	209	201	203	219	204	205	218	204	204	225	203	208	223	205	204	223	210	208	217	202	206	221	203	210	219	200	205	207	200	203	208	203	203	214
201	199	204	204	199	215	201	200	211	201	206	211	205	205	213	204	206	213	206	204	205	205	206	211	202	207	212	205	203	202	203	202	202	204	199	204
202	201	203	206	200	211	203	201	210	200	206	209	206	206	213	205	204	212	204	201	211	203	205	209	206	206	216	203	205	207	203	204	206	203	203	206
203	200	213	204	206	219	203	207	219	205	208	210	199	206	222	201	206	221	207	205	219	205	204	220	204	204	221	205	200	212	201	201	212	203	208	211
204	208	208	202	205	230	203	209	232	203	208	236	206	208	233	206	209	228	202	203	235	204	209	228	205	207	212	207	207	202	200	202	202	199	204	204
203	200	202	203	199	225	199	208	222	204	205	220	206	209	222	205	206	220	206	203	223	201	207	220	203	206	224	203	202	206	202	201	205	202	204	205
202	201	211	208	206	215	203	206	221	202	201	214	204	204	212	207	207	218	202	204	221	202	203	219	202	202	221	203	206	203	202	200	211	205	203	205
202	203	207	201	201	219	201	204	218	201	205	217	204	204	219	207	206	218	204	203	217	205	202	216	206	207	214	204	209	207	203	201	205	204	205	208
201	204	208	201	204	214	204	204	217	202	204	213	204	203	216	204	202	214	201	207	218	203	201	213	201	207	213	205	205	206	202	204	207	202	204	205
204	205	210	203	206	215	200	200	215	203	203	212	205	206	215	202	204	213	201	205	212	203	204	212	202	201	213	204	201	207	202	202	206	201	202	205
205	202	205	202	203	212	199	202	211	205	205	210	202	204	215	198	201	209	198	206	215	202	201	209	199	203	212	204	202	204	204	203	203	201	204	207
200	200	201	206	207	209	203	200	208	203	203	208	206	202	208	204	199	206	205	203	210	200	207	205	203	204	205	203	204	204	201	202	200	202	205	203
203	203	211	207	203	220	203	201	212	206	208	226	205	204	213	205	205	211	205	203	218	202	203	217	207	207	214	204	205	202	204	203	205	202	204	209
203	199	201	198	205	218	203	202	217	205	202	214	207	205	217	203	203	218	202	205	221	203	203	217	204	201	216	202	206	202	203	200	205	202	202	201
204	201	211	201	211	218	205	208	219	209	207	223	205	207	219	206	205	217	205	205	218	209	209	227	202	207	217	204	203	214	201	203	212	204	203	211
199	203	208	204	200	209	202	204	212	201	201	211	201	205	213	199	204	209	199	204	217	203	207	211	200	201	216	206	202	202	200	204	203	201	200	205
201	205	208	195	200	211	205	209	214	203	203	213	199	202	214	199	204	210	204	202	210	202	200	211	203	204	212	202	203	206	200	202	207	204	202	205
202	203	216	200	204	214	205	212	218	204	204	217	201	207	218	205	205	215	203	201	223	206	206	214	201	209	217	202	209	208	202	208	211	200	202	212
200	208	219	204	206	227	205	209	224	205	207	226	207	207	229	205	208	224	206	201	224	206	207	226	208	207	223	204	210	215	207	206	220	200	203	223
199	204	220	202	202	221	199	208	221	200	204	224	204	207	223	205	207	222	201	208	219	202	207	220	199	205	219	203	201	214	205	206	216	206	203	215
200	205	206	200	200	212	201	203	210	200	204	212	203	202	211	200	204	208	202	202	210	203	200	211	203	204	209	206	206	204	203	204	204	203	204	207
202	201	208	200	199	206	199	202	209	203	202	209	202	203	209	204	202	207	201	204	213	204	209	209	203	203	208	202	203	204	202	202	204	201	198	202
206	200	224	201	207	229	206	208	227	206	206	225	200	207	231	206	209	228	204	208	230	202	207	232	205	208	234	203	203	226	208	205	223	205	204	227
202	200	205	202	204	210	199	202	209	212	202	204	208	203	207	200	204	211	203	200	207	205	204	207	203	207	204	199	204	205	200	202	202	199	202	206
204	202	201	197	203	208	200	206	207	205	210	206	202	203	207	206	202	206	203	203	209	202	203	207	202	202	207	204	192	201	204	200	203	202	206	202
201	203	208	202	203	211	204	204	211	202	202	210	198	203	215	196	203	211	204	201	209	202	203	210	204	202	210	207	203	201	206	200	199	201	203	204
200	202	202	200	205	210	205	204	212	200	200	209	203	202	208	202	202	210	199	201	208	203	204	208	204	205	210	200	202	203	203	203	204	201	203	205
200	206	211	204	202	215	205	205	219	201	207	214	200	202	218	211	206	221	205	212	217	203	204	218	209	207	220	202	203	212	203	204	212	204	203	210
203	203	211	204	205	213	202	203	214	202	201	217	206	204	212	202	204	214	203	208	213	203	205	211	203	202	213	203	204	209	198	203	208	199	200	205
201	203	205	205	203	210	200	206	209	202	203	208	200	202	210	205	203	208	203	203	212	204	205	211	203	204	208	202	201	206	208	203	205	201	204	203
204	208	232	208	208	236	210	206	234	201	208	235	205	211	241	205	210	238	203	206	233	209	209	241	205	210	237	200	211	232	207	207	227	204	209	228
204	201	205	201	197	211	201	203	210	204	206	210	202	201	208	203	204	210	204	201	204	203	201	210	203	203	212	201	203	205	202	203	202	201	204	203
204	199	207	201	205	215	202	203	208	208	202	210	198	203	208	203	204	209	204	200	211	205	205	207	203	203	213	198	199	204	200	201	201	202	201	206
204	209	228	203	209	233	203	210	230	208	211	232	205	208	235	206	210	227	201	203	233	203	204	232	205	213	233	206	205	226	205	203	226	205	206	225
197	205	213	204	206	227	201	203	225	200	210	231	206	209	224	203	205	229	205	206	222	202	203	224	203	206	223	208	208	208	202	209	210	203	205	210
205	206	214	204	200	228	202	206	232	203	208	234	205	208	232	201	209	234	202	199	224	205	209	224	204	209	227	202	206	207	204	205	204	205	203	208
200	200	198	201	201	215	205	202	214	201	205	218	202	204	219	204	203	224	200	203	216	205	203	214	207	208	216	201	208	200	197	196	201	199	202	202
204	198	205	201	202	222	203	206	219	202	206	221	205	203	217	202	205	221	202	203	221	203	207	222	202	206	216	207	206	203	202	203	201	203	203	201
199	203	209	199	207	231	206	208	234	204	207	228	201	205	228	204	204	232	203	207	230	205	210	231	204	205	233	205	205	212	203	205	207	201	203	205
204	204	213	207	209	416	220	245	418	220	247	419	225	242	424	220	247	422	227	245	419	221	243	424	224	249	416	225	231	212	202	203	209	201	206	211
203	203	251	216	244	1759	347	503	1780	348	500	1771	355	491	1800	346	502	1811	347	500	1813	346	498	1784	348	486	1782	346	431	208	202	201	205	203	200	207
201	201	234	212	226	1030	287	363	1047	282	361	1024	282	364	1061	279	362	1067	281	364	1054	281	356	1050	282	366	1048	279	323	209	201	201	216	206	199	215
202	203	218	205	210	657	244	291	668	250	297	664	255	294	668	247	294	673	244	293	674	246	295	667	246	285	670	245	268	204	201	199	205	203	202	205
201	204	217	201	212	488	232	261	491	229	266	490	229	256	493	228	255	489	229	258	487	225	255	484	234	257	482	229	246	211	202	202	209	202	207	206
199	202	216	199	210	331	213	227	323	215	226	333	215	222	334	216	224	331	214	230	331	218	226	334	218	226	335	212	228	217	204	206	213	201	201	215
204	201	207	203	203	228	202	207	226	204	206	228	204	210	226	208	210	230	204	208	224	205	208	225	203	206	226	205	205	208	205	201	209	202	202	206
203	205	216	207	202	224	198	207	225	205	205	224	200	204	226	206	207	226	201	203	226	201	204	225	204	206	224	204	204	215	204	206	217	205	201	215
203	200	209	205	202	228	206	205	220	201	208	226	203	207	225	204	207	222	210	203	227	203	212	222	202	206	225	203	204	206	201	205	207	203	206	212
204	205	216	204	203	240	206	200	240	205	210	231	202	209	232	201	207	236	203	212	235	208	207	238	207	206	235	206	207	219	206	204	220	203	209	218
202	199	209	204	205	236	208	207	233	206	206	238	205	211	235	204	209	233	206	208	236	208	207	232	203	207	230	203	203	205	205	202	209	201	198	211
204	201	217	205	210	438	228	247	440	224	247	436	224	248	444	225	246	440	226	248	444	224	247	442	230	256	452	224	244	217	202	204	208	206	205	210
204	204	211	203	208	374	220	237	380	222	241	391	222	238	386	221	235	380	222	238	382	221	235	388	221	237	381	217	227	203	203	205	206	200	203	206
199	205	218	204	206	317	210	227	318	210	226	320	213	226	316	215	223	319	214	222	318	212	224	320	211	222	321	211	214	215	202	206	212	204	207	213
202	202	210	205	200	271	207	215	276	209	215	269	207	210	270	208	215	274	210	215	268	205	211	270	209	220	269	208	213	206	204	205	206	200	203	212
201	206	210	201	202	249	206	208	251	207	215	251	204	210	247	206	212	252	209	208	244	206	208	249	209	210	252	208	210	212	200	207	206	203	203	212
198	201	197	201	201	215	202	204	213	207	204	212	203	205	215	202	204	210	204	202	214	206	205	211	201	202	213	202	204	198	199	201	204	200	200	199
201	203	206	200	200	218	202	204	216	205	207	217	205	201	212	203	204	212	205	211	214	203	204	215	204	194	216	208	207	208	200	202	207	201	198	204
202	203	210	202	198	216	204	206	217	205	205	218	204	206	219	200	205	222	204	205	215	199	204	215	203	205	216	205	204	208	201	201	209	200	202	206
201	201	202	205	204	213	203	204	211	203	206	213	203	207	210	207	204	214	207	206	212	202	207	213	198	205	207	203	206	199	204	202	204	200	201	205
203	198	205	202	203	205	204	202	209	198	204	208	199	204	205	202	204	209	203	205	207	204	202	204	200	204	204	201	198	202	203	204	202	205	203	203
202	203	207	203	203	211	201	210	215	200	206	212	206	207	209	200	204	208	205	204	208	202	200	209	206	200	209	202	202	208	201	204	211	200	202	211
199	203	204	202	198	203	200	202	204	204	202	205	204	202	208	200	201	205	200	202	209	204	202	207	202	202	209	200	202	203	204	208	204	201	200	204
202	202	202	204	203	204	204	205	205	199	205	205	200	206	205	200	204	204	202	201	207	200	204	204	200	201	207	201	199	202	202	205	203	201	199	203
205	200	203	201	204	213	202	207	216	204	202	211	204	207	215	200	206	211	206	202	206	203	201	214	200	205	212	201	200	199	201	204	202	200	203	205
208	201	202	205	200	210	204	205	216	204	203	213	202	204	211	203	206	215	205	206	211	202	203	212	203	204	221	203	204	200	205	205	205	200	199	204
207	204	212	205	206	222	201	205	218	207	214	221	204	206	221	204	211	220	201	204	221	204	210	218	199	207	221	201	203	211	203	203	216	200	202	216
198	205	210	206	203	218	209	208	213	204	203	217	204	205	217	204	206	218	204	208	224	203	205	216	202	206	218	204	207	211	204	203	206	203	204	212
203	206	204	206	202	214	198	205	215	200	203	212	202	202	212	201	204	208	202	205	209	203	200	209	203	203	208	201	203	207	205	203	204	206	206	205
200	203	208	202	204	216	207	206	214	205	205	213	201	204	215	204	206	215	202	207	219	202	205	210	206	207	211	201	203	210	202	204	208	202	202	211
203	208	220	206	203	224	205	207	224	204	202	225	202	207	224	202	209	224	202	210	227	202	205	220	205	210	223	207	208	219	202	205	220	203	209	218
203	202	213	203	204	213	198	206	213	200	201	213	205	202	207	197	204	211	203	201	215	201	201	214	206	197	211	200	204	209	201	203	210	201	201	207
199	203	208	202	201	209	201	200	208	203	201	206	204	204	207	201	202	210	204	202	210	202	208	207	205	201	206	206	205	201	201	205	207	203	203	203
206	204	227	207	208	234	202	206	235	202	201	235	205	207	231	204	207	235	206	207	233	206	212	238	207	211	234	201	207	234	205	208	231	203	205	228
204	206	204	202	205	210	206	204	209	200	202	208	203	203	203	206	205	206	205	202	205	202	204	211	202	199	211	201	204	206	204	203	201	204	200	206
204	203	210	200	200	215	204	204	208	203	205	209	202	203	210	205	204	210	202	204	207	204	204	213	202	203	213	201	203	210	203	207	212	208	206	207
204	205	204	204	203	204	201	198	206	198	200	204	202	199	206	203	203	205	201	205	208	201	201	207	204	205	206	206	201	202	203	199	202	202	206	209
201	201	203	202	204	209	204	202	210	202	203	205	200	204	209	200	204	208	202	198	209	204	203	204	202	205	212	202	201	207	198	205	207	205	202	208
205	205	213	202	202	216	207	205	211	202	203	214	204	204	213	201	204	213	199	204	212	200	204	211	200	203	213	206	206	210	201	200	211	203	199	209
203	203	210	201	204	211	202	208	208	201	202	208	204	199	211	200	204	207	202	205	212	203	203	214	201	206	215	204	204	210	205	203	214	202	207	207
205	204	206	199	202	204	206	200	204	202	198	206	206	204	207	204	204	206	204	205	204	207	202	207	200	205	203	201	202	209	205	204	206	206	204	204
202	206	207	203	202	207	203	204	207	204	203	211	204	204	208	204	204	208	202	204	210	202	203	209	204	205	212	207	203	213	205	203	207	201	201	207
203	201	202	201	197	198	202	201	200	204	204	206	203	202	201	200	204	202	207	203	201	203	200	198	199	205	200	201	201	202	201	205	201	202	204	203
206	207	212	200	208	215	205	200	215	200	207	216	203	204	215	201	202	214	205	205	219	204	205	215	202	203	218	207	205	216	202	207	213	203	200	213
200	201	205	201	200	213	201	202	208	202	201	210	203	201	210	201	207	208	199	203	210	205	202	208	202	205	207	203	206	206	207	206	203	203	202	209
204	206	208	204	198	209	200	202	211	204	204	211	201	205	213	204	202	210	208	201	213	198	206	214	202	201	211	205	205	207	202	203	210	203	205	207
204	202	210	199	207	216	202	206	211	202	204	213	202	203	212	202	203	210	202	204	214	205	205	211	209	205	211	203	203	209	201	203	208	205	206	211
201	201	210	204	205	210	206	204	207	206	204	211	199	200	210	201	203	210	202	205	209	202	202	211	207	204	205	204	202	204	199	201	208	204	202	214
203	200	209	201	203	207	202	204	209	200	201	210	199	204	211	204	207	209	203	205	214	205	201	209	203	205	212	204	205	205	204	203	209	200	205	204
197	196	208	203	203	204	204	199	208	207	201	207	203	202	207	194	202	205	201	203	204	201	204	209	200	201	208	204	203	204	203	201	206	202	202	207
203	201	209	204	204	208	202	201	210	201	205	214	204	202	210	203	202	208	202	205	210	200	201	213	203	202	212	203	204	206	201	202	210	202	203	212
202	210	207	201	204	208	202	202	208	201	207	204	203	203	204	205	202	209	200	201	209	203	205	207	200	205	210	203	202	205	203	204	208	202	205	210
200	201	210	204	205	211	201	203	209	205	202	213	203	204	214	204	203	210	203	202	208	202	202	212	200	200	210	203	206	204	203	206	209	201	200	207
204	203	203	202	201	206	203	201	205	205	202	204	202	203	204	204	203	205	203	204	209	201	203	206	201	202	207	204	204	200	202	202	203	204	203	204
204	204	202	202	200	216	201	207	220	203	207	218	204	206	220	209	205	220	200	202	222	206	202	221	205	202	218	201	202	205	207	205	206	200	200	202
204	206	216	203	205	280	213	216	281	212	216	284	211	217	284	212	216	282	206	217	276	213	219	286	210	219	283	212	216	210	204	204	212	204	207	210
201	205	212	205	206	274	210	216	269	205	212	273	205	214	275	210	214	270	212	212	271	208	217	272	211	216	272	205	209	209	203	203	206	204	199	209
201	202	205	205	203	247	207	215	246	207	211	249	203	209	250	209	214	246	205	209	253	208	208	249	208	213	252	207	209	205	200	202	203	202	201	207
200	206	207	203	203	235	205	203	238	205	205	233	208	210	238	205	209	240	204	208	232	204	207	234	205	208	228	204	209	206	199	199	202	200	202	207
205	206	211	202	204	230	202	204	229	204	208	230	203	208	226	205	207	224	202	207	228	200	207	227	207	205	227	203	202	215	201	206	213	201	204	215
205	202	204	204	205	212	199	203	210	198	197	214	202	204	214	206	203	213	205	204	211	202	201	213	204	200	214	196	200	208	202	199	208	203	202	209
202	207	226	201	205	225	208	207	223	204	208	221	200	205	225	205	208	225	205	209	224	199	208	223	203	210	220	206	203	226	201	206	219	202	205	225
203	204	213	203	205	218	200	204	214	209	203	214	200	204	212	205	204	219	199	201	218	201	204	213	201	204	217	202	204	214	199	204	214	202	206	218
204	208	204	204	198	208	205	203	206	201	203	209	203	201	209	204	203	207	204	200	210	204	204	205	201	203	209	199	202	207	202	202	205	201	202	208
204	203	213	203	202	220	204	204	218	201	203	215	204	204	218	206	205	215	204	205	215	207	203	219	203	204	218	201	207	219	198	203	214	204	203	217
198	199	202	200	200	206	204	205	206	204	205	205	204	203	205	203	201	208	199	203	205	203	203	204	206	205	207	203	201	204	202	202	202	204	201	204
200	203	211	201	203	208	199	203	208	201	205	214	203	202	208	201	205	208	205	199	209	200	204	217	202	203	210	205	200	210	203	203	208	202	203	210
207	203	211	201	206	212	202	202	214	202	200	217	205	206	215	202	206	211	200	204	213	205	205	217	205	204	211	203	201	212	200	204	212	203	203	209
198	201	206	203	202	211	201	201	210	201	201	210	205	203	208	208	208	210	203	197	210	200	202	209	204	202	209	198	205	203	204	199	204	201	204	205
203	204	206	205	201	212	206	201	208	203	204	211	204	205	211	202	201	215	204	206	209	204	201	210	200	204	211	203	205	204	200	201	206	207	202	206
205	202	208	203	202	215	202	206	215	207	207	219	204	202	215	203	203	214	198	203	212	202	205	214	203	205	212	204	201	206	197	206	212	206	201	216
202	204	224	202	208	229	204	207	224	203	203	226	203	199	227	206	210	230	208	205	224	206	206	227	202	208	226	203	211	221	204	205	225	204	207	224
199	205	205	202	201	207	201	205	210	199	203	212	203	203	207	201	207	208	202	200	208	202	203	212	204	202	213	204	202	205	203	208	208	201	204	207
203	209	213	202	206	220	202	201	219	203	206	218	206	208	219	203	202	215	201	204	221	203	205	222	208	207	210	201	204	218	202	203	215	205	201	218
203	204	204	202	205	205	200	205	211	200	204	207	204	205	207	203	203	207	203	204	208	204	203	206	202	207	204	200	204	209	207	204	209	202	205	209
198	201	209	201	202	211	203	203	208	201	203	207	203	208	210	203	202	209	204	205	207	198	203	209	201	207	210	203	201	209	203	205	206	199	207	206
205	206	214	200	204	213	203	206	219	200	206	217	201	203	218	204	204	217	203	202	216	203	206	216	205	204	217	202	206	213	200	205	216	198	204	218
204	205	213	203	202	206	206	203	213	200	202	208	204	202	204	204	207	206	197	202	209	201	203	208	199	207	212	201	201	207	204	205	214	206	198	209
201	201	204	202	203	202	199	201	201	200	206	201	205	206	202	203	204	201	201	203	205	202	201	204	201	200	203	203	201	203	204	205	202	200	200	199
201	199	210	202	200	209	200	203	207	202	204	209	200	205	214	204	201	215	202	203	217	206	203	215	204	202	209	202	205	211	204	203	211	201	205	214
205	204	208	207	201	207	202	208	206	200	203	204	203	207	208	204	202	205	200	202	205	204	199	202	206	203	210	206	204	206	199	203	210	206	202	208
200	203	213	204	202	217	204	200	215	202	206	215	204	204	210	202	206	211	204	204	212	202	201	214	203	204	218	202	201	213	204	208	209	203	205	211
202	205	208	204	201	208	203	202	211	200	205	212	198	206	209	201	204	210	198	203	212	206	204	209	206	204	208	203	204	210	196	204	208	200	207	211
201	202	208	203	203	208	204	204	210	205	201	208	204	200	209	200	210	211	203	204	210	201	205	209	204	204	208	198	201	205	203	204	208	200	206	210
202	204	209	206	203	212	204	206	210	204	205	211	204	204	206	201	202	212	204	205	210	203	199	208	202	203	209	196	205	208	202	201	209	205	203	213
203	206	211	202	202	210	203	203	212	203	200	213	207	203	210	203	200	209	205	205	209	203	202	211	207	205	212	203	200	212	203	204	212	203	204	211
202	203	210	204	199	208	198	206	212	201	202	209	201	203	208	204	199	211	202	200	213	202	202	209	200	201	207	206	204	205	203	201	209	203	203	206
202	203	212	203	203	211	205	202	213	203	204	214	201	204	211	201	205	214	201	206	213	200	205	208	202	205	205	204	205	210	203	203	212	204	207	208
200	200	208	200	202	203	199	202	205	200	198	203	204	200	204	203	200	203	202	202	205	202	204	204	200	202	205	201	204	206	199	202	204	200	201	206
\machine::top.usb650:setup:su_maj_r1
0
1
1
15.000000
\machine::top.usb650:setup:su_z1
0
1
1
-1.000000
\machine::top.usb650:setup:su_phi1
0
1
1
157.500000
\machine::top.usb650:setup:su_maj_r2
0
1
1
15.000000
\machine::top.usb650:setup:su_z2
0
1
1
1.000000
\machine::top.usb650:setup:su_phi2
0
1
1
157.500000
\machine::top.usb650:setup:su_ft
1
1
1
50mm, P1000-2-UV/VIS EOS00019, 727-733-2447
\machine::top.usb650:comments
1
1
1
relative to track.
\machine::top.usb650:framing:frm_int
0
1
36
100
200
1000
100
200
1000
100
200
1000
100
200
1000
100
200
1000
100
200
1000
100
200
1000
100
200
1000
100
200
1000
100
200
1000
100
200
1000
100
200
1000
