\machine::top.usb650:setup:su_pixels
0
1
1
651
\machine::top.usb650:framing:frm_n
0
1
1
35
\machine::top.usb650:calib:wve_spec
0
1
651
350
351
352
353
354
355
356
357
358
359
360
361
362
363
364
365
366
367
368
369
370
371
372
373
374
375
376
377
378
379
380
381
382
383
384
385
386
387
388
389
390
391
392
393
394
395
396
397
398
399
400
401
402
403
404
405
406
407
408
409
410
411
412
413
414
415
416
417
418
419
420
421
422
423
424
425
426
427
428
429
430
431
432
433
434
435
436
437
438
439
440
441
442
443
444
445
446
447
448
449
450
451
452
453
454
455
456
457
458
459
460
461
462
463
464
465
466
467
468
469
470
471
472
473
474
475
476
477
478
479
480
481
482
483
484
485
486
487
488
489
490
491
492
493
494
495
496
497
498
499
500
501
502
503
504
505
506
507
508
509
510
511
512
513
514
515
516
517
518
519
520
521
522
523
524
525
526
527
528
529
530
531
532
533
534
535
536
537
538
539
540
541
542
543
544
545
546
547
548
549
550
551
552
553
554
555
556
557
558
559
560
561
562
563
564
565
566
567
568
569
570
571
572
573
574
575
576
577
578
579
580
581
582
583
584
585
586
587
588
589
590
591
592
593
594
595
596
597
598
599
600
601
602
603
604
605
606
607
608
609
610
611
612
613
614
615
616
617
618
619
620
621
622
623
624
625
626
627
628
629
630
631
632
633
634
635
636
637
638
639
640
641
642
643
644
645
646
647
648
649
650
651
652
653
654
655
656
657
658
659
660
661
662
663
664
665
666
667
668
669
670
671
672
673
674
675
676
677
678
679
680
681
682
683
684
685
686
687
688
689
690
691
692
693
694
695
696
697
698
699
700
701
702
703
704
705
706
707
708
709
710
711
712
713
714
715
716
717
718
719
720
721
722
723
724
725
726
727
728
729
730
731
732
733
734
735
736
737
738
739
740
741
742
743
744
745
746
747
748
749
750
751
752
753
754
755
756
757
758
759
760
761
762
763
764
765
766
767
768
769
770
771
772
773
774
775
776
777
778
779
780
781
782
783
784
785
786
787
788
789
790
791
792
793
794
795
796
797
798
799
800
801
802
803
804
805
806
807
808
809
810
811
812
813
814
815
816
817
818
819
820
821
822
823
824
825
826
827
828
829
830
831
832
833
834
835
836
837
838
839
840
841
842
843
844
845
846
847
848
849
850
851
852
853
854
855
856
857
858
859
860
861
862
863
864
865
866
867
868
869
870
871
872
873
874
875
876
877
878
879
880
881
882
883
884
885
886
887
888
889
890
891
892
893
894
895
896
897
898
899
900
901
902
903
904
905
906
907
908
909
910
911
912
913
914
915
916
917
918
919
920
921
922
923
924
925
926
927
928
929
930
931
932
933
934
935
936
937
938
939
940
941
942
943
944
945
946
947
948
949
950
951
952
953
954
955
956
957
958
959
960
961
962
963
964
965
966
967
968
969
970
971
972
973
974
975
976
977
978
979
980
981
982
983
984
985
986
987
988
989
990
991
992
993
994
995
996
997
998
999
1000
\machine::top.usb650:framing:frm_start
0
1
35
0.000000
0.265625
0.703125
2.796875
3.015625
3.437500
5.500000
5.718750
6.140625
8.203125
8.421875
8.843750
10.890625
11.109375
11.531250
13.593750
13.812500
14.234375
16.296875
16.500000
16.921875
18.984375
19.203125
19.625000
21.687500
21.906250
22.328125
24.390625
24.593750
25.015625
27.078125
27.296875
27.718750
29.781250
30.000000
\machine::top.usb650:raw_spectra
0
2
651
35
200	198	202	200	201	201	201	202	204	198	198	206	202	200	208	201	198	201	196	200	205	198	199	202	196	200	205	200	199	202	200	200	203	200	200
199	200	210	200	197	207	197	201	212	198	200	208	209	204	212	202	201	203	202	202	207	201	198	212	201	202	207	200	198	207	200	201	209	201	199
199	200	200	199	197	202	202	199	199	203	200	203	199	202	198	197	196	200	198	200	203	205	202	202	203	200	209	201	202	201	202	199	199	200	199
198	200	203	201	198	206	200	202	204	200	203	203	201	200	205	199	201	207	200	198	209	199	202	205	201	202	210	198	200	199	199	202	202	200	199
199	201	205	198	202	214	200	205	212	201	204	214	203	200	212	201	200	209	200	192	208	203	201	207	202	198	212	202	203	204	205	202	206	205	200
196	204	208	203	206	219	204	200	220	204	203	217	204	202	218	203	201	215	203	202	215	204	204	218	199	200	218	201	205	211	202	202	209	200	204
199	201	202	199	200	215	196	201	214	203	207	217	200	202	214	202	204	218	202	204	214	201	200	212	204	201	215	201	205	211	199	203	205	203	203
196	200	203	202	198	209	201	200	211	199	201	209	205	203	213	200	202	209	200	203	205	203	203	207	205	202	211	202	204	198	201	198	199	198	196
200	204	212	200	205	233	203	205	226	200	204	226	203	206	231	203	207	223	200	203	228	206	210	230	203	202	225	201	205	212	202	199	213	206	199
200	203	202	203	199	211	203	202	213	201	204	208	204	199	211	201	204	209	201	204	213	203	202	213	205	204	213	198	200	200	199	202	207	205	205
200	199	197	201	200	215	202	203	215	200	204	215	201	202	217	201	202	213	202	202	212	204	200	213	203	201	213	197	203	206	203	201	204	199	205
200	203	199	200	200	214	202	199	212	203	202	207	200	203	208	197	206	210	203	205	211	201	201	208	202	200	199	205	205	200	195	200	205	200	203
201	202	222	201	204	230	202	206	228	200	208	231	206	206	228	202	203	225	206	204	227	200	205	226	206	206	225	200	205	215	200	201	218	201	206
205	201	199	200	203	210	201	205	209	205	203	213	204	199	213	202	207	209	203	203	210	201	201	215	204	202	207	201	202	201	188	201	202	200	200
203	202	218	199	205	224	200	203	228	201	208	228	201	207	228	202	208	220	206	206	227	204	208	225	199	205	226	203	202	220	201	202	219	195	203
203	203	203	203	201	214	201	205	213	202	203	216	204	199	215	201	205	215	203	204	213	203	204	213	202	202	213	201	202	206	201	198	203	202	200
209	199	202	201	201	212	201	201	209	199	202	210	203	204	216	202	201	206	200	202	215	200	201	218	201	201	211	204	205	203	205	202	202	197	199
201	198	198	199	202	210	200	205	212	204	204	212	201	204	213	203	203	213	200	204	214	202	202	213	201	201	211	201	205	205	200	203	200	199	204
203	200	198	199	199	210	203	204	214	197	205	209	198	203	213	203	200	213	204	205	213	203	201	212	210	204	212	203	204	204	200	199	202	202	202
201	200	202	202	204	214	203	204	217	198	206	216	202	207	214	203	204	215	201	202	211	203	202	218	205	207	218	201	203	207	203	204	206	202	199
203	202	203	201	200	217	202	206	222	201	206	219	202	203	218	206	205	222	202	204	219	203	205	215	200	204	216	205	205	209	203	200	208	200	202
203	204	200	201	201	213	203	208	217	208	208	219	204	204	220	197	201	218	204	202	216	204	202	215	204	204	220	203	208	198	199	201	199	203	199
201	206	207	200	203	228	204	209	231	208	210	232	207	205	236	204	207	232	203	210	233	206	207	230	203	204	228	204	205	208	201	201	211	199	206
202	208	204	203	200	225	204	209	227	207	208	228	204	208	232	206	206	229	205	210	226	204	207	230	204	206	225	204	205	209	206	201	209	204	201
204	202	211	203	202	220	199	206	225	201	207	227	207	206	223	202	206	223	206	203	222	201	207	224	203	204	225	204	204	212	202	202	214	198	201
206	206	219	207	204	241	205	214	246	207	210	240	208	210	233	208	208	247	210	207	243	207	211	243	208	215	245	204	209	227	199	203	220	203	208
200	201	199	201	199	228	205	212	233	207	207	233	204	205	231	206	207	234	208	210	236	203	208	231	204	209	235	207	206	204	204	199	202	205	199
200	203	203	203	204	238	205	207	241	205	208	242	206	204	239	206	211	240	204	211	242	206	207	241	202	208	238	205	205	205	203	203	206	205	202
206	206	220	204	209	253	205	213	259	208	211	258	210	213	262	206	216	267	210	214	259	211	214	258	205	214	260	206	212	227	205	204	216	201	202
197	199	202	202	205	238	205	208	245	206	210	243	206	212	246	206	211	246	206	207	243	208	212	242	207	210	244	207	204	209	201	201	205	201	200
199	203	206	201	204	245	206	213	253	206	210	254	212	207	255	209	213	255	208	207	256	207	211	252	206	209	257	208	210	208	200	202	201	205	199
197	202	204	200	202	241	204	211	251	210	211	256	209	211	252	204	211	248	206	211	253	210	216	251	207	214	252	204	207	203	201	202	204	206	202
202	204	205	200	207	261	206	210	274	208	214	267	209	213	273	199	212	268	204	213	267	209	217	271	204	217	273	207	212	210	201	203	207	204	201
206	203	216	205	207	289	207	216	288	213	220	292	216	219	291	210	222	292	212	216	287	212	219	291	210	219	291	207	219	221	200	203	212	204	206
200	200	203	201	203	288	212	223	308	210	221	306	214	223	310	212	221	305	210	225	303	214	218	308	212	224	307	207	223	205	199	203	203	199	206
204	205	207	203	204	296	211	221	311	210	224	310	217	217	302	212	222	317	213	222	312	216	223	315	216	222	312	212	224	212	200	202	208	201	200
203	203	203	206	207	296	214	221	303	211	221	313	213	224	315	213	224	307	209	221	309	216	223	308	212	216	318	210	223	203	201	205	202	203	204
202	205	209	203	208	305	215	227	317	213	226	319	211	224	313	212	229	323	212	222	315	215	224	317	212	224	315	211	220	214	203	206	210	201	201
199	202	201	200	203	269	207	217	284	208	220	285	211	220	281	212	217	282	210	214	284	213	221	281	213	218	281	212	218	199	203	202	202	202	200
199	201	199	204	201	244	209	214	251	206	209	254	205	212	251	208	211	250	209	213	252	209	215	257	207	209	255	210	208	206	203	200	200	200	206
203	205	204	202	206	240	206	210	256	207	207	252	209	214	250	206	212	254	206	212	250	208	209	245	204	214	245	208	213	203	199	205	205	200	200
206	205	209	205	204	252	210	215	267	212	214	259	210	211	266	209	212	267	211	212	263	205	213	265	205	214	264	212	216	210	200	203	212	200	202
205	203	206	203	207	280	214	219	287	210	219	289	214	217	288	210	220	291	212	221	287	209	219	287	210	220	289	209	221	209	202	202	204	200	203
204	202	206	204	200	287	211	218	303	211	220	295	207	218	294	218	222	294	210	225	300	214	219	285	210	222	298	210	223	205	199	203	204	206	202
201	203	209	205	206	323	216	232	346	215	230	346	214	231	343	217	231	343	211	228	342	219	230	335	216	230	340	219	231	215	203	206	209	203	204
202	204	203	200	205	279	210	219	293	208	221	292	212	220	289	211	218	295	212	223	290	211	222	293	209	219	292	212	218	210	202	204	205	203	201
205	207	205	203	199	266	213	212	274	209	216	278	207	213	278	208	220	272	211	219	271	211	216	275	208	219	280	210	210	206	205	206	210	202	201
200	203	203	206	203	255	207	213	266	209	215	266	211	213	261	211	211	268	212	215	265	214	218	268	206	212	267	210	214	212	201	199	205	200	199
200	204	206	201	205	256	208	213	262	211	216	257	210	212	258	207	213	263	206	217	255	208	216	259	211	210	261	209	212	205	205	204	203	204	202
205	201	208	204	205	276	212	218	281	216	219	289	210	213	289	214	221	281	210	221	286	212	217	281	212	220	284	211	217	211	204	203	207	201	203
205	203	205	200	208	315	214	230	337	216	228	336	213	230	342	215	231	334	220	232	332	218	228	343	220	234	342	216	232	207	204	204	199	204	202
204	198	198	205	203	353	218	234	376	217	238	377	215	236	377	220	237	383	220	242	376	221	237	371	223	237	381	213	234	205	201	199	201	205	202
203	206	208	198	208	321	215	227	347	220	226	350	217	230	353	215	230	349	213	231	347	219	232	342	214	236	348	219	230	213	205	205	207	201	201
200	199	212	202	208	401	222	251	436	222	248	430	227	247	428	227	245	434	222	251	429	231	250	434	228	251	436	224	248	210	200	208	210	202	203
202	205	205	204	205	446	227	258	491	229	264	479	232	259	483	232	256	487	229	259	480	229	257	486	230	256	483	230	259	212	203	201	202	201	203
205	203	208	201	200	359	213	239	382	221	242	374	218	239	376	218	239	381	218	238	383	216	239	382	221	236	384	219	234	215	203	204	214	204	205
205	204	201	202	208	396	221	243	438	223	246	447	225	248	439	229	244	425	224	255	436	225	250	432	223	246	436	228	250	208	205	206	207	206	200
202	200	206	205	205	443	230	257	483	236	261	488	225	257	490	232	256	499	236	254	489	232	258	494	230	264	500	232	263	207	202	202	210	205	203
204	202	207	203	206	346	218	235	361	220	235	365	221	234	363	217	235	363	218	234	369	220	231	364	220	237	370	217	237	206	202	202	206	202	198
202	203	202	199	204	338	214	231	351	217	233	360	216	234	364	219	232	360	217	233	357	221	234	368	218	232	364	218	234	214	200	203	207	207	205
200	200	202	201	205	345	222	237	374	224	237	370	217	235	380	215	238	375	223	234	379	221	234	371	214	237	375	223	239	203	202	203	201	199	203
202	200	205	202	203	288	210	222	306	211	223	300	211	221	307	212	226	300	216	222	300	212	221	310	211	227	301	213	225	204	201	204	204	201	203
204	204	203	201	206	330	217	227	356	217	230	350	221	229	363	219	233	360	220	238	357	214	233	359	218	231	354	216	231	209	200	205	208	203	202
204	202	206	207	204	330	217	229	344	217	226	341	213	232	352	220	234	351	215	228	351	220	233	352	219	232	353	215	228	209	204	200	209	205	202
207	202	208	203	208	306	214	229	328	216	225	330	216	226	330	214	233	330	215	231	329	214	227	327	212	228	341	215	227	210	202	203	207	205	206
205	201	209	203	211	756	260	323	811	260	320	807	263	319	817	260	324	822	260	321	817	263	326	819	261	324	812	260	322	223	203	206	211	201	205
207	202	210	206	209	564	245	283	626	243	282	603	244	285	615	244	279	615	243	288	614	237	284	608	242	283	616	240	278	217	208	206	208	203	205
202	207	210	201	210	416	223	245	440	226	253	432	226	252	439	228	249	441	224	247	432	226	251	434	222	250	438	227	252	217	205	205	210	204	204
202	206	212	203	207	601	242	280	650	241	293	637	243	287	630	249	292	643	250	290	643	245	290	650	245	286	649	246	290	217	208	203	210	201	204
198	204	206	204	219	1447	328	444	1581	329	461	1574	333	461	1576	331	464	1591	332	457	1580	329	457	1592	331	455	1598	332	457	230	207	203	206	203	204
202	202	204	200	211	923	278	353	1007	281	359	1016	278	362	1018	279	364	1021	281	361	1007	281	352	1009	285	358	1024	283	354	223	202	203	210	205	200
203	200	205	208	207	430	223	253	465	225	252	464	232	250	469	226	259	460	232	252	462	227	254	466	226	255	465	227	254	206	202	203	205	203	203
202	204	211	201	213	481	233	266	536	237	262	536	234	271	545	234	273	539	235	268	533	232	265	548	238	267	542	236	265	214	200	202	212	204	202
202	208	205	203	206	397	223	248	436	227	252	435	227	247	447	218	247	440	225	254	442	225	251	444	229	246	443	227	244	215	205	203	209	201	206
200	203	206	202	207	370	221	239	393	219	239	394	224	240	401	217	235	395	221	237	386	220	246	387	223	239	388	221	239	208	202	204	205	204	201
203	205	209	206	212	955	279	361	1059	282	363	1057	285	363	1054	288	357	1068	282	365	1045	280	361	1050	280	365	1047	281	364	229	204	199	204	203	202
203	203	205	199	215	1182	303	405	1312	311	422	1324	311	415	1332	302	414	1335	312	426	1333	309	402	1311	307	423	1325	311	417	224	206	206	207	204	202
206	205	226	209	221	1034	296	380	1160	288	384	1154	297	385	1167	291	389	1174	297	389	1175	288	384	1179	296	383	1180	297	389	246	205	207	225	201	204
202	202	207	203	208	551	241	273	602	243	282	608	242	279	606	246	282	609	238	282	598	242	285	604	243	278	615	245	283	217	203	205	204	199	203
203	205	210	204	214	584	243	289	647	249	286	649	249	286	652	243	290	655	246	290	660	248	297	652	248	286	652	247	289	215	205	202	208	204	203
201	203	203	208	214	515	233	267	558	241	270	552	239	276	557	240	277	565	241	276	565	240	279	543	237	271	552	234	270	210	201	207	201	200	203
207	204	205	203	206	380	230	244	416	220	244	405	217	248	410	225	240	416	221	244	402	230	247	409	225	242	405	227	242	214	201	201	204	204	205
201	206	233	209	213	602	246	297	664	245	290	672	247	295	671	248	286	687	246	297	669	254	299	684	247	293	680	249	295	239	206	210	231	208	207
203	193	218	204	215	878	275	349	970	280	352	978	279	349	986	275	345	1009	280	352	975	278	360	992	280	357	995	274	350	232	203	203	215	206	204
202	206	210	208	222	2426	421	674	2846	445	699	2821	450	689	2881	442	691	2911	456	708	2875	454	704	2902	452	704	2918	447	713	238	207	205	209	205	205
205	201	205	203	214	1255	309	432	1487	333	442	1465	331	448	1505	320	440	1522	328	453	1483	325	444	1484	325	443	1530	327	450	220	202	202	211	202	205
204	202	218	205	213	740	261	321	850	264	330	838	265	329	852	265	333	862	271	331	851	265	324	850	267	331	860	268	337	219	206	204	213	205	204
205	211	237	210	218	636	245	297	717	254	300	710	257	298	728	253	299	726	255	299	723	254	301	709	257	300	725	252	299	255	205	213	244	209	209
208	200	210	204	210	451	231	258	503	229	264	499	232	266	516	230	262	507	231	261	511	233	264	495	232	267	503	233	262	216	201	205	209	207	202
204	204	207	202	208	660	251	308	759	258	308	755	256	305	773	253	315	779	256	313	766	260	319	772	257	312	774	255	314	214	202	204	202	203	200
206	206	211	202	207	544	232	286	604	241	280	613	243	281	620	241	290	621	248	287	623	245	286	621	242	286	629	245	293	215	202	203	208	205	203
204	202	211	205	212	526	233	276	591	238	279	596	239	286	594	238	276	606	244	277	590	240	279	609	246	280	610	244	278	221	204	204	215	207	208
201	201	207	205	211	1438	331	462	1686	347	475	1701	339	481	1711	336	480	1742	345	485	1722	348	489	1713	342	491	1732	346	479	214	197	207	207	202	204
202	202	204	204	207	771	267	329	888	269	338	882	265	334	900	260	337	906	268	342	910	271	333	916	275	347	903	268	339	215	201	204	208	201	203
203	203	202	204	207	427	227	254	473	228	259	468	226	256	476	229	256	486	229	259	471	229	251	474	234	256	479	230	254	207	205	203	206	201	203
200	203	206	202	205	305	216	228	331	218	229	325	215	227	326	217	228	329	213	228	333	215	230	329	213	223	328	215	229	210	202	207	206	207	203
200	208	212	209	209	313	209	227	320	215	222	317	216	226	326	214	227	325	210	225	315	213	228	322	212	225	315	216	228	215	203	206	211	201	203
204	202	204	204	207	400	222	245	428	225	248	435	224	250	441	227	248	436	230	250	437	229	252	444	224	250	437	227	250	207	205	204	208	205	207
201	203	206	202	208	386	223	247	406	220	239	406	220	247	410	221	238	415	219	243	408	220	244	407	220	245	413	223	246	216	207	204	210	206	206
202	205	212	205	203	328	216	235	354	214	231	346	217	227	354	219	228	343	215	234	347	213	230	342	219	231	350	216	233	211	198	204	208	205	208
201	210	208	200	211	471	228	261	507	230	269	511	233	263	506	237	257	503	234	265	504	234	260	499	231	260	501	231	259	215	205	202	205	205	205
202	204	212	203	211	453	231	261	485	229	262	491	228	259	492	229	252	488	230	261	495	229	259	497	232	258	490	230	259	221	201	204	212	204	201
203	199	206	202	211	392	219	247	424	226	250	419	226	242	421	223	238	429	225	248	417	223	248	422	221	247	417	222	245	210	200	204	202	204	203
205	200	209	206	207	410	224	249	450	225	245	446	231	248	455	230	253	449	225	252	451	224	251	446	223	249	459	230	249	217	206	206	205	197	205
206	207	211	203	211	683	260	306	761	255	312	760	256	309	768	258	314	766	260	313	751	254	311	774	260	314	774	251	317	221	208	206	209	204	205
203	205	208	204	212	459	235	259	500	231	257	505	235	261	498	230	259	509	232	265	504	233	260	512	235	260	504	231	262	217	203	204	213	207	201
202	203	216	201	211	393	221	243	427	224	248	430	227	250	434	222	247	432	224	248	423	225	245	425	222	243	430	226	241	224	205	205	210	203	202
202	205	211	205	212	569	247	284	626	242	283	634	249	283	638	239	285	644	247	287	638	246	287	631	247	292	633	243	290	223	205	205	209	202	206
204	204	207	203	213	969	288	361	1123	289	378	1116	292	380	1143	288	380	1148	291	378	1149	287	380	1135	291	381	1137	288	384	225	205	205	208	204	204
205	200	206	203	211	736	261	319	815	265	320	817	260	326	825	260	330	845	263	326	826	267	319	841	268	321	843	259	329	217	201	200	205	202	202
203	202	211	204	218	1430	334	455	1644	340	477	1653	343	479	1689	336	470	1727	343	479	1691	345	488	1674	334	475	1716	343	482	228	202	207	208	202	204
201	204	208	203	211	873	275	352	998	286	363	1011	281	354	1028	281	351	1032	286	366	1009	282	354	995	280	364	1034	280	360	224	204	201	208	203	205
206	198	210	203	214	519	233	281	570	239	278	565	237	280	577	237	272	578	239	274	573	240	279	566	238	277	575	239	273	216	204	197	211	201	199
205	202	212	205	208	383	223	244	414	224	245	410	222	248	406	225	245	409	224	240	416	221	244	414	226	238	409	224	245	211	206	204	210	203	206
205	206	213	205	204	338	216	231	364	214	232	359	216	232	361	216	233	361	217	236	359	220	237	362	219	238	363	219	231	223	204	200	213	203	204
208	210	235	204	217	608	242	292	686	256	298	684	251	294	680	247	296	696	248	297	691	254	300	694	245	295	698	252	301	248	208	207	230	204	211
203	207	240	203	212	448	228	253	480	231	255	484	232	255	487	226	257	491	228	261	499	227	257	483	229	258	494	234	252	242	206	208	236	203	213
202	203	208	203	206	339	220	231	362	219	233	355	218	236	360	215	234	362	219	233	366	216	233	357	219	234	358	219	233	208	203	205	202	204	201
203	205	211	202	206	315	215	227	335	216	227	331	216	227	340	216	228	336	217	228	348	216	229	339	214	227	338	210	225	213	203	203	206	204	202
208	202	212	199	206	349	218	236	370	218	236	369	219	237	374	218	238	374	218	239	373	219	237	377	224	231	380	224	236	216	203	202	206	205	201
205	203	206	203	202	360	222	235	389	220	238	386	224	238	387	217	237	391	223	242	399	213	234	397	224	236	393	220	241	217	205	202	204	202	203
203	201	205	202	208	343	218	237	364	220	233	364	217	237	365	219	235	373	217	235	359	216	238	368	220	242	367	215	234	210	204	203	209	200	202
205	206	209	207	206	645	250	304	737	255	306	741	254	308	728	255	307	745	255	307	725	254	313	755	257	302	739	256	316	219	198	208	210	202	202
201	201	212	204	211	738	260	317	836	262	327	833	265	320	857	259	329	862	264	323	847	267	328	849	268	332	845	262	320	218	200	202	212	205	204
201	204	210	204	212	443	228	255	483	228	260	485	230	256	493	227	253	494	227	260	495	231	257	484	232	261	499	232	264	219	205	204	213	207	204
204	202	205	202	205	393	224	250	442	227	245	436	223	244	449	224	247	443	225	253	436	223	250	438	225	252	443	225	247	210	199	201	208	205	203
202	202	206	201	207	805	263	329	904	271	332	902	273	330	923	266	337	917	268	335	892	276	335	917	268	338	923	269	339	218	203	203	205	203	201
200	205	203	203	208	442	224	256	482	229	260	484	232	256	478	228	260	475	230	256	483	229	260	489	228	258	481	230	254	210	205	198	202	205	204
203	202	205	202	206	329	213	226	342	219	228	343	221	231	342	218	229	344	218	227	340	217	227	345	219	228	345	218	231	210	203	204	204	202	202
204	199	206	202	208	361	220	236	387	220	239	392	217	240	392	219	238	386	219	239	391	220	236	389	220	239	392	221	238	209	202	202	202	201	203
204	204	211	202	211	1669	350	516	1938	359	520	1953	364	525	2000	362	528	2024	368	533	1998	358	533	2004	371	535	2037	369	542	230	200	202	208	201	202
201	199	207	203	204	699	255	319	803	263	322	799	258	322	814	260	322	815	258	327	815	271	319	807	267	324	820	258	325	218	203	207	210	202	201
206	205	206	209	207	413	230	246	441	230	252	443	226	247	450	230	246	455	224	253	451	229	254	448	225	249	455	227	250	214	203	209	209	203	203
204	202	210	204	209	333	215	232	346	217	226	339	216	233	348	218	232	342	213	234	343	218	231	348	213	230	349	219	229	217	204	205	206	203	203
206	202	208	206	209	583	244	287	665	246	294	648	245	285	664	246	289	675	249	291	674	247	292	660	245	300	675	247	292	217	206	202	212	202	204
199	202	210	201	216	549	238	269	598	239	284	598	239	281	611	243	283	599	247	280	600	240	281	598	243	281	603	244	277	219	199	202	208	200	204
207	204	214	203	217	555	239	282	617	243	276	619	244	284	619	241	281	625	244	287	627	245	284	621	237	284	621	244	288	224	201	203	211	200	203
204	203	204	202	224	2323	412	641	2722	430	671	2699	438	662	2757	427	669	2758	432	688	2740	433	670	2755	441	672	2771	435	669	235	203	206	206	202	200
204	202	206	206	220	1820	377	544	2092	378	557	2123	376	557	2144	372	562	2181	378	570	2150	395	569	2166	386	556	2190	380	567	228	205	202	203	203	203
196	200	206	203	211	803	270	336	920	277	342	923	272	345	939	276	347	945	274	348	949	277	346	949	278	344	932	275	345	229	203	204	210	200	199
198	208	212	203	212	467	234	261	520	232	267	509	231	260	522	236	260	511	233	266	513	231	258	523	234	263	525	232	263	224	201	203	212	205	204
202	201	206	203	211	376	222	245	396	222	240	400	220	240	402	223	239	408	221	242	400	220	244	408	223	243	400	227	242	220	203	203	202	203	205
204	205	213	207	211	386	222	247	409	224	241	409	224	242	410	227	242	414	225	245	419	221	239	407	221	245	409	225	245	222	202	204	216	206	205
201	206	214	205	213	450	228	257	491	234	268	491	230	267	502	232	255	494	230	262	497	231	256	501	233	264	492	232	263	224	206	207	212	205	205
200	199	205	201	211	356	218	235	380	223	239	376	217	240	376	217	238	380	218	236	382	216	239	376	220	238	379	219	236	218	195	205	205	198	202
200	203	203	202	212	363	217	242	385	219	234	379	221	240	385	218	238	386	217	239	386	218	235	380	220	238	386	220	245	209	201	200	206	205	199
202	203	213	209	213	673	251	310	757	254	314	762	256	312	773	254	315	780	258	318	772	254	312	768	256	315	779	254	320	223	204	204	212	202	208
203	202	204	206	210	454	223	261	498	230	262	490	232	259	497	229	261	499	229	257	496	232	259	495	229	261	502	230	264	213	201	202	201	201	202
200	202	209	200	208	357	215	239	377	216	237	380	217	234	385	214	239	385	216	235	375	218	238	376	221	239	371	217	235	214	201	203	208	203	200
202	202	205	207	208	341	214	235	356	218	234	361	219	235	358	217	229	359	221	232	365	220	230	363	214	229	357	217	236	214	202	205	207	202	202
202	202	204	203	208	570	240	285	633	246	286	630	245	285	648	243	287	642	244	284	646	252	282	641	243	286	636	243	288	217	203	200	202	208	200
206	202	209	202	215	737	262	320	834	266	326	843	269	325	842	263	330	866	268	332	862	269	324	855	268	322	850	267	326	215	202	201	207	203	200
203	201	204	199	210	462	233	262	511	229	264	500	232	263	506	230	260	518	233	264	504	231	257	512	233	257	513	233	258	216	204	202	212	202	203
202	204	207	201	206	366	216	238	393	221	237	392	223	237	391	223	241	398	219	241	392	221	238	391	218	237	390	221	238	217	207	204	208	202	203
206	202	214	205	208	410	225	251	448	227	246	441	223	247	443	226	251	445	229	246	450	222	251	443	224	254	446	225	249	225	205	205	213	201	200
200	202	208	203	208	504	235	274	567	238	274	557	243	270	574	236	272	564	236	274	566	234	268	558	232	272	562	240	269	224	202	203	203	203	202
203	204	211	202	213	582	238	286	640	245	283	642	241	290	646	247	290	646	241	295	630	247	279	644	241	286	649	243	290	225	206	204	208	204	202
205	207	217	203	218	483	237	266	534	233	268	526	234	259	533	237	262	533	236	269	523	233	270	522	231	268	519	232	266	229	206	203	216	202	205
204	204	210	202	211	443	226	253	480	232	261	475	224	252	486	229	258	473	234	260	483	225	258	477	231	257	485	228	256	226	199	203	208	203	202
200	203	207	201	212	401	221	245	418	220	249	427	223	247	425	221	245	427	222	250	419	222	250	422	225	246	428	221	248	224	205	191	209	205	202
203	201	211	204	209	343	218	236	364	219	235	375	221	236	372	214	235	368	218	233	373	218	230	372	219	234	376	217	240	213	198	202	208	205	203
207	204	214	200	214	359	224	234	382	218	238	384	220	237	383	217	239	376	218	243	379	220	243	389	219	235	380	215	240	225	206	207	216	205	208
202	205	211	203	210	357	216	233	388	220	236	380	218	240	383	220	233	391	220	239	378	217	235	388	220	236	390	216	240	220	205	202	207	198	201
202	202	207	201	207	378	217	240	415	224	246	417	225	243	419	219	243	418	227	244	413	220	243	418	220	243	414	226	245	216	201	203	209	203	199
204	203	205	198	212	639	246	306	732	255	303	723	253	310	751	251	306	755	251	303	753	253	304	754	257	302	744	258	307	214	205	202	207	207	206
200	205	210	208	212	502	234	265	552	233	271	553	239	274	552	233	269	562	237	272	558	241	271	551	239	271	562	241	272	214	203	201	206	204	200
207	205	206	205	210	538	236	273	564	240	277	580	239	281	576	240	274	564	238	275	580	239	275	569	239	271	575	235	278	214	202	204	204	204	201
206	202	203	203	209	392	224	246	421	221	244	416	226	245	422	224	248	420	224	243	421	228	245	420	224	245	422	223	239	216	206	203	205	199	205
202	208	201	199	211	557	240	281	617	242	284	606	243	284	614	240	283	605	240	284	615	241	277	617	242	283	611	240	283	220	201	201	208	204	207
206	202	213	200	211	443	226	253	480	233	256	477	232	255	482	228	260	478	224	255	477	229	253	472	227	257	479	228	258	221	205	204	207	205	203
202	204	214	207	208	346	220	235	373	222	232	372	227	238	372	220	236	375	216	232	368	215	234	367	224	238	374	218	233	222	202	207	210	201	205
203	205	213	203	208	379	225	236	416	227	238	408	221	241	411	222	247	409	221	242	417	219	241	415	220	246	403	215	237	216	200	202	208	199	202
206	204	214	205	211	447	226	254	466	225	254	465	225	252	471	233	251	468	225	258	470	228	259	480	229	248	467	228	254	222	202	205	212	204	202
201	198	205	202	204	339	220	235	358	216	236	358	214	232	364	217	231	362	218	235	370	218	232	355	218	235	359	216	234	208	204	201	205	201	201
202	204	206	201	204	348	220	230	369	215	237	370	218	235	365	217	226	373	220	238	370	215	235	366	218	236	371	218	231	210	203	203	200	205	201
204	204	214	203	214	427	230	251	461	230	250	455	229	250	463	227	254	452	234	252	460	222	256	456	231	254	461	225	250	226	202	205	213	203	203
207	204	219	203	210	360	217	232	375	219	242	377	215	232	375	220	238	389	220	233	380	221	233	378	222	233	377	214	232	230	205	205	219	204	213
205	203	208	203	209	325	216	232	336	213	228	336	216	230	338	212	227	341	215	226	332	212	229	337	217	224	341	215	224	214	203	201	208	202	202
200	200	208	203	207	343	216	230	359	215	231	364	219	236	363	213	234	361	219	236	359	219	233	359	218	230	360	215	229	215	200	203	212	202	205
204	207	217	203	210	324	211	228	335	217	230	336	218	230	340	218	230	341	209	230	343	217	229	347	212	230	343	213	228	230	204	200	212	204	206
203	200	206	202	208	311	209	226	324	215	226	325	214	224	324	210	226	319	216	223	325	213	226	328	215	228	318	214	223	216	200	187	207	201	203
205	201	209	202	209	328	219	226	338	214	229	349	214	231	340	217	230	344	216	231	337	217	230	346	218	226	341	218	231	211	203	200	203	200	198
201	200	204	202	209	330	220	236	352	217	230	355	217	238	349	214	232	354	216	233	350	219	231	350	218	231	348	219	229	212	202	205	204	204	203
202	205	202	203	211	346	217	234	364	217	231	366	219	234	362	215	235	366	216	234	361	216	233	360	222	236	361	216	231	212	202	204	204	201	202
202	203	205	205	206	357	216	239	384	219	237	386	217	241	376	224	236	378	225	239	378	219	235	379	218	237	380	221	233	213	204	204	207	199	198
208	205	208	205	210	373	227	234	401	222	242	401	218	241	407	220	240	405	223	235	406	223	239	406	225	248	407	222	245	218	202	205	207	201	204
200	203	207	203	208	369	219	233	386	220	237	391	216	242	390	216	236	391	218	241	390	221	234	391	221	242	381	220	241	209	200	206	203	202	202
201	199	205	205	208	380	218	244	405	222	236	406	222	247	407	223	240	408	225	241	404	218	238	409	216	241	408	222	242	216	200	202	207	203	203
204	204	214	203	210	360	218	234	379	219	238	376	217	240	378	220	237	376	221	237	376	221	234	378	218	237	379	220	241	214	204	204	208	200	203
205	205	211	201	215	357	221	236	377	221	236	379	223	234	379	219	237	381	219	238	370	222	233	378	218	238	385	218	240	210	198	204	202	201	202
197	205	209	202	208	348	218	234	378	220	237	379	215	235	378	222	237	374	217	233	381	220	235	373	219	235	379	216	238	214	201	204	210	203	204
201	201	199	207	206	383	220	239	403	219	242	402	226	244	406	223	244	405	217	240	406	218	244	400	221	239	395	220	236	212	199	201	204	202	199
201	203	209	204	212	437	226	256	462	230	255	470	230	249	467	229	252	467	229	251	463	228	247	467	227	256	476	229	252	220	203	202	207	205	203
205	202	210	204	210	375	222	233	398	221	239	398	220	242	393	221	243	398	218	241	396	218	243	392	217	241	403	218	239	218	205	203	208	202	205
204	205	208	204	210	431	228	255	466	228	256	469	225	255	466	229	255	467	224	257	460	230	253	473	229	254	469	229	251	223	203	202	211	201	201
201	200	207	200	216	542	238	272	582	233	277	582	239	274	589	238	277	580	234	277	580	238	273	573	237	276	583	236	276	218	199	204	204	202	202
204	203	212	197	210	422	231	253	466	224	251	461	233	250	459	226	245	464	227	250	461	226	255	463	225	250	455	227	247	225	201	203	206	198	203
203	207	214	202	214	430	225	246	466	222	250	448	226	250	449	225	253	451	230	250	455	229	257	465	226	250	457	223	251	232	204	204	219	203	205
203	200	202	201	208	365	219	236	386	220	237	383	218	234	387	217	238	388	218	235	389	217	238	388	223	236	387	215	240	216	202	203	201	201	202
201	206	203	199	211	748	256	319	813	261	317	826	261	325	818	258	322	811	266	326	817	256	321	827	260	322	824	260	322	221	199	201	203	202	200
196	201	205	204	211	592	246	290	651	250	294	659	241	285	657	245	292	659	247	295	660	244	293	654	247	288	658	245	285	220	196	203	204	201	198
203	200	211	202	210	435	225	245	467	228	256	469	233	254	482	228	256	474	230	256	468	228	253	480	229	254	471	228	251	222	202	201	206	202	201
200	200	207	203	215	391	225	242	420	221	245	416	223	240	416	225	242	420	221	246	412	226	240	420	223	241	419	223	249	215	202	203	204	201	201
202	200	202	202	205	365	221	238	390	223	241	377	219	238	387	218	237	389	224	240	391	221	242	394	217	237	391	224	237	216	203	203	207	202	200
200	204	207	202	208	346	214	235	365	219	235	366	218	228	362	216	231	371	217	236	375	213	234	368	208	234	370	218	235	217	202	201	210	203	206
202	202	208	202	209	533	235	276	590	239	274	587	236	279	588	236	273	583	237	275	586	238	273	587	236	273	579	235	277	214	202	205	205	203	204
213	201	214	204	214	646	247	302	712	254	302	708	250	297	706	248	300	712	255	298	709	249	299	697	250	298	712	248	300	229	205	202	208	201	203
200	202	202	205	210	542	239	278	600	240	279	592	245	277	590	241	273	596	241	275	592	244	277	600	237	276	597	241	281	212	202	206	205	202	201
202	202	206	199	206	381	221	239	399	226	239	399	220	242	404	221	241	399	216	242	407	223	242	397	223	245	400	223	239	213	201	202	208	204	205
200	203	205	203	208	368	220	238	390	220	242	384	218	237	399	219	238	385	222	237	395	221	237	386	221	239	388	221	233	213	204	200	206	202	203
202	206	220	204	214	558	237	278	606	241	289	607	242	279	603	241	282	609	242	279	608	241	277	602	236	276	612	245	277	234	203	208	219	206	207
199	206	206	200	209	453	229	257	481	232	254	478	226	258	478	227	252	481	231	252	474	226	259	479	232	256	473	230	257	218	206	205	209	203	206
202	202	206	201	206	360	219	235	384	219	240	377	212	235	384	219	234	376	220	242	380	220	240	384	223	232	384	216	236	212	197	202	201	203	202
204	198	212	200	208	331	212	227	338	214	229	340	216	228	337	214	226	342	217	229	339	218	226	343	216	228	346	212	224	212	202	202	209	201	197
203	206	206	205	207	371	219	234	396	219	239	387	220	241	399	220	242	396	220	238	383	221	240	388	219	241	395	222	244	216	203	202	210	201	201
201	203	208	200	212	515	236	264	543	232	270	547	233	266	556	233	273	558	233	266	546	236	269	544	233	267	537	233	266	218	204	200	207	203	202
199	208	213	202	209	392	224	240	417	220	244	409	222	242	412	220	244	410	222	241	416	224	241	414	222	248	410	220	241	220	202	206	209	205	201
203	205	224	202	211	365	219	239	393	215	237	388	224	239	387	218	238	388	219	239	388	218	239	386	220	239	393	218	237	235	207	209	223	202	208
203	206	210	204	212	382	217	241	413	222	245	418	226	244	424	225	248	427	221	243	409	224	243	417	218	239	423	222	240	217	204	203	209	201	203
202	192	205	198	206	391	220	242	414	226	242	408	217	241	421	224	251	416	222	240	412	225	241	411	224	242	411	222	245	209	198	199	200	202	202
206	209	249	209	217	386	218	240	412	225	244	402	220	244	406	226	244	409	221	244	409	221	241	411	224	239	407	222	243	259	207	213	247	206	211
212	217	272	210	224	380	217	238	402	223	241	402	220	242	397	219	237	397	220	242	396	220	240	406	221	238	400	219	238	282	209	217	271	208	220
200	202	210	205	205	302	213	223	313	214	222	322	214	225	321	213	223	321	210	227	318	212	226	317	211	228	315	215	221	217	202	203	213	201	205
204	206	228	201	214	365	214	232	382	216	236	380	219	236	376	222	239	386	222	240	387	221	236	384	218	241	384	216	234	237	202	205	230	202	206
208	206	224	201	208	453	227	253	476	227	262	478	228	260	492	231	258	479	228	257	487	227	257	470	228	253	479	223	257	234	201	210	220	200	203
205	202	212	205	209	321	213	224	341	212	226	341	217	226	337	215	228	342	221	233	338	216	231	347	215	231	345	217	227	221	202	202	208	206	204
202	203	206	204	206	298	213	223	315	211	222	308	210	228	314	212	226	314	214	225	314	209	223	309	216	221	312	213	223	209	202	206	205	201	201
202	201	204	205	207	365	215	237	387	222	235	387	219	232	393	220	238	385	219	238	381	217	233	383	222	241	387	220	236	214	201	200	206	205	201
204	198	204	200	210	326	210	230	343	219	228	342	215	229	342	217	232	345	213	231	347	213	227	348	213	225	346	215	227	210	202	202	204	200	203
205	201	208	198	207	312	210	221	330	215	227	327	212	229	335	216	228	332	214	227	333	213	226	328	214	223	325	214	222	215	206	205	205	204	202
205	206	204	200	214	332	215	225	351	217	228	347	217	233	359	214	229	349	218	231	346	215	228	354	220	230	353	216	233	211	201	203	203	197	203
206	199	204	201	204	295	211	218	306	213	222	304	208	220	308	213	219	308	211	224	306	214	223	311	209	221	305	217	223	211	204	203	209	201	200
201	199	209	201	212	287	209	217	296	207	221	301	209	220	293	208	222	290	207	225	292	208	218	292	209	222	302	213	218	220	202	206	209	203	203
202	201	212	202	213	361	221	242	384	218	240	379	215	234	385	222	238	382	216	235	385	220	238	380	216	237	389	218	234	213	199	205	211	204	203
205	201	214	206	209	320	213	229	336	219	225	338	212	229	342	214	225	338	214	231	335	214	232	343	215	228	338	210	229	212	199	199	208	204	200
202	203	214	205	205	294	210	218	307	215	226	306	216	222	313	209	221	308	210	223	304	210	218	306	212	221	307	212	226	214	199	202	206	204	204
201	201	210	204	210	324	213	230	342	213	229	344	218	229	340	217	227	347	219	228	337	220	231	342	218	230	346	215	228	219	203	204	212	201	207
204	204	206	204	211	318	215	221	329	208	229	332	216	221	326	212	221	328	215	225	326	217	224	330	212	228	319	214	227	217	195	200	206	199	200
203	200	208	204	208	480	227	256	507	234	265	506	236	264	514	231	260	514	236	265	501	233	261	506	227	266	505	232	263	217	200	200	207	202	203
201	202	212	203	213	591	243	280	645	238	285	648	244	290	640	242	285	644	245	288	633	244	284	642	241	293	633	242	289	219	197	199	209	199	202
202	198	208	201	210	368	220	235	389	218	240	380	220	241	387	216	239	390	217	235	379	217	235	382	220	235	394	219	238	212	201	202	205	203	202
205	202	211	200	210	454	225	254	477	227	253	476	227	262	482	223	259	482	229	254	482	231	254	477	227	253	474	228	257	218	202	204	203	201	204
203	202	206	197	209	378	218	243	401	222	239	395	221	236	405	220	241	406	221	244	411	220	244	396	220	239	405	221	242	212	205	200	202	196	204
200	204	207	202	211	435	226	249	470	226	256	466	228	256	469	229	255	484	233	248	462	225	254	470	225	250	458	230	250	215	203	197	208	206	201
203	199	206	200	205	370	223	233	389	218	237	384	216	235	388	220	232	392	219	235	386	220	237	383	225	238	385	219	237	212	203	206	206	201	204
200	201	202	203	205	304	209	222	316	209	221	316	218	221	318	213	225	314	213	226	313	218	225	320	211	225	313	216	223	205	202	204	201	202	199
207	199	208	196	206	295	213	219	298	206	218	300	213	221	298	210	218	300	214	224	293	209	219	298	211	220	298	213	219	214	201	204	206	200	199
198	203	210	203	211	326	216	227	337	216	229	345	214	225	338	214	228	344	214	229	341	219	225	344	214	234	335	216	228	215	201	200	208	203	205
203	202	212	204	216	332	213	232	350	216	229	356	218	232	354	217	230	356	214	228	351	213	230	350	215	231	347	217	232	216	205	204	216	203	203
204	202	216	204	207	358	219	237	386	222	238	394	222	236	390	221	234	394	221	242	396	217	241	384	221	238	381	223	234	218	205	207	212	206	202
204	203	205	201	206	363	220	235	390	219	240	380	224	239	385	220	235	390	218	237	397	218	241	380	216	239	384	220	235	207	202	203	199	202	201
201	200	207	206	209	366	220	236	386	224	241	394	219	233	392	222	240	392	221	235	395	220	241	396	218	236	391	220	240	215	201	203	212	202	199
206	198	202	200	208	407	221	243	426	225	249	409	225	248	423	220	245	414	224	244	416	221	244	420	220	240	416	218	246	209	202	201	205	199	203
203	206	215	200	221	1378	321	454	1542	325	452	1526	331	441	1541	333	436	1570	324	448	1527	319	448	1545	323	449	1536	322	449	239	202	203	208	200	206
202	203	203	203	216	1023	288	370	1132	288	376	1116	292	379	1126	292	371	1135	292	380	1131	289	378	1127	289	377	1117	294	379	224	205	202	201	203	200
201	202	212	202	211	644	251	297	707	251	301	703	252	297	711	251	299	708	249	298	707	251	300	708	248	297	701	247	299	219	205	203	212	200	201
201	204	206	199	210	539	236	274	576	241	277	580	239	277	590	235	269	579	239	274	584	238	273	585	245	274	579	242	275	218	201	203	203	200	201
206	202	209	208	209	336	214	230	358	214	231	352	211	227	354	220	229	358	220	231	352	218	231	350	218	232	353	217	230	211	202	203	206	203	201
202	200	206	207	208	286	207	228	299	211	223	294	209	218	300	210	215	296	215	219	300	209	220	296	209	221	298	215	220	206	201	202	197	200	200
202	198	207	201	204	311	213	227	326	213	224	327	217	225	320	210	227	329	215	220	322	214	223	326	218	224	329	216	225	212	200	196	204	201	206
199	199	204	205	205	465	231	259	506	230	263	501	229	260	494	230	259	502	230	260	506	228	261	490	231	261	498	227	261	210	206	201	206	198	196
199	205	208	209	210	573	239	282	624	242	291	633	242	291	643	241	283	642	248	287	640	239	286	638	242	283	644	245	285	217	199	200	207	200	200
200	201	212	200	205	475	228	261	505	229	264	516	231	262	526	229	269	525	231	266	516	230	265	517	232	261	516	231	264	216	204	203	206	204	204
200	203	213	203	210	353	217	234	372	216	235	373	218	240	372	220	235	363	217	239	371	220	233	371	217	232	371	216	237	221	203	202	213	204	203
204	205	203	205	207	359	217	238	379	220	236	382	218	231	389	220	235	384	216	237	387	218	233	381	218	236	385	217	238	209	203	196	200	201	200
204	200	206	201	209	384	219	240	415	219	243	410	225	236	412	221	243	406	224	230	409	225	239	415	220	247	410	223	241	211	205	201	209	199	203
203	201	204	205	204	336	216	230	364	216	231	363	214	227	368	216	239	361	218	233	351	215	230	368	216	231	365	217	231	208	199	202	202	203	206
203	204	209	201	210	612	247	294	687	251	303	673	245	301	687	247	292	687	252	293	687	250	305	689	247	293	687	246	302	209	204	202	204	206	203
204	202	225	201	207	420	224	248	452	226	246	456	223	246	448	222	250	453	233	250	450	226	250	448	224	249	445	230	246	231	205	205	225	203	208
208	217	284	210	219	388	222	240	388	224	243	398	221	241	399	221	240	387	224	241	394	221	241	391	226	236	398	220	238	294	210	221	289	208	216
201	203	214	204	207	285	207	220	298	214	218	292	205	215	293	211	218	295	212	223	296	212	217	297	206	221	299	210	221	213	202	203	208	201	201
207	203	219	204	208	419	222	243	438	224	245	440	227	246	439	223	246	439	224	252	441	224	244	444	227	242	439	222	244	230	203	205	218	200	203
200	200	210	203	210	370	218	236	389	221	237	386	222	238	390	224	238	394	222	242	388	219	240	389	220	234	387	219	239	212	201	201	207	201	203
200	201	206	200	208	284	209	224	300	209	219	289	211	217	292	209	221	292	209	221	298	213	219	303	210	221	303	212	220	206	203	198	204	199	201
200	200	204	200	204	336	213	230	359	212	231	357	215	233	361	218	234	360	213	231	355	216	232	365	214	233	366	216	235	205	204	201	203	204	200
201	202	203	203	204	339	215	234	360	217	235	369	216	232	362	221	232	364	215	234	359	216	235	366	216	231	362	215	236	211	198	200	198	203	204
201	200	200	197	208	301	208	224	313	206	220	315	213	222	317	214	226	321	213	223	320	211	221	320	216	229	318	212	223	206	202	203	203	199	203
204	201	201	202	208	292	207	222	293	211	216	294	209	218	300	212	219	302	212	220	298	210	220	296	213	223	304	214	217	207	200	199	203	198	202
204	202	215	199	208	305	212	221	310	209	226	316	216	224	313	210	219	312	212	221	314	211	225	315	213	221	314	214	224	217	205	199	211	202	203
206	204	222	204	210	337	216	226	359	214	236	355	214	229	357	218	231	357	217	229	355	213	231	354	220	233	357	218	232	225	204	204	218	204	203
202	201	200	202	206	409	222	245	437	222	239	430	223	249	442	224	250	433	227	247	435	218	243	433	222	253	440	224	252	212	202	197	203	201	205
203	199	211	203	203	425	226	251	454	229	248	450	225	248	449	228	249	455	224	249	444	225	254	449	226	250	450	229	250	219	199	204	215	205	202
203	207	206	201	204	298	210	221	316	211	223	310	216	225	318	213	225	314	209	225	311	213	223	307	211	225	315	213	224	211	205	201	206	199	200
205	204	212	201	206	277	205	215	280	211	218	286	208	216	281	211	223	287	212	216	277	213	216	277	208	217	282	212	216	216	205	202	213	196	201
200	200	207	205	206	265	206	220	271	211	215	273	209	217	268	211	216	271	208	212	268	211	216	269	203	212	267	206	213	210	201	199	206	203	202
202	206	211	204	204	268	211	217	277	212	213	281	202	219	275	207	219	272	211	219	282	210	214	275	207	218	272	209	212	216	203	201	214	199	199
201	199	217	200	209	285	212	222	295	217	219	295	211	219	291	209	217	293	212	223	295	208	219	296	201	216	292	213	221	222	204	204	217	204	205
203	202	204	200	202	312	214	224	323	211	222	321	215	226	324	208	228	328	215	225	325	209	221	329	214	225	323	213	224	210	201	202	207	202	200
203	205	212	203	205	311	210	223	326	216	225	329	211	225	321	208	229	322	211	225	325	209	224	326	211	219	327	213	223	213	201	205	208	199	202
200	202	201	201	206	306	211	221	319	215	221	326	213	224	323	213	226	325	214	220	323	214	223	318	215	225	321	212	222	208	201	202	203	201	200
205	203	222	202	209	316	212	223	326	211	227	331	217	226	326	215	227	331	213	227	332	207	227	336	213	229	332	212	226	231	202	208	221	203	202
199	205	204	201	207	404	222	243	422	224	244	425	222	250	430	224	247	432	225	249	422	223	243	418	224	247	433	223	247	214	203	199	207	201	203
201	202	205	201	209	590	240	287	652	247	287	645	244	292	653	242	289	645	244	285	639	244	287	649	243	291	638	245	291	213	205	202	203	200	206
200	205	208	203	209	358	212	232	370	217	232	374	219	240	375	217	234	371	214	235	376	216	233	381	215	234	370	217	236	217	202	200	206	204	204
201	203	211	200	202	293	212	220	304	215	219	305	208	218	309	209	223	300	212	215	305	213	217	310	212	218	300	215	220	211	197	203	207	203	202
201	201	206	200	201	277	211	218	289	212	219	290	207	220	287	210	220	285	209	217	290	213	220	290	206	220	289	210	213	212	202	203	202	203	203
203	198	220	202	208	307	213	219	313	209	218	312	212	221	314	214	225	312	210	229	316	211	219	315	214	222	316	212	224	227	204	203	221	204	206
204	202	205	201	202	305	212	225	314	212	217	308	208	221	307	212	222	308	213	220	310	214	220	307	212	220	314	218	224	208	206	202	209	204	197
200	203	205	198	205	297	217	221	311	213	223	307	210	222	303	210	229	308	210	220	305	211	217	306	211	221	308	209	221	206	200	199	200	200	200
204	202	209	198	203	282	211	220	293	213	217	296	208	216	301	208	218	301	212	220	304	208	220	299	212	222	300	209	218	212	202	199	211	203	200
197	202	199	203	201	263	208	211	274	206	215	275	210	214	273	205	215	268	206	215	278	209	217	278	206	209	272	204	216	205	202	205	200	200	197
201	206	207	201	208	258	207	214	265	204	215	268	205	214	270	211	217	267	210	211	263	211	214	272	209	212	265	208	216	214	198	199	203	203	202
204	204	210	203	206	260	209	217	266	205	214	272	206	212	271	206	215	270	207	214	267	207	213	272	206	218	266	210	217	207	199	204	202	200	203
201	203	201	202	205	259	205	213	272	207	216	273	207	214	270	206	218	268	207	218	270	206	214	274	208	212	277	205	216	204	199	202	203	202	201
203	202	210	203	206	312	208	223	321	213	224	325	214	225	321	214	223	322	211	224	322	210	222	327	217	226	326	212	225	220	204	205	213	202	204
203	205	208	205	206	280	208	220	292	207	217	291	209	220	287	214	222	287	210	221	288	208	219	297	206	220	290	209	217	212	205	200	209	201	203
202	203	208	203	211	522	240	272	577	241	279	583	233	271	571	239	273	591	239	273	582	241	277	582	237	268	598	239	276	220	201	201	208	199	202
200	202	211	203	207	470	234	262	520	236	261	508	232	266	524	231	266	518	233	266	521	235	268	513	230	266	522	233	263	221	201	205	213	202	207
203	202	215	202	205	322	217	226	342	216	228	338	211	229	326	214	226	332	218	230	342	215	230	332	214	230	335	218	226	213	203	202	213	205	203
199	203	209	202	203	268	212	216	272	212	212	272	208	216	272	212	214	277	208	215	274	202	214	275	210	214	275	209	212	212	200	200	209	196	208
198	201	210	205	209	293	211	219	300	208	224	304	212	219	306	206	217	301	211	222	301	210	218	303	209	218	302	209	220	210	201	203	205	200	203
203	206	204	201	200	302	215	224	312	205	226	307	210	220	310	215	220	311	207	221	313	214	226	311	215	222	312	215	221	206	197	204	206	203	206
196	201	205	202	203	253	208	209	258	205	212	259	204	213	259	207	208	259	209	213	258	205	212	258	209	213	258	205	214	207	202	202	203	198	203
193	204	198	202	202	238	205	206	243	204	208	244	207	208	244	205	212	244	204	209	242	204	210	244	205	203	251	206	212	195	201	199	198	202	203
206	209	242	207	209	400	222	248	448	224	248	443	225	250	441	225	250	451	220	246	455	224	250	442	227	247	455	227	253	249	207	209	242	204	207
200	203	211	201	206	382	218	239	409	219	246	418	221	247	411	220	238	420	221	241	410	221	242	415	224	243	422	225	239	211	202	206	213	201	202
201	201	209	199	204	317	214	226	333	215	225	327	214	228	333	217	223	333	218	222	330	213	228	334	213	228	335	215	227	212	203	197	205	199	203
201	206	220	204	208	317	214	226	330	212	223	330	211	226	330	212	223	330	212	224	334	214	222	325	214	226	331	213	229	221	198	202	214	204	204
202	206	224	203	208	378	222	244	397	221	241	393	221	241	402	219	241	400	216	237	401	220	241	399	221	235	397	219	240	229	199	203	227	202	206
203	203	204	203	207	346	216	229	363	222	230	357	216	230	369	214	236	368	216	235	370	218	233	367	216	237	356	212	239	208	199	205	207	202	201
202	204	201	203	203	277	206	218	287	208	219	290	207	218	283	205	218	284	206	217	291	209	216	297	209	215	287	209	214	202	201	199	202	201	200
200	198	202	198	203	254	207	213	256	207	210	253	205	212	260	207	215	254	210	211	258	208	209	251	208	218	256	207	214	201	201	204	205	196	204
199	199	207	200	204	261	204	211	275	205	210	269	206	215	271	207	216	270	202	211	275	205	216	266	211	215	271	210	216	206	199	199	207	201	203
202	204	212	201	204	261	204	214	270	206	216	268	206	216	267	207	212	273	210	212	278	207	213	270	204	210	269	209	216	213	200	207	213	199	205
203	199	203	199	205	249	206	210	250	204	208	258	208	211	253	208	208	256	207	212	255	203	212	251	206	213	255	210	216	202	200	203	206	197	200
203	204	211	197	207	582	242	280	653	243	289	648	239	290	650	244	286	648	241	286	639	244	292	648	243	284	633	243	287	219	198	201	208	198	202
199	204	208	201	210	688	252	309	757	251	313	753	254	311	749	252	307	753	253	313	744	252	315	753	252	308	745	249	308	224	200	199	210	201	200
201	199	210	203	206	376	228	241	395	218	242	396	224	234	396	221	240	391	219	239	398	228	239	403	216	237	400	224	234	212	203	205	202	198	202
203	202	206	198	204	264	206	214	272	205	215	273	205	211	274	209	217	273	212	214	272	210	209	277	211	217	271	210	215	207	199	205	203	199	198
200	202	207	204	205	245	201	209	243	209	214	247	204	206	247	206	212	244	205	214	243	207	208	247	204	211	246	205	212	205	206	204	200	201	202
197	204	208	204	204	238	207	208	248	205	211	243	206	212	247	203	209	244	207	208	247	206	208	245	202	211	248	205	210	215	199	207	212	202	205
206	205	226	202	205	253	209	217	254	211	211	264	203	211	261	207	214	265	209	214	261	206	209	258	204	209	257	206	209	230	199	206	227	202	202
205	203	241	206	211	268	206	218	275	208	217	273	211	215	277	208	214	275	207	218	276	210	217	280	204	215	271	209	215	237	202	209	231	203	210
202	200	215	199	202	251	209	213	261	208	212	256	204	213	259	205	208	259	209	212	255	208	213	258	205	214	259	206	217	215	197	205	208	202	201
208	208	248	201	209	276	209	218	281	209	215	282	210	219	282	208	216	285	206	219	282	210	213	285	207	216	286	209	216	245	205	208	242	203	210
206	209	237	205	210	275	207	214	279	210	214	276	210	215	279	209	214	277	210	217	277	206	216	283	207	215	280	207	218	238	201	209	231	205	209
198	202	201	200	204	254	205	209	258	206	211	259	206	209	262	210	213	254	208	213	252	206	214	258	206	212	253	204	214	207	199	200	204	210	204
203	205	204	203	208	500	231	258	534	231	265	522	233	265	538	233	259	536	234	269	528	233	270	524	231	267	532	228	266	208	201	205	203	200	206
204	202	201	199	208	462	231	257	499	227	257	495	234	257	490	226	261	492	235	255	489	227	256	494	232	260	495	228	260	209	205	203	202	203	202
203	202	210	203	201	407	219	242	427	228	243	418	220	240	421	221	244	423	224	244	424	224	244	432	227	245	425	225	241	210	199	204	207	201	202
204	201	202	201	202	281	208	220	292	211	220	288	211	220	296	213	219	295	211	217	295	208	215	290	212	216	294	211	215	206	203	201	206	201	200
202	202	214	206	206	257	204	217	262	211	220	258	206	214	266	205	211	264	207	215	261	205	214	264	205	217	267	205	215	210	199	202	211	199	202
205	202	201	203	204	252	210	211	249	210	209	257	206	209	256	208	207	260	208	216	254	208	216	255	207	211	254	206	207	207	201	202	205	202	198
197	203	198	205	202	264	209	211	272	206	213	269	206	212	272	211	218	272	209	214	268	212	213	269	209	210	273	206	211	207	206	201	204	200	201
202	201	201	200	207	441	228	256	474	226	260	475	229	256	475	232	255	478	229	255	466	230	255	478	228	255	475	229	255	208	200	198	203	200	206
200	202	202	201	208	369	220	234	388	217	237	377	224	234	380	217	236	389	222	237	389	220	235	379	220	236	396	228	234	204	200	198	202	203	202
202	202	210	201	209	645	252	298	704	244	300	708	251	296	696	241	297	711	247	294	712	248	302	705	248	295	710	248	299	221	197	198	217	204	204
207	205	220	205	228	2152	400	590	2361	401	608	2366	402	604	2377	407	600	2371	398	602	2376	398	607	2354	407	602	2368	397	604	265	204	204	221	204	205
203	200	213	203	208	754	253	320	802	260	316	824	260	318	824	257	316	811	262	318	807	259	317	803	261	317	802	256	317	225	199	202	211	201	203
202	201	207	203	209	385	218	241	408	220	245	405	222	239	414	222	240	410	220	244	411	218	242	414	224	240	408	224	244	210	203	202	207	198	206
202	198	204	196	204	280	212	215	289	208	219	290	211	215	288	211	215	282	211	216	286	205	219	288	208	219	289	211	217	206	201	201	202	203	201
201	205	201	202	200	262	209	212	260	208	214	266	204	216	270	208	210	264	205	212	269	203	214	259	203	214	266	209	214	207	204	201	203	201	206
199	201	205	200	200	253	208	215	264	207	213	263	206	212	255	206	215	263	207	209	261	203	210	257	210	213	259	207	212	206	198	197	202	202	204
197	200	205	202	209	562	242	279	615	238	283	607	240	278	611	240	281	610	241	280	612	238	279	613	241	275	606	239	282	217	197	203	208	203	209
202	203	214	192	209	482	234	267	524	231	260	519	235	264	523	227	267	517	234	268	522	232	274	510	234	266	516	228	259	220	200	200	207	197	207
204	203	210	201	204	314	215	229	336	216	230	328	216	225	332	210	231	328	211	224	332	210	216	333	215	225	332	214	226	206	201	202	201	204	202
199	205	204	201	204	290	210	221	288	207	215	300	215	218	295	208	219	293	207	219	298	211	219	288	208	220	292	212	215	211	202	199	209	204	201
198	205	206	199	221	1489	324	459	1631	337	462	1651	336	465	1671	335	467	1649	343	464	1625	340	457	1642	326	466	1624	334	460	235	202	203	204	207	199
203	204	198	201	208	710	256	306	759	257	320	765	256	309	777	257	314	765	260	304	759	259	306	752	255	315	772	260	313	217	196	203	200	203	203
200	204	215	201	210	393	220	240	414	218	242	408	220	244	415	219	244	404	221	240	410	226	242	398	221	236	407	223	239	216	199	205	213	201	205
200	202	201	205	206	250	212	208	258	204	213	257	205	210	255	208	213	255	211	213	260	210	212	259	206	216	257	204	210	207	203	201	203	201	202
199	200	199	201	203	299	211	223	305	210	225	309	214	224	309	210	224	310	215	220	308	213	222	312	212	225	306	209	221	204	201	199	203	204	202
198	203	205	200	201	263	211	215	278	208	217	274	209	212	275	208	224	278	209	212	273	208	214	273	210	217	278	209	214	209	204	200	207	205	202
200	199	202	200	200	263	206	213	268	206	214	270	206	216	274	209	212	270	208	213	275	209	212	268	208	213	271	205	212	207	203	198	202	202	200
203	205	205	201	199	245	205	207	259	207	212	250	207	213	254	203	211	254	206	208	253	207	211	249	208	212	252	203	210	207	201	199	203	200	198
201	201	210	203	206	399	224	247	430	221	247	426	219	243	425	224	247	425	222	244	424	222	240	430	225	244	429	221	242	219	200	203	208	203	202
200	202	206	200	203	339	211	228	356	218	227	351	214	228	350	214	231	352	213	229	357	211	229	352	218	230	350	217	228	206	205	205	200	202	202
202	199	199	205	202	278	206	219	287	213	215	288	211	215	274	213	217	280	208	218	283	210	214	281	207	220	286	207	216	205	199	198	204	204	201
202	199	202	203	200	241	204	210	246	203	213	245	209	214	247	202	211	244	207	208	241	202	208	249	208	209	246	205	212	207	201	199	204	198	201
201	201	206	202	203	231	206	208	232	203	208	232	204	206	235	203	208	234	205	203	233	204	203	233	203	204	234	203	209	207	202	204	206	199	198
203	203	208	205	203	236	204	208	243	204	204	246	208	205	243	206	207	242	203	206	238	205	209	244	207	206	240	207	209	211	200	205	206	202	207
202	201	208	203	203	307	206	224	314	213	221	318	213	223	320	208	223	311	210	220	310	211	220	311	218	222	313	213	223	208	200	197	206	196	203
201	201	203	200	202	265	208	216	269	207	213	274	207	214	272	208	217	275	208	211	268	204	213	272	207	215	272	201	215	207	203	201	206	200	201
204	203	213	203	202	257	207	215	267	208	213	269	208	213	272	208	213	263	209	212	264	210	214	264	206	210	269	203	213	214	197	204	211	204	201
204	199	213	200	203	258	208	214	263	208	214	264	205	212	266	201	213	259	209	215	267	204	213	264	201	215	263	210	210	214	201	205	217	202	200
208	220	302	207	220	346	217	223	350	216	236	356	213	229	351	214	227	353	220	228	351	216	228	356	214	229	353	216	230	305	212	220	298	213	221
199	198	200	202	205	238	205	213	248	204	205	247	204	210	243	205	211	250	209	206	246	206	212	250	207	206	247	204	212	202	200	196	198	199	198
203	198	205	201	205	383	221	240	407	219	243	398	222	236	401	218	239	404	221	242	402	224	240	406	219	241	398	220	245	210	199	199	205	205	198
202	202	210	200	210	562	240	280	609	241	284	610	242	276	605	244	286	610	240	282	611	241	279	610	239	277	611	241	276	223	201	202	211	203	200
198	203	205	202	206	332	219	232	349	211	233	355	215	232	351	213	228	356	214	230	349	216	229	353	214	231	356	214	229	208	200	202	203	201	205
204	202	204	201	205	262	204	215	264	205	215	266	210	213	271	208	215	275	204	215	269	204	213	271	206	215	271	208	213	207	203	206	204	201	203
202	203	215	205	204	272	205	216	272	208	219	280	209	216	283	208	219	269	209	221	278	209	215	275	209	218	274	208	220	220	200	206	214	200	202
206	198	204	201	205	294	213	224	309	209	221	306	208	217	303	213	218	311	209	222	308	208	221	303	208	223	305	212	219	207	199	202	208	201	203
206	203	209	202	203	254	206	217	257	204	210	261	208	211	258	209	213	255	203	213	259	208	213	262	206	209	265	207	213	207	199	203	207	203	206
198	202	210	202	202	244	206	214	254	203	213	248	210	211	250	204	214	250	207	207	257	206	209	250	204	211	253	207	209	211	203	206	206	201	210
201	203	207	200	198	301	210	224	314	216	219	314	211	226	312	215	219	315	211	228	313	211	224	314	213	222	312	212	226	208	202	203	206	201	200
200	202	207	201	208	441	233	250	469	230	252	469	220	253	465	229	252	461	231	250	462	227	253	458	228	251	465	222	259	207	201	201	205	201	201
202	202	203	201	203	538	239	278	575	240	274	578	242	273	580	240	272	572	236	273	579	237	271	566	237	271	577	241	273	213	202	203	207	212	203
201	204	201	199	217	1073	293	381	1187	293	385	1194	293	382	1202	293	390	1182	295	378	1182	289	381	1168	294	383	1160	292	385	219	202	200	204	201	200
199	202	214	200	226	2003	382	572	2244	394	574	2231	384	565	2238	389	578	2254	385	574	2223	394	579	2235	378	581	2258	387	580	249	202	207	210	203	206
205	197	207	205	211	803	256	329	853	264	326	864	267	329	857	265	330	859	263	327	844	262	331	855	263	332	854	266	329	223	204	201	206	201	205
198	200	199	205	204	411	223	247	436	224	248	429	226	240	431	220	245	436	221	249	430	226	248	443	220	248	436	221	242	210	199	201	204	205	201
198	202	213	202	206	305	214	226	315	214	226	316	211	220	316	210	224	315	212	221	315	209	227	311	212	220	310	211	225	210	201	201	213	205	206
205	202	207	204	202	298	215	220	312	214	227	304	210	221	303	212	216	308	214	224	310	214	224	305	209	221	311	216	226	210	199	204	207	204	205
200	200	204	202	200	350	216	231	374	214	232	369	214	235	375	216	230	369	217	236	367	216	230	374	221	234	365	220	232	204	200	198	199	199	203
205	212	253	207	212	324	213	226	332	217	226	338	212	225	337	210	222	334	210	223	334	216	232	331	215	225	339	218	226	254	206	213	250	206	213
199	201	199	201	201	244	205	206	249	205	207	247	207	209	241	206	211	250	207	212	245	200	209	250	204	207	253	204	208	201	202	202	201	201	199
200	201	204	200	202	244	201	209	243	201	210	244	205	211	246	203	207	247	207	209	244	207	209	244	204	209	247	207	210	203	202	202	198	202	202
204	202	206	200	195	251	206	211	255	207	210	248	211	210	257	203	212	254	205	206	254	206	211	253	208	208	251	210	210	197	203	198	202	198	201
197	203	211	202	208	303	211	220	314	215	220	311	210	218	310	208	221	312	211	222	309	210	220	308	215	221	314	216	223	216	203	198	205	205	208
205	198	206	204	211	948	279	357	1071	284	365	1052	281	359	1052	278	359	1053	281	359	1061	285	357	1038	281	364	1053	281	361	220	203	203	205	199	202
203	198	204	203	259	4083	700	1264	4066	722	1274	4066	726	1272	4067	702	1266	4066	722	1255	4066	723	1253	4065	706	1274	4066	701	1271	305	203	203	202	199	206
198	199	200	202	246	4119	574	973	4054	585	986	4057	586	976	4054	584	967	4054	587	974	4065	581	983	4063	576	977	4059	578	994	281	204	201	198	197	200
201	202	204	207	216	1560	337	472	1535	339	474	1516	337	484	1521	340	472	1521	337	487	1526	338	481	1524	337	482	1506	330	478	233	204	202	205	199	201
200	202	207	202	207	558	240	279	593	242	278	588	238	281	583	234	276	591	237	275	601	240	277	581	238	278	590	229	277	206	201	206	206	202	201
200	200	204	202	202	283	210	220	297	208	220	296	211	220	296	208	219	301	207	218	296	213	216	295	210	221	296	209	218	209	201	201	207	199	204
199	199	204	201	204	243	202	210	252	203	214	252	205	210	249	202	209	249	204	211	248	206	208	244	208	213	247	207	211	209	199	199	203	205	201
199	203	210	202	201	244	206	210	255	206	210	251	206	208	248	205	209	256	202	214	252	207	213	250	208	210	256	207	208	213	201	201	213	202	202
202	207	219	204	207	258	203	210	260	209	214	262	208	213	264	205	214	257	205	211	262	210	208	262	206	211	263	209	209	226	204	208	221	198	205
201	207	222	201	205	261	209	216	265	204	209	267	204	212	273	210	212	267	208	213	271	209	212	265	208	214	264	208	215	225	202	204	223	203	205
200	204	213	201	203	262	205	218	265	205	213	264	203	211	262	211	215	266	206	213	261	208	215	262	206	217	269	210	216	213	201	200	210	202	202
202	203	203	201	206	240	207	213	257	210	213	253	207	209	248	206	207	248	204	207	254	207	211	247	203	208	252	206	210	206	201	200	201	200	203
204	203	215	203	204	269	209	219	279	208	212	283	210	212	284	210	213	285	208	215	281	214	211	283	206	216	283	213	220	218	203	203	214	203	202
205	211	238	204	216	572	240	284	618	241	287	610	245	284	608	246	295	623	239	285	620	249	286	616	246	284	605	241	289	242	201	207	236	205	209
199	200	209	198	303	4096	1020	1896	4095	1038	1931	4095	1041	1923	4095	1020	1941	4095	1036	1905	4095	1041	1922	4095	1044	1913	4095	1026	1942	372	202	203	203	199	201
202	200	207	203	243	4112	535	888	4112	538	908	4112	554	908	4112	554	896	4112	542	906	4113	552	911	4112	554	907	4113	549	905	286	201	198	208	195	200
198	203	201	205	216	1387	326	452	1489	319	452	1487	321	444	1504	325	436	1500	329	450	1507	316	441	1498	322	450	1511	318	440	229	200	202	203	202	201
201	204	203	203	205	426	225	254	475	225	254	466	228	253	452	223	249	455	226	258	458	227	251	456	223	252	458	226	251	210	201	201	204	199	199
201	201	206	202	202	264	205	212	273	206	214	276	206	213	270	212	211	278	209	213	274	207	213	273	209	214	278	210	209	207	202	200	202	209	205
202	199	198	204	203	241	203	209	246	205	212	249	203	209	242	202	212	251	206	208	249	204	208	251	206	210	249	210	208	203	200	203	202	201	201
201	200	203	197	206	233	203	210	240	205	213	231	207	210	234	202	212	232	205	206	232	205	204	238	202	206	237	204	205	206	202	203	200	202	204
201	202	208	200	205	238	207	206	243	204	210	237	204	211	244	204	211	241	203	208	245	203	212	240	203	209	236	204	206	206	201	204	205	202	201
203	202	201	197	204	393	219	234	413	219	237	412	221	238	409	222	240	406	217	241	409	222	247	406	220	243	404	220	238	207	201	201	205	197	202
201	198	207	202	225	2152	392	603	2378	396	603	2387	397	598	2381	400	595	2395	400	603	2362	401	600	2355	401	596	2355	409	601	243	201	207	203	199	201
197	198	206	199	211	919	276	347	986	277	354	997	280	349	990	281	349	991	279	358	985	277	350	985	279	347	983	276	355	218	205	200	207	202	201
202	202	229	204	219	479	231	261	525	228	255	521	229	268	515	230	258	526	233	264	513	233	265	510	232	261	518	235	270	236	202	205	228	203	207
198	204	208	203	201	266	208	214	270	209	215	273	208	214	270	207	212	273	208	212	267	205	212	269	208	219	273	208	212	212	202	203	203	199	201
203	193	200	201	202	246	209	214	254	207	213	254	207	208	254	207	212	252	205	210	254	202	210	252	205	210	255	208	207	214	201	203	198	202	202
196	203	206	202	200	381	221	232	410	218	238	411	222	240	415	225	247	409	218	243	411	225	240	407	221	244	418	223	238	208	203	199	205	200	201
206	207	228	202	206	299	214	223	322	213	222	309	215	224	323	210	225	323	211	222	318	216	228	314	210	224	317	210	226	228	203	201	230	201	206
202	200	199	207	205	242	203	209	253	204	209	251	206	211	250	209	209	250	205	212	247	212	206	254	205	209	253	205	208	200	197	204	202	202	202
199	201	204	204	197	223	202	205	229	208	208	226	205	209	228	204	208	229	200	208	231	205	208	231	204	208	232	202	206	201	205	202	202	203	203
203	204	209	204	201	225	202	204	223	202	206	226	204	204	227	203	209	224	203	208	227	200	209	227	201	206	223	207	208	203	204	203	203	200	200
204	204	200	202	207	222	204	204	226	202	205	224	204	207	224	203	206	225	203	206	228	205	208	229	201	207	226	202	208	201	201	204	205	202	201
205	201	203	202	201	224	205	203	224	204	205	226	205	210	227	201	205	229	203	203	226	205	207	228	207	207	232	211	208	207	201	201	204	202	202
199	204	204	202	206	233	205	209	231	204	203	237	203	209	236	204	209	233	202	204	240	206	211	236	201	208	237	203	210	208	204	202	207	197	203
203	202	206	201	201	247	204	209	252	205	206	248	207	205	251	206	210	251	202	209	246	205	208	252	206	212	252	206	209	204	199	201	209	201	203
196	202	212	201	205	251	207	210	253	208	208	260	207	216	256	207	211	252	209	210	255	205	212	254	206	211	255	207	211	215	201	205	211	200	199
201	204	207	200	205	244	204	210	254	207	208	250	211	212	249	207	214	250	208	214	254	204	210	252	209	213	248	206	210	207	201	205	202	201	202
203	209	223	202	205	279	212	214	289	208	216	284	206	217	281	206	217	282	210	212	282	207	218	283	208	217	284	211	217	222	203	204	221	203	205
203	204	208	200	201	307	212	224	316	215	224	309	211	219	312	213	226	309	210	227	316	214	222	314	211	225	310	206	221	207	202	203	204	204	201
201	200	205	201	204	271	207	216	274	206	213	277	206	218	272	207	214	273	212	216	281	203	216	273	204	216	276	205	219	211	199	201	211	203	203
200	204	200	203	202	257	208	215	268	206	216	267	207	211	265	204	216	262	209	215	263	208	213	261	206	216	265	207	210	202	199	203	200	204	200
203	200	203	199	204	242	204	212	245	207	212	246	203	214	252	206	209	247	202	211	246	209	211	247	207	210	251	207	209	202	201	201	201	200	201
202	200	206	202	204	254	208	212	260	205	212	262	203	214	261	207	210	259	207	208	260	204	219	255	210	214	258	207	212	209	204	199	203	200	205
200	200	205	200	216	1520	330	472	1689	335	469	1673	339	473	1692	334	481	1682	336	473	1671	338	468	1652	333	463	1685	335	471	230	199	200	203	201	198
199	201	199	200	219	1612	344	490	1785	343	491	1763	351	483	1789	339	491	1764	353	495	1770	338	488	1757	351	496	1765	349	489	232	198	200	197	199	197
200	203	202	200	205	655	249	291	704	250	302	711	249	298	716	249	296	717	250	303	708	253	301	704	250	300	712	252	302	210	202	200	203	205	199
200	209	214	203	208	417	223	244	441	224	246	441	227	250	439	221	253	441	222	246	435	224	249	442	222	249	440	220	248	222	201	200	215	203	203
203	204	209	206	205	262	206	219	274	207	217	276	202	212	271	213	216	273	210	215	271	206	216	273	207	213	270	202	213	210	199	206	208	205	206
201	199	205	201	203	258	211	215	261	205	210	261	206	215	261	204	212	259	205	214	262	204	212	262	204	213	260	211	215	208	205	201	212	200	203
200	204	206	199	216	1449	323	450	1623	331	461	1593	324	458	1617	334	463	1605	327	467	1601	331	454	1582	327	464	1590	323	464	230	197	202	206	200	200
200	202	208	202	239	3035	480	787	3339	491	805	3312	489	804	3363	492	791	3320	489	802	3330	493	776	3312	485	787	3330	491	797	267	200	202	207	201	206
203	204	220	201	223	1503	335	475	1679	338	477	1653	336	478	1661	336	471	1646	335	466	1656	333	471	1651	344	469	1663	334	472	247	206	207	221	203	205
202	199	197	200	207	664	248	298	709	246	297	716	256	308	708	244	296	705	246	298	703	250	303	697	250	299	714	251	297	206	198	202	198	204	204
203	204	198	203	204	357	220	231	377	217	236	377	219	237	383	215	237	381	216	235	377	220	241	380	218	233	380	217	239	201	197	200	196	197	199
203	205	212	207	202	290	213	218	306	211	224	307	210	220	305	210	222	307	211	221	297	211	220	304	213	218	302	211	221	218	204	192	215	203	205
203	201	204	202	201	253	206	216	258	204	211	263	204	212	266	211	214	257	210	207	271	208	213	260	207	212	259	209	210	202	204	202	201	201	200
201	205	219	202	206	272	204	219	280	207	219	284	208	218	280	209	221	281	205	217	282	209	217	277	204	214	277	208	218	218	201	207	214	204	207
205	207	209	200	205	291	210	218	300	209	223	296	221	222	295	208	220	302	210	224	296	209	216	294	209	221	296	212	220	214	202	203	209	202	202
200	208	210	203	210	411	223	244	428	225	246	436	218	246	434	220	250	419	222	246	431	222	252	433	224	246	426	224	247	220	202	204	210	202	203
200	204	206	201	234	3166	474	765	3522	480	772	3484	481	763	3509	474	760	3507	468	777	3491	479	754	3472	484	757	3469	462	767	267	200	198	206	200	204
203	201	210	198	407	4089	1927	3630	4096	1962	3692	4095	1950	3664	4096	1942	3669	4095	1940	3681	4095	1967	3677	4095	1943	3681	4095	1927	3662	593	200	204	208	200	203
203	199	214	204	327	4095	1154	2195	4096	1171	2225	4096	1180	2198	4096	1148	2187	4096	1168	2211	4096	1172	2212	4096	1177	2196	4096	1169	2225	428	199	198	208	199	204
198	203	213	206	242	4099	501	843	4085	526	843	4085	525	838	4085	518	846	4085	524	846	4085	514	839	4085	517	839	4085	518	849	289	202	202	211	201	209
197	201	208	202	218	1378	327	444	1535	324	458	1532	325	450	1549	325	446	1543	327	452	1520	328	447	1525	322	451	1536	325	452	232	198	203	206	204	206
198	199	201	198	203	359	216	233	370	220	232	377	211	234	378	217	229	368	215	234	388	218	236	371	219	236	373	217	235	206	199	202	201	200	202
204	205	226	205	207	280	210	214	283	210	217	283	208	215	283	211	215	282	211	216	279	208	217	276	212	218	284	212	216	226	202	208	225	204	207
204	199	206	203	202	242	203	212	251	204	208	249	208	207	252	206	212	247	207	208	250	204	210	250	206	211	253	205	207	206	202	203	208	201	204
201	202	210	199	205	250	206	214	249	202	210	257	205	210	257	209	211	255	203	210	251	205	212	252	205	212	251	205	212	211	206	207	214	200	201
201	205	201	200	207	229	201	208	232	210	210	230	201	214	232	202	206	229	200	207	232	205	208	228	201	208	237	204	206	202	203	200	205	200	205
200	200	200	204	204	228	205	207	225	203	205	225	204	205	227	209	206	224	203	205	231	201	207	229	203	210	221	201	209	203	196	201	207	200	196
200	199	210	201	202	233	205	209	230	203	204	235	206	211	232	207	209	234	204	206	237	205	210	234	201	206	236	215	205	214	203	201	217	201	201
206	203	208	199	206	226	201	203	233	208	210	231	205	209	232	205	206	231	203	206	232	204	205	229	205	207	228	204	207	210	202	202	210	201	205
203	197	204	199	200	219	201	203	225	202	207	222	209	205	225	204	206	227	199	206	225	202	202	224	204	201	225	205	207	199	202	203	201	205	202
205	209	246	206	212	264	209	216	266	208	213	264	208	214	267	211	212	267	206	217	266	206	213	267	205	212	266	208	214	244	208	213	246	204	208
202	205	213	206	203	257	202	212	260	206	215	260	209	213	258	204	215	260	207	210	255	209	210	266	207	214	259	204	212	214	202	206	208	204	204
203	200	208	202	211	1102	297	390	1223	286	398	1191	299	395	1224	290	393	1220	297	390	1213	299	391	1209	297	379	1222	293	382	224	201	202	207	204	202
201	201	203	202	208	662	251	295	723	257	304	721	255	293	720	256	297	716	245	308	719	252	307	722	252	305	710	251	300	214	204	199	199	199	201
200	204	210	206	202	386	217	238	401	218	241	404	218	239	396	216	240	398	221	238	405	216	239	397	218	238	397	221	240	214	206	203	215	204	205
200	197	208	200	201	285	211	222	298	209	221	298	212	218	300	211	219	298	207	224	298	210	216	296	206	217	297	213	220	205	198	201	205	202	203
199	201	213	205	202	234	202	207	235	205	210	240	206	209	239	206	204	234	204	210	231	205	209	239	204	207	235	204	215	210	201	203	206	200	205
202	203	209	202	201	219	202	208	226	204	204	224	203	204	225	203	204	227	203	204	225	203	208	221	207	199	225	203	208	205	201	201	203	201	201
203	201	206	200	200	223	200	208	225	205	204	227	205	205	226	204	212	223	202	209	227	204	202	225	204	205	230	200	208	203	199	199	208	200	202
201	202	202	199	201	222	208	206	224	201	208	225	206	208	227	201	206	224	204	206	225	205	207	224	202	208	228	206	205	200	199	203	202	201	200
201	201	215	200	203	228	205	207	232	204	208	233	207	210	229	204	208	229	206	205	227	202	206	228	204	210	229	205	206	211	203	203	207	202	200
203	201	207	202	206	222	204	206	224	204	205	223	202	209	226	205	205	226	202	204	227	201	205	225	207	205	223	201	205	210	201	205	205	203	205
204	205	208	201	204	225	204	205	225	206	206	222	204	205	225	206	205	224	199	204	228	200	203	227	201	207	223	202	206	207	202	204	206	204	201
199	207	206	199	204	217	203	204	222	203	205	217	205	206	224	201	205	224	205	204	219	201	206	223	200	207	222	205	208	208	202	201	206	200	202
196	206	199	200	202	227	208	208	234	205	206	235	204	209	234	207	210	237	203	209	235	202	208	234	202	205	233	205	209	201	198	198	201	203	205
203	197	213	203	200	254	206	213	259	208	216	258	206	214	258	206	212	252	210	214	259	206	209	256	203	217	262	204	214	210	204	204	209	201	205
199	204	204	200	206	893	269	348	954	273	347	957	274	335	981	273	343	976	273	347	964	273	342	950	273	347	964	269	351	214	202	205	207	202	203
205	203	215	205	213	1238	306	414	1365	313	424	1351	311	419	1352	309	424	1356	312	419	1362	309	412	1353	308	415	1371	311	425	237	202	204	210	200	203
202	201	217	204	241	3080	486	801	3383	498	810	3389	491	810	3407	491	804	3389	489	802	3371	494	802	3377	491	800	3369	496	808	286	201	204	224	201	206
201	202	205	199	219	1629	343	495	1772	347	492	1785	354	498	1809	347	495	1788	341	500	1774	341	496	1778	346	494	1790	350	499	232	202	202	202	201	203
204	204	206	193	211	728	255	308	811	254	316	801	262	313	781	255	315	792	259	311	792	254	315	786	259	319	785	259	315	220	200	201	204	201	203
202	201	199	202	206	465	232	255	495	226	261	491	230	263	502	233	258	500	227	258	488	231	260	498	235	257	492	227	254	209	201	206	209	200	201
202	205	212	200	204	262	206	211	264	212	217	267	208	213	270	208	219	267	205	210	264	205	214	273	206	211	275	211	213	211	201	206	212	203	201
198	201	201	201	201	224	205	203	225	201	203	221	204	207	221	206	212	222	202	204	221	205	205	223	203	204	219	202	205	208	200	201	204	201	200
200	202	201	203	203	210	201	198	217	199	206	216	202	203	213	204	209	215	202	207	211	202	203	214	202	206	216	204	205	198	200	199	202	204	198
201	201	206	200	206	219	201	202	223	203	202	222	205	203	226	201	207	224	202	209	222	205	205	225	199	210	223	204	204	210	201	203	208	202	208
199	199	203	198	200	213	203	206	215	203	202	212	201	203	213	203	208	216	204	197	215	205	202	213	204	206	215	203	203	204	198	205	200	201	197
206	201	213	200	205	312	215	225	327	216	226	323	214	229	326	213	225	323	212	226	331	214	226	329	214	225	318	214	226	212	205	204	210	203	202
204	200	217	201	216	879	271	342	961	272	345	944	272	345	955	271	348	959	270	342	948	274	349	950	271	346	970	273	344	225	200	201	211	203	202
201	202	209	201	202	415	222	245	432	223	251	432	222	241	429	228	241	432	224	245	425	223	249	428	223	242	434	226	246	213	197	205	207	204	204
199	204	212	200	202	301	210	224	323	219	225	319	213	224	320	212	221	313	209	226	312	210	225	315	210	215	322	209	224	211	199	201	210	201	200
207	212	247	204	212	306	207	222	308	213	217	302	210	224	300	213	219	303	214	220	302	213	215	302	212	222	312	209	221	245	207	210	245	203	212
203	204	208	202	203	222	198	204	221	203	205	216	203	208	220	200	204	228	202	206	223	201	204	224	204	207	225	201	206	209	202	201	211	201	200
202	207	219	206	208	228	204	204	231	202	206	235	200	206	231	205	211	234	207	207	232	202	209	230	202	203	234	203	211	220	204	205	221	201	203
204	203	210	202	202	209	204	202	215	204	204	215	201	200	214	205	202	214	203	205	215	206	204	215	206	204	215	204	203	206	204	195	209	203	197
198	204	200	205	206	210	202	199	217	201	204	213	201	205	208	201	203	211	201	204	208	199	205	211	204	205	211	206	205	202	202	199	197	202	201
203	202	226	200	203	256	203	213	259	205	213	258	206	216	258	209	211	253	201	211	253	203	204	258	208	213	258	206	211	225	204	203	224	199	203
202	203	204	199	200	229	202	208	233	202	205	232	205	207	232	202	209	229	203	209	231	204	207	231	207	206	229	201	205	202	202	200	203	200	200
201	202	197	194	201	227	200	204	227	203	209	225	203	205	228	202	207	234	203	204	228	202	206	230	203	205	228	202	209	207	204	203	197	198	198
203	206	220	200	208	239	200	208	241	209	208	240	202	211	236	200	210	240	205	209	236	206	204	238	203	210	238	208	208	222	200	204	222	203	208
202	207	212	203	204	221	203	202	227	205	207	225	206	205	223	203	206	224	202	206	228	205	206	223	204	203	221	204	207	215	203	203	215	198	204
204	199	198	203	201	217	201	204	218	204	206	217	202	205	222	201	205	218	206	204	215	204	201	216	200	205	221	201	204	207	200	201	208	198	202
202	203	205	199	201	264	209	214	271	207	216	273	212	216	272	206	215	273	208	212	276	209	223	274	206	215	272	212	215	208	203	200	203	205	203
198	205	211	203	198	282	212	215	287	211	216	288	212	220	296	216	215	292	210	213	292	208	219	285	208	217	289	207	215	213	200	202	210	205	200
203	202	208	201	200	241	203	213	246	205	209	242	204	212	245	201	214	242	208	214	245	204	209	246	206	205	246	206	211	213	204	198	205	208	201
206	199	202	201	201	226	202	208	227	204	204	230	201	207	227	202	205	230	203	202	233	205	204	226	203	209	227	201	205	207	201	202	207	198	201
204	204	204	200	201	220	201	201	221	201	197	214	202	207	218	200	203	221	205	206	220	203	205	216	204	208	215	204	202	208	199	200	208	200	199
201	201	212	198	205	221	202	204	218	201	203	225	208	204	222	202	206	222	199	205	217	201	201	230	201	202	225	200	205	211	203	201	209	201	200
199	200	217	202	199	220	206	203	217	204	205	217	203	204	211	205	203	219	202	205	216	201	207	215	201	202	217	203	205	213	201	205	210	203	203
202	203	204	200	201	208	204	204	210	198	204	210	204	199	210	200	203	213	203	202	210	204	201	209	201	199	210	199	205	202	203	197	203	198	202
200	200	205	201	204	210	202	206	210	201	203	215	204	201	210	201	205	213	201	201	210	201	200	212	202	204	207	200	202	204	204	199	204	200	203
204	201	210	203	200	216	200	207	224	204	201	221	201	203	220	205	203	222	207	204	217	201	204	221	195	201	221	199	201	214	202	202	209	202	204
203	200	201	198	200	224	202	204	231	206	212	225	205	208	230	204	209	226	202	204	227	203	206	223	201	206	226	203	208	202	201	201	199	201	199
200	202	207	207	202	220	202	208	216	210	203	215	202	207	214	206	205	216	201	202	213	201	198	216	200	203	224	199	203	205	200	203	208	202	204
204	200	204	205	204	212	203	204	218	203	204	213	200	203	216	202	206	216	204	203	213	208	206	218	203	207	217	201	194	208	202	200	203	203	201
200	200	203	198	201	213	202	202	216	201	202	214	207	208	212	205	201	217	201	201	218	204	208	214	203	206	212	202	203	204	199	205	207	194	198
201	204	203	199	202	212	199	203	215	205	203	207	200	202	216	204	203	212	203	199	215	205	201	216	203	202	216	202	203	205	205	199	205	200	202
202	202	204	204	200	215	201	201	207	199	201	212	202	203	213	203	203	208	200	201	209	204	201	211	200	206	206	202	203	208	205	204	207	207	202
201	197	207	198	196	203	205	202	205	202	200	210	202	204	210	201	203	209	203	204	209	203	205	212	203	204	208	200	204	202	201	203	207	202	202
201	200	203	210	207	202	201	204	205	201	199	207	202	201	210	204	201	209	200	202	201	197	201	209	203	202	210	196	200	202	201	198	204	200	199
202	200	209	201	204	215	199	200	212	201	203	213	205	203	214	201	205	218	205	199	211	200	209	211	200	207	220	200	202	202	197	200	201	200	200
200	201	203	200	200	215	204	201	215	202	202	213	201	205	218	201	199	216	204	201	218	200	203	211	199	203	213	205	205	203	200	199	199	200	201
203	205	214	202	203	218	205	203	221	201	204	217	200	205	219	204	201	220	199	206	218	201	205	217	206	205	219	204	205	211	199	202	209	207	198
198	198	208	200	197	203	200	198	207	202	202	210	197	201	204	205	201	210	202	200	209	202	203	210	200	204	212	200	205	204	203	203	203	203	199
202	199	205	205	204	209	204	199	209	201	205	211	198	202	208	205	201	209	203	204	209	203	205	211	206	205	214	202	204	202	204	198	204	201	202
203	204	215	202	201	215	202	204	213	204	202	217	199	207	216	204	203	218	201	206	215	203	203	217	204	202	217	199	207	212	201	201	212	202	206
196	206	215	201	206	219	200	203	224	206	205	227	204	201	231	204	201	224	204	209	223	202	209	224	200	207	226	202	208	221	205	204	223	203	201
206	203	214	199	206	216	204	208	221	205	199	219	201	209	214	200	205	221	206	205	217	205	204	221	199	204	221	202	201	201	203	205	216	205	204
201	199	205	203	203	210	200	202	206	203	204	210	199	205	208	200	200	207	207	200	207	200	201	211	203	203	209	198	200	206	202	200	203	199	200
200	202	205	202	203	208	204	198	207	201	203	214	198	197	208	200	206	203	203	203	209	202	207	205	203	200	206	203	197	200	201	199	205	200	204
204	205	224	204	208	230	203	206	229	202	206	227	205	206	232	203	211	231	204	208	227	204	206	226	203	205	231	203	204	225	207	206	223	206	207
202	202	203	203	200	204	204	201	205	201	202	206	199	202	205	202	204	207	198	201	204	201	203	206	205	204	204	199	201	204	204	198	201	197	202
198	202	202	199	201	200	201	202	203	203	201	206	201	203	205	204	203	207	202	204	209	204	200	204	199	201	207	201	202	201	200	201	200	203	202
200	205	211	201	205	206	204	202	206	200	205	209	204	200	211	199	200	211	200	202	210	200	198	205	203	203	208	202	202	203	204	202	202	202	206
199	199	202	202	198	205	201	203	205	199	203	205	201	202	206	202	202	208	203	203	207	203	203	207	203	207	207	202	203	203	197	204	207	201	198
200	201	209	202	200	216	199	204	220	204	204	213	197	204	213	201	205	213	205	203	215	201	207	217	204	203	220	201	200	212	200	200	211	200	202
202	200	206	202	198	213	202	204	210	202	205	211	201	207	209	205	206	208	203	204	209	204	201	213	206	200	210	199	203	206	199	202	203	204	203
204	206	201	200	203	207	204	200	209	200	202	207	199	203	206	203	201	211	199	203	209	201	200	209	200	200	206	206	200	205	200	201	205	200	200
205	208	230	202	204	233	208	205	234	204	206	232	202	206	238	204	207	230	205	208	236	202	207	235	204	210	233	203	208	229	205	206	230	202	210
201	200	202	203	200	205	199	207	202	200	198	207	197	203	208	200	200	209	200	204	205	200	200	203	204	203	205	200	200	204	199	201	202	204	199
205	201	200	200	201	204	203	201	208	204	206	211	205	202	205	203	203	206	203	199	206	199	203	205	201	197	212	205	202	200	202	204	202	202	205
194	205	225	204	206	230	203	201	234	203	206	231	204	207	233	203	209	231	208	208	232	203	210	234	203	209	227	200	205	224	203	205	228	201	207
202	203	214	197	202	220	203	204	217	206	201	225	201	204	218	202	204	223	197	204	221	200	206	223	200	204	218	204	203	213	202	204	204	201	203
201	205	205	205	201	224	202	201	222	205	204	232	201	205	225	200	205	222	205	206	222	202	205	224	206	202	227	203	204	208	196	200	206	200	199
199	200	201	203	199	212	201	202	209	202	201	212	201	206	212	204	204	214	201	202	212	199	207	214	205	202	215	205	205	196	201	201	198	201	196
201	202	203	197	199	211	203	203	215	205	205	216	205	205	214	201	204	215	201	200	217	204	202	214	202	206	218	204	207	204	200	201	203	198	198
201	202	206	202	203	221	202	205	226	205	207	222	204	208	226	202	205	226	201	206	225	211	209	224	204	207	229	203	207	207	203	199	205	201	201
203	205	200	203	204	384	220	239	389	218	242	392	222	242	403	218	242	395	216	238	399	217	239	403	224	234	399	220	239	213	199	201	206	206	203
205	202	200	202	218	1467	331	465	1625	333	466	1631	333	464	1622	328	464	1615	329	469	1617	331	463	1610	338	464	1621	329	459	235	199	202	206	201	201
199	203	208	197	207	877	272	340	961	265	346	956	276	343	956	278	344	961	271	349	948	278	346	957	274	341	956	274	350	227	203	203	208	202	205
198	199	207	202	208	565	242	282	620	238	284	619	245	283	625	236	285	618	240	277	615	238	280	614	239	280	620	241	284	215	204	202	203	203	201
197	200	207	198	205	426	223	248	455	226	253	454	230	251	462	225	250	455	224	252	454	225	247	457	226	245	456	225	252	214	203	201	209	203	204
204	201	213	205	201	309	210	226	316	211	218	312	213	227	321	207	225	317	210	226	311	210	227	317	210	225	321	212	219	218	203	204	210	200	200
204	206	209	204	202	221	201	206	227	200	206	221	198	203	221	198	206	227	206	206	226	202	206	229	203	208	226	204	204	207	200	195	206	204	204
204	205	213	201	202	223	200	208	222	201	206	222	206	206	222	203	206	222	204	207	225	202	205	222	204	205	220	204	200	214	201	192	214	199	198
201	202	204	201	201	219	206	205	228	203	205	224	200	205	222	201	204	223	203	205	223	205	208	222	205	201	225	202	205	208	204	198	205	200	201
203	201	218	198	201	229	209	209	231	206	204	235	206	208	238	202	207	234	202	205	237	206	207	235	204	207	235	201	208	217	199	204	214	206	205
202	201	205	202	202	231	203	205	230	201	208	227	204	204	230	204	206	232	200	204	233	201	206	230	204	207	231	203	208	205	197	197	202	201	203
199	200	207	204	205	408	224	246	434	225	245	427	223	243	436	223	247	435	223	242	428	224	244	422	221	252	428	221	249	215	200	204	206	202	202
203	197	205	199	201	346	214	232	360	216	233	366	218	233	369	216	230	367	218	232	363	214	237	368	219	237	370	212	235	206	202	201	207	202	200
201	201	210	202	204	303	213	225	310	214	223	313	213	220	311	207	220	313	210	218	314	211	221	312	211	224	308	210	219	214	203	203	212	205	204
201	200	198	204	201	260	208	216	267	206	210	268	204	216	265	211	214	263	205	208	260	206	213	268	206	213	267	205	213	206	201	203	204	199	205
204	200	210	202	204	239	208	208	248	208	212	245	202	206	244	206	208	241	206	209	244	208	213	244	205	210	243	205	208	209	200	202	206	201	202
205	201	196	200	201	210	199	208	213	199	201	209	203	203	211	205	201	207	201	203	211	206	203	207	202	203	212	200	200	199	201	199	202	204	200
200	204	211	204	201	209	198	202	210	200	202	210	195	204	209	205	204	213	202	206	209	198	205	216	200	201	212	200	205	205	200	201	204	204	202
203	200	205	203	204	210	202	205	215	202	204	215	200	203	215	202	205	219	201	205	218	204	204	215	202	204	217	201	206	210	200	204	206	200	201
198	201	200	202	199	209	204	203	208	197	203	207	200	198	206	202	201	207	200	206	207	199	202	208	204	201	210	201	203	206	201	201	203	201	198
202	199	201	201	196	203	204	200	204	198	201	209	203	204	209	200	203	204	201	201	198	202	201	205	202	201	209	198	206	204	200	202	200	202	204
203	201	205	201	199	207	202	200	209	200	204	210	204	203	210	201	205	211	202	203	211	203	201	211	204	202	209	199	204	208	198	197	210	205	195
202	203	205	204	202	205	201	200	203	202	200	207	201	203	203	204	199	206	199	202	209	204	200	202	200	201	204	199	202	203	202	199	206	203	203
196	198	201	197	202	203	202	199	203	202	204	201	202	198	201	202	204	206	205	203	201	202	201	201	201	199	201	199	204	201	201	202	197	203	201
200	204	200	198	201	213	204	195	210	202	206	212	204	205	208	204	205	212	197	202	212	202	205	211	203	207	213	202	206	200	202	198	205	204	199
201	206	203	202	198	206	200	202	214	204	205	212	198	203	208	206	204	211	199	200	209	200	207	209	204	201	212	200	204	199	200	202	202	201	200
203	205	210	201	202	218	203	205	218	204	204	219	202	203	217	203	207	217	201	202	220	202	201	217	202	203	220	203	207	210	202	202	214	199	203
205	202	209	205	202	214	205	205	213	202	204	218	202	206	215	200	205	215	202	203	218	203	202	214	209	206	212	199	207	209	202	205	215	203	205
203	199	205	203	200	209	206	201	205	202	204	208	200	201	208	203	205	209	200	199	210	200	203	209	201	201	207	201	198	208	202	203	207	199	198
202	199	208	199	202	212	205	201	215	200	204	214	199	203	211	206	205	213	206	203	208	202	203	212	202	202	214	202	202	213	201	203	206	204	202
204	205	222	202	205	219	200	203	223	195	203	221	204	201	221	203	206	227	201	205	223	202	202	225	199	206	222	203	203	224	208	208	218	208	206
202	204	209	201	204	212	200	202	212	200	207	211	196	199	209	205	203	213	200	205	213	202	205	215	201	199	215	202	202	209	196	201	211	202	205
201	198	201	198	204	208	203	203	207	201	202	203	199	203	204	203	203	204	200	204	207	202	204	207	200	205	203	205	205	204	197	199	206	203	199
202	202	234	204	210	236	205	203	235	202	207	231	205	203	233	204	206	233	207	208	233	206	210	233	202	208	236	205	206	230	208	207	233	203	207
200	200	205	200	200	206	201	200	214	200	203	204	200	202	208	202	199	209	201	201	205	202	200	202	200	206	206	201	204	203	200	202	206	202	199
202	200	207	204	202	210	203	203	209	201	202	208	199	200	208	203	202	211	201	200	210	200	197	214	201	202	210	200	203	208	202	195	207	198	200
202	201	205	201	201	205	202	203	207	200	202	208	202	202	206	200	199	208	198	200	208	200	200	205	199	200	209	202	204	202	203	203	203	202	203
206	202	201	205	200	205	205	203	210	201	201	207	202	200	208	199	201	207	199	199	209	200	200	211	202	199	204	202	203	205	198	200	210	199	197
201	204	209	199	203	208	202	202	210	201	205	210	201	202	212	203	205	211	202	200	207	205	203	210	208	201	211	202	204	210	200	202	207	201	204
198	202	209	198	200	212	205	204	213	199	204	218	203	200	207	204	203	208	201	199	209	202	205	211	203	204	212	203	205	208	199	202	213	205	200
201	200	203	202	200	202	201	203	207	200	203	203	202	200	205	203	205	209	197	203	205	200	202	204	197	202	207	201	199	201	196	200	205	201	200
199	200	209	204	203	209	205	201	211	200	206	209	201	203	209	203	207	209	198	205	207	202	204	213	201	204	208	203	201	210	201	202	210	202	204
202	199	204	204	204	204	199	200	196	201	203	201	201	204	202	201	201	199	198	202	201	202	202	201	204	201	203	201	204	200	203	199	193	197	199
201	204	217	200	207	216	200	205	214	197	202	213	203	198	219	202	201	218	200	203	217	199	203	214	205	205	215	201	206	215	206	206	214	201	202
203	202	206	198	200	208	201	200	209	200	203	203	201	203	208	201	206	209	203	202	211	199	199	211	200	201	206	199	203	209	204	205	206	201	201
199	203	214	200	212	210	204	205	209	201	207	211	199	201	210	205	203	209	201	202	213	204	202	213	204	201	213	203	204	212	201	202	210	203	202
203	202	209	204	201	209	202	202	211	203	205	212	201	202	213	201	200	207	203	204	207	201	201	211	203	201	208	202	202	207	200	202	210	203	203
199	203	204	198	199	214	206	203	211	205	207	208	201	204	206	202	202	208	200	200	209	202	203	205	207	202	206	205	205	204	198	205	206	200	200
199	204	208	204	201	210	201	202	208	198	203	206	203	204	208	200	204	213	200	204	209	206	203	205	203	203	203	201	202	203	201	203	206	201	202
200	204	201	199	198	204	202	201	207	198	203	206	200	202	203	204	203	203	204	201	202	203	202	206	198	200	206	201	200	207	199	199	201	199	200
204	198	208	203	203	206	203	201	212	203	203	208	201	200	208	202	199	209	200	199	211	204	202	209	203	201	209	201	201	208	198	206	206	204	202
200	203	207	198	204	211	202	203	208	203	203	210	200	205	207	203	202	205	200	202	206	202	199	207	201	202	206	201	202	205	197	203	204	199	198
201	202	206	201	201	207	204	204	205	201	202	210	198	202	204	201	202	210	201	204	209	202	204	209	202	202	210	199	199	208	203	202	209	203	206
202	199	201	201	204	198	204	204	205	201	203	204	199	201	207	202	200	206	200	201	205	201	201	202	201	206	203	202	201	202	201	201	205	204	197
201	203	203	202	201	217	207	206	216	200	206	218	204	204	215	197	201	219	203	203	215	199	204	217	204	205	212	203	206	204	202	203	203	204	200
203	201	214	201	202	266	210	214	278	207	213	272	206	214	273	210	217	281	206	215	275	209	216	280	211	214	274	208	214	210	201	200	210	202	203
202	203	208	199	202	263	207	210	267	204	212	264	209	213	266	206	214	258	207	211	264	209	217	262	208	212	261	210	215	210	203	205	209	202	203
201	201	205	199	203	236	205	209	242	201	210	243	206	210	246	206	209	243	205	213	249	202	211	246	203	207	248	206	211	207	203	204	207	205	201
204	201	198	201	203	227	200	209	231	205	208	230	200	205	231	199	211	233	208	207	238	206	208	231	207	206	231	202	206	208	202	203	205	202	203
202	205	214	205	205	223	204	204	230	206	207	225	206	207	227	202	208	226	207	210	226	203	203	230	202	208	230	205	204	213	198	199	217	202	206
203	198	206	198	200	213	203	201	210	203	204	212	206	202	211	203	200	208	198	204	214	200	203	211	206	200	210	206	202	205	199	203	206	199	201
204	203	221	200	204	218	204	203	223	201	206	222	199	204	223	204	206	222	202	206	227	202	198	221	201	205	223	206	207	221	200	205	219	203	205
204	205	215	203	200	216	205	207	213	204	204	211	200	204	215	199	204	213	199	205	216	203	201	214	205	203	216	201	205	213	201	203	211	199	203
204	205	206	199	201	208	201	197	208	204	202	211	199	201	207	201	203	208	201	203	214	201	203	205	200	205	209	202	199	205	201	198	206	199	200
203	202	213	201	203	217	209	206	220	205	205	217	202	203	219	203	205	227	204	207	222	202	204	218	203	204	217	201	204	211	198	204	215	203	205
199	205	206	200	199	200	210	205	204	200	200	207	200	199	202	199	202	201	202	202	206	199	203	205	203	199	202	201	202	203	201	204	203	201	200
199	203	208	200	199	206	206	202	203	203	201	209	202	203	208	205	204	212	200	204	213	198	207	212	204	203	211	200	199	208	201	199	212	201	197
201	203	215	200	200	213	207	201	212	203	202	209	203	205	211	201	203	214	204	205	215	204	203	216	203	202	213	205	203	195	200	202	212	204	202
200	199	200	199	202	209	203	204	208	202	197	210	201	204	209	204	209	204	201	203	211	204	203	209	201	205	207	200	203	202	198	198	203	199	203
200	202	202	203	185	210	203	201	210	202	201	210	202	206	206	206	203	215	198	202	213	198	201	210	205	203	209	203	205	202	202	201	205	201	196
200	198	212	198	206	212	204	202	215	201	204	213	206	200	217	202	202	214	201	199	215	198	206	218	205	205	214	202	204	208	205	203	211	205	204
203	204	220	201	205	227	202	206	225	202	205	225	203	211	227	208	202	222	204	206	219	206	206	220	203	209	226	200	202	219	204	207	223	202	205
201	199	202	201	198	209	202	201	207	202	202	210	198	205	207	200	203	209	201	204	204	202	200	207	201	203	213	202	200	206	203	203	207	203	202
203	205	218	201	206	215	205	203	218	204	202	218	203	202	220	203	200	216	198	202	214	201	203	217	205	203	215	201	204	214	206	200	217	204	207
200	204	205	201	202	208	201	201	206	205	200	208	205	202	210	202	198	205	201	204	207	201	202	207	198	202	206	205	200	204	198	203	203	200	200
203	204	208	201	202	210	204	202	207	202	198	212	205	202	208	199	201	203	202	203	212	202	203	205	204	199	211	199	200	208	199	195	212	200	202
205	205	214	199	204	216	203	205	214	202	204	210	204	203	217	201	207	213	201	201	217	202	205	216	204	203	217	204	205	213	201	210	219	201	204
202	202	211	202	202	204	200	201	208	201	201	208	197	201	211	202	201	208	206	203	210	198	204	210	201	200	207	202	205	208	201	202	212	201	201
197	204	206	201	200	204	201	201	202	194	200	199	202	203	210	201	198	203	203	200	205	202	201	205	200	204	199	204	203	202	199	202	202	197	200
199	205	213	202	200	212	202	204	214	201	203	206	200	205	211	203	201	209	204	200	212	202	203	209	201	202	215	204	205	214	202	202	205	204	203
200	198	204	204	197	203	200	202	207	205	203	209	205	201	212	204	203	206	201	201	208	203	200	205	202	203	209	201	202	211	203	204	206	202	204
202	204	216	202	202	214	201	203	215	199	204	210	200	200	214	197	201	214	200	203	211	205	204	216	204	208	215	205	203	206	205	205	210	204	202
202	202	211	202	208	212	198	203	215	202	200	210	199	204	213	202	201	209	199	208	214	200	203	210	201	200	208	198	201	209	200	201	208	203	202
204	204	204	201	200	208	203	204	207	199	203	209	203	198	205	201	202	207	201	202	208	202	204	207	207	202	209	202	200	207	201	202	210	202	200
202	204	208	205	203	208	201	202	210	201	201	213	203	201	210	203	199	208	203	205	213	202	205	208	199	202	204	204	204	209	199	202	211	204	202
198	202	211	205	201	211	205	203	214	200	200	211	203	203	210	202	204	210	202	204	211	203	201	211	200	203	208	199	201	210	205	203	212	199	206
205	203	210	199	202	209	202	202	207	204	203	206	202	204	209	202	205	206	201	197	206	197	204	212	201	203	208	201	202	207	205	204	208	197	206
203	201	212	203	203	212	203	203	215	203	202	214	198	202	210	201	202	209	204	205	210	202	204	213	201	200	209	203	205	215	201	200	212	206	202
202	197	206	198	201	198	202	203	206	203	198	201	196	198	203	201	201	204	203	204	199	203	200	206	200	203	200	199	200	201	201	198	204	200	201
\machine::top.usb650:setup:su_maj_r1
0
1
1
1.500000
\machine::top.usb650:setup:su_z1
0
1
1
-1.000000
\machine::top.usb650:setup:su_phi1
0
1
1
157.500000
\machine::top.usb650:setup:su_maj_r2
0
1
1
1.500000
\machine::top.usb650:setup:su_z2
0
1
1
1.000000
\machine::top.usb650:setup:su_phi2
0
1
1
157.500000
\machine::top.usb650:setup:su_ft
1
1
1
50mm, P1000-2-UV/VIS EOS00019, 727-733-2447
\machine::top.usb650:comments
1
1
1
relative to track 2
\machine::top.usb650:framing:frm_int
0
1
35
100
200
1000
100
200
1000
100
200
1000
100
200
1000
100
200
1000
100
200
1000
100
200
1000
100
200
1000
100
200
1000
100
200
1000
100
200
1000
100
200
