\machine::top.usb650:setup:su_pixels
0
1
1
651
\machine::top.usb650:framing:frm_n
0
1
1
36
\machine::top.usb650:calib:wve_spec
0
1
651
350
351
352
353
354
355
356
357
358
359
360
361
362
363
364
365
366
367
368
369
370
371
372
373
374
375
376
377
378
379
380
381
382
383
384
385
386
387
388
389
390
391
392
393
394
395
396
397
398
399
400
401
402
403
404
405
406
407
408
409
410
411
412
413
414
415
416
417
418
419
420
421
422
423
424
425
426
427
428
429
430
431
432
433
434
435
436
437
438
439
440
441
442
443
444
445
446
447
448
449
450
451
452
453
454
455
456
457
458
459
460
461
462
463
464
465
466
467
468
469
470
471
472
473
474
475
476
477
478
479
480
481
482
483
484
485
486
487
488
489
490
491
492
493
494
495
496
497
498
499
500
501
502
503
504
505
506
507
508
509
510
511
512
513
514
515
516
517
518
519
520
521
522
523
524
525
526
527
528
529
530
531
532
533
534
535
536
537
538
539
540
541
542
543
544
545
546
547
548
549
550
551
552
553
554
555
556
557
558
559
560
561
562
563
564
565
566
567
568
569
570
571
572
573
574
575
576
577
578
579
580
581
582
583
584
585
586
587
588
589
590
591
592
593
594
595
596
597
598
599
600
601
602
603
604
605
606
607
608
609
610
611
612
613
614
615
616
617
618
619
620
621
622
623
624
625
626
627
628
629
630
631
632
633
634
635
636
637
638
639
640
641
642
643
644
645
646
647
648
649
650
651
652
653
654
655
656
657
658
659
660
661
662
663
664
665
666
667
668
669
670
671
672
673
674
675
676
677
678
679
680
681
682
683
684
685
686
687
688
689
690
691
692
693
694
695
696
697
698
699
700
701
702
703
704
705
706
707
708
709
710
711
712
713
714
715
716
717
718
719
720
721
722
723
724
725
726
727
728
729
730
731
732
733
734
735
736
737
738
739
740
741
742
743
744
745
746
747
748
749
750
751
752
753
754
755
756
757
758
759
760
761
762
763
764
765
766
767
768
769
770
771
772
773
774
775
776
777
778
779
780
781
782
783
784
785
786
787
788
789
790
791
792
793
794
795
796
797
798
799
800
801
802
803
804
805
806
807
808
809
810
811
812
813
814
815
816
817
818
819
820
821
822
823
824
825
826
827
828
829
830
831
832
833
834
835
836
837
838
839
840
841
842
843
844
845
846
847
848
849
850
851
852
853
854
855
856
857
858
859
860
861
862
863
864
865
866
867
868
869
870
871
872
873
874
875
876
877
878
879
880
881
882
883
884
885
886
887
888
889
890
891
892
893
894
895
896
897
898
899
900
901
902
903
904
905
906
907
908
909
910
911
912
913
914
915
916
917
918
919
920
921
922
923
924
925
926
927
928
929
930
931
932
933
934
935
936
937
938
939
940
941
942
943
944
945
946
947
948
949
950
951
952
953
954
955
956
957
958
959
960
961
962
963
964
965
966
967
968
969
970
971
972
973
974
975
976
977
978
979
980
981
982
983
984
985
986
987
988
989
990
991
992
993
994
995
996
997
998
999
1000
\machine::top.usb650:framing:frm_start
0
1
36
0.000000
0.218750
0.625000
2.687500
2.906250
3.328125
5.390625
5.609375
6.031250
8.093750
8.296875
8.718750
10.781250
11.000000
11.421875
13.484375
13.703125
14.125000
16.187500
16.406250
16.828125
18.890625
19.093750
19.515625
21.578125
21.796875
22.218750
24.281250
24.500000
24.921875
26.968750
27.187500
27.609375
29.671875
29.890625
30.312500
\machine::top.usb650:raw_spectra
0
2
651
36
195	199	202	203	202	204	204	200	205	202	202	206	201	202	205	202	200	207	200	202	204	197	200	209	202	203	207	202	202	200	201	200	204	201	199	204
202	202	210	199	205	216	201	204	212	199	202	213	199	200	212	202	202	213	202	203	214	202	206	218	198	205	213	207	196	204	200	200	211	202	201	208
202	198	200	200	199	209	199	203	203	202	199	213	199	201	208	202	203	211	199	200	209	201	200	209	204	203	208	200	202	196	199	203	199	205	197	198
203	203	203	201	203	210	202	207	209	202	203	208	199	204	213	203	205	208	198	202	208	200	204	211	202	201	209	199	197	203	197	202	203	200	198	201
203	205	205	199	206	218	199	206	220	200	205	221	203	205	218	202	210	216	201	206	219	201	203	221	206	202	218	202	204	204	201	201	205	200	201	209
198	200	215	202	205	228	207	209	230	201	203	234	200	208	227	202	205	226	202	205	232	201	209	232	203	207	227	199	201	209	204	203	209	204	205	209
202	201	207	204	208	228	203	206	228	202	202	228	203	207	226	202	206	225	202	203	223	206	208	232	202	205	225	206	202	206	199	202	207	200	204	212
201	202	200	201	207	224	202	206	219	203	201	226	208	210	225	203	204	222	198	206	221	204	203	225	205	208	226	202	205	194	197	201	199	202	202	199
204	206	218	203	205	240	203	208	244	204	206	241	201	206	238	205	211	244	201	211	239	204	211	245	204	207	241	202	204	213	201	205	218	201	201	216
201	205	207	202	204	215	203	205	219	202	207	218	204	206	223	205	206	223	202	204	217	201	205	223	206	199	222	201	200	203	201	201	198	197	199	205
206	200	208	202	207	224	201	203	219	199	204	218	201	204	222	206	204	225	203	201	219	205	204	221	204	205	221	202	205	203	200	200	207	201	204	200
200	203	203	200	206	217	201	203	212	205	205	210	204	205	216	200	201	210	202	203	212	202	203	214	202	203	215	203	205	204	198	204	202	204	204	202
200	208	218	203	204	231	193	202	232	207	206	233	203	200	233	204	209	232	205	205	236	204	207	231	202	209	232	204	205	220	202	206	222	202	207	220
199	201	201	201	203	219	198	204	214	206	205	218	207	202	216	204	204	222	204	204	219	202	202	221	203	201	216	203	204	206	201	203	205	200	202	200
204	201	216	202	204	234	204	206	232	199	208	231	205	210	236	206	212	234	203	208	233	203	208	236	205	206	235	201	207	212	204	205	213	202	204	219
201	198	206	200	202	224	203	204	221	201	205	221	205	208	224	202	207	221	201	207	225	204	205	224	209	209	221	207	202	209	201	202	206	200	200	207
203	200	208	201	201	220	204	204	222	202	206	221	206	206	217	201	209	222	200	208	220	207	203	221	200	203	218	200	205	203	196	204	202	196	198	203
202	202	201	201	202	223	206	200	225	202	202	224	204	210	219	200	204	218	204	204	222	204	204	219	202	205	219	203	208	208	205	207	200	202	200	207
205	208	203	201	200	218	203	203	219	206	205	219	203	204	220	202	207	216	203	203	216	203	205	221	209	204	220	202	202	204	201	203	199	202	202	204
201	205	207	205	204	224	201	207	224	205	208	222	203	204	220	204	207	223	203	207	227	204	204	224	205	206	220	201	198	205	204	199	204	202	203	208
207	203	206	203	206	225	204	209	220	205	209	227	205	207	226	200	205	226	203	208	228	209	205	228	206	210	229	204	201	210	203	201	204	207	205	210
202	202	199	202	205	240	205	211	235	200	210	234	206	206	234	205	211	234	202	210	237	204	209	238	203	209	233	202	202	203	201	201	199	206	201	203
202	202	208	205	211	261	205	214	263	208	214	267	210	215	261	208	216	263	209	215	261	208	218	262	212	213	261	203	203	207	206	202	207	204	202	204
201	203	211	201	213	250	208	209	256	206	211	256	211	216	253	213	210	260	206	213	259	208	211	257	206	212	257	203	202	208	202	200	212	202	200	206
204	206	215	204	208	237	206	213	234	209	207	240	207	209	241	209	208	239	207	209	242	206	211	238	203	212	238	205	204	206	205	206	207	200	205	215
203	205	226	207	214	268	213	220	270	208	214	272	210	216	269	206	217	266	208	212	267	208	215	268	210	215	272	208	207	225	201	207	222	206	210	221
204	199	207	201	215	273	211	214	272	213	211	273	209	215	278	208	219	272	210	215	271	211	220	271	211	220	276	203	201	198	199	202	206	202	202	201
205	205	211	208	215	285	205	217	279	211	217	282	210	211	282	207	217	282	210	217	279	209	220	288	209	214	281	209	207	205	207	202	205	203	204	204
207	205	226	207	218	290	211	218	293	214	222	297	216	223	294	213	221	294	211	216	298	210	223	297	214	224	292	207	206	223	206	208	226	203	204	228
202	201	212	207	214	273	209	217	271	205	220	278	211	215	272	209	221	276	210	221	274	210	220	272	208	215	272	209	207	205	205	206	206	199	202	203
198	205	213	205	221	293	210	218	303	212	224	299	210	222	306	215	217	303	211	223	302	213	221	300	215	226	307	201	206	200	203	197	204	203	201	208
203	200	211	207	214	283	211	218	285	210	221	286	213	219	287	214	220	286	206	226	284	208	219	282	209	223	285	206	206	206	203	203	205	202	203	204
205	204	214	208	218	299	215	219	295	210	221	298	210	219	306	208	222	306	216	222	304	210	219	299	213	228	302	207	204	211	204	206	209	206	203	210
204	207	222	210	225	328	214	225	337	216	228	328	216	233	335	215	231	329	214	230	329	216	226	328	217	228	324	208	210	214	202	208	216	206	208	217
203	203	210	210	228	375	222	239	380	223	236	383	222	244	388	219	239	382	222	242	384	218	237	377	219	239	374	203	208	204	202	201	203	201	204	201
207	203	216	214	232	375	218	241	387	221	236	380	221	240	378	219	238	382	220	242	381	218	235	380	224	240	373	207	214	208	203	202	208	202	204	207
204	212	212	210	229	368	217	235	376	216	235	372	220	235	371	220	239	370	211	234	373	220	239	375	219	238	375	208	203	205	205	202	208	203	202	209
202	201	220	211	229	372	214	230	372	214	234	365	220	235	371	218	236	366	222	243	376	215	232	371	218	237	363	210	207	207	206	204	209	205	204	210
199	203	213	207	219	322	216	222	321	214	227	322	215	226	323	214	228	328	216	225	318	216	228	326	212	226	319	206	205	198	204	203	203	204	200	198
204	198	209	208	216	285	211	215	281	208	220	289	211	220	280	208	218	287	208	221	288	211	220	287	212	217	285	208	201	202	204	200	204	201	203	205
206	198	215	208	216	269	210	216	273	211	218	272	211	215	277	208	214	274	207	217	279	205	221	275	209	213	272	205	204	201	202	205	207	201	204	206
203	202	218	205	218	303	216	223	301	212	223	307	211	224	305	210	226	301	212	222	305	213	226	309	213	223	302	210	205	211	202	205	209	205	205	205
203	202	218	208	233	380	222	236	378	218	242	382	218	240	378	221	238	380	220	239	381	220	240	386	232	243	375	206	208	208	202	203	207	200	202	202
205	202	211	213	232	382	220	236	384	218	237	391	219	241	385	219	243	392	219	236	388	219	235	382	221	243	382	203	207	202	206	208	205	200	205	207
203	204	222	217	236	429	228	245	427	226	251	435	228	250	435	227	245	433	226	247	431	227	251	434	221	250	430	213	209	212	208	204	213	207	205	212
199	206	215	210	228	339	220	231	344	218	229	344	216	229	354	217	235	341	217	235	343	215	238	342	216	231	338	206	209	208	205	201	205	202	201	204
202	203	208	214	225	339	216	229	348	216	233	341	215	230	343	215	232	343	215	234	346	215	229	346	215	232	339	211	204	201	205	203	202	204	204	207
203	206	218	208	220	320	214	220	324	217	229	320	212	227	326	213	225	326	213	228	325	214	226	324	216	224	318	205	205	208	202	202	209	200	201	205
196	203	212	208	223	316	215	221	318	211	224	313	214	225	318	215	224	314	210	222	320	216	224	313	216	227	315	207	203	207	204	207	204	207	204	205
206	208	216	208	225	349	218	230	351	216	231	351	215	233	353	219	231	349	219	229	356	215	227	341	216	223	350	208	207	210	201	206	208	204	200	211
201	202	219	212	247	479	227	254	488	232	258	483	232	261	488	232	260	488	234	259	498	230	262	497	233	262	477	211	205	203	203	205	202	206	205	206
205	204	222	220	260	563	241	272	575	236	280	561	239	277	568	238	276	569	238	275	566	237	273	574	239	271	555	209	206	199	207	202	199	200	204	206
203	206	224	216	246	460	229	254	463	225	255	456	225	253	470	233	258	463	226	261	458	228	251	473	229	253	460	211	203	204	200	205	212	201	198	205
203	206	234	223	266	584	239	278	603	241	277	596	242	284	607	240	288	595	243	278	598	246	279	604	238	278	582	213	213	212	201	208	212	201	203	210
205	204	239	225	277	679	253	296	693	247	301	683	247	303	698	252	295	698	250	297	696	249	306	699	250	300	673	217	214	212	202	204	208	208	202	208
204	209	234	219	251	509	236	263	503	230	260	500	236	264	517	231	262	511	235	266	513	228	270	521	229	266	499	216	210	208	203	203	214	204	203	216
200	204	228	227	282	703	254	300	708	250	309	718	251	308	728	246	304	721	253	304	713	254	304	733	252	310	706	213	209	206	207	206	206	204	202	202
202	205	234	228	310	851	266	327	842	264	326	859	269	335	861	261	332	876	268	332	859	267	333	883	261	336	845	215	213	206	206	203	205	203	204	206
202	199	218	217	255	522	235	268	528	236	268	527	236	268	542	235	268	534	235	270	535	239	268	539	234	274	524	215	203	203	205	202	206	208	204	205
203	203	227	220	252	524	236	264	516	235	269	528	237	266	527	236	268	521	234	266	529	232	261	522	236	272	524	210	209	208	205	201	206	205	208	207
205	202	221	216	259	572	234	279	578	247	272	577	241	276	579	237	279	585	236	280	575	243	277	576	240	278	564	213	209	199	202	204	200	204	200	197
199	202	212	208	231	396	222	241	392	223	241	396	225	240	396	221	241	399	224	243	398	225	241	394	221	240	393	206	212	202	205	200	202	201	202	200
200	207	229	214	252	492	235	260	510	232	263	507	231	260	510	231	267	507	232	266	506	235	262	509	233	262	501	212	209	207	206	205	207	203	207	204
204	203	228	220	255	478	229	258	487	230	258	493	231	257	487	234	257	490	232	262	492	230	263	485	234	264	484	215	209	209	205	207	205	203	208	209
202	203	218	211	235	392	220	244	386	223	246	402	224	246	393	229	243	395	223	245	396	220	238	402	217	245	399	209	208	208	208	208	203	203	201	204
202	206	263	245	335	1008	280	360	1015	279	356	1021	283	356	1020	281	361	1004	281	363	1010	280	358	1012	277	364	999	227	218	208	206	205	209	202	207	210
208	201	251	236	290	744	254	308	736	259	315	746	253	311	740	250	300	736	257	312	742	251	306	745	254	305	739	225	215	207	203	207	207	204	206	211
207	205	239	213	256	526	234	271	525	238	274	527	238	262	523	233	267	528	238	265	524	233	272	534	232	269	515	219	206	212	204	206	213	209	207	211
206	207	255	238	301	804	262	319	788	257	313	803	257	312	791	261	315	800	257	316	795	252	316	793	260	324	793	222	217	213	203	204	209	206	205	209
204	205	327	299	501	1972	365	527	2001	371	531	2028	368	527	2012	369	541	2022	369	542	1988	364	547	1994	364	540	1949	257	235	207	202	201	207	203	208	207
208	205	284	260	382	1265	303	403	1258	305	404	1268	304	402	1280	307	400	1278	308	405	1235	306	403	1258	310	403	1246	239	224	207	204	208	210	205	206	215
203	206	231	221	270	610	243	283	606	243	286	605	240	280	606	241	281	600	238	281	601	242	278	611	241	282	597	217	210	205	206	205	206	206	205	209
206	207	238	238	320	948	272	348	964	278	357	963	280	349	973	270	355	968	277	354	976	271	352	985	276	347	980	221	213	209	204	206	208	203	203	209
200	204	233	230	281	684	252	300	696	251	300	697	257	300	690	250	307	710	248	305	699	253	304	707	255	300	688	217	213	204	207	202	204	204	204	205
203	206	230	219	253	484	234	259	489	225	261	492	231	266	496	230	263	497	233	261	499	232	264	496	228	258	488	214	211	206	202	207	200	203	204	211
203	202	289	266	400	1421	315	429	1392	315	438	1407	314	429	1429	316	436	1435	318	430	1422	325	428	1399	321	429	1384	242	221	206	205	208	206	205	204	207
202	204	308	287	488	2024	367	528	1991	384	545	2044	371	537	2047	369	550	2034	370	545	2037	368	541	2050	371	536	2006	255	233	203	205	205	209	204	203	204
209	208	326	276	494	1977	362	533	1975	362	537	2013	372	537	2010	375	550	2018	364	544	2021	372	538	1994	375	541	1977	248	235	226	205	210	224	203	210	229
202	203	258	238	325	927	275	340	940	274	347	949	275	349	951	272	347	967	275	340	947	272	345	959	273	342	929	225	217	206	203	205	207	205	200	202
201	206	258	235	307	864	269	329	869	266	331	871	266	332	870	273	330	867	266	334	872	267	330	872	269	337	847	225	217	201	202	200	208	204	205	204
207	203	243	236	289	754	256	308	756	254	313	772	259	322	761	254	317	771	256	312	760	253	304	772	256	316	743	218	216	204	199	201	202	205	205	207
208	203	232	216	260	521	235	258	525	231	266	525	238	264	522	233	266	529	239	268	528	236	264	527	233	271	528	214	211	204	205	202	204	206	206	203
209	210	278	244	336	1036	277	359	1041	287	364	1056	283	371	1054	278	361	1066	284	367	1056	283	362	1073	286	363	1042	226	223	233	205	209	231	207	208	231
204	205	281	266	420	1632	329	468	1655	337	473	1654	330	464	1649	329	467	1661	333	476	1656	328	471	1675	341	476	1622	239	223	214	208	206	212	206	204	218
207	206	360	437	1160	4090	776	1398	4090	786	1431	4090	786	1387	4090	781	1437	4090	805	1413	4090	776	1422	4090	794	1429	4090	322	246	212	202	205	210	204	199	215
203	205	283	320	657	4203	480	776	4185	494	789	4184	494	771	4172	482	799	4165	492	779	4173	492	787	4166	490	791	4200	269	225	206	205	206	208	204	201	209
201	202	264	263	434	1667	341	484	1677	347	494	1698	348	487	1684	343	494	1688	347	500	1707	342	488	1718	346	496	1687	232	218	216	205	211	217	206	207	216
205	211	282	254	377	1339	309	414	1367	311	420	1345	315	430	1371	308	416	1405	303	433	1357	315	427	1383	310	425	1345	230	225	244	207	213	241	209	215	243
200	208	238	231	304	849	271	332	866	262	328	860	268	332	862	267	338	858	271	337	865	267	332	867	267	329	861	221	211	207	201	202	212	201	205	209
205	207	245	253	403	1525	323	456	1525	326	452	1550	333	459	1560	333	462	1573	329	459	1574	334	461	1595	333	456	1544	234	214	208	207	202	208	203	206	209
205	205	240	242	347	1141	293	396	1134	292	386	1155	297	387	1170	299	397	1176	295	388	1177	292	393	1195	297	391	1152	223	209	203	204	203	210	204	204	212
204	206	243	242	337	1064	281	369	1081	284	375	1105	289	374	1109	283	368	1108	288	381	1113	290	369	1112	286	373	1081	221	212	212	205	205	214	205	206	212
200	203	292	343	747	3759	523	890	3826	543	903	3808	539	910	3888	538	911	3898	546	916	3874	533	910	3858	536	923	3758	275	229	207	205	205	210	199	198	208
206	208	254	268	461	1871	361	521	1883	360	526	1915	363	526	1919	363	526	1952	365	529	1925	361	521	1935	365	538	1891	234	218	207	198	203	207	204	201	204
201	208	233	234	296	803	256	319	794	262	321	793	264	317	804	258	320	808	265	329	794	259	315	813	261	327	786	214	211	205	203	207	204	203	204	204
205	205	224	212	235	418	223	250	417	227	242	421	221	241	418	220	248	431	223	244	422	220	244	428	230	250	416	212	205	208	201	204	209	201	204	208
205	204	231	209	235	405	219	240	399	224	240	406	225	240	417	223	247	402	225	247	411	225	243	406	225	244	407	208	206	215	202	206	211	204	206	215
206	202	233	224	286	718	251	302	697	249	302	721	254	299	706	248	312	715	250	309	718	248	304	704	253	308	706	219	213	207	203	204	206	202	204	210
205	208	235	226	271	612	244	292	622	248	290	632	250	295	638	246	289	652	244	290	645	250	288	639	247	296	639	213	213	210	209	204	209	202	206	204
205	206	230	212	250	454	225	250	453	232	253	457	231	253	467	229	262	461	230	255	468	228	260	463	230	260	454	212	206	203	205	204	209	200	202	208
207	204	237	227	269	601	240	279	610	240	284	603	239	285	611	244	284	606	244	286	603	241	284	611	242	281	598	219	210	207	203	203	207	204	206	205
206	204	246	227	268	571	241	275	580	239	278	578	237	275	579	239	280	580	244	278	580	241	282	574	243	273	572	216	213	212	205	204	213	207	202	213
205	205	235	218	252	497	229	260	499	232	264	494	233	259	504	232	256	493	231	259	490	231	263	503	234	261	491	214	214	203	204	204	205	205	202	202
207	203	242	222	269	617	247	283	636	249	289	631	242	288	635	241	295	634	242	284	638	241	286	643	240	285	623	213	215	212	200	204	208	204	205	208
205	205	264	257	391	1383	316	432	1415	319	426	1413	317	424	1400	311	440	1429	323	434	1428	318	433	1416	319	429	1390	228	222	203	204	204	209	199	206	210
202	205	252	225	293	747	251	308	757	258	307	743	251	311	737	253	307	761	258	308	755	254	307	754	254	313	738	217	215	209	206	205	207	203	203	211
203	214	249	219	257	562	237	279	562	240	279	563	237	275	560	239	281	567	236	278	568	235	279	555	236	270	558	215	215	204	204	204	210	200	207	210
202	202	263	243	336	1082	283	365	1081	282	373	1080	288	366	1092	293	380	1090	286	373	1105	279	366	1107	289	376	1060	228	215	208	201	205	209	207	204	206
206	206	285	284	527	2348	403	605	2387	400	616	2377	399	603	2400	401	608	2409	404	614	2433	400	613	2428	407	607	2362	250	223	208	201	206	215	203	203	206
203	203	265	262	416	1564	331	463	1567	333	457	1586	337	462	1595	333	465	1612	336	466	1593	326	471	1599	332	470	1576	236	218	204	204	200	207	205	202	207
207	205	314	335	719	3651	530	848	3699	524	884	3752	532	871	3742	525	894	3766	533	893	3767	531	875	3788	530	895	3666	276	233	210	201	208	214	203	207	216
203	202	277	286	495	2122	387	561	2159	378	571	2167	385	579	2186	374	567	2194	388	582	2172	383	574	2215	389	575	2128	243	225	208	202	203	208	208	205	212
204	206	251	239	314	946	272	347	958	272	349	965	278	346	970	272	361	970	278	354	962	279	346	952	274	355	951	218	215	209	206	207	209	205	205	214
204	205	236	219	264	576	245	277	588	239	282	589	235	278	592	238	282	594	241	284	592	238	280	583	239	285	580	214	209	212	199	204	210	203	204	210
204	209	234	220	242	449	225	254	457	224	251	460	225	254	466	233	253	458	223	255	469	229	252	466	234	256	452	210	208	212	204	205	211	203	204	214
204	210	283	244	354	1188	301	390	1194	294	389	1224	303	397	1210	293	402	1226	299	392	1216	298	400	1230	300	396	1190	229	220	235	212	208	237	204	211	231
206	209	267	227	281	698	248	305	706	252	303	703	251	305	721	248	300	710	255	306	715	248	303	716	257	310	708	216	217	234	202	208	231	204	207	235
203	203	234	217	249	466	227	248	458	221	254	462	227	253	456	232	252	458	227	257	457	226	254	461	227	252	447	209	209	204	206	202	205	203	200	207
203	204	231	211	232	385	221	237	384	222	246	388	222	240	389	221	238	378	219	240	383	220	245	393	225	237	383	214	210	207	206	203	207	205	205	207
207	207	237	214	236	428	224	246	431	225	250	429	226	249	430	226	249	437	224	252	429	226	243	433	226	244	426	211	210	213	203	203	213	204	203	211
205	206	232	215	248	462	232	252	461	227	256	459	230	247	458	228	255	452	232	255	457	225	253	454	222	254	460	211	208	206	206	203	206	205	202	208
205	204	232	216	239	441	227	254	448	230	254	439	225	248	440	221	255	453	224	251	447	228	246	449	225	252	437	209	211	206	202	208	205	212	202	208
204	203	268	248	383	1377	316	422	1388	316	437	1410	322	426	1417	316	442	1422	320	437	1425	314	424	1429	314	433	1399	233	215	211	206	203	210	206	208	212
200	206	267	269	426	1685	341	480	1678	344	478	1701	345	480	1720	337	490	1705	338	489	1715	339	483	1739	345	485	1676	239	214	209	205	202	210	198	205	208
203	202	240	228	295	749	261	312	755	252	323	775	260	306	772	262	309	781	258	315	766	264	305	779	263	312	753	215	214	209	207	207	213	206	205	212
203	204	237	224	274	625	243	284	638	241	291	638	244	288	637	250	293	642	244	287	650	245	284	640	241	291	628	215	213	210	201	202	205	202	202	210
206	206	269	265	432	1710	337	485	1749	348	489	1760	352	490	1762	350	500	1780	345	495	1772	345	494	1761	346	494	1728	239	218	205	200	204	211	207	202	207
202	204	238	226	288	732	251	301	726	253	311	718	253	308	728	250	309	734	258	313	733	253	312	739	256	314	707	216	212	202	205	206	203	205	202	204
205	204	230	214	236	428	228	250	425	223	244	436	229	247	428	229	253	430	226	244	430	223	244	425	229	246	421	210	204	202	203	204	203	205	201	203
206	204	226	218	257	534	238	269	545	228	269	541	239	267	545	238	273	546	234	272	549	236	268	551	236	272	543	211	209	206	202	204	205	203	206	207
207	207	296	361	835	4129	594	986	4131	594	1024	4130	600	1014	4129	586	1015	4137	594	1026	4131	597	1000	4134	596	1031	4130	289	232	213	205	203	214	205	206	209
204	205	250	257	412	1585	329	470	1598	337	475	1605	336	464	1634	335	473	1626	332	474	1633	339	465	1636	340	475	1594	231	213	208	202	205	212	203	207	209
205	204	238	220	276	656	241	294	662	250	301	663	249	288	673	252	298	662	251	295	659	249	296	669	246	289	652	217	208	207	207	204	209	207	203	208
203	207	235	214	234	394	218	243	397	222	242	395	224	240	398	221	242	394	223	237	393	221	241	399	221	240	395	210	208	204	204	201	208	204	205	209
204	206	252	245	363	1201	293	387	1209	305	388	1206	296	388	1236	293	398	1235	300	399	1223	295	391	1218	295	395	1201	225	212	205	205	206	206	203	206	207
203	203	257	234	326	971	274	356	981	279	355	970	276	354	973	274	351	984	275	353	979	273	351	987	278	360	960	223	209	207	203	208	209	201	205	203
203	198	269	239	323	965	272	350	965	278	347	979	277	353	974	277	355	985	275	358	988	280	351	989	277	359	970	224	215	213	204	203	215	206	203	214
202	205	372	427	1089	4404	726	1293	4403	741	1322	4403	750	1325	4404	728	1331	4402	736	1340	4400	741	1321	4403	751	1344	4406	319	251	203	205	203	202	206	206	203
208	207	350	372	871	4086	599	1017	4086	607	1042	4080	603	1043	4077	595	1048	4078	623	1066	4078	613	1037	4075	608	1055	4083	303	246	208	201	206	209	202	205	205
208	202	275	268	433	1712	343	490	1732	343	494	1739	352	487	1756	341	488	1766	351	498	1771	349	490	1779	348	496	1722	242	220	207	203	204	207	206	204	208
202	207	251	231	291	732	253	309	734	256	308	743	257	312	748	253	304	754	257	314	758	256	315	742	257	318	741	218	214	212	207	202	211	204	203	208
201	200	243	217	250	492	231	263	494	226	251	488	231	259	493	230	258	496	233	264	491	229	261	494	232	267	494	211	206	206	201	205	211	204	203	208
204	209	248	219	250	501	234	259	509	235	266	515	234	265	508	231	258	509	231	266	518	232	263	504	230	262	506	213	210	212	204	210	216	206	203	209
206	201	249	228	288	744	251	301	745	256	312	761	253	311	745	257	309	755	253	306	761	250	307	751	253	309	744	225	205	210	206	205	215	203	201	211
204	200	234	214	244	463	229	254	469	228	257	468	234	254	476	229	255	475	231	259	470	230	260	474	228	261	466	210	210	207	201	202	205	206	205	208
206	203	237	214	251	464	228	255	467	232	253	468	222	260	464	230	257	469	231	257	461	227	256	465	227	257	465	210	208	207	205	202	204	204	203	206
201	205	269	251	381	1405	312	432	1435	315	437	1435	323	442	1428	318	439	1451	318	440	1429	316	437	1447	317	436	1409	230	213	212	202	206	211	206	204	214
207	203	242	227	293	755	255	314	760	254	312	773	259	313	776	260	312	774	259	317	774	257	308	774	255	322	766	216	210	201	204	205	203	202	204	204
201	204	235	217	244	447	226	253	454	226	252	464	240	261	463	228	257	469	227	250	468	226	254	465	229	254	458	214	208	203	204	198	203	201	203	206
201	204	237	217	233	401	218	241	401	222	241	401	220	238	405	224	244	411	226	242	404	222	239	412	226	243	404	215	207	204	206	201	204	204	205	207
202	204	249	244	344	1102	288	369	1107	286	378	1103	284	372	1101	290	384	1112	292	380	1130	289	370	1128	286	375	1095	225	213	203	202	206	203	203	204	206
199	200	267	259	417	1664	336	476	1697	337	478	1706	342	486	1702	337	485	1725	347	492	1725	344	492	1714	340	492	1680	238	213	204	200	201	210	207	204	207
202	202	244	230	294	790	262	319	800	264	317	799	266	322	813	262	325	808	259	316	806	260	323	810	258	320	803	219	213	207	204	199	211	202	204	208
205	208	239	214	244	487	234	260	481	228	256	484	231	259	492	232	259	493	233	257	482	231	263	483	231	261	488	215	210	206	206	203	207	202	203	207
206	206	255	223	254	515	233	264	516	239	265	525	233	267	526	233	266	522	234	270	526	228	266	523	233	269	518	217	208	213	207	207	216	202	204	214
202	203	259	227	287	744	253	305	741	255	308	752	256	309	751	253	313	762	253	312	750	252	309	751	257	305	733	219	219	211	203	205	211	204	205	206
207	209	265	238	323	969	274	351	976	280	361	985	274	353	988	275	352	1000	275	354	992	274	348	1003	282	352	964	222	222	208	205	204	208	205	201	214
201	205	263	227	279	659	248	290	663	255	292	666	249	300	672	245	296	661	245	294	662	245	296	672	250	298	645	220	216	218	201	204	215	204	205	216
203	203	259	224	264	575	239	282	583	237	276	588	241	277	583	237	279	587	239	278	580	241	276	587	238	279	577	215	211	208	205	204	206	202	203	207
203	204	250	215	251	500	230	257	506	234	265	513	238	268	503	237	261	521	239	266	515	232	266	510	234	264	506	214	213	208	204	203	204	200	206	207
204	206	241	218	239	415	233	242	413	223	247	424	227	246	417	226	248	418	221	249	421	222	247	426	223	242	414	208	212	209	205	206	211	208	201	208
205	205	250	212	238	418	224	241	417	224	248	424	226	245	422	222	245	422	225	242	424	221	240	426	222	242	412	209	211	214	206	208	220	204	204	216
207	200	240	216	241	436	227	251	439	223	252	436	232	246	444	227	248	439	226	250	440	224	247	438	222	249	435	210	209	211	205	202	205	204	206	214
202	202	234	218	255	530	236	268	534	238	271	544	237	268	542	237	269	546	233	267	541	236	266	540	240	266	538	214	212	206	201	202	205	197	205	206
203	203	250	248	370	1316	314	422	1340	307	428	1348	312	412	1363	311	422	1371	311	423	1347	308	418	1378	310	428	1336	232	214	202	202	201	203	202	204	205
206	202	250	226	290	761	259	312	762	254	312	772	260	313	778	256	314	768	261	320	765	256	313	790	259	317	781	218	212	209	202	205	212	202	206	209
199	203	250	232	286	719	251	306	704	253	306	710	250	302	720	251	302	712	250	303	732	253	302	714	253	300	712	220	216	210	204	202	202	207	202	207
206	201	239	217	256	489	231	259	488	233	265	507	228	260	504	229	263	500	231	259	496	231	254	502	233	264	494	214	214	209	199	204	208	206	202	204
197	206	256	234	293	741	254	309	741	253	308	754	254	301	742	256	303	745	252	307	745	248	313	746	258	307	733	222	217	209	200	203	209	199	203	205
204	206	252	224	266	563	242	274	562	240	272	573	242	278	568	241	277	573	239	278	570	236	272	571	238	278	558	219	214	212	204	204	212	203	204	213
205	201	243	220	230	413	227	245	412	225	247	416	224	245	421	222	245	414	220	248	412	223	239	422	221	244	412	211	210	213	204	206	216	205	205	213
204	208	246	216	242	464	228	250	464	229	255	463	231	255	462	226	255	471	229	258	462	232	257	470	234	253	458	210	212	208	203	206	208	205	204	209
203	207	250	221	264	544	237	270	539	237	269	536	239	273	550	236	281	540	243	271	542	237	271	546	236	278	538	219	218	210	203	204	210	202	205	211
203	204	231	212	235	402	222	245	405	227	246	406	221	239	407	223	242	406	219	242	408	220	241	398	220	240	398	209	210	200	201	201	199	201	203	200
204	203	236	211	234	406	222	239	408	229	242	409	222	243	411	222	242	411	225	246	418	225	242	410	223	243	403	209	208	204	204	203	202	207	203	203
207	206	250	222	254	522	228	266	531	240	272	528	234	274	525	233	271	524	231	263	522	234	267	532	243	267	518	216	215	209	203	209	213	205	204	211
203	206	249	216	239	423	222	244	424	226	243	427	227	246	416	223	250	421	224	246	423	223	246	428	230	248	420	209	214	221	207	208	220	203	206	217
205	204	235	209	234	368	220	236	382	217	236	375	217	239	373	220	238	372	218	236	387	219	233	375	219	235	371	209	213	205	202	202	207	202	202	208
206	204	237	216	236	412	224	241	414	222	242	413	221	244	420	223	241	421	218	246	420	222	245	423	219	247	412	213	209	210	204	200	208	203	202	209
207	205	242	213	227	383	216	233	383	221	236	389	216	235	381	220	237	387	221	235	386	219	236	387	225	241	381	206	212	217	206	207	219	204	208	216
207	202	222	212	224	360	214	233	365	217	231	360	217	233	359	218	237	360	219	237	353	217	235	367	215	232	358	208	206	203	198	207	202	204	199	208
201	205	231	214	234	374	219	235	379	220	235	377	218	239	379	224	236	378	215	239	375	221	243	382	222	240	370	209	208	201	202	204	202	204	201	203
203	202	235	211	231	370	218	238	385	223	235	389	218	237	389	218	243	387	218	237	381	222	241	385	220	240	377	210	210	203	201	204	204	201	201	205
200	205	231	216	233	400	221	239	399	221	237	397	221	235	396	222	245	397	224	239	400	223	238	394	219	245	390	213	211	201	204	205	204	203	207	204
205	201	236	217	238	409	224	240	411	221	246	411	222	245	417	220	241	421	223	250	405	225	246	415	219	242	407	208	211	205	201	201	203	200	199	204
205	200	244	218	241	439	227	248	442	223	248	430	228	244	448	222	251	435	226	247	439	225	252	448	226	247	437	208	209	203	207	202	207	206	204	206
204	200	238	211	239	420	224	247	423	224	241	423	219	245	425	227	247	424	227	246	430	225	242	427	221	246	417	202	209	202	203	201	205	201	200	204
201	201	242	214	244	436	223	252	444	227	254	449	226	253	449	227	249	440	225	255	449	227	245	447	226	248	441	214	207	203	204	202	206	199	202	210
200	201	239	214	237	409	220	243	419	224	240	413	221	246	419	221	244	417	224	244	415	220	240	417	223	245	409	211	209	208	202	203	209	199	201	207
201	200	233	217	237	423	228	247	435	225	246	432	226	244	435	221	247	430	223	249	436	225	247	435	224	250	423	210	211	204	203	205	201	201	204	198
204	206	240	214	239	441	232	249	436	225	249	437	227	245	437	225	250	448	224	251	435	222	245	436	222	251	437	210	211	203	206	201	207	200	205	209
201	200	241	215	246	454	228	249	450	229	249	456	226	253	464	223	252	460	228	254	459	226	246	453	226	250	447	214	207	207	204	202	205	203	204	199
203	204	251	221	257	534	232	267	530	230	265	529	235	268	519	229	267	525	234	272	531	235	268	531	235	263	517	214	207	208	200	202	209	205	200	206
203	205	236	214	242	440	223	247	437	225	246	440	221	245	430	225	246	435	229	246	433	229	253	438	225	248	427	216	213	209	204	203	208	204	206	208
207	204	245	219	257	529	233	266	520	230	265	520	233	264	527	230	263	528	235	265	521	234	267	530	231	269	519	218	212	209	204	203	209	201	205	211
205	200	253	226	283	667	251	296	677	241	291	670	252	292	676	245	299	680	250	294	662	250	296	669	250	294	662	217	213	205	205	202	210	197	205	206
204	203	250	222	263	518	231	270	509	226	267	523	233	262	525	236	268	518	234	266	521	232	256	529	234	259	515	217	212	211	206	203	209	202	208	213
203	205	257	219	251	509	236	263	532	232	267	518	231	266	516	237	264	515	238	269	512	234	262	518	233	263	502	215	213	223	205	202	220	202	204	221
202	204	235	218	237	431	223	247	437	226	247	425	224	247	429	226	250	435	225	247	434	229	245	439	225	246	433	212	210	206	203	200	203	202	203	204
202	204	277	247	338	1021	285	356	1013	276	368	1000	279	359	1022	279	359	1013	283	354	1024	279	362	1011	278	359	1006	232	223	203	206	205	199	202	203	201
203	203	265	238	302	795	255	323	798	260	326	809	265	319	809	265	322	808	261	323	813	262	324	823	262	320	785	221	218	200	201	202	205	204	205	205
198	206	246	219	260	546	240	272	535	234	267	551	236	264	540	230	269	543	232	266	538	237	267	550	234	273	527	212	212	209	203	204	209	201	202	207
200	207	239	218	244	469	226	254	471	228	260	482	228	254	478	228	258	476	229	255	484	229	254	479	227	252	464	211	215	203	201	199	204	198	201	202
204	200	239	216	243	431	226	249	429	225	249	431	228	246	434	223	252	434	222	246	428	228	246	438	226	249	431	209	212	206	198	205	202	203	204	205
200	208	237	215	236	405	224	244	405	224	246	406	226	243	408	222	249	410	220	240	411	225	243	409	221	240	401	210	213	208	205	203	210	200	206	202
201	202	253	232	287	691	252	297	677	247	299	689	245	296	682	246	297	687	245	294	694	250	295	686	243	296	674	221	212	204	200	202	208	200	203	204
199	207	272	236	315	840	259	342	846	261	333	854	266	328	848	266	328	861	265	330	854	265	324	843	264	326	845	227	215	210	202	204	212	202	201	208
199	203	252	227	289	705	248	304	716	250	301	719	254	311	695	250	304	722	257	304	699	254	299	717	252	301	707	221	217	202	201	204	205	203	199	201
202	205	237	213	247	458	232	243	462	227	256	465	231	252	461	220	247	453	227	250	459	228	253	462	228	254	456	211	208	206	198	205	202	203	202	204
204	204	233	217	244	441	223	249	439	222	249	447	225	247	445	229	250	440	230	251	445	225	245	450	225	250	446	210	212	200	200	202	208	199	201	202
204	203	258	234	283	695	250	296	679	248	301	706	246	301	689	243	298	687	246	295	684	251	297	687	253	298	673	222	214	220	206	205	221	205	204	219
205	202	247	219	262	535	235	271	537	238	265	536	232	270	539	233	269	536	234	270	534	233	270	547	233	275	541	214	212	211	199	206	215	205	200	209
201	200	232	216	239	423	227	240	420	225	250	422	226	244	422	220	248	425	224	244	429	222	244	425	221	246	419	209	206	204	204	204	203	202	203	204
207	205	230	213	232	381	218	234	376	219	233	378	220	236	372	220	240	377	215	241	375	218	239	379	222	241	378	208	209	205	206	203	205	204	203	206
201	204	235	217	238	446	227	248	438	223	247	448	226	254	440	229	245	441	219	248	439	228	246	441	228	250	437	211	209	206	202	204	206	203	203	208
205	204	248	228	278	637	246	286	637	244	291	646	242	289	649	248	287	651	243	289	645	249	285	653	240	290	631	217	216	208	201	201	211	205	206	207
204	207	240	214	247	459	226	252	469	224	256	455	227	251	465	226	251	460	228	253	464	225	254	470	226	252	459	214	213	209	201	202	211	202	204	209
206	206	247	213	239	418	225	247	419	224	245	423	221	249	419	222	245	424	227	245	420	221	240	416	222	240	408	210	216	220	208	207	225	203	202	222
202	202	242	219	241	459	230	253	455	228	255	458	229	258	464	227	244	468	225	253	456	229	257	462	228	252	453	208	213	207	204	204	206	204	199	210
204	200	236	214	246	464	232	255	469	230	249	470	230	256	467	227	252	469	227	255	464	231	251	471	226	252	470	209	204	205	205	201	202	206	199	203
207	215	281	214	245	436	224	250	443	222	252	436	229	246	433	223	249	444	226	247	434	229	246	441	228	249	433	214	215	253	209	211	244	206	219	248
205	219	297	216	241	422	220	248	418	229	249	425	228	246	421	221	241	422	226	247	423	225	245	422	227	246	417	215	224	274	208	217	268	210	212	266
203	203	237	208	224	334	220	228	333	219	230	343	218	229	338	210	230	332	216	229	335	211	231	333	219	228	334	205	208	215	203	206	212	203	203	210
206	210	258	218	241	416	227	243	418	223	245	417	222	243	424	225	245	421	221	240	412	221	242	420	220	244	419	214	209	230	202	209	225	205	207	224
207	202	262	227	256	541	240	273	550	238	271	554	233	274	550	240	269	552	238	270	551	233	274	538	231	266	544	217	218	222	204	206	224	205	207	219
203	200	230	211	231	372	212	235	365	219	239	369	216	234	370	222	234	364	219	233	366	217	233	364	218	235	366	208	212	205	205	202	211	204	204	212
205	202	231	209	225	330	217	228	329	218	228	330	213	226	333	218	229	331	215	230	326	216	229	333	213	230	329	203	205	200	203	203	206	206	204	205
199	203	236	214	243	433	230	243	441	224	252	447	226	244	444	229	249	440	229	250	442	224	250	442	227	242	440	207	205	207	204	205	205	203	199	207
201	203	230	209	234	376	221	237	375	220	240	373	219	235	380	223	236	381	221	238	389	219	236	384	216	236	371	208	208	205	202	205	203	204	202	202
205	207	232	209	227	354	215	229	357	218	233	359	218	230	355	217	233	356	215	233	357	220	233	362	219	230	352	209	206	205	203	203	212	202	203	209
205	202	223	212	234	386	224	236	381	223	241	387	217	238	396	220	241	385	214	235	385	216	244	385	214	238	386	213	204	205	200	202	205	202	200	205
203	200	222	208	224	325	216	228	332	217	232	327	213	226	335	213	230	337	213	231	333	215	229	334	212	225	326	205	204	205	200	201	207	200	202	206
198	201	232	207	223	317	212	225	318	215	220	322	216	221	322	216	225	310	212	224	311	203	223	315	216	226	314	212	206	213	206	204	210	202	199	211
202	200	238	215	242	432	228	244	427	226	249	430	225	249	433	226	248	435	225	245	435	226	243	434	222	248	433	209	209	209	202	199	206	206	204	210
199	204	230	213	227	366	219	234	371	219	238	375	221	239	375	218	232	380	222	240	369	221	239	367	217	239	372	208	205	210	207	203	206	199	203	209
203	202	228	213	222	326	215	226	330	215	225	325	217	229	319	211	227	333	214	227	330	211	231	330	215	225	326	210	209	207	203	204	208	200	200	207
203	203	233	210	229	359	217	232	354	216	238	357	216	227	363	212	232	366	219	233	357	218	229	359	219	229	354	209	209	209	205	202	213	206	202	209
202	204	234	209	228	346	218	232	346	210	232	346	217	229	351	218	230	350	218	231	349	220	230	357	218	233	344	207	210	206	204	203	207	203	203	206
198	202	243	224	270	570	236	272	573	237	271	569	240	271	578	237	271	573	242	275	570	234	278	564	234	269	561	213	209	206	201	203	205	198	201	203
201	205	260	232	293	732	251	305	733	255	306	741	253	302	749	253	305	731	255	311	743	257	307	734	251	310	726	219	210	206	200	206	205	208	203	206
204	199	236	215	237	430	225	246	425	221	244	420	220	243	420	225	244	419	222	241	420	224	246	421	222	240	422	208	210	209	200	204	206	199	200	206
204	201	239	218	248	465	228	249	471	231	254	464	230	255	472	229	254	473	227	254	474	227	247	472	231	255	469	210	209	206	201	203	206	199	202	212
201	205	226	215	240	418	225	244	420	224	246	424	223	243	419	224	241	422	225	242	423	218	241	418	221	246	411	209	206	201	203	201	204	200	201	205
203	203	240	222	251	516	225	263	511	230	263	525	234	260	517	231	263	519	234	257	512	232	260	511	235	264	517	215	213	204	200	203	208	199	202	203
205	202	237	219	241	430	225	244	431	224	242	440	234	246	438	226	245	432	225	240	439	222	246	436	227	249	431	216	209	209	201	205	208	203	204	207
204	205	222	214	226	337	216	231	343	217	228	347	217	232	342	214	231	343	214	231	345	215	226	349	216	229	342	208	204	202	202	205	200	198	202	207
205	206	227	207	221	321	212	220	324	212	228	323	212	224	322	212	227	321	210	226	321	214	222	319	212	226	322	209	208	205	204	201	206	205	204	207
197	203	230	212	231	372	221	236	377	217	231	372	222	234	379	225	232	381	217	232	373	221	234	373	214	238	368	211	208	210	200	200	208	202	203	212
201	200	238	210	234	380	215	238	383	222	235	371	222	243	383	219	238	386	218	238	385	222	236	380	217	236	381	212	206	214	201	201	213	202	202	216
204	202	242	214	242	422	220	241	420	227	247	422	226	248	426	227	240	432	221	243	418	219	240	428	224	246	418	209	209	213	201	205	217	207	201	216
207	199	234	215	238	416	223	242	418	222	241	421	221	242	426	224	240	419	221	249	415	220	238	413	224	247	412	208	211	201	199	200	203	202	201	204
200	202	246	208	239	412	224	243	422	226	246	416	224	242	416	224	245	422	222	243	415	225	249	421	224	243	412	209	205	209	202	202	210	202	203	205
202	205	238	215	250	451	229	251	462	226	253	457	224	250	465	227	250	457	226	257	462	224	252	461	229	253	455	206	211	199	199	202	204	205	201	203
203	200	333	291	480	1883	361	511	1909	358	504	1909	357	507	1907	356	511	1897	359	519	1889	364	511	1891	357	518	1856	252	236	216	204	204	211	199	202	212
202	202	302	261	398	1368	312	420	1384	308	424	1366	309	434	1363	316	417	1353	315	415	1377	311	425	1365	306	427	1345	244	231	205	201	202	205	198	201	203
201	203	266	236	310	820	259	317	817	264	326	820	264	320	828	260	326	821	259	318	824	262	322	817	261	327	788	226	218	209	200	203	213	200	204	211
202	202	246	224	286	680	244	299	683	246	294	674	248	295	680	246	295	679	243	295	671	245	297	674	244	291	659	222	212	203	201	205	208	203	205	209
202	206	223	218	233	380	220	233	384	223	241	386	219	235	387	219	237	390	221	238	378	219	232	388	219	240	379	207	203	207	202	204	206	200	200	205
200	199	218	209	219	309	212	224	316	217	221	319	211	226	313	213	223	313	210	221	309	212	224	313	215	225	309	206	201	200	204	200	205	203	205	205
201	202	222	208	230	354	219	230	354	217	234	345	213	237	363	219	232	361	216	234	359	220	232	353	220	238	347	207	206	204	201	202	204	207	203	203
203	206	235	225	267	582	239	274	584	235	274	575	243	273	583	241	274	577	241	272	579	243	278	585	237	274	585	214	209	204	201	200	205	203	205	205
202	202	245	231	324	979	277	348	994	276	356	995	279	355	1001	273	359	1001	273	363	1001	279	356	1001	278	359	975	223	217	209	202	205	208	203	205	208
203	203	240	225	297	802	259	322	810	260	322	813	266	325	833	261	327	836	261	318	812	257	325	819	266	323	796	218	213	211	203	202	206	203	201	208
204	205	234	214	239	449	223	250	453	226	250	457	227	256	459	221	254	454	223	252	461	226	255	454	228	255	454	208	211	214	201	207	215	206	208	214
201	202	232	217	241	435	231	246	435	224	252	440	227	247	427	224	248	433	219	248	437	224	250	436	225	251	430	208	209	203	199	203	206	202	202	204
202	199	230	215	245	461	227	257	471	221	250	465	222	252	469	222	253	465	225	254	466	228	252	462	227	252	457	211	211	203	200	206	205	200	203	206
203	200	226	211	233	405	222	246	408	226	246	408	220	243	407	224	243	411	225	239	405	222	252	412	223	245	410	210	207	202	203	200	203	200	204	207
202	198	248	238	328	1027	280	358	1059	280	368	1033	279	359	1031	280	360	1059	277	366	1023	278	366	1041	280	365	1038	224	212	206	199	200	202	204	196	201
201	209	253	223	261	586	238	282	585	240	280	605	237	284	596	238	284	600	243	281	603	241	284	598	243	281	600	213	212	226	204	203	227	201	208	227
209	214	308	220	244	435	230	250	438	221	248	440	222	248	434	221	249	442	225	245	436	226	249	445	225	246	444	213	224	286	209	221	284	213	223	297
203	200	230	204	217	326	216	227	328	212	228	328	217	228	333	214	227	327	213	227	330	213	226	336	212	225	336	204	209	212	200	198	209	204	201	206
203	205	252	221	255	496	230	262	506	228	264	496	230	266	496	230	259	498	231	259	503	229	265	510	229	260	494	213	213	219	202	204	219	202	204	217
198	203	238	217	239	442	224	249	450	225	252	442	223	246	443	223	246	442	224	248	449	227	249	448	225	248	440	209	207	209	205	202	208	204	203	205
201	203	217	209	221	323	212	225	321	214	226	320	217	228	318	214	228	330	214	231	325	214	220	321	214	224	315	206	206	205	204	201	204	201	200	202
199	203	222	214	245	463	227	250	467	225	251	468	226	259	468	229	257	465	234	251	466	226	253	467	226	253	458	212	208	203	208	200	205	201	201	203
202	206	228	215	238	439	229	248	440	225	249	446	224	245	443	223	249	433	223	247	450	224	251	442	227	248	432	214	209	206	200	201	204	203	202	207
201	202	226	210	225	344	216	233	347	216	231	355	221	228	359	219	233	355	218	232	353	214	235	352	215	231	350	208	204	202	202	202	204	199	202	206
201	205	226	208	217	319	217	222	320	209	224	316	216	221	324	216	225	317	213	220	325	215	226	323	212	228	322	209	206	201	201	204	203	204	206	203
207	202	230	207	220	336	218	229	334	212	228	328	214	228	332	215	223	329	210	228	331	214	226	334	216	229	330	212	207	212	201	204	215	202	201	215
204	209	243	215	235	382	217	234	383	220	236	377	217	232	385	215	235	379	218	237	385	225	237	385	218	238	380	211	210	218	207	207	223	202	206	222
202	203	237	218	255	493	230	256	493	228	254	491	226	262	486	225	260	497	225	259	495	229	261	490	232	262	486	217	207	203	202	204	201	205	203	203
202	201	242	220	256	517	231	260	515	228	269	510	232	263	507	231	260	514	229	270	511	229	263	511	236	260	506	215	210	213	201	202	210	198	201	213
206	201	223	213	223	341	218	225	335	215	230	338	215	224	340	211	230	339	216	228	341	212	224	340	215	226	339	209	208	205	202	201	207	200	201	207
203	208	222	211	215	302	211	221	298	209	221	300	211	222	301	210	220	304	211	218	303	212	220	297	205	222	301	207	208	208	204	205	206	202	199	208
197	203	220	209	213	281	207	215	282	211	213	287	212	216	279	213	216	281	210	217	285	208	214	289	210	216	285	203	205	205	197	203	208	202	200	210
201	207	226	202	219	290	208	216	289	210	219	288	199	218	290	211	217	286	207	220	287	207	217	288	208	220	284	201	205	214	200	201	215	202	206	210
207	204	232	207	223	309	215	221	312	213	225	312	210	220	305	211	224	315	212	221	310	212	217	313	212	219	299	205	208	215	207	202	216	201	206	217
202	202	222	211	222	345	214	232	348	214	231	345	216	229	350	219	233	347	213	226	343	214	231	347	217	233	344	207	205	199	202	198	205	203	202	204
198	207	225	211	225	343	215	225	337	214	230	333	216	228	342	219	227	349	215	225	338	215	227	347	215	229	337	208	205	212	201	199	208	201	205	206
201	198	218	208	229	336	216	229	334	214	230	340	215	229	336	217	228	335	217	228	337	220	229	338	215	233	336	207	204	204	204	206	206	204	204	207
206	205	242	208	226	368	219	232	365	219	233	365	217	231	367	220	232	366	218	231	363	216	235	365	216	229	360	212	211	222	203	206	223	201	206	219
206	202	233	217	245	472	231	259	462	228	252	473	226	252	474	228	252	464	227	254	467	224	257	468	223	255	461	211	211	205	203	206	205	200	204	204
203	204	244	230	289	728	255	305	728	249	306	724	250	301	729	250	310	724	251	301	718	251	303	729	258	307	720	219	209	206	204	200	206	204	198	201
201	201	226	213	236	395	218	241	394	224	243	394	221	239	397	217	243	400	221	243	395	219	238	395	221	237	398	209	209	210	202	203	207	200	204	213
201	204	224	209	224	322	213	225	315	215	225	321	214	227	325	215	221	315	213	228	315	212	229	318	220	224	316	206	204	204	205	200	207	202	203	210
203	201	225	209	217	299	215	220	298	209	219	299	212	221	305	212	223	309	212	218	298	210	221	300	211	224	298	205	205	207	201	204	206	203	203	205
203	205	237	211	223	311	212	228	323	210	231	321	212	223	323	216	226	323	211	225	316	210	230	321	216	226	316	208	213	221	206	206	223	200	205	225
200	203	224	208	225	313	212	222	316	213	226	315	212	219	309	212	221	312	211	226	318	214	227	307	213	225	306	201	202	204	201	202	204	204	203	202
204	202	220	208	223	340	217	226	334	214	227	335	217	225	341	218	232	337	212	231	336	219	228	337	217	221	340	207	208	205	205	204	203	202	205	206
204	201	219	209	223	321	209	222	320	213	225	324	213	224	321	210	223	323	215	229	323	217	227	326	214	226	320	206	206	207	207	204	210	201	204	210
200	201	215	211	213	281	208	219	292	213	211	283	213	216	284	213	219	286	216	222	290	208	217	280	204	216	284	204	205	205	204	201	203	201	204	200
207	204	218	204	214	279	211	215	272	209	219	283	206	214	276	210	220	283	207	214	277	207	215	283	211	216	279	204	206	207	202	199	205	200	206	206
202	204	215	208	208	276	210	213	273	210	221	280	207	217	287	212	220	270	208	219	275	212	217	277	211	213	272	207	204	203	205	200	205	200	206	205
198	199	215	206	214	278	210	217	276	209	221	278	209	215	275	209	218	281	210	214	279	210	218	281	210	213	276	206	204	200	201	202	205	199	200	203
204	206	226	207	228	344	215	234	350	216	227	360	217	233	348	217	231	344	212	231	348	214	229	354	214	232	343	207	208	210	205	204	215	198	202	213
199	202	221	210	215	301	212	223	299	211	222	301	215	223	301	212	223	304	212	220	309	208	223	303	208	223	301	208	197	207	204	203	203	200	207	209
196	195	258	230	300	844	256	331	830	266	322	847	257	327	837	269	327	850	263	324	841	262	322	854	261	322	823	213	209	210	204	201	211	202	205	205
201	200	250	222	284	738	255	313	728	249	308	737	256	305	730	260	307	739	251	308	736	249	306	735	256	303	710	212	212	209	204	202	211	199	201	214
202	201	222	207	236	418	223	242	419	226	245	420	223	246	421	223	244	429	218	242	430	224	243	420	225	246	421	206	209	218	202	205	210	203	204	210
201	205	224	207	220	295	213	222	298	210	216	297	210	222	305	213	222	300	208	222	296	205	223	298	212	224	303	204	208	211	205	209	213	206	202	208
205	204	225	207	220	319	213	229	326	215	221	327	214	228	326	215	229	326	220	226	329	214	228	332	213	227	323	208	206	210	201	205	206	201	200	208
201	201	222	210	227	337	213	225	343	211	228	343	216	226	340	212	228	340	211	225	339	215	230	336	219	227	334	206	205	207	199	200	204	203	201	207
199	197	211	209	211	273	210	215	265	207	213	274	211	218	271	207	213	274	210	214	276	209	211	272	207	216	268	203	202	202	205	201	201	201	200	206
200	201	209	207	216	254	204	212	260	205	214	254	208	212	257	207	214	258	207	211	254	206	212	262	204	214	261	204	202	203	201	202	197	196	204	201
208	208	254	227	277	668	249	294	678	250	298	670	248	296	687	250	302	696	245	292	692	250	290	693	245	292	670	216	212	241	206	208	244	204	210	243
199	203	226	219	270	659	245	292	657	245	295	654	244	290	661	245	294	663	245	289	667	249	294	671	247	289	649	211	207	213	203	206	210	201	211	210
200	203	220	213	236	404	220	236	408	219	238	407	224	238	418	221	245	406	221	238	412	220	240	413	220	241	404	208	207	207	199	202	205	201	205	204
208	202	232	209	231	369	220	236	373	213	232	372	221	238	380	218	230	373	221	233	379	216	238	376	222	236	373	207	210	221	206	202	221	200	205	219
207	205	242	213	245	479	226	257	494	228	259	492	232	256	497	231	257	489	233	252	499	229	258	489	231	260	482	210	210	226	203	204	225	208	205	227
202	202	222	212	246	501	230	262	498	233	261	517	231	257	515	229	259	508	231	263	509	233	259	503	232	260	495	212	206	205	203	199	203	204	202	203
201	202	213	206	219	323	210	220	321	215	224	321	215	222	322	214	227	323	215	225	319	212	222	332	215	225	320	204	204	204	203	203	203	204	200	201
201	205	213	206	211	269	208	213	272	208	210	269	203	217	270	209	215	267	208	214	270	207	213	267	208	214	270	202	203	202	206	202	204	201	202	204
200	188	213	208	217	278	208	218	286	212	218	281	206	222	283	209	218	279	208	214	281	211	221	280	210	216	276	201	206	204	199	204	206	202	206	208
202	202	224	206	215	278	208	218	274	209	214	278	211	215	275	212	215	277	207	216	279	209	214	276	207	217	274	207	209	214	206	207	215	204	201	212
204	200	213	207	213	262	202	212	265	208	213	268	208	213	263	208	219	268	206	215	260	210	218	259	209	214	267	205	202	203	201	201	205	197	205	202
205	203	243	231	297	764	257	305	764	254	313	768	254	306	779	257	312	778	253	311	758	244	314	762	257	317	752	217	216	204	197	210	212	205	203	209
202	202	253	239	317	918	270	339	897	269	341	909	273	334	904	264	343	889	269	336	905	269	335	899	269	340	890	224	217	209	202	203	211	201	202	210
203	202	231	213	240	433	221	247	429	222	249	432	221	249	432	222	241	424	226	244	432	222	249	434	226	245	424	210	204	207	203	201	208	203	200	206
201	200	212	206	219	288	206	216	283	208	214	288	210	216	284	209	217	287	210	214	289	213	217	285	207	219	284	206	205	207	199	201	204	203	199	206
205	201	212	209	208	258	207	217	260	210	214	262	204	212	259	206	213	253	206	211	258	209	213	258	207	215	258	202	205	209	200	200	205	202	200	207
202	204	222	201	212	253	203	211	245	204	213	254	207	216	253	208	214	252	204	209	251	211	206	250	205	207	247	202	201	211	198	204	213	206	202	211
208	207	235	205	214	266	206	219	268	209	212	267	209	214	267	208	213	268	209	214	266	207	217	271	205	212	269	204	211	225	204	204	225	202	207	223
205	209	241	209	215	286	208	222	281	210	217	283	214	219	286	209	218	287	207	218	287	208	218	281	208	214	286	209	207	231	202	211	235	203	208	237
200	205	218	202	211	267	207	216	271	208	212	271	208	217	265	205	211	264	208	213	266	212	214	266	209	213	266	204	204	208	203	204	208	201	202	207
203	210	255	211	217	287	209	220	292	211	218	292	212	215	287	210	217	291	210	221	292	210	217	291	214	219	288	205	214	245	209	213	248	206	204	249
206	212	242	206	212	282	210	215	287	210	214	286	210	220	285	209	219	287	211	217	284	208	216	282	207	220	289	206	206	234	205	212	235	204	205	235
201	202	216	208	214	283	210	217	284	209	222	294	210	218	282	205	218	290	204	220	287	212	220	288	214	218	290	203	201	208	202	204	199	199	200	205
202	202	233	217	278	632	245	284	624	242	286	629	245	282	625	238	281	622	244	285	621	242	282	616	244	288	618	216	210	202	199	201	202	202	202	207
202	199	223	220	271	564	234	278	567	238	274	578	236	277	569	234	278	563	240	272	573	240	271	578	237	279	551	214	211	206	201	204	203	201	198	201
197	202	224	217	252	503	229	256	496	234	257	493	229	258	502	230	261	496	227	263	487	227	259	491	230	260	487	210	204	205	200	202	204	202	203	207
198	207	218	208	221	315	213	222	319	211	227	315	208	227	316	216	224	324	195	225	315	212	222	321	211	225	319	208	205	198	200	204	205	202	202	208
203	205	221	208	214	274	210	219	274	206	215	276	209	214	273	207	211	266	208	214	267	213	210	273	212	214	276	205	209	214	208	205	208	200	204	215
204	202	213	209	215	255	208	215	256	206	214	266	204	214	256	204	218	258	205	211	263	208	211	262	208	211	255	202	204	205	202	203	210	199	201	209
199	205	210	205	216	279	209	216	283	211	217	272	210	220	277	209	215	275	205	218	272	210	218	273	208	217	276	203	204	204	203	204	205	201	206	202
201	203	225	221	259	542	235	267	537	231	262	531	227	267	533	232	270	531	237	272	533	232	268	542	236	269	529	210	207	203	200	200	201	200	205	206
200	205	220	216	236	417	221	242	416	223	240	421	222	240	420	226	244	415	217	244	421	223	246	421	220	247	416	209	208	203	203	207	200	204	200	201
202	203	248	226	304	780	260	309	780	258	314	784	261	316	789	258	314	785	254	306	779	252	309	795	251	317	760	224	215	212	205	205	213	197	205	209
204	201	373	333	607	2651	431	659	2658	433	666	2691	437	665	2671	428	660	2665	433	659	2636	423	667	2665	422	657	2614	280	251	217	203	201	223	204	208	220
201	202	260	243	322	894	262	333	890	271	335	898	272	338	896	267	338	894	271	335	898	272	336	909	269	338	881	224	213	211	208	204	209	207	201	208
204	202	234	213	240	433	220	249	440	226	249	434	223	246	442	221	250	436	225	251	434	226	242	436	226	247	434	212	206	212	198	202	211	202	207	211
202	205	217	208	215	302	211	221	296	212	225	303	215	221	299	210	219	298	215	220	303	212	217	296	208	214	295	209	203	202	206	199	207	199	200	197
206	204	214	201	215	268	209	218	276	205	216	271	210	214	275	208	214	269	208	211	273	208	211	265	197	212	271	207	203	206	204	202	205	205	200	202
200	201	215	203	212	267	206	213	268	204	218	271	206	214	262	208	217	271	208	211	266	212	213	271	206	213	263	208	203	209	201	202	204	198	203	205
202	200	244	222	288	680	244	296	677	246	292	681	250	293	674	244	297	670	246	296	670	249	294	674	248	296	669	216	214	208	200	201	206	203	205	209
203	200	238	220	268	573	237	276	566	242	275	584	240	276	567	237	278	570	238	280	573	239	275	569	234	268	565	217	212	212	202	205	208	201	205	208
203	203	218	209	226	344	216	226	341	218	230	345	218	228	350	215	231	347	212	230	347	213	232	344	220	228	342	208	200	204	203	200	205	203	199	205
200	199	220	211	216	303	214	224	310	207	224	310	211	221	308	215	219	305	213	223	302	216	221	305	210	223	300	198	206	207	200	199	207	202	202	209
199	203	304	288	482	1862	358	511	1849	359	509	1830	351	513	1863	345	503	1847	352	510	1852	352	506	1858	351	503	1822	253	238	202	203	203	206	203	203	205
202	201	244	238	313	846	266	329	852	267	331	852	261	332	851	264	328	851	266	326	852	267	330	848	267	327	840	226	216	199	202	201	203	201	202	198
203	202	227	212	239	434	224	243	437	221	241	435	225	245	427	225	249	423	226	248	434	224	245	439	223	248	430	210	206	214	203	207	213	203	204	212
196	204	210	202	214	263	208	212	261	206	213	261	209	216	266	207	212	267	208	216	265	209	210	268	209	211	267	205	198	209	202	205	207	199	198	212
200	201	216	210	222	321	213	229	332	212	228	326	210	224	329	215	228	324	216	222	325	210	225	325	216	226	324	206	205	207	203	200	202	199	203	202
204	206	215	207	214	286	209	220	285	209	215	285	209	219	284	211	217	284	208	217	286	211	221	287	213	217	286	206	202	206	204	204	207	199	199	208
200	197	208	204	213	278	210	214	277	207	217	278	211	216	277	207	221	274	209	217	276	206	217	279	211	217	273	203	202	204	197	205	201	203	204	204
200	202	213	204	210	257	210	211	259	205	215	262	209	213	256	210	214	260	209	212	258	207	212	262	208	215	260	203	199	209	201	208	208	202	199	210
203	201	231	219	247	464	230	250	451	226	246	459	228	249	459	224	248	459	226	251	463	221	249	464	228	253	454	212	203	208	199	202	208	202	201	204
200	205	218	211	230	376	218	235	381	217	235	384	221	235	381	220	238	372	218	232	380	217	235	376	216	236	371	208	207	204	203	205	203	203	202	203
202	202	212	207	217	299	210	224	303	211	220	296	209	222	301	212	218	297	213	220	297	210	216	297	209	216	295	210	204	199	202	201	203	196	202	201
200	203	211	202	209	252	205	212	254	208	210	252	210	211	254	207	212	255	204	211	258	207	214	256	206	211	251	205	204	208	202	202	205	198	205	206
203	203	210	205	205	237	206	206	241	207	208	240	208	209	238	205	210	245	203	208	241	205	209	236	204	208	235	205	201	205	200	199	202	204	205	205
201	205	214	206	205	244	204	211	251	207	210	244	204	210	246	204	213	245	208	210	246	205	213	248	204	206	251	203	207	209	203	204	210	203	208	213
202	202	216	212	223	316	213	223	303	213	224	317	214	223	312	208	227	310	209	224	312	216	223	308	210	226	312	203	204	206	204	205	206	197	203	210
205	199	215	206	212	273	208	216	276	211	216	274	212	220	274	208	215	273	204	220	279	211	214	276	210	219	271	203	204	204	201	205	205	201	203	201
201	202	216	206	215	272	206	214	273	209	221	271	207	212	267	209	213	272	208	216	270	209	214	277	211	214	273	205	204	207	203	205	212	199	205	209
203	203	218	202	218	277	209	215	278	213	216	271	209	216	272	208	218	273	205	216	269	210	216	276	205	213	271	201	202	209	205	203	215	206	202	214
212	221	308	211	230	349	213	231	358	205	230	354	217	231	356	215	230	355	211	229	352	217	228	359	218	234	353	214	221	300	219	221	301	208	218	297
199	202	208	205	211	249	207	212	255	207	208	251	207	211	256	207	212	251	206	212	255	206	213	254	208	209	252	204	200	199	200	200	197	198	197	202
199	203	223	211	243	416	227	237	418	222	243	425	221	242	420	223	241	426	223	245	424	220	243	424	222	242	421	208	205	205	201	206	201	203	201	199
202	203	246	227	276	665	245	293	659	250	290	665	250	289	662	245	290	669	245	291	658	248	294	660	241	294	654	220	212	212	205	205	212	204	201	214
201	203	221	211	232	371	219	235	368	216	236	370	219	237	373	217	235	373	216	236	368	218	232	367	214	238	363	205	207	206	203	203	206	199	201	207
202	203	213	202	216	275	209	224	283	212	219	276	215	218	278	211	214	281	210	214	275	205	219	282	211	214	275	203	205	204	202	204	203	201	201	209
207	205	223	208	214	282	211	214	281	209	216	279	211	217	279	208	217	282	208	220	276	207	214	285	211	218	283	202	208	211	202	205	214	203	203	215
207	201	213	207	219	308	213	223	308	216	222	309	210	216	303	211	222	308	212	225	306	213	221	309	214	223	310	207	207	205	203	201	206	202	201	205
205	202	210	202	210	265	207	216	266	211	210	263	209	210	261	206	213	267	209	211	265	208	210	259	212	212	268	204	203	203	203	201	206	209	202	206
202	199	210	205	209	250	207	212	252	208	214	248	198	208	260	207	213	257	209	213	250	203	210	255	209	208	259	208	204	214	202	203	211	202	203	211
206	206	216	205	223	341	214	226	333	214	226	339	215	231	338	212	225	340	210	228	329	211	230	338	217	227	336	208	205	211	206	198	204	199	198	204
204	203	222	216	259	519	233	263	525	234	268	520	233	262	518	234	267	529	230	263	519	232	260	525	230	259	517	212	208	207	203	203	200	203	200	201
201	200	235	228	284	670	244	294	675	242	288	660	244	293	667	244	297	664	235	288	664	253	291	659	244	286	651	220	210	210	203	200	212	206	203	210
206	200	280	268	400	1397	311	422	1391	311	423	1391	315	426	1367	314	426	1402	315	426	1372	308	430	1388	318	426	1354	241	220	206	204	206	204	199	201	205
200	203	350	328	588	2556	425	643	2540	423	648	2565	417	648	2591	421	643	2557	424	638	2567	422	630	2575	416	638	2513	282	250	213	204	207	213	202	198	210
204	202	256	243	336	965	275	350	958	280	354	963	280	342	966	274	352	965	273	348	969	272	353	970	281	345	938	229	218	201	201	204	207	204	201	206
202	200	224	211	248	469	233	253	486	230	257	479	235	256	480	226	260	471	229	253	478	225	258	467	227	258	468	219	205	202	195	207	204	203	202	203
199	204	222	209	223	335	215	231	340	214	224	340	219	225	336	215	229	330	220	225	337	217	231	328	214	232	333	206	206	209	204	204	208	199	202	206
200	206	213	208	229	335	209	226	335	213	228	333	212	228	332	215	227	338	214	229	333	214	230	333	214	227	330	209	205	203	200	202	201	202	201	206
205	202	216	212	237	404	219	238	413	222	241	412	221	241	409	221	245	412	227	243	414	224	241	409	216	240	415	208	202	207	200	205	202	204	205	199
206	210	256	213	229	341	216	229	351	221	234	355	217	228	363	218	232	356	220	229	355	216	235	354	213	235	354	210	215	247	207	212	255	208	214	251
203	197	207	204	212	257	210	215	252	204	211	260	207	211	262	211	215	258	208	214	259	208	213	258	208	214	253	201	207	201	205	199	201	203	203	202
201	203	208	201	209	251	204	212	257	204	211	254	204	212	253	209	211	254	208	211	256	211	212	258	205	213	257	201	200	206	202	202	201	203	200	201
200	203	209	201	210	264	208	216	261	209	213	265	207	210	260	208	211	260	204	214	265	207	213	265	204	212	263	200	202	199	203	203	207	199	201	201
200	201	219	208	226	324	210	225	333	214	227	332	220	231	328	213	226	331	212	231	328	213	225	332	216	229	327	200	204	207	201	205	209	200	198	208
200	197	266	251	364	1170	285	378	1180	288	378	1173	288	377	1186	291	381	1188	291	381	1174	286	385	1173	289	380	1154	234	216	205	203	203	205	202	202	204
200	203	587	534	1272	4075	780	1414	4075	788	1411	4075	789	1391	4075	768	1406	4076	784	1395	4074	771	1402	4075	773	1410	4073	410	318	203	202	204	205	202	202	205
201	199	485	439	938	4065	608	1040	4064	604	1048	4063	607	1040	4064	606	1042	4063	613	1063	4062	602	1033	4063	607	1043	4058	343	284	196	201	201	197	203	201	201
201	201	316	292	464	1855	345	506	1828	345	507	1811	346	495	1829	343	497	1818	357	498	1791	351	502	1812	352	489	1662	257	229	200	200	199	204	201	202	204
203	201	232	220	273	607	239	285	615	245	285	609	237	282	611	237	278	613	242	278	611	243	277	607	242	280	613	217	211	208	203	197	205	203	203	202
203	201	215	210	215	307	216	217	303	209	223	309	209	218	304	212	223	309	209	219	299	210	224	305	211	216	300	204	204	204	199	202	204	201	202	206
202	204	212	206	211	268	206	215	257	209	214	262	207	209	244	211	211	262	206	212	255	203	214	257	203	214	261	203	200	205	207	200	206	202	203	211
203	203	216	209	213	258	204	211	251	205	215	263	208	215	259	209	210	261	207	214	258	205	215	261	210	219	256	207	204	211	204	202	215	202	202	218
201	210	223	204	215	271	211	211	265	206	211	265	210	212	267	205	217	264	206	215	268	207	214	267	211	220	262	208	203	221	201	205	220	203	207	220
201	204	232	204	214	275	207	218	276	212	218	276	208	214	275	209	213	277	210	216	271	210	216	276	209	216	280	207	206	224	202	206	222	207	203	220
202	201	217	205	213	279	210	215	274	208	213	272	212	212	278	207	218	273	208	215	273	208	216	280	209	214	280	206	207	213	198	202	208	204	204	208
200	205	206	206	213	258	206	212	259	207	210	255	209	209	253	208	210	254	207	214	255	206	211	259	210	214	256	203	202	204	199	202	204	201	205	202
201	205	223	212	217	296	208	220	293	208	217	299	211	217	298	209	219	291	209	220	292	208	216	288	208	220	294	203	208	212	204	202	215	201	206	215
204	208	271	234	286	682	245	298	677	255	298	689	246	297	689	253	303	680	250	306	679	249	298	675	245	299	652	225	218	238	206	207	236	206	207	236
200	200	873	759	2021	4094	1220	2306	4094	1219	2300	4094	1233	2293	4094	1189	2293	4094	1212	2298	4094	1201	2274	4094	1199	2277	4094	553	391	201	200	204	204	202	204	200
200	205	490	445	956	4096	620	1056	4096	621	1052	4096	610	1053	4096	609	1062	4096	614	1052	4096	613	1065	4096	611	1087	4097	352	289	211	198	202	206	198	203	204
203	201	307	286	466	1701	346	500	1678	351	496	1695	352	502	1708	342	501	1710	351	502	1700	355	490	1711	341	496	1650	256	229	207	197	202	203	200	204	202
202	203	227	217	249	510	230	267	512	226	262	504	231	264	508	228	257	515	230	261	506	230	264	512	233	265	511	213	212	206	201	198	203	204	201	206
205	199	209	205	218	276	213	221	280	208	224	286	209	218	291	211	217	284	208	215	282	210	223	292	206	220	285	203	202	207	197	200	208	210	206	207
201	199	211	208	212	255	207	218	256	206	209	257	207	214	258	205	213	253	209	209	249	204	212	254	207	210	255	207	203	210	203	204	205	199	206	207
203	206	209	203	212	244	203	212	243	209	210	245	204	209	244	208	212	245	204	207	243	204	205	246	203	208	240	202	203	204	201	204	206	201	202	201
202	203	212	205	210	245	208	206	250	203	212	247	210	211	250	207	212	249	204	207	250	205	214	251	207	214	247	202	208	206	200	205	206	204	209	205
203	201	221	214	241	419	223	250	426	224	247	423	222	245	432	223	251	428	227	245	424	223	246	423	226	240	421	214	205	203	199	202	202	199	200	204
203	206	355	333	603	2641	429	655	2633	428	653	2625	427	655	2676	423	654	2670	422	670	2638	417	662	2641	426	640	2588	284	240	204	199	197	205	200	202	210
201	202	260	252	353	1114	292	371	1100	285	387	1106	290	374	1108	285	372	1102	287	377	1101	288	371	1109	283	373	1085	232	214	204	199	203	203	201	202	206
203	206	255	224	266	551	238	272	552	238	269	556	238	273	563	232	272	560	239	267	560	230	273	556	236	276	545	217	211	230	205	209	230	207	208	228
205	200	214	208	216	282	209	216	271	209	217	284	211	213	282	211	220	286	208	216	271	211	213	278	209	217	280	208	208	205	204	203	209	199	203	207
202	204	204	208	209	276	208	214	274	209	211	277	213	216	281	205	216	284	207	216	278	210	217	284	210	213	279	203	206	199	206	204	205	201	203	196
204	202	221	213	247	526	230	263	536	237	264	539	241	265	537	234	271	549	234	267	559	237	268	552	242	272	536	208	206	203	204	202	207	201	206	205
204	208	233	208	227	363	220	232	360	218	238	373	222	237	368	220	236	376	218	234	371	220	238	372	217	232	357	207	208	228	205	212	231	205	204	233
204	199	207	207	211	274	205	211	273	207	217	273	204	216	277	208	213	279	207	217	275	209	214	280	205	214	270	204	205	205	205	202	204	203	203	205
200	198	202	207	202	237	206	201	236	204	208	233	206	208	235	203	207	236	204	207	231	204	207	234	205	210	240	202	200	205	203	201	201	205	202	199
206	202	205	203	207	229	204	209	230	203	206	235	202	209	235	200	204	229	206	203	236	206	205	229	204	205	234	205	203	205	201	198	207	200	199	203
199	204	209	202	208	228	202	203	228	209	209	231	203	206	228	208	205	228	206	207	229	205	207	224	206	206	225	203	201	207	201	204	205	199	201	206
203	205	205	204	208	229	203	206	232	205	206	233	206	206	235	205	210	238	201	204	230	209	210	233	204	210	231	198	202	209	203	203	207	202	203	206
201	205	208	205	206	237	204	209	239	208	207	235	204	205	238	205	206	236	206	211	239	205	208	238	205	209	235	205	197	206	204	203	205	202	200	204
201	204	213	205	207	255	204	212	256	206	210	255	210	212	249	207	212	256	205	208	249	208	210	250	212	208	250	203	204	210	199	205	206	197	198	207
208	202	218	203	209	264	205	210	263	208	212	259	208	213	259	204	215	259	206	210	254	206	214	261	210	212	258	212	205	206	196	204	209	201	203	209
200	203	213	203	214	248	207	214	249	202	213	256	207	213	255	209	215	255	207	211	250	206	216	258	206	214	253	208	209	209	201	203	206	202	204	206
205	203	232	209	216	299	211	216	294	209	217	286	209	220	290	214	222	290	213	221	294	212	217	296	209	224	293	207	207	223	206	204	225	205	206	220
201	200	222	206	227	334	214	227	334	218	223	339	211	228	334	214	224	336	216	231	331	211	227	330	219	226	331	204	204	215	201	206	202	202	195	211
203	202	214	210	214	281	210	218	283	209	218	282	211	217	284	206	218	283	212	212	287	206	218	286	206	216	284	203	202	203	203	203	209	201	203	214
202	202	210	202	214	270	213	210	276	211	216	271	209	213	272	209	218	272	209	215	268	208	221	269	212	216	275	202	200	199	202	201	202	202	200	199
202	200	207	202	211	250	207	211	255	204	210	253	205	210	255	203	211	257	206	212	252	206	211	249	206	209	249	204	202	204	200	206	202	205	202	204
204	200	211	205	212	266	208	208	263	206	214	267	202	219	256	207	215	268	208	213	264	208	215	263	206	207	267	209	201	205	200	200	201	196	198	207
201	198	302	289	475	1885	353	517	1889	360	512	1894	362	524	1903	356	516	1881	354	514	1883	354	513	1893	360	515	1847	258	229	206	200	203	203	200	200	204
200	197	322	301	501	2025	367	541	2032	373	531	2045	375	548	2033	370	548	2013	370	546	2015	370	539	2007	364	538	1982	259	235	203	202	198	200	200	200	207
203	202	241	233	306	789	260	314	780	258	311	788	262	317	798	258	321	791	262	317	790	259	316	792	254	313	783	219	215	205	203	202	204	202	203	207
201	207	237	218	252	478	225	259	473	234	250	479	227	255	472	234	255	470	232	252	467	229	257	477	225	256	468	209	209	217	199	204	216	198	203	219
208	206	215	205	213	287	212	214	281	207	219	274	213	216	287	205	219	291	208	217	282	210	213	280	206	213	282	204	205	208	202	203	206	202	204	208
201	204	213	202	212	266	207	214	269	210	212	265	211	214	277	206	215	261	209	215	268	213	212	267	213	210	270	201	207	206	203	203	207	201	203	204
201	204	296	284	458	1820	340	496	1786	348	495	1792	344	501	1823	343	503	1806	353	496	1791	352	492	1783	348	490	1749	256	228	208	200	202	207	203	199	206
203	203	433	387	802	3811	527	894	3781	541	885	3804	543	886	3814	532	899	3795	541	893	3792	534	883	3772	540	891	3723	325	269	208	200	202	208	202	200	207
208	208	328	293	481	1901	360	518	1888	359	519	1914	365	520	1894	360	521	1904	362	522	1914	361	525	1902	365	510	1848	259	235	226	204	204	225	203	205	224
201	204	242	236	305	786	259	319	800	261	313	806	259	316	800	256	316	804	257	319	806	263	309	791	261	318	769	221	213	199	202	205	196	196	197	202
197	201	212	212	240	409	216	240	408	226	241	410	220	245	406	220	240	413	222	238	407	218	240	409	220	243	409	205	206	199	200	200	196	203	201	198
199	205	221	207	219	323	211	220	323	210	222	325	210	227	316	214	224	327	212	225	323	215	228	317	212	225	319	206	209	214	200	202	213	201	203	214
203	200	207	205	212	273	204	214	268	207	216	269	210	212	272	210	216	270	207	215	273	208	215	275	211	218	275	205	205	207	203	200	199	199	203	200
203	205	221	206	216	283	212	220	285	209	214	287	209	220	284	208	221	288	207	216	290	206	216	285	211	215	283	209	205	210	208	204	218	203	206	216
197	204	215	206	221	311	216	227	314	211	220	311	211	225	312	211	223	309	214	223	311	213	221	310	216	226	307	207	207	210	200	202	220	203	201	211
204	205	227	219	243	448	230	251	454	230	250	447	225	252	451	227	246	454	224	255	448	223	252	454	228	249	448	211	209	216	204	201	212	203	205	207
198	202	409	378	741	3740	504	822	3740	508	832	3745	503	816	3751	496	831	3741	506	834	3739	504	836	3737	499	826	3706	313	261	205	198	203	205	203	202	203
203	199	1642	1348	3699	4099	2225	3972	4099	2226	3976	4099	2260	3973	4099	2207	3975	4099	2219	3970	4099	2236	3979	4099	2224	3983	4099	903	578	209	202	203	207	202	206	206
206	203	1012	846	2251	4095	1342	2585	4095	1342	2572	4095	1379	2568	4095	1330	2599	4095	1355	2587	4095	1353	2594	4095	1336	2584	4095	603	432	215	204	206	213	201	205	211
198	203	477	417	858	4093	559	935	4093	582	957	4093	575	958	4093	558	965	4093	562	972	4093	565	960	4093	571	968	4092	344	275	209	201	200	211	202	201	213
206	202	314	282	462	1696	344	492	1698	346	493	1712	346	490	1708	346	491	1710	343	494	1712	338	491	1704	339	491	1678	256	230	212	203	200	206	198	200	207
202	204	221	213	231	404	219	235	407	220	241	406	223	240	401	219	242	406	224	240	399	218	237	395	222	240	394	207	204	200	200	203	201	202	202	201
200	206	236	203	221	293	212	219	297	207	219	296	210	218	292	210	218	286	205	216	293	211	218	292	208	222	288	207	208	223	206	206	224	203	210	227
204	202	211	203	213	259	208	211	260	205	214	259	209	211	259	206	210	265	206	212	259	207	216	257	202	212	254	205	203	204	205	202	206	201	201	202
203	206	218	205	210	255	209	212	264	210	213	260	205	211	264	211	218	261	205	208	257	204	217	260	207	218	258	203	203	213	205	206	211	205	204	212
202	198	207	201	209	237	204	205	242	207	205	240	203	207	236	208	211	242	208	212	236	205	208	238	208	204	239	204	204	210	205	199	207	201	201	213
197	200	201	201	207	232	205	208	231	208	204	231	202	204	230	202	209	229	206	207	232	202	210	235	202	204	234	202	200	201	201	202	205	201	199	203
205	202	218	208	207	240	206	207	239	203	206	239	205	210	243	206	208	236	208	208	233	202	210	234	205	208	240	206	204	212	208	204	213	204	208	215
208	204	213	204	210	228	201	207	236	205	207	235	209	206	237	208	208	235	204	213	235	203	207	233	204	205	234	204	200	208	203	202	211	203	201	212
196	198	206	203	207	227	204	207	230	206	211	230	203	207	227	206	204	228	204	207	229	204	206	224	206	204	226	202	202	204	205	198	206	202	205	202
205	208	244	208	211	268	212	218	265	211	212	270	207	214	270	211	215	267	206	212	266	207	218	268	211	214	268	209	213	246	210	212	243	208	208	243
201	203	222	207	214	265	207	212	265	209	212	266	207	213	264	208	211	260	206	213	265	208	211	264	215	215	265	204	207	214	206	203	212	204	204	210
202	203	279	263	392	1340	310	413	1378	310	414	1347	306	417	1343	304	420	1354	306	418	1332	307	412	1349	304	423	1320	238	220	206	202	201	208	205	200	207
199	201	246	237	300	796	259	319	788	266	327	794	258	319	791	259	312	789	253	315	798	256	314	791	259	319	783	220	213	203	202	200	200	199	202	202
201	203	229	214	240	429	224	241	422	222	247	423	223	246	425	225	249	421	223	245	423	223	246	422	219	243	415	208	209	215	202	204	213	203	206	211
203	202	215	207	219	310	213	219	309	213	221	315	211	225	315	214	225	312	213	224	311	212	224	310	214	222	313	202	206	210	206	206	207	203	205	202
206	204	209	200	207	243	206	211	239	206	210	240	203	207	236	207	207	241	208	210	240	204	206	238	203	208	235	206	203	208	200	208	208	204	197	211
199	204	208	206	206	227	206	206	228	204	205	231	211	207	227	210	206	225	204	206	229	202	208	231	202	205	221	202	202	207	201	203	205	198	202	209
201	207	211	201	206	229	204	205	225	208	206	225	209	208	225	204	208	231	205	206	233	203	206	230	204	204	228	207	204	208	206	203	209	204	200	209
197	198	209	200	205	228	200	206	232	204	207	228	205	209	228	207	207	230	208	206	229	202	206	232	201	207	226	201	203	206	202	196	206	199	203	206
201	201	219	201	208	231	208	211	240	205	207	236	202	206	234	202	205	237	205	207	237	209	206	233	204	209	234	202	209	217	202	202	215	205	197	214
201	204	206	202	210	228	206	209	229	207	208	228	206	208	228	205	209	229	204	210	230	207	207	226	205	206	228	201	204	208	197	204	207	203	204	207
201	205	211	187	209	226	202	208	227	206	206	229	204	206	227	205	208	231	205	206	229	203	205	229	203	212	225	198	204	210	204	201	208	202	208	211
201	201	210	203	201	227	205	206	225	202	208	226	199	203	225	202	206	227	205	204	229	206	208	229	203	208	229	202	203	203	204	201	205	204	203	202
199	201	205	205	206	240	205	208	240	206	207	238	202	210	241	205	208	240	203	215	237	206	205	239	206	209	244	203	201	203	202	198	203	201	200	207
200	203	213	203	212	273	209	216	266	209	228	267	208	217	267	206	215	266	213	219	271	210	216	268	213	210	263	206	202	210	203	200	208	201	204	211
201	202	253	246	346	1087	286	367	1088	287	369	1066	279	362	1071	282	371	1076	290	366	1083	285	364	1079	285	369	1054	229	217	208	207	204	205	201	205	204
204	205	294	271	425	1562	326	455	1544	334	456	1538	327	452	1545	324	453	1540	329	454	1552	332	442	1551	326	448	1517	245	229	215	202	206	214	204	202	215
203	205	442	390	815	3821	534	884	3800	543	897	3798	544	883	3795	538	888	3785	537	896	3787	529	886	3751	533	882	3710	315	265	226	202	206	228	204	207	226
202	201	305	300	506	2047	371	535	2008	371	549	2041	373	545	2056	373	537	2028	378	537	2041	364	534	1998	372	528	1986	263	239	204	203	212	203	202	201	201
202	204	249	235	314	879	271	332	884	263	337	877	268	330	885	265	331	880	262	333	885	267	333	886	271	337	860	224	215	205	206	202	208	199	206	207
207	206	225	217	260	538	235	267	551	236	274	556	234	267	559	236	272	539	236	268	559	232	267	542	232	272	533	211	209	205	203	198	204	201	206	207
201	203	216	207	215	273	209	215	278	207	216	278	208	214	280	207	218	283	210	215	274	209	214	278	210	213	275	206	204	215	200	205	213	205	203	212
197	201	203	202	205	229	203	205	227	209	206	226	207	201	230	205	204	227	201	208	223	204	205	227	205	204	226	201	204	207	206	202	205	202	203	201
202	195	207	201	204	214	204	206	219	203	208	219	206	212	217	203	203	220	201	208	216	200	203	222	204	206	219	205	201	199	202	201	203	202	204	200
200	200	209	205	206	222	201	206	226	207	205	230	203	210	226	210	210	226	206	204	225	206	207	224	205	204	226	202	203	207	201	207	209	202	203	209
203	203	203	203	203	215	202	207	214	203	200	215	203	204	220	202	208	217	200	206	218	205	210	220	201	203	215	201	200	205	199	198	203	203	201	204
203	206	214	206	229	339	218	229	346	221	234	331	215	231	337	214	233	332	215	229	333	211	224	344	217	232	331	205	207	210	207	201	208	200	205	209
201	201	267	241	342	1053	284	365	1052	284	363	1056	284	367	1063	282	370	1052	285	361	1059	283	362	1071	280	367	1034	232	223	214	206	204	212	200	203	216
201	203	226	216	244	458	227	253	463	225	253	465	224	255	468	219	250	465	226	253	462	227	253	457	226	253	449	212	207	213	202	203	207	203	201	211
198	203	211	209	225	330	212	226	332	212	228	326	211	228	322	213	232	335	215	224	327	214	225	333	211	226	332	203	207	206	203	207	210	202	200	207
208	211	253	210	223	315	215	224	316	210	224	312	214	220	313	210	227	313	211	219	315	212	221	312	208	220	313	208	213	246	204	212	245	207	211	248
206	201	212	206	204	230	204	203	224	206	207	224	205	207	224	200	205	230	201	205	226	206	210	228	204	206	224	200	203	206	203	204	207	202	204	209
205	208	220	206	206	231	205	207	232	203	205	229	203	206	233	207	211	235	199	209	236	204	208	234	206	209	234	206	204	221	205	206	220	205	205	223
203	201	208	205	204	215	204	206	215	203	205	219	200	209	211	200	206	214	204	202	216	206	207	215	205	209	219	204	199	211	204	206	208	196	198	204
200	202	208	199	201	212	202	199	216	206	204	216	202	206	213	201	201	212	206	205	213	201	206	215	202	203	216	198	202	203	200	199	204	202	202	202
203	202	223	207	212	265	206	212	265	207	216	265	208	214	265	207	214	261	206	214	265	212	214	266	208	211	261	203	204	218	201	206	220	205	205	223
203	202	208	201	208	242	205	207	235	206	207	235	202	211	242	205	209	240	203	207	239	206	207	242	207	209	238	203	206	201	203	202	205	199	201	207
199	202	207	206	210	238	199	205	234	203	208	235	203	208	230	206	207	234	206	214	234	204	208	236	204	210	238	202	203	203	200	199	204	208	201	202
201	203	225	203	209	246	207	214	240	201	207	242	207	210	242	204	212	246	204	209	243	202	213	240	205	214	243	203	205	220	202	205	222	203	209	222
206	205	200	203	205	228	202	199	227	203	205	225	205	204	226	202	203	225	201	207	224	206	206	222	204	204	222	203	203	213	204	202	213	204	202	212
200	205	206	204	206	215	203	206	216	204	205	218	204	202	223	204	205	217	207	205	221	203	203	217	204	206	215	202	202	207	204	204	204	199	201	211
204	203	214	207	215	287	209	213	280	207	215	279	211	218	281	211	215	280	209	216	277	206	217	277	209	213	278	204	204	203	201	205	206	203	201	207
203	207	215	210	217	296	207	222	292	212	222	296	208	215	296	210	222	302	215	219	291	212	223	301	211	219	298	207	208	210	203	200	210	199	203	209
203	202	210	204	212	249	206	214	251	208	214	255	206	212	250	203	216	249	207	211	246	203	211	252	206	211	244	203	206	208	204	202	205	203	204	210
203	205	208	205	207	234	206	206	229	206	206	227	203	208	229	204	207	232	203	208	231	205	208	231	203	208	229	202	206	202	201	202	204	201	201	202
199	204	207	204	205	219	200	205	220	206	205	224	203	209	221	202	209	223	204	208	217	199	202	219	203	205	212	199	201	206	202	204	204	201	205	205
204	200	216	204	204	217	203	203	218	209	205	222	206	204	221	200	200	220	204	205	220	203	206	223	202	203	223	201	200	211	202	205	210	203	201	212
201	202	208	202	210	220	204	203	218	203	208	220	204	206	214	199	205	221	198	205	215	202	205	216	205	208	216	206	202	205	200	204	209	204	202	210
204	204	205	201	201	211	202	201	209	200	204	212	205	203	210	202	202	211	204	205	208	202	201	213	207	205	211	201	201	202	205	203	198	204	199	203
206	206	207	200	205	213	205	204	215	204	208	215	204	203	211	203	203	213	202	202	210	203	202	210	202	206	212	202	204	204	206	199	203	202	201	208
202	200	212	203	201	222	200	204	220	203	206	220	206	204	222	201	205	215	202	204	218	206	208	221	198	206	217	205	203	209	206	209	212	201	205	208
200	202	203	203	206	232	205	204	234	206	210	238	208	205	238	209	210	234	203	209	231	206	209	228	203	204	232	203	200	202	201	204	202	202	203	207
203	203	206	201	206	222	203	205	220	208	210	224	204	208	225	204	204	224	206	205	224	201	203	221	205	206	224	199	204	208	204	203	202	202	201	204
201	202	210	207	203	217	204	202	219	209	204	219	207	205	215	206	209	220	205	205	217	203	203	217	203	204	217	203	205	208	199	205	202	200	205	207
204	200	206	206	204	219	200	205	214	206	208	217	201	200	217	202	208	219	207	206	213	204	201	220	207	205	220	202	201	207	202	199	208	205	201	205
200	202	207	200	205	215	203	205	215	208	203	218	203	206	219	203	203	220	204	204	218	192	203	214	205	204	217	202	200	207	206	206	207	200	203	204
199	202	209	204	200	211	200	204	215	201	203	212	204	204	213	208	204	212	200	206	211	203	201	213	204	201	215	203	199	207	202	202	203	201	205	205
203	201	208	202	204	215	202	199	212	202	201	213	205	207	210	203	200	215	204	203	209	204	207	207	205	202	210	203	204	203	203	203	207	200	201	207
201	199	205	199	201	210	202	201	205	196	203	209	201	206	209	201	207	206	202	204	205	199	202	204	203	203	208	201	200	204	200	201	204	200	203	200
207	203	206	206	204	215	203	206	214	208	206	213	204	200	216	202	204	215	203	203	215	204	203	217	205	205	214	202	200	207	200	206	205	198	204	208
200	202	204	203	208	221	204	204	219	204	204	218	204	206	217	197	206	218	204	205	219	200	206	218	201	204	215	202	203	207	200	203	202	201	204	206
205	203	211	201	206	220	203	205	222	202	204	221	201	205	221	202	206	223	200	211	222	202	204	218	202	205	220	198	204	213	204	199	208	203	205	210
199	203	207	201	208	211	198	200	212	204	202	210	207	203	211	203	201	213	201	205	208	200	204	210	202	205	211	202	201	208	204	201	205	203	207	207
204	201	210	201	202	211	205	202	213	204	206	209	204	207	210	206	202	207	205	202	210	204	207	213	202	201	208	201	202	205	202	201	202	203	205	204
201	201	213	206	203	217	201	201	220	201	205	219	203	206	223	202	205	218	205	205	221	203	202	224	201	202	216	201	203	213	203	202	211	195	206	215
210	205	228	205	206	226	203	202	227	206	204	233	204	206	225	202	206	231	204	204	227	204	205	227	201	205	226	200	206	222	204	206	222	201	206	219
207	204	217	203	202	219	203	208	216	202	203	216	205	208	219	198	204	219	203	202	216	205	207	220	203	204	222	200	202	213	204	204	215	200	205	218
203	203	207	200	205	209	201	204	209	205	203	211	202	200	211	203	199	212	206	204	208	206	206	213	205	201	213	199	202	200	197	205	210	205	201	206
199	204	206	201	205	213	202	206	211	205	205	208	204	201	208	202	201	206	204	203	210	201	206	209	200	206	210	202	202	204	202	204	204	201	201	205
203	203	225	202	212	229	201	207	228	202	204	227	204	207	233	202	210	234	206	204	221	200	208	225	203	206	227	202	205	223	202	206	223	200	206	211
199	203	201	202	202	209	200	203	206	203	203	204	199	199	206	204	201	207	205	198	205	205	202	207	197	205	204	201	204	198	204	204	201	198	199	204
202	205	198	205	201	205	203	199	210	202	204	209	203	200	206	202	200	210	202	200	206	200	203	206	197	203	208	201	201	200	200	201	202	204	199	200
207	201	206	203	203	212	197	204	208	205	203	204	201	202	210	204	206	212	200	202	207	203	202	210	199	204	211	208	204	201	199	204	204	203	205	200
202	203	203	201	202	206	204	205	208	204	201	209	200	200	207	201	201	207	203	201	206	204	203	209	200	203	206	200	200	202	197	200	203	202	204	202
204	204	213	206	200	220	202	203	218	203	204	220	203	206	221	207	205	222	204	206	219	202	207	221	205	205	218	206	206	210	199	204	209	206	203	216
205	201	208	201	200	211	199	199	208	203	207	211	201	203	215	203	203	211	201	203	206	207	205	209	201	204	213	199	202	206	202	201	205	204	201	204
199	199	204	203	201	209	202	200	210	203	203	214	201	204	205	198	206	210	200	205	214	201	200	212	201	197	205	202	204	201	201	203	204	202	201	200
205	211	235	204	207	237	207	210	241	204	209	235	204	211	238	205	209	237	208	207	232	205	212	233	205	209	235	207	207	230	203	207	230	204	209	230
206	199	204	200	203	212	200	205	205	207	204	211	207	201	214	201	198	211	198	199	207	205	203	204	202	201	210	201	202	200	200	199	202	200	199	204
194	201	205	208	200	208	191	204	206	201	204	208	199	205	209	204	202	208	198	204	207	206	204	210	204	201	207	200	200	200	201	200	201	205	202	201
205	206	224	207	204	233	204	206	239	205	204	231	202	207	231	205	207	234	205	210	229	204	208	234	205	207	232	202	207	229	205	204	220	204	207	226
202	202	212	208	209	227	208	209	224	208	205	222	205	203	224	206	209	227	201	207	222	205	207	225	205	206	227	204	202	211	202	204	208	204	203	214
200	201	201	206	207	230	199	209	232	202	209	234	203	205	229	202	206	231	199	209	232	204	208	230	202	209	233	202	204	210	206	204	205	202	202	209
202	202	199	202	202	217	204	204	216	200	203	215	208	201	220	202	206	214	201	204	212	204	202	216	205	204	216	203	200	202	197	203	201	203	203	200
202	198	204	201	207	219	203	206	222	203	204	220	198	203	217	202	207	220	203	206	215	204	203	218	205	208	227	204	203	200	202	202	200	204	203	204
201	202	205	205	205	228	202	208	235	205	208	232	204	208	230	197	204	232	202	205	229	204	210	231	206	209	234	204	202	205	206	203	204	204	204	206
203	202	224	219	239	426	224	246	430	224	248	424	227	246	426	223	247	430	221	248	428	222	245	429	226	249	430	208	207	208	202	198	207	200	201	209
200	200	309	287	466	1884	352	507	1859	362	506	1878	353	512	1868	353	508	1858	355	513	1850	351	503	1852	353	513	1826	251	231	205	204	200	207	200	202	205
205	202	268	246	360	1078	287	366	1087	283	373	1099	288	371	1099	284	373	1092	290	378	1099	284	380	1096	281	366	1067	232	220	209	205	201	210	200	208	215
199	204	242	231	282	696	248	298	690	241	297	681	248	292	695	256	285	691	251	295	688	248	297	681	247	306	674	216	213	206	202	200	205	202	202	202
204	204	229	221	250	506	227	261	499	235	260	495	230	257	506	229	252	498	228	263	501	233	254	507	230	261	496	213	212	210	202	204	209	200	203	207
201	203	222	206	224	330	214	225	339	216	228	336	215	225	342	214	227	342	215	228	335	220	230	331	217	227	336	209	204	210	201	204	214	203	200	210
199	208	211	204	207	231	206	204	227	203	206	232	206	205	225	204	206	230	206	203	228	203	208	228	203	208	226	207	201	204	205	206	211	203	203	208
206	205	214	205	205	227	200	204	224	205	205	229	202	208	223	204	209	226	206	206	229	207	206	225	202	203	223	201	204	215	201	208	213	205	203	216
202	202	205	207	208	230	204	209	224	204	206	230	205	209	230	202	207	225	202	211	224	203	200	223	207	203	227	203	200	207	202	202	205	204	209	205
203	207	219	207	209	232	205	204	239	201	212	235	203	205	234	202	209	232	206	211	238	205	210	236	206	208	231	208	210	218	203	204	218	205	201	216
200	203	208	203	207	233	203	206	237	205	209	232	208	209	227	201	210	234	201	208	238	205	211	238	207	209	231	202	200	204	208	204	202	203	201	206
198	205	228	218	245	454	231	248	454	226	252	462	223	251	461	224	253	462	223	251	458	222	251	462	225	244	455	208	212	209	206	202	208	199	212	211
203	203	219	214	238	395	221	237	392	220	239	390	220	234	398	217	240	392	221	235	384	215	235	391	220	242	384	207	208	205	203	205	205	201	200	208
201	200	220	212	220	322	215	224	327	210	223	328	212	221	325	211	227	325	210	224	326	209	223	328	212	223	317	205	204	212	200	204	209	203	203	216
202	203	213	208	221	276	210	219	279	208	216	273	206	218	272	206	215	273	211	214	268	209	217	274	208	211	273	205	206	204	202	204	202	200	200	208
202	203	216	205	213	250	209	212	252	208	211	254	208	210	247	206	213	251	206	214	247	208	214	253	204	211	251	204	205	209	204	208	210	203	204	204
200	201	200	199	202	211	200	201	211	202	205	210	201	204	212	199	203	206	201	204	210	203	206	209	203	202	217	200	202	198	201	205	203	202	199	202
201	207	206	202	205	212	203	203	218	207	204	216	203	201	213	203	197	211	205	201	213	201	205	217	203	203	210	205	201	208	201	204	203	198	204	206
200	201	214	202	204	220	199	205	213	203	204	221	203	205	217	206	206	220	202	206	223	201	205	214	204	205	221	201	206	208	202	201	205	202	203	206
201	201	204	199	199	209	207	204	208	204	204	210	204	204	214	203	202	207	201	203	213	207	197	212	201	203	211	204	202	201	202	203	206	200	202	202
203	199	208	199	203	206	202	204	209	198	200	208	203	205	209	202	202	207	202	201	208	203	200	205	202	204	208	202	201	204	203	196	201	201	204	207
202	201	208	201	204	210	202	205	213	202	203	209	204	205	214	200	206	217	202	202	213	202	205	214	201	199	209	206	201	211	203	202	204	200	203	211
205	201	205	204	206	206	205	201	206	199	198	206	203	202	206	201	201	203	199	201	210	200	200	205	205	205	203	204	199	207	204	199	203	200	200	201
202	199	200	201	200	203	203	205	206	201	201	208	201	202	204	202	204	205	199	208	204	201	204	207	201	199	202	202	200	198	206	199	202	202	204	198
201	199	204	197	206	216	198	200	212	202	202	212	200	201	215	202	203	211	205	205	214	202	209	214	203	203	211	203	202	202	201	205	204	201	201	203
198	202	204	202	203	208	207	206	210	200	204	212	202	206	210	204	201	210	202	204	215	199	203	213	204	203	211	200	207	202	199	200	202	202	202	203
206	205	212	200	205	219	203	202	220	202	205	223	203	205	217	208	202	219	204	206	219	205	207	219	203	204	218	201	204	212	205	208	212	201	203	211
204	204	211	199	205	214	202	208	215	199	205	216	204	206	215	203	204	216	207	207	216	202	203	216	205	208	216	202	204	213	202	202	212	204	205	211
202	204	207	205	200	211	202	206	213	200	204	208	201	210	213	203	206	208	200	199	207	204	201	214	203	203	210	201	200	205	203	201	203	202	204	204
201	202	211	202	205	217	202	205	217	203	205	216	204	203	215	205	204	214	203	207	214	202	204	216	201	203	219	205	202	212	204	202	213	201	200	207
204	204	222	206	207	221	204	206	223	204	209	228	200	204	229	203	209	224	205	204	226	203	202	226	204	203	222	205	206	213	202	206	223	205	205	220
203	201	213	201	200	212	202	202	211	213	207	210	202	205	215	199	206	210	206	204	214	202	199	214	205	206	213	203	205	211	202	203	210	201	202	207
202	205	205	203	203	207	204	203	205	200	196	214	205	204	204	202	202	206	196	198	209	204	206	205	201	202	208	200	201	205	203	202	204	201	202	206
207	207	233	204	211	232	200	209	236	205	205	238	207	212	235	199	208	231	207	202	236	205	207	236	204	204	233	202	206	228	206	207	231	206	206	231
202	204	205	201	202	207	200	207	206	203	204	205	202	198	205	199	202	206	204	205	204	199	204	206	199	201	211	202	203	205	199	196	205	203	203	204
201	202	206	206	202	208	198	206	211	196	203	214	203	204	213	199	203	211	197	201	208	206	202	208	202	203	210	202	204	207	204	204	205	204	202	205
202	201	206	201	204	207	202	201	201	200	200	209	201	203	204	205	200	208	202	202	206	200	201	205	202	200	210	198	200	204	202	205	199	205	203	206
202	202	204	199	204	208	205	201	209	202	204	209	203	204	207	202	203	204	204	204	207	205	205	206	201	198	206	199	204	204	201	205	207	204	201	208
202	207	203	204	203	212	208	204	212	202	203	212	203	202	214	200	208	212	204	203	213	206	201	211	203	206	216	205	205	208	205	202	206	202	207	210
207	201	208	200	204	211	204	202	208	203	202	211	201	202	211	202	204	210	201	206	207	203	204	210	202	202	209	201	207	210	200	200	204	202	204	212
199	200	197	199	206	205	202	201	205	203	202	204	202	210	208	197	204	204	202	203	206	200	200	204	203	204	203	200	203	203	202	204	205	199	198	206
203	204	208	202	204	215	201	204	206	201	204	215	199	202	207	200	205	213	202	201	210	204	204	205	203	202	208	204	204	207	200	201	207	203	204	209
199	200	198	202	201	197	199	206	201	202	195	200	198	199	199	203	204	203	201	200	202	200	204	200	201	197	200	198	203	203	204	199	202	202	205	199
207	203	214	203	203	218	202	206	214	204	203	215	203	211	216	204	201	216	200	207	215	204	208	211	204	208	212	205	204	217	205	207	215	203	203	208
200	200	207	201	199	210	203	202	205	205	201	211	201	204	206	201	203	207	205	201	206	198	201	211	199	203	210	202	202	203	201	206	203	204	197	208
201	198	208	205	200	207	203	199	210	202	203	209	206	205	212	203	199	212	200	201	211	200	203	211	204	200	210	201	205	209	202	204	208	200	206	211
203	199	213	202	204	210	204	202	209	202	204	209	202	202	213	204	202	211	202	208	216	202	205	209	203	202	212	202	202	210	201	204	213	201	203	209
205	204	209	196	208	212	197	202	207	203	199	202	201	205	210	205	201	209	204	208	206	200	207	210	198	200	195	202	204	205	207	200	205	203	195	203
203	202	209	202	203	208	206	206	207	201	204	211	203	202	208	202	203	211	201	202	210	201	201	200	202	203	207	202	202	209	202	201	207	202	202	206
200	204	206	205	199	207	203	204	206	199	206	209	204	203	208	204	200	207	204	202	205	206	203	209	200	204	204	204	200	202	202	203	201	199	203	209
199	200	208	202	203	209	200	203	210	209	203	211	203	200	209	199	204	212	207	203	209	201	205	209	204	206	210	201	205	211	198	201	208	202	202	206
201	203	205	203	202	208	198	202	213	199	203	210	201	203	208	196	200	211	206	206	207	205	201	208	200	203	210	203	203	208	204	205	208	201	203	206
203	198	209	204	200	208	202	204	211	204	204	212	202	204	208	197	202	213	202	207	211	200	206	211	206	201	204	207	199	209	196	201	207	199	201	207
200	205	202	203	201	203	202	202	201	203	201	202	204	204	208	203	201	207	206	200	203	202	202	204	201	199	207	201	199	206	203	205	204	203	201	205
201	199	203	205	209	221	202	207	220	205	204	217	207	201	222	208	204	218	207	214	227	204	208	223	202	206	218	204	203	199	202	199	204	204	201	203
202	202	212	206	220	287	211	220	285	210	215	284	210	223	286	211	221	288	210	220	286	208	219	285	210	217	281	207	203	211	203	201	213	200	204	214
199	203	213	203	214	274	205	218	271	210	214	274	208	214	271	206	215	270	209	213	271	209	213	276	206	210	271	204	206	206	200	205	213	205	201	205
203	203	210	205	214	254	205	211	252	206	214	253	203	210	252	208	212	251	207	211	249	208	210	254	205	210	248	205	205	207	202	201	205	200	203	202
200	201	204	199	212	235	209	208	241	205	209	234	205	206	239	201	213	240	204	206	233	207	207	232	204	208	233	205	205	206	202	202	203	201	205	205
200	200	214	202	209	223	204	203	231	203	210	231	201	207	226	205	208	229	206	208	231	201	208	231	203	209	225	205	204	211	204	203	210	204	202	213
202	199	207	201	205	219	200	204	211	203	203	210	200	203	209	203	201	210	203	203	211	200	207	212	200	203	212	202	201	208	201	204	209	203	203	207
203	207	222	205	207	230	204	205	220	205	208	225	201	209	227	206	209	224	207	208	225	207	205	223	204	208	223	203	206	224	202	205	222	203	206	221
204	204	210	202	200	213	201	204	214	201	201	218	204	204	214	205	206	221	201	205	215	201	206	216	204	206	215	203	206	214	203	203	214	202	201	217
203	202	208	200	205	207	203	201	208	203	206	210	201	203	207	201	203	207	205	202	206	203	205	207	201	203	210	200	201	207	201	204	203	199	201	210
201	202	214	199	202	218	206	204	218	200	207	222	204	203	219	204	208	215	204	207	217	204	202	218	203	200	212	206	203	214	202	202	217	204	203	214
199	201	205	201	203	206	201	202	204	201	204	204	201	204	202	203	203	205	201	202	207	202	207	206	204	202	204	205	202	200	200	203	202	200	204	205
208	205	210	199	202	214	204	202	210	201	207	212	201	206	211	201	202	206	200	201	212	201	205	212	204	203	210	197	202	208	201	200	211	205	202	209
200	203	211	201	202	212	197	205	213	201	204	208	201	204	216	204	203	214	204	206	218	203	202	213	202	201	211	201	201	211	202	201	208	203	209	208
201	204	202	201	204	210	202	205	212	203	202	207	198	206	211	199	202	210	206	201	210	199	203	205	199	203	208	205	204	203	200	204	202	200	204	204
203	200	205	201	203	212	203	203	210	203	204	210	201	205	211	204	203	211	204	208	206	207	204	214	202	204	211	209	198	201	203	200	205	194	199	204
207	202	209	200	202	215	199	203	217	206	202	210	206	202	216	203	205	217	205	203	215	204	206	217	204	205	219	203	204	209	201	207	210	203	202	213
201	208	223	200	206	225	205	209	223	203	202	224	201	203	226	211	208	226	205	203	228	202	206	225	203	204	221	205	205	219	204	207	220	201	205	219
199	202	202	201	205	210	204	206	211	203	203	210	205	206	210	203	202	209	200	201	211	202	206	210	199	203	210	205	202	209	201	206	209	202	201	206
202	206	216	205	207	217	201	203	217	202	206	218	201	206	218	204	205	219	202	206	217	203	202	219	202	203	216	201	204	218	200	202	216	206	205	219
203	203	204	206	203	205	208	203	205	201	202	205	202	203	206	203	204	209	203	201	206	201	202	210	202	202	211	205	202	208	205	204	205	201	204	205
200	205	211	202	205	205	201	204	209	203	205	209	202	202	219	199	205	210	206	202	209	203	201	206	202	200	205	199	205	209	200	200	208	200	202	204
202	202	213	202	202	218	203	208	212	205	205	216	204	203	218	205	204	217	206	205	215	202	206	214	201	202	217	200	205	215	202	203	214	205	204	214
202	204	209	205	202	211	204	206	212	197	203	209	200	205	213	199	208	206	204	202	208	201	204	212	202	200	209	201	201	205	203	204	210	203	205	211
201	199	203	200	198	202	203	201	206	199	205	205	202	205	203	203	203	202	199	200	204	199	204	205	203	201	206	199	203	204	203	201	205	202	202	201
206	207	214	200	206	211	203	203	209	202	202	214	205	202	208	202	201	210	201	202	213	202	204	210	204	206	209	204	205	209	198	202	213	201	204	208
204	199	209	208	202	209	201	203	204	203	204	206	204	202	204	200	204	208	201	203	206	202	202	207	204	200	208	205	203	206	203	198	208	202	197	205
201	201	212	201	206	215	207	207	212	206	206	214	203	206	215	201	201	212	202	203	210	200	197	211	199	201	216	200	205	213	202	200	212	204	202	215
203	204	201	204	206	206	202	199	210	201	201	215	205	199	210	203	207	211	198	204	211	207	206	209	200	199	209	203	203	209	201	206	210	201	202	211
203	207	207	198	203	208	205	202	206	203	202	209	200	202	205	203	206	209	202	199	208	200	203	208	203	205	208	203	199	208	203	203	207	201	203	207
204	203	208	202	206	211	205	204	209	203	200	211	202	204	210	204	201	207	202	204	206	203	202	210	201	199	209	202	202	205	201	200	210	200	201	207
202	203	211	205	204	208	199	201	213	204	204	212	202	202	209	202	204	215	200	201	207	203	203	212	205	206	210	206	203	211	203	200	215	202	206	211
200	203	209	200	201	210	204	199	212	200	202	207	201	204	208	200	201	213	205	202	203	203	202	212	201	201	209	202	202	209	204	205	210	199	205	207
204	205	216	204	205	216	202	205	213	203	200	208	202	202	211	204	201	213	205	199	207	203	205	214	202	206	209	202	202	208	203	204	209	200	204	211
204	202	206	200	205	200	202	204	202	203	201	199	201	201	204	201	204	205	201	203	206	203	201	202	203	198	207	200	205	204	204	197	200	202	201	202
\machine::top.usb650:setup:su_maj_r1
0
1
1
19.000000
\machine::top.usb650:setup:su_z1
0
1
1
-1.000000
\machine::top.usb650:setup:su_phi1
0
1
1
157.500000
\machine::top.usb650:setup:su_maj_r2
0
1
1
19.000000
\machine::top.usb650:setup:su_z2
0
1
1
1.000000
\machine::top.usb650:setup:su_phi2
0
1
1
157.500000
\machine::top.usb650:setup:su_ft
1
1
1
50mm, P1000-2-UV/VIS EOS00019, 727-733-2447
\machine::top.usb650:comments
1
1
1
relative to track.
\machine::top.usb650:framing:frm_int
0
1
36
100
200
1000
100
200
1000
100
200
1000
100
200
1000
100
200
1000
100
200
1000
100
200
1000
100
200
1000
100
200
1000
100
200
1000
100
200
1000
100
200
1000
