\machine::top.usb650:setup:su_pixels
0
1
1
651
\machine::top.usb650:framing:frm_n
0
1
1
36
\machine::top.usb650:calib:wve_spec
0
1
651
350
351
352
353
354
355
356
357
358
359
360
361
362
363
364
365
366
367
368
369
370
371
372
373
374
375
376
377
378
379
380
381
382
383
384
385
386
387
388
389
390
391
392
393
394
395
396
397
398
399
400
401
402
403
404
405
406
407
408
409
410
411
412
413
414
415
416
417
418
419
420
421
422
423
424
425
426
427
428
429
430
431
432
433
434
435
436
437
438
439
440
441
442
443
444
445
446
447
448
449
450
451
452
453
454
455
456
457
458
459
460
461
462
463
464
465
466
467
468
469
470
471
472
473
474
475
476
477
478
479
480
481
482
483
484
485
486
487
488
489
490
491
492
493
494
495
496
497
498
499
500
501
502
503
504
505
506
507
508
509
510
511
512
513
514
515
516
517
518
519
520
521
522
523
524
525
526
527
528
529
530
531
532
533
534
535
536
537
538
539
540
541
542
543
544
545
546
547
548
549
550
551
552
553
554
555
556
557
558
559
560
561
562
563
564
565
566
567
568
569
570
571
572
573
574
575
576
577
578
579
580
581
582
583
584
585
586
587
588
589
590
591
592
593
594
595
596
597
598
599
600
601
602
603
604
605
606
607
608
609
610
611
612
613
614
615
616
617
618
619
620
621
622
623
624
625
626
627
628
629
630
631
632
633
634
635
636
637
638
639
640
641
642
643
644
645
646
647
648
649
650
651
652
653
654
655
656
657
658
659
660
661
662
663
664
665
666
667
668
669
670
671
672
673
674
675
676
677
678
679
680
681
682
683
684
685
686
687
688
689
690
691
692
693
694
695
696
697
698
699
700
701
702
703
704
705
706
707
708
709
710
711
712
713
714
715
716
717
718
719
720
721
722
723
724
725
726
727
728
729
730
731
732
733
734
735
736
737
738
739
740
741
742
743
744
745
746
747
748
749
750
751
752
753
754
755
756
757
758
759
760
761
762
763
764
765
766
767
768
769
770
771
772
773
774
775
776
777
778
779
780
781
782
783
784
785
786
787
788
789
790
791
792
793
794
795
796
797
798
799
800
801
802
803
804
805
806
807
808
809
810
811
812
813
814
815
816
817
818
819
820
821
822
823
824
825
826
827
828
829
830
831
832
833
834
835
836
837
838
839
840
841
842
843
844
845
846
847
848
849
850
851
852
853
854
855
856
857
858
859
860
861
862
863
864
865
866
867
868
869
870
871
872
873
874
875
876
877
878
879
880
881
882
883
884
885
886
887
888
889
890
891
892
893
894
895
896
897
898
899
900
901
902
903
904
905
906
907
908
909
910
911
912
913
914
915
916
917
918
919
920
921
922
923
924
925
926
927
928
929
930
931
932
933
934
935
936
937
938
939
940
941
942
943
944
945
946
947
948
949
950
951
952
953
954
955
956
957
958
959
960
961
962
963
964
965
966
967
968
969
970
971
972
973
974
975
976
977
978
979
980
981
982
983
984
985
986
987
988
989
990
991
992
993
994
995
996
997
998
999
1000
\machine::top.usb650:framing:frm_start
0
1
36
0.000000
0.218750
0.640625
2.703125
2.921875
3.343750
5.406250
5.609375
6.031250
8.093750
8.312500
8.734375
10.796875
11.015625
11.437500
13.484375
13.703125
14.125000
16.187500
16.406250
16.828125
18.890625
19.109375
19.531250
21.593750
21.812500
22.234375
24.281250
24.500000
24.921875
26.984375
27.203125
27.625000
29.671875
29.890625
30.312500
\machine::top.usb650:raw_spectra
0
2
651
36
195	200	200	197	201	208	198	201	204	203	201	205	202	202	206	201	200	205	200	201	203	200	199	209	200	201	204	201	202	198	199	200	205	200	192	199
202	201	207	200	203	219	201	202	212	199	200	214	198	201	216	203	204	213	200	207	213	204	199	216	204	211	213	201	202	207	197	198	212	201	201	210
197	195	198	203	202	204	200	199	208	200	201	207	202	204	207	203	199	209	201	202	207	202	202	204	201	202	201	201	199	198	201	204	200	201	199	201
200	201	204	201	201	210	200	202	211	204	198	208	200	198	210	203	201	206	202	202	210	200	204	209	198	201	209	203	200	202	199	199	204	200	200	204
205	196	209	200	199	214	201	208	215	201	207	218	201	203	218	201	204	217	203	208	220	200	205	218	205	207	223	201	206	204	202	201	205	202	202	206
201	202	206	200	205	229	206	204	227	202	208	230	203	206	226	205	207	229	204	206	228	203	205	229	206	206	234	203	205	213	201	203	209	205	205	210
203	200	210	201	202	225	200	205	228	202	204	225	202	201	224	203	206	226	209	205	227	205	207	225	206	209	226	200	205	209	198	199	207	201	202	208
200	196	199	199	202	222	211	203	228	204	205	220	202	207	218	205	202	219	205	203	222	205	209	222	200	203	226	205	204	201	197	200	200	202	202	202
197	204	211	206	204	243	204	212	238	202	210	243	205	203	230	208	206	239	204	209	238	200	208	240	204	208	241	201	206	218	201	203	215	200	203	218
200	202	205	198	206	220	200	207	224	201	202	224	202	206	220	204	208	221	202	204	217	206	207	223	204	206	221	201	206	204	201	204	201	200	205	203
202	202	204	203	207	219	202	207	226	201	203	223	207	208	221	201	206	218	204	205	223	202	208	222	201	203	223	203	206	207	205	203	207	198	206	209
204	195	199	200	205	214	206	205	215	203	205	217	197	203	213	205	203	211	203	200	216	202	204	217	203	203	217	203	204	205	202	201	204	198	199	200
207	202	218	202	205	230	202	209	231	202	204	231	202	212	231	203	204	236	202	207	233	202	206	230	202	213	233	206	209	218	201	207	215	202	204	222
201	201	203	200	204	216	203	203	218	203	199	219	202	207	216	201	203	219	201	201	214	199	208	218	202	203	219	203	205	197	200	202	196	199	196	203
196	200	216	203	202	231	205	210	231	203	207	233	204	204	234	203	209	232	203	204	239	201	207	237	205	208	236	205	207	215	206	208	217	207	203	214
199	201	206	203	200	219	205	208	221	204	205	221	204	206	224	202	206	219	203	204	224	202	204	224	202	203	219	202	206	206	204	203	207	200	205	203
201	201	203	203	202	221	203	205	223	205	207	221	207	208	225	202	207	220	207	207	220	205	206	222	202	204	219	201	204	199	204	203	198	204	202	208
202	205	200	201	205	214	207	204	217	202	203	216	208	207	218	200	202	223	202	203	222	206	212	214	202	208	222	202	201	208	205	196	200	202	204	200
205	198	198	202	202	220	205	205	218	201	203	217	207	207	215	205	203	221	203	204	217	200	204	217	202	208	219	203	202	198	202	199	203	199	207	206
201	202	202	203	202	228	202	206	222	202	206	220	203	206	227	206	206	221	200	206	221	206	205	223	202	205	222	207	208	206	200	207	203	204	202	209
204	204	211	203	201	224	202	206	226	210	204	224	204	208	225	203	208	222	207	205	226	208	202	227	208	206	229	206	205	205	202	203	213	203	199	203
202	202	207	203	199	233	207	208	235	207	206	238	204	208	231	204	213	231	205	208	234	206	209	230	203	210	236	205	207	202	201	204	207	202	204	199
202	207	206	199	206	258	204	212	256	210	211	267	208	209	263	208	209	267	206	212	263	207	210	261	207	215	260	205	211	206	200	204	210	207	202	207
204	208	206	200	205	253	208	211	257	205	216	251	209	210	257	205	207	261	207	211	259	197	209	250	204	212	254	208	213	206	204	205	210	202	206	207
203	203	209	201	204	234	203	212	240	206	208	239	207	213	238	204	214	234	205	210	240	202	210	242	208	209	237	203	211	214	208	204	212	203	205	213
208	206	223	207	204	262	208	216	268	206	218	267	208	215	270	206	214	267	209	215	269	210	213	270	211	214	276	207	213	227	204	207	223	202	208	223
203	203	201	203	204	269	213	218	269	206	221	275	209	212	265	208	213	270	206	218	270	211	214	269	210	211	274	212	215	204	201	199	202	206	203	204
198	202	207	203	202	276	210	216	280	209	213	280	214	220	284	209	218	281	208	216	285	216	217	281	207	213	282	209	217	205	205	202	205	196	206	209
199	208	225	209	211	292	212	220	291	214	219	293	215	225	298	210	219	300	211	223	293	210	218	298	211	218	291	209	217	220	206	208	225	206	204	226
201	200	210	204	203	276	207	221	269	204	217	267	209	219	269	209	215	270	210	222	280	207	208	274	208	213	269	209	211	207	201	204	205	202	202	206
208	200	205	204	204	299	210	219	294	212	217	298	213	222	297	208	224	299	211	223	295	211	221	297	212	218	292	213	218	205	204	206	206	204	207	203
201	200	202	202	204	285	210	221	276	211	216	283	208	221	286	214	219	290	213	218	289	213	220	278	207	219	284	209	217	207	205	205	205	205	206	206
203	204	208	206	204	297	212	222	300	213	219	297	213	221	301	216	222	296	214	223	298	215	221	295	214	223	297	210	218	209	202	207	205	206	203	212
205	205	220	202	206	320	214	231	327	216	228	325	217	226	338	216	232	329	218	231	325	214	232	324	218	233	327	216	226	220	204	207	215	199	204	216
205	206	205	205	206	369	221	238	377	219	243	378	219	235	378	219	240	383	220	240	379	223	234	381	218	239	380	217	237	205	202	203	201	206	203	203
202	204	209	205	206	370	216	239	377	220	246	370	220	243	372	219	237	379	215	237	387	222	237	373	216	237	374	220	229	207	206	202	210	203	207	209
204	201	205	202	205	361	217	241	367	218	238	366	221	236	369	218	235	371	217	236	367	218	235	367	217	235	365	218	224	206	199	203	209	202	201	201
203	205	212	206	207	360	222	237	363	219	235	362	218	234	365	219	236	361	215	235	367	219	237	369	217	228	365	216	230	215	197	205	206	201	206	214
202	200	203	204	204	316	214	229	319	211	228	319	213	224	314	215	226	323	215	224	317	213	227	315	210	225	319	213	221	203	204	204	204	202	201	198
203	203	207	204	206	283	207	226	283	210	218	286	212	219	284	214	221	282	212	216	287	212	216	284	213	219	285	208	216	201	206	204	204	201	201	199
201	206	211	206	206	270	204	218	276	212	216	275	213	218	272	211	214	274	209	216	277	208	216	278	208	217	276	211	214	202	200	205	201	204	202	203
200	202	213	204	207	294	214	222	299	211	220	300	210	218	301	213	222	306	213	222	297	201	219	306	212	224	301	212	215	206	203	200	207	206	201	206
204	201	212	204	205	356	219	236	370	219	232	370	218	238	380	220	243	370	219	231	372	220	235	371	220	235	382	216	231	207	203	203	208	201	204	207
204	204	206	207	208	378	220	237	378	225	239	382	221	241	385	220	240	390	217	239	395	215	239	383	221	237	372	221	232	206	202	203	205	203	202	207
201	207	218	206	209	422	222	243	419	226	249	425	226	247	427	221	250	421	222	246	428	225	243	431	229	244	421	226	236	210	203	209	211	203	203	209
205	206	204	208	205	337	216	231	335	214	227	342	215	234	339	217	232	339	218	229	341	213	228	341	214	232	338	221	228	206	203	204	205	206	203	206
203	202	208	200	204	329	216	229	337	217	233	336	218	230	339	213	228	337	220	224	336	217	229	335	213	236	343	213	224	200	203	203	208	200	203	204
202	203	207	203	206	313	216	223	320	211	228	317	219	228	322	218	226	317	210	222	322	216	231	316	214	223	322	214	222	205	201	206	208	204	206	208
205	200	205	204	206	310	211	220	312	214	228	310	215	218	311	210	225	314	216	223	315	214	225	308	212	222	315	215	220	205	202	203	206	203	201	203
202	204	208	204	207	345	219	229	345	216	234	348	219	235	347	220	229	345	216	227	340	214	230	344	222	229	350	217	228	209	206	206	209	202	205	207
203	207	210	203	211	462	227	257	474	226	256	478	227	257	472	226	257	490	230	254	481	229	261	478	229	257	486	234	245	203	203	208	203	201	205	207
203	206	207	205	207	539	231	272	554	234	269	553	237	275	548	235	272	552	232	276	563	238	275	557	237	267	564	236	258	204	204	203	203	202	204	202
207	203	220	205	208	440	231	256	448	225	253	446	231	251	455	227	249	463	226	251	458	228	251	457	227	255	457	222	246	209	206	207	209	198	203	207
207	201	214	205	208	570	235	278	574	237	277	574	241	281	578	238	275	588	237	280	588	238	282	600	241	281	587	243	264	211	204	199	205	199	208	205
204	202	210	204	210	657	248	292	668	246	296	675	247	301	672	248	299	684	248	296	675	247	294	676	250	290	668	247	284	207	204	205	208	205	206	208
203	202	211	203	211	495	233	258	493	232	262	498	232	261	501	235	260	496	230	265	508	234	260	490	236	262	500	226	255	210	199	205	211	203	204	209
203	206	208	202	209	684	254	294	692	254	297	692	251	302	698	247	304	705	249	300	704	255	305	704	254	294	713	243	287	204	205	208	208	204	202	205
202	204	214	206	212	805	264	320	838	263	331	830	266	333	847	266	323	851	263	328	848	268	320	846	266	325	851	263	303	204	203	208	204	201	201	207
202	203	209	206	207	515	233	263	519	238	267	517	235	267	521	232	268	532	233	267	528	229	270	534	236	265	532	231	256	206	204	206	205	204	208	207
200	207	215	203	209	496	233	261	509	235	261	512	233	265	514	230	268	511	236	265	515	234	266	520	234	263	515	236	252	209	204	203	210	207	208	208
199	208	209	204	204	557	236	275	548	241	270	571	240	272	564	242	274	560	247	274	570	236	275	568	240	271	573	246	255	205	208	202	201	204	205	205
205	203	205	207	204	386	220	237	389	223	240	388	226	242	387	219	243	394	225	242	394	226	238	398	222	240	402	220	236	202	206	206	203	204	202	202
203	202	211	204	207	488	233	257	491	230	259	499	228	265	494	227	265	492	226	259	490	231	259	500	231	259	505	227	251	204	201	204	210	203	205	207
201	203	212	206	204	473	231	257	480	228	257	472	228	256	481	228	259	477	226	260	482	228	261	479	231	260	489	232	243	211	199	204	208	201	205	207
205	200	209	206	206	391	223	242	395	224	240	400	225	240	396	229	237	393	221	238	391	220	242	401	221	240	397	224	235	207	202	201	202	204	206	204
206	207	223	209	215	973	280	350	983	275	347	984	276	353	986	279	354	996	278	354	994	276	353	983	272	349	984	276	330	212	205	203	210	202	203	213
202	206	219	206	217	725	250	307	734	253	302	734	254	312	733	256	304	741	253	308	731	251	314	731	256	307	738	254	293	206	205	203	212	204	202	203
204	204	217	206	211	510	234	262	513	233	262	513	236	264	523	233	267	517	238	259	524	229	267	516	232	269	519	233	255	215	206	208	213	207	206	211
203	207	216	208	216	764	259	314	777	259	320	773	263	314	777	260	312	787	260	314	775	258	314	767	261	313	771	267	296	209	206	202	210	203	205	210
206	204	233	214	225	1907	361	518	1954	369	532	1951	362	520	1950	374	528	1966	361	528	1957	367	529	1953	365	526	1954	358	478	207	207	206	208	204	200	213
204	204	224	209	220	1230	300	401	1231	297	406	1240	301	403	1239	302	403	1228	292	400	1264	299	402	1224	305	403	1231	304	379	217	204	203	213	203	202	209
205	204	215	209	208	573	238	278	584	243	281	596	244	285	590	239	278	589	240	280	596	247	283	600	246	280	592	239	271	206	201	207	203	204	204	206
202	207	219	209	210	907	270	336	931	276	341	947	270	350	932	275	344	949	271	341	943	272	346	960	276	345	946	272	321	210	204	204	212	203	206	211
206	208	216	201	207	659	248	285	671	249	302	683	252	303	692	251	295	693	250	298	694	251	302	685	256	296	696	251	276	203	198	200	205	202	207	207
203	202	214	208	208	475	232	261	480	231	261	483	230	259	498	231	260	483	230	259	488	232	258	486	225	258	495	231	249	204	206	200	204	203	204	207
199	203	224	213	225	1351	309	423	1373	316	423	1372	309	423	1368	319	414	1373	312	419	1374	312	425	1364	311	427	1381	314	391	211	201	208	208	200	203	209
207	206	229	217	225	1922	362	532	1985	365	532	1971	363	531	1990	367	534	1994	367	523	1985	355	537	1985	352	545	1980	368	476	208	203	203	205	201	202	204
208	208	246	216	228	1904	361	524	1938	364	521	1961	364	540	1956	367	541	1966	366	525	1985	365	533	1967	365	532	1992	357	482	227	204	208	231	207	203	225
203	203	216	208	208	909	275	340	922	264	341	930	270	349	924	278	345	935	274	349	929	273	345	924	273	348	933	272	319	202	205	205	208	205	205	203
202	204	215	211	215	832	261	319	850	263	326	833	263	329	853	264	327	858	265	325	846	265	337	851	261	327	850	267	310	207	204	199	208	206	206	205
205	205	218	211	208	723	249	304	742	254	310	737	255	309	740	263	308	744	256	311	748	255	307	741	257	306	739	251	304	203	204	205	206	205	206	209
206	206	210	209	210	505	238	269	512	233	262	518	235	266	511	234	262	515	237	265	517	232	268	524	235	270	518	232	255	202	204	203	203	202	207	201
209	207	243	210	217	991	279	353	1021	277	357	1018	278	360	1018	281	365	1032	282	372	1024	282	360	1030	283	360	1029	281	337	229	206	210	229	207	205	228
208	204	235	211	219	1543	325	453	1586	327	454	1601	324	456	1623	329	455	1623	328	463	1624	330	466	1626	338	461	1625	331	425	216	208	206	216	205	203	213
206	206	240	217	229	4090	755	1338	4090	755	1324	4090	755	1386	4090	770	1388	4090	760	1379	4090	774	1388	4090	771	1382	4090	768	1164	210	203	200	211	206	203	210
201	206	225	212	220	4261	471	751	4216	471	756	4208	480	774	4199	482	782	4193	484	771	4181	489	781	4195	480	761	4189	488	666	205	201	206	205	201	201	208
204	203	224	210	212	1667	339	472	1666	339	482	1661	345	488	1656	346	482	1678	343	483	1677	337	490	1686	346	478	1680	350	430	215	203	205	214	206	206	217
206	213	252	214	217	1265	309	414	1297	306	411	1311	307	417	1329	315	423	1320	309	411	1355	316	425	1338	308	415	1335	307	381	244	204	212	245	202	210	241
205	209	216	204	203	817	259	327	816	263	325	838	268	330	849	267	337	852	264	326	861	263	334	853	263	334	851	264	307	209	204	206	209	199	207	210
202	203	216	208	211	1449	325	436	1484	324	441	1509	319	449	1521	328	450	1533	325	446	1541	331	448	1552	329	449	1540	325	406	214	204	204	205	205	205	209
204	204	212	206	209	1104	294	374	1125	295	377	1148	291	391	1118	292	380	1149	290	385	1151	300	383	1138	289	383	1150	294	352	213	205	202	211	205	206	208
205	206	221	206	215	1033	283	365	1061	281	365	1084	281	369	1080	283	367	1085	290	364	1096	291	369	1084	292	377	1080	283	335	213	200	204	213	209	209	212
205	204	226	213	223	3585	519	867	3711	529	869	3720	529	900	3762	523	888	3765	524	878	3793	535	904	3748	539	877	3777	537	750	204	203	201	204	201	201	206
200	205	213	209	213	1784	354	509	1838	358	506	1859	354	524	1872	359	528	1890	361	524	1918	361	514	1893	360	510	1897	359	461	205	205	201	205	202	200	206
200	206	211	207	208	768	256	314	786	265	316	781	262	318	789	263	312	776	258	315	795	262	321	801	266	317	781	265	302	206	210	203	205	203	203	204
201	204	209	206	207	412	223	244	418	226	247	418	222	249	416	225	247	419	229	241	423	220	244	423	226	246	411	224	240	208	204	205	210	203	206	206
204	199	214	202	209	394	220	236	393	219	245	394	225	241	399	223	240	399	222	243	406	220	241	404	223	243	404	223	235	217	206	206	213	204	203	212
204	202	213	208	208	666	250	294	688	249	300	710	248	300	705	252	297	698	252	297	708	251	296	711	255	296	694	253	284	210	203	205	209	205	193	209
203	206	215	207	213	603	244	283	622	245	289	619	242	289	625	247	285	622	246	286	629	247	288	613	238	285	637	250	274	207	203	207	210	201	202	207
206	206	215	203	204	442	227	254	444	226	253	451	230	254	457	225	250	461	227	254	457	226	253	456	228	254	451	228	241	210	203	208	212	205	204	208
203	202	207	208	208	583	245	280	600	239	281	600	241	279	602	242	276	599	241	282	599	237	283	602	242	278	590	243	267	205	204	205	202	201	203	204
203	204	216	209	213	555	241	277	572	240	277	563	238	275	566	240	280	573	239	271	567	237	282	565	241	276	569	238	264	211	202	204	208	205	207	206
205	201	207	206	208	482	230	257	489	233	261	495	233	256	490	232	261	495	231	259	496	233	264	488	228	260	498	233	255	209	204	205	203	205	205	209
203	204	214	205	208	600	248	282	617	241	283	629	240	282	627	239	281	622	251	284	626	251	282	625	241	283	631	244	273	209	201	205	208	203	203	206
206	208	224	206	218	1323	310	421	1356	309	428	1375	314	414	1379	310	428	1380	313	429	1397	316	430	1366	315	432	1389	311	386	208	204	206	208	200	204	205
203	205	214	208	211	713	255	305	731	252	311	727	256	311	739	250	304	744	257	302	743	259	311	740	254	308	730	252	293	211	203	205	209	207	207	211
205	203	218	206	212	539	240	270	546	241	277	559	238	266	550	236	271	559	235	274	558	238	273	554	236	271	551	239	259	208	201	206	211	203	206	216
202	208	221	210	217	1006	284	360	1035	278	354	1062	283	368	1075	283	369	1070	281	369	1088	287	371	1065	288	360	1061	280	339	212	202	200	210	201	207	212
205	204	221	216	219	2201	397	578	2304	391	589	2340	399	613	2337	404	601	2348	404	602	2384	400	604	2371	399	594	2351	398	530	207	200	205	203	204	205	207
205	204	216	212	213	1489	329	454	1512	328	461	1546	328	465	1565	324	464	1559	327	453	1574	329	456	1565	337	452	1571	329	411	205	203	202	204	200	206	207
197	207	231	212	228	3470	514	849	3586	514	839	3636	509	872	3645	517	868	3653	526	861	3692	515	872	3666	514	847	3663	511	748	208	203	209	210	207	205	211
202	209	223	207	219	2004	373	567	2092	381	556	2114	376	574	2142	381	560	2169	384	555	2147	376	567	2159	382	558	2142	384	499	205	203	201	205	203	205	209
205	206	218	209	213	915	275	341	936	275	340	953	274	358	947	282	339	953	277	345	965	276	345	951	278	342	965	278	324	209	201	201	208	202	206	212
204	204	221	208	210	565	238	273	580	241	275	587	239	276	572	246	272	575	243	281	587	238	280	581	242	279	581	242	265	209	204	199	208	205	204	210
203	202	216	205	209	443	222	249	448	227	253	456	225	250	450	224	251	460	230	247	449	228	255	457	224	253	457	223	245	215	203	193	212	202	190	208
208	210	255	209	221	1141	293	389	1168	296	396	1185	297	393	1196	294	392	1165	292	385	1188	303	389	1198	300	386	1178	291	362	235	209	208	234	208	210	237
206	212	240	209	217	671	253	302	695	252	303	707	253	302	709	253	300	694	254	300	705	254	299	696	258	302	706	250	286	232	209	208	235	206	211	232
204	205	209	204	207	440	226	251	449	224	251	457	226	254	455	228	253	459	228	249	456	225	254	452	226	251	446	229	241	202	201	205	203	206	202	205
200	206	213	205	211	386	217	237	373	220	240	387	222	235	382	221	236	386	216	236	384	221	236	378	223	240	375	221	235	209	207	206	213	206	204	202
203	207	217	208	206	424	224	245	427	226	248	424	224	248	419	225	249	429	224	253	421	224	249	423	229	244	429	227	238	208	203	202	214	207	204	211
206	202	211	203	209	445	223	251	450	228	255	452	228	255	448	231	253	448	224	251	450	228	251	441	230	251	451	229	245	206	205	206	207	206	201	200
202	205	210	205	210	423	225	247	446	227	254	435	228	251	437	228	251	440	223	247	442	226	251	439	230	250	432	227	239	206	200	204	203	201	204	204
201	206	223	209	213	1308	314	416	1360	308	424	1361	309	428	1383	314	426	1377	307	419	1381	315	425	1381	313	415	1409	311	390	210	206	202	215	202	202	213
201	201	222	212	213	1565	335	469	1632	337	476	1656	339	480	1668	346	484	1662	331	478	1697	345	477	1664	341	478	1666	338	426	213	202	208	208	204	206	209
204	206	221	211	210	722	258	307	745	254	312	746	258	312	751	254	308	751	256	302	767	253	308	753	254	311	754	262	289	211	205	202	212	201	206	210
202	204	215	207	211	603	239	283	612	241	283	623	246	284	623	243	283	624	240	284	625	243	284	627	238	279	625	241	268	207	202	208	202	203	202	208
201	202	220	211	216	1636	341	481	1688	336	476	1696	342	489	1696	344	470	1714	344	492	1722	346	496	1737	347	483	1716	347	445	208	202	204	208	203	205	204
204	204	214	208	209	690	256	306	712	254	307	724	250	308	720	258	298	718	253	300	735	253	311	732	251	305	735	255	288	204	202	203	204	205	200	205
202	202	212	205	209	410	227	246	414	224	242	425	225	242	424	223	244	418	228	248	428	226	249	425	224	240	427	226	245	204	202	206	206	203	205	202
203	204	214	206	208	522	233	269	533	238	269	542	232	265	540	232	258	550	234	268	542	238	268	544	235	269	534	238	258	204	204	206	201	204	203	203
206	202	236	216	218	4083	572	967	4123	574	982	4123	582	1013	4129	578	993	4129	585	1001	4134	590	989	4131	585	980	4129	590	839	211	201	204	212	201	204	207
198	200	221	210	212	1513	327	454	1600	331	459	1575	333	468	1609	327	470	1568	335	464	1605	338	469	1593	331	472	1592	327	422	209	200	202	209	200	203	210
203	204	216	207	211	629	249	286	650	245	291	656	242	299	656	246	296	651	247	295	666	250	295	653	245	294	661	251	281	209	199	208	207	205	203	206
208	204	214	206	211	377	226	241	384	226	239	393	216	242	392	218	237	390	217	241	394	222	239	396	223	244	390	223	236	209	204	207	208	204	207	206
201	207	214	208	211	1135	291	392	1176	296	384	1201	293	395	1187	296	389	1187	301	392	1203	299	380	1187	295	393	1193	294	352	210	203	206	208	202	204	209
204	202	218	211	213	930	274	348	968	273	346	963	275	355	971	272	341	959	276	354	960	277	349	961	277	350	972	278	320	210	205	205	206	205	202	206
203	204	225	208	217	942	270	346	971	270	348	949	275	357	960	272	347	961	276	349	964	278	347	978	273	349	963	278	322	209	207	205	211	204	205	210
205	203	241	216	237	4411	712	1239	4410	730	1278	4406	718	1303	4408	723	1297	4405	722	1289	4406	729	1305	4408	728	1284	4404	728	1103	202	200	204	206	202	207	201
203	203	231	217	228	4101	589	998	4091	593	991	4087	608	1029	4087	605	1034	4088	610	1022	4081	594	1033	4084	605	1012	4086	602	872	207	206	206	204	205	206	209
204	207	222	210	219	1639	335	481	1693	342	482	1709	341	488	1715	339	491	1741	349	491	1728	346	495	1727	343	498	1751	338	430	209	204	206	207	205	200	206
204	205	226	207	212	711	252	307	734	254	303	739	254	311	737	253	309	740	254	305	740	252	309	735	254	310	741	254	289	211	205	201	215	202	204	213
205	203	216	205	213	480	232	263	484	229	258	487	232	261	490	231	254	490	232	261	489	226	257	486	233	261	489	230	248	207	204	208	207	203	204	204
205	201	217	207	211	489	234	260	499	233	264	504	232	258	514	232	261	510	232	266	504	235	261	509	231	263	497	234	253	211	206	205	213	203	200	215
202	207	219	209	210	699	255	312	727	255	303	728	255	301	728	251	312	738	250	302	751	248	312	749	250	307	734	255	291	211	204	201	209	208	205	214
205	207	210	206	211	454	228	257	460	226	257	462	232	254	463	229	254	467	227	255	465	226	257	462	226	252	468	228	246	207	211	204	208	206	204	208
200	205	214	203	210	454	229	254	447	230	255	454	227	257	465	226	251	456	229	252	451	225	253	465	228	252	456	227	247	206	200	204	202	203	203	202
201	203	228	207	215	1344	310	421	1390	312	421	1374	308	432	1401	314	427	1407	312	423	1421	317	437	1409	315	427	1410	311	390	213	203	208	209	206	208	208
202	205	212	203	208	722	250	314	747	256	311	742	254	313	758	254	305	756	259	314	758	256	313	758	256	310	761	259	295	207	199	202	205	203	205	202
203	205	214	208	208	454	228	256	458	225	249	462	228	253	451	227	255	453	228	252	457	229	253	459	231	258	459	229	246	202	203	205	204	201	204	206
202	204	217	209	208	391	227	242	397	220	238	401	223	242	401	223	245	401	224	240	408	226	243	401	223	245	401	222	235	206	203	204	206	201	204	208
197	205	216	207	210	1035	285	368	1074	276	363	1093	283	366	1101	284	370	1074	286	372	1088	286	377	1093	282	373	1104	284	339	208	204	204	205	203	205	212
202	201	219	211	214	1570	337	474	1661	335	468	1645	334	479	1645	341	482	1663	340	478	1680	339	476	1681	337	479	1670	338	431	207	202	202	204	200	205	207
205	203	213	202	208	761	258	313	783	260	313	797	256	312	793	260	319	797	264	321	799	262	324	812	262	317	809	261	299	211	202	205	206	203	203	207
204	202	213	202	209	476	227	255	467	233	256	484	226	257	483	232	256	484	230	255	482	232	263	483	229	262	481	229	243	204	200	204	210	205	205	205
203	203	231	209	214	497	233	258	518	228	269	517	232	257	507	232	263	514	234	260	513	234	264	520	235	262	518	234	259	211	198	205	218	203	205	214
199	204	223	212	217	703	250	305	720	251	311	727	256	303	717	253	301	727	253	306	732	253	301	731	255	301	729	251	290	204	206	202	208	201	205	209
206	204	222	208	217	930	279	346	960	276	342	961	275	351	950	271	348	988	275	349	964	276	354	983	282	341	957	275	327	211	203	206	212	202	202	216
203	205	225	209	215	639	247	285	660	245	291	655	247	292	659	245	289	652	244	291	658	245	289	670	245	291	649	243	280	217	205	207	213	201	205	211
203	203	221	206	210	558	243	273	572	237	271	569	239	272	582	239	279	566	241	274	579	235	272	579	239	277	572	242	263	207	202	203	211	202	204	207
203	202	217	206	210	486	234	257	509	231	258	510	233	263	505	227	265	505	233	266	506	234	262	512	227	262	512	236	252	207	204	202	204	201	207	208
205	202	215	207	210	406	224	246	416	229	243	409	223	243	410	221	243	412	222	241	414	224	246	417	218	245	417	218	234	206	203	205	206	202	206	209
205	206	222	208	210	403	225	242	415	225	242	416	225	238	412	221	248	413	222	248	418	227	243	411	224	243	411	222	236	214	205	206	215	202	202	218
203	205	222	210	212	426	224	249	429	228	251	434	230	251	441	231	245	430	226	247	432	224	245	434	229	256	440	225	244	212	204	204	213	206	207	208
202	205	218	204	209	515	229	267	524	236	265	532	236	267	526	234	268	534	233	268	527	235	267	541	232	265	532	232	258	207	201	203	204	202	203	206
202	200	221	210	210	1250	304	406	1300	309	416	1324	304	413	1332	305	420	1332	304	418	1326	305	413	1343	304	409	1332	309	374	205	203	200	211	202	198	204
202	205	217	209	209	746	251	312	760	263	315	748	262	314	761	256	311	771	255	306	772	255	305	751	258	311	751	257	294	207	206	205	208	204	204	208
205	205	217	210	212	676	251	300	706	253	298	704	251	303	697	248	298	705	256	296	707	251	303	692	246	299	695	249	287	204	204	201	209	201	203	206
205	203	214	206	208	483	232	260	494	232	257	496	228	258	486	228	255	498	233	255	491	234	257	489	231	258	498	232	249	206	200	205	207	203	204	205
204	202	217	207	215	717	254	302	716	252	300	723	253	307	710	244	303	729	253	305	735	253	303	728	251	307	717	256	286	204	203	206	205	202	203	211
207	204	219	211	212	550	237	276	553	239	271	550	237	275	542	239	269	554	235	273	554	239	270	558	236	275	557	237	261	213	204	203	213	204	209	211
205	207	222	206	212	404	219	243	413	222	243	405	224	244	407	223	240	417	228	250	411	225	244	406	217	244	414	221	235	216	204	204	213	204	208	213
202	209	216	209	210	447	227	257	458	231	250	465	225	254	450	229	252	459	229	248	455	227	256	459	226	250	456	226	242	208	202	206	208	205	203	208
201	200	218	207	214	525	235	268	540	233	267	535	232	268	529	236	266	526	239	269	529	234	267	539	237	268	534	236	254	212	204	204	212	206	201	219
203	200	208	207	207	387	220	244	406	224	249	398	223	241	403	220	243	394	219	242	394	221	243	398	223	234	392	222	238	201	203	201	204	202	198	199
203	203	212	203	209	408	225	243	410	221	236	404	223	239	411	221	245	399	224	239	406	221	244	406	221	241	402	226	236	202	204	202	204	208	199	201
206	203	220	210	213	519	235	268	517	233	268	522	233	267	518	234	265	518	232	266	518	231	263	527	234	264	519	228	258	219	203	203	212	203	203	212
206	206	224	209	206	416	224	244	411	225	244	414	223	243	411	223	244	425	224	244	425	226	247	419	224	239	426	225	237	218	202	207	218	204	206	222
204	206	217	202	209	362	221	238	366	219	230	365	219	229	370	216	237	371	217	237	366	218	235	364	221	232	368	217	233	207	203	205	207	206	205	208
202	202	219	209	207	399	224	243	412	221	242	406	222	241	407	224	239	408	229	239	416	222	236	406	222	240	407	222	239	212	204	205	210	200	204	212
205	204	225	204	210	372	214	243	373	220	237	375	215	237	377	218	239	377	219	238	383	223	240	374	218	233	382	213	234	211	205	206	221	199	206	218
200	203	209	208	212	348	221	229	354	218	229	353	220	229	361	219	234	360	215	232	360	217	230	363	217	229	355	218	228	203	204	201	201	205	204	203
203	203	213	210	208	365	220	234	372	219	231	378	223	240	374	218	235	375	217	237	379	218	237	370	223	236	373	220	225	206	201	201	207	203	201	205
201	202	215	209	208	369	216	237	381	221	237	385	218	237	378	217	234	381	218	243	379	220	236	385	219	236	378	218	233	203	203	205	201	202	205	207
204	204	212	203	207	379	218	233	388	222	237	385	217	240	396	220	242	391	224	241	387	221	237	393	222	239	393	218	235	205	203	199	206	203	202	204
205	204	216	205	205	399	221	242	403	225	241	411	225	245	405	223	243	400	219	238	406	223	243	408	221	242	403	225	236	203	203	204	205	202	201	205
201	202	226	209	213	433	228	247	431	228	245	436	222	251	432	226	253	432	223	249	430	226	246	427	222	247	424	227	245	212	202	200	210	202	203	208
205	200	213	206	209	407	224	245	410	223	242	416	219	245	414	223	246	414	221	249	412	221	248	420	225	237	412	225	237	204	204	203	201	206	203	207
202	203	216	210	210	435	225	253	433	225	247	437	227	246	429	226	248	439	224	248	437	226	248	443	226	250	442	225	243	206	202	199	205	203	202	204
203	202	222	207	210	404	222	243	408	219	244	410	221	249	402	221	248	406	221	241	412	219	244	413	222	241	408	222	237	210	204	201	212	204	204	208
203	201	214	207	210	415	224	246	429	223	246	419	223	243	421	225	250	423	223	245	428	220	248	426	225	246	430	223	240	203	204	203	204	201	203	207
205	199	217	203	209	426	225	243	430	228	250	419	222	244	440	224	247	440	225	250	437	226	251	434	223	247	440	223	237	208	203	202	208	203	202	208
204	202	212	205	205	446	227	250	451	224	245	450	228	251	449	227	251	450	226	253	448	219	250	450	220	250	455	223	245	203	202	204	201	202	202	202
200	199	219	212	209	510	231	258	511	232	263	513	230	265	521	232	266	518	231	261	517	235	263	520	233	268	516	235	256	212	200	202	205	204	203	210
205	201	217	204	208	423	222	246	432	223	248	431	225	247	434	223	246	435	225	246	434	222	245	425	226	244	431	225	244	212	205	203	212	202	207	207
202	206	219	208	212	506	229	261	528	232	264	507	233	266	514	232	259	520	235	270	510	233	257	509	235	261	523	230	257	210	207	203	216	203	204	210
204	200	215	215	214	655	246	288	659	251	295	656	246	294	660	245	287	673	254	292	666	245	292	665	243	295	667	238	278	206	206	202	205	197	203	205
201	203	218	207	215	498	230	253	501	230	259	507	233	260	512	226	262	505	238	265	513	238	269	517	230	259	523	230	259	207	200	206	211	204	202	210
204	204	230	208	213	498	230	259	497	235	259	508	232	260	509	231	257	516	233	266	518	236	256	522	232	261	503	231	252	216	201	204	218	205	204	217
204	201	212	206	211	416	222	244	428	224	248	430	227	251	424	225	244	435	226	244	427	225	247	423	223	246	425	225	240	203	204	203	201	202	204	206
201	205	218	207	217	972	274	351	969	270	360	974	282	354	983	269	349	986	277	354	978	278	357	985	274	353	986	277	330	206	203	201	199	201	200	202
204	202	218	213	213	774	262	314	782	264	322	782	262	313	802	258	315	787	254	317	787	259	318	787	258	311	785	255	302	200	202	203	203	198	199	201
204	204	215	208	211	521	234	264	529	235	266	536	230	268	533	233	269	540	235	267	530	234	267	531	235	269	533	238	255	206	202	206	206	206	206	212
200	206	213	206	212	463	228	248	466	225	252	463	226	251	472	221	259	474	224	249	467	234	255	462	226	253	469	226	249	207	206	197	201	203	199	203
200	201	209	206	210	416	219	243	428	224	246	423	223	245	427	223	249	424	227	244	435	225	248	427	222	247	428	227	243	203	201	203	202	201	201	202
201	204	213	208	209	395	220	240	404	218	241	400	223	238	400	223	241	407	224	241	403	219	238	406	222	237	405	216	238	208	203	201	210	203	205	205
201	204	213	210	211	661	250	288	657	242	292	671	245	292	658	250	300	664	249	277	676	247	292	668	246	288	663	246	281	206	201	202	203	202	204	205
204	200	225	211	214	817	261	319	827	266	324	843	262	325	825	262	325	837	263	321	844	264	325	815	263	323	842	259	306	211	202	202	210	205	206	210
197	205	214	204	214	689	252	294	701	254	298	700	246	296	693	251	301	693	248	302	705	246	306	697	249	300	701	250	282	207	206	203	202	204	206	206
203	203	213	207	211	446	223	251	446	226	254	447	227	249	448	226	252	449	222	250	454	230	255	450	227	251	452	225	247	206	206	202	207	202	204	206
201	202	213	205	209	424	226	248	430	225	247	437	223	246	434	225	247	437	226	248	437	225	245	436	223	251	434	225	242	208	203	203	204	202	207	204
205	207	228	212	213	663	250	300	690	247	293	681	247	291	675	248	298	678	252	293	678	246	291	677	246	291	685	248	281	222	202	205	218	206	207	220
200	205	216	208	209	524	234	269	540	235	269	535	229	263	531	236	271	520	228	264	529	233	269	521	235	268	528	232	260	207	202	206	208	201	204	210
199	201	211	210	211	414	222	243	410	221	246	419	222	245	415	223	245	416	225	247	418	217	241	413	224	245	421	223	238	204	203	199	206	202	196	200
204	200	211	200	208	363	222	236	366	221	228	374	222	233	373	213	230	368	217	239	380	220	240	374	218	236	376	218	231	208	202	204	205	203	205	203
202	211	212	205	204	427	223	245	437	227	248	437	222	247	433	225	244	433	227	246	429	225	243	434	230	244	440	227	238	205	200	201	210	205	205	204
203	204	217	205	209	621	240	284	632	247	294	624	243	288	632	241	286	636	243	286	632	248	286	621	240	282	626	243	275	208	201	202	208	200	204	206
202	201	217	203	210	445	231	249	456	223	257	454	229	254	453	224	256	452	227	250	460	226	256	455	223	252	456	229	241	211	200	200	210	208	205	209
206	207	231	209	212	410	226	237	410	224	244	420	219	242	411	223	249	416	227	245	418	221	239	415	225	247	413	222	239	227	201	208	220	208	206	229
203	201	216	208	214	444	229	254	435	228	251	461	225	257	452	223	256	452	226	248	456	226	252	460	222	253	452	228	245	208	206	204	204	205	203	210
203	199	213	208	209	459	229	252	463	225	248	460	228	250	460	227	251	463	228	250	464	226	251	462	224	256	464	226	245	205	199	202	203	200	208	204
206	212	255	209	217	436	221	252	432	223	248	429	223	248	431	221	247	438	226	246	435	229	247	434	225	251	433	227	239	251	209	213	254	208	214	251
208	214	278	209	221	410	225	242	426	229	245	425	223	244	414	227	244	422	223	248	417	221	242	418	223	244	413	222	237	269	206	216	275	209	216	270
204	206	217	205	208	333	217	226	340	213	228	329	213	228	333	212	227	330	218	229	335	215	231	336	215	226	337	219	225	211	201	205	211	201	201	209
207	211	236	204	209	415	221	243	413	222	246	410	223	245	406	219	240	415	226	242	408	225	242	408	224	244	412	220	236	229	204	205	221	207	209	228
205	205	234	209	213	543	233	270	538	237	269	521	233	269	530	235	261	535	235	267	537	234	266	528	235	269	548	236	258	225	205	208	225	206	207	221
203	204	216	206	209	361	218	238	366	218	235	361	220	235	363	220	232	363	219	233	366	221	233	370	216	231	363	220	230	212	208	197	211	202	205	208
207	203	214	205	204	323	214	226	336	217	226	326	214	225	323	216	227	328	212	225	330	215	226	328	211	230	326	218	225	206	205	203	210	203	205	210
204	200	213	203	206	428	220	249	433	224	250	435	220	250	441	214	248	434	227	246	441	223	249	432	227	248	435	225	248	207	201	203	204	202	204	205
206	203	212	207	203	366	216	232	375	219	238	374	218	234	370	222	237	367	220	238	377	218	238	378	217	235	375	216	233	201	201	201	208	201	203	209
208	204	220	206	205	352	220	229	352	216	224	355	214	231	349	215	231	357	218	234	347	212	230	357	218	237	351	216	226	206	203	203	207	206	208	208
203	205	215	205	206	381	219	239	391	217	237	385	215	238	382	220	235	382	222	236	382	218	232	379	216	237	378	222	231	203	204	204	202	200	203	202
204	201	201	199	210	319	212	227	333	216	222	327	214	230	326	210	226	327	214	228	327	212	223	329	215	224	335	213	222	209	200	205	206	204	201	208
203	201	214	206	206	307	209	220	316	216	223	319	213	222	312	217	224	312	210	217	312	208	223	317	211	226	315	212	219	208	205	201	208	201	203	206
200	204	215	204	207	434	220	243	429	224	250	427	221	246	437	221	247	420	225	247	421	221	242	424	224	244	426	225	240	209	201	205	209	201	203	209
201	204	214	204	208	366	217	234	363	217	236	360	217	232	375	219	233	370	217	236	372	216	234	365	218	231	369	219	231	204	204	202	210	200	206	210
201	205	213	205	204	320	214	227	322	213	229	328	213	219	321	213	224	333	213	223	329	215	225	327	218	221	324	210	224	210	204	205	208	206	202	210
202	204	224	204	213	358	220	229	362	219	233	362	213	230	354	217	227	356	219	235	354	218	230	358	217	234	362	214	229	213	202	203	215	202	206	214
203	200	212	203	205	340	213	234	343	214	230	342	215	230	352	219	232	337	215	232	347	215	229	350	216	229	349	217	226	207	202	201	208	202	207	207
201	204	215	204	210	553	237	266	557	231	274	555	235	272	556	240	276	557	233	273	565	235	272	576	242	275	560	235	259	205	200	204	207	202	199	210
203	205	220	207	213	713	252	297	708	253	304	718	249	301	721	254	304	714	250	306	718	254	303	722	248	299	716	252	290	210	205	200	205	198	197	210
201	205	220	207	211	408	225	242	421	221	242	413	223	244	411	221	248	416	222	244	423	225	240	417	222	244	418	225	237	210	202	204	202	197	202	205
201	205	214	206	213	457	227	256	469	228	256	464	228	252	468	229	251	471	225	254	459	227	254	464	226	257	466	230	252	207	199	200	204	202	202	206
204	202	211	208	211	416	225	240	419	219	243	428	222	244	424	220	244	419	224	246	424	224	245	419	220	243	417	224	234	204	198	205	200	202	207	198
200	201	215	206	205	498	232	261	511	228	261	510	230	262	515	232	261	507	227	266	511	230	268	509	231	262	507	234	254	211	204	200	206	203	202	201
204	200	211	204	208	425	225	244	424	217	248	433	225	247	423	233	247	433	220	244	430	226	240	425	220	244	431	224	243	209	206	203	204	201	205	208
201	205	205	203	205	328	215	226	337	214	229	338	218	226	332	217	225	340	214	227	333	216	232	340	216	224	338	215	229	195	199	207	201	199	206	201
202	198	215	205	205	312	214	221	321	210	228	320	214	229	313	216	227	313	215	228	316	217	227	316	213	223	320	212	220	204	205	203	205	200	205	209
200	202	211	209	210	370	218	234	368	217	234	367	218	236	368	213	233	377	217	235	370	222	234	369	219	237	366	219	231	206	202	204	210	204	206	208
205	205	224	208	213	375	216	233	383	216	236	378	218	237	378	218	236	375	216	241	374	220	237	375	216	237	384	220	234	211	204	207	210	203	208	215
201	200	215	204	207	418	224	240	419	223	247	421	224	244	417	224	245	421	221	243	424	222	245	419	219	247	418	225	237	210	201	205	212	208	204	214
205	203	206	200	205	416	226	243	415	224	243	414	224	239	413	226	246	415	221	249	414	222	243	420	218	244	411	221	237	203	202	201	202	201	202	202
205	202	209	210	208	406	221	244	417	231	241	416	218	241	413	226	243	405	216	240	412	225	237	414	222	240	421	222	232	204	204	204	203	203	206	209
200	202	214	206	209	445	227	253	453	228	251	450	226	251	454	224	251	452	228	247	453	226	253	450	227	248	452	225	243	203	198	205	205	201	201	202
205	203	233	215	228	1808	353	495	1834	355	517	1861	348	506	1836	352	509	1844	348	506	1852	352	496	1839	356	500	1835	350	459	209	200	202	211	203	204	211
203	203	224	215	222	1319	312	408	1311	307	421	1336	311	418	1333	309	413	1335	309	418	1343	309	412	1347	315	417	1341	308	389	205	200	203	205	200	203	203
203	203	223	208	216	789	261	319	801	255	319	798	263	316	807	255	322	801	265	321	806	261	318	802	260	319	810	262	300	208	203	202	207	202	204	209
200	200	214	206	216	633	244	286	669	244	292	664	244	287	652	242	294	665	245	290	651	244	288	665	245	291	657	245	274	208	200	198	204	202	204	204
201	202	213	202	210	369	220	237	374	214	239	373	220	233	378	222	238	381	216	236	382	220	234	382	222	233	380	222	230	207	199	198	209	205	203	206
207	206	203	206	206	313	215	223	314	213	225	311	216	221	309	213	224	311	209	223	311	213	224	312	208	209	310	214	220	201	205	204	201	202	205	200
205	205	207	198	203	343	219	232	349	219	229	351	213	233	345	217	225	352	215	225	354	219	236	352	217	235	357	215	224	204	203	208	205	200	199	201
198	203	214	206	208	559	235	272	562	239	269	566	239	279	569	234	282	563	237	277	567	239	276	558	236	271	571	240	260	209	206	202	204	201	203	206
202	203	217	208	208	959	275	345	958	271	340	962	273	353	984	272	348	969	272	352	987	278	360	954	281	351	986	281	321	210	201	201	205	200	203	209
201	203	213	206	205	778	255	312	796	260	315	789	260	320	798	265	317	801	256	319	809	264	325	810	256	320	805	263	298	206	199	203	202	205	201	207
205	204	219	205	212	438	226	254	447	223	254	447	225	255	456	225	250	453	226	255	461	226	253	451	225	248	453	223	239	216	202	206	217	207	204	215
202	193	206	201	207	423	221	248	428	224	247	420	223	246	443	223	253	432	221	248	434	222	250	431	226	246	425	226	242	198	201	206	202	201	201	203
204	199	211	203	204	452	224	252	456	224	252	453	223	246	460	226	252	461	224	249	459	227	254	458	225	249	459	231	246	207	203	202	202	204	203	207
203	201	210	205	202	398	220	237	407	221	233	398	222	244	404	220	243	405	221	243	410	224	243	409	221	239	407	220	231	207	203	207	203	202	205	204
200	199	217	210	212	990	282	361	997	276	361	1007	280	363	1008	278	351	1011	279	358	1025	280	357	1021	281	354	1040	276	329	203	199	204	201	204	204	201
200	210	231	202	207	582	242	272	581	239	274	589	248	271	597	241	283	593	237	275	595	237	286	585	239	280	576	239	266	222	204	204	221	206	205	223
209	213	294	217	225	428	225	247	430	224	247	433	221	246	436	224	247	440	224	247	435	227	250	434	222	248	436	225	241	289	209	218	292	213	219	293
204	204	213	207	204	322	214	224	326	210	222	324	218	227	328	215	223	338	216	225	330	217	230	330	215	227	325	210	224	210	200	205	210	202	203	207
203	206	227	205	211	482	230	256	505	231	260	497	231	255	494	229	257	494	226	259	496	230	263	490	226	265	492	228	254	219	204	209	223	204	203	222
203	204	215	205	207	428	226	250	434	223	254	440	219	247	436	221	253	437	224	248	435	227	251	437	225	248	434	226	241	204	203	203	209	202	201	208
201	201	210	200	206	320	213	229	318	214	223	322	214	226	316	213	230	314	217	225	322	211	222	319	210	228	320	211	218	201	200	200	204	201	203	205
204	199	211	200	205	456	226	246	462	227	251	457	227	250	457	227	248	461	228	249	466	226	252	464	227	253	463	224	247	200	202	204	205	202	203	203
200	202	212	207	214	419	225	246	436	224	248	432	222	248	431	227	243	439	229	244	434	221	247	428	221	247	436	228	236	200	203	203	203	202	202	200
202	198	209	200	212	343	214	226	349	216	228	346	219	224	346	213	230	351	218	226	350	220	229	347	217	232	354	217	227	203	207	205	206	198	203	204
203	201	205	203	205	313	214	229	319	210	223	316	216	219	320	208	224	318	209	222	325	212	222	315	214	225	327	211	222	205	197	202	203	205	205	206
200	203	212	201	212	328	213	223	330	215	221	328	216	224	326	213	225	337	213	225	330	219	231	329	213	236	332	215	226	206	202	203	216	207	207	214
205	209	223	207	210	375	216	234	380	216	233	380	218	231	383	219	232	379	220	240	377	217	239	381	224	234	374	221	228	220	202	207	218	202	205	219
201	201	207	206	209	470	229	257	488	231	251	487	229	256	490	228	256	489	227	257	481	228	260	484	227	257	485	227	250	201	202	203	199	206	204	202
204	205	218	206	210	493	229	262	498	235	263	496	234	261	505	227	260	502	233	259	500	231	259	488	227	261	504	232	254	210	199	202	211	201	203	207
201	208	211	205	206	337	208	224	338	213	227	331	217	229	336	211	224	335	216	230	338	213	225	338	215	228	330	207	224	207	200	202	205	202	202	205
202	202	213	207	203	296	209	218	296	212	219	303	211	220	295	211	216	307	209	219	299	210	220	297	210	221	304	211	220	210	200	206	208	204	202	210
201	206	211	203	205	277	209	219	281	207	216	280	208	213	278	207	219	282	208	214	280	208	215	284	212	217	288	208	220	213	205	198	208	201	200	209
201	207	218	207	203	286	211	218	285	209	218	290	208	219	288	210	215	285	214	214	280	212	219	283	211	221	284	212	213	212	204	205	216	204	207	212
206	202	218	208	210	309	215	220	306	212	225	306	210	220	305	211	229	310	215	217	314	208	225	311	212	222	307	212	219	215	203	207	216	197	204	220
201	205	211	206	204	337	214	231	348	215	229	346	215	227	342	212	230	339	216	226	342	212	230	342	215	232	334	215	224	209	201	203	201	202	202	202
197	201	208	204	208	334	211	232	341	212	226	336	217	226	333	213	228	340	215	229	334	211	227	334	214	230	331	213	225	205	201	201	209	200	206	209
203	201	208	204	207	338	215	225	336	212	229	325	216	226	333	214	230	335	217	228	331	213	226	336	211	228	335	211	229	199	200	202	207	199	202	209
205	206	225	204	207	356	211	232	362	214	231	357	217	233	361	219	233	358	218	231	360	220	239	365	218	231	362	218	227	217	201	205	219	200	207	225
201	206	212	203	209	453	230	251	458	225	256	467	228	254	466	228	254	465	232	249	462	227	252	466	229	256	464	229	248	208	203	205	210	204	205	208
202	201	215	208	210	706	251	302	711	250	301	710	256	298	715	249	308	720	252	299	723	253	304	711	252	296	714	253	287	207	203	198	205	202	201	203
203	203	212	204	208	377	218	238	389	219	234	392	220	238	400	218	239	394	221	236	391	219	243	391	220	236	394	221	238	211	205	202	207	206	202	208
200	203	212	204	208	317	208	222	315	211	224	321	212	222	316	216	223	316	215	225	323	210	222	322	208	227	316	216	224	205	199	200	204	203	206	209
203	205	207	202	206	290	208	220	299	212	223	300	212	220	293	209	219	297	207	223	300	213	222	294	212	219	302	217	218	204	203	202	206	199	209	210
202	204	231	209	203	310	212	218	316	212	224	311	215	223	318	212	222	321	204	224	316	217	227	316	212	224	319	212	225	217	202	205	220	204	201	221
198	204	211	204	207	307	212	221	313	212	222	305	213	224	304	215	224	316	209	220	310	214	220	312	215	223	315	217	218	205	200	204	205	203	206	205
204	199	204	203	206	324	217	232	335	218	227	339	215	228	340	216	227	336	216	234	335	215	229	334	216	228	338	212	225	208	203	202	203	203	203	207
204	203	212	205	206	314	214	224	322	212	228	325	218	231	325	211	229	318	212	227	317	211	227	315	217	223	321	213	221	209	203	207	211	202	201	207
204	201	205	199	206	282	206	218	285	209	218	282	209	221	285	210	218	281	212	216	286	210	215	282	211	221	285	208	213	205	202	202	203	205	198	205
203	199	212	199	203	275	206	216	275	208	215	271	208	218	271	208	214	283	207	220	277	208	211	274	210	216	280	213	218	203	202	200	202	204	203	205
203	204	209	200	204	275	206	218	278	209	217	279	212	218	277	206	218	276	210	216	277	208	218	276	206	218	276	209	211	206	200	200	206	205	203	204
201	203	206	202	202	273	207	212	276	209	218	275	207	212	272	207	213	268	207	217	275	207	211	279	209	220	272	208	215	204	202	200	197	203	203	204
200	204	216	205	207	337	219	229	342	205	227	339	214	229	344	215	221	342	219	225	342	213	230	339	217	229	344	217	226	209	203	204	212	203	204	211
201	203	210	203	205	306	209	220	299	209	216	305	212	220	293	207	223	305	211	220	293	211	220	307	207	219	300	212	219	207	203	203	207	199	199	207
204	207	222	207	208	806	259	320	823	262	329	828	265	321	819	261	319	840	260	320	821	261	325	830	258	324	824	262	293	210	202	205	213	205	204	212
207	204	222	211	208	702	254	303	723	252	303	713	255	302	712	251	300	721	254	297	716	248	305	723	253	309	733	257	285	210	204	201	209	205	200	208
201	206	219	206	206	394	219	242	418	224	243	414	224	248	413	218	242	422	220	247	422	222	239	426	222	247	416	222	240	210	200	203	211	203	205	210
199	204	215	207	204	296	199	225	298	212	223	299	209	215	301	209	222	301	209	217	296	213	219	300	214	218	301	212	216	213	202	206	212	197	203	211
203	198	212	201	206	321	213	228	327	211	222	326	214	223	327	211	231	319	215	223	321	209	222	324	212	225	324	211	221	209	204	203	209	204	206	215
203	203	213	204	202	329	219	230	330	215	227	327	217	228	333	215	230	336	216	229	337	211	230	337	215	223	329	217	225	200	203	204	206	203	203	209
203	202	205	203	204	270	209	215	268	207	216	270	205	215	269	209	214	261	206	211	270	204	212	272	207	217	264	209	213	200	202	198	206	199	199	202
200	196	206	202	203	257	210	210	258	208	211	259	203	209	257	209	211	259	209	216	263	204	214	256	209	211	254	208	211	202	201	200	200	203	203	203
201	210	245	208	212	642	247	290	662	248	291	665	245	300	670	246	292	669	244	293	670	245	294	676	247	292	681	253	280	240	205	207	242	202	208	242
202	208	219	205	207	630	246	292	661	246	293	654	244	293	649	248	293	647	243	292	642	249	295	657	246	291	658	244	277	208	200	205	210	205	205	212
199	205	211	206	204	402	220	236	406	217	239	403	222	241	402	220	240	406	220	239	407	225	236	404	216	242	408	222	234	208	201	201	210	203	202	204
202	203	225	206	208	367	216	231	371	217	233	373	218	235	365	217	238	374	213	233	378	214	235	378	216	235	373	220	227	219	201	206	218	205	204	212
204	205	233	206	209	483	228	250	487	224	257	489	228	257	480	227	260	483	227	256	484	230	253	486	231	257	497	225	252	229	205	204	227	203	203	228
202	199	212	202	201	488	234	262	505	227	263	494	232	265	500	232	264	507	235	259	508	233	251	505	232	263	503	228	249	204	194	202	203	203	202	202
202	203	202	205	206	313	211	224	317	203	219	317	215	223	317	211	227	322	210	221	317	215	220	322	217	226	318	209	221	202	203	200	200	202	201	202
202	202	206	205	203	267	207	207	274	210	212	251	208	215	265	203	215	268	209	218	270	206	216	265	207	216	268	206	213	203	203	198	203	202	204	203
202	199	209	202	203	279	210	215	279	209	215	280	207	216	279	206	218	281	210	217	277	216	220	279	208	216	284	210	215	204	200	202	204	203	201	207
197	201	210	205	204	274	205	215	280	210	218	275	208	219	265	208	214	277	208	216	275	208	213	280	207	213	276	213	218	213	204	204	210	201	200	209
200	202	208	204	207	258	205	214	270	206	211	261	204	211	256	206	214	262	208	212	265	208	211	263	209	217	266	206	217	207	203	203	202	202	204	201
203	206	213	207	214	742	250	308	747	253	306	752	249	306	738	250	313	752	256	307	735	249	301	741	250	306	740	247	291	208	206	207	205	199	201	208
204	201	222	211	215	868	268	330	868	264	334	866	267	332	885	273	330	887	262	336	886	269	333	888	272	335	875	266	315	211	205	203	207	205	205	212
201	203	214	207	207	429	220	245	431	225	250	424	222	241	430	222	242	436	222	246	421	224	244	421	223	250	428	224	236	207	206	201	208	199	203	208
196	203	211	200	204	281	208	215	280	209	216	282	212	218	281	211	216	281	209	218	286	209	215	284	211	215	287	204	215	204	204	207	208	200	203	204
202	197	208	200	204	254	208	213	257	207	212	260	207	212	255	209	212	259	204	216	257	208	209	256	205	214	262	206	211	207	205	198	208	197	201	208
202	204	214	204	210	247	205	211	248	205	212	249	204	208	249	209	212	244	204	213	250	202	210	249	207	213	254	204	212	207	201	208	213	199	205	215
210	205	225	204	211	266	207	213	263	204	214	267	206	216	268	205	215	262	211	212	263	206	219	267	207	216	268	208	215	225	205	204	230	203	208	227
206	208	234	205	211	282	210	215	283	210	214	282	208	219	283	209	220	280	210	218	284	208	216	279	209	218	284	208	216	234	208	205	231	206	208	234
204	206	212	206	204	266	207	211	266	212	215	266	208	213	263	209	216	262	205	214	257	210	215	264	206	214	268	211	212	206	200	201	206	202	204	206
204	215	244	207	209	292	209	217	281	209	219	288	211	219	287	208	217	296	214	213	288	212	220	292	208	218	289	210	216	243	206	210	242	205	212	241
207	209	238	205	206	281	212	218	283	210	220	284	210	218	280	207	222	286	214	216	282	206	217	285	206	221	282	208	215	237	202	207	233	207	211	236
205	202	209	202	205	286	209	217	285	211	216	284	213	219	282	206	217	284	208	219	289	212	217	282	209	217	282	211	213	205	201	202	207	200	200	204
196	199	212	202	209	608	240	283	608	241	277	613	242	285	629	239	285	611	241	282	619	245	282	616	239	281	611	241	273	203	204	200	205	200	202	207
198	203	207	201	204	554	237	275	556	238	278	557	237	270	554	241	275	556	232	269	559	243	275	555	234	271	561	236	260	201	202	205	205	201	200	202
203	205	208	207	208	471	228	258	489	230	256	483	228	257	482	226	262	484	231	252	481	230	256	479	226	259	481	230	252	208	202	199	203	202	202	205
200	204	206	200	204	311	216	222	315	209	223	316	212	223	317	210	223	314	211	225	315	208	224	315	211	228	317	215	222	205	203	201	200	202	203	200
204	201	214	205	199	271	207	213	272	206	217	271	210	209	272	213	218	265	212	215	271	209	211	272	207	217	267	207	216	210	204	201	206	203	203	215
204	204	206	202	200	256	209	212	257	204	209	257	206	213	263	211	210	260	203	211	260	205	212	257	212	215	259	207	213	203	202	199	205	204	200	211
202	208	208	204	202	273	205	216	276	210	213	271	209	212	276	212	215	272	209	215	268	207	217	278	211	216	279	211	216	202	199	205	206	205	203	200
202	201	202	204	206	525	229	267	523	231	268	527	236	267	521	232	263	521	230	257	535	234	265	523	232	267	532	232	258	204	210	200	202	200	200	200
197	202	210	199	201	405	218	244	420	223	242	412	221	243	416	221	243	407	222	246	413	221	243	410	225	241	411	220	238	203	205	205	201	198	204	202
200	203	218	207	214	761	253	314	770	254	307	770	255	314	760	253	310	761	255	311	770	257	310	758	250	309	758	250	298	212	204	207	212	202	202	213
202	210	255	219	236	2590	417	633	2574	416	652	2594	420	647	2591	419	657	2615	418	640	2627	420	642	2609	423	637	2605	423	583	223	200	206	222	202	206	226
200	209	222	206	210	878	270	336	875	268	335	883	261	332	882	271	335	872	270	336	872	268	330	892	269	326	868	274	317	210	201	199	211	200	201	212
201	202	215	205	204	421	224	242	432	228	249	434	222	250	439	227	247	438	223	251	435	228	245	438	221	253	437	222	238	210	204	203	207	202	208	211
200	201	209	202	203	296	210	218	301	213	222	305	212	221	302	213	220	299	208	219	294	213	221	296	206	220	298	219	216	204	200	202	209	200	205	204
201	203	205	203	209	264	206	214	269	208	213	270	211	215	265	208	213	270	210	221	264	206	220	274	205	209	265	208	217	204	203	201	206	202	201	203
203	204	209	202	206	263	210	212	264	205	213	267	210	214	264	209	219	268	209	216	266	209	217	265	204	212	262	206	219	208	202	205	208	203	200	205
205	204	214	204	210	665	245	290	663	246	294	672	242	290	674	245	288	664	249	290	668	243	290	662	249	291	663	246	275	204	205	200	207	207	200	204
202	202	217	201	213	553	237	270	571	238	271	562	235	276	559	233	274	567	238	268	564	233	277	563	238	271	561	237	263	212	204	202	206	201	203	211
200	204	212	205	207	344	213	231	344	218	228	345	218	232	349	211	231	348	215	230	353	217	235	343	217	230	344	212	225	205	201	202	203	204	199	203
203	206	204	203	203	305	212	221	305	209	226	297	210	221	300	208	217	298	209	223	310	215	216	305	211	220	302	212	217	207	201	202	211	205	202	211
204	199	222	212	225	1787	353	498	1797	355	506	1832	346	505	1804	352	505	1795	338	493	1802	350	498	1801	343	496	1800	348	454	206	201	207	204	198	201	204
199	200	208	208	210	817	265	325	835	266	320	834	267	325	831	263	323	828	265	331	845	262	321	839	269	325	839	262	311	206	201	203	200	206	203	199
204	206	213	207	211	424	225	246	434	225	245	434	218	244	432	223	246	427	222	244	429	230	250	428	225	247	433	224	241	214	204	201	216	203	204	211
197	201	208	202	206	266	209	215	264	208	214	264	208	211	264	210	217	262	205	208	267	206	212	263	208	213	264	207	215	207	205	203	200	204	201	204
199	205	206	202	203	319	216	223	327	214	223	320	213	226	323	209	224	326	213	222	320	213	227	322	215	229	327	212	222	205	204	201	203	202	202	201
202	205	209	203	203	276	207	216	282	210	216	286	208	215	283	209	214	286	211	218	290	212	219	284	211	219	280	208	217	210	201	203	208	201	204	208
206	204	201	204	203	269	207	216	271	208	216	265	209	218	281	206	216	273	206	213	274	210	214	272	209	215	271	207	212	201	203	199	204	202	204	205
202	206	207	204	206	261	201	210	258	204	211	255	208	211	261	206	214	263	207	215	255	210	218	256	210	219	262	208	215	211	201	202	205	204	204	206
204	200	211	206	207	443	228	251	448	226	250	453	227	252	455	227	247	457	228	251	455	229	249	454	224	255	454	226	247	212	200	204	208	203	202	205
203	205	208	201	204	379	217	233	373	219	235	378	216	237	378	219	236	377	220	235	376	219	236	377	216	233	379	221	231	202	198	203	202	202	199	205
204	201	204	204	203	296	209	221	300	209	214	296	210	221	296	207	224	306	211	220	299	212	218	295	210	222	298	211	217	203	205	200	201	199	200	202
205	204	208	205	203	251	209	210	255	209	214	253	205	209	253	208	212	247	205	211	248	207	211	255	208	214	250	206	216	208	203	203	204	201	199	203
203	201	206	203	202	237	206	208	237	203	208	236	207	210	242	207	208	237	204	208	234	205	208	238	205	212	231	203	209	200	202	208	204	199	200	205
202	203	216	203	203	245	206	211	247	206	211	247	208	210	245	207	211	250	209	208	248	204	211	247	204	206	249	205	210	208	204	205	210	203	202	212
204	206	208	203	204	307	211	221	310	212	221	302	214	224	299	211	220	309	209	221	313	213	223	304	213	223	308	211	220	208	202	201	204	200	203	206
203	203	207	203	204	274	210	214	272	208	215	275	210	218	279	205	217	279	208	218	271	207	213	277	207	217	272	206	207	203	201	199	204	201	202	206
201	201	213	204	204	266	210	210	280	212	215	269	207	213	276	204	213	278	206	216	273	208	219	267	209	217	270	208	213	213	203	203	210	203	202	211
202	205	218	204	204	272	207	218	274	212	213	274	210	219	271	210	214	276	211	213	282	210	216	272	205	215	273	207	216	213	202	203	213	203	204	215
213	224	302	211	220	352	215	234	359	218	230	357	215	232	351	210	227	353	218	231	351	213	234	355	216	226	353	216	224	304	212	218	296	211	220	303
199	202	201	207	203	248	211	210	255	206	201	247	205	215	250	202	212	255	205	213	247	204	215	254	208	211	250	207	213	202	200	202	196	199	201	198
197	201	204	205	210	409	221	249	417	226	245	420	224	244	408	222	247	418	219	242	415	224	247	415	220	241	418	220	239	209	201	200	203	202	201	203
197	202	218	209	209	643	248	294	653	246	290	648	244	287	650	244	284	653	240	293	650	247	289	658	243	288	649	241	278	213	206	205	216	203	204	212
204	203	211	204	204	362	216	237	375	221	230	378	216	236	364	217	237	367	215	235	366	218	238	366	215	234	363	222	229	207	203	202	203	202	201	207
206	198	209	201	205	270	206	219	275	209	217	275	208	214	279	210	220	277	209	215	271	208	218	274	208	218	278	208	215	202	202	203	204	201	203	209
204	202	213	202	207	276	212	221	283	212	215	281	210	216	281	206	220	277	209	215	276	205	221	282	209	220	283	211	218	213	205	204	218	205	208	217
204	201	209	202	202	312	214	223	311	208	223	307	212	222	306	212	223	306	213	222	306	210	225	307	212	224	306	216	220	203	204	201	205	201	201	205
196	200	209	202	202	260	206	209	260	207	213	264	205	216	259	206	217	258	205	212	260	205	214	262	205	212	265	206	210	203	203	203	211	201	207	209
203	202	213	202	207	257	206	214	254	205	217	252	204	213	254	203	210	254	207	210	253	206	214	255	205	211	259	206	210	212	201	206	208	201	202	211
201	196	205	203	203	324	216	224	330	215	223	335	213	228	329	211	231	327	211	226	328	210	228	330	213	223	330	213	222	207	199	198	202	202	201	208
203	199	210	204	209	524	233	263	507	232	257	511	225	261	504	237	265	511	233	259	511	235	267	517	238	265	507	234	261	200	192	198	204	202	202	199
202	202	215	205	205	642	243	292	643	244	291	653	241	288	654	244	290	646	239	288	652	243	297	648	243	290	645	246	277	204	205	202	208	203	207	207
204	203	220	208	215	1324	310	413	1354	310	416	1350	313	419	1328	307	420	1365	310	416	1358	306	414	1357	312	412	1361	309	384	204	201	200	203	198	200	206
205	200	244	216	232	2462	416	621	2519	414	636	2515	408	630	2501	409	633	2527	408	623	2522	414	630	2495	412	627	2497	420	571	211	206	204	210	205	201	217
200	201	211	203	215	934	277	345	940	280	346	942	275	347	943	277	345	958	275	346	951	271	349	948	274	345	947	277	331	206	203	202	204	200	205	203
199	195	204	202	205	462	227	250	463	225	257	476	226	255	469	223	259	475	226	260	463	228	244	469	227	255	467	228	247	196	204	200	195	205	200	203
204	203	209	202	200	330	215	228	329	212	228	332	212	222	335	214	225	331	213	222	335	221	232	334	215	229	331	213	222	206	202	200	211	204	202	210
201	205	214	203	207	327	209	225	322	215	223	328	215	229	329	218	226	330	212	222	331	212	230	323	211	226	332	212	223	204	198	205	203	200	204	207
204	199	208	203	209	397	225	243	408	223	245	407	223	237	404	218	239	403	226	237	402	215	241	406	222	240	408	221	237	204	204	200	204	201	200	201
209	211	255	210	209	354	217	228	354	218	230	354	216	231	351	217	230	356	200	232	349	215	226	348	217	234	356	220	231	251	206	213	252	208	210	247
198	202	200	203	203	254	210	213	258	204	210	255	208	212	258	216	207	257	206	210	257	207	211	252	209	214	254	206	208	202	203	199	203	202	199	200
202	200	200	199	198	255	204	215	252	207	209	259	206	214	255	205	213	250	206	212	254	204	215	246	201	210	258	205	212	198	199	200	201	201	197	201
200	202	204	204	204	264	210	214	260	210	210	260	208	211	262	205	213	257	206	210	256	205	219	261	211	211	264	204	212	198	197	200	206	204	201	199
200	206	208	202	202	321	212	227	321	216	226	327	215	226	331	216	227	323	211	223	322	213	227	321	208	228	322	215	218	204	205	205	204	201	203	210
199	203	218	206	219	1150	286	370	1156	290	368	1154	283	373	1157	285	377	1150	286	373	1167	284	375	1155	287	374	1141	289	353	207	201	201	204	202	201	203
201	205	280	245	286	4073	770	1372	4073	778	1406	4073	764	1388	4074	764	1387	4074	770	1374	4074	760	1387	4073	783	1378	4073	767	1210	206	201	199	207	199	200	202
202	201	254	235	266	4057	604	1036	4059	600	1049	4061	598	1037	4060	608	1027	4060	596	1024	4058	612	1026	4059	604	1022	4059	604	911	202	199	202	195	202	199	197
200	200	225	215	222	1630	349	492	1718	351	494	1743	346	506	1711	347	500	1729	342	500	1678	352	488	1697	348	499	1695	345	452	203	203	202	201	198	202	204
202	202	212	209	210	605	242	277	613	244	280	603	243	284	606	238	286	600	241	280	609	241	277	599	241	282	605	238	271	206	204	199	204	197	201	206
202	203	205	200	207	299	214	221	302	210	222	303	209	220	299	208	215	294	208	223	300	209	219	304	208	221	301	206	222	203	202	201	205	203	202	205
201	202	207	201	201	253	206	213	254	207	215	254	210	213	254	207	209	248	209	210	255	206	213	257	207	213	257	210	210	207	201	204	204	202	201	207
203	207	216	202	206	250	210	211	253	208	208	257	207	214	257	204	209	257	212	210	255	204	211	253	206	209	257	210	212	210	206	203	214	206	202	212
204	207	222	203	204	258	207	215	262	208	212	265	208	212	262	203	216	262	211	215	263	205	217	263	207	217	261	208	212	220	202	205	223	201	207	218
202	206	229	206	209	273	204	216	275	208	215	272	208	214	274	209	212	276	207	216	277	208	214	272	211	217	277	210	214	221	208	207	228	204	205	225
204	206	211	201	203	269	209	213	271	211	215	274	208	215	280	209	217	275	212	215	273	207	216	275	210	215	274	206	210	215	204	203	210	202	202	210
206	206	205	200	201	255	204	214	258	206	211	261	208	209	254	207	208	255	206	213	260	207	210	253	210	210	256	206	212	204	204	199	202	199	205	207
200	203	220	204	208	288	209	215	285	211	221	287	212	222	297	209	219	295	211	220	291	212	221	289	208	213	295	208	218	210	202	202	212	203	205	218
204	208	242	210	214	662	255	300	668	248	296	667	244	296	673	253	294	660	245	292	675	257	295	677	244	299	683	252	282	237	205	208	236	205	210	235
200	201	333	274	349	4094	1167	2209	4094	1175	2241	4094	1165	2272	4094	1184	2247	4094	1167	2207	4094	1183	2206	4094	1167	2221	4094	1172	1947	201	206	204	202	198	206	205
203	207	260	234	264	4099	606	1015	4098	610	1025	4097	601	1041	4097	597	1026	4097	598	1020	4098	608	1028	4098	600	1030	4098	596	907	212	202	202	207	201	202	205
202	204	221	212	223	1649	341	488	1675	347	493	1660	345	488	1658	344	496	1658	338	484	1683	343	491	1654	349	494	1674	345	454	203	201	200	203	203	207	202
205	205	212	205	204	495	228	260	505	232	267	499	229	259	502	230	259	509	234	271	508	232	262	512	231	262	497	234	253	200	202	205	205	205	203	204
204	199	204	203	203	285	206	219	284	208	220	284	209	221	282	211	217	284	209	216	287	210	214	288	206	218	286	214	217	206	203	206	206	201	205	205
199	202	204	201	205	252	207	214	254	206	212	248	207	210	252	206	209	259	207	210	253	203	211	245	204	213	259	206	212	204	199	207	204	202	205	203
201	201	211	202	200	241	208	211	244	206	208	241	206	209	246	206	212	245	206	207	237	204	212	239	204	213	243	206	209	204	205	203	204	204	205	200
202	203	208	204	202	246	206	209	249	209	216	252	207	209	250	208	212	249	205	209	247	206	213	249	207	210	246	205	211	208	202	205	207	201	205	206
205	206	206	207	201	428	223	247	415	225	247	422	223	248	419	226	251	422	219	244	430	227	246	420	216	249	428	225	241	205	203	202	202	197	205	203
204	200	233	220	232	2560	414	647	2590	421	642	2603	413	646	2589	414	646	2623	415	645	2606	418	643	2596	419	631	2579	425	575	204	205	203	197	200	205	204
200	199	218	205	211	1060	285	368	1071	286	372	1083	287	373	1098	288	370	1080	287	374	1092	289	371	1067	289	369	1068	284	352	203	198	202	202	199	205	206
207	203	234	205	210	537	232	269	545	239	271	547	234	269	550	242	271	551	236	268	550	235	271	545	234	268	549	237	258	227	200	211	230	207	207	230
201	200	207	201	205	280	206	213	276	208	217	281	207	218	283	211	217	283	208	216	283	202	217	281	211	217	280	209	218	206	199	204	206	201	200	205
200	202	204	196	198	271	207	217	272	210	216	273	209	218	273	210	217	280	208	216	277	206	215	277	212	214	280	207	211	198	202	205	199	203	205	202
203	200	209	200	205	506	232	264	534	236	268	531	233	268	537	231	267	540	231	266	543	230	266	541	231	262	533	233	260	202	202	200	205	206	202	207
203	206	228	202	212	351	213	233	364	217	230	369	216	236	367	214	226	372	217	235	367	214	234	367	221	232	371	218	230	233	203	207	232	205	207	229
201	204	204	201	201	268	209	215	271	210	214	271	206	218	274	211	215	266	210	217	270	209	215	275	210	219	271	213	213	203	204	196	204	200	204	205
203	202	205	201	201	235	203	203	238	204	210	236	203	205	231	208	206	232	207	206	233	204	208	232	203	213	235	201	210	199	202	201	202	203	203	198
202	201	203	198	200	228	202	209	229	205	208	232	203	208	228	205	208	229	204	207	229	206	207	227	205	209	231	205	207	203	203	201	205	207	206	205
204	200	205	202	199	228	203	207	229	204	207	233	203	207	230	206	206	229	203	210	232	204	205	227	204	205	227	204	207	201	202	205	203	201	203	206
205	204	205	201	199	228	200	207	233	204	207	232	205	209	231	201	208	232	207	208	230	205	210	229	205	210	230	205	207	206	200	201	207	201	203	205
201	205	208	200	201	230	205	208	234	203	203	236	203	207	239	202	214	239	202	208	235	204	208	234	205	210	235	208	208	202	201	200	207	203	207	207
204	204	209	205	202	250	207	211	251	208	210	257	206	213	251	208	214	248	210	211	250	203	212	255	207	212	255	208	212	208	201	199	205	204	201	210
206	200	210	205	203	256	207	212	262	207	213	261	207	212	260	207	210	257	206	212	258	211	212	257	201	212	253	209	208	210	201	205	208	200	207	207
204	201	209	203	204	251	207	209	255	203	212	256	209	218	246	207	211	255	208	216	256	208	208	253	210	215	250	202	213	206	199	201	206	201	202	207
205	203	225	202	210	290	212	214	288	213	218	284	212	216	292	211	217	289	211	220	292	210	214	291	208	216	292	210	212	221	206	207	220	203	205	222
204	208	210	207	210	327	214	224	331	214	227	333	213	227	332	215	229	327	213	224	334	213	227	333	214	224	332	212	224	205	199	200	205	200	200	211
204	199	211	203	200	279	209	213	287	206	215	285	210	216	283	209	215	282	207	217	283	208	220	284	208	216	277	209	219	208	205	204	205	198	203	210
199	207	202	199	201	270	208	212	270	206	216	274	208	214	265	207	215	267	205	216	269	211	216	273	210	210	267	207	216	201	200	203	201	201	200	202
202	201	202	200	203	253	206	214	254	203	209	255	205	213	254	205	209	254	201	213	260	206	212	253	206	212	252	205	211	202	199	203	206	199	203	202
205	203	204	201	207	256	201	213	263	207	215	257	206	218	261	205	209	259	207	210	264	208	213	262	209	214	261	206	211	207	201	201	205	202	203	205
200	201	226	215	227	1821	353	503	1856	360	506	1848	346	506	1830	349	505	1864	349	501	1848	351	504	1838	353	511	1851	352	463	202	201	199	202	204	203	207
199	200	221	212	224	1951	371	533	1995	361	532	1984	368	544	1987	356	546	1982	369	529	1997	371	535	1968	370	531	1971	372	487	201	202	204	197	203	198	205
201	201	212	208	213	772	255	314	777	254	310	774	263	314	788	262	312	780	250	318	780	256	317	784	259	310	774	253	298	206	202	202	210	200	203	201
203	200	219	204	207	461	227	254	460	221	255	468	231	255	469	224	255	473	230	250	476	229	252	476	227	258	472	222	247	219	201	205	215	202	206	214
200	200	212	200	205	278	208	216	274	209	215	276	209	217	276	207	214	279	209	216	284	209	218	279	205	218	280	213	215	215	205	200	207	203	204	209
200	201	207	203	203	270	206	214	271	206	213	266	208	209	269	207	214	268	204	218	267	209	213	265	207	218	266	208	213	207	201	204	211	201	206	209
202	202	224	214	222	1740	341	494	1755	344	494	1741	344	491	1768	339	491	1761	349	486	1757	345	491	1759	345	489	1770	342	444	207	203	199	206	200	201	211
203	202	250	228	250	3692	529	867	3709	530	876	3721	532	873	3694	528	888	3735	529	863	3701	528	883	3695	528	866	3698	520	767	209	201	202	208	200	206	210
200	209	243	212	225	1840	361	504	1863	357	513	1837	358	519	1860	357	525	1841	359	514	1864	348	507	1856	356	508	1840	352	474	223	201	203	222	202	206	222
196	204	203	206	207	781	255	318	776	254	316	774	258	310	785	258	313	779	261	311	783	262	316	781	254	318	774	266	298	203	203	202	199	201	200	199
200	204	203	201	205	407	220	243	411	220	244	395	222	241	400	220	243	404	220	243	407	216	244	405	217	236	407	222	234	198	201	204	202	201	202	198
199	207	215	204	208	312	217	224	318	213	223	316	211	223	320	214	223	320	212	222	317	213	224	316	211	219	315	216	220	213	204	205	212	205	200	210
201	202	203	204	203	275	209	214	274	208	218	269	208	217	263	210	210	272	209	216	272	212	215	279	207	214	271	210	214	210	201	203	205	205	204	206
202	202	218	207	205	289	208	217	289	211	218	290	206	219	291	209	221	284	210	218	286	207	219	281	213	222	291	206	219	207	203	209	213	201	204	216
199	206	216	202	202	304	210	222	318	211	219	309	212	222	318	209	222	314	212	223	314	214	219	310	215	220	305	208	221	211	203	203	212	205	204	213
203	202	225	205	208	447	227	251	451	222	249	443	225	252	446	224	250	451	226	252	449	226	248	444	224	256	438	225	237	213	201	202	212	205	203	213
203	203	247	225	244	3690	492	810	3706	500	804	3706	499	811	3693	498	808	3699	499	794	3709	491	819	3696	482	813	3702	493	722	205	203	198	203	201	198	203
201	204	467	353	509	4099	2156	3942	4099	2175	3936	4099	2148	3962	4099	2166	3950	4099	2145	3934	4099	2159	3945	4099	2160	3934	4099	2170	3596	210	201	201	207	201	199	207
205	204	361	296	381	4095	1308	2486	4095	1305	2522	4095	1309	2526	4095	1303	2542	4095	1291	2499	4095	1315	2513	4095	1314	2496	4095	1306	2181	212	203	202	207	203	205	216
199	206	272	235	265	4090	567	929	4091	555	944	4091	572	948	4091	558	937	4091	562	940	4092	558	949	4091	560	939	4091	560	843	213	203	205	211	203	205	212
203	201	229	213	224	1644	341	486	1654	335	480	1676	347	482	1668	346	484	1666	342	485	1675	346	476	1674	339	472	1661	340	447	203	202	199	200	203	203	207
203	204	209	202	204	390	217	240	398	218	234	394	221	237	401	220	238	404	223	238	397	221	240	392	222	237	392	221	233	204	203	200	200	203	203	200
205	204	224	201	207	285	213	217	292	210	220	285	214	221	293	211	219	287	209	214	295	210	219	285	210	221	288	212	220	222	201	208	226	205	203	224
202	201	205	201	207	259	209	210	257	203	210	254	207	212	260	207	213	255	207	210	253	207	210	255	207	211	254	207	209	202	207	202	206	201	202	208
199	203	214	195	203	256	201	211	259	208	213	260	209	210	256	207	214	257	205	213	260	209	211	261	207	212	259	206	211	208	202	207	214	200	204	213
201	201	205	202	203	237	205	208	239	204	206	237	210	212	234	205	208	239	203	211	241	207	211	240	203	213	239	204	210	204	198	204	207	202	206	210
199	200	204	203	198	233	206	206	227	202	205	232	204	209	230	203	202	232	204	203	230	206	205	233	208	208	233	203	208	204	202	203	201	203	203	205
201	202	213	207	208	235	206	210	236	204	210	238	205	210	238	206	211	237	205	208	238	205	208	233	204	211	236	202	207	213	199	202	213	206	205	211
201	206	207	202	204	241	209	208	234	205	209	231	204	211	238	203	206	230	202	204	233	204	208	233	204	209	230	206	208	211	202	205	213	202	204	212
203	206	207	204	203	228	204	204	227	206	208	226	205	207	224	204	207	225	204	206	227	200	208	227	206	207	225	204	204	203	199	203	203	202	203	206
208	212	240	204	209	269	209	212	267	208	215	269	208	213	270	208	215	271	209	214	267	205	216	273	207	215	267	203	215	245	206	210	243	201	210	247
203	205	214	202	202	265	209	215	261	211	208	267	206	211	264	205	212	262	204	215	264	207	217	264	207	211	261	207	215	211	203	206	215	204	205	212
208	202	219	211	220	1315	305	410	1317	306	412	1307	298	412	1327	306	415	1306	302	410	1310	305	406	1307	306	405	1303	304	377	207	201	196	208	203	200	207
197	206	207	203	212	768	252	310	776	254	309	774	256	314	782	252	316	776	247	320	786	255	311	769	253	312	778	255	300	204	204	199	202	198	201	201
203	204	215	205	206	414	219	246	425	221	245	415	221	242	421	223	241	416	221	244	423	224	242	424	226	246	420	224	235	210	201	203	209	203	202	208
201	200	209	201	205	301	211	222	313	211	219	314	211	225	319	213	223	309	212	224	315	213	222	306	210	227	311	211	220	204	203	200	210	200	202	205
201	203	208	205	202	240	207	212	238	207	207	242	205	208	240	206	208	241	208	210	240	202	210	239	207	213	243	204	203	210	200	207	211	200	196	206
202	202	207	205	201	225	204	206	227	207	205	226	208	205	227	204	206	227	200	207	231	204	204	230	206	209	230	204	208	205	205	206	203	201	202	208
202	204	207	206	204	224	202	209	228	202	207	227	204	205	225	202	206	227	203	209	231	204	208	228	207	202	228	207	206	211	202	202	211	202	203	206
204	203	197	203	200	230	208	205	229	203	207	227	205	205	232	204	200	231	203	202	229	190	206	228	189	210	228	204	208	199	202	201	201	197	201	206
201	204	217	203	208	235	204	208	240	201	209	235	205	209	235	202	208	235	206	209	235	210	212	240	207	204	235	208	205	207	200	205	213	198	201	213
200	199	208	200	202	229	203	205	232	205	202	229	200	203	225	204	208	225	201	207	229	203	206	229	205	208	227	206	204	208	201	203	209	201	207	208
197	207	207	201	201	231	203	209	229	205	208	229	205	206	223	204	208	223	206	204	235	202	206	227	205	201	227	204	203	212	203	203	207	201	203	211
205	202	206	204	199	227	201	204	224	207	204	226	205	208	222	204	210	226	200	198	234	204	206	229	201	210	224	203	203	205	204	197	204	203	202	210
205	199	202	201	204	234	206	205	243	205	209	243	204	208	240	208	209	237	199	208	243	207	209	239	203	210	239	201	208	204	204	200	202	200	199	203
199	208	208	203	206	266	205	217	269	207	213	272	208	213	265	209	219	269	205	216	270	205	209	268	210	218	267	209	216	209	204	202	210	203	199	212
202	201	215	208	215	1035	279	357	1050	285	367	1049	283	362	1064	283	363	1063	278	365	1061	278	366	1047	290	368	1055	280	335	208	202	205	208	199	202	208
203	203	230	215	224	1493	322	449	1507	328	449	1513	327	450	1529	320	453	1503	324	445	1504	317	449	1509	330	451	1494	322	424	213	203	207	218	203	204	215
205	204	271	226	260	3657	534	872	3689	525	877	3703	533	878	3729	538	872	3716	532	875	3690	527	876	3704	533	887	3680	522	770	225	204	206	224	203	204	224
203	203	226	217	226	2000	370	523	1987	365	533	1983	365	533	1988	367	531	1993	358	531	1984	359	538	1974	364	541	1967	369	486	205	207	203	201	203	204	203
201	202	215	208	213	868	267	337	865	270	331	873	271	340	873	261	338	875	270	327	858	266	330	857	269	323	871	258	316	211	200	200	206	201	202	206
203	201	211	205	205	534	234	270	547	238	270	525	232	267	538	233	264	545	234	272	535	237	265	537	235	267	537	237	261	202	204	201	203	201	204	203
204	207	209	205	202	277	207	214	278	206	213	276	208	215	283	209	215	282	199	219	275	210	215	278	210	215	282	210	212	212	201	203	211	208	203	211
202	200	207	199	204	225	201	204	228	200	207	226	206	210	227	202	208	229	206	207	224	203	207	224	204	203	225	202	209	203	204	205	203	203	205	204
203	200	202	202	205	223	202	205	218	201	209	218	201	202	218	206	202	217	204	203	213	205	205	216	204	208	220	201	208	202	205	197	201	204	200	199
200	200	208	202	200	224	205	202	226	203	208	225	209	210	223	204	209	225	202	203	226	205	203	221	200	206	221	206	207	210	202	201	208	199	204	207
204	204	206	200	204	221	202	207	217	203	202	221	204	199	217	200	205	219	204	202	216	205	202	220	203	207	220	200	206	200	201	201	201	200	201	204
203	203	214	204	206	331	215	226	333	216	232	331	213	233	336	215	226	332	214	227	336	215	225	335	218	226	338	217	227	211	200	201	213	201	205	209
198	206	225	205	213	1028	279	364	1029	282	357	1035	284	364	1038	282	360	1035	276	357	1041	274	364	1033	274	353	1032	280	338	213	204	199	211	198	202	215
203	204	209	203	208	454	224	250	460	225	247	452	225	248	450	226	253	457	228	247	461	227	251	463	224	252	454	227	248	210	201	204	209	202	201	212
200	202	207	204	205	331	216	226	334	214	231	332	209	225	322	214	231	326	216	226	328	214	232	327	214	229	325	212	224	207	203	210	208	203	203	208
208	209	244	204	210	313	210	221	312	211	219	305	212	221	313	217	221	321	213	221	313	212	219	305	214	220	312	210	224	247	210	209	250	203	211	251
204	202	209	198	201	230	204	206	228	204	207	224	203	207	223	204	204	224	204	206	226	205	205	228	205	204	222	203	207	209	202	205	212	205	204	211
202	206	217	204	208	233	204	209	229	203	216	235	201	207	231	204	209	233	202	205	233	209	209	231	206	208	231	206	207	219	201	205	221	204	203	222
200	201	207	201	200	214	202	204	213	202	204	216	205	210	217	207	209	219	200	204	214	204	204	216	206	206	217	203	209	206	208	200	207	197	204	207
202	202	205	202	201	214	202	201	213	206	205	213	205	203	210	200	200	214	202	202	214	205	209	213	200	201	218	203	205	205	199	200	206	202	203	200
205	208	224	204	210	266	207	211	265	208	213	262	208	212	262	213	218	260	206	215	266	204	209	264	207	216	269	209	212	221	203	205	220	201	205	226
202	200	203	202	202	233	201	207	237	205	209	237	206	212	235	202	206	238	204	208	239	205	210	237	205	205	239	204	204	205	200	204	208	205	204	206
201	201	202	205	203	229	206	207	231	207	207	232	204	210	229	208	210	236	208	206	237	210	210	238	208	209	234	205	208	203	200	199	202	197	198	200
202	207	220	200	205	244	202	207	243	206	210	248	207	206	240	207	207	242	204	208	241	205	211	241	203	202	244	208	208	225	204	203	224	203	201	223
207	202	210	200	203	227	205	209	223	204	206	228	205	204	220	205	207	222	208	205	221	206	203	223	203	204	235	204	207	211	201	205	209	203	202	213
200	203	203	204	201	221	199	205	218	200	203	220	203	203	215	204	206	218	205	205	215	206	205	221	202	203	218	198	205	208	202	197	203	200	199	206
203	202	213	206	201	279	207	217	275	209	216	275	212	218	276	208	217	278	208	216	282	210	214	279	209	216	285	215	216	207	204	201	206	199	203	209
202	202	213	203	202	295	209	219	290	212	219	296	210	221	296	206	216	298	210	221	299	212	223	299	208	222	297	211	218	207	199	202	206	202	201	206
201	202	212	204	203	248	201	210	246	205	207	245	204	214	248	205	212	245	203	208	247	202	213	249	205	210	250	202	212	208	203	202	204	204	203	209
205	200	202	199	201	226	203	207	232	204	207	225	205	208	226	204	207	228	205	204	230	200	206	232	198	204	228	203	206	203	203	202	206	204	202	199
201	206	211	201	203	217	204	205	221	208	205	220	204	210	216	199	207	223	201	201	221	203	206	219	204	204	220	197	205	201	199	201	208	199	203	204
203	200	213	201	199	222	203	203	224	207	203	220	206	206	223	201	206	221	202	206	222	200	205	226	205	207	220	202	205	213	201	202	209	202	202	210
201	204	207	201	202	222	201	205	220	205	203	214	202	206	216	203	205	215	202	204	215	200	204	220	201	209	219	203	203	210	204	202	211	203	205	209
199	203	206	200	201	210	202	202	209	200	205	206	202	203	210	201	200	212	206	204	212	204	205	211	201	201	215	201	203	204	200	201	201	201	203	203
201	205	202	198	200	211	204	204	215	204	206	211	202	202	206	201	199	210	203	194	214	204	202	217	203	202	214	202	203	202	196	207	208	205	203	204
202	202	222	201	200	221	202	208	220	203	202	220	202	201	221	197	203	219	203	205	220	203	205	219	202	204	217	201	206	210	202	200	213	207	206	210
205	200	200	205	203	229	208	206	233	207	205	232	203	209	236	207	209	234	202	205	235	203	207	234	203	204	228	200	206	201	198	201	202	204	202	202
202	198	206	199	203	218	206	203	221	204	202	224	205	204	220	202	206	226	206	208	225	198	207	225	200	204	220	202	204	205	198	200	204	198	200	207
199	200	204	203	205	217	205	204	217	202	204	222	205	202	217	204	204	217	203	205	215	204	206	217	201	203	217	203	206	207	199	204	212	199	200	209
201	202	208	206	199	221	201	200	221	203	204	216	202	203	216	202	207	221	204	203	217	201	205	218	202	202	216	202	203	209	202	200	204	204	200	208
199	204	205	204	205	216	206	204	216	200	204	215	203	202	215	203	204	217	199	204	212	201	201	217	203	204	217	200	203	206	203	204	204	201	201	207
201	199	205	205	204	212	201	204	212	199	207	213	203	202	215	203	204	210	206	202	212	200	200	213	201	205	213	204	202	209	200	200	204	203	203	207
202	204	206	200	201	208	202	204	207	200	200	208	199	202	206	202	199	211	201	204	210	200	201	207	204	202	214	199	204	208	200	204	205	203	200	210
200	196	201	202	202	205	205	201	207	200	200	210	200	202	206	200	204	209	201	201	210	203	200	205	202	205	211	204	205	203	203	199	204	196	205	203
199	201	206	202	198	215	204	199	215	199	205	217	203	208	212	202	205	222	202	203	215	201	203	213	201	202	215	206	207	208	200	202	206	201	198	202
203	201	202	202	203	216	205	203	216	203	203	220	204	203	220	200	204	218	202	206	216	201	206	216	201	207	222	205	203	201	201	202	206	199	200	206
203	205	211	206	203	214	205	205	222	203	201	220	203	204	221	206	206	224	202	206	224	204	205	223	207	204	221	206	208	211	200	199	210	204	203	208
202	200	205	200	203	207	202	203	213	200	202	215	204	200	210	205	206	210	202	203	208	201	202	209	202	203	208	202	204	202	202	201	207	202	200	201
199	204	208	204	204	208	204	201	211	202	203	213	201	202	211	202	204	209	200	206	209	202	205	211	203	201	213	204	204	205	203	198	204	204	204	207
201	204	209	203	207	217	204	207	221	203	205	223	204	201	219	201	203	219	205	204	218	201	207	220	203	203	219	201	203	212	204	207	214	203	204	211
203	206	220	201	207	224	202	207	225	208	208	230	203	202	227	207	209	231	202	205	227	200	203	231	205	206	225	202	209	219	200	207	220	209	204	218
200	207	211	200	203	222	205	206	223	202	206	222	208	203	221	202	205	219	201	203	216	201	204	215	205	205	222	201	205	215	204	200	213	207	202	216
200	206	209	201	201	212	199	200	212	203	204	210	200	202	206	202	204	212	200	205	208	203	202	210	203	202	212	202	203	205	202	204	207	200	203	211
203	205	204	201	202	208	204	203	209	203	204	206	203	206	210	204	203	207	205	204	207	198	206	206	204	201	205	202	201	204	201	202	202	201	201	203
206	204	224	206	203	230	201	207	225	202	208	228	205	204	226	204	208	232	206	211	228	208	206	233	201	208	230	200	206	227	204	199	225	206	201	227
204	200	200	200	201	209	201	203	208	201	200	205	198	201	208	201	201	204	203	203	208	201	199	210	202	201	210	198	201	202	199	200	201	202	202	202
201	199	196	201	200	206	201	203	206	201	203	210	203	202	203	203	204	202	204	201	207	202	203	206	203	206	207	198	204	199	203	201	197	203	201	198
198	203	202	204	203	209	199	203	209	203	204	207	202	202	211	204	204	208	200	204	207	201	205	213	202	202	209	200	206	203	204	201	205	205	205	201
205	204	202	205	203	206	201	203	212	203	204	208	204	203	210	204	202	208	205	199	209	204	202	212	205	201	206	197	205	208	201	197	203	205	205	202
203	202	211	203	204	219	202	206	222	202	205	215	204	208	214	203	202	218	203	206	221	198	206	219	201	203	216	202	202	211	204	202	214	208	205	210
207	202	208	205	206	214	202	201	216	205	204	215	201	200	211	202	204	214	202	200	213	197	203	213	203	205	217	204	206	204	201	206	205	204	202	202
202	201	206	201	199	209	203	203	209	203	205	209	201	204	207	201	205	206	204	203	210	204	202	208	206	203	206	203	205	203	198	200	208	206	201	205
203	207	234	193	208	233	205	210	238	208	210	240	208	209	234	204	209	233	208	207	241	204	203	231	209	207	234	207	212	230	203	206	230	206	208	230
198	199	204	202	204	206	203	201	205	203	204	206	203	201	206	202	204	211	201	204	207	202	202	203	203	202	202	204	201	203	199	200	202	204	199	205
200	199	203	204	205	206	203	204	210	201	204	211	203	199	209	203	203	209	202	206	205	202	204	210	204	201	212	203	205	202	202	200	203	202	204	204
203	204	224	202	208	231	203	206	233	202	207	232	204	209	230	203	207	231	204	207	231	200	211	234	201	211	232	204	205	226	203	206	229	200	208	225
201	199	208	202	204	219	199	205	224	206	205	225	207	202	219	203	209	221	200	207	222	204	206	224	195	212	218	205	203	205	202	200	208	200	202	206
202	197	203	202	198	224	207	210	232	203	206	228	200	206	225	202	202	226	204	206	224	201	205	226	202	203	226	201	203	208	201	204	207	201	201	201
201	193	201	197	199	212	202	203	214	205	210	214	204	201	217	203	202	216	203	204	215	202	208	212	203	207	215	204	203	200	198	201	197	203	202	200
198	198	205	201	206	218	201	207	221	208	207	221	202	206	218	199	205	223	207	208	220	203	204	219	204	208	220	204	205	206	201	200	205	201	203	204
200	203	208	200	205	224	209	205	234	201	210	229	201	207	233	202	206	228	209	209	229	201	208	229	204	204	229	206	207	206	201	202	206	204	202	209
204	205	212	202	202	412	222	243	418	223	243	419	221	244	418	221	242	418	225	241	419	219	248	415	220	243	413	223	240	209	204	205	209	200	203	201
201	202	224	214	222	1777	346	492	1807	349	501	1807	345	507	1816	348	498	1812	348	505	1808	350	498	1808	350	496	1816	347	456	205	202	205	207	202	197	206
202	201	219	207	210	1040	282	372	1079	279	372	1051	279	370	1058	282	371	1079	286	378	1069	281	371	1062	282	362	1069	283	350	216	200	207	213	203	206	212
204	200	211	209	204	674	249	292	684	249	296	686	246	293	676	247	295	680	248	295	673	251	299	680	249	291	684	249	280	203	206	201	202	197	203	201
204	203	214	204	208	494	229	262	491	229	262	497	229	259	487	228	257	492	231	259	498	231	254	492	230	258	494	229	249	207	199	204	213	203	200	205
208	202	213	204	203	329	213	230	333	212	226	332	210	229	334	215	228	334	217	222	332	214	231	333	211	230	340	214	226	210	202	199	213	202	203	214
200	201	211	202	201	228	209	208	229	206	204	228	205	205	229	203	210	228	204	208	229	206	208	226	207	203	230	204	203	208	203	205	207	202	199	209
203	201	213	204	206	223	202	204	224	201	205	227	208	204	224	204	209	224	205	207	225	207	204	226	201	206	229	203	207	215	201	205	216	204	207	211
202	201	207	200	201	225	203	207	217	202	206	225	199	205	225	205	209	226	203	206	226	204	200	221	204	210	227	201	206	206	200	199	205	203	204	213
204	201	220	207	202	241	208	206	239	206	208	240	203	211	236	202	209	236	205	209	236	204	207	237	204	210	238	207	210	219	203	205	218	204	206	217
204	204	202	202	199	234	205	208	232	200	206	237	204	204	232	205	209	230	204	210	236	206	210	235	203	211	231	200	207	203	206	204	204	204	200	199
200	204	215	203	208	448	225	255	453	222	251	451	226	253	450	221	251	447	228	254	456	227	254	450	228	250	457	228	244	214	202	206	214	200	204	205
200	200	204	206	202	386	220	236	396	221	239	386	221	237	384	221	235	388	225	239	398	221	237	378	220	235	384	219	234	206	201	203	206	202	199	204
205	203	214	203	206	324	210	225	326	211	223	322	209	223	318	212	223	320	214	224	325	210	223	326	216	220	320	215	220	216	204	203	210	205	201	213
200	199	215	199	207	274	208	215	273	205	216	268	210	215	274	211	216	271	207	216	274	208	212	277	207	215	270	205	213	205	201	197	203	199	194	208
203	204	207	200	204	248	210	207	255	206	209	253	208	210	250	206	215	249	208	213	249	205	208	248	204	212	250	202	211	210	200	203	207	204	199	201
204	200	202	204	200	210	203	205	212	200	205	211	202	207	210	200	200	214	201	209	213	204	203	214	198	202	208	199	204	204	203	200	202	200	205	204
204	201	211	201	199	210	204	202	209	200	201	210	205	203	215	201	205	214	198	204	213	202	204	213	201	207	217	201	201	208	202	201	203	202	203	209
200	200	209	201	205	214	204	206	216	203	201	217	205	206	215	204	206	219	204	206	213	201	199	220	203	204	219	202	205	206	205	202	206	199	201	209
204	198	205	199	203	208	200	207	209	202	205	218	203	201	208	206	205	212	201	208	211	200	203	212	203	203	207	200	201	200	203	202	199	201	204	204
200	204	206	199	203	211	200	203	210	198	201	208	210	207	210	200	203	206	203	197	204	202	201	207	201	204	208	198	202	202	201	203	202	201	198	203
201	202	208	199	204	215	203	203	208	203	201	208	204	193	210	200	208	210	200	203	211	204	203	212	199	199	213	204	203	206	201	205	209	203	204	207
200	204	200	201	203	206	201	200	203	203	199	205	200	202	208	203	207	209	200	203	203	203	204	202	200	205	205	201	200	204	197	201	204	204	202	200
199	202	202	203	199	204	204	203	203	207	206	203	201	204	207	201	204	203	200	202	205	202	203	205	203	198	210	202	203	197	202	203	202	200	202	203
202	200	207	200	203	214	206	205	211	206	199	211	205	202	213	203	204	215	200	203	215	204	206	212	204	202	209	204	200	199	205	204	203	202	198	199
200	200	201	199	201	211	198	205	212	204	204	212	202	205	213	202	204	212	201	201	210	202	204	212	201	205	214	204	208	201	202	199	206	196	205	207
203	204	212	203	204	218	206	203	221	202	199	221	200	203	217	202	203	220	206	201	221	198	203	219	204	205	219	202	209	211	203	208	212	202	202	210
206	204	213	203	207	218	207	207	212	203	202	215	206	205	218	204	205	217	201	200	217	206	208	222	204	202	218	202	204	210	204	201	208	205	202	210
201	201	208	203	199	207	205	204	209	201	203	211	203	201	210	200	203	211	199	202	211	206	202	211	204	201	205	205	201	204	204	204	207	201	201	203
204	201	205	202	203	215	205	204	216	202	203	216	204	205	215	204	203	214	200	205	214	203	202	216	205	206	211	200	201	214	206	201	211	203	201	210
202	202	222	203	206	220	203	206	223	200	205	222	205	207	222	206	203	221	209	205	228	200	201	223	204	206	222	205	203	220	200	208	225	205	207	222
201	206	204	203	205	211	205	201	210	203	205	211	204	203	214	202	203	210	204	205	214	203	205	212	202	200	216	200	200	210	201	200	207	203	202	211
201	202	206	201	203	210	200	204	207	203	201	209	201	203	207	201	200	208	200	200	206	202	204	206	202	204	204	198	203	204	204	199	202	203	201	205
206	205	230	206	211	229	204	211	238	205	207	237	206	206	233	204	208	229	208	208	236	203	206	235	206	206	235	205	205	232	208	210	229	205	207	230
203	203	208	205	204	203	200	201	206	200	205	203	203	199	207	202	202	203	204	202	210	197	197	210	206	202	206	200	200	204	203	200	204	203	205	207
203	204	208	202	201	213	200	204	211	202	203	208	204	202	212	204	204	209	204	203	210	204	203	208	202	204	207	207	201	208	203	200	205	198	204	209
201	202	204	204	201	207	201	203	207	198	200	207	204	201	205	201	201	206	203	203	205	200	203	206	199	200	204	205	204	204	203	202	203	198	201	203
203	201	205	203	200	206	201	201	208	198	200	209	202	204	205	206	207	205	203	202	204	202	205	206	199	204	207	201	204	206	204	206	202	200	201	205
204	209	212	204	202	213	200	203	211	200	205	210	202	203	207	201	205	209	199	205	213	204	200	212	204	207	212	201	196	211	204	203	209	200	201	211
200	202	209	206	204	210	195	204	208	205	202	214	201	204	208	205	200	211	205	206	211	200	203	212	199	202	209	200	204	211	203	204	208	201	203	210
198	203	202	201	206	211	199	203	207	203	197	205	201	201	201	206	206	204	203	201	200	202	200	203	206	201	203	203	198	207	205	199	205	200	201	202
202	204	206	204	202	207	199	202	211	203	200	206	201	207	207	201	204	210	199	204	207	203	202	211	201	203	212	202	203	207	201	204	209	202	200	207
205	200	200	201	197	204	199	203	200	203	203	203	200	199	201	200	203	200	198	198	201	203	201	198	203	202	200	204	204	198	203	199	199	200	200	201
202	201	214	203	205	217	208	205	214	203	208	218	203	202	214	201	205	216	201	208	220	205	205	217	199	201	214	204	202	216	202	204	213	200	206	213
204	203	205	201	202	208	202	201	204	207	197	205	204	205	208	199	203	210	204	204	206	204	202	207	202	205	209	201	203	205	197	203	209	201	203	211
202	199	207	202	203	207	197	202	209	204	202	211	203	202	207	205	201	210	204	207	209	203	204	211	203	201	212	202	202	210	201	203	211	203	199	204
202	198	208	203	206	212	200	202	210	203	204	215	207	203	210	206	204	209	204	203	210	199	202	210	201	205	208	202	204	208	198	202	209	203	201	210
205	202	207	200	202	205	202	203	208	199	200	207	201	203	213	203	202	210	202	204	204	201	206	208	203	204	212	201	202	207	199	198	202	200	200	205
204	197	203	203	203	210	202	201	212	203	205	207	201	203	202	202	202	207	200	201	210	201	202	207	199	201	208	203	201	205	201	200	208	205	201	208
203	202	204	205	203	203	197	204	202	202	204	211	198	200	203	203	204	208	197	206	204	201	201	205	204	205	204	203	201	206	199	205	207	202	205	204
200	204	205	202	203	210	202	198	207	200	199	207	201	203	209	199	204	210	202	201	206	203	206	212	202	203	208	203	201	208	203	204	206	202	203	205
202	204	203	201	201	206	203	201	205	203	201	211	201	201	210	202	203	207	201	202	208	202	201	207	199	203	209	205	203	202	205	203	205	201	201	208
201	203	213	205	203	208	199	201	208	202	205	208	201	203	210	205	196	213	204	205	206	203	205	208	203	205	207	202	202	203	201	207	212	206	203	209
202	200	205	199	206	204	202	201	206	202	202	205	201	204	206	203	205	209	204	203	203	201	204	208	204	202	207	199	206	201	201	201	201	203	204	203
200	204	204	199	200	219	207	204	222	205	205	224	204	201	220	205	204	218	202	203	218	204	208	219	203	200	220	202	203	200	202	201	205	197	200	205
203	202	217	200	202	284	207	214	287	211	215	282	205	215	290	210	219	285	209	214	285	208	219	287	206	216	286	207	215	208	203	207	212	206	203	215
205	201	210	204	206	267	208	216	278	208	216	272	211	212	270	206	212	274	209	220	272	207	212	271	209	213	272	210	212	212	206	202	212	200	202	208
202	203	204	203	204	253	207	209	249	209	210	250	205	211	253	208	212	251	208	209	251	210	211	251	206	211	249	206	211	207	203	200	207	202	203	205
201	201	208	202	202	234	203	205	236	205	210	234	204	207	236	206	207	234	208	209	236	211	211	234	205	209	230	205	209	202	201	201	204	203	204	204
200	200	213	204	203	228	201	206	234	204	209	231	204	207	233	205	206	229	203	207	231	201	204	229	208	210	227	205	209	209	199	203	211	204	203	213
202	206	210	202	200	208	203	202	211	203	208	211	204	202	214	206	205	208	201	204	214	204	205	212	205	205	212	203	202	207	203	206	207	204	200	209
199	203	222	199	203	225	204	209	223	204	203	226	206	207	224	205	204	223	204	206	223	204	207	225	202	204	225	203	208	225	201	205	223	208	205	219
198	202	213	204	203	213	202	200	213	198	205	212	202	204	215	205	208	216	203	204	213	200	203	218	203	200	212	203	210	211	202	204	213	206	205	217
203	205	206	202	201	209	202	197	209	199	204	209	200	202	204	202	206	209	205	204	205	204	205	203	203	199	208	199	201	207	199	204	212	203	200	208
200	205	215	203	207	218	205	203	216	206	201	218	206	203	221	203	207	218	201	207	215	203	204	217	202	203	219	205	202	214	205	203	210	200	201	214
202	203	202	200	200	204	202	204	205	199	201	206	203	200	201	199	196	201	208	203	202	204	200	202	201	203	201	202	203	206	199	200	204	201	199	206
204	196	209	201	203	211	203	202	211	201	205	209	205	203	204	204	201	208	202	203	211	202	202	209	203	204	217	204	202	208	201	200	210	200	206	209
202	199	211	201	203	215	203	202	215	205	202	214	201	203	212	203	203	216	203	206	211	203	202	220	206	201	217	210	202	214	202	206	207	204	204	213
197	199	203	200	201	207	206	201	211	200	202	209	203	203	210	201	203	207	204	205	209	201	204	206	201	208	207	201	205	207	199	204	204	203	201	203
203	205	210	200	202	208	200	204	212	201	203	209	203	203	212	206	203	211	202	202	214	201	202	212	198	206	207	198	203	203	201	203	202	202	201	205
205	203	206	202	203	215	204	200	214	201	203	216	205	203	216	198	201	213	199	202	215	196	206	214	205	204	215	205	204	208	202	204	211	203	205	212
202	204	224	205	208	225	205	203	226	203	207	228	204	207	225	203	204	227	208	207	225	200	207	221	203	211	228	206	206	223	204	203	222	202	202	222
199	206	205	203	199	209	203	202	207	206	206	206	201	204	207	204	202	208	200	204	209	202	202	207	201	203	210	203	206	207	202	204	208	199	200	208
205	202	219	201	203	217	203	206	218	203	206	213	202	205	221	202	204	220	203	205	220	198	204	215	202	207	218	204	202	211	208	205	215	201	204	214
205	201	207	205	203	206	202	204	209	202	201	213	203	201	205	201	203	204	206	199	207	202	205	208	204	202	207	201	204	203	198	198	206	201	203	205
201	200	203	203	204	209	204	205	213	203	203	208	199	200	205	204	205	206	204	203	207	202	205	210	200	202	207	203	202	208	201	200	208	204	200	203
202	205	214	204	204	214	203	202	220	200	203	207	202	203	214	201	203	217	204	203	217	204	204	219	203	209	218	203	203	215	202	204	215	203	204	215
201	203	210	201	205	205	200	206	209	200	203	210	205	204	211	200	203	209	203	203	210	203	201	212	203	205	207	204	203	214	201	206	206	201	206	207
202	201	199	206	201	203	202	205	206	201	204	205	201	201	206	203	202	203	201	203	201	204	200	199	204	202	205	204	205	203	200	203	204	201	203	203
207	203	208	206	206	212	203	200	210	204	208	211	202	204	212	205	205	211	201	204	209	202	202	208	200	206	214	202	202	211	203	203	207	203	202	212
198	200	210	204	204	204	203	200	205	206	205	207	199	198	202	194	202	207	202	203	203	198	203	205	204	204	207	201	204	206	205	203	209	202	202	207
202	200	209	199	205	212	205	204	213	199	200	209	206	204	212	202	203	218	202	207	211	201	201	215	204	203	214	201	208	210	203	199	210	204	203	212
199	202	209	200	202	212	205	201	212	203	207	212	201	201	212	203	200	210	203	203	213	202	204	208	205	205	210	199	209	210	206	202	207	198	205	210
205	200	211	204	200	208	202	200	211	202	203	211	204	203	206	198	204	205	202	206	207	199	204	209	199	205	207	201	200	210	203	202	201	208	203	213
200	203	209	201	203	207	202	200	211	202	201	207	200	203	208	201	203	210	203	202	205	204	202	212	201	203	209	201	201	209	200	200	206	203	204	207
203	201	211	200	203	214	203	203	212	201	205	210	199	205	211	203	204	211	203	201	208	200	205	207	201	206	211	205	204	210	201	202	210	201	200	211
202	203	208	197	201	207	204	201	205	201	205	205	204	198	207	201	204	205	199	203	206	202	200	208	203	202	210	201	204	208	207	201	206	195	198	207
204	204	212	203	206	213	203	203	210	203	204	214	203	206	212	197	199	212	201	209	212	203	204	214	200	204	211	204	200	210	200	203	212	203	206	210
199	204	205	204	202	208	202	206	201	202	199	204	198	198	204	202	204	204	204	207	200	202	198	203	205	203	208	204	200	205	204	203	204	205	200	199
\machine::top.usb650:setup:su_maj_r1
0
1
1
21.000000
\machine::top.usb650:setup:su_z1
0
1
1
-1.000000
\machine::top.usb650:setup:su_phi1
0
1
1
157.500000
\machine::top.usb650:setup:su_maj_r2
0
1
1
21.000000
\machine::top.usb650:setup:su_z2
0
1
1
1.000000
\machine::top.usb650:setup:su_phi2
0
1
1
157.500000
\machine::top.usb650:setup:su_ft
1
1
1
50mm, P1000-2-UV/VIS EOS00019, 727-733-2447
\machine::top.usb650:comments
1
1
1
relative to track.
\machine::top.usb650:framing:frm_int
0
1
36
100
200
1000
100
200
1000
100
200
1000
100
200
1000
100
200
1000
100
200
1000
100
200
1000
100
200
1000
100
200
1000
100
200
1000
100
200
1000
100
200
1000
