\machine::top.usb650:setup:su_pixels
0
1
1
651
\machine::top.usb650:framing:frm_n
0
1
1
36
\machine::top.usb650:calib:wve_spec
0
1
651
350
351
352
353
354
355
356
357
358
359
360
361
362
363
364
365
366
367
368
369
370
371
372
373
374
375
376
377
378
379
380
381
382
383
384
385
386
387
388
389
390
391
392
393
394
395
396
397
398
399
400
401
402
403
404
405
406
407
408
409
410
411
412
413
414
415
416
417
418
419
420
421
422
423
424
425
426
427
428
429
430
431
432
433
434
435
436
437
438
439
440
441
442
443
444
445
446
447
448
449
450
451
452
453
454
455
456
457
458
459
460
461
462
463
464
465
466
467
468
469
470
471
472
473
474
475
476
477
478
479
480
481
482
483
484
485
486
487
488
489
490
491
492
493
494
495
496
497
498
499
500
501
502
503
504
505
506
507
508
509
510
511
512
513
514
515
516
517
518
519
520
521
522
523
524
525
526
527
528
529
530
531
532
533
534
535
536
537
538
539
540
541
542
543
544
545
546
547
548
549
550
551
552
553
554
555
556
557
558
559
560
561
562
563
564
565
566
567
568
569
570
571
572
573
574
575
576
577
578
579
580
581
582
583
584
585
586
587
588
589
590
591
592
593
594
595
596
597
598
599
600
601
602
603
604
605
606
607
608
609
610
611
612
613
614
615
616
617
618
619
620
621
622
623
624
625
626
627
628
629
630
631
632
633
634
635
636
637
638
639
640
641
642
643
644
645
646
647
648
649
650
651
652
653
654
655
656
657
658
659
660
661
662
663
664
665
666
667
668
669
670
671
672
673
674
675
676
677
678
679
680
681
682
683
684
685
686
687
688
689
690
691
692
693
694
695
696
697
698
699
700
701
702
703
704
705
706
707
708
709
710
711
712
713
714
715
716
717
718
719
720
721
722
723
724
725
726
727
728
729
730
731
732
733
734
735
736
737
738
739
740
741
742
743
744
745
746
747
748
749
750
751
752
753
754
755
756
757
758
759
760
761
762
763
764
765
766
767
768
769
770
771
772
773
774
775
776
777
778
779
780
781
782
783
784
785
786
787
788
789
790
791
792
793
794
795
796
797
798
799
800
801
802
803
804
805
806
807
808
809
810
811
812
813
814
815
816
817
818
819
820
821
822
823
824
825
826
827
828
829
830
831
832
833
834
835
836
837
838
839
840
841
842
843
844
845
846
847
848
849
850
851
852
853
854
855
856
857
858
859
860
861
862
863
864
865
866
867
868
869
870
871
872
873
874
875
876
877
878
879
880
881
882
883
884
885
886
887
888
889
890
891
892
893
894
895
896
897
898
899
900
901
902
903
904
905
906
907
908
909
910
911
912
913
914
915
916
917
918
919
920
921
922
923
924
925
926
927
928
929
930
931
932
933
934
935
936
937
938
939
940
941
942
943
944
945
946
947
948
949
950
951
952
953
954
955
956
957
958
959
960
961
962
963
964
965
966
967
968
969
970
971
972
973
974
975
976
977
978
979
980
981
982
983
984
985
986
987
988
989
990
991
992
993
994
995
996
997
998
999
1000
\machine::top.usb650:framing:frm_start
0
1
36
0.000000
0.203125
0.625000
2.687500
2.906250
3.328125
5.390625
5.609375
6.031250
8.093750
8.312500
8.734375
10.781250
11.000000
11.421875
13.484375
13.703125
14.125000
16.187500
16.390625
16.812500
18.875000
19.093750
19.515625
21.578125
21.796875
22.218750
24.265625
24.484375
24.906250
26.968750
27.187500
27.609375
29.671875
29.890625
30.312500
\machine::top.usb650:raw_spectra
0
2
651
36
201	203	202	197	196	205	198	202	205	201	202	200	200	200	208	200	199	203	200	201	206	201	200	206	202	204	209	200	203	198	201	202	204	199	202	201
201	201	211	201	200	214	201	204	215	200	207	215	197	202	212	200	199	209	201	199	211	205	206	211	203	204	213	201	202	204	202	202	209	198	202	208
199	204	202	200	202	205	196	202	205	202	201	200	202	202	203	200	202	206	199	203	206	203	204	204	201	197	209	204	203	195	199	201	201	201	201	201
203	204	200	201	200	209	200	203	211	203	202	206	204	199	209	200	202	206	201	201	209	197	202	209	203	198	209	200	197	201	197	197	203	202	200	199
204	201	207	202	200	216	201	204	215	198	204	216	202	203	221	201	204	211	204	204	215	202	206	217	202	203	214	200	202	205	203	202	204	198	202	206
198	202	208	202	209	228	200	206	226	204	201	228	201	201	229	200	203	227	206	208	228	203	203	224	203	205	225	207	206	213	200	201	211	200	206	211
200	203	210	199	201	222	205	207	222	205	205	221	203	206	226	201	203	223	206	204	223	199	207	226	201	208	229	202	207	208	201	197	209	201	203	207
200	201	204	198	199	221	199	201	223	199	202	218	206	208	224	201	200	226	203	207	218	200	204	224	201	204	220	203	199	202	202	202	198	199	197	193
201	200	211	202	201	239	208	202	237	206	209	238	205	209	246	204	206	237	203	208	238	205	209	233	204	207	242	205	205	219	197	201	211	202	204	216
204	201	202	203	204	218	199	203	221	201	206	218	204	206	222	201	206	218	200	205	219	205	202	214	205	202	220	202	202	203	200	201	203	199	201	201
202	199	205	203	203	217	203	203	219	203	203	220	204	202	221	202	205	219	201	204	219	205	202	220	203	204	216	206	205	203	203	201	205	202	203	207
196	199	204	198	204	210	202	210	214	202	206	212	201	203	212	196	203	216	200	202	216	204	204	211	201	204	211	208	204	202	197	200	201	200	202	201
202	205	220	203	204	231	205	210	233	207	209	232	204	207	231	199	207	233	204	209	229	202	211	231	206	209	234	203	206	219	202	204	218	204	203	219
200	202	200	201	199	215	205	206	224	207	202	213	202	206	219	203	200	222	203	209	216	202	207	217	203	209	219	204	207	201	204	200	200	204	197	204
205	204	216	203	203	230	206	211	235	207	203	231	201	205	230	203	203	230	205	209	230	204	209	232	205	208	235	200	207	214	200	206	215	200	205	220
202	199	208	196	204	221	206	203	220	204	200	221	201	204	220	207	204	218	200	210	221	205	207	216	204	205	220	201	204	207	200	207	205	201	204	204
199	205	205	202	204	216	205	203	220	203	200	222	202	204	220	203	204	216	205	206	224	204	207	219	204	205	220	206	201	202	204	205	206	203	202	204
197	201	205	204	198	219	203	201	218	204	207	222	205	208	217	209	204	221	201	203	221	204	207	216	201	206	219	204	206	206	201	199	205	203	202	202
199	200	202	204	200	218	203	207	217	202	205	218	203	206	220	205	206	218	204	207	218	204	206	214	205	204	215	203	203	201	202	201	200	202	202	204
197	201	207	203	202	216	203	205	223	205	205	225	204	209	222	203	206	219	204	206	220	205	206	224	200	207	219	203	202	201	204	202	202	203	202	205
201	204	208	203	202	225	201	206	222	205	207	221	205	204	228	204	204	226	208	208	230	207	203	223	202	204	230	206	206	208	200	204	208	206	206	210
201	202	205	203	199	228	204	209	230	201	211	231	202	203	228	206	209	231	208	207	229	205	207	226	201	209	232	204	202	203	199	200	201	203	202	205
202	202	209	206	205	256	206	217	261	206	214	259	205	211	267	210	213	258	206	215	261	207	215	257	208	215	258	209	209	207	203	205	209	203	203	209
200	203	204	203	196	248	207	216	253	212	212	250	209	214	259	211	209	252	202	207	244	205	208	252	208	212	251	212	206	209	205	200	206	202	203	207
203	202	216	202	206	233	203	209	235	202	208	239	203	209	235	204	207	235	205	209	241	205	210	238	205	209	237	203	208	206	206	207	215	206	202	213
205	203	228	202	205	261	209	216	269	208	211	270	209	215	263	209	212	267	206	217	266	207	212	270	207	213	265	214	208	222	205	204	225	205	208	225
201	204	204	204	202	269	202	216	266	208	220	271	210	216	266	209	210	270	210	215	269	213	214	264	208	214	264	209	206	201	200	202	202	203	202	203
202	206	206	202	200	270	209	217	270	210	215	276	209	215	273	210	215	282	209	220	274	206	218	275	208	215	273	205	212	204	204	201	207	200	199	206
203	207	224	203	204	285	208	219	287	211	217	292	207	217	288	212	219	289	214	220	293	206	220	291	216	219	287	209	213	222	201	210	223	196	206	220
200	202	209	190	203	270	210	216	264	206	217	269	205	215	273	204	216	275	209	215	265	208	216	272	207	215	273	213	207	203	203	203	208	208	203	204
200	205	208	203	207	288	210	216	289	214	225	288	213	219	291	209	221	292	210	218	293	211	221	287	211	218	295	209	212	209	202	204	201	207	204	205
202	205	204	202	203	278	211	214	284	209	221	276	209	219	277	211	219	283	210	215	278	205	216	284	208	217	283	209	210	207	203	202	203	203	204	205
203	207	206	204	203	291	212	224	297	213	223	290	208	222	294	213	218	297	212	217	284	210	220	292	213	218	296	209	216	204	202	201	205	201	199	208
199	207	222	201	207	321	217	227	322	215	226	323	212	226	319	212	222	324	214	226	322	218	222	323	213	227	318	212	220	216	204	207	214	203	204	216
203	202	208	205	202	361	220	237	368	217	237	370	223	235	366	217	238	362	220	239	370	221	231	367	217	231	364	217	223	207	204	202	202	202	202	204
204	206	210	203	207	366	218	237	368	220	236	371	219	234	369	218	237	370	221	238	381	213	235	369	220	239	369	214	219	205	201	210	205	201	205	209
207	204	207	206	205	355	222	233	354	219	236	356	215	237	355	214	231	364	220	233	361	215	236	356	219	234	360	215	213	205	203	202	205	202	203	207
204	202	215	202	206	351	217	235	357	217	239	357	218	235	356	219	235	361	214	235	363	219	233	362	218	230	353	217	222	210	199	204	208	205	207	212
202	205	208	203	201	304	212	221	312	211	226	314	214	224	318	210	227	313	213	228	312	216	225	313	215	227	310	211	217	201	202	203	201	203	199	200
204	206	208	204	204	272	212	217	279	209	218	280	211	221	282	209	221	288	209	218	277	213	219	277	212	216	286	210	209	202	202	201	199	198	205	200
203	205	210	204	207	272	209	217	273	208	216	265	208	216	271	209	219	275	209	215	271	208	217	274	207	215	270	210	209	207	203	207	205	201	200	206
204	203	209	203	204	288	209	226	295	210	218	298	217	217	298	211	221	295	213	222	296	213	221	301	212	223	299	211	215	208	204	206	207	203	201	203
200	200	207	204	203	357	218	233	361	218	235	368	224	235	360	220	235	357	222	235	362	221	232	361	215	231	368	214	222	202	199	206	201	204	205	198
203	206	209	204	201	365	219	233	365	221	234	374	218	236	381	221	241	365	220	239	367	220	233	371	216	239	379	220	223	210	206	207	204	203	206	207
204	204	215	207	206	405	222	246	415	225	245	414	225	243	419	228	237	414	219	242	412	223	245	419	214	245	411	224	233	210	207	209	210	202	202	215
203	201	206	208	204	328	212	231	335	213	227	337	217	224	331	220	226	333	215	227	342	211	229	333	216	229	341	213	217	204	203	200	205	204	208	204
202	202	210	204	204	334	218	230	335	215	226	332	215	227	329	217	230	334	214	227	332	213	230	331	215	223	330	212	222	206	202	201	198	205	205	205
203	203	205	207	206	310	214	224	318	213	222	314	216	229	319	213	228	316	213	226	315	214	227	315	213	229	310	215	216	211	202	205	207	200	203	203
205	203	206	202	205	299	214	220	309	214	221	301	214	222	304	212	223	307	211	225	315	216	220	306	214	227	306	210	218	205	199	203	205	204	207	200
204	203	211	202	203	326	217	226	341	220	229	336	217	227	335	214	230	338	215	230	339	220	226	336	217	226	342	219	222	207	203	206	210	204	203	210
204	202	212	207	204	446	228	253	459	232	255	470	228	256	464	225	249	464	228	252	471	231	252	471	226	259	462	228	232	201	201	206	204	204	204	204
203	202	206	203	204	518	234	271	542	232	270	533	234	268	540	234	272	535	235	270	544	238	273	537	234	266	541	239	246	204	203	203	200	202	202	198
199	204	212	202	208	428	225	245	441	227	251	440	231	245	438	226	247	440	224	247	442	225	252	440	225	256	450	224	233	208	204	208	203	199	203	204
205	205	212	205	209	543	240	274	567	240	273	561	240	273	570	236	273	575	237	275	564	239	274	573	239	276	576	236	245	203	204	207	207	204	206	211
207	204	215	205	206	626	245	286	646	245	293	660	243	291	649	239	289	658	244	290	649	249	291	654	246	288	657	251	251	207	201	201	209	204	200	209
203	204	216	204	209	473	233	263	486	233	255	479	233	261	492	230	252	487	233	257	488	233	261	484	231	257	486	230	241	208	202	206	212	202	206	210
204	203	209	207	208	641	246	290	669	249	297	679	248	292	681	249	308	677	246	296	659	242	306	688	251	290	676	250	252	203	207	205	206	204	202	205
202	207	215	206	208	772	259	319	811	257	314	808	260	319	821	261	320	818	262	320	817	264	328	810	261	322	833	264	263	209	203	203	205	204	203	205
205	203	211	208	208	494	232	264	508	235	265	506	234	255	511	235	262	512	229	263	516	234	266	516	234	264	513	234	237	209	203	204	208	200	201	207
204	204	216	205	208	489	235	256	492	231	262	498	229	263	507	234	259	500	231	264	501	228	266	495	231	262	508	235	237	208	204	206	207	208	202	208
202	201	210	203	206	519	239	268	539	232	272	539	241	276	546	233	267	550	237	271	553	239	275	542	236	270	554	245	244	205	202	203	203	202	204	199
202	206	205	205	206	376	219	235	385	222	238	384	219	242	376	220	236	378	220	236	388	224	239	379	218	236	384	222	222	203	207	202	203	205	202	202
203	207	214	204	208	467	231	259	483	230	260	480	231	253	484	234	259	483	232	260	478	229	259	478	229	259	484	232	233	207	204	205	205	202	201	208
202	202	216	206	208	459	225	257	483	225	257	473	228	256	466	227	257	473	229	255	477	226	253	469	232	253	464	229	233	210	204	205	206	201	202	210
205	207	213	207	206	378	221	236	383	220	237	381	221	239	383	219	236	394	225	239	388	223	236	389	222	235	394	219	229	208	202	204	204	203	203	202
209	205	231	208	211	943	271	350	951	262	351	956	273	339	937	275	344	956	275	341	940	278	346	931	279	352	946	275	297	211	202	205	214	204	205	207
209	209	216	208	215	691	250	303	700	246	301	708	255	304	697	250	314	700	254	303	698	255	301	696	250	301	706	250	269	212	201	206	212	206	202	210
210	202	218	209	212	496	235	260	506	228	262	503	229	257	503	234	260	507	233	257	499	232	258	511	230	260	497	233	239	211	203	208	213	205	205	208
202	206	226	203	216	734	257	313	742	254	308	751	255	308	747	258	312	745	255	309	749	252	309	755	255	309	745	254	271	211	203	203	210	205	201	211
202	201	237	215	227	1823	356	507	1861	356	508	1864	358	511	1868	355	510	1877	345	508	1867	354	509	1852	361	509	1870	348	401	213	201	206	207	206	201	212
204	204	227	210	220	1153	298	391	1180	295	386	1188	291	395	1174	294	394	1189	292	387	1170	300	388	1177	298	393	1175	303	331	211	205	206	211	202	205	214
203	207	211	204	207	556	236	276	568	242	273	571	238	273	578	240	273	573	237	276	570	236	275	574	237	275	583	241	249	207	202	202	206	205	206	210
203	207	221	207	211	859	269	331	891	274	333	896	270	334	907	269	339	908	265	340	907	269	339	916	265	340	902	267	276	208	205	203	211	201	203	212
207	205	215	206	206	628	245	299	653	246	296	658	246	297	665	243	296	663	246	289	670	245	294	650	249	295	662	249	257	213	202	202	198	200	208	218
201	203	203	207	208	464	225	256	469	226	257	484	231	254	471	230	254	474	229	255	478	231	258	476	227	261	477	228	236	207	200	200	203	202	204	205
202	205	225	212	221	1276	306	412	1309	301	401	1301	303	415	1310	306	414	1330	311	410	1305	306	407	1303	307	408	1324	305	330	203	204	204	206	205	205	205
206	203	234	214	222	1785	358	522	1880	357	511	1869	360	511	1895	364	524	1897	360	514	1898	354	512	1880	359	506	1894	357	394	209	205	200	206	201	203	202
208	211	254	211	225	1774	361	505	1865	361	508	1858	356	519	1897	354	512	1888	356	511	1863	352	518	1857	360	513	1866	360	385	228	206	207	223	204	209	229
203	205	224	209	216	840	271	339	881	267	332	882	269	338	896	267	331	896	270	333	885	268	336	895	269	334	889	272	281	199	205	210	203	203	207	204
202	199	218	209	215	804	260	324	824	258	321	815	264	326	823	259	322	819	262	322	828	264	320	821	257	317	816	262	278	206	206	199	206	205	204	205
202	204	213	205	214	691	255	307	705	247	301	722	251	301	713	252	308	706	252	309	720	250	301	718	252	305	721	253	262	204	203	202	204	203	205	207
203	203	210	205	208	489	232	260	498	229	262	491	236	267	504	234	264	503	233	260	498	234	264	501	232	257	509	233	239	206	205	203	204	201	206	205
207	211	246	210	218	950	272	358	984	277	350	980	271	351	978	278	351	986	279	352	980	278	349	999	271	353	998	281	290	234	203	208	228	208	210	234
204	205	233	212	217	1454	324	451	1521	322	443	1513	321	450	1522	330	440	1529	326	447	1538	326	449	1525	323	449	1532	324	343	218	206	206	217	203	204	217
206	205	248	219	232	4088	737	1323	4089	734	1292	4089	724	1310	4090	727	1331	4089	749	1327	4090	732	1346	4090	735	1329	4090	753	812	212	203	205	209	201	207	207
201	202	224	214	216	3653	465	726	4263	463	724	4258	476	747	4259	468	745	4251	462	739	4247	465	749	4251	469	738	4252	479	501	209	205	205	205	204	204	208
204	207	230	208	214	1549	330	459	1643	336	469	1644	330	464	1665	335	470	1658	338	471	1654	336	466	1669	335	474	1663	335	354	216	205	204	215	202	205	214
207	213	261	208	219	1220	300	399	1247	299	400	1269	303	404	1251	303	400	1270	306	393	1288	305	411	1274	308	408	1278	301	321	246	206	211	244	205	205	240
206	203	214	204	213	773	258	319	799	259	318	814	261	317	816	256	320	809	267	319	828	266	321	819	266	315	818	264	269	208	206	207	206	204	204	208
203	202	219	211	213	1387	319	438	1457	322	431	1443	315	436	1459	315	439	1481	326	432	1467	319	444	1452	316	434	1462	315	330	201	205	208	203	206	206	204
200	203	217	204	211	1037	285	371	1089	292	365	1095	291	374	1098	294	377	1093	290	377	1098	288	381	1100	292	379	1096	283	291	210	202	208	206	201	206	202
206	206	221	206	212	982	283	359	1025	280	354	1034	279	357	1041	281	364	1040	278	357	1062	281	363	1038	289	362	1017	285	290	210	202	205	212	200	203	213
204	202	224	210	219	3395	509	837	3553	509	841	3583	516	836	3583	518	848	3615	515	839	3615	512	860	3601	514	826	3584	513	555	205	203	202	205	203	205	204
203	206	220	208	213	1692	355	498	1779	343	498	1783	346	502	1806	350	501	1793	346	500	1821	349	495	1802	352	496	1808	356	361	206	205	201	207	206	203	207
202	204	211	201	207	736	256	311	761	262	309	756	260	315	761	259	321	759	259	313	767	254	311	767	257	312	762	262	267	202	199	206	204	203	204	202
204	203	210	201	203	408	222	244	406	233	242	411	223	244	414	221	244	408	221	242	414	223	244	402	219	246	406	224	232	207	202	202	207	206	208	206
204	200	218	204	209	381	219	242	390	224	238	390	220	236	399	227	239	394	224	242	396	229	245	403	220	240	390	224	232	214	206	206	210	204	207	210
202	203	215	208	208	651	247	290	671	247	288	659	249	299	668	247	294	682	249	293	677	249	292	679	249	292	673	251	247	206	204	204	206	205	203	207
203	205	219	208	208	572	242	283	605	243	280	599	242	287	610	243	277	608	245	280	606	241	283	605	239	282	602	245	246	209	208	201	212	203	207	210
199	207	212	203	207	428	223	254	449	224	250	443	228	249	445	232	251	440	226	249	439	229	245	440	225	245	446	227	235	206	205	204	207	205	208	210
204	200	216	204	208	567	237	281	582	242	278	575	241	281	575	247	275	579	231	275	580	243	276	587	236	277	573	239	251	211	201	199	202	200	205	207
206	205	219	207	213	543	234	273	560	234	267	555	237	273	553	236	270	554	238	269	546	238	276	553	235	267	556	232	245	210	206	205	210	202	209	214
203	203	211	207	210	465	228	255	481	230	254	478	221	255	480	231	259	483	226	254	481	234	255	472	233	262	474	229	239	202	204	206	207	204	201	208
201	206	215	206	208	578	239	280	606	243	280	603	242	279	610	244	284	602	238	282	606	238	280	608	238	284	595	242	252	205	205	206	211	199	202	210
200	203	224	211	213	1264	316	411	1296	305	410	1315	309	416	1326	306	416	1312	310	412	1338	302	425	1325	313	420	1336	316	321	208	199	202	206	204	200	207
209	205	220	211	211	687	252	306	717	248	300	707	253	306	706	255	300	704	251	301	710	253	298	724	250	304	721	252	264	212	201	204	209	202	205	212
205	206	221	205	207	518	237	271	542	237	268	542	237	273	544	238	263	539	234	263	545	232	274	540	234	272	539	232	246	210	205	205	212	202	203	211
206	201	223	207	212	958	284	357	999	280	368	1005	284	362	1024	274	360	1030	282	353	1027	276	358	1023	283	356	1029	279	290	209	202	208	213	202	203	211
204	203	230	206	219	2108	394	570	2210	389	575	2230	384	577	2224	395	579	2234	385	568	2254	390	579	2244	388	575	2254	392	411	206	201	208	209	205	201	208
204	204	221	209	218	1403	318	444	1468	322	447	1462	323	443	1491	320	444	1495	326	439	1514	324	445	1479	326	452	1494	320	343	206	204	203	201	205	205	202
205	203	237	215	221	3288	499	820	3444	498	798	3472	512	820	3507	511	821	3497	505	823	3513	505	833	3507	505	839	3503	505	537	210	202	204	211	205	208	210
201	205	232	213	218	1924	370	538	2010	370	536	2018	367	547	2028	368	552	2040	374	540	2049	371	547	2041	377	545	2057	370	399	208	205	201	211	200	203	210
203	202	220	206	212	865	271	344	904	270	332	911	274	335	924	272	342	907	276	338	912	272	342	919	269	341	919	273	283	212	204	204	212	204	206	207
203	202	212	205	214	542	238	275	557	237	275	558	238	272	558	240	274	552	235	272	568	237	276	564	241	273	566	239	247	205	203	205	207	205	205	207
207	205	219	205	209	428	226	251	437	226	246	440	225	254	441	228	248	438	227	254	449	229	252	444	228	254	444	229	233	209	204	203	211	206	206	211
205	206	252	215	214	1079	294	385	1132	293	376	1118	291	375	1148	289	386	1135	290	382	1155	289	382	1138	297	374	1152	293	303	235	207	207	234	205	212	238
203	210	243	211	215	665	248	297	676	250	291	678	253	294	677	250	295	686	251	294	684	251	287	676	251	299	691	247	262	235	205	210	233	206	210	233
204	202	208	208	207	438	228	250	433	226	245	455	227	248	440	222	250	442	225	249	437	225	245	443	221	243	446	229	235	202	200	202	206	200	207	201
204	201	215	206	209	363	221	237	374	222	236	375	219	238	375	220	240	374	215	238	377	222	240	370	222	239	369	218	227	207	207	204	208	204	207	207
202	205	218	206	208	407	223	246	411	223	245	413	227	241	424	223	241	418	225	243	416	219	244	416	224	243	411	222	226	206	201	203	212	205	205	208
203	203	214	208	210	439	221	249	442	224	249	440	225	252	433	227	254	445	228	251	444	230	248	442	226	250	443	228	236	204	200	206	209	206	206	209
204	204	215	205	210	411	222	245	418	226	248	430	225	247	423	223	244	426	231	245	428	227	245	422	225	245	418	226	234	208	201	205	205	202	204	204
201	207	225	209	206	1242	300	406	1294	308	413	1306	300	410	1336	311	404	1315	304	411	1317	305	413	1303	308	412	1329	316	324	210	205	211	214	203	206	211
205	203	224	207	215	1500	331	467	1561	330	459	1607	328	459	1582	333	467	1591	327	467	1598	338	469	1607	333	463	1587	332	346	208	205	205	209	202	205	211
201	206	223	206	210	697	255	306	717	248	301	720	254	304	721	250	302	728	251	306	731	256	311	723	258	307	733	256	263	213	206	201	214	202	203	214
203	202	218	206	210	592	243	284	600	238	280	610	243	280	607	240	282	604	243	281	615	241	287	604	241	284	608	240	255	206	204	203	205	203	204	207
201	199	223	212	215	1544	341	466	1615	338	469	1652	329	469	1641	333	467	1641	334	464	1635	336	477	1632	335	477	1649	338	360	208	204	206	206	207	206	208
203	200	214	207	212	662	253	290	687	252	298	703	249	299	693	255	296	704	248	300	703	249	304	694	253	294	692	256	261	207	204	203	204	205	202	203
202	201	214	206	210	403	225	242	413	227	245	409	223	244	419	223	242	409	225	238	417	227	245	416	221	242	410	224	226	202	200	203	204	201	206	202
202	202	210	204	208	513	235	267	521	230	263	529	235	265	529	237	268	528	239	268	531	237	264	536	235	266	521	236	232	201	201	202	205	205	205	207
204	205	236	213	224	3881	558	944	4052	568	933	4071	567	956	4075	568	956	4098	564	939	4111	557	959	4112	568	952	4100	580	595	209	209	205	209	208	204	206
205	203	222	208	213	1424	324	441	1508	325	452	1507	326	457	1520	325	453	1525	328	451	1547	329	458	1540	321	442	1526	326	343	206	202	202	210	204	205	213
204	201	216	206	210	604	243	289	635	242	286	627	243	291	630	240	292	628	244	284	632	241	288	627	244	288	633	242	256	206	200	203	206	204	205	212
200	202	215	202	209	373	220	241	388	219	238	387	223	241	382	221	238	382	220	237	386	217	239	393	225	240	385	220	231	210	200	201	208	203	204	207
205	202	223	211	211	1080	290	373	1144	289	382	1138	290	382	1161	294	379	1157	288	378	1145	292	383	1154	291	376	1164	288	303	209	203	203	216	208	202	208
205	207	221	211	214	884	270	335	929	269	343	910	270	343	930	270	346	926	271	335	941	270	346	922	273	350	927	279	283	204	204	202	209	198	208	207
204	206	232	208	218	887	276	340	927	266	341	919	271	335	933	263	344	940	271	341	935	270	346	937	271	346	941	273	284	210	200	200	211	208	205	211
206	203	251	219	243	4340	692	1212	4412	688	1207	4411	704	1231	4413	700	1242	4409	696	1228	4410	694	1248	4409	693	1234	4408	702	763	204	202	200	202	205	195	205
201	203	242	213	230	4122	567	970	4104	585	956	4102	582	966	4101	582	986	4100	579	951	4102	581	994	4098	577	969	4101	578	627	204	202	203	206	202	205	210
201	204	224	206	214	1537	333	475	1630	332	465	1627	342	472	1638	335	477	1662	340	470	1639	337	469	1633	336	481	1644	336	355	208	202	203	204	203	207	208
205	203	223	205	214	687	249	301	710	255	301	712	252	304	705	251	305	720	249	306	709	249	301	713	252	305	719	256	266	212	205	203	208	201	206	212
200	204	216	212	208	457	228	253	468	225	250	475	231	255	477	228	253	475	225	254	476	224	257	476	231	261	484	226	234	210	199	202	208	204	201	207
205	207	224	207	211	471	227	259	486	233	253	497	231	259	492	232	264	488	229	254	496	229	261	496	230	258	491	234	238	214	203	203	219	201	204	212
198	203	225	206	212	672	244	304	697	251	294	711	253	302	712	256	303	697	249	298	724	250	301	704	248	299	705	248	264	217	201	203	212	205	202	210
201	203	216	207	208	444	225	250	455	229	252	450	222	256	458	230	255	453	226	255	460	225	252	450	229	249	448	229	232	206	204	200	206	201	208	211
201	204	214	206	210	434	227	250	449	227	251	444	224	256	447	223	255	452	220	247	444	222	252	440	227	247	450	228	230	204	202	204	205	201	203	207
207	205	227	207	215	1260	306	421	1309	307	409	1343	305	413	1340	308	413	1353	311	417	1340	305	420	1345	309	424	1331	302	326	211	201	203	214	204	206	215
203	207	218	210	210	693	248	299	712	253	298	735	242	304	734	255	308	731	251	310	734	246	305	737	255	305	736	254	263	201	207	201	205	199	200	204
204	204	217	206	210	436	228	248	436	225	255	445	227	250	448	224	254	448	229	247	447	224	251	451	223	247	447	224	234	206	204	203	209	201	204	210
202	204	218	206	208	389	223	239	385	222	244	390	221	240	389	217	243	391	225	242	386	222	237	398	220	241	391	218	226	206	204	202	209	204	206	210
199	204	219	206	213	1003	279	357	1029	280	355	1032	279	366	1044	285	356	1043	283	368	1037	280	366	1043	281	363	1037	280	295	205	203	205	204	203	204	209
202	201	223	210	217	1499	332	463	1565	333	454	1587	329	462	1595	335	461	1574	335	458	1584	332	458	1578	331	458	1631	334	348	204	203	200	205	200	202	204
204	205	218	208	209	732	258	310	761	256	316	759	257	314	782	265	326	767	256	312	772	258	315	774	260	310	758	264	265	207	197	194	211	206	204	208
205	199	215	207	208	466	225	257	461	229	258	467	226	256	473	230	253	472	231	253	464	233	258	483	228	256	474	226	236	209	203	200	208	202	202	207
206	204	225	204	212	486	230	257	498	231	262	497	227	260	505	231	263	492	230	267	497	231	260	508	234	261	501	229	240	215	204	206	212	207	204	214
206	201	224	208	215	668	257	296	704	248	301	697	245	298	704	251	300	692	253	301	702	249	298	699	252	299	708	248	264	205	203	204	211	204	202	209
200	202	234	206	215	874	273	341	925	268	340	918	272	347	914	270	344	932	276	347	936	274	342	926	284	337	921	267	294	213	209	202	215	204	210	208
201	203	230	207	217	616	248	286	634	245	287	635	243	285	640	244	289	634	242	289	638	241	286	626	237	288	637	244	258	220	201	209	216	204	208	212
203	202	229	204	215	533	234	274	554	234	266	566	238	276	557	235	266	556	241	268	568	240	274	557	234	269	553	233	253	207	202	204	208	203	205	210
209	203	221	204	214	473	230	264	492	232	257	498	232	258	498	230	258	494	229	259	494	233	256	488	232	258	491	233	241	208	204	203	204	203	204	206
206	205	217	205	214	403	223	241	410	222	242	401	228	239	403	222	242	403	223	235	405	223	236	397	222	242	408	227	226	209	203	201	210	203	202	206
200	203	223	205	210	402	220	241	404	221	242	410	222	244	399	223	244	407	217	242	410	224	244	410	225	240	413	221	234	215	207	206	216	205	207	212
205	203	223	206	209	419	226	250	422	225	246	418	222	244	421	225	246	426	224	239	419	224	250	423	225	244	418	226	232	208	207	211	207	200	204	211
201	201	214	207	207	507	235	266	520	232	260	515	233	261	521	233	269	516	234	269	530	231	260	516	229	270	522	230	238	207	200	202	210	202	203	204
203	206	222	209	212	1195	298	406	1245	304	386	1275	302	401	1271	298	400	1278	302	400	1268	303	408	1275	300	403	1269	304	318	203	201	205	203	203	203	207
202	205	217	203	212	695	248	309	725	252	305	728	249	304	732	252	307	739	253	302	730	256	305	726	254	297	738	256	258	207	202	206	209	200	200	211
200	205	221	208	211	643	251	302	664	246	295	665	246	293	677	242	298	674	247	293	677	248	294	672	242	300	678	245	256	204	202	201	206	203	206	206
205	202	221	208	208	470	224	253	471	231	252	481	226	257	479	220	254	480	227	256	488	228	259	486	230	251	477	221	238	211	204	204	204	201	206	205
201	204	216	207	211	679	246	295	686	249	299	701	246	299	702	247	296	701	247	303	691	249	298	696	253	294	699	248	263	205	204	202	203	198	201	207
203	206	223	209	209	538	232	267	532	234	265	534	233	267	539	233	268	534	237	266	530	234	265	540	238	267	542	234	247	213	202	203	209	204	206	211
204	208	220	204	208	392	218	240	395	223	242	397	221	240	400	221	241	399	219	243	399	217	242	403	221	247	403	217	229	216	201	204	215	201	207	216
204	204	216	202	208	442	226	246	444	224	248	443	225	249	443	229	248	446	223	247	438	224	250	437	227	252	448	223	235	211	203	197	205	207	206	215
202	204	225	205	210	506	231	269	514	235	265	522	234	264	519	232	264	518	231	259	519	233	267	521	234	266	518	230	242	212	200	205	211	203	206	212
201	200	213	205	210	390	219	241	397	224	239	390	221	239	393	220	239	388	219	241	381	220	240	392	219	238	392	216	226	204	202	201	204	204	203	202
203	203	214	207	207	391	223	242	392	217	241	392	220	238	384	220	246	398	220	238	393	224	240	400	219	238	399	224	230	202	202	201	201	203	201	208
206	205	226	205	212	489	237	265	497	229	261	500	232	263	494	231	267	494	229	257	494	231	258	497	235	263	500	236	244	215	201	208	209	202	206	211
200	209	226	207	207	395	222	243	403	226	242	414	219	243	410	221	241	413	225	243	406	224	246	416	224	238	411	226	226	219	205	209	220	205	203	216
199	208	215	208	209	357	216	232	361	218	229	356	220	235	364	213	234	367	222	229	362	222	236	358	219	231	357	220	225	209	205	209	208	202	203	200
201	206	224	207	211	395	223	240	400	221	235	395	219	242	402	223	243	401	222	240	397	220	242	399	224	240	388	221	227	209	199	204	211	199	203	207
205	205	225	208	212	366	219	228	374	221	234	371	218	232	368	217	233	372	222	232	370	218	237	373	219	239	372	217	226	215	202	205	213	204	208	215
206	201	211	205	209	339	214	231	343	217	227	346	215	232	352	221	230	350	215	232	356	218	226	360	220	233	349	219	221	204	202	203	200	202	200	201
204	200	210	207	208	355	224	232	360	216	229	360	216	238	371	216	232	369	219	232	363	214	237	360	218	234	369	220	222	201	204	203	197	201	203	207
203	199	217	204	207	372	217	233	366	220	234	369	220	236	370	217	235	373	219	237	374	217	235	379	218	240	370	217	225	208	205	204	209	203	204	208
204	203	213	203	207	376	221	235	379	218	233	381	219	238	383	215	240	385	221	235	383	219	236	389	218	241	381	220	228	204	204	203	205	203	201	204
209	200	214	207	206	397	219	241	390	223	241	397	219	241	402	223	241	398	222	243	399	225	243	405	222	242	403	218	230	209	201	203	211	203	198	206
203	202	220	205	214	420	222	247	416	225	248	432	221	242	427	228	247	423	220	245	429	220	245	434	227	250	428	228	227	211	202	205	209	198	207	206
202	201	218	203	210	399	219	238	409	222	244	405	222	242	397	221	243	399	220	241	406	225	241	407	223	242	418	224	230	203	206	205	204	202	206	203
204	204	216	211	207	422	227	246	419	226	242	423	219	251	428	222	243	433	223	247	424	223	247	432	227	248	430	224	230	205	205	205	202	202	201	204
203	204	222	205	217	392	219	242	403	221	238	401	222	243	402	220	241	401	220	244	398	220	238	395	224	241	403	226	227	212	203	205	205	203	204	207
201	203	216	206	206	408	220	243	407	218	246	414	223	238	413	222	245	414	222	244	414	223	246	419	224	241	418	221	232	206	201	200	208	202	203	204
204	201	218	206	207	416	223	243	417	222	236	424	218	242	422	224	247	423	220	248	427	222	245	430	223	249	427	225	234	209	204	199	205	204	205	208
201	200	215	207	208	427	224	249	432	227	240	435	229	248	441	223	251	430	225	244	438	227	249	445	227	244	441	228	232	203	204	202	202	203	203	200
197	206	223	203	211	501	230	261	502	234	261	499	236	257	492	232	262	497	232	258	497	225	257	503	232	264	493	232	242	212	206	202	204	207	204	207
202	203	219	208	210	410	221	242	425	221	245	418	226	247	420	223	246	424	223	244	416	222	243	423	224	244	422	220	230	210	205	203	209	203	204	213
199	203	216	207	210	492	233	254	506	231	259	499	231	260	502	231	263	498	235	259	503	228	261	495	234	259	493	234	242	210	202	206	209	204	203	211
201	202	221	206	211	616	241	286	642	242	285	634	242	286	625	239	287	635	245	283	636	244	284	643	240	293	638	244	256	210	200	202	209	203	203	205
199	202	225	205	214	489	227	262	496	235	255	498	230	255	498	224	264	501	230	261	501	230	258	490	225	256	500	229	240	201	202	205	205	202	202	208
206	204	230	211	214	484	228	260	497	230	255	493	232	261	491	233	261	493	231	260	496	228	258	498	234	263	496	230	240	223	206	204	214	205	207	219
204	205	214	207	212	406	223	243	414	224	240	414	222	246	418	223	243	414	224	244	414	218	240	423	223	242	410	219	232	198	203	203	203	198	201	206
204	206	223	208	215	915	270	339	947	271	344	947	266	345	937	275	340	936	271	342	921	273	350	949	271	341	946	269	292	203	204	202	201	200	202	199
201	203	221	210	214	745	251	307	760	252	311	741	254	310	757	253	307	758	258	309	757	254	303	753	250	315	755	256	273	204	205	201	204	203	204	199
203	208	223	209	207	497	235	262	509	232	269	518	230	265	521	236	267	519	233	267	516	230	268	528	229	264	512	229	240	210	210	209	205	202	204	203
205	203	212	208	211	443	230	255	459	223	246	444	224	250	453	228	255	453	230	251	461	227	247	458	231	248	464	230	239	204	205	204	199	201	203	203
205	198	217	202	211	411	222	245	418	226	246	422	217	240	420	223	245	415	224	247	416	227	244	417	223	241	424	223	232	203	203	203	205	201	205	204
200	204	220	206	207	388	220	238	391	220	240	397	224	229	393	217	241	399	220	242	394	222	237	399	220	237	390	220	224	208	202	203	210	205	204	210
207	200	219	208	211	639	244	286	651	241	286	642	240	287	649	242	287	644	249	287	644	246	283	637	240	284	634	243	254	205	203	206	205	202	202	205
203	205	224	208	215	785	256	311	777	259	319	792	261	321	791	260	319	788	252	312	790	267	315	783	256	315	794	259	279	211	206	208	214	200	198	209
203	202	209	209	211	653	254	294	667	248	291	663	249	290	681	247	289	665	245	290	671	252	292	680	248	295	671	245	257	204	203	202	203	206	200	204
203	200	215	202	212	431	225	243	435	226	245	439	225	247	435	226	250	438	222	249	431	221	248	441	226	247	435	225	228	199	205	201	201	201	202	204
204	200	217	203	207	415	221	244	423	221	245	424	228	243	428	226	246	420	222	243	428	225	241	422	221	244	425	221	234	206	205	203	201	199	203	208
204	207	230	210	210	633	247	295	659	244	291	654	245	285	658	243	295	655	243	287	643	248	289	644	244	293	657	244	262	217	205	204	218	201	204	217
205	201	217	208	210	508	232	265	519	232	258	504	232	266	515	233	264	525	232	262	509	229	264	517	233	267	515	233	243	212	200	202	206	202	201	212
206	198	209	205	208	407	224	240	405	220	233	408	220	238	408	224	239	399	224	243	412	224	245	400	224	247	409	222	231	198	203	202	206	202	202	200
203	203	215	207	207	362	216	237	361	219	226	364	214	232	363	218	227	365	215	237	360	221	234	356	214	234	367	215	220	209	202	206	205	203	205	206
203	200	213	209	208	410	224	242	425	220	243	428	224	250	432	221	245	422	219	243	433	224	245	422	224	246	432	220	228	206	204	200	207	200	203	206
206	204	222	206	212	586	242	279	606	243	282	599	235	285	593	243	282	606	242	276	607	239	278	612	242	278	609	239	252	207	202	206	207	201	202	208
206	205	217	208	210	441	226	250	439	226	252	447	226	254	446	222	246	447	226	250	446	228	248	446	222	247	447	228	235	213	202	201	212	204	200	208
204	207	237	206	211	400	222	239	407	222	236	408	221	242	405	217	239	402	221	238	401	225	242	407	220	237	408	226	227	229	206	210	228	204	203	225
203	204	219	205	210	440	224	243	444	223	249	443	229	249	452	219	246	445	224	246	446	230	251	449	231	245	444	218	236	205	200	205	212	205	207	207
203	203	215	206	210	434	222	251	447	227	250	456	222	251	448	231	254	454	226	250	450	229	253	449	222	255	457	225	235	208	202	205	200	205	200	203
209	212	255	209	216	416	226	251	431	221	244	431	221	245	425	227	246	422	228	249	429	222	247	420	222	246	427	221	235	248	208	211	253	204	206	247
207	211	282	207	218	411	223	244	417	222	240	413	228	241	411	220	245	409	221	242	402	218	244	419	222	238	411	222	235	274	210	217	269	209	214	270
201	206	215	204	209	326	216	228	330	213	226	333	215	222	328	214	225	332	213	230	330	213	222	338	212	228	327	210	216	214	204	207	208	197	203	210
206	207	240	203	209	397	222	239	410	220	241	403	217	240	402	220	237	401	222	241	400	223	244	409	221	241	402	220	230	229	203	206	225	206	204	228
207	207	234	208	210	504	232	267	514	233	269	517	232	265	524	235	259	514	228	266	515	234	266	523	230	266	525	229	241	226	205	205	225	203	207	223
204	203	218	205	208	357	219	236	363	212	228	358	215	234	351	216	230	344	217	236	357	214	232	355	219	226	351	221	222	209	201	205	210	198	206	204
203	204	215	204	205	312	214	228	332	213	225	319	213	224	325	212	227	323	212	221	321	213	222	315	217	229	320	215	219	210	199	199	203	208	206	208
202	201	213	203	207	412	225	247	416	223	244	419	219	244	422	226	248	413	219	241	421	227	242	420	223	245	421	223	230	205	204	203	206	205	202	207
200	201	217	202	207	359	214	232	368	216	234	362	216	239	364	216	235	365	216	231	369	220	233	363	217	237	364	218	221	206	203	204	205	203	202	203
201	204	216	204	209	345	216	233	344	217	234	350	215	228	343	214	233	345	218	233	350	217	232	348	216	233	345	218	219	206	205	202	205	200	198	207
204	197	212	208	211	372	220	234	372	219	238	368	216	236	379	212	241	382	216	231	374	215	235	372	216	234	376	224	226	206	210	203	204	201	202	208
202	201	214	205	208	326	212	230	326	211	227	326	210	225	323	214	228	321	213	223	324	212	227	322	211	222	320	210	216	213	198	203	205	198	202	205
202	202	219	206	205	301	212	218	311	213	223	311	211	223	307	213	226	306	208	223	308	209	225	310	212	221	308	212	216	212	201	206	207	202	203	207
204	202	219	205	209	409	221	243	425	221	239	413	222	237	413	220	241	421	225	242	417	224	242	416	224	245	413	223	231	208	203	203	209	203	200	209
204	203	220	207	210	356	216	234	367	216	225	364	215	228	355	221	229	363	219	232	360	223	229	362	216	231	356	218	223	203	202	203	205	203	202	205
201	203	215	202	207	316	211	227	316	213	224	321	211	226	313	216	222	316	214	225	323	213	225	324	215	224	318	211	220	207	201	204	206	205	205	210
199	206	217	206	209	348	211	229	350	215	229	349	212	225	350	214	235	348	217	230	348	208	230	356	219	230	352	216	222	212	204	203	211	203	203	213
208	200	214	206	206	339	214	230	341	217	225	346	218	232	349	218	234	341	210	226	347	213	228	344	217	231	340	213	221	203	202	205	209	205	207	206
205	205	220	209	209	539	231	271	540	236	271	541	234	263	542	233	267	541	238	271	557	233	265	542	231	266	548	229	250	208	200	201	202	200	202	208
201	203	225	206	212	679	249	300	700	245	297	692	245	301	697	250	293	702	250	300	696	248	292	694	245	302	699	251	260	204	204	201	208	207	202	205
201	202	219	208	208	400	222	243	412	221	240	409	223	246	405	224	241	402	219	241	406	221	241	406	220	240	403	222	232	206	198	204	210	204	203	204
203	205	218	206	206	452	226	248	464	226	250	452	223	251	467	227	253	453	226	253	456	226	251	453	226	251	463	226	238	205	205	206	208	205	203	202
204	202	211	205	207	403	220	240	411	220	237	405	217	242	409	220	239	416	226	238	409	222	243	411	223	244	406	221	230	206	199	203	203	203	203	193
198	202	212	207	208	489	232	260	493	231	263	494	232	253	489	228	257	511	234	257	499	229	252	497	230	259	484	235	237	211	205	206	207	206	200	203
198	201	218	203	208	420	226	247	411	224	242	415	221	244	427	227	246	418	221	244	412	221	241	422	225	244	416	227	231	207	201	195	209	199	206	207
202	200	206	203	207	332	208	228	339	214	221	333	216	223	324	213	223	333	214	225	335	210	229	327	218	227	337	215	216	196	203	202	202	200	204	202
204	205	213	201	205	310	212	224	315	210	222	313	214	220	312	213	225	309	210	222	310	216	222	315	214	220	319	214	216	208	202	202	205	203	202	205
208	202	215	207	206	361	220	230	359	217	234	367	215	229	363	217	236	361	221	226	361	220	231	366	220	230	357	217	223	209	205	207	207	204	202	207
205	202	220	204	206	363	215	234	370	219	233	364	218	235	373	218	233	370	219	230	366	218	235	374	222	232	371	218	226	215	202	203	214	200	205	216
203	205	221	206	208	405	216	244	406	220	246	409	218	239	406	221	246	411	228	240	401	218	241	410	219	242	416	226	227	210	202	204	212	203	203	213
200	204	210	204	206	404	217	245	400	222	241	402	217	246	400	219	243	406	221	243	408	222	242	395	218	236	412	222	226	204	199	201	202	208	203	200
205	202	216	204	205	407	216	239	407	219	241	400	220	238	406	219	247	402	218	244	401	219	240	406	216	242	407	223	223	206	201	199	210	202	201	208
203	200	214	206	207	437	224	248	441	225	242	447	225	251	437	227	248	443	224	252	448	225	247	431	225	247	439	222	224	206	204	200	202	199	204	200
203	200	248	215	225	1692	345	491	1739	338	481	1764	337	488	1740	345	476	1728	337	486	1725	336	481	1740	341	494	1735	346	384	212	202	205	209	202	204	210
201	203	228	207	217	1243	302	404	1276	302	397	1273	298	399	1258	301	400	1247	306	403	1258	299	404	1257	301	406	1242	303	331	201	197	202	206	200	206	205
202	200	223	207	212	749	257	312	777	260	309	780	256	311	766	260	310	758	254	315	758	255	314	763	258	306	774	259	273	207	199	208	209	201	204	207
199	205	217	209	214	632	248	288	625	243	281	630	237	288	618	245	284	633	240	284	627	242	291	636	245	279	625	243	258	206	200	203	206	201	202	208
198	205	219	203	204	366	219	228	372	224	236	378	218	233	366	220	233	371	212	237	366	215	232	368	221	235	368	218	222	210	200	204	202	201	204	202
201	205	209	200	205	291	205	222	308	215	224	307	211	225	304	208	221	305	211	221	303	209	225	310	216	221	302	212	212	205	199	198	204	202	205	205
206	204	210	202	208	337	213	226	344	213	230	340	216	229	349	214	227	349	219	227	344	217	231	338	217	232	348	220	219	202	202	206	198	203	204	204
202	200	216	204	211	536	236	271	545	229	268	554	236	274	547	231	270	547	237	268	555	236	264	547	233	269	541	234	250	203	203	201	207	201	202	206
205	201	217	207	212	890	268	337	925	269	340	929	271	341	926	265	334	936	269	344	928	270	334	931	268	342	927	271	288	208	205	203	209	202	200	208
202	203	216	207	211	746	255	312	762	253	311	768	255	317	768	250	309	780	254	308	769	254	314	785	256	312	767	255	265	206	203	202	205	202	200	209
203	203	222	208	208	437	221	249	438	224	245	444	222	247	442	225	248	448	228	247	440	227	252	436	221	248	447	227	232	218	201	204	222	203	203	214
204	203	206	205	208	411	226	243	424	227	244	419	221	241	415	224	242	416	223	244	421	224	246	414	222	236	417	224	230	204	203	201	203	203	203	204
203	206	211	201	209	439	226	249	435	221	250	445	225	253	444	222	245	445	227	247	445	223	245	436	220	252	443	222	232	206	202	199	203	197	200	206
201	203	214	205	206	389	223	242	391	220	239	397	224	237	391	222	242	394	220	244	392	215	238	397	222	240	386	219	222	207	201	201	204	202	203	206
201	205	209	205	208	921	272	351	948	270	350	966	273	354	960	275	342	973	272	350	981	274	359	962	273	352	985	275	284	205	198	206	202	198	202	203
205	208	232	206	214	551	236	271	581	235	271	564	240	276	571	236	275	573	235	276	574	244	273	565	237	271	570	236	248	226	198	205	224	203	207	230
203	202	217	199	202	343	214	227	344	209	233	342	219	224	346	216	228	350	210	226	349	216	229	342	214	231	338	217	221	207	203	204	212	202	206	211
204	202	211	202	207	323	215	224	321	215	223	320	216	223	318	209	221	320	213	223	323	212	222	319	212	221	318	215	216	206	203	201	205	201	201	211
203	206	227	208	208	471	229	256	488	230	258	482	229	255	473	227	256	479	227	252	486	226	255	483	230	254	474	229	241	220	201	202	223	202	206	218
200	201	215	207	207	413	222	246	428	224	247	423	225	247	427	219	243	427	222	244	424	224	249	426	223	247	439	225	228	201	202	203	212	199	206	205
204	200	209	204	203	312	211	221	311	215	226	316	208	222	317	211	225	320	209	225	314	210	226	310	209	220	316	216	219	204	205	200	205	203	202	202
203	206	213	207	212	440	221	252	441	230	246	446	222	248	452	227	249	455	227	249	437	226	256	442	225	246	450	225	231	208	203	206	203	205	202	203
202	198	213	210	200	416	220	248	422	223	244	427	216	238	425	220	247	427	219	242	432	222	243	422	223	243	420	223	227	203	200	206	202	201	202	199
200	205	209	200	203	336	217	226	344	216	229	341	217	232	336	213	227	343	213	232	345	215	228	343	216	227	348	215	222	202	204	200	201	200	204	205
202	202	213	208	207	313	214	227	319	213	220	312	215	218	309	213	225	311	213	229	311	214	224	312	213	220	308	210	217	202	202	206	203	200	203	201
204	199	221	202	208	327	213	225	322	215	225	322	212	219	324	207	228	321	209	224	322	212	229	319	214	227	326	217	219	211	207	201	213	204	201	215
203	204	230	208	209	374	218	234	372	217	234	369	220	236	359	219	235	369	218	235	373	221	232	368	218	231	371	225	220	218	207	204	219	202	208	221
202	202	211	203	207	455	229	261	459	231	252	466	227	256	466	227	251	468	228	259	465	227	260	472	228	251	470	229	233	200	200	201	204	201	206	203
202	206	219	204	212	479	227	260	485	234	252	482	231	254	486	232	258	491	231	253	488	230	261	485	227	259	483	229	238	216	204	204	211	199	205	210
203	198	209	204	207	326	211	226	328	213	223	334	213	224	330	213	224	330	217	222	333	214	227	322	212	230	326	213	221	208	207	200	205	203	205	204
205	202	219	202	204	292	211	217	296	211	220	304	209	221	299	214	221	287	215	220	302	213	222	295	210	221	302	210	213	207	205	206	208	201	200	207
202	207	215	205	209	274	204	218	273	214	214	277	211	221	281	212	219	278	208	217	280	209	216	280	206	213	280	210	210	206	209	203	206	198	204	203
203	203	223	205	206	279	210	216	283	212	216	282	209	213	279	206	217	278	213	213	283	209	219	286	206	217	288	205	210	212	204	202	212	204	204	213
203	208	218	204	205	297	208	222	303	212	214	307	209	224	302	211	224	308	208	228	304	211	218	307	213	221	306	210	216	217	203	204	218	204	206	215
198	202	212	200	207	336	215	232	336	214	225	343	217	231	342	212	229	339	214	225	338	212	229	330	213	230	344	216	220	205	204	203	204	199	199	203
204	206	216	203	205	326	216	224	331	208	232	332	216	225	331	211	230	325	214	227	328	218	222	338	213	226	330	215	218	208	199	207	211	204	198	209
200	202	214	204	206	329	216	221	331	214	223	326	215	227	331	212	228	329	212	218	333	216	227	331	215	225	337	213	217	204	201	204	203	198	202	203
204	208	231	204	213	352	213	230	354	217	229	354	214	235	357	214	235	353	215	231	357	215	227	357	222	237	352	217	223	220	204	205	219	203	204	225
205	202	214	201	209	445	225	245	446	224	246	461	226	249	447	226	252	454	225	251	448	225	252	446	221	254	444	220	233	209	201	202	204	202	207	205
203	202	214	202	204	674	249	294	689	245	298	679	247	295	688	251	291	691	246	296	682	245	301	697	246	302	690	251	268	207	195	201	207	200	205	206
204	203	216	205	207	371	216	234	387	219	241	380	219	234	388	219	239	390	220	240	385	220	243	384	219	240	384	215	227	209	201	201	211	202	202	211
203	203	211	204	204	306	210	222	315	212	223	313	212	228	318	210	227	314	212	221	309	213	224	312	212	225	317	213	213	205	200	202	212	204	200	205
199	203	217	198	205	289	211	219	291	210	219	295	208	218	294	210	218	288	213	222	292	212	216	295	211	219	292	203	217	203	198	202	210	198	199	205
203	204	231	205	208	312	209	227	305	214	220	315	214	225	315	212	222	312	203	223	320	212	225	316	216	222	315	209	214	218	206	208	220	203	205	224
200	202	208	203	204	305	211	225	309	212	224	302	212	222	305	213	221	307	212	226	310	209	224	309	212	226	306	210	216	206	200	201	203	202	199	209
204	199	212	204	205	324	212	228	324	211	228	327	216	229	326	209	226	327	213	229	337	216	228	322	219	222	326	215	218	201	197	202	203	200	206	203
206	205	212	203	206	309	213	222	313	216	224	314	209	222	319	217	225	318	212	227	314	215	221	313	215	224	310	214	218	209	203	205	204	207	206	211
202	201	210	205	206	278	208	213	283	216	219	285	210	214	278	206	223	282	213	220	285	209	214	279	210	215	283	209	212	202	200	199	202	204	204	198
203	200	207	202	207	273	209	217	273	206	216	275	207	218	274	211	217	275	211	218	275	205	220	276	212	218	271	207	212	204	201	199	202	200	200	203
203	202	209	203	203	274	208	218	271	206	217	271	212	212	276	208	215	273	211	218	277	210	213	270	207	215	270	206	209	207	199	203	202	203	202	202
198	201	206	205	208	272	212	215	271	210	215	271	210	213	275	210	215	270	208	217	276	212	220	272	210	219	278	209	210	200	200	202	206	203	202	200
202	204	222	204	209	335	215	230	335	214	225	340	210	223	335	218	229	334	215	228	339	216	223	331	218	229	337	213	219	209	203	202	213	202	203	212
201	204	212	202	205	295	210	214	297	206	215	297	212	217	298	207	221	297	207	215	295	213	220	295	195	219	295	211	217	208	205	205	206	204	204	205
205	203	220	208	214	759	256	316	803	260	308	802	262	315	785	261	311	794	257	317	805	257	307	795	261	315	793	256	265	208	202	204	209	203	201	204
202	199	222	207	213	673	250	298	693	248	297	692	257	299	697	248	306	701	249	305	702	249	293	701	251	297	700	246	254	212	205	200	211	202	205	210
205	203	218	206	205	398	221	247	408	218	243	406	221	235	408	221	241	414	221	243	407	221	239	407	224	242	413	223	225	212	202	198	211	204	205	212
202	202	211	202	209	290	213	218	291	212	222	290	215	217	292	209	216	293	205	218	299	210	217	300	213	218	302	212	213	206	201	203	208	203	205	206
198	202	210	199	206	316	211	220	323	211	229	316	212	224	321	212	222	316	217	223	318	209	224	318	211	226	313	216	215	203	202	202	210	205	202	206
202	199	209	206	206	322	214	229	318	212	228	329	215	226	327	208	229	325	211	225	328	218	229	334	213	228	322	212	219	205	203	204	207	201	200	205
202	204	206	202	200	264	204	216	265	213	216	267	208	214	263	207	215	262	203	216	265	207	213	267	209	215	265	208	210	198	200	202	199	200	199	205
203	205	205	200	201	254	208	214	255	208	212	251	213	217	251	209	213	252	207	214	255	209	211	254	204	212	259	208	206	202	201	198	200	200	198	200
202	209	246	207	213	619	244	284	641	247	284	648	246	285	648	239	292	649	242	284	654	245	289	657	245	292	661	246	249	240	207	211	243	204	212	238
201	204	216	201	205	615	249	285	630	245	283	638	241	288	634	243	279	628	242	287	637	239	287	634	241	290	630	247	248	210	201	206	211	203	205	213
200	204	211	201	207	386	219	235	391	224	244	384	221	240	391	218	235	396	220	240	393	222	238	397	223	243	381	221	226	208	202	202	204	205	202	206
203	200	222	202	208	362	217	232	369	215	234	366	216	232	366	212	232	369	217	234	357	212	238	367	218	235	361	220	226	220	203	201	216	205	204	217
203	205	236	203	209	464	229	258	470	225	250	480	226	257	472	223	256	475	226	253	469	227	258	475	226	251	470	227	233	228	206	209	231	203	205	225
201	203	211	207	207	466	225	256	478	229	258	490	232	257	491	228	257	490	231	254	487	226	258	489	227	254	486	231	233	204	204	201	200	200	203	203
200	200	206	200	210	307	215	223	315	217	224	319	210	225	319	216	229	315	211	220	319	216	221	309	210	221	315	207	215	202	201	203	207	198	199	203
201	201	207	202	203	256	208	216	264	206	213	267	208	212	261	204	223	262	209	213	266	201	214	263	208	216	265	208	212	206	202	201	203	201	202	207
204	202	210	202	204	278	210	218	269	209	214	273	209	218	271	207	221	274	210	215	280	209	216	270	207	214	270	207	209	207	205	204	204	201	204	206
195	203	213	204	202	272	209	216	273	210	220	270	213	218	272	207	217	273	208	214	270	214	216	270	206	214	274	205	213	213	206	207	207	201	204	211
200	202	209	202	202	264	203	216	263	209	213	258	208	211	264	204	212	261	209	213	255	208	214	261	204	215	261	206	208	202	199	201	203	199	200	201
202	200	219	208	210	706	254	300	732	251	297	708	250	297	705	249	299	708	252	301	718	246	305	717	243	294	727	253	265	212	199	204	208	199	204	205
204	202	222	207	214	829	267	327	849	263	323	845	260	326	840	262	323	855	265	327	838	264	328	832	261	324	836	261	280	208	205	203	206	202	207	207
200	202	213	206	208	407	222	248	415	224	243	408	225	243	411	217	246	418	219	243	415	221	240	417	223	246	412	222	226	204	200	201	208	204	202	205
201	202	212	201	202	278	214	222	283	210	220	278	213	216	279	207	216	276	210	216	278	212	214	283	214	218	280	209	216	207	198	202	208	203	200	207
199	202	211	202	203	249	204	218	252	208	213	256	206	214	254	205	213	259	205	215	251	209	212	258	209	210	256	208	209	205	203	200	209	202	204	210
200	205	217	206	205	249	204	213	250	208	211	253	207	211	249	205	211	252	210	212	250	205	208	246	203	207	247	205	209	212	202	203	208	203	204	212
204	209	226	206	203	265	208	210	264	209	216	267	211	214	267	206	214	267	211	212	264	207	216	266	206	215	264	203	210	225	202	206	222	204	208	227
202	209	233	206	209	278	211	213	278	216	215	284	210	215	280	208	222	285	211	218	281	210	212	280	212	217	279	208	212	231	204	205	235	206	208	235
197	204	211	203	203	258	208	212	267	204	211	263	208	210	266	205	212	268	208	214	268	205	215	263	210	217	266	208	204	208	198	196	208	199	204	208
206	208	245	211	211	283	207	216	291	208	219	286	213	213	288	208	217	291	210	218	282	208	217	284	208	222	287	214	218	243	207	213	246	204	211	243
199	211	240	204	208	286	208	220	283	206	217	286	211	213	282	213	213	290	210	218	284	210	211	284	210	218	284	210	217	234	207	210	235	204	211	236
203	205	207	200	198	281	207	216	281	211	217	285	205	214	276	209	217	282	208	218	278	208	216	283	208	213	289	212	212	206	200	205	204	198	199	205
200	205	208	203	207	575	239	280	595	240	273	606	242	276	602	238	282	597	240	275	581	237	279	582	237	274	599	234	250	203	201	204	201	204	200	204
198	204	207	202	209	535	232	271	539	234	267	547	234	266	539	234	271	543	235	266	549	236	270	548	231	262	546	237	244	201	206	202	201	204	199	207
200	204	213	204	206	469	234	257	475	224	252	474	226	263	474	227	253	479	229	254	468	222	252	464	228	251	477	229	236	207	200	203	208	200	201	207
203	203	211	202	202	306	210	217	306	206	220	306	215	218	306	213	222	313	210	229	311	215	220	305	208	220	308	211	217	202	202	207	205	200	203	198
202	205	218	198	205	268	205	214	272	208	216	270	206	217	271	210	211	264	207	214	270	209	217	274	206	213	270	205	209	209	204	203	212	200	203	211
202	198	211	199	206	258	206	214	251	206	209	254	208	214	261	202	210	253	210	216	251	205	213	260	206	213	257	211	209	208	200	202	206	200	201	203
200	203	209	201	204	267	211	218	271	207	213	277	208	221	273	205	218	267	210	217	271	208	219	269	206	212	269	209	214	203	203	205	201	202	205	205
202	200	208	200	199	506	233	261	501	228	258	508	233	262	500	232	257	500	230	259	504	234	268	509	227	261	502	233	241	203	204	203	206	204	202	202
203	203	207	203	202	396	218	240	400	222	237	407	222	244	401	217	235	397	223	238	400	217	236	403	221	239	395	223	228	201	203	198	204	202	202	203
204	200	225	205	212	720	249	304	735	249	300	722	251	300	737	250	308	745	254	308	740	255	302	731	248	305	739	252	264	209	204	207	209	202	201	208
201	204	261	220	238	2424	415	629	2491	397	626	2494	409	620	2490	407	626	2499	419	618	2473	417	627	2481	406	626	2488	408	470	226	203	206	222	199	201	218
205	202	226	208	211	815	265	330	849	267	325	843	267	318	851	265	328	843	260	330	852	266	327	847	262	331	851	258	284	209	202	200	213	201	205	214
199	202	221	205	203	418	221	247	412	223	245	420	225	245	425	221	247	418	221	240	422	225	243	427	220	243	424	224	229	209	199	202	210	201	200	207
203	200	206	202	202	290	208	220	290	206	218	293	211	222	290	209	221	297	214	221	293	210	217	296	207	217	292	211	215	201	198	203	204	201	202	194
200	206	207	204	206	259	205	210	265	207	210	264	208	211	264	204	216	265	206	215	263	207	216	265	207	213	270	206	208	201	202	198	203	198	201	207
198	198	206	201	204	261	204	210	265	207	212	264	211	208	273	209	212	260	209	213	261	207	212	261	208	217	263	211	210	202	200	198	204	202	202	208
203	197	217	203	211	640	241	290	642	246	287	650	246	285	640	240	283	637	245	289	639	244	286	639	247	288	642	243	259	205	206	199	210	204	202	212
204	205	219	208	208	546	235	268	546	235	264	540	230	269	541	230	269	539	235	268	541	242	268	545	231	267	534	240	248	209	201	201	212	207	206	214
200	205	212	198	201	328	214	232	346	214	225	342	214	231	337	217	226	341	214	233	339	213	234	340	213	228	337	214	221	207	201	205	202	203	201	205
201	205	210	204	203	295	212	220	298	211	219	297	211	222	297	208	223	303	213	225	301	212	224	302	206	221	299	210	214	208	203	203	206	203	205	209
204	200	232	212	226	1673	343	487	1743	347	484	1738	338	483	1703	340	476	1717	342	478	1738	345	486	1725	338	485	1737	341	385	205	200	204	201	203	200	201
203	198	215	204	211	797	259	324	795	258	315	817	264	318	801	259	318	800	264	321	810	264	325	809	258	322	806	258	276	200	201	206	202	201	200	199
198	203	214	203	206	420	224	243	424	224	247	423	223	247	422	224	241	418	225	241	417	222	243	420	228	243	426	227	233	212	203	204	211	204	206	212
198	203	205	204	203	260	208	209	264	210	215	262	210	212	260	208	212	259	209	210	263	207	216	260	206	214	267	203	209	205	203	200	203	204	203	205
204	206	206	202	198	313	211	224	314	211	224	311	214	218	314	209	221	329	215	217	319	213	224	315	210	228	312	213	218	200	198	199	203	201	200	203
197	201	208	205	205	274	207	214	277	210	217	276	210	215	283	211	216	280	211	218	282	209	219	280	206	217	279	213	214	204	204	203	208	195	205	208
204	204	204	207	202	274	206	213	268	207	213	270	207	214	265	206	217	273	207	217	271	207	213	268	209	216	272	212	210	204	202	202	200	201	197	205
203	205	208	204	205	252	209	206	256	206	212	257	203	211	256	211	212	259	208	213	256	208	210	259	205	215	261	206	206	209	201	203	206	201	204	204
202	201	217	206	202	437	225	249	445	224	251	442	222	244	437	221	247	443	227	244	438	222	248	443	230	248	442	225	232	205	204	201	207	198	201	210
203	203	206	203	202	365	218	240	370	218	230	373	220	229	371	217	234	364	218	237	370	219	233	363	218	233	363	220	222	206	204	204	206	200	199	202
200	201	201	204	201	286	210	218	294	212	221	298	211	217	289	211	217	288	212	219	289	210	217	293	211	220	287	208	212	204	202	203	200	200	203	201
199	202	212	200	201	250	206	211	258	206	214	250	205	212	258	209	204	252	201	211	250	206	213	250	203	210	252	207	206	199	204	205	201	200	200	207
201	200	204	203	204	236	203	212	237	202	207	237	206	208	238	204	207	236	205	206	240	199	211	235	204	211	237	208	206	206	201	201	203	202	199	205
200	205	214	202	207	244	201	211	244	206	208	249	204	211	245	207	214	246	207	209	244	202	210	241	210	210	236	210	208	212	205	202	208	199	202	210
205	203	211	200	205	305	207	220	306	207	222	307	212	222	309	209	224	302	214	223	305	212	224	298	209	222	302	212	215	209	200	204	207	201	201	209
201	203	205	202	204	265	206	213	269	210	215	272	210	213	277	209	217	268	211	213	271	210	213	273	214	206	270	210	213	201	203	202	204	201	200	204
202	202	214	202	203	268	208	211	270	205	215	266	208	215	266	208	212	269	209	215	267	210	215	267	207	214	266	210	213	211	200	204	217	205	201	210
203	204	213	202	207	265	208	215	270	204	215	272	210	211	275	206	213	267	207	215	272	211	215	272	206	215	270	208	211	213	201	201	216	203	205	211
210	225	302	209	225	346	215	226	348	219	229	354	214	229	353	214	232	350	214	228	356	218	232	352	213	230	348	219	226	298	213	220	299	214	223	302
204	198	201	203	207	247	203	206	249	203	211	248	209	212	241	201	212	248	206	208	250	205	210	248	205	211	246	206	211	201	205	199	201	200	201	200
200	197	208	208	205	401	224	241	409	222	240	408	224	237	408	226	233	411	220	241	405	218	243	403	219	243	404	223	225	202	203	201	204	200	204	203
199	200	218	203	208	614	248	281	631	243	274	621	236	290	620	238	288	629	240	283	621	240	285	624	243	287	625	244	255	213	203	206	215	201	203	210
201	201	209	204	206	359	213	234	361	215	230	358	216	232	353	217	235	365	217	232	356	216	230	362	219	229	359	216	220	204	204	203	207	200	204	205
199	203	209	203	205	272	208	215	270	201	210	271	212	216	271	205	216	275	208	215	275	211	214	273	213	217	278	210	207	204	202	200	205	204	199	204
202	201	218	204	208	277	212	217	280	209	215	275	204	219	271	209	215	276	208	212	274	208	214	277	210	218	277	207	214	215	203	205	214	202	210	214
203	202	208	203	204	301	213	219	306	213	221	304	214	219	302	209	222	305	208	221	297	210	224	302	212	223	306	211	213	208	206	204	205	200	204	207
200	206	210	203	207	259	207	215	258	207	214	262	208	215	261	208	218	264	204	211	265	205	214	260	202	217	263	205	210	209	196	201	207	199	202	205
202	205	212	203	205	247	207	211	254	208	213	250	207	213	255	212	212	253	202	214	249	203	212	248	203	213	258	207	203	211	201	203	213	201	205	209
201	200	210	207	203	324	215	222	323	210	226	330	212	218	331	213	222	315	216	226	330	210	227	318	208	226	327	211	214	210	199	202	206	200	199	202
201	203	211	204	207	492	227	254	495	224	260	504	228	255	489	228	256	495	229	258	497	231	260	494	229	263	488	230	240	203	202	202	204	200	202	205
202	202	216	206	211	610	253	285	631	239	278	628	241	284	610	236	285	636	241	282	635	247	281	617	244	286	619	243	257	201	202	202	204	203	205	210
204	199	221	207	218	1260	303	408	1296	299	404	1295	303	406	1285	302	409	1301	306	403	1277	301	409	1282	303	409	1306	308	328	204	201	201	200	203	205	202
202	206	249	216	232	2351	409	617	2413	401	603	2391	398	613	2390	401	609	2388	403	605	2372	398	601	2379	395	603	2410	397	459	218	202	203	213	202	205	214
200	202	220	208	215	897	271	339	905	269	340	896	271	343	906	265	336	900	268	341	914	272	338	913	268	336	917	271	290	206	200	204	206	203	205	206
202	204	208	201	203	446	223	246	455	229	247	453	225	250	454	226	251	458	229	257	456	223	253	464	231	248	461	231	232	204	198	202	202	199	202	204
199	201	209	201	201	318	210	218	326	213	225	325	214	223	325	212	223	325	211	224	328	209	226	320	218	224	327	214	212	209	203	201	205	204	204	212
200	205	210	202	202	312	211	225	311	211	224	323	215	219	322	209	228	315	213	222	316	217	226	325	210	226	321	214	222	202	201	200	208	199	206	204
205	205	210	208	202	388	218	240	390	221	240	389	218	244	399	221	238	386	223	239	400	221	235	388	222	239	390	222	232	202	202	205	202	201	200	202
209	211	250	207	208	348	218	228	346	215	229	347	214	231	345	218	230	347	214	231	342	214	231	346	213	227	353	216	220	252	205	212	251	201	213	251
203	200	207	203	205	251	203	211	254	209	211	251	203	212	247	205	209	255	205	210	259	206	211	251	204	212	250	205	207	198	200	203	202	205	201	204
203	200	204	202	202	248	206	207	249	208	209	246	207	215	248	204	211	250	203	211	253	208	214	250	203	206	248	206	209	200	204	200	204	200	198	201
202	202	203	200	203	253	201	213	262	206	213	257	206	213	259	211	214	260	208	214	259	205	209	262	204	212	259	209	209	200	202	205	201	205	201	206
202	200	206	201	200	314	211	221	323	208	223	319	215	224	325	216	228	322	210	221	316	213	224	322	211	230	317	214	218	203	199	203	206	204	204	210
204	200	217	209	216	1069	280	368	1099	282	357	1106	283	368	1108	281	366	1095	283	370	1085	275	361	1092	277	367	1097	285	305	205	205	199	208	202	203	206
203	204	302	241	274	4067	737	1334	4069	736	1310	4069	730	1329	4070	742	1329	4069	744	1308	4068	743	1332	4069	737	1317	4069	746	924	206	202	204	206	200	201	205
201	197	273	228	256	4056	587	998	4055	582	988	4055	577	994	4054	587	986	4054	578	977	4055	583	979	4055	585	986	4054	593	712	196	200	200	199	199	200	199
201	204	228	212	223	1500	343	478	1549	344	480	1536	341	484	1546	338	475	1527	344	484	1532	336	486	1537	342	480	1526	348	384	204	198	204	205	203	202	206
202	199	213	204	207	587	240	277	597	243	279	583	239	285	590	243	275	596	240	275	595	236	268	605	235	280	580	240	250	205	199	201	204	202	200	206
203	199	212	204	202	305	207	223	297	210	218	298	207	218	302	208	220	299	216	222	296	211	219	298	214	222	300	211	211	206	202	201	206	203	200	212
203	200	205	198	204	252	208	211	250	206	213	257	203	210	252	203	212	253	208	209	253	206	214	252	206	209	251	204	208	206	202	201	206	201	198	206
203	201	214	203	209	253	208	209	251	206	208	250	204	211	250	205	207	253	203	210	258	205	214	252	205	208	255	206	212	215	201	205	212	202	207	212
201	201	221	205	203	259	208	210	256	207	214	264	209	219	261	207	212	264	211	213	265	210	215	262	206	212	257	208	210	222	201	209	223	201	205	220
204	209	224	204	203	268	208	210	283	204	213	272	209	215	273	200	215	277	210	214	278	211	216	271	207	216	272	204	215	219	206	206	225	202	207	221
203	202	215	203	209	270	210	215	272	208	211	270	207	214	267	209	211	269	211	217	271	211	214	273	208	216	276	211	213	208	201	204	213	200	201	208
199	200	207	202	200	255	205	209	254	206	211	254	207	209	252	209	211	248	207	211	253	205	213	252	210	212	251	210	212	204	201	201	201	198	202	200
203	206	218	205	207	285	209	213	283	210	219	284	209	217	293	210	216	293	205	220	287	213	218	286	216	217	290	213	213	214	200	206	216	199	200	216
204	208	246	206	210	643	247	297	653	249	291	655	243	290	655	250	293	651	247	294	647	246	288	635	245	292	644	250	259	235	207	208	236	206	204	236
203	202	370	265	332	4095	1137	2141	4094	1125	2112	4094	1115	2119	4094	1131	2112	4094	1126	2098	4094	1115	2123	4094	1129	2122	4094	1133	1449	203	197	201	201	203	204	205
201	200	278	228	261	4104	582	987	4102	580	978	4101	594	996	4102	585	995	4101	586	974	4102	585	1005	4102	582	1000	4102	584	719	211	201	203	206	199	204	204
200	197	227	208	225	1582	341	472	1616	334	463	1605	338	477	1606	339	468	1603	338	477	1610	329	468	1592	330	484	1620	341	383	206	199	202	202	203	201	197
201	199	212	203	203	487	228	263	486	223	257	487	226	256	495	226	259	480	230	252	499	230	264	488	228	256	502	232	244	209	203	204	210	200	201	207
202	203	209	200	210	281	211	220	283	211	220	284	210	218	282	209	216	284	208	221	285	206	214	280	208	214	276	210	213	210	204	204	207	204	200	208
209	203	205	205	202	247	210	213	252	207	210	255	209	212	251	207	207	254	205	207	255	208	207	251	207	210	250	207	207	207	203	200	205	203	202	205
203	202	206	202	204	241	206	208	242	206	210	243	206	207	242	205	210	239	202	209	238	206	206	238	208	210	237	209	206	202	203	205	201	199	205	205
204	201	206	205	204	243	207	207	245	205	211	247	205	210	244	204	209	246	203	212	249	202	211	246	202	211	244	204	208	205	204	203	206	200	203	207
202	204	207	203	201	408	222	242	411	218	244	415	219	240	413	222	244	411	219	245	411	217	244	413	221	247	411	221	228	200	200	200	203	201	202	206
202	203	241	214	231	2424	417	617	2467	409	616	2500	415	622	2467	405	617	2485	405	623	2470	408	632	2461	409	622	2478	409	468	201	200	205	205	201	203	209
202	204	220	209	216	1023	283	371	1044	280	357	1054	280	366	1043	278	363	1045	283	361	1035	285	360	1031	284	373	1037	281	303	202	200	204	202	199	199	200
204	207	243	209	209	527	235	272	528	231	266	540	235	269	535	230	269	533	230	258	533	233	265	537	235	264	544	229	244	230	205	204	227	203	208	226
199	202	210	202	201	279	208	216	282	207	217	279	208	217	264	208	211	275	208	215	275	208	214	270	210	213	276	210	209	207	204	199	209	200	206	207
204	201	204	208	199	268	207	218	278	206	213	273	208	213	274	213	215	272	208	215	272	209	219	273	208	214	271	206	209	203	202	201	204	201	199	201
205	201	209	207	204	502	230	255	521	233	257	519	231	260	523	232	269	527	233	264	523	230	265	529	225	265	517	233	230	206	201	199	205	200	199	204
205	207	226	208	205	357	218	235	357	215	235	358	219	238	365	216	231	357	218	232	361	219	231	365	213	227	357	216	223	228	210	208	228	206	204	231
198	199	206	203	202	263	207	214	270	207	214	264	208	214	274	212	213	273	209	220	273	212	213	276	209	218	267	208	207	205	206	203	204	202	203	204
198	197	203	200	203	229	203	206	233	208	210	232	202	206	234	205	205	234	207	206	227	206	209	231	202	206	234	203	204	198	200	202	205	202	203	200
198	200	208	204	203	228	202	205	226	203	207	226	203	207	228	211	204	226	209	209	232	202	203	229	201	207	226	203	207	204	203	200	204	201	204	206
201	200	207	202	201	227	207	208	226	204	209	227	205	206	229	202	205	229	198	205	226	203	204	229	206	204	226	212	206	205	201	202	202	201	200	202
204	200	207	201	206	230	206	207	228	203	208	233	204	208	227	206	207	230	203	204	227	204	205	232	204	209	231	203	204	202	201	200	205	203	201	206
200	203	207	202	202	236	207	208	236	202	203	234	202	208	238	208	211	238	205	211	232	203	210	238	205	211	236	204	203	206	205	204	206	201	207	209
199	203	208	202	203	247	207	211	250	207	208	253	207	209	248	206	213	250	206	209	253	207	208	251	206	211	253	208	207	206	200	204	208	205	201	207
200	202	213	202	204	255	205	211	258	209	207	258	207	214	252	210	210	254	207	214	253	207	205	259	207	208	255	208	211	209	199	201	212	202	202	209
203	204	208	205	206	248	208	208	248	207	210	249	206	215	249	205	207	251	209	207	248	207	208	250	208	210	248	209	208	206	202	197	202	201	201	206
201	204	221	204	210	287	208	219	294	209	220	291	213	219	293	214	216	293	212	214	290	207	217	288	209	221	285	212	213	221	207	206	220	209	202	231
204	204	210	203	207	321	214	225	322	213	228	324	213	229	317	216	223	320	213	229	326	216	224	325	219	226	330	211	215	206	201	202	204	203	204	205
200	203	209	204	205	274	200	216	279	209	214	272	209	216	282	205	218	281	208	216	271	210	211	270	203	211	277	210	212	203	204	202	204	203	201	208
204	200	201	204	203	267	208	210	268	205	212	264	209	215	269	208	214	260	208	215	261	209	213	265	209	206	265	207	209	199	202	202	200	203	205	202
204	204	202	203	206	251	204	213	253	204	210	254	203	212	252	211	208	252	207	214	252	206	212	252	208	212	253	205	208	198	203	199	204	200	202	209
198	200	202	200	205	254	206	215	260	206	210	261	206	211	259	208	214	260	205	216	254	206	210	256	207	212	259	207	207	200	200	201	205	200	203	205
201	206	230	213	221	1747	343	484	1773	344	496	1765	345	494	1761	340	495	1764	348	504	1762	342	482	1771	344	488	1770	350	389	203	203	204	204	203	204	205
200	200	230	215	222	1848	361	519	1884	354	516	1900	350	515	1889	358	520	1889	353	523	1910	358	509	1890	359	514	1887	357	403	197	199	202	202	203	198	200
205	200	216	202	209	743	257	313	758	251	309	756	253	305	748	251	307	748	255	306	758	249	305	768	258	313	757	248	273	206	201	203	207	197	200	200
210	205	223	207	209	446	221	250	453	230	253	452	225	250	455	226	253	463	227	250	453	228	252	453	228	258	454	224	237	216	203	203	216	201	206	215
205	204	211	202	208	277	207	212	275	209	218	276	209	214	277	206	215	279	211	215	283	207	219	270	207	216	277	212	210	210	203	202	209	204	202	209
202	199	209	199	203	265	204	214	266	210	215	261	209	213	266	204	216	264	208	215	265	204	212	262	207	217	269	206	213	207	204	201	208	195	203	209
204	201	224	213	219	1676	331	474	1686	339	461	1688	338	476	1686	331	477	1690	342	473	1704	332	476	1690	337	481	1677	340	371	202	203	204	207	201	200	209
201	204	261	224	246	3494	506	838	3549	514	829	3565	510	839	3552	500	838	3538	509	838	3552	510	847	3531	512	834	3559	510	616	209	203	202	207	201	201	209
205	208	248	218	229	1752	350	496	1780	343	495	1788	346	494	1781	349	491	1778	348	491	1794	346	504	1775	337	489	1765	349	397	221	203	203	227	206	204	223
201	200	209	207	207	741	255	314	762	248	308	754	264	303	752	253	307	756	253	306	746	254	313	747	257	307	756	255	275	200	200	199	197	204	199	200
202	201	204	203	202	391	221	237	391	223	243	397	219	241	390	222	240	392	223	239	385	219	241	386	219	241	385	219	225	201	203	200	200	193	199	198
206	203	215	205	203	308	207	219	312	215	222	319	210	223	312	207	227	311	213	220	305	210	220	310	212	224	312	206	217	219	205	205	216	205	201	215
202	200	206	203	202	271	206	216	271	211	215	268	210	212	270	207	212	268	211	213	269	210	210	270	208	211	272	208	208	207	203	208	205	202	202	202
202	202	216	203	208	278	212	218	281	206	210	278	212	215	284	209	212	281	210	217	284	212	219	284	207	211	283	210	211	214	203	203	216	200	204	222
204	202	210	202	205	300	210	219	308	214	220	303	213	221	306	213	222	305	209	220	308	211	216	303	211	230	311	214	215	212	206	207	212	205	203	213
199	203	215	207	206	428	228	245	435	218	247	444	223	249	435	227	250	431	222	248	440	223	250	439	226	250	434	226	232	215	205	205	214	201	205	215
199	206	259	223	245	3512	488	784	3594	487	768	3580	477	779	3545	478	770	3588	483	763	3581	476	782	3569	484	780	3567	491	577	209	202	197	203	201	204	206
206	202	550	343	492	4096	2084	3905	4097	2084	3881	4097	2084	3898	4097	2078	3890	4097	2061	3885	4097	2080	3903	4097	2080	3886	4097	2089	2703	209	203	204	208	202	201	211
197	202	417	282	366	4096	1240	2429	4095	1258	2378	4095	1257	2390	4095	1261	2415	4095	1247	2378	4095	1250	2395	4095	1253	2384	4095	1243	1638	209	201	205	212	207	209	213
205	201	274	226	257	4087	549	918	4089	546	892	4088	541	911	4089	550	905	4089	547	896	4088	546	906	4089	543	904	4088	551	660	216	201	202	210	206	205	208
203	206	234	211	221	1578	336	472	1638	339	472	1650	336	473	1622	326	463	1616	335	465	1636	335	470	1630	334	468	1634	340	383	210	199	197	209	200	204	203
203	202	208	199	204	384	221	235	388	219	235	385	223	236	387	216	238	393	220	240	382	218	239	387	216	237	387	219	228	199	201	199	202	201	202	203
203	207	224	204	206	284	207	215	285	213	214	291	210	219	287	208	215	286	206	218	284	211	219	287	208	219	288	210	213	224	203	207	218	202	209	229
202	203	202	200	202	257	209	211	258	209	213	253	207	212	254	207	210	254	203	212	255	206	212	256	205	212	249	210	207	203	201	200	204	201	203	209
203	201	211	203	205	252	207	214	254	206	210	262	204	211	257	207	213	253	205	212	258	207	212	256	204	213	254	203	209	216	202	205	215	199	205	218
202	204	212	201	199	234	205	209	236	206	207	232	209	206	230	206	209	234	201	214	240	203	207	232	203	206	234	203	208	204	201	200	206	197	196	207
200	201	204	201	203	228	202	208	231	205	204	230	200	205	231	202	209	234	207	207	228	206	208	229	204	204	229	207	205	204	202	202	199	200	198	206
200	204	213	204	204	238	206	212	237	202	211	235	209	205	237	204	209	234	202	209	233	205	206	234	209	207	239	204	206	213	204	207	210	203	201	217
201	201	210	203	201	232	205	207	235	204	205	235	207	209	230	203	206	233	204	209	235	203	208	229	206	207	232	203	203	206	201	202	212	203	203	206
202	203	202	199	200	226	200	208	225	203	204	225	204	203	227	201	209	227	204	203	229	206	207	223	205	208	224	206	205	203	202	203	201	203	201	205
206	208	243	207	212	267	209	213	272	205	214	263	210	214	267	211	216	266	209	214	267	205	214	264	211	216	266	208	215	245	206	211	245	208	211	245
205	207	217	202	202	259	206	217	267	207	216	266	207	212	257	210	213	262	209	213	257	206	215	262	208	217	266	206	211	214	202	208	218	198	201	216
200	203	225	204	210	1238	302	405	1263	303	394	1274	301	399	1283	301	401	1272	303	406	1253	298	401	1251	308	395	1260	301	333	209	200	201	208	202	203	205
201	205	212	206	209	733	251	309	749	255	310	750	248	302	744	255	308	741	257	311	754	254	313	745	255	308	738	252	275	205	205	203	206	202	202	200
202	204	213	205	207	409	222	245	409	223	245	414	220	238	403	222	242	406	223	244	415	222	240	408	219	237	410	219	229	211	200	203	209	201	205	206
204	202	206	203	206	301	209	220	301	211	220	305	217	221	306	211	223	304	209	226	301	209	218	302	212	219	304	210	212	203	203	201	206	201	207	202
202	203	213	203	200	240	208	210	239	205	206	239	208	208	237	205	205	236	209	205	240	207	208	238	206	211	238	204	208	212	203	200	209	203	204	210
203	206	207	200	203	227	204	206	228	207	208	225	205	205	227	206	209	226	201	205	227	205	207	229	209	205	225	202	202	206	203	204	208	201	204	209
202	201	213	201	202	225	204	204	228	206	203	230	206	207	233	207	209	224	202	205	220	199	207	228	203	201	229	205	209	208	198	205	209	201	202	209
206	202	198	201	202	228	205	209	230	209	207	224	204	209	223	207	205	229	204	208	227	202	209	230	206	205	226	204	204	207	205	203	201	198	200	203
203	204	213	201	204	237	207	209	229	205	207	232	200	206	237	202	211	234	210	207	238	200	210	236	206	207	234	207	208	213	201	203	212	202	203	212
198	204	211	202	201	225	207	209	227	205	204	230	208	203	228	204	210	227	204	207	232	206	204	226	203	207	229	204	204	207	205	200	206	203	205	209
203	205	211	200	203	222	202	209	224	203	206	229	204	208	229	205	209	228	206	206	230	203	207	230	206	207	229	203	204	208	200	205	209	203	203	210
203	200	206	198	208	225	206	204	225	200	208	218	209	200	228	202	200	228	203	210	223	204	206	228	209	207	227	201	205	207	203	200	207	201	202	206
204	202	206	201	200	234	205	210	234	203	211	241	205	212	239	207	212	234	206	211	238	203	214	240	207	210	240	208	206	202	200	203	204	198	201	198
207	205	210	201	208	260	202	214	267	208	220	265	212	213	264	212	213	263	208	215	266	207	211	274	202	215	264	208	212	210	200	202	211	206	203	208
203	201	218	204	211	995	275	359	1012	272	346	1017	274	357	1005	279	355	1031	278	351	1014	279	357	1007	280	356	1021	279	294	205	203	204	206	198	204	203
204	202	234	212	219	1416	322	442	1439	315	425	1439	312	439	1454	322	437	1458	315	436	1432	314	435	1432	314	445	1444	312	355	212	202	204	217	202	202	214
204	205	277	222	248	3491	518	836	3583	505	829	3554	507	831	3559	507	835	3570	512	832	3560	512	835	3559	510	834	3567	514	621	222	205	207	220	201	203	218
201	204	231	208	232	1872	356	519	1909	358	513	1918	352	515	1879	366	527	1895	361	523	1896	360	524	1869	357	521	1905	362	410	206	201	202	202	197	200	205
202	204	217	204	210	823	263	327	842	266	320	855	262	321	838	264	326	835	260	317	829	261	322	848	265	326	836	260	286	207	200	202	207	201	201	214
200	200	210	203	207	510	229	269	534	233	259	534	230	269	529	236	269	522	234	264	528	232	264	523	237	262	530	231	241	205	203	204	203	205	203	202
201	200	214	201	203	266	201	215	278	211	213	273	212	218	272	206	214	270	206	216	270	209	218	280	210	216	275	208	208	211	200	204	210	203	199	212
201	201	207	201	202	224	204	204	220	207	204	228	202	205	226	204	207	225	205	207	225	205	208	224	203	203	227	204	202	208	203	203	204	200	202	203
198	202	198	207	202	216	201	203	216	205	205	219	203	207	219	202	202	219	206	209	221	205	208	223	202	205	220	205	202	210	200	201	201	200	200	200
201	205	207	202	203	224	204	204	224	202	207	225	202	209	226	199	208	226	202	205	224	204	206	222	204	206	223	202	208	204	203	202	208	201	202	212
200	201	201	203	202	217	206	203	214	200	204	220	205	204	220	202	202	217	205	206	216	206	206	218	201	209	215	206	200	198	202	201	203	199	199	203
199	206	213	202	203	326	216	229	331	213	230	332	212	225	328	212	222	330	214	223	333	216	229	327	213	229	330	215	223	210	198	199	209	206	202	208
200	199	226	207	216	981	277	350	993	276	346	1003	277	358	984	283	350	997	275	354	999	278	353	983	275	354	983	280	296	213	204	204	216	205	203	212
200	203	213	203	206	436	236	253	450	224	245	438	226	249	449	225	245	435	225	243	443	221	254	446	229	250	444	223	232	206	202	201	204	201	204	210
203	201	210	201	200	318	215	221	322	216	226	328	211	227	320	212	222	323	212	226	325	212	224	318	208	226	324	215	218	207	202	199	210	201	201	205
204	211	255	206	212	303	212	222	310	212	219	310	212	216	311	212	223	315	213	228	312	205	223	318	209	223	313	216	217	248	206	205	252	205	212	246
203	201	211	201	206	223	201	208	227	196	207	221	204	209	224	205	207	222	202	206	224	202	205	224	202	206	221	205	202	208	201	202	211	204	201	206
206	204	223	203	207	232	204	208	233	203	205	233	202	209	231	203	209	228	205	207	234	205	210	232	203	206	233	200	200	222	201	204	220	203	205	219
200	200	209	201	200	214	204	204	217	204	205	215	204	207	216	206	204	217	196	200	218	203	206	216	201	204	214	200	205	206	208	202	202	203	199	205
201	204	201	203	200	212	201	204	212	201	200	207	202	206	215	202	206	213	204	204	213	202	203	213	201	204	214	205	205	206	202	201	203	200	204	202
204	204	227	203	213	265	210	216	266	211	213	262	209	212	261	208	211	264	208	213	264	207	213	262	210	214	256	206	209	224	205	205	225	198	207	223
202	204	211	203	201	238	200	209	236	205	209	238	208	209	234	202	209	242	205	210	233	207	208	238	204	208	234	204	203	206	203	199	207	200	203	206
200	200	205	201	201	233	205	211	235	206	207	231	202	209	232	205	207	229	204	209	233	205	210	233	202	205	233	202	211	205	203	202	201	200	202	204
203	205	225	202	206	244	202	212	241	204	208	244	209	210	243	204	209	245	204	211	241	207	207	241	206	208	243	206	204	215	206	207	224	204	203	225
198	202	210	201	201	222	203	205	227	202	208	219	204	205	222	201	206	224	205	208	221	205	205	223	207	210	224	205	203	208	199	203	209	205	205	206
205	205	205	201	204	218	203	204	216	204	205	220	199	202	215	199	205	218	202	197	214	203	203	217	206	202	220	201	200	208	202	202	205	200	202	204
200	204	212	198	203	278	206	216	279	211	214	280	205	215	274	205	219	273	206	220	279	205	215	278	206	219	275	210	213	203	205	201	207	205	204	200
202	201	212	203	204	289	207	217	298	209	219	292	213	222	293	210	218	288	210	220	290	208	220	298	212	221	288	208	212	212	203	207	208	193	204	211
201	201	209	201	201	247	205	206	253	200	209	246	204	204	248	208	205	250	206	206	247	202	212	249	205	211	249	205	205	208	201	201	208	201	201	206
201	201	205	202	202	233	202	210	230	201	207	228	203	208	230	206	202	231	204	205	230	203	204	230	204	208	229	205	206	203	204	205	202	204	203	207
206	202	205	201	201	221	203	204	218	205	205	217	203	205	221	200	206	220	201	202	221	203	204	222	203	207	222	202	202	207	204	201	207	200	201	208
200	205	209	203	200	222	207	203	219	198	207	220	206	205	220	202	206	221	210	206	217	207	205	226	206	208	217	202	201	213	201	202	210	202	205	211
201	203	212	202	199	217	202	204	217	203	205	215	205	203	217	204	201	216	201	199	217	198	204	214	201	201	216	204	206	208	201	200	213	204	204	208
203	197	206	204	199	209	204	206	208	203	201	212	200	211	210	203	202	210	207	203	212	202	203	208	203	204	210	204	202	199	201	199	203	204	199	200
201	201	203	202	201	211	204	204	211	202	204	209	204	204	212	202	202	213	204	203	209	204	204	211	202	206	213	204	203	203	204	201	207	201	202	206
201	206	209	201	205	216	202	206	220	205	206	223	206	202	223	204	206	219	202	204	216	198	205	216	208	201	218	204	206	208	205	204	208	202	203	206
203	198	199	204	201	229	201	205	232	204	206	232	208	209	226	208	206	229	201	203	236	203	204	229	199	206	232	203	205	206	198	200	203	201	200	200
201	200	208	204	201	220	204	206	220	201	205	224	204	206	218	202	206	220	205	206	219	203	207	220	205	205	219	203	201	205	200	200	203	202	202	204
201	205	208	200	199	217	203	201	216	198	204	217	202	208	214	199	201	217	206	201	216	204	202	217	206	204	216	204	205	209	202	200	205	202	199	206
201	203	207	202	199	218	200	200	219	202	209	218	203	206	215	202	205	222	204	201	215	204	202	214	202	206	219	202	210	210	202	206	207	201	199	206
202	201	210	198	201	216	200	203	215	202	204	219	205	206	213	204	205	209	203	203	217	203	204	214	204	204	211	201	206	205	203	203	206	202	204	207
202	203	206	202	198	212	201	205	212	203	205	218	198	203	209	202	207	210	203	202	215	201	207	211	204	206	215	201	202	211	202	203	204	202	204	206
196	203	208	201	206	209	205	204	208	195	203	207	200	202	216	202	202	210	201	199	208	200	199	210	198	202	211	198	204	201	201	202	209	203	201	205
201	201	204	197	201	207	204	202	208	202	207	205	203	206	208	207	200	205	202	203	207	207	200	212	204	201	209	198	207	206	202	200	202	201	205	203
204	206	202	202	201	216	200	204	209	205	203	215	198	203	213	200	202	214	200	203	217	199	201	213	206	204	214	205	198	203	203	206	205	201	204	206
202	201	201	197	201	215	204	202	220	201	200	214	206	203	214	203	206	216	203	205	217	205	204	220	201	201	216	205	204	201	203	203	202	195	199	202
201	202	211	208	205	224	203	205	220	203	204	221	206	206	218	201	205	220	205	208	220	200	205	220	204	208	219	198	208	208	204	200	212	198	206	209
202	200	205	202	196	211	201	201	212	202	204	214	202	204	213	203	203	207	203	204	203	204	204	211	201	204	212	200	203	203	196	203	202	201	200	204
198	199	199	202	201	210	202	203	214	201	203	211	204	203	212	203	207	208	198	204	208	202	204	209	201	206	211	200	201	207	203	203	205	201	203	207
199	202	214	202	208	215	204	206	217	200	207	222	201	207	215	203	203	218	205	208	217	204	206	220	201	204	217	203	205	209	198	201	214	203	205	215
207	208	222	203	206	224	202	213	225	200	206	222	204	204	225	204	205	229	204	201	232	206	207	223	204	204	224	205	204	224	203	200	220	202	205	221
204	203	212	203	204	217	206	209	218	202	204	220	198	206	220	205	203	220	203	205	223	198	204	217	201	203	217	200	207	212	196	202	217	202	207	212
204	199	207	201	201	209	205	206	207	199	205	214	204	203	213	201	202	209	204	205	209	201	205	212	203	202	207	201	200	204	200	197	201	198	199	205
201	201	203	203	200	206	203	203	207	203	205	208	203	203	207	197	203	208	197	205	207	200	204	204	204	199	211	201	202	205	198	205	203	202	200	204
202	208	223	202	205	229	203	207	230	206	206	228	203	208	230	200	205	231	201	208	228	204	209	226	201	210	234	204	204	224	201	204	223	204	209	229
202	200	204	202	200	210	203	205	213	201	198	206	201	202	210	200	203	206	201	202	209	206	202	204	200	201	206	202	202	199	203	201	203	200	199	202
203	201	202	199	201	208	201	202	204	200	206	206	202	204	210	202	199	207	205	202	203	202	205	209	204	203	204	199	200	198	204	200	202	201	203	198
202	202	202	204	202	210	202	213	211	206	201	214	200	202	212	200	200	210	202	201	211	203	200	208	202	199	208	202	200	206	196	202	204	199	206	206
201	186	199	201	202	207	204	207	206	204	197	208	203	201	209	202	202	208	204	198	204	199	199	204	197	204	212	202	204	207	201	198	200	201	199	196
205	202	212	203	204	218	205	204	218	202	205	219	204	200	215	204	205	221	203	204	220	199	208	217	203	206	219	202	203	214	206	205	215	204	208	215
200	203	211	202	198	212	204	203	211	203	202	215	204	202	211	203	205	212	204	205	212	200	209	211	204	204	215	204	202	201	199	203	207	200	198	208
202	200	202	202	203	210	201	203	211	203	204	208	204	207	211	203	203	206	200	203	211	199	205	207	201	202	209	201	199	202	199	199	201	200	200	206
208	208	228	205	209	239	205	207	236	204	209	235	203	209	239	208	206	233	205	208	238	207	212	237	205	210	235	206	206	234	205	209	231	207	210	228
201	203	198	202	200	205	204	203	209	206	201	204	201	204	206	202	204	209	202	204	208	200	202	208	202	201	207	204	203	201	201	204	204	199	201	199
200	204	205	200	199	209	201	200	207	200	201	207	208	202	206	202	204	203	202	207	206	200	202	209	200	202	209	204	206	201	200	201	202	200	202	205
203	213	226	203	208	233	201	210	231	206	207	229	201	206	229	204	209	234	204	209	234	203	206	232	203	202	231	205	208	227	202	208	223	202	208	224
200	203	205	203	202	218	205	204	222	202	201	227	201	206	226	205	205	224	204	205	222	203	202	224	205	204	223	209	206	212	199	199	216	200	202	210
204	205	202	202	197	217	198	208	225	203	208	229	204	207	225	203	205	226	202	204	230	202	209	234	206	207	228	201	205	208	200	201	204	196	205	207
200	200	200	202	202	216	201	203	215	202	206	211	200	204	212	204	206	219	199	206	214	201	204	215	200	204	213	204	203	196	200	200	202	204	200	201
200	200	202	202	207	220	204	202	221	203	203	218	204	206	216	201	202	219	204	201	220	202	204	218	203	202	219	206	203	203	200	203	199	204	204	202
200	203	209	202	202	232	205	209	228	202	207	228	207	206	231	204	206	231	206	211	235	205	207	231	205	204	227	200	207	205	202	203	202	204	198	208
200	203	213	204	202	414	221	244	413	220	238	408	218	244	414	221	244	407	221	240	412	222	246	419	222	240	413	219	228	210	200	202	206	201	201	206
204	199	230	211	227	1723	343	492	1751	345	483	1749	345	483	1739	339	488	1739	341	480	1727	345	490	1729	345	492	1733	345	395	208	204	205	203	203	201	201
203	199	225	206	214	1029	280	357	1027	294	355	1026	274	356	1033	280	353	1026	280	353	1029	279	361	1033	277	360	1029	277	309	206	197	204	213	201	200	208
199	201	215	206	208	650	243	287	664	242	291	649	249	292	656	242	296	664	249	288	663	242	300	655	242	293	665	245	261	202	202	203	205	201	207	205
203	200	212	204	206	478	231	257	475	231	254	480	229	256	488	227	257	473	225	252	478	228	256	475	228	252	483	228	235	208	199	204	216	198	204	208
203	202	209	206	202	324	219	224	329	213	224	335	214	229	330	210	227	324	214	227	332	213	226	327	217	225	330	211	217	211	202	206	212	203	201	215
205	202	209	201	204	233	208	206	227	204	208	229	206	208	231	201	209	227	202	203	230	201	204	223	207	206	226	201	203	208	202	201	207	200	202	205
200	205	213	203	204	224	209	206	223	201	207	225	203	206	230	206	206	222	207	204	227	206	206	226	208	206	223	206	203	217	199	204	210	200	205	217
202	202	209	204	206	223	205	209	226	201	206	222	201	201	228	204	204	221	202	203	222	199	206	221	203	206	222	204	202	210	199	199	206	204	201	209
206	204	217	207	203	239	202	208	234	207	205	232	197	210	234	208	206	233	207	211	234	208	209	237	207	204	234	200	208	216	204	205	214	202	204	217
197	203	205	203	203	232	202	210	230	207	205	233	203	206	232	205	207	232	209	208	232	206	210	233	203	208	234	203	206	204	199	202	206	201	200	205
201	205	211	202	203	438	226	249	447	223	251	439	225	250	436	225	245	437	224	242	439	225	248	441	227	243	445	224	226	212	202	206	213	200	201	213
202	199	207	201	202	371	217	241	376	221	233	386	217	232	380	220	234	377	215	238	382	220	235	375	216	240	379	217	226	208	202	204	205	198	203	207
204	201	211	202	204	312	212	223	311	212	222	320	212	224	315	210	221	318	213	224	309	211	223	318	211	224	311	212	214	211	204	200	212	207	203	215
199	205	209	198	200	273	206	215	266	208	217	270	210	217	269	210	213	266	204	213	265	210	220	271	211	214	269	207	214	209	202	204	203	198	202	203
204	202	211	203	202	252	201	207	245	207	211	250	207	208	251	203	209	250	205	210	245	208	206	245	207	208	247	207	206	210	204	202	206	204	203	207
202	197	198	201	201	210	202	203	212	202	204	211	204	203	212	202	203	209	198	203	208	202	202	207	202	203	207	204	201	198	202	201	201	200	198	200
206	201	207	204	201	214	201	207	207	202	200	213	200	204	211	201	199	214	202	208	215	202	199	215	209	203	212	201	204	205	201	199	207	200	201	203
201	198	211	198	201	215	201	204	214	204	204	221	204	207	220	203	204	218	199	204	219	202	208	217	201	206	216	204	205	209	200	206	209	205	200	210
200	202	200	204	200	212	201	201	207	197	201	212	201	199	209	204	198	209	204	203	211	200	202	211	202	201	212	197	199	205	201	201	197	198	200	202
199	199	203	199	204	209	202	203	210	204	203	206	204	199	213	204	200	210	202	204	209	200	199	209	199	208	207	203	203	206	200	203	205	201	202	203
204	198	208	202	200	210	202	205	209	201	201	209	202	204	208	204	202	211	208	206	212	205	202	213	199	200	210	201	202	206	199	201	206	205	201	208
203	207	206	203	203	205	200	203	203	205	202	204	201	199	205	202	201	207	199	204	207	195	201	206	203	199	206	204	201	206	201	201	202	203	198	203
200	199	200	200	205	202	204	202	200	200	202	201	199	201	201	204	204	200	196	198	202	199	203	206	206	202	203	203	203	202	205	199	201	200	203	202
203	203	199	203	198	212	199	203	208	202	204	213	200	202	214	202	208	212	199	204	213	200	203	214	199	205	210	203	202	203	201	204	200	199	203	201
202	199	199	200	201	215	200	202	209	199	205	212	206	200	212	198	207	212	199	203	211	201	201	213	207	203	207	203	200	203	205	201	204	205	201	203
204	199	211	203	202	217	200	206	217	201	206	218	200	203	216	203	203	220	204	204	219	202	205	219	202	209	218	204	205	214	199	201	211	204	201	207
201	205	211	207	203	211	206	207	215	205	203	214	202	205	218	202	204	211	201	202	216	200	203	217	203	208	212	202	205	208	201	202	210	199	201	214
205	200	201	203	204	210	199	200	212	202	199	210	201	202	198	202	207	207	204	204	209	206	201	211	206	204	210	204	204	205	199	203	204	201	201	205
204	201	210	202	206	216	200	207	210	203	203	212	204	204	214	204	206	214	202	202	211	200	200	211	201	202	217	203	204	206	204	205	209	201	203	209
202	202	221	205	205	224	201	208	223	203	209	224	202	209	223	204	205	227	204	208	223	204	211	220	201	210	226	202	206	217	199	206	218	202	203	220
200	204	208	201	203	212	202	205	210	200	202	211	204	205	210	204	203	212	204	203	213	203	206	211	205	203	213	194	203	213	203	201	209	203	202	207
203	201	203	200	200	201	204	203	208	198	202	206	202	204	208	206	205	204	199	199	207	198	199	206	204	207	205	201	201	204	199	198	203	202	198	204
204	206	236	206	207	231	207	208	234	203	206	234	205	213	236	205	205	235	204	213	233	204	212	231	206	206	236	204	207	231	201	205	236	203	208	233
202	201	204	197	201	209	203	204	207	201	201	204	197	203	209	201	202	209	203	205	205	202	200	207	202	206	202	204	205	205	202	203	203	201	205	206
200	205	208	203	203	203	200	204	212	203	205	212	207	197	208	200	202	213	199	205	211	207	200	211	202	205	209	202	203	208	199	199	207	203	206	206
203	200	202	199	202	208	205	202	209	203	201	206	198	200	209	204	201	206	200	201	208	201	204	207	199	203	209	203	199	206	202	203	203	198	202	207
203	201	199	202	199	205	199	202	204	202	194	207	201	203	211	200	202	209	199	204	207	205	205	206	206	203	209	198	200	206	203	202	203	202	203	206
204	203	208	204	202	211	202	202	211	205	205	211	205	205	210	203	198	212	198	201	214	203	204	207	202	203	209	200	199	208	201	201	215	202	199	206
201	202	210	197	202	209	202	204	212	202	205	207	200	204	209	204	203	207	199	204	209	202	204	212	201	200	213	199	203	211	201	202	209	201	201	207
203	202	200	198	201	203	202	200	200	203	203	206	198	201	205	206	200	200	201	206	203	203	201	204	205	200	204	204	199	199	196	202	206	202	200	204
203	200	209	203	204	210	201	201	210	204	203	210	202	200	209	202	204	209	203	202	209	204	203	208	201	201	209	202	200	206	201	204	206	199	201	210
198	204	199	203	199	201	204	205	202	199	198	204	201	203	202	202	199	203	198	199	201	200	201	209	204	198	203	199	203	199	199	201	201	201	201	205
203	203	214	201	206	215	202	206	213	204	205	217	201	203	216	202	204	215	201	203	216	208	207	218	203	204	214	202	205	216	202	201	212	204	204	214
203	199	205	200	203	210	203	201	208	200	205	210	199	200	207	205	200	210	201	203	206	207	206	209	202	204	209	203	202	206	202	198	205	203	203	205
203	202	209	205	200	209	202	201	213	203	201	208	205	196	210	202	201	208	202	203	209	199	199	211	204	205	213	207	201	207	203	205	207	203	199	210
199	204	210	205	199	207	203	202	210	203	203	213	202	205	210	202	204	210	202	201	210	200	202	210	203	205	213	203	205	209	201	200	212	202	205	213
207	200	203	205	202	210	202	204	210	206	203	209	198	206	210	202	201	206	202	208	207	205	202	208	202	205	207	199	207	205	204	200	205	203	202	208
198	206	210	200	202	208	202	202	209	200	200	205	202	203	208	205	204	209	203	202	207	203	204	210	203	201	204	202	205	206	202	202	209	204	202	208
199	205	204	201	202	201	203	207	207	203	205	199	200	203	203	203	203	204	205	199	203	203	202	209	200	197	208	200	202	201	201	201	200	204	202	201
204	202	204	201	202	211	198	202	212	203	204	209	204	202	211	202	202	208	200	204	209	204	201	210	202	202	213	197	201	203	202	198	207	200	204	207
203	203	204	200	204	212	204	201	206	201	201	210	202	208	210	199	206	208	202	203	205	203	202	209	203	203	205	201	206	204	202	202	208	203	200	203
198	200	211	201	202	212	201	200	210	200	201	207	203	201	208	201	200	206	202	205	214	205	206	212	201	197	212	203	201	209	201	199	208	202	202	206
200	201	202	203	199	206	203	201	207	203	201	203	203	198	204	203	201	206	200	202	203	203	205	201	198	201	204	201	204	202	199	194	202	205	202	202
200	204	202	200	200	220	203	202	217	198	202	219	201	203	217	204	201	220	202	203	223	199	204	219	203	204	216	205	206	211	201	198	203	199	202	203
204	202	215	204	205	276	209	214	283	214	221	278	208	216	278	207	216	284	209	216	280	210	217	282	207	219	274	209	217	211	202	202	212	200	202	211
201	204	208	200	202	264	205	205	272	204	214	268	210	212	269	202	215	269	208	213	265	208	212	270	207	208	269	207	213	208	202	203	211	204	204	209
203	201	206	201	205	243	208	213	250	204	209	247	202	211	247	206	210	250	207	214	251	205	209	249	204	207	248	207	209	204	204	200	209	201	200	204
201	202	205	205	202	235	201	207	231	206	212	229	209	209	234	201	206	232	202	207	232	206	203	234	208	208	226	203	202	200	204	200	202	206	202	205
202	202	213	201	197	232	203	210	226	199	205	227	203	206	228	203	209	227	207	212	229	204	207	226	202	205	226	206	203	209	202	204	214	202	205	213
199	202	204	200	201	210	202	203	212	202	201	215	201	203	210	204	203	214	199	202	214	202	201	208	199	202	212	201	198	206	200	204	202	208	204	211
205	205	220	199	203	226	202	205	218	200	205	223	205	206	223	203	203	226	203	208	223	199	208	224	204	205	221	203	205	218	206	205	220	201	202	222
205	202	210	203	202	214	202	204	216	200	202	215	202	207	219	201	205	219	198	206	218	206	206	212	204	204	217	202	202	211	203	204	210	203	201	210
202	199	206	200	200	208	200	200	212	203	204	209	203	200	204	203	203	208	197	203	207	205	204	204	204	199	209	204	201	207	204	205	202	202	204	204
205	205	217	203	205	219	199	202	221	205	201	217	206	203	217	206	206	217	202	204	218	201	209	219	203	201	220	198	205	216	204	203	212	202	203	216
198	203	199	199	203	205	205	205	203	201	204	204	201	204	206	200	201	205	201	199	206	203	199	204	204	202	208	202	205	203	199	202	204	194	201	204
200	200	209	199	204	209	201	201	213	201	205	207	203	207	209	201	204	212	199	200	212	200	204	211	200	202	207	205	201	208	208	207	211	202	204	210
201	203	209	200	204	215	201	204	212	201	201	215	201	200	211	204	202	211	204	198	213	204	203	213	201	206	218	204	209	211	203	205	207	202	206	206
200	201	204	201	203	211	200	205	208	201	200	207	204	202	211	200	203	211	199	205	210	201	202	210	200	202	209	200	206	204	203	203	201	202	203	204
201	197	203	205	201	207	205	203	211	206	200	207	203	197	209	203	201	206	199	201	211	202	202	212	202	202	210	203	204	203	200	200	202	200	204	206
203	204	210	199	204	215	202	205	215	206	204	217	204	203	213	203	202	211	205	204	216	202	205	219	200	205	215	204	203	208	200	204	209	199	206	210
201	206	221	202	204	216	203	207	230	206	206	227	203	203	225	196	208	229	207	205	220	204	207	225	209	202	236	204	205	224	203	208	219	201	205	217
201	203	206	202	209	209	201	201	207	203	200	211	202	204	208	202	203	208	203	203	208	201	207	206	204	200	209	201	203	205	201	205	208	200	199	206
204	202	215	203	199	217	208	208	217	200	207	219	200	205	214	204	202	217	203	202	219	202	200	217	203	202	219	203	202	215	200	204	214	204	205	214
200	203	207	205	201	208	200	203	201	198	201	204	205	206	208	200	203	210	204	202	209	202	202	207	202	204	207	204	204	206	200	201	207	201	204	205
199	206	206	204	202	210	206	206	207	201	203	208	201	203	206	200	200	208	202	205	209	203	201	210	204	204	206	203	202	211	199	201	209	203	204	204
201	206	215	201	208	214	199	210	218	207	205	210	204	205	214	203	202	219	199	201	218	203	203	211	202	199	221	202	203	212	200	202	217	205	201	215
200	197	209	207	203	207	199	202	207	203	203	212	203	199	212	199	202	208	202	201	212	204	206	208	204	203	209	208	201	207	204	203	209	205	203	209
203	206	201	200	201	200	200	200	205	199	201	207	202	203	207	199	203	201	204	203	202	201	204	199	204	201	196	198	203	201	203	202	200	200	202	199
202	201	211	201	208	212	209	203	211	203	203	213	204	205	210	201	202	214	201	205	214	205	203	212	201	202	212	201	202	212	193	205	209	204	202	206
201	203	206	200	200	205	203	202	210	203	202	202	206	205	207	200	205	209	203	203	205	204	202	207	201	203	211	198	203	208	203	204	206	202	204	207
202	203	212	204	201	212	204	200	214	203	205	209	206	204	213	206	203	211	204	206	213	207	203	209	202	205	214	200	207	213	204	201	212	201	204	211
202	203	214	207	206	211	203	206	207	198	202	210	200	205	210	202	202	212	204	204	215	203	205	209	203	203	214	201	202	211	204	202	210	199	204	207
203	200	210	206	199	206	203	202	207	202	203	204	200	201	209	205	201	207	202	202	211	205	203	203	201	205	208	203	201	205	204	199	207	203	200	203
204	203	206	205	202	207	201	199	210	202	199	208	203	202	211	202	201	209	203	207	212	201	202	212	201	201	210	200	203	206	200	202	209	197	201	210
204	205	209	204	203	211	199	204	212	204	203	211	201	203	211	202	202	211	202	203	214	203	202	214	205	207	207	204	203	211	199	206	210	211	200	210
200	203	204	200	201	205	201	201	209	199	203	205	202	205	208	201	203	209	198	198	210	205	201	208	200	199	207	203	203	206	203	204	209	201	203	206
202	196	212	203	204	213	205	203	211	204	201	212	198	203	208	203	203	212	198	205	212	202	204	208	203	205	210	202	199	212	200	201	212	204	201	205
203	201	200	202	201	204	199	206	206	200	198	205	204	201	204	202	199	206	203	203	206	196	203	203	202	203	200	199	200	203	203	202	200	202	199	201
\machine::top.usb650:setup:su_maj_r1
0
1
1
23.000000
\machine::top.usb650:setup:su_z1
0
1
1
-1.000000
\machine::top.usb650:setup:su_phi1
0
1
1
157.500000
\machine::top.usb650:setup:su_maj_r2
0
1
1
23.000000
\machine::top.usb650:setup:su_z2
0
1
1
1.000000
\machine::top.usb650:setup:su_phi2
0
1
1
157.500000
\machine::top.usb650:setup:su_ft
1
1
1
50mm, P1000-2-UV/VIS EOS00019, 727-733-2447
\machine::top.usb650:comments
1
1
1
relative to track.
\machine::top.usb650:framing:frm_int
0
1
36
100
200
1000
100
200
1000
100
200
1000
100
200
1000
100
200
1000
100
200
1000
100
200
1000
100
200
1000
100
200
1000
100
200
1000
100
200
1000
100
200
1000
