\machine::top.usb650:setup:su_pixels
0
1
1
651
\machine::top.usb650:framing:frm_n
0
1
1
36
\machine::top.usb650:calib:wve_spec
0
1
651
350
351
352
353
354
355
356
357
358
359
360
361
362
363
364
365
366
367
368
369
370
371
372
373
374
375
376
377
378
379
380
381
382
383
384
385
386
387
388
389
390
391
392
393
394
395
396
397
398
399
400
401
402
403
404
405
406
407
408
409
410
411
412
413
414
415
416
417
418
419
420
421
422
423
424
425
426
427
428
429
430
431
432
433
434
435
436
437
438
439
440
441
442
443
444
445
446
447
448
449
450
451
452
453
454
455
456
457
458
459
460
461
462
463
464
465
466
467
468
469
470
471
472
473
474
475
476
477
478
479
480
481
482
483
484
485
486
487
488
489
490
491
492
493
494
495
496
497
498
499
500
501
502
503
504
505
506
507
508
509
510
511
512
513
514
515
516
517
518
519
520
521
522
523
524
525
526
527
528
529
530
531
532
533
534
535
536
537
538
539
540
541
542
543
544
545
546
547
548
549
550
551
552
553
554
555
556
557
558
559
560
561
562
563
564
565
566
567
568
569
570
571
572
573
574
575
576
577
578
579
580
581
582
583
584
585
586
587
588
589
590
591
592
593
594
595
596
597
598
599
600
601
602
603
604
605
606
607
608
609
610
611
612
613
614
615
616
617
618
619
620
621
622
623
624
625
626
627
628
629
630
631
632
633
634
635
636
637
638
639
640
641
642
643
644
645
646
647
648
649
650
651
652
653
654
655
656
657
658
659
660
661
662
663
664
665
666
667
668
669
670
671
672
673
674
675
676
677
678
679
680
681
682
683
684
685
686
687
688
689
690
691
692
693
694
695
696
697
698
699
700
701
702
703
704
705
706
707
708
709
710
711
712
713
714
715
716
717
718
719
720
721
722
723
724
725
726
727
728
729
730
731
732
733
734
735
736
737
738
739
740
741
742
743
744
745
746
747
748
749
750
751
752
753
754
755
756
757
758
759
760
761
762
763
764
765
766
767
768
769
770
771
772
773
774
775
776
777
778
779
780
781
782
783
784
785
786
787
788
789
790
791
792
793
794
795
796
797
798
799
800
801
802
803
804
805
806
807
808
809
810
811
812
813
814
815
816
817
818
819
820
821
822
823
824
825
826
827
828
829
830
831
832
833
834
835
836
837
838
839
840
841
842
843
844
845
846
847
848
849
850
851
852
853
854
855
856
857
858
859
860
861
862
863
864
865
866
867
868
869
870
871
872
873
874
875
876
877
878
879
880
881
882
883
884
885
886
887
888
889
890
891
892
893
894
895
896
897
898
899
900
901
902
903
904
905
906
907
908
909
910
911
912
913
914
915
916
917
918
919
920
921
922
923
924
925
926
927
928
929
930
931
932
933
934
935
936
937
938
939
940
941
942
943
944
945
946
947
948
949
950
951
952
953
954
955
956
957
958
959
960
961
962
963
964
965
966
967
968
969
970
971
972
973
974
975
976
977
978
979
980
981
982
983
984
985
986
987
988
989
990
991
992
993
994
995
996
997
998
999
1000
\machine::top.usb650:framing:frm_start
0
1
36
0.000000
0.218750
0.640625
2.687500
2.906250
3.328125
5.390625
5.609375
6.031250
8.093750
8.296875
8.734375
10.781250
11.000000
11.421875
13.484375
13.703125
14.125000
16.187500
16.406250
16.828125
18.875000
19.093750
19.515625
21.578125
21.796875
22.218750
24.281250
24.484375
24.906250
26.968750
27.187500
27.609375
29.671875
29.890625
30.312500
\machine::top.usb650:raw_spectra
0
2
651
36
198	197	197	195	203	204	201	201	200	198	199	206	201	202	204	196	203	207	198	201	203	198	198	202	201	201	208	197	195	198	200	199	204	200	199	197
200	206	203	198	199	213	196	201	207	200	202	207	202	200	210	199	198	208	197	202	215	199	199	209	194	200	214	197	205	210	201	202	211	202	203	207
198	202	202	201	201	202	200	202	200	202	202	204	202	202	202	202	198	204	202	198	201	201	201	200	200	198	206	200	200	201	201	202	203	192	205	199
198	202	200	199	202	202	202	200	206	196	201	209	199	202	207	199	198	204	205	197	205	199	202	208	197	200	209	201	201	200	201	200	202	203	201	200
203	201	206	195	198	207	201	202	212	202	201	214	202	199	209	201	203	209	202	201	209	204	203	210	205	199	217	197	200	203	200	200	205	201	198	205
199	204	210	199	200	213	199	200	214	203	205	215	202	199	214	198	202	220	202	203	218	201	207	219	199	201	214	202	204	207	201	200	209	201	198	210
199	203	205	201	204	215	202	207	216	200	206	215	202	203	215	202	207	216	201	203	212	201	204	220	202	201	211	202	200	208	201	201	207	204	201	207
201	200	200	200	200	207	197	203	210	199	202	207	201	204	211	199	205	209	199	200	208	200	201	205	202	200	207	204	202	200	201	201	198	200	199	199
203	202	211	203	203	224	204	211	226	201	200	230	204	202	224	202	204	228	203	207	226	204	202	228	204	204	224	204	203	215	201	205	216	201	205	217
202	197	201	201	202	205	200	204	209	200	197	211	202	203	210	203	207	212	200	203	212	202	202	214	201	201	213	199	199	203	204	201	201	198	201	203
203	201	206	201	200	210	202	201	210	206	201	212	203	205	209	203	204	215	203	204	214	203	201	217	201	203	217	200	202	210	201	201	207	203	200	201
198	198	201	203	199	208	201	204	205	204	201	208	200	202	206	200	200	212	201	201	209	200	198	208	196	203	210	201	205	204	200	202	203	197	200	200
202	209	219	204	204	225	201	205	225	201	203	226	206	205	230	203	200	230	207	202	227	203	204	227	201	205	227	205	206	219	202	202	216	202	203	218
200	201	201	199	205	210	202	201	208	202	202	209	202	203	208	203	204	210	201	202	209	202	203	206	202	204	214	199	202	205	202	202	199	195	200	197
198	203	216	202	201	221	202	207	225	205	212	229	202	206	227	201	208	223	201	206	222	202	213	224	200	204	226	207	207	217	202	203	224	202	203	220
203	198	206	201	204	210	203	203	214	206	202	215	204	206	210	202	206	215	202	204	209	203	205	215	201	204	213	202	201	206	202	203	208	200	203	203
199	200	202	204	204	211	201	206	213	206	204	214	203	204	212	202	203	218	202	204	218	203	204	214	201	204	212	204	205	204	202	197	205	203	199	198
205	197	205	203	198	210	202	207	207	201	203	213	202	207	210	201	205	214	202	206	216	204	200	210	200	200	215	201	200	209	199	199	206	202	202	200
199	197	203	202	201	212	198	204	209	201	201	210	200	206	209	199	206	211	200	203	211	205	207	211	203	206	210	199	199	201	200	199	199	197	202	200
204	203	206	191	199	216	201	200	216	202	201	216	201	208	215	198	203	218	205	205	215	199	206	214	203	208	212	199	202	206	203	202	207	200	202	205
203	201	204	200	204	218	200	203	216	202	204	218	202	203	218	202	203	220	203	205	222	200	205	214	209	206	218	206	201	207	204	203	206	202	200	208
198	203	201	201	200	209	202	201	216	202	208	214	201	203	212	201	207	213	199	207	216	203	202	216	204	208	215	201	205	201	201	200	201	203	202	202
204	202	206	203	203	226	204	201	230	201	207	230	202	205	228	201	208	228	207	206	228	202	208	231	205	206	230	209	206	206	202	205	206	201	202	205
203	193	211	199	198	226	199	205	225	205	205	223	205	208	225	205	207	228	202	205	231	207	209	222	202	204	226	205	203	206	196	200	202	206	202	205
205	205	216	203	200	222	206	202	218	202	204	223	205	210	224	200	206	224	204	204	226	211	206	220	206	206	225	202	208	212	204	200	213	202	198	210
206	205	220	204	208	239	208	211	240	206	211	243	204	211	242	206	208	244	204	213	241	207	209	242	205	209	243	207	211	228	202	205	223	208	206	224
202	198	208	200	205	224	204	205	232	207	204	227	204	210	229	205	203	227	205	211	225	207	206	228	202	206	231	204	206	203	204	206	201	202	202	202
201	207	207	202	204	229	203	209	232	203	206	239	203	208	232	205	205	236	205	206	232	203	210	235	203	206	239	207	206	204	203	201	203	201	201	211
202	206	221	204	208	251	208	213	254	206	210	256	209	214	255	207	213	257	208	212	253	203	213	260	203	212	256	204	212	220	206	204	224	204	207	223
201	199	204	197	208	234	206	211	239	207	208	242	205	211	240	206	210	240	205	211	240	205	211	245	204	209	242	203	205	206	204	202	203	205	202	202
203	201	204	202	206	244	210	209	248	210	212	246	209	208	252	208	216	251	207	208	253	207	211	252	207	214	248	204	214	206	201	198	206	202	207	204
204	202	202	204	202	240	207	210	245	206	209	251	210	208	248	206	212	248	207	212	243	208	209	246	208	208	250	207	208	204	202	200	206	206	201	203
205	202	208	202	208	261	215	214	264	207	216	256	208	211	260	205	216	261	205	216	263	210	212	262	207	214	259	210	214	206	201	206	210	203	206	205
203	202	215	208	209	275	210	218	287	209	219	282	211	218	286	210	208	280	205	215	288	211	217	286	209	219	286	211	223	221	199	206	217	205	206	215
203	202	205	206	204	284	214	218	294	211	219	294	213	217	297	210	222	297	212	220	294	215	220	297	212	220	293	213	224	207	204	204	202	201	203	204
201	201	205	203	207	293	212	224	303	210	222	307	215	224	298	210	221	303	213	223	302	212	224	297	212	221	301	211	222	208	200	198	206	203	204	203
200	205	203	206	204	290	208	224	298	214	218	298	212	230	307	213	224	296	208	221	297	212	221	304	215	218	297	211	221	207	202	204	205	200	199	203
202	204	209	205	203	303	214	224	307	217	229	307	214	222	306	215	221	306	215	219	317	213	220	310	212	220	303	211	224	210	203	205	208	200	203	211
205	198	205	204	203	265	211	214	275	212	213	274	211	221	282	210	216	274	213	214	272	209	215	273	212	220	276	211	218	202	200	199	204	197	198	202
200	202	204	202	204	249	204	214	245	206	210	249	210	212	248	209	211	247	212	210	248	207	209	245	209	212	256	202	214	207	202	205	201	201	201	205
203	204	205	200	204	244	204	209	242	209	212	244	205	212	240	205	211	244	202	210	246	210	209	241	208	207	245	207	207	209	206	201	205	204	202	201
200	201	208	201	206	247	207	214	257	207	216	258	209	210	256	211	213	256	209	212	255	213	214	259	209	211	264	207	212	205	205	204	209	205	203	207
204	202	202	199	207	269	210	213	276	211	221	277	210	213	283	206	217	280	211	216	279	221	220	277	211	216	284	208	215	202	205	201	205	204	204	205
204	203	204	204	204	270	210	218	282	207	218	283	214	219	290	209	215	288	208	220	281	211	217	283	211	219	288	212	224	208	202	205	202	204	205	201
204	208	208	203	203	313	214	227	326	218	227	330	214	225	331	216	225	325	216	225	324	216	227	327	211	226	327	216	226	214	205	204	211	202	205	211
205	206	207	202	204	276	208	220	284	210	218	280	212	220	282	214	218	281	206	221	283	209	220	281	205	221	281	211	219	202	202	202	206	205	202	204
201	201	203	203	203	250	209	212	265	214	219	266	206	214	266	206	217	272	209	219	263	213	218	268	209	217	274	211	214	206	204	201	205	204	200	204
199	202	203	204	205	253	207	213	263	211	215	262	211	213	265	207	216	265	210	213	264	210	216	262	206	213	265	205	210	207	200	203	209	202	204	205
201	203	205	204	207	248	207	213	256	210	210	253	207	211	253	206	213	258	208	213	257	210	213	257	205	212	255	207	215	207	205	197	198	208	201	199
207	204	212	204	204	263	208	220	271	209	215	272	209	221	273	211	220	277	210	216	273	210	215	276	210	218	274	208	212	212	201	206	205	203	205	206
204	202	204	204	205	305	217	227	315	217	223	320	212	227	328	210	224	316	215	224	320	212	230	319	212	227	320	215	225	210	198	201	208	206	205	209
202	199	204	201	203	338	216	230	348	216	235	352	213	231	357	214	238	359	218	235	355	218	232	353	219	230	357	219	233	200	203	202	204	202	202	200
203	204	207	205	204	319	211	227	331	214	226	331	217	228	327	217	223	337	217	228	336	210	229	334	212	227	326	220	232	214	204	202	211	211	205	210
204	201	209	206	206	373	221	243	409	223	243	405	220	242	406	225	239	402	223	245	412	222	247	398	224	243	403	219	243	213	202	203	208	207	204	210
201	201	207	206	206	424	224	246	443	231	251	447	223	248	448	226	249	445	227	248	460	225	251	443	227	251	444	227	245	214	204	206	205	204	206	205
204	205	212	205	208	342	218	233	360	220	236	364	220	232	358	214	231	362	218	236	367	217	230	361	219	235	360	218	232	216	200	203	210	200	200	205
201	201	200	200	203	371	224	240	395	223	236	408	223	244	402	219	240	402	221	246	407	225	241	403	220	240	402	218	241	203	201	205	205	200	208	204
209	205	207	203	204	411	217	251	442	226	251	442	228	246	448	230	249	453	229	250	445	225	248	450	226	239	448	227	246	202	203	204	200	204	203	209
205	203	201	201	204	322	215	231	344	217	231	349	217	230	348	218	227	349	218	228	344	215	235	351	213	231	342	216	229	204	205	203	203	205	201	199
204	204	209	203	205	315	215	229	341	214	227	341	218	226	338	217	230	343	218	228	340	215	231	342	214	231	340	219	226	212	203	205	210	205	205	212
205	201	202	203	204	329	220	227	355	218	233	350	216	230	354	218	229	348	216	232	348	220	237	352	219	228	358	217	232	201	202	198	201	204	205	203
205	205	194	207	203	275	211	217	289	210	224	295	209	224	293	208	220	289	211	223	297	213	218	293	212	222	294	211	222	206	205	201	199	202	204	201
204	204	209	205	203	321	217	225	333	212	229	333	213	227	334	218	229	332	214	224	330	214	230	335	214	229	332	216	228	208	203	202	213	205	202	202
205	198	208	202	205	314	216	225	325	213	226	329	217	226	328	220	227	325	215	229	321	214	224	328	215	230	334	217	229	211	200	201	206	206	205	208
204	203	205	200	207	302	212	226	317	207	224	314	211	227	318	210	224	317	211	223	313	218	224	319	216	224	319	222	226	206	204	205	203	201	204	204
207	207	213	206	210	689	250	300	749	252	305	750	254	297	739	255	309	746	258	305	749	259	309	738	257	304	745	254	308	217	202	205	213	201	202	208
206	203	208	202	212	525	235	274	562	236	277	571	231	273	574	236	275	571	240	273	581	236	271	570	239	275	564	236	271	216	205	205	207	202	204	206
206	201	212	200	208	393	222	247	409	222	244	415	226	245	416	218	244	415	219	245	406	222	239	417	219	243	408	224	247	216	203	203	213	203	204	210
203	205	213	208	209	546	236	275	586	238	283	602	238	278	594	243	281	596	240	276	587	240	279	597	237	275	596	238	274	218	202	207	213	203	202	211
203	209	206	202	210	1276	317	422	1384	320	431	1409	317	426	1416	313	428	1414	319	424	1396	321	422	1399	316	428	1409	310	427	223	206	204	208	203	201	204
207	201	214	202	210	835	262	337	898	278	339	906	275	334	933	267	338	910	269	337	916	275	329	898	274	334	901	270	338	220	201	202	206	203	206	206
208	202	205	204	208	408	222	252	431	227	245	436	224	251	431	226	248	433	223	248	432	221	247	435	228	247	437	224	245	212	204	203	203	200	202	207
205	202	205	204	207	452	229	257	498	229	258	488	234	262	498	231	261	501	231	257	492	232	262	493	231	260	498	231	260	213	203	208	208	206	205	212
202	201	213	202	208	375	220	241	400	223	241	402	231	241	409	220	240	411	220	244	404	224	240	402	223	240	400	221	242	207	201	207	205	203	204	204
204	199	208	204	207	350	218	231	367	215	231	362	217	235	362	220	234	365	221	231	377	220	232	372	216	236	367	218	235	212	201	203	204	201	202	203
206	202	211	203	212	855	277	334	936	268	342	944	271	340	943	269	343	936	272	345	938	273	339	930	269	336	920	271	342	222	201	205	203	205	205	206
202	202	208	204	216	1056	288	380	1162	290	388	1179	291	385	1184	295	389	1182	304	387	1177	291	383	1173	294	383	1161	290	383	224	205	207	204	205	203	203
205	207	228	201	221	936	276	355	1028	281	361	1035	285	365	1043	282	361	1050	285	368	1030	283	359	1038	278	355	1033	284	356	243	204	205	223	206	206	225
205	202	205	205	210	512	234	271	553	238	275	554	235	269	553	238	277	555	237	272	553	234	272	556	232	270	555	239	269	215	208	201	205	210	206	206
200	204	206	207	210	560	240	281	604	243	286	593	243	284	602	236	282	610	241	285	595	242	280	608	237	281	610	239	282	217	203	205	206	204	204	204
204	203	202	203	209	482	232	259	517	236	264	521	234	265	518	231	259	518	233	264	526	235	268	512	234	267	516	232	266	212	205	207	204	199	200	205
203	202	202	203	206	365	219	237	381	221	236	386	223	243	390	222	239	380	222	239	380	216	238	381	218	237	392	218	240	215	201	205	205	201	207	208
205	211	230	204	212	560	243	283	606	234	282	616	244	276	630	246	284	617	243	280	615	247	287	615	238	279	611	244	285	242	206	208	229	205	210	227
202	203	212	208	211	792	260	323	872	263	341	891	272	330	879	262	334	874	270	333	879	271	335	896	268	328	882	272	336	230	202	207	215	205	204	215
206	205	211	204	217	2112	399	609	2446	404	620	2478	403	629	2494	401	632	2522	408	620	2503	411	635	2515	407	627	2518	416	637	230	199	200	212	203	206	208
203	205	205	204	210	1116	306	404	1287	310	409	1299	309	409	1297	307	416	1297	313	411	1312	308	412	1319	307	411	1304	310	423	220	205	199	207	204	208	207
207	204	214	203	206	678	251	310	754	262	310	751	258	314	768	252	305	773	255	315	755	257	314	768	262	309	763	257	310	224	201	202	215	204	202	216
209	215	243	208	214	576	250	284	641	243	289	643	247	294	655	250	286	649	244	289	638	246	293	653	247	292	652	243	289	252	204	212	247	205	208	242
207	198	210	202	212	428	228	255	470	227	260	460	228	250	469	228	248	470	225	258	466	223	253	461	223	255	471	227	258	213	204	209	206	204	202	213
203	203	208	207	208	604	259	289	670	242	295	680	251	295	686	249	298	693	251	297	681	248	292	694	249	293	685	241	303	217	203	203	203	201	201	206
205	207	213	203	212	501	237	273	554	237	275	565	241	275	566	238	275	560	241	270	543	236	276	566	234	270	564	237	274	214	204	206	209	200	202	204
206	206	215	211	210	487	235	273	543	234	276	541	238	268	551	234	273	558	236	271	549	238	268	545	231	264	549	237	267	222	201	204	211	203	204	212
201	202	204	205	209	1249	309	427	1453	319	437	1473	319	435	1500	321	434	1488	314	427	1449	324	447	1477	326	435	1472	317	442	220	205	205	206	205	206	202
200	205	201	202	206	699	262	312	779	256	318	798	258	315	815	261	314	797	261	319	795	259	317	802	262	312	814	259	320	215	205	204	206	202	201	205
202	205	205	203	207	398	220	244	434	224	249	428	226	248	437	224	250	441	224	250	440	230	249	433	229	247	434	226	252	209	205	201	203	202	206	203
202	201	207	205	208	298	214	222	311	209	228	320	213	222	313	212	224	319	213	224	309	211	225	312	216	228	314	214	225	213	200	208	207	202	205	203
203	205	213	204	207	294	215	222	303	215	224	300	214	224	304	209	224	308	212	227	307	214	223	307	216	227	310	213	223	216	204	207	210	201	204	213
203	204	205	206	203	377	219	242	400	220	240	395	220	241	408	221	243	407	221	241	404	223	242	405	224	241	401	226	239	209	202	206	209	205	203	203
202	205	205	202	209	353	220	236	382	221	242	376	219	236	380	219	239	381	219	236	378	220	236	381	217	233	379	220	237	214	203	206	209	203	205	209
204	201	208	203	207	319	216	232	330	218	227	326	214	229	335	212	224	326	221	227	326	216	233	330	218	224	334	214	228	209	201	212	209	202	211	208
202	204	208	200	207	449	229	254	474	230	252	465	227	249	469	228	250	465	230	255	462	231	261	473	231	247	468	225	257	212	200	201	205	202	202	206
205	204	207	206	207	440	227	251	462	224	252	468	227	258	462	228	255	456	226	253	456	225	251	464	225	252	454	228	257	219	203	208	206	203	203	213
203	201	203	202	212	376	221	238	394	222	243	399	221	242	401	223	240	399	218	242	398	223	241	401	224	241	409	223	240	210	207	206	203	203	206	202
205	203	202	205	208	391	223	242	415	223	241	415	225	241	423	227	243	419	225	244	418	220	237	412	226	242	427	222	245	219	198	197	207	199	206	210
203	203	208	201	209	611	243	296	685	242	296	683	249	300	681	244	299	694	248	299	676	247	292	684	248	296	683	244	296	224	203	200	210	205	204	208
205	204	210	205	211	427	224	255	460	225	255	470	229	256	466	227	251	467	228	253	464	223	255	463	224	256	465	228	257	219	200	204	211	202	206	207
207	203	213	204	214	380	221	241	402	223	244	402	223	240	400	223	245	406	223	243	412	226	243	393	221	240	408	222	246	218	201	204	212	201	206	209
198	201	207	202	211	521	240	274	563	236	275	582	235	276	582	242	273	575	242	270	583	235	276	577	239	274	578	235	278	222	204	206	209	204	205	209
205	202	210	206	212	874	271	347	981	275	351	1002	274	352	985	275	350	996	277	351	975	278	355	996	279	351	999	273	357	223	204	206	206	203	205	211
198	206	206	207	211	649	256	307	731	256	310	735	254	304	741	252	309	735	257	304	741	262	305	748	256	304	745	256	308	213	200	204	202	202	202	205
204	201	204	204	216	1241	307	419	1430	319	433	1450	318	436	1465	315	436	1484	319	438	1443	321	436	1432	320	425	1460	315	433	229	208	203	211	204	204	208
203	203	209	204	209	772	265	332	878	270	331	878	268	334	886	266	342	898	272	329	882	270	331	895	268	332	898	271	332	220	208	209	205	203	204	204
201	205	213	204	211	477	226	260	513	234	264	518	233	260	519	243	268	528	235	265	526	233	267	531	233	267	522	236	267	220	205	201	210	202	206	209
206	204	207	202	212	363	215	237	382	216	241	386	222	242	391	222	238	387	218	240	387	222	242	389	216	237	384	223	241	216	199	201	211	202	204	213
205	208	214	204	211	328	214	229	343	214	231	344	215	224	343	215	232	341	215	228	347	215	231	341	217	233	349	218	224	213	200	203	213	203	205	211
208	207	232	209	220	569	241	279	614	242	282	616	244	280	627	237	282	625	241	280	612	243	282	620	238	282	609	243	283	242	206	207	236	207	210	234
207	205	228	204	215	424	225	253	452	227	250	448	222	252	443	228	252	455	226	249	449	227	247	453	224	253	457	228	251	241	205	205	236	204	208	232
206	205	205	203	208	322	215	231	341	215	229	343	220	226	339	215	229	347	216	228	342	214	231	343	213	229	344	215	231	214	201	203	204	202	204	203
205	201	209	208	211	307	209	228	323	215	222	324	212	224	326	215	223	324	210	224	323	218	228	324	217	227	321	209	223	210	201	204	206	202	206	208
204	202	210	202	209	344	217	235	359	218	236	359	217	230	362	216	233	355	218	230	360	217	234	355	220	231	357	218	234	217	203	208	207	203	206	211
204	204	211	200	208	352	218	234	374	213	234	375	219	235	373	220	233	370	219	234	378	221	234	366	219	234	370	218	234	211	204	204	204	201	204	203
202	207	203	201	205	325	216	228	351	216	233	346	216	234	352	218	229	352	215	232	348	217	233	350	210	228	351	218	233	212	203	204	203	198	202	205
204	204	206	200	209	584	251	287	655	250	296	653	243	292	657	247	290	660	248	286	655	246	292	659	245	292	659	248	288	216	206	204	207	200	205	209
203	198	213	204	206	648	248	300	733	253	308	752	252	314	744	257	311	752	259	309	735	258	304	761	253	307	751	254	317	219	201	207	208	200	205	206
202	205	212	203	210	419	224	249	446	226	250	455	227	256	461	229	250	447	228	250	455	230	251	455	229	256	454	222	253	221	205	205	213	206	202	215
206	204	210	203	211	385	220	240	404	226	242	418	221	242	414	223	243	405	227	244	407	224	244	408	218	248	405	225	241	214	197	205	204	206	203	211
201	201	206	205	209	711	256	313	785	266	313	796	261	316	807	256	317	820	266	312	783	261	316	799	256	315	795	263	313	216	203	200	205	203	201	208
200	206	206	202	207	413	220	247	450	227	252	449	227	252	447	226	246	445	223	251	445	227	249	444	225	252	450	225	253	214	200	208	209	204	203	203
201	203	206	203	208	315	214	228	329	214	224	326	215	225	337	216	223	333	210	232	329	214	231	325	213	227	331	215	226	213	202	204	203	205	203	199
204	201	204	202	205	338	221	232	362	218	233	371	219	232	377	221	231	372	222	239	370	217	237	364	219	234	371	217	238	209	200	203	202	203	204	204
201	204	208	204	214	1459	338	464	1692	339	483	1695	348	473	1727	340	482	1702	357	485	1718	353	483	1731	345	490	1731	343	487	222	204	205	207	206	209	210
201	203	210	204	205	639	250	303	727	251	306	728	250	304	732	251	304	735	258	302	712	261	305	738	256	307	725	252	305	217	205	204	206	203	204	205
203	199	208	201	208	393	224	243	422	225	248	422	225	242	423	222	241	419	223	247	418	224	249	426	226	244	417	224	246	215	202	204	207	202	203	205
204	203	205	200	210	320	213	230	337	220	227	338	215	229	333	212	223	339	217	228	331	214	226	338	215	228	339	215	229	217	203	209	208	205	200	207
206	202	209	206	204	529	238	270	606	237	282	605	244	285	602	237	277	606	239	272	600	237	285	606	240	277	609	241	284	218	203	202	211	203	203	206
207	206	206	198	210	512	238	267	552	233	269	549	234	274	548	240	275	563	237	272	551	237	277	547	231	278	568	233	272	216	202	203	209	203	201	205
204	204	214	199	213	524	230	270	572	238	279	565	238	275	571	238	279	571	240	271	572	237	278	583	239	274	573	237	273	228	202	203	213	205	204	210
203	200	204	201	218	2022	387	579	2318	394	606	2335	398	593	2363	394	600	2373	405	597	2356	399	603	2376	401	593	2371	396	594	229	201	204	206	206	200	205
200	202	208	201	217	1589	350	498	1823	355	501	1848	362	510	1863	353	512	1870	362	505	1854	353	505	1878	360	509	1887	351	514	228	201	206	209	205	207	204
205	202	208	202	215	739	261	322	815	265	331	828	260	325	823	261	324	825	262	323	813	263	325	830	271	324	836	263	328	224	203	207	210	203	208	209
203	205	212	199	213	441	226	257	473	231	259	484	229	256	483	230	256	477	231	257	483	226	258	482	230	257	483	230	261	222	204	201	215	204	201	204
201	202	208	205	214	360	218	238	380	220	238	384	220	236	389	218	238	381	218	240	389	222	237	385	221	236	385	219	238	216	203	204	209	201	207	204
203	202	216	199	209	366	219	243	389	217	238	397	219	242	394	219	238	392	223	240	393	219	236	395	221	239	387	223	239	226	201	202	218	201	210	212
204	206	219	202	207	435	228	258	465	228	256	465	227	255	466	227	255	464	228	256	475	232	257	464	235	249	465	231	251	223	204	204	215	197	204	216
201	203	209	201	211	336	217	235	370	218	233	371	217	231	366	220	232	363	220	235	361	215	235	372	215	231	362	223	234	212	204	206	202	205	200	209
203	201	201	203	206	347	215	231	377	218	236	367	223	236	371	219	231	368	220	236	360	217	234	370	211	235	367	221	238	214	203	201	204	202	203	206
202	204	214	198	211	613	245	289	683	251	297	682	251	298	690	246	293	702	245	295	683	248	295	684	247	293	694	246	298	228	203	202	212	207	206	217
203	204	204	205	214	426	225	249	458	230	250	462	227	253	458	231	252	463	227	257	464	228	257	462	232	259	466	228	249	211	203	201	205	204	200	200
193	201	205	202	209	348	220	233	369	214	230	364	214	234	366	222	235	357	217	233	360	221	230	360	218	232	363	220	236	215	205	203	206	202	204	205
203	203	203	206	211	331	212	227	351	219	232	345	217	230	350	216	231	353	215	230	341	215	229	348	217	228	346	216	232	214	202	204	203	198	202	207
204	201	206	202	212	524	237	266	577	240	276	576	239	274	582	240	275	581	238	281	574	239	275	584	237	276	579	235	274	212	200	204	203	200	206	203
202	203	206	202	208	673	249	303	759	257	309	752	251	311	756	250	308	758	259	313	750	261	313	756	256	308	759	256	308	214	205	200	203	201	206	206
202	202	208	201	206	431	222	251	462	225	260	476	230	248	478	226	251	468	229	261	477	230	255	473	229	257	462	230	253	216	199	202	207	199	201	208
203	200	209	202	213	353	221	233	371	218	231	375	220	236	370	220	234	375	219	238	377	221	237	375	223	233	377	218	231	213	202	199	204	204	202	209
208	204	214	203	212	402	221	245	425	226	246	423	224	247	434	218	248	427	219	249	422	221	249	420	222	244	426	224	241	228	202	203	212	203	204	217
201	201	205	200	215	479	231	263	519	234	264	523	238	264	520	236	259	528	232	262	526	237	264	522	229	266	516	236	263	220	200	202	212	200	202	206
203	206	211	202	215	534	235	276	580	240	272	586	239	275	590	242	278	582	243	277	584	241	276	589	243	275	597	240	283	224	203	207	205	203	205	211
202	201	215	201	214	458	229	254	502	231	258	493	230	258	485	230	263	503	235	257	491	230	256	493	229	267	502	233	259	230	204	206	214	202	205	209
203	203	207	203	215	417	229	249	452	225	251	452	224	252	448	227	250	467	225	252	452	223	250	446	231	249	457	223	251	221	202	201	208	204	206	212
204	202	210	203	211	381	219	248	409	222	240	406	220	242	408	224	241	402	220	242	403	220	244	406	222	246	409	220	243	220	202	204	207	202	205	207
202	204	211	198	210	341	218	232	357	215	234	364	219	233	361	218	235	354	218	235	356	218	233	363	217	230	365	216	236	219	204	204	208	201	203	209
203	207	212	202	215	346	221	237	375	220	232	368	217	234	362	219	234	366	217	236	361	219	232	365	215	235	367	217	233	222	205	198	214	204	205	211
202	205	209	200	211	346	216	232	366	218	237	358	220	233	362	220	231	368	217	232	368	217	235	360	222	234	363	220	230	220	208	205	210	207	201	207
202	203	205	204	212	365	223	238	397	219	241	394	221	236	394	224	237	396	218	238	391	222	242	390	221	237	389	224	237	216	203	201	202	203	200	207
205	203	205	205	209	598	241	289	660	243	287	664	243	290	670	240	292	663	248	294	664	245	288	665	250	287	656	250	296	213	203	201	199	202	199	198
200	206	207	206	207	476	231	261	510	228	258	522	232	263	520	234	264	518	233	262	515	233	258	512	233	262	511	230	264	219	201	205	203	201	199	208
203	203	207	206	208	505	232	267	536	234	265	536	234	262	531	232	268	533	233	271	521	232	266	528	235	265	533	232	269	218	201	207	206	199	205	203
202	201	208	204	210	378	219	243	400	214	243	393	218	237	392	218	238	401	222	240	392	221	242	391	218	235	399	224	239	213	201	205	205	205	202	207
199	202	204	204	213	520	235	268	549	235	271	562	232	274	565	236	268	561	237	270	560	236	270	562	235	271	556	235	269	216	203	201	205	202	205	206
206	205	213	202	211	429	228	249	446	226	249	452	224	250	450	227	252	447	227	259	444	225	249	441	219	251	455	225	250	219	202	205	210	206	203	211
201	206	218	203	211	349	218	235	354	216	233	354	219	236	359	213	233	359	219	230	349	217	231	361	222	231	354	216	226	220	199	203	213	199	199	211
200	202	209	200	206	367	221	229	385	222	236	385	213	237	392	221	239	391	219	240	388	218	235	391	219	240	388	217	238	215	203	204	208	202	204	208
205	201	210	205	210	421	230	248	445	226	247	444	225	250	441	224	247	436	220	246	438	226	243	441	219	246	442	228	249	220	203	201	213	202	206	214
202	201	203	205	207	329	215	235	347	216	226	344	214	228	348	215	228	350	215	230	345	216	230	347	206	226	350	217	231	213	203	201	204	203	202	201
203	198	199	200	205	335	215	233	354	216	229	350	214	235	353	217	225	355	215	228	344	216	236	351	216	227	352	216	232	214	203	200	203	204	202	203
205	203	214	203	205	414	221	237	440	225	244	429	224	245	426	226	251	432	223	250	432	225	247	434	222	251	433	224	245	224	203	205	213	204	207	209
201	206	224	202	211	356	217	235	362	216	233	369	220	232	372	216	233	367	218	236	366	215	237	367	219	231	373	221	234	227	205	206	222	204	205	216
201	202	205	203	210	315	211	228	327	215	227	332	214	226	328	212	231	331	212	229	328	211	226	326	219	228	325	217	229	210	198	204	208	203	206	206
205	200	207	203	211	333	216	232	354	217	227	341	214	232	348	214	232	339	214	231	353	220	231	350	214	229	345	215	226	215	200	201	211	201	202	206
202	206	219	203	208	313	217	228	336	216	225	322	215	224	329	212	224	328	215	221	329	214	227	326	213	226	325	214	231	223	205	204	216	205	205	216
200	206	206	201	208	300	217	217	315	213	224	320	212	225	317	212	226	321	217	221	309	210	226	313	216	222	316	212	224	212	204	202	205	204	202	205
203	203	204	202	209	313	216	229	331	209	230	328	215	227	327	213	232	330	219	224	332	209	230	334	213	227	334	218	229	209	204	200	204	196	201	206
202	207	206	201	209	327	215	226	344	215	229	338	217	226	340	212	229	341	214	227	349	212	229	340	215	231	340	213	230	213	200	206	203	203	208	207
199	202	203	201	209	339	214	229	361	218	230	357	212	233	353	217	230	351	215	229	351	220	231	351	216	229	352	216	228	209	204	203	201	204	202	204
200	203	204	200	215	348	219	239	375	225	232	370	220	235	379	218	235	371	217	237	372	215	232	371	217	236	374	222	230	210	203	204	201	202	200	203
201	203	208	207	213	372	218	235	390	227	239	394	221	241	395	216	238	391	219	239	390	220	241	394	219	237	389	212	238	226	202	205	207	199	203	207
201	201	207	203	209	359	214	241	375	219	234	373	218	238	382	215	234	371	221	234	381	222	233	381	218	231	377	220	236	213	199	200	203	204	201	204
203	204	206	202	209	371	223	241	385	220	237	391	217	241	397	220	239	392	217	238	392	227	242	390	222	238	390	222	235	217	204	203	204	201	202	202
206	204	208	204	208	350	216	235	364	219	228	363	218	236	368	211	232	362	215	237	368	215	230	369	213	234	370	220	235	217	206	204	207	204	203	209
200	203	206	200	208	351	220	232	363	219	235	365	216	236	364	216	229	364	215	232	368	213	232	366	218	233	367	216	233	213	201	200	204	200	200	204
200	203	206	203	208	344	215	236	358	215	235	358	216	234	361	214	230	352	217	232	353	218	235	359	214	238	355	214	232	211	204	206	209	203	203	205
202	202	201	200	208	364	217	233	384	219	236	384	218	234	390	221	239	385	221	236	382	217	241	389	217	235	381	222	234	213	200	199	203	203	200	204
201	206	210	205	210	413	229	246	445	223	247	429	224	247	445	224	250	439	226	248	443	224	247	434	224	243	437	225	250	217	203	204	211	203	202	209
203	202	209	202	209	363	217	231	376	219	236	375	223	236	381	218	238	382	222	233	375	220	234	379	220	243	382	216	234	222	203	206	211	204	204	207
206	204	211	206	209	417	223	248	443	226	250	442	229	248	444	226	246	437	223	248	440	225	248	441	224	246	445	223	250	221	201	202	212	199	200	207
199	200	207	200	210	495	229	266	541	234	272	540	230	271	548	236	265	534	232	269	534	237	267	539	233	260	541	228	269	219	203	201	207	202	204	204
200	200	208	203	214	411	225	242	442	229	249	437	221	249	431	224	246	431	224	246	437	222	246	437	227	245	431	223	245	221	202	200	209	200	206	208
206	206	227	201	215	408	225	244	439	222	253	447	223	247	431	225	245	438	222	247	439	220	245	434	221	249	438	226	244	231	201	205	218	202	206	217
202	202	203	205	208	358	218	234	373	218	232	381	220	233	376	217	236	373	217	235	371	220	235	378	215	238	367	217	235	214	201	201	204	201	200	203
203	200	202	202	209	681	254	304	734	252	305	733	248	303	741	251	302	744	250	305	738	254	309	731	256	298	738	249	308	213	204	208	199	197	203	202
200	203	202	200	214	565	239	285	606	245	278	613	243	278	605	241	277	610	245	279	606	246	279	606	245	276	607	233	280	217	200	199	199	203	202	206
203	203	210	202	211	414	221	247	443	230	254	438	222	248	440	225	252	446	222	245	436	226	247	447	224	246	443	222	244	220	198	202	205	204	204	212
197	201	202	204	210	381	218	238	401	222	242	405	223	239	400	221	239	399	221	243	396	219	242	396	221	241	404	219	240	213	203	204	200	203	205	207
200	201	200	197	211	352	217	234	371	216	238	370	220	234	373	217	234	373	219	231	375	214	237	367	219	234	368	218	235	212	201	200	199	201	204	200
204	202	207	200	208	337	217	232	351	216	229	351	217	231	354	213	229	360	223	230	349	216	236	360	219	231	355	215	229	214	201	199	206	203	205	209
203	206	204	202	210	505	230	270	537	233	268	539	233	267	537	230	268	540	239	270	531	233	271	543	237	263	544	229	269	216	201	198	204	203	207	202
204	203	216	202	213	600	243	286	643	244	289	645	251	293	641	244	287	634	245	290	648	242	292	639	244	279	648	249	285	224	202	200	212	199	204	212
200	203	205	201	206	513	234	265	549	234	269	535	238	268	547	241	270	553	236	267	542	238	268	545	234	271	537	230	275	217	196	204	208	201	202	206
198	202	206	204	206	367	218	236	378	222	237	373	221	234	375	222	238	378	217	231	372	217	240	383	224	239	378	217	233	212	202	202	202	202	199	204
199	202	206	199	209	355	217	234	372	216	232	374	218	237	362	219	236	366	217	235	365	218	235	372	215	235	374	221	234	212	201	203	203	200	200	207
202	208	218	204	211	522	234	266	558	236	269	564	233	271	562	236	266	552	236	272	555	236	269	557	234	272	551	232	273	231	201	206	218	200	207	222
199	202	208	203	210	420	226	254	448	224	249	452	226	251	457	224	251	454	226	250	449	226	250	454	226	251	458	223	247	216	205	207	206	202	200	207
202	203	200	202	207	343	218	231	360	218	231	362	218	234	359	221	228	361	222	235	362	220	236	360	218	236	362	219	230	211	204	203	200	204	201	205
199	203	207	204	203	319	212	225	326	214	227	335	210	228	329	210	225	322	212	226	326	212	224	327	209	225	328	215	222	214	200	205	204	199	203	203
201	203	206	199	207	358	219	238	369	217	229	381	223	234	382	218	240	378	216	234	374	218	237	383	218	236	376	218	236	211	206	201	207	200	203	205
200	201	206	202	206	475	229	257	508	225	256	511	231	262	507	228	263	505	230	264	495	231	259	501	229	260	506	229	262	214	207	206	209	200	204	207
201	206	210	200	207	379	220	243	391	220	236	396	221	237	392	226	238	386	221	240	388	225	239	398	220	239	383	216	232	219	205	204	211	199	201	205
202	205	224	202	208	357	218	241	374	218	238	377	220	230	374	218	236	383	222	234	368	220	231	378	217	235	373	216	235	233	204	205	225	207	204	227
203	203	204	200	210	377	220	246	401	225	237	406	220	237	397	219	242	397	219	243	395	221	236	404	216	245	404	217	238	220	200	206	208	207	199	208
200	200	204	200	207	379	221	241	386	219	240	387	219	239	390	226	244	396	223	238	401	221	238	392	217	234	400	214	241	210	200	203	200	203	201	205
204	211	251	205	213	378	220	239	398	219	241	388	220	240	395	222	238	399	218	241	402	223	239	387	220	240	396	215	240	261	208	210	250	204	211	250
207	215	271	204	222	384	218	234	392	221	244	392	216	241	381	221	238	389	220	237	393	222	235	391	217	238	393	220	239	284	208	214	270	208	212	273
204	205	209	202	205	298	211	221	308	217	226	308	210	224	308	213	225	306	212	225	307	210	225	312	208	225	306	212	223	220	203	204	207	199	207	210
206	206	227	203	213	354	216	232	370	220	232	360	219	234	365	217	233	366	213	232	365	221	230	373	216	230	363	217	231	229	203	208	227	203	204	225
205	204	224	203	211	427	221	252	446	231	248	456	227	252	446	227	251	438	230	252	441	226	246	444	226	249	444	229	248	229	204	205	222	205	204	218
205	206	209	203	210	326	210	226	332	211	229	334	210	227	333	215	226	332	216	225	334	217	232	333	218	225	322	216	230	216	205	203	210	201	200	208
201	199	206	204	204	295	209	225	305	216	221	307	211	223	301	208	221	301	215	222	302	209	220	311	213	219	305	210	223	210	202	203	206	203	203	206
200	199	203	204	210	357	215	232	371	219	238	373	217	234	370	218	232	365	217	236	364	215	226	370	215	235	370	218	238	211	201	202	205	203	202	203
202	201	204	199	208	321	217	226	339	213	230	331	213	225	336	216	229	332	214	232	330	218	221	332	211	227	333	214	221	209	198	201	204	202	205	203
204	202	209	203	209	314	210	224	322	217	225	318	216	222	324	216	218	324	214	224	319	215	222	319	211	225	318	214	226	215	205	205	209	201	200	207
202	202	207	200	207	326	212	231	337	212	226	341	215	230	331	215	229	333	217	229	327	214	226	339	218	229	334	211	230	209	205	198	203	206	193	202
203	203	207	201	205	282	210	222	306	209	218	303	210	220	302	210	222	294	210	218	295	210	220	299	211	217	298	213	223	210	200	206	206	205	199	208
206	198	212	201	205	281	210	217	285	211	217	289	211	218	286	208	217	292	210	218	287	208	218	285	210	218	285	208	219	212	204	204	208	203	206	210
201	206	210	199	208	342	216	231	365	213	238	369	219	232	365	219	230	363	223	233	359	217	234	356	217	234	360	216	230	214	202	202	209	203	207	208
202	207	210	200	208	313	212	227	328	213	229	322	213	228	322	216	220	326	216	229	323	213	223	324	210	229	324	214	226	212	205	202	209	203	200	206
202	203	208	201	205	290	209	220	300	209	219	301	209	221	300	209	222	295	209	220	295	210	223	298	212	222	299	212	218	216	203	202	208	201	201	208
206	203	213	203	208	324	216	226	336	213	225	335	212	232	331	217	230	330	205	224	327	215	232	331	212	229	331	206	222	216	206	209	213	201	200	212
197	203	207	203	204	305	214	229	318	211	225	321	217	221	319	212	225	318	214	220	316	214	224	317	214	227	315	212	227	218	202	205	209	200	205	204
203	199	207	203	207	440	229	253	473	228	257	471	225	256	480	228	255	480	230	254	470	227	254	476	225	247	476	226	254	214	200	203	202	206	203	204
198	202	207	201	209	554	241	279	593	237	276	589	241	275	586	234	277	596	242	276	581	238	277	586	233	279	598	238	271	216	201	202	203	201	205	208
201	205	204	201	203	354	217	235	372	218	231	370	211	233	368	219	232	379	216	229	366	215	231	362	213	237	368	217	235	211	202	201	207	200	201	205
202	197	207	200	210	446	223	247	456	226	253	464	225	250	460	228	254	459	225	253	461	226	251	448	228	252	459	223	250	219	203	202	208	202	200	208
199	201	203	200	209	381	219	240	381	221	240	391	219	234	383	218	236	388	221	237	386	217	232	374	220	233	384	219	233	208	203	202	204	202	202	200
200	201	206	200	210	417	223	249	450	223	249	440	226	246	437	226	247	447	225	247	442	223	244	439	225	242	446	225	248	215	203	197	204	204	202	204
204	201	205	201	213	359	220	235	380	218	224	372	220	229	370	220	234	364	219	237	379	220	234	374	220	232	374	212	237	211	199	203	206	203	202	207
200	202	198	196	206	294	207	221	303	214	221	304	213	223	310	210	218	307	215	222	302	213	220	302	210	218	300	214	222	206	204	206	200	200	200	196
198	199	208	199	210	284	207	220	289	210	220	289	210	215	291	211	220	293	212	219	294	211	220	290	207	220	300	208	224	211	204	201	209	202	203	207
199	202	212	201	209	318	215	222	326	213	224	331	215	228	336	214	228	328	214	227	326	215	225	332	215	228	326	210	228	214	200	202	205	204	205	207
203	200	218	206	207	329	212	226	339	215	228	339	212	225	339	218	229	340	214	228	340	214	229	339	213	226	343	216	230	219	204	202	211	201	202	211
203	202	212	200	207	363	216	235	373	217	237	374	215	232	370	215	240	373	216	232	368	215	234	370	217	239	372	220	237	220	201	201	216	205	205	208
199	200	206	203	209	351	218	233	368	216	239	373	217	237	372	221	236	368	220	234	370	221	235	363	220	232	367	217	232	209	200	204	199	204	201	200
205	206	207	199	210	352	216	235	378	223	238	370	217	238	373	216	236	378	221	235	371	216	232	375	220	237	377	224	238	218	204	203	206	205	205	203
204	204	204	202	207	384	228	242	410	222	243	390	223	236	403	222	240	411	222	248	403	224	242	397	217	238	402	220	240	206	202	205	200	201	200	200
200	200	210	202	215	1219	307	410	1361	305	422	1367	307	419	1353	304	416	1378	307	411	1350	307	417	1365	311	409	1348	310	414	233	200	207	215	202	207	212
201	202	202	200	211	923	276	356	990	276	356	1007	279	359	1015	279	356	1017	281	353	1005	277	355	1016	284	360	1005	277	355	223	201	201	204	198	203	203
199	205	210	201	214	584	241	288	644	242	293	637	247	287	648	244	286	635	245	288	648	247	280	629	243	284	648	243	294	220	201	198	206	201	204	214
202	201	205	200	207	502	234	262	529	234	265	542	236	265	537	228	267	537	228	267	539	237	269	535	225	263	533	231	264	212	204	199	208	203	203	206
198	202	206	201	211	318	215	230	340	214	228	339	219	232	338	209	229	339	211	228	338	212	232	343	216	229	340	211	227	213	199	203	191	201	200	204
200	201	203	196	203	279	210	219	291	205	213	293	214	215	289	209	216	288	211	214	285	215	220	291	205	219	289	212	214	211	201	202	206	199	202	204
201	202	204	200	201	299	213	222	321	214	222	320	213	222	317	212	225	317	214	228	312	209	227	313	212	222	318	212	226	208	200	202	205	199	201	204
207	199	202	202	208	432	226	253	460	229	249	463	228	251	465	223	254	462	234	256	459	222	254	458	231	247	454	224	248	207	202	200	206	203	203	201
203	205	211	199	205	526	236	273	564	235	275	571	238	275	567	241	277	574	240	276	577	237	274	571	236	270	570	241	273	217	199	205	207	206	199	207
203	205	208	200	207	443	228	253	478	230	253	475	225	254	473	224	253	480	227	255	472	231	258	482	225	255	476	230	259	214	199	202	209	201	201	207
201	208	218	207	206	336	214	228	350	217	228	356	214	229	353	217	225	358	215	231	346	214	231	353	220	235	359	216	230	222	200	206	216	200	203	216
200	204	205	201	203	345	218	233	363	215	235	359	214	233	364	217	231	366	213	228	356	215	232	363	215	232	366	215	234	210	202	200	204	198	201	203
199	202	203	201	207	369	219	232	381	223	237	395	219	238	382	221	236	393	214	240	384	219	232	385	220	239	383	215	239	208	202	203	212	204	201	199
202	196	205	208	205	321	211	223	341	214	231	348	216	229	344	217	231	347	216	228	347	215	229	344	211	230	344	209	224	212	203	198	205	202	204	207
203	199	201	201	207	580	241	274	623	237	286	602	244	280	618	240	284	629	237	281	622	239	285	624	235	284	604	244	290	209	199	203	202	200	202	204
202	208	226	201	207	404	222	244	418	225	242	418	221	247	428	221	250	427	223	242	427	222	244	430	221	246	421	221	243	231	201	203	224	205	206	220
202	205	207	204	209	287	210	221	299	210	218	298	213	223	296	212	220	299	210	221	299	209	220	296	206	219	298	211	219	211	200	204	203	201	206	210
202	200	206	205	208	278	214	216	285	210	215	289	211	216	286	207	215	290	205	217	290	207	217	287	208	215	279	208	218	210	197	201	204	200	201	206
206	203	217	204	211	395	223	242	421	222	243	418	220	247	415	220	243	415	222	242	414	220	241	415	224	242	410	222	246	224	206	207	218	202	204	223
203	206	204	204	205	352	215	234	368	216	235	367	215	232	372	221	237	374	216	241	372	216	238	372	219	232	373	218	233	214	206	199	211	202	200	207
200	203	205	201	204	285	206	218	283	212	213	287	210	216	290	213	221	293	213	218	290	211	226	286	212	214	288	208	219	207	196	201	202	204	202	210
201	202	203	200	206	329	215	230	339	216	231	346	215	228	349	215	231	349	213	228	339	215	230	348	219	230	343	214	229	209	201	204	202	202	210	204
199	201	202	198	207	328	214	229	339	216	231	349	215	232	342	217	235	346	217	233	345	217	230	353	216	228	338	217	226	216	202	200	201	201	200	203
202	202	203	201	203	297	212	223	307	210	222	309	215	222	312	210	227	308	216	222	313	213	221	303	209	222	305	215	225	210	198	202	201	205	201	202
202	202	202	204	198	288	211	220	289	212	221	295	210	219	296	209	222	300	210	219	293	207	217	290	211	219	300	208	216	209	203	202	197	204	202	203
201	206	209	205	206	297	206	217	306	214	224	307	211	221	308	210	217	306	206	218	311	212	218	310	211	222	305	209	219	215	204	204	208	203	201	211
204	205	217	202	210	335	215	226	350	219	228	346	219	228	343	215	225	341	214	225	344	213	232	345	213	228	343	216	234	227	202	201	215	203	205	219
199	203	201	202	203	388	220	243	403	222	240	411	220	239	409	221	240	411	220	247	404	222	242	408	219	240	403	219	241	205	198	202	200	203	201	198
198	204	212	201	206	404	218	242	429	224	243	423	220	239	421	222	244	429	224	240	425	229	243	433	221	243	419	222	243	215	202	205	208	199	203	212
203	202	205	199	208	294	210	221	302	210	223	303	208	218	303	210	227	302	209	218	303	210	222	306	211	221	308	208	219	206	199	202	201	202	202	206
198	201	210	202	205	275	209	217	276	208	219	279	205	215	289	208	215	280	210	223	283	206	217	278	208	213	282	207	215	218	199	203	210	201	203	210
204	204	207	200	209	256	208	216	267	208	210	268	205	214	267	208	211	268	207	217	264	210	214	264	211	213	263	207	216	214	201	202	205	204	201	209
202	205	214	201	207	259	207	216	269	204	213	274	203	216	275	212	215	267	209	214	270	210	214	270	207	216	271	207	212	215	206	207	213	210	206	214
200	203	214	196	207	283	210	223	282	210	216	292	208	215	289	207	224	287	208	215	286	210	217	296	208	221	288	211	217	226	203	206	214	200	205	216
200	200	206	201	204	300	210	222	312	211	221	313	212	225	316	216	220	318	215	223	301	217	223	316	214	225	315	209	223	210	203	200	205	202	203	206
203	207	214	201	207	303	212	223	316	214	220	315	214	220	313	211	215	309	214	227	314	211	222	322	213	226	316	212	226	215	203	206	207	200	204	209
201	205	204	204	207	300	215	223	314	211	225	310	209	222	310	213	223	311	213	225	318	213	219	311	211	227	312	208	219	210	202	204	203	203	201	202
203	207	221	204	205	317	215	228	323	213	227	317	209	224	319	212	226	322	211	226	321	217	226	321	216	227	320	214	221	228	206	204	220	202	205	221
203	202	207	207	209	387	222	242	406	217	240	408	219	244	407	224	239	404	223	241	410	220	240	403	219	242	410	219	238	215	203	200	209	200	203	206
201	200	206	202	206	556	241	279	595	237	280	584	239	278	596	230	275	599	236	277	593	244	275	596	242	278	596	231	277	216	202	201	205	201	200	206
198	206	207	203	207	344	212	230	358	218	234	356	216	233	356	215	235	364	219	232	359	218	231	359	213	229	361	212	232	215	202	202	209	208	204	205
204	200	209	200	208	290	208	215	296	208	219	294	207	219	296	212	220	301	210	220	300	209	219	304	210	215	299	208	223	212	200	201	208	200	206	208
202	204	209	201	209	278	212	217	286	207	210	287	209	215	289	209	213	282	206	216	281	202	220	281	209	213	282	205	216	210	197	202	207	201	200	205
209	202	216	206	206	299	210	219	307	210	219	312	210	219	302	211	225	301	212	227	310	210	220	308	209	222	307	210	220	228	200	205	224	203	204	219
200	207	201	197	209	294	212	222	303	209	219	305	209	220	298	214	222	305	208	221	301	214	216	296	210	223	302	210	219	213	201	202	201	204	203	206
201	200	201	197	205	287	212	220	301	212	222	301	215	222	305	213	224	305	211	222	303	208	221	297	210	224	298	210	220	207	201	203	201	203	199	201
199	200	208	203	203	283	213	216	292	209	217	289	212	219	299	210	217	292	211	220	290	210	218	287	209	223	290	208	217	213	201	202	211	203	208	205
204	200	202	202	207	258	211	214	268	209	219	272	208	212	271	206	211	267	206	212	268	210	218	272	208	214	271	207	216	206	201	201	203	202	198	201
202	202	203	204	207	261	205	212	264	208	210	268	206	214	267	205	215	261	209	216	270	207	212	266	206	213	268	209	219	207	196	203	203	203	202	200
201	200	207	200	205	261	210	214	262	203	215	267	209	213	265	207	205	264	210	211	269	207	211	263	208	216	266	209	213	205	202	200	208	201	201	203
199	198	201	202	201	256	208	212	263	208	215	262	206	211	268	204	209	265	206	213	268	209	213	268	209	212	263	208	213	205	200	203	200	199	199	202
200	206	212	203	206	304	212	223	318	213	227	312	213	221	316	212	224	309	209	226	312	215	221	305	212	224	310	213	225	214	201	197	216	201	203	211
195	202	211	205	204	276	210	223	282	210	219	277	208	219	283	211	217	286	207	217	281	210	214	280	209	219	282	206	216	211	201	201	205	198	203	206
199	203	211	201	212	502	233	267	550	234	269	543	230	264	547	237	267	543	231	268	548	236	267	548	237	264	541	235	267	223	201	207	209	199	204	204
201	204	211	199	211	459	227	256	495	228	265	499	231	262	493	231	261	489	230	260	494	229	259	495	229	262	484	227	257	218	197	201	204	199	203	205
200	204	212	203	208	312	213	225	323	215	226	328	213	228	326	219	219	332	210	224	322	212	230	332	208	226	321	213	226	216	199	204	211	200	204	211
203	204	211	205	206	266	209	213	265	207	223	266	206	217	277	207	215	267	213	210	267	206	215	266	206	214	270	208	217	212	199	201	208	204	204	210
201	201	208	198	203	289	210	217	293	210	217	289	208	221	295	209	219	294	213	216	287	213	222	298	206	219	294	209	221	212	200	204	207	204	198	204
201	204	206	200	201	291	212	216	303	206	222	302	211	220	302	213	219	298	209	217	304	205	221	302	209	225	303	216	220	210	197	201	207	203	201	210
201	204	200	204	204	248	206	213	249	204	210	252	201	210	252	208	211	255	208	212	248	206	208	255	205	209	253	211	212	203	200	201	200	198	203	203
200	201	199	203	203	234	209	209	241	206	208	242	207	209	239	204	208	243	206	201	243	206	205	243	205	209	244	204	207	203	202	199	196	202	201	199
206	211	239	204	212	387	222	243	409	221	238	413	224	249	411	222	245	411	223	242	414	222	245	413	220	247	415	212	241	248	207	210	240	210	211	246
198	204	206	199	203	356	216	241	385	217	238	387	223	234	388	215	238	388	221	237	381	221	235	399	219	239	393	222	239	216	202	203	211	201	205	213
200	202	203	201	207	304	216	223	317	211	221	324	212	223	315	211	224	316	210	225	311	215	222	316	216	222	318	210	222	210	200	201	202	204	203	207
200	205	216	199	208	313	210	224	320	212	222	313	209	225	317	209	228	316	208	221	316	211	223	319	219	225	320	210	226	217	203	202	219	203	209	216
204	208	227	205	204	369	218	234	379	219	234	380	218	235	382	218	239	379	219	232	378	217	236	384	219	235	382	215	234	227	204	208	227	202	204	227
202	199	205	202	204	327	211	230	343	212	231	341	212	226	346	211	230	347	218	229	344	213	228	347	213	227	347	213	233	206	203	202	204	203	200	207
197	195	201	203	203	271	208	218	280	214	212	278	209	217	283	208	217	280	204	214	281	208	218	278	210	222	277	202	215	207	200	202	200	199	200	203
200	200	202	200	208	244	203	210	257	206	209	255	208	208	255	208	212	257	204	216	249	206	208	257	209	217	257	202	213	206	201	207	202	198	201	204
200	200	205	198	201	263	207	215	266	209	212	268	209	215	265	205	214	267	207	212	271	208	211	261	204	211	266	208	214	205	197	200	200	208	203	208
203	204	209	202	206	258	208	210	268	208	216	262	204	213	262	204	211	268	214	214	253	207	218	265	209	213	258	205	215	214	205	203	207	199	202	210
195	201	203	202	206	249	204	216	248	205	205	256	202	215	252	203	212	249	206	211	250	208	210	253	207	209	255	206	208	207	200	203	201	203	196	204
200	207	206	203	209	544	239	272	591	238	278	589	239	276	591	238	277	596	245	275	593	242	276	586	235	273	587	239	271	212	202	204	206	202	204	207
204	203	213	203	208	630	247	295	682	248	294	683	249	297	679	253	292	683	250	299	666	248	290	667	245	289	670	244	290	221	198	204	205	202	202	211
201	203	208	201	201	358	215	239	376	219	235	373	217	237	379	217	230	371	221	238	368	218	237	367	220	236	380	219	233	213	200	208	204	205	202	203
203	201	203	202	200	257	206	214	266	204	215	267	211	213	270	206	213	267	209	214	267	204	212	267	211	209	264	206	212	207	200	198	204	204	203	209
203	198	201	205	202	238	200	203	240	203	207	242	203	205	245	203	210	250	205	206	245	203	204	249	207	211	242	208	209	205	201	199	205	204	201	205
203	208	212	201	205	242	208	206	243	203	211	245	205	212	239	203	211	242	204	210	239	205	210	242	204	207	239	202	207	214	202	206	210	203	202	212
202	207	228	204	209	259	208	212	260	206	212	256	208	213	259	208	210	257	206	210	261	207	212	257	204	210	254	210	210	226	200	208	225	202	205	226
203	209	230	204	209	274	207	218	274	212	216	269	208	214	273	209	215	270	211	218	269	206	216	270	207	219	271	208	215	235	204	205	232	204	213	236
201	204	208	204	204	250	208	214	254	204	211	256	210	211	256	204	213	252	204	213	254	203	211	251	209	209	251	209	205	211	200	203	209	199	200	206
202	209	244	206	209	276	207	215	282	207	219	280	209	215	278	211	219	283	205	221	281	210	218	284	208	215	285	211	213	247	208	208	242	205	209	245
204	206	237	202	210	270	207	213	275	206	212	271	211	212	275	207	214	276	207	215	274	203	214	274	213	215	276	210	215	236	204	209	237	204	209	237
201	202	200	200	206	242	200	213	248	207	214	253	208	209	255	208	204	254	205	211	254	210	212	247	202	209	255	205	206	203	202	203	204	203	201	206
201	201	202	203	206	456	227	256	489	228	259	483	230	259	490	225	256	489	227	258	489	225	254	484	230	258	487	228	258	210	203	202	204	202	204	202
201	199	204	196	202	431	223	249	459	223	250	458	224	252	455	228	250	470	229	247	456	225	253	442	225	249	455	230	248	212	196	200	201	197	202	200
200	197	205	203	207	382	222	233	400	217	237	392	223	239	398	218	241	403	220	243	386	221	240	395	222	236	390	217	237	210	199	203	209	198	204	205
202	198	202	205	203	274	206	217	283	209	218	281	210	216	285	209	217	284	206	218	285	213	217	284	207	217	283	209	218	205	200	197	200	201	199	205
204	205	210	206	204	257	205	219	267	203	216	261	207	212	259	206	214	255	207	213	257	208	212	263	206	212	253	210	211	216	200	200	209	203	205	213
204	202	207	202	202	248	204	215	254	206	212	254	203	208	254	204	214	253	207	213	255	207	213	252	207	213	254	204	210	209	197	200	205	201	199	205
198	202	205	201	205	263	204	216	264	205	213	265	204	214	265	207	212	267	208	217	262	207	211	269	212	214	272	203	213	207	205	203	202	199	201	202
203	201	199	203	200	418	219	241	441	228	244	438	224	249	440	225	245	443	223	250	445	228	246	445	228	248	438	220	245	205	203	203	205	200	204	201
199	203	198	201	205	345	216	235	368	217	232	359	219	232	357	215	226	360	216	225	361	220	230	357	216	230	362	215	234	208	202	199	200	202	198	202
199	202	212	198	203	601	242	291	651	245	292	647	240	287	639	246	285	659	246	297	655	243	285	652	245	286	642	239	289	219	197	204	214	202	207	205
205	204	224	206	220	1946	370	550	2147	378	571	2148	376	560	2171	378	555	2133	382	546	2116	378	554	2124	368	549	2129	380	551	259	204	207	220	205	208	224
200	200	207	202	205	692	252	310	740	256	305	747	251	302	749	253	310	749	256	310	741	255	306	753	252	311	737	252	307	220	200	200	212	200	203	208
205	199	214	198	208	370	219	239	391	216	220	383	219	237	387	219	240	390	217	235	388	221	238	388	214	240	387	217	237	213	204	203	210	204	204	211
201	201	201	200	201	271	210	215	285	210	214	287	206	215	287	209	217	288	206	214	286	207	216	279	213	216	282	214	214	209	201	204	201	202	202	202
199	204	201	199	203	256	203	212	263	207	211	256	202	211	256	203	215	257	204	213	256	206	211	258	208	215	264	211	215	207	202	202	204	197	201	204
200	204	199	198	203	253	205	214	259	208	206	256	209	211	261	205	211	256	205	214	254	206	213	257	206	210	260	209	214	204	207	201	207	199	204	205
202	204	207	202	203	526	235	276	560	237	272	566	232	274	566	236	277	560	234	277	565	233	268	565	235	269	557	238	271	217	199	199	209	198	207	207
199	199	208	198	203	449	225	253	485	226	259	488	226	254	489	229	256	481	225	255	479	229	258	492	232	256	476	225	256	215	203	206	208	201	205	212
204	202	207	202	206	307	211	221	319	210	223	325	215	219	316	215	228	319	212	226	313	208	224	317	212	222	322	217	222	207	205	202	204	200	202	204
198	200	211	200	199	280	216	213	285	208	221	288	209	217	283	211	218	287	211	219	283	210	216	295	206	219	288	207	219	207	198	199	209	196	205	205
202	200	204	206	212	1333	320	442	1461	320	431	1477	316	442	1478	317	442	1479	316	431	1461	313	437	1479	312	435	1482	313	435	226	204	197	202	203	203	204
192	204	201	202	204	663	249	303	697	252	300	702	250	299	700	252	303	709	254	306	687	253	300	706	251	293	706	250	298	209	200	205	203	196	200	201
200	202	211	203	203	367	215	242	395	217	235	399	218	237	397	226	239	393	225	241	391	221	237	386	222	239	388	218	235	218	201	198	212	203	199	213
202	203	203	202	202	249	205	212	249	203	210	252	205	212	251	203	212	253	207	210	254	208	211	255	205	213	254	206	211	207	203	200	201	200	199	203
203	200	204	203	200	287	208	220	298	212	221	294	208	220	296	211	219	308	218	218	297	210	218	301	209	222	300	208	218	201	200	200	202	201	203	201
198	200	208	206	203	256	208	214	261	209	215	267	205	213	271	209	214	264	208	214	267	207	213	272	206	211	271	205	215	209	200	199	210	200	203	213
199	198	202	202	205	258	206	216	268	205	209	266	209	213	266	204	213	268	206	214	261	207	214	263	207	212	262	205	217	202	201	199	206	201	201	206
205	204	206	198	207	244	208	212	246	206	210	252	207	207	247	209	206	252	206	209	253	208	211	251	200	208	254	207	212	208	200	204	205	202	205	206
203	201	206	200	207	383	219	239	405	219	238	403	220	239	408	219	240	406	218	241	404	223	241	404	218	239	403	221	243	214	199	202	207	203	205	208
203	193	204	200	202	319	216	229	342	214	224	344	213	226	343	215	225	340	216	231	338	215	227	337	211	224	335	215	228	207	200	204	203	205	203	205
198	199	200	204	205	268	209	213	283	206	217	279	200	212	272	208	216	280	207	217	272	213	216	271	210	210	277	206	216	210	203	200	205	200	202	208
203	197	210	202	201	235	208	209	243	205	209	240	206	205	241	205	209	242	208	208	239	203	208	236	208	207	243	206	207	202	204	198	205	200	203	204
200	200	206	199	201	226	206	203	230	203	207	230	202	205	229	204	204	230	205	206	232	198	207	231	202	203	230	204	204	205	203	202	202	199	202	206
198	201	210	200	206	237	206	207	241	206	204	238	203	210	239	211	206	240	203	208	237	203	209	235	201	210	240	203	210	212	202	203	207	201	199	210
204	199	203	199	206	302	210	216	305	218	224	308	212	222	301	213	220	302	211	217	304	208	224	309	209	220	299	213	223	211	203	203	204	201	205	203
203	199	201	200	199	257	206	214	267	211	213	264	203	216	266	203	215	269	210	211	269	205	213	269	208	212	269	207	217	207	201	202	204	201	202	209
201	206	209	202	202	258	205	213	264	206	212	259	207	215	257	207	212	259	207	212	262	209	215	264	206	213	256	208	216	215	202	202	211	201	206	209
205	202	215	205	205	254	206	211	261	207	210	258	207	209	260	207	214	264	206	210	259	206	210	263	206	210	262	209	214	216	202	200	215	203	205	212
211	216	293	210	224	338	213	227	345	216	227	339	212	230	345	213	227	344	218	226	338	216	229	348	216	230	349	217	230	300	214	220	294	210	218	302
203	201	194	201	201	242	206	209	247	203	210	245	206	207	247	205	212	243	204	209	243	204	207	241	207	211	245	203	211	200	203	203	199	204	202	202
203	201	204	202	204	370	220	238	397	215	241	391	219	235	386	222	234	390	219	239	385	219	239	376	218	231	380	213	237	207	201	204	202	200	203	202
200	203	211	201	207	527	235	269	560	235	277	554	237	275	564	235	274	563	237	275	565	241	275	564	238	271	565	238	273	220	203	199	212	203	201	212
201	200	204	204	202	322	209	227	340	210	228	335	214	228	339	214	228	340	213	226	342	210	229	339	216	228	333	218	228	203	202	202	204	205	201	208
199	205	205	201	200	258	205	214	261	208	216	263	207	216	266	208	216	266	209	213	265	206	215	272	206	212	264	208	211	208	203	201	211	201	202	205
202	200	214	204	206	263	207	213	275	206	216	272	207	215	272	205	211	273	211	213	273	210	211	271	209	218	273	206	217	218	202	205	214	199	204	213
202	204	205	201	204	285	211	221	300	213	220	297	210	221	303	206	221	300	208	221	295	210	223	301	209	216	297	208	219	205	204	202	205	201	200	209
202	204	206	206	203	256	206	208	257	208	209	253	208	216	249	207	211	262	206	207	260	207	213	257	206	208	255	200	215	213	200	201	204	202	201	205
205	201	212	202	204	245	207	208	246	205	213	249	208	211	245	205	213	248	205	210	248	206	209	246	207	212	249	205	212	216	202	201	206	202	205	211
203	202	212	202	200	293	206	214	306	212	219	305	208	220	303	209	222	307	214	216	302	210	220	303	210	220	304	213	218	208	198	204	203	200	197	206
199	202	202	201	208	407	224	247	428	225	249	443	224	249	433	226	246	438	227	246	433	218	242	430	223	242	428	218	244	207	197	205	203	199	199	203
202	204	204	199	207	498	229	262	541	237	267	532	234	263	529	233	269	531	229	267	526	233	263	535	230	260	528	235	264	216	198	200	206	203	201	205
200	204	203	199	207	966	278	359	1041	288	361	1056	281	361	1065	279	367	1066	284	364	1043	284	367	1049	280	363	1052	274	371	220	202	202	201	202	199	202
200	202	213	204	215	1801	358	525	1992	367	542	1979	369	539	2034	358	531	2007	370	538	2003	364	530	2001	357	532	1998	364	531	245	199	201	210	203	205	216
196	204	206	202	210	728	259	308	782	255	315	781	254	315	790	259	317	799	257	315	769	260	312	773	253	316	785	259	314	220	205	204	204	199	205	209
202	202	200	200	204	384	227	243	415	225	238	407	221	244	415	218	240	403	217	242	419	224	242	409	220	242	409	218	243	208	200	203	204	202	201	199
201	203	210	205	206	288	213	222	297	212	221	303	213	214	308	212	219	301	208	224	293	212	218	301	212	219	301	213	223	211	200	201	208	204	203	207
197	202	208	203	204	285	206	224	300	214	217	295	212	217	296	210	216	300	210	219	296	204	224	295	211	216	296	211	216	206	200	198	209	203	197	206
201	200	200	203	208	339	217	228	355	217	229	356	215	235	356	212	232	356	217	232	354	216	225	353	217	236	351	213	228	203	203	203	204	203	200	203
208	208	250	206	213	320	212	227	328	213	226	331	212	229	332	210	223	334	211	222	332	214	227	329	213	223	324	217	225	253	207	209	252	206	210	250
200	203	197	204	202	236	202	210	237	201	211	248	204	206	247	207	210	238	204	214	245	205	206	244	202	204	243	204	210	197	199	199	201	198	197	201
198	200	200	203	206	235	205	212	240	199	215	242	208	212	242	200	214	242	209	208	239	205	207	235	206	209	240	205	207	199	202	200	203	201	203	201
201	201	206	201	202	246	203	213	248	208	209	248	204	210	245	203	207	247	200	211	254	207	210	247	203	208	250	208	213	203	202	201	206	199	201	207
201	201	204	202	206	290	208	219	304	211	218	297	210	221	298	212	223	299	210	221	303	211	221	298	213	216	300	208	217	210	199	200	204	201	200	210
201	202	204	202	205	879	270	339	951	267	339	943	266	337	957	270	346	963	270	343	948	276	345	949	270	339	957	270	332	216	205	203	202	197	204	203
200	200	202	202	233	4118	645	1128	4081	656	1145	4084	650	1147	4082	654	1153	4084	653	1133	4086	669	1138	4089	645	1130	4087	658	1143	290	205	203	200	204	202	202
202	198	199	201	233	3521	533	888	4033	547	910	4044	547	896	4077	536	897	4052	542	915	3986	535	903	3989	529	878	3985	534	894	268	199	203	201	199	201	196
201	198	205	203	210	1414	322	450	1542	322	453	1548	326	450	1542	329	451	1552	325	459	1526	318	443	1528	323	444	1541	324	452	230	202	198	207	203	200	202
200	200	203	202	202	519	231	268	544	235	273	553	232	266	556	233	273	560	236	272	553	236	270	547	233	271	548	231	266	210	201	200	205	203	201	204
206	201	208	201	198	284	206	216	284	211	219	289	209	219	290	213	217	287	210	216	289	210	216	284	207	218	283	213	218	205	200	203	206	204	200	202
202	198	201	201	205	247	201	213	244	206	212	251	204	210	249	197	211	247	202	205	245	202	208	244	204	210	246	206	209	209	203	200	210	205	204	205
201	205	214	203	204	248	204	214	249	205	206	247	204	212	248	208	208	248	205	207	251	207	208	252	209	207	248	206	208	211	200	205	212	201	203	210
201	203	219	203	214	258	205	212	259	206	214	255	203	217	260	207	211	251	209	211	260	208	211	260	207	212	253	199	214	220	200	205	218	204	203	220
205	210	220	206	208	252	208	212	262	204	214	266	205	216	261	209	208	258	206	213	264	209	216	260	208	216	264	208	215	228	204	202	226	203	203	225
203	203	212	205	208	249	207	213	259	205	216	262	209	214	259	208	214	259	203	211	263	206	212	258	207	213	259	206	208	213	202	201	213	205	205	209
205	202	204	201	200	240	208	210	249	208	210	247	205	210	242	207	205	242	205	208	243	202	213	244	206	208	241	205	205	204	202	201	202	200	201	202
201	202	208	200	207	273	207	215	278	207	212	271	206	213	280	208	216	273	207	216	277	210	213	276	209	215	276	212	212	215	204	204	214	203	202	216
205	208	235	208	208	562	236	278	584	237	274	573	237	278	579	236	274	578	234	283	579	242	276	582	235	277	563	236	284	244	201	208	232	203	213	237
205	202	202	198	262	4096	931	1717	4096	941	1788	4095	952	1770	4095	946	1749	4096	951	1745	4096	954	1751	4096	944	1735	4096	943	1740	354	202	202	205	202	198	203
201	202	205	199	225	4092	511	816	4114	515	839	4115	512	839	4115	506	831	4116	525	835	4112	506	840	4115	513	823	4115	507	823	271	201	201	210	204	205	207
201	202	199	198	211	1264	303	418	1398	310	419	1396	311	419	1390	316	424	1406	311	414	1379	313	425	1375	312	416	1391	310	425	225	196	199	201	199	198	202
199	203	206	200	199	415	224	244	436	226	249	438	222	247	436	225	241	435	232	249	431	222	246	433	225	247	429	223	248	210	203	204	205	202	201	204
201	199	208	205	199	264	208	212	268	207	210	271	209	216	268	209	213	270	208	215	272	207	214	264	209	211	270	205	212	208	202	201	208	203	201	201
197	204	209	202	204	237	205	202	242	210	207	246	206	205	242	204	213	241	204	208	249	206	212	240	203	211	244	207	207	204	205	201	206	203	203	207
202	204	205	203	204	232	203	204	230	202	209	231	201	206	234	203	210	235	203	207	232	205	205	230	206	210	230	205	207	206	199	202	204	201	202	204
202	203	206	204	203	237	204	208	238	204	207	237	209	207	240	205	207	236	203	214	240	203	208	240	206	209	244	204	203	208	200	204	209	199	198	208
200	200	203	201	202	362	221	235	394	219	237	385	218	238	378	219	237	377	220	236	377	221	239	382	217	235	387	222	236	205	200	201	203	198	204	201
200	204	206	203	215	1973	378	554	2160	379	568	2162	383	567	2166	381	563	2168	385	563	2147	379	562	2161	376	552	2171	373	556	245	204	200	201	200	202	210
203	199	205	202	208	850	266	340	901	275	343	913	271	341	906	270	336	922	269	334	897	265	345	909	274	339	914	265	337	217	198	201	203	203	200	199
199	206	227	204	208	464	227	260	488	225	265	483	224	260	497	228	255	494	230	251	485	232	254	487	224	256	487	228	255	232	199	208	230	201	208	229
204	202	210	200	201	261	204	212	262	206	215	269	205	210	266	207	210	268	207	217	266	208	217	266	210	214	270	207	209	208	206	204	203	200	201	205
200	204	204	197	202	240	209	209	252	203	211	246	208	210	250	208	209	242	209	212	252	207	211	248	203	210	249	205	210	207	201	202	198	203	204	199
201	197	208	203	204	365	221	235	398	221	239	401	219	238	397	217	234	408	224	239	399	222	238	403	218	240	401	216	245	208	202	200	203	201	199	206
201	208	232	203	208	289	210	221	308	213	219	310	208	220	311	210	225	316	212	221	316	211	221	315	212	223	310	210	223	233	206	209	230	199	204	227
204	203	202	206	209	239	203	209	246	209	209	249	202	208	248	203	211	244	202	207	246	202	208	247	203	215	244	210	211	201	203	200	205	199	200	207
201	199	203	205	203	224	202	206	226	204	203	224	203	207	222	202	208	222	207	207	227	206	203	224	201	204	223	204	205	203	201	199	205	199	201	204
202	201	201	199	203	228	203	205	227	203	208	229	205	206	221	203	204	223	203	205	226	200	201	219	198	210	222	203	206	206	199	205	202	202	197	206
203	206	205	203	201	220	204	205	225	203	209	224	203	207	223	204	208	223	204	207	219	202	205	225	203	208	224	203	208	202	203	200	201	202	203	203
201	201	210	201	204	224	206	207	230	206	211	222	206	208	228	202	206	228	202	204	222	203	208	227	205	204	230	204	205	207	204	203	204	202	199	205
203	203	205	201	199	235	203	205	233	204	208	233	204	207	233	200	206	233	204	207	233	205	211	232	203	205	233	202	202	211	201	204	208	203	200	202
202	201	208	201	204	246	206	210	241	211	208	242	206	210	247	206	213	246	203	213	247	204	212	244	201	214	244	207	209	208	202	206	211	205	203	206
202	205	209	201	206	249	208	208	252	206	210	255	207	212	250	203	217	252	207	210	254	202	213	255	205	209	249	209	214	209	202	205	211	203	205	208
204	202	207	202	204	239	204	209	249	202	210	247	206	211	249	202	210	246	205	212	245	205	214	245	207	212	251	204	209	209	202	198	209	194	200	207
204	200	220	204	208	271	207	220	285	203	219	279	211	217	275	208	218	278	208	218	277	210	219	278	212	221	279	206	219	222	201	206	219	201	208	222
201	200	208	198	204	301	211	221	304	210	221	304	213	221	301	209	223	299	215	220	303	209	220	303	211	222	305	212	221	209	203	202	209	202	202	206
204	203	208	203	208	261	206	218	265	206	218	272	210	213	268	208	218	268	208	215	267	202	215	269	211	213	266	205	212	208	203	200	205	199	204	207
199	200	198	202	197	252	210	210	257	202	219	257	207	214	261	204	215	258	206	212	260	208	213	261	207	210	255	206	213	202	201	201	202	203	199	202
202	201	203	204	203	238	208	213	247	204	210	249	202	213	245	203	209	250	203	210	248	204	210	243	206	210	244	204	213	203	200	204	204	202	197	205
199	203	204	200	203	240	204	213	254	207	212	259	209	211	249	207	209	256	205	213	252	203	210	248	204	208	253	205	209	206	199	201	204	202	202	205
200	203	203	203	213	1392	322	437	1522	317	453	1536	322	441	1532	318	441	1523	324	446	1512	331	443	1513	317	442	1514	325	441	230	203	204	201	202	200	200
203	200	199	202	214	1461	323	465	1610	331	470	1597	333	461	1612	332	462	1615	324	465	1604	335	465	1608	331	457	1592	325	462	223	197	198	201	200	199	201
203	192	203	199	208	618	247	291	659	244	288	657	244	294	659	240	289	666	243	294	655	246	286	659	247	292	661	237	286	211	204	204	204	201	203	203
206	205	218	202	201	392	218	246	422	220	246	425	220	246	419	217	245	418	219	242	418	222	246	421	224	247	424	221	245	223	205	205	213	203	204	216
200	197	212	206	205	261	208	217	265	207	213	266	209	213	263	210	210	268	206	214	266	203	215	265	205	210	263	205	213	207	201	204	211	202	204	204
204	207	209	204	204	250	208	211	259	210	212	256	207	212	253	205	213	257	206	216	253	205	210	262	208	216	258	210	213	211	200	201	210	201	202	211
201	206	206	196	211	1317	313	425	1450	313	435	1463	316	437	1443	314	435	1453	321	427	1444	322	428	1453	313	430	1426	318	432	227	200	201	204	202	202	206
200	203	206	201	222	2738	456	717	3040	457	723	3030	460	735	3057	453	723	3046	464	729	3006	463	733	3018	456	715	2996	461	716	255	203	199	209	203	201	209
204	206	223	202	215	1387	320	442	1501	322	443	1488	321	449	1500	320	448	1497	324	456	1502	325	451	1486	321	440	1493	325	436	248	205	205	226	202	206	223
199	201	198	202	205	611	244	288	657	244	295	664	248	295	659	241	293	657	244	291	665	244	289	666	245	287	656	244	293	211	203	200	199	202	199	201
202	200	200	199	203	348	213	230	364	217	228	359	219	229	358	211	240	361	220	233	357	217	233	359	213	236	361	220	230	203	203	203	195	200	193	197
204	207	217	202	203	286	206	220	294	204	218	299	210	220	297	208	222	293	207	220	291	209	220	293	212	217	294	210	215	217	199	203	213	201	202	212
203	204	202	202	200	254	206	215	257	210	210	253	206	215	262	206	214	252	204	209	259	208	214	255	205	213	255	203	213	202	200	201	204	202	197	204
204	201	213	204	205	270	207	217	274	212	216	270	213	215	273	206	213	275	208	215	272	210	216	271	207	215	270	208	214	217	205	205	217	205	204	216
203	201	209	203	205	290	204	217	291	209	220	288	210	219	292	210	217	292	215	221	288	208	218	292	209	220	289	209	218	211	201	205	210	199	203	209
203	201	210	204	206	390	223	241	411	217	244	408	222	246	413	220	242	411	221	246	414	219	245	414	217	241	405	223	244	215	200	203	214	200	199	213
202	200	209	197	225	2876	444	709	3181	451	712	3173	453	709	3199	444	713	3157	462	716	3155	455	714	3165	445	698	3132	455	709	260	201	202	202	199	203	203
201	206	212	205	331	4084	1770	3356	4090	1791	3440	4090	1815	3420	4090	1800	3403	4089	1802	3403	4089	1803	3420	4089	1760	3396	4088	1802	3395	538	203	202	204	200	204	211
200	200	210	204	284	4094	1051	2024	4095	1081	2042	4095	1090	2042	4095	1074	2056	4095	1102	2059	4095	1088	2062	4095	1083	2005	4095	1094	2045	406	202	207	210	203	200	209
202	202	212	205	232	4115	484	782	4094	499	792	4094	493	788	4093	494	795	4093	503	808	4095	492	787	4094	483	798	4095	499	793	274	200	202	215	201	200	211
210	203	206	200	211	1289	314	425	1413	315	439	1433	311	432	1425	315	433	1416	315	428	1424	317	430	1438	313	422	1404	315	429	227	201	200	207	200	202	209
203	201	205	203	202	351	214	229	369	217	231	354	211	237	359	217	233	355	215	225	360	212	231	360	216	230	358	216	228	207	201	203	207	200	199	203
203	202	225	203	210	268	206	216	279	211	218	280	210	216	275	211	215	283	209	214	279	207	216	282	208	218	277	208	217	230	203	205	224	205	203	227
199	202	205	200	199	239	204	210	241	204	207	247	209	212	244	206	210	244	207	209	248	203	209	247	204	210	247	206	208	204	204	200	203	200	204	204
203	201	211	201	203	250	203	210	247	204	212	246	209	213	251	206	212	248	208	207	247	203	211	244	205	212	246	203	208	210	201	202	209	202	204	214
201	201	203	199	199	228	206	207	227	207	208	228	205	208	235	206	209	228	207	209	236	200	206	234	203	210	225	204	208	208	200	202	203	197	202	204
198	199	200	201	204	224	205	200	230	202	203	222	206	208	224	205	204	222	204	207	228	207	209	228	203	201	222	200	208	204	202	200	206	197	203	203
201	202	218	201	199	231	207	211	231	203	210	233	206	205	238	199	210	236	207	208	232	206	205	234	206	204	239	207	206	213	201	201	211	193	201	210
199	204	210	205	192	229	203	205	231	202	206	235	205	206	231	201	208	228	202	210	233	206	205	228	207	204	231	204	211	214	200	204	213	199	204	208
202	201	204	202	204	216	205	204	218	202	203	222	204	204	225	202	205	222	201	207	223	202	203	218	205	206	219	203	203	205	200	197	206	201	194	202
204	210	241	204	213	263	209	212	261	208	213	264	207	215	261	202	214	262	205	216	268	208	217	263	203	216	268	211	212	244	207	208	244	207	207	242
202	203	215	200	207	247	209	213	257	211	210	249	205	208	257	205	212	263	205	209	259	207	212	248	202	213	255	210	210	217	205	204	212	202	208	210
204	208	210	197	208	1006	281	372	1090	289	374	1108	291	369	1113	279	373	1108	288	378	1100	288	377	1108	284	370	1090	283	370	224	205	202	211	204	201	206
200	199	202	202	206	616	250	290	661	246	294	665	248	292	659	242	299	684	243	294	660	251	299	659	246	283	655	247	286	209	200	198	203	205	202	200
199	203	211	202	200	356	218	235	383	217	236	376	217	234	379	217	234	382	220	229	382	222	234	379	220	237	380	215	240	213	200	202	208	201	198	210
201	201	207	203	205	281	212	220	283	208	220	291	208	222	290	210	216	289	210	216	290	207	218	289	210	216	290	209	223	206	201	202	205	198	202	203
204	203	209	201	204	231	205	209	237	207	204	235	202	211	229	207	208	237	205	209	229	203	206	233	206	208	238	203	209	213	201	199	211	203	203	207
204	201	208	204	203	220	204	205	226	201	207	227	201	203	227	204	203	223	203	203	217	204	204	225	202	208	225	203	206	213	207	200	204	203	206	205
206	203	205	203	201	222	204	205	222	203	206	225	203	198	227	204	202	225	201	210	228	207	202	229	201	203	225	202	206	210	205	202	212	200	201	204
202	197	204	201	199	219	204	204	225	207	206	220	200	206	219	203	204	221	204	205	225	206	207	220	204	204	226	205	206	202	196	199	202	204	196	201
205	203	212	205	204	228	209	208	228	207	207	229	206	204	225	204	204	228	202	209	231	206	208	230	204	203	233	209	206	213	204	203	213	205	198	212
200	202	209	201	204	220	205	206	224	204	204	224	202	203	224	205	209	231	201	206	224	202	203	223	203	202	221	202	207	206	202	200	209	202	203	205
202	205	210	200	204	226	203	202	225	206	206	223	199	207	226	204	204	226	204	202	226	200	206	225	207	204	222	204	205	210	203	202	211	200	203	207
201	202	204	201	201	218	199	201	219	205	208	224	203	199	225	204	201	224	203	204	224	202	205	222	202	207	223	204	207	203	201	196	207	201	201	209
199	200	203	202	205	231	202	203	227	207	205	234	201	206	235	200	207	233	204	206	230	204	206	231	206	207	231	205	208	204	199	204	199	202	201	202
200	203	208	204	207	248	207	208	257	204	209	254	207	214	251	207	208	247	208	213	248	204	211	251	207	211	253	207	210	213	202	205	208	201	201	210
198	204	206	200	207	809	260	328	890	269	337	884	264	323	883	267	334	902	269	330	891	267	333	887	264	332	886	260	335	218	202	200	208	200	204	206
204	203	215	202	210	1142	295	395	1242	300	404	1229	300	390	1228	292	400	1235	300	402	1248	292	393	1224	302	397	1234	294	389	232	204	202	215	202	204	215
204	206	226	202	223	2805	452	739	3088	467	751	3079	467	734	3069	462	744	3080	455	731	3051	470	742	3046	461	733	3057	471	724	273	202	205	223	201	202	223
200	208	206	203	209	1472	329	463	1626	338	470	1617	330	466	1608	332	466	1650	344	472	1650	335	457	1631	335	461	1615	329	466	223	200	201	200	201	200	203
198	198	203	205	205	669	250	299	731	251	301	731	249	304	734	250	306	731	246	307	719	260	300	727	250	298	725	253	308	213	200	200	205	200	201	207
199	202	206	201	206	447	225	251	469	223	254	474	230	254	471	230	250	465	226	256	480	225	255	475	226	255	472	224	250	208	202	197	204	198	203	205
202	200	212	203	204	258	205	209	262	204	214	261	204	212	265	204	215	265	206	216	261	211	210	262	208	210	263	205	216	212	198	200	214	204	204	210
200	202	200	201	207	219	203	202	218	205	205	224	204	206	219	202	206	223	204	204	219	204	204	223	201	197	221	201	205	206	203	201	200	202	206	205
198	200	205	197	203	216	200	203	213	202	201	215	201	202	212	200	208	212	204	206	217	200	199	211	201	201	217	198	190	202	201	203	201	201	202	202
203	202	205	201	204	218	201	202	216	202	207	221	202	206	222	205	203	221	204	210	223	205	198	222	201	206	224	208	204	205	202	210	207	206	203	210
200	202	203	205	201	216	201	202	213	201	205	213	201	203	212	203	201	216	202	201	218	202	204	214	207	198	213	205	203	204	205	202	206	201	206	204
199	203	206	201	207	303	210	220	313	213	223	315	213	221	312	210	225	316	208	225	313	213	223	316	211	221	316	214	220	210	202	201	206	201	202	210
201	208	213	201	208	816	263	329	887	266	328	881	265	328	882	264	335	876	266	327	879	266	332	865	267	326	865	263	330	224	202	204	215	204	203	213
201	203	208	199	205	383	223	240	406	223	247	407	221	245	407	222	244	411	221	241	412	217	239	408	219	239	412	217	238	209	204	203	209	200	197	208
203	203	201	201	201	301	209	223	309	214	217	305	211	220	311	210	221	308	213	219	304	211	220	304	211	224	307	208	218	210	204	200	207	195	201	205
203	215	248	204	210	287	211	220	301	214	219	291	212	218	296	213	221	302	210	216	290	211	220	303	205	219	299	212	222	249	205	208	248	204	211	251
198	202	207	201	205	217	199	204	220	203	202	225	203	206	222	202	206	222	204	201	218	205	201	221	205	202	225	203	206	214	201	208	212	204	202	214
198	202	223	204	205	230	205	205	226	203	207	227	203	204	229	207	206	226	205	204	230	205	209	230	202	206	228	206	206	222	202	206	226	203	206	223
197	204	205	201	205	211	206	201	214	205	202	213	203	210	214	201	203	213	201	205	213	207	207	219	203	202	216	200	205	208	201	205	203	203	201	206
204	205	204	204	204	209	206	204	213	202	203	212	201	199	212	201	207	208	200	202	211	199	205	205	202	204	210	198	201	204	204	201	202	199	200	204
202	203	221	202	206	253	208	209	253	205	211	257	205	209	255	203	211	255	206	208	256	208	208	255	205	213	254	208	212	221	203	204	224	207	204	224
201	204	204	202	201	228	206	204	231	205	207	228	204	210	229	203	206	233	199	205	229	203	206	228	205	205	230	203	209	206	200	204	209	204	201	205
199	201	200	200	197	226	206	208	231	200	206	224	204	203	226	204	202	225	204	203	226	205	206	228	206	210	228	202	208	202	201	200	202	205	202	197
200	207	224	201	203	236	203	209	241	207	206	239	202	208	238	205	208	240	205	206	237	206	208	242	200	210	241	207	203	221	205	208	225	203	205	220
204	204	212	202	203	220	202	204	218	201	204	219	201	204	224	207	207	225	202	203	223	202	206	222	205	205	224	199	205	210	205	198	211	201	200	209
200	200	206	201	203	215	205	202	218	200	206	219	199	204	215	203	203	218	199	206	216	199	201	215	206	203	216	206	202	207	202	202	206	198	199	208
200	202	207	204	202	260	210	217	269	207	211	267	211	214	266	207	215	272	207	213	266	207	214	268	207	216	269	209	209	209	200	202	208	201	200	205
201	204	210	203	208	276	210	215	284	206	221	282	206	217	285	207	214	278	210	217	284	212	219	284	206	217	285	205	214	208	199	203	212	199	205	208
200	198	206	204	201	237	205	206	238	208	208	238	213	205	241	202	207	239	201	211	242	205	211	235	205	210	238	204	207	210	200	204	208	200	199	206
197	204	205	200	203	222	201	206	225	203	207	224	206	207	224	204	207	223	208	207	225	204	208	225	203	209	222	202	206	208	198	203	208	201	203	208
198	203	204	201	203	216	204	201	215	202	202	219	203	207	218	203	196	218	202	205	216	204	204	218	205	202	216	203	200	202	200	202	204	201	202	208
201	201	211	197	201	218	198	198	216	205	203	217	204	206	222	206	206	220	204	204	220	204	204	221	203	206	219	199	205	210	203	200	210	201	200	207
206	204	210	204	200	215	200	202	217	202	200	216	201	205	217	203	209	217	201	201	217	206	205	219	204	202	214	203	206	214	205	202	213	201	202	204
204	199	204	201	199	208	203	203	207	200	199	210	201	203	213	199	203	209	199	206	210	204	198	209	200	201	207	203	204	202	201	202	197	200	204	205
198	199	201	203	200	206	202	201	216	199	205	209	202	202	208	198	202	213	200	202	213	203	196	212	200	202	211	203	202	204	202	196	209	202	198	202
199	202	205	205	206	215	205	203	221	202	203	215	206	206	220	203	204	222	206	206	219	202	200	216	205	205	216	204	204	211	204	203	210	201	200	211
196	196	201	205	197	224	205	204	224	205	210	225	200	208	221	204	206	219	203	202	223	205	207	222	203	204	227	200	209	204	202	201	202	197	203	203
202	202	206	206	205	215	201	202	218	199	202	216	205	202	213	200	203	213	205	198	220	201	203	214	205	205	215	202	207	201	200	203	204	201	202	206
203	205	206	204	199	218	201	198	218	203	201	211	205	200	213	204	200	215	205	206	213	204	207	214	200	205	215	202	207	205	203	205	205	204	196	209
204	199	204	201	202	216	198	205	213	203	203	216	208	206	216	204	200	214	200	205	215	202	202	215	205	201	210	204	201	203	201	200	206	200	201	208
197	207	206	203	198	214	201	203	212	202	204	209	203	203	212	203	207	212	201	206	214	200	199	214	205	203	212	203	206	204	198	203	203	197	201	202
202	202	207	200	203	212	203	199	209	203	200	213	202	202	211	199	202	214	201	202	215	202	204	211	205	202	208	203	204	207	202	202	206	202	205	207
199	198	203	202	203	212	202	203	211	198	201	212	201	202	208	205	200	208	199	203	212	199	203	208	204	201	208	201	205	208	203	203	206	200	200	204
204	200	200	200	203	204	198	195	204	202	203	208	202	206	205	199	202	206	199	199	207	204	199	206	199	205	202	209	198	202	197	205	203	201	203	201
203	198	207	200	203	210	204	206	214	202	206	211	197	202	213	206	204	208	206	204	212	202	203	212	199	203	213	201	202	204	202	202	202	202	199	204
203	202	200	199	201	210	205	200	213	201	204	214	200	197	211	201	204	213	204	205	216	201	202	214	198	203	209	201	201	203	202	201	204	199	203	202
203	200	211	204	203	219	203	204	220	201	206	217	205	205	218	203	203	220	200	201	225	204	203	217	206	202	218	205	202	214	201	204	213	202	201	212
200	202	200	203	201	209	199	201	211	202	201	215	201	203	213	202	205	211	194	200	207	201	199	208	201	203	207	201	210	206	202	204	204	198	202	205
198	204	205	199	201	206	200	205	208	201	201	204	201	201	209	201	200	210	201	204	207	198	201	211	201	202	211	200	204	204	201	202	203	201	201	202
200	202	216	199	204	217	202	206	218	204	201	217	201	203	218	205	207	216	201	205	215	201	203	215	202	205	216	203	204	209	202	205	209	199	200	212
204	212	225	202	205	218	200	204	223	204	204	224	202	209	222	204	203	225	203	203	224	208	201	229	204	206	221	204	210	223	204	204	219	202	210	221
204	203	213	205	206	219	207	206	218	199	205	217	202	204	219	200	204	213	203	206	220	204	200	218	200	203	216	202	208	212	204	205	212	201	199	215
202	205	204	200	200	207	200	202	208	203	202	207	201	197	208	203	201	207	201	201	209	204	205	209	201	204	209	204	203	203	196	201	205	201	206	204
201	202	201	203	204	207	204	203	208	204	202	206	202	206	205	200	206	205	199	202	204	201	202	208	200	203	204	202	202	202	200	202	203	202	198	204
207	204	226	204	208	225	202	208	233	204	204	227	205	205	231	205	201	224	206	213	224	201	209	233	201	209	227	203	205	226	200	203	223	201	207	224
202	201	203	202	203	202	203	203	206	205	201	205	204	202	206	201	198	202	203	203	205	204	199	208	200	202	203	203	201	196	205	197	198	203	200	204
200	197	200	200	199	205	193	201	206	199	202	205	199	200	206	201	201	205	203	201	205	202	200	201	198	201	203	200	203	194	201	199	201	200	203	201
202	204	206	199	200	210	201	202	206	203	201	204	203	199	208	198	200	203	199	204	207	202	201	205	203	197	208	200	200	204	194	197	202	200	201	201
199	198	203	202	202	203	201	201	205	198	202	204	197	200	209	200	201	210	201	202	208	201	205	208	201	203	207	201	198	202	203	200	203	200	202	204
202	202	210	198	203	213	201	203	213	203	204	218	200	205	217	203	201	216	204	203	217	206	204	218	201	204	215	200	206	212	201	206	210	203	202	208
200	201	203	199	199	207	205	205	205	204	199	208	200	203	208	202	203	209	202	205	211	204	199	210	203	204	213	197	205	204	202	202	204	205	199	205
198	203	202	207	205	208	202	203	208	203	202	204	202	199	209	196	203	213	200	201	207	197	204	205	197	202	207	204	203	207	199	200	202	202	205	207
203	206	230	205	208	234	206	207	234	204	210	232	203	209	234	203	203	232	205	208	232	203	209	237	205	211	234	207	209	229	201	208	228	204	206	230
200	201	205	202	201	206	205	201	205	201	202	202	196	202	205	198	202	204	201	204	210	198	199	207	201	206	208	202	204	204	199	204	202	200	201	200
202	200	202	200	205	206	201	198	206	198	200	207	204	200	205	201	204	204	204	201	209	200	198	206	204	193	207	204	199	198	202	202	203	202	200	201
206	205	226	205	205	227	206	206	231	201	209	231	207	207	233	204	206	230	203	207	231	201	206	232	205	207	233	202	204	221	200	206	227	204	205	225
202	204	213	200	204	217	201	206	223	204	206	219	203	206	220	200	201	219	205	200	217	202	206	220	206	206	216	202	202	208	203	202	206	199	202	211
200	201	202	196	202	224	205	203	222	200	208	222	202	208	226	203	207	228	205	204	221	203	201	216	203	208	226	200	207	205	199	202	206	207	201	211
202	202	198	202	203	210	203	201	211	203	206	209	203	203	207	197	203	208	202	202	214	204	201	211	201	206	209	201	205	200	202	201	201	202	204	199
202	202	204	202	202	211	200	203	212	201	202	214	204	204	216	201	203	219	201	203	215	204	205	215	202	203	214	206	203	202	199	202	204	198	203	202
204	200	206	204	200	220	201	198	225	203	208	225	201	203	224	202	206	223	200	210	226	199	206	225	203	207	222	201	209	207	199	203	200	203	204	208
203	202	207	197	203	365	219	235	378	218	233	378	221	235	377	219	231	385	218	238	378	219	234	380	219	230	381	218	236	214	203	203	207	201	203	209
200	200	205	202	211	1347	317	436	1461	323	429	1485	319	444	1490	315	437	1491	318	450	1463	319	439	1469	317	439	1467	314	437	225	200	200	207	197	202	208
201	205	209	204	208	822	268	327	885	262	335	889	269	328	890	264	331	886	265	333	885	266	333	871	267	330	879	269	334	223	206	207	212	202	202	213
202	199	199	204	204	541	238	273	582	241	276	574	237	276	586	234	270	581	243	276	587	238	276	576	242	273	578	234	276	210	204	202	204	202	199	205
203	204	209	203	206	417	220	246	432	225	246	441	229	247	443	223	244	435	220	244	438	225	239	434	220	244	437	220	246	212	204	202	208	200	204	212
201	207	208	200	199	301	211	223	311	208	224	311	210	225	318	211	221	313	205	223	308	210	224	308	211	221	313	211	222	218	200	205	207	200	200	208
200	200	204	202	203	220	203	204	223	202	204	220	204	204	225	207	208	224	203	202	225	203	207	228	203	204	225	202	200	207	200	202	204	200	201	208
201	205	214	204	202	222	206	204	219	203	206	219	202	205	225	205	201	225	207	206	224	204	204	226	203	207	228	204	208	211	202	208	214	201	201	214
199	201	205	200	204	221	201	205	220	205	208	220	209	201	220	202	203	218	203	203	222	200	205	218	202	205	219	204	204	210	198	203	200	197	204	203
201	203	218	204	204	232	203	207	229	204	206	234	207	204	228	207	209	240	206	204	232	208	205	233	206	207	236	202	205	218	205	205	216	207	202	216
201	199	206	200	200	223	204	206	229	206	207	228	203	202	234	204	207	225	203	205	230	203	206	230	206	204	228	203	206	206	203	202	208	202	201	204
206	207	209	204	207	387	222	244	416	220	242	403	221	242	399	212	242	403	220	243	413	221	238	396	219	246	405	219	242	212	202	201	206	201	200	208
200	202	201	206	205	335	213	235	346	218	229	344	214	235	355	216	230	351	216	233	353	216	228	352	218	231	352	215	231	207	204	201	208	204	202	206
202	201	216	200	205	294	210	220	303	209	223	304	206	219	297	212	223	305	213	220	297	210	220	295	207	219	298	208	223	213	205	198	211	207	204	206
202	203	201	203	202	254	209	210	256	212	212	254	208	219	260	205	212	260	207	213	260	209	214	254	204	211	261	205	209	206	203	197	203	203	199	207
199	201	204	199	203	237	205	209	245	204	209	242	205	207	240	205	208	241	202	214	240	207	208	242	208	207	238	202	206	210	203	201	209	204	203	210
200	210	200	204	199	209	205	203	206	201	205	214	201	201	204	204	203	208	202	203	206	199	202	206	201	198	210	202	206	194	203	200	200	201	196	201
204	199	207	199	201	208	201	205	204	200	201	212	204	203	214	202	204	209	204	202	214	200	202	210	206	202	205	203	206	210	207	202	205	199	203	205
204	205	212	198	204	216	202	206	217	202	204	218	202	203	214	204	203	217	198	202	219	200	204	213	201	200	214	202	203	212	205	202	207	202	203	208
199	203	201	203	199	209	201	204	207	203	203	210	202	199	210	201	202	208	203	203	209	204	204	206	201	203	210	200	204	203	202	200	190	201	202	207
199	200	203	198	207	208	203	203	205	198	205	204	198	205	204	198	200	203	204	203	200	203	202	206	206	199	209	205	198	201	198	199	204	203	197	206
204	201	205	199	201	210	206	204	209	198	201	205	201	203	210	200	202	211	201	205	210	202	206	212	201	205	208	205	204	207	201	202	207	202	202	205
203	200	205	201	203	209	204	202	203	202	197	204	206	201	207	201	205	205	198	202	204	201	200	201	199	200	205	203	207	202	198	200	199	200	202	202
199	200	202	202	201	203	204	201	204	207	196	200	202	201	206	202	198	206	201	199	207	199	203	202	201	200	201	197	205	203	203	199	201	202	200	199
200	202	203	204	202	213	202	200	212	201	206	208	201	205	210	200	200	210	202	203	208	202	203	214	205	202	207	202	206	205	200	199	199	206	205	202
201	202	200	200	201	208	206	204	209	201	206	210	200	202	210	208	202	209	200	200	208	203	205	217	204	203	211	203	205	202	198	199	199	197	202	201
198	203	210	195	202	217	202	205	216	206	202	218	202	206	218	200	207	217	199	203	215	200	205	219	203	202	218	203	204	211	201	200	210	200	200	216
201	198	212	201	206	220	204	203	212	203	203	217	206	203	212	202	202	218	200	202	216	203	202	216	201	206	216	199	203	210	202	204	211	204	198	211
201	199	209	201	203	206	202	201	211	201	201	205	204	201	208	202	203	208	202	205	208	204	203	210	201	204	209	200	200	207	199	206	204	202	199	205
201	205	216	198	202	212	199	202	212	203	205	210	199	208	212	205	202	213	200	203	210	201	199	208	204	203	217	203	204	209	203	203	210	204	201	211
205	206	216	205	202	220	203	201	221	204	204	224	203	208	223	205	206	223	206	206	225	203	203	216	204	205	223	203	198	216	201	202	219	204	205	214
204	204	207	201	201	213	202	201	210	202	203	211	198	200	212	207	203	210	202	204	214	200	203	216	203	202	211	202	201	207	203	203	212	201	205	211
201	202	202	200	206	203	201	204	207	201	204	204	203	202	204	203	200	208	202	202	202	201	204	205	201	199	205	198	206	204	199	201	203	202	199	203
205	206	235	206	207	232	204	206	236	203	208	236	204	208	232	205	208	228	208	210	232	202	205	234	202	207	232	206	205	235	203	209	232	202	208	230
200	204	206	203	205	205	202	200	205	202	200	205	200	202	207	203	199	206	202	205	209	198	203	207	202	201	205	199	202	202	205	199	204	204	201	200
204	203	204	201	203	205	199	206	209	197	207	208	201	203	212	200	204	206	207	202	209	205	201	209	200	206	208	199	204	207	201	200	208	203	200	207
199	200	202	199	202	204	200	203	206	198	200	207	200	195	204	202	202	207	200	202	204	202	198	208	203	201	204	202	204	201	200	205	205	201	204	205
204	199	208	202	205	208	197	207	209	204	199	205	203	200	203	201	204	206	202	198	205	205	199	208	201	202	205	203	199	206	197	204	205	199	199	205
204	202	212	201	203	210	205	208	213	198	200	209	197	200	208	206	202	211	201	202	211	200	204	213	202	206	210	201	201	206	202	201	207	205	202	208
200	202	207	201	202	210	199	201	213	203	199	211	201	201	209	201	198	210	198	195	211	203	202	208	202	201	211	206	201	209	202	198	211	204	201	212
205	202	199	202	203	204	202	199	204	200	200	203	205	202	204	198	203	199	202	200	204	203	201	196	199	204	206	201	203	201	197	201	205	201	201	203
205	205	209	208	202	208	206	202	206	200	202	212	204	201	207	200	198	208	202	203	206	200	202	209	202	202	209	201	203	207	204	201	207	198	202	206
205	203	199	207	204	196	199	199	201	198	197	200	205	200	200	198	204	198	199	199	200	199	201	197	202	201	203	205	199	202	203	199	203	199	205	200
199	202	215	201	202	214	198	203	219	198	204	218	201	211	216	201	207	218	200	203	217	205	199	216	198	204	218	197	205	216	206	205	219	199	204	214
200	203	207	202	201	211	198	200	207	199	204	208	202	202	209	201	202	207	202	204	204	204	203	209	206	202	205	203	199	205	205	201	212	202	198	206
206	200	206	202	204	207	201	200	209	201	209	212	203	203	207	203	203	205	199	202	207	199	202	212	206	203	212	206	200	205	202	203	207	199	200	209
202	203	207	202	202	214	203	205	210	202	202	212	204	202	214	202	203	207	201	202	209	201	202	213	201	205	208	201	200	212	202	202	210	201	201	206
201	197	204	208	201	206	203	204	207	204	201	207	201	203	210	198	204	204	202	200	204	198	201	211	202	198	205	202	200	198	199	205	210	204	202	202
204	201	206	200	203	209	198	202	208	195	200	206	200	200	210	201	206	210	200	204	206	203	203	208	200	205	212	203	203	206	201	199	209	205	202	210
204	201	204	205	206	205	200	201	206	198	205	205	200	204	202	200	203	205	202	198	204	201	200	204	204	202	206	202	204	204	201	199	206	202	201	199
203	204	207	200	204	208	200	204	212	199	202	212	202	201	211	200	200	208	200	204	208	201	207	205	204	202	208	200	198	205	199	204	208	199	202	208
201	205	204	202	197	209	206	199	207	203	202	207	201	200	209	204	206	206	201	203	206	201	198	209	203	201	209	208	203	207	201	200	201	202	204	204
202	199	205	201	201	209	203	205	204	204	202	212	201	201	209	199	197	207	202	202	209	200	201	213	200	202	208	202	203	203	204	201	207	200	204	207
202	202	202	202	204	207	201	199	202	203	201	204	198	202	202	201	199	206	201	204	208	199	202	201	198	200	208	203	203	200	198	204	203	202	201	201
200	200	205	205	198	215	200	204	214	202	200	221	201	207	213	205	201	216	204	204	214	199	204	220	201	208	212	200	203	203	199	202	205	201	200	201
204	200	210	198	205	265	208	217	267	208	215	273	206	215	269	205	213	276	207	216	271	207	214	273	208	210	270	210	215	215	203	202	212	201	202	214
204	202	208	202	204	255	207	209	263	204	210	264	203	211	255	204	210	257	206	209	266	208	210	262	200	212	262	208	215	206	202	201	212	200	207	206
203	201	205	200	202	239	207	208	244	208	212	244	203	211	239	206	208	240	207	209	243	206	206	241	207	214	238	206	209	204	202	202	208	199	198	203
199	205	207	203	201	225	201	202	230	202	208	230	202	209	230	208	204	226	204	208	232	204	204	229	200	206	228	204	205	207	204	202	204	202	204	209
200	204	209	199	204	220	200	203	226	202	203	224	204	207	225	202	207	227	209	206	224	203	206	227	201	200	225	203	204	212	201	204	212	199	205	216
207	204	206	201	200	211	205	204	210	202	205	213	202	205	214	202	203	211	203	201	213	205	203	203	203	205	215	201	205	206	202	204	207	200	203	207
200	203	218	199	204	227	199	203	224	202	208	222	202	206	225	205	206	225	201	207	223	204	204	221	201	202	224	200	206	225	200	204	223	204	203	219
203	204	219	203	201	213	204	201	213	202	203	212	203	203	215	201	204	217	206	204	215	202	204	214	201	203	216	202	204	211	200	202	216	204	203	209
200	199	203	199	201	210	203	202	206	200	199	205	202	200	203	202	202	206	203	202	208	204	202	209	202	202	206	200	205	210	204	205	204	201	201	205
203	206	215	206	204	220	204	205	218	206	202	217	203	202	216	202	202	215	201	206	216	205	206	217	202	200	214	201	205	219	201	208	217	205	203	218
202	200	201	200	204	207	205	201	206	201	201	202	202	202	206	200	204	202	204	203	206	202	204	206	203	201	205	202	201	204	201	202	203	202	197	203
204	205	207	201	205	211	202	202	210	201	202	209	203	202	209	200	200	210	201	200	212	200	202	208	200	202	211	203	203	208	201	203	209	200	202	215
196	204	209	202	202	208	204	203	204	203	201	213	201	202	209	204	202	208	201	202	214	198	211	211	204	206	214	205	204	212	203	204	208	202	201	208
203	199	201	200	201	207	200	202	201	205	200	207	200	205	209	203	201	208	200	205	204	204	201	206	199	202	209	202	199	202	201	199	202	200	198	203
202	203	204	205	203	207	200	204	207	200	206	211	204	202	209	201	202	209	203	205	212	204	203	209	197	201	208	205	202	205	202	201	202	198	201	204
202	202	210	203	202	213	202	202	215	204	203	210	197	205	215	200	201	212	203	203	217	205	205	214	201	205	213	201	208	210	199	202	206	199	204	208
203	206	223	202	208	225	207	210	223	200	201	225	203	205	223	201	209	224	201	202	226	201	207	227	203	208	223	204	205	221	205	204	219	205	206	218
205	203	206	201	199	204	205	201	210	204	199	209	204	204	207	201	203	207	199	201	209	203	204	207	197	202	208	204	200	206	206	203	205	199	202	208
201	204	212	204	205	216	204	207	220	202	200	216	201	201	219	205	201	218	202	204	216	200	205	220	202	206	211	205	203	218	204	206	218	202	208	202
198	201	206	201	200	207	202	203	205	200	202	210	199	205	203	201	205	208	202	205	206	201	203	206	202	207	204	200	204	204	200	200	210	205	201	209
203	203	209	202	200	202	201	199	211	202	202	206	199	206	206	200	203	208	206	202	205	200	203	210	199	204	212	202	205	210	203	204	205	203	201	207
205	203	212	204	201	217	202	203	223	199	204	214	203	203	217	203	202	213	201	205	217	206	204	217	202	207	217	205	202	217	205	208	215	200	203	216
201	203	206	203	196	211	205	206	210	203	204	209	201	204	211	200	203	212	198	202	207	201	202	210	202	202	213	198	203	207	198	200	208	204	203	211
199	199	202	202	201	202	198	202	201	199	204	202	200	199	199	200	201	206	203	200	200	203	200	201	200	204	206	201	204	200	199	197	202	200	199	201
203	200	212	199	201	209	202	206	211	199	204	215	204	202	210	205	201	209	199	202	213	202	205	209	197	200	208	202	202	210	203	201	210	200	205	205
201	201	207	200	201	202	201	200	206	200	206	210	207	205	208	204	203	205	201	201	208	201	203	207	204	201	208	201	204	207	201	202	202	196	204	201
202	202	207	202	201	209	201	204	213	201	203	210	203	201	213	202	204	212	200	203	208	201	204	209	202	204	208	198	206	211	204	203	215	200	205	211
204	201	206	202	204	212	201	204	207	203	200	211	200	203	211	201	200	212	202	203	208	198	205	210	200	199	209	203	201	211	204	203	215	201	203	210
199	199	204	207	202	204	203	205	205	200	202	205	198	201	210	203	205	208	201	203	204	199	199	214	201	204	207	202	204	207	200	204	206	204	198	203
188	200	208	202	202	204	199	200	208	203	204	205	201	199	206	197	204	208	202	205	206	199	203	208	201	204	207	203	208	205	202	206	207	206	197	206
199	199	214	202	203	208	201	201	210	201	204	208	200	200	211	201	203	211	199	203	214	202	202	212	207	203	213	200	204	214	205	201	211	199	200	212
207	208	205	203	196	207	202	200	206	203	202	210	204	204	210	201	200	208	203	200	208	203	204	203	200	204	210	201	204	202	200	203	210	206	204	207
200	202	209	200	198	212	204	207	214	203	202	212	204	206	212	202	206	214	198	206	213	201	205	213	201	203	211	201	204	213	202	202	212	199	204	211
201	200	204	201	200	202	198	200	202	202	199	201	200	202	204	200	197	208	203	203	203	199	200	209	202	204	206	202	200	200	201	203	204	200	202	204
\machine::top.usb650:setup:su_maj_r1
0
1
1
4.500000
\machine::top.usb650:setup:su_z1
0
1
1
-1.000000
\machine::top.usb650:setup:su_phi1
0
1
1
157.500000
\machine::top.usb650:setup:su_maj_r2
0
1
1
4.500000
\machine::top.usb650:setup:su_z2
0
1
1
1.000000
\machine::top.usb650:setup:su_phi2
0
1
1
157.500000
\machine::top.usb650:setup:su_ft
1
1
1
50mm, P1000-2-UV/VIS EOS00019, 727-733-2447
\machine::top.usb650:comments
1
1
1
relative to track 2
\machine::top.usb650:framing:frm_int
0
1
36
100
200
1000
100
200
1000
100
200
1000
100
200
1000
100
200
1000
100
200
1000
100
200
1000
100
200
1000
100
200
1000
100
200
1000
100
200
1000
100
200
1000
