\machine::top.usb650:setup:su_pixels
0
1
1
651
\machine::top.usb650:framing:frm_n
0
1
1
36
\machine::top.usb650:calib:wve_spec
0
1
651
350
351
352
353
354
355
356
357
358
359
360
361
362
363
364
365
366
367
368
369
370
371
372
373
374
375
376
377
378
379
380
381
382
383
384
385
386
387
388
389
390
391
392
393
394
395
396
397
398
399
400
401
402
403
404
405
406
407
408
409
410
411
412
413
414
415
416
417
418
419
420
421
422
423
424
425
426
427
428
429
430
431
432
433
434
435
436
437
438
439
440
441
442
443
444
445
446
447
448
449
450
451
452
453
454
455
456
457
458
459
460
461
462
463
464
465
466
467
468
469
470
471
472
473
474
475
476
477
478
479
480
481
482
483
484
485
486
487
488
489
490
491
492
493
494
495
496
497
498
499
500
501
502
503
504
505
506
507
508
509
510
511
512
513
514
515
516
517
518
519
520
521
522
523
524
525
526
527
528
529
530
531
532
533
534
535
536
537
538
539
540
541
542
543
544
545
546
547
548
549
550
551
552
553
554
555
556
557
558
559
560
561
562
563
564
565
566
567
568
569
570
571
572
573
574
575
576
577
578
579
580
581
582
583
584
585
586
587
588
589
590
591
592
593
594
595
596
597
598
599
600
601
602
603
604
605
606
607
608
609
610
611
612
613
614
615
616
617
618
619
620
621
622
623
624
625
626
627
628
629
630
631
632
633
634
635
636
637
638
639
640
641
642
643
644
645
646
647
648
649
650
651
652
653
654
655
656
657
658
659
660
661
662
663
664
665
666
667
668
669
670
671
672
673
674
675
676
677
678
679
680
681
682
683
684
685
686
687
688
689
690
691
692
693
694
695
696
697
698
699
700
701
702
703
704
705
706
707
708
709
710
711
712
713
714
715
716
717
718
719
720
721
722
723
724
725
726
727
728
729
730
731
732
733
734
735
736
737
738
739
740
741
742
743
744
745
746
747
748
749
750
751
752
753
754
755
756
757
758
759
760
761
762
763
764
765
766
767
768
769
770
771
772
773
774
775
776
777
778
779
780
781
782
783
784
785
786
787
788
789
790
791
792
793
794
795
796
797
798
799
800
801
802
803
804
805
806
807
808
809
810
811
812
813
814
815
816
817
818
819
820
821
822
823
824
825
826
827
828
829
830
831
832
833
834
835
836
837
838
839
840
841
842
843
844
845
846
847
848
849
850
851
852
853
854
855
856
857
858
859
860
861
862
863
864
865
866
867
868
869
870
871
872
873
874
875
876
877
878
879
880
881
882
883
884
885
886
887
888
889
890
891
892
893
894
895
896
897
898
899
900
901
902
903
904
905
906
907
908
909
910
911
912
913
914
915
916
917
918
919
920
921
922
923
924
925
926
927
928
929
930
931
932
933
934
935
936
937
938
939
940
941
942
943
944
945
946
947
948
949
950
951
952
953
954
955
956
957
958
959
960
961
962
963
964
965
966
967
968
969
970
971
972
973
974
975
976
977
978
979
980
981
982
983
984
985
986
987
988
989
990
991
992
993
994
995
996
997
998
999
1000
\machine::top.usb650:framing:frm_start
0
1
36
0.000000
0.203125
0.625000
2.687500
2.906250
3.328125
5.390625
5.609375
6.031250
8.093750
8.312500
8.734375
10.781250
11.000000
11.421875
13.484375
13.703125
14.125000
16.187500
16.390625
16.812500
18.875000
19.093750
19.515625
21.578125
21.796875
22.218750
24.281250
24.484375
24.906250
26.968750
27.187500
27.609375
29.671875
29.890625
30.312500
\machine::top.usb650:raw_spectra
0
2
651
36
202	200	203	199	196	206	198	202	200	196	199	196	200	201	205	200	197	206	204	202	206	200	199	206	202	192	202	197	199	203	201	200	200	196	203	196
199	204	209	202	203	211	200	203	206	200	207	208	202	200	207	203	202	206	202	204	213	200	202	209	199	201	210	196	201	212	204	198	208	201	199	208
202	200	201	200	195	202	196	200	202	198	199	205	202	201	201	200	201	205	200	201	204	199	200	203	203	200	205	199	200	203	199	198	201	197	199	198
198	205	206	203	198	205	201	201	203	200	201	203	202	202	207	200	200	208	199	203	208	199	200	208	198	201	205	198	202	202	203	198	202	200	206	201
196	203	208	204	202	209	198	201	208	198	199	210	200	202	213	200	201	212	203	204	214	202	205	211	200	205	209	199	201	205	202	204	209	199	199	207
200	201	206	199	204	215	200	202	214	200	202	213	202	199	220	208	201	216	203	203	216	203	202	217	202	205	212	198	204	208	201	203	212	202	199	211
203	202	206	202	203	215	198	202	210	201	204	212	204	201	212	201	204	217	203	207	213	204	202	216	204	203	216	202	200	207	197	200	203	201	198	207
197	196	202	197	203	207	199	204	207	201	200	211	201	203	207	201	201	208	202	206	209	207	199	204	199	199	209	198	204	199	201	200	200	198	198	197
201	202	216	203	202	224	202	201	225	204	202	225	204	203	227	200	203	229	201	204	230	205	209	224	207	205	224	201	201	215	200	205	216	198	200	216
200	200	201	200	201	209	198	200	212	202	203	207	203	203	210	201	201	210	204	205	210	200	202	211	204	204	209	204	201	201	204	198	205	197	202	202
203	201	206	199	203	213	198	204	217	199	200	215	204	201	216	203	200	212	200	205	213	198	204	211	201	201	213	206	198	205	201	200	205	200	198	209
201	202	204	204	197	207	206	200	205	201	204	206	200	201	209	204	204	205	201	199	210	203	205	208	202	201	205	205	200	205	202	200	200	200	204	202
203	205	223	204	204	225	204	208	227	200	204	225	205	207	222	201	206	227	204	207	228	203	208	220	203	204	227	201	205	217	205	203	218	198	202	216
201	196	201	203	200	207	202	205	206	198	200	205	201	200	205	201	207	209	200	199	208	201	203	207	202	200	207	200	196	199	202	198	204	203	200	201
204	206	220	200	196	224	204	207	224	199	209	227	207	202	226	206	203	225	202	203	225	203	206	225	201	206	223	201	204	213	197	200	217	200	205	215
200	204	202	200	203	212	200	206	209	197	202	215	204	201	217	206	206	211	201	203	211	205	203	215	202	201	217	201	204	204	200	203	204	201	199	204
201	203	206	200	199	213	202	201	208	202	203	212	201	202	212	204	205	210	202	201	211	200	202	213	203	199	209	200	202	198	200	203	197	200	199	198
202	204	201	205	206	214	198	205	213	201	204	212	197	203	211	204	199	211	202	203	215	202	208	207	205	202	209	201	204	204	200	201	205	202	198	202
203	204	201	202	204	207	201	205	210	202	203	208	201	202	208	200	204	208	200	205	208	201	202	211	204	207	210	203	198	202	200	197	202	197	201	200
200	198	204	201	204	211	206	204	214	203	204	216	204	202	217	198	209	217	199	207	214	204	206	216	207	203	213	198	201	205	202	199	201	196	204	205
203	198	207	204	206	217	204	203	219	203	204	219	205	202	220	204	208	214	203	207	220	202	200	215	203	207	218	203	203	210	205	202	206	199	206	206
202	198	200	203	205	214	202	205	214	201	202	213	202	204	214	203	207	214	200	205	213	205	204	215	204	206	215	203	198	201	202	202	198	202	204	204
202	204	207	200	205	234	201	206	228	204	206	229	202	207	231	202	206	233	202	208	233	203	204	228	207	207	229	201	202	207	203	204	209	202	202	205
205	205	206	201	206	222	209	205	228	202	210	225	203	211	228	201	207	230	203	207	227	203	211	224	208	206	222	203	203	203	204	204	209	202	206	212
202	202	207	203	204	223	205	209	223	201	209	222	204	202	222	207	208	221	204	208	226	206	208	227	204	206	216	203	200	209	204	201	212	204	204	214
204	205	224	202	203	241	203	209	237	210	208	245	205	207	247	206	213	250	203	212	239	207	212	238	203	214	242	202	203	222	203	207	221	204	207	224
202	203	202	201	209	231	207	207	229	204	202	230	206	203	231	205	209	231	202	209	228	201	207	230	204	208	227	203	200	202	202	199	202	198	197	205
206	201	207	204	207	233	200	208	235	206	208	234	206	208	236	205	211	234	205	206	233	206	207	233	204	209	227	201	203	201	198	200	210	204	202	207
201	205	224	204	207	255	206	210	256	209	213	251	208	213	248	207	214	252	206	212	255	209	213	255	206	214	253	206	209	227	201	202	224	206	209	219
202	203	209	204	204	239	209	211	236	196	204	234	206	203	239	204	214	233	208	206	235	204	206	238	206	213	234	204	202	203	200	203	204	201	206	205
203	208	204	206	210	247	205	208	249	209	210	251	205	211	248	206	213	246	207	212	249	204	212	246	206	212	245	204	202	205	198	204	202	199	206	202
205	201	207	202	207	242	206	209	249	205	214	244	205	215	243	207	212	246	205	211	248	206	207	246	204	207	246	204	203	202	202	203	203	203	203	203
205	202	208	204	214	257	206	218	257	210	212	254	205	213	260	206	215	256	204	213	260	209	213	261	205	212	257	206	200	205	203	206	210	200	207	203
201	208	218	206	210	281	207	213	286	205	214	283	209	218	286	214	215	282	208	217	279	212	220	279	205	214	278	208	205	216	200	203	214	199	208	216
204	202	208	199	212	291	207	216	290	212	218	295	210	215	289	213	219	291	211	220	290	212	219	295	209	221	289	207	206	205	203	200	201	203	202	201
204	202	204	203	216	295	214	222	302	212	219	298	211	222	301	208	221	297	211	222	304	214	218	299	211	219	304	207	207	205	202	204	209	202	203	204
204	201	209	203	216	300	213	219	295	207	221	305	206	218	297	212	225	296	214	218	306	211	219	298	211	221	301	206	206	202	203	205	206	200	203	201
200	201	216	202	203	305	210	220	298	207	222	302	211	221	303	213	220	301	212	218	304	211	225	299	210	223	302	204	204	208	205	201	208	201	203	207
195	205	208	200	207	272	208	217	277	203	218	276	204	215	269	209	217	270	209	217	273	209	215	272	211	219	276	206	203	202	201	204	193	205	204	205
205	202	207	203	208	247	206	214	244	206	215	247	207	214	250	207	215	241	207	212	250	209	213	247	206	213	244	201	200	200	201	203	199	202	202	202
201	202	207	202	205	244	201	208	243	208	211	247	204	212	242	209	210	242	210	209	246	207	215	245	207	216	244	203	202	205	204	202	205	200	205	205
203	201	211	201	206	257	209	213	256	207	210	258	205	213	253	209	215	252	211	213	256	209	212	256	211	211	255	203	206	206	204	205	204	203	204	209
201	207	205	203	210	278	212	220	275	210	217	277	209	216	278	210	217	276	207	214	278	209	217	277	211	214	282	204	203	199	204	205	198	198	202	205
201	200	208	206	207	277	211	219	277	209	214	285	209	219	282	209	215	283	206	218	284	214	221	280	209	217	292	205	201	204	200	204	205	200	204	205
203	205	218	203	218	312	210	229	314	211	222	322	213	227	318	213	221	322	215	229	318	212	223	318	210	223	322	206	205	213	205	203	212	204	205	212
202	202	205	205	214	273	204	220	273	208	217	276	210	217	272	208	216	281	209	216	279	210	215	281	212	217	279	208	204	208	204	204	206	203	207	203
204	207	206	204	211	268	203	227	263	208	216	266	212	212	264	209	213	269	209	217	262	211	218	262	205	216	265	200	204	203	204	200	206	203	199	199
206	203	207	204	204	255	207	214	257	208	212	255	206	207	260	206	216	258	209	215	261	213	220	255	207	208	258	203	204	208	201	202	208	203	208	203
204	206	203	204	209	248	209	213	250	209	210	257	207	212	255	208	212	253	207	211	252	211	216	253	206	214	250	203	202	204	201	201	206	201	204	204
205	201	213	200	214	272	204	212	271	205	215	276	205	213	269	208	217	269	209	217	267	208	216	271	208	216	271	205	206	206	202	202	211	203	201	208
200	204	208	205	216	316	210	228	313	216	224	322	213	230	328	215	226	320	212	227	318	215	224	316	214	224	316	207	205	204	199	205	205	200	199	200
200	203	207	201	217	354	214	231	353	219	229	351	220	229	356	219	235	357	219	233	356	217	231	354	216	232	352	207	206	200	199	201	200	203	201	201
203	202	213	197	218	323	213	228	327	213	229	326	214	226	335	216	228	325	213	230	329	214	222	327	216	226	324	208	207	204	205	207	202	203	198	213
203	200	214	205	225	391	221	240	391	225	242	394	218	239	394	225	246	392	224	246	398	223	234	393	226	241	399	213	208	211	206	207	207	203	203	209
207	201	211	204	230	427	224	248	433	221	251	433	227	245	445	229	247	443	223	244	434	225	249	440	223	245	436	210	208	206	203	203	207	201	200	207
204	204	213	202	221	341	219	231	348	216	232	351	217	233	352	215	230	353	220	234	351	217	227	350	219	232	350	211	208	209	200	206	211	206	203	212
198	203	210	209	223	386	222	241	391	220	233	403	222	233	402	219	239	396	222	244	389	221	239	400	220	242	390	212	208	204	204	203	206	201	201	201
206	206	212	203	229	435	224	252	442	228	245	440	230	250	439	222	250	451	226	251	446	215	249	438	225	247	436	212	207	208	203	206	209	204	201	209
200	199	209	200	222	334	214	229	339	219	233	338	217	231	337	219	226	338	221	228	337	216	229	333	217	230	339	211	208	203	203	206	202	202	202	207
203	201	210	200	222	335	215	229	338	218	230	341	214	231	344	213	228	337	216	236	336	213	230	337	214	230	338	212	205	206	200	206	205	204	208	209
202	207	206	201	223	340	218	226	340	217	233	347	216	229	346	217	231	338	216	232	343	215	229	350	219	230	350	208	205	203	199	205	200	200	202	200
203	198	204	204	216	290	210	219	296	210	219	288	209	221	287	217	222	287	208	219	293	213	223	291	211	217	291	208	204	199	205	204	202	205	203	200
204	200	205	204	218	326	215	224	327	215	228	329	213	228	333	216	230	327	218	225	331	213	227	326	217	227	328	208	205	203	203	198	206	202	201	208
203	203	215	208	212	312	216	225	322	214	226	328	211	226	325	215	231	328	213	229	325	214	222	323	215	225	318	211	200	207	202	202	206	205	209	208
203	204	210	203	217	306	211	221	301	211	226	305	213	225	308	212	225	312	216	230	310	214	225	318	209	222	304	207	203	206	203	204	203	201	205	206
202	207	227	208	267	684	251	296	697	250	297	697	254	301	688	252	298	692	250	300	697	250	301	697	251	297	696	225	215	211	202	205	214	206	206	215
202	205	219	204	253	534	237	270	542	235	265	545	240	269	542	236	270	539	234	265	548	239	269	531	231	271	536	221	210	212	204	205	207	203	204	210
204	204	216	202	228	399	220	242	403	223	236	394	220	242	404	223	244	395	226	241	406	220	240	397	218	239	395	210	210	215	206	204	215	202	201	212
204	203	222	205	251	548	237	273	563	235	278	566	239	272	565	243	272	560	238	276	558	243	278	565	236	268	552	217	209	210	202	201	207	205	208	209
203	205	236	212	340	1291	309	407	1299	300	407	1311	314	407	1299	312	418	1312	305	411	1286	300	412	1304	302	405	1280	247	218	206	203	204	212	205	204	209
205	205	229	206	289	836	265	325	857	260	327	857	265	331	853	266	329	853	260	333	847	263	331	837	265	326	847	227	210	214	204	202	210	202	203	212
201	206	217	203	229	414	224	247	417	219	245	416	221	250	420	227	245	423	224	244	421	222	245	413	230	246	422	211	206	210	202	198	206	203	203	204
203	207	217	202	240	473	232	255	492	232	262	487	227	259	492	232	259	492	231	257	494	234	256	489	235	261	480	211	202	209	203	203	212	204	201	211
203	207	216	205	234	391	222	242	397	223	250	400	223	238	400	220	239	403	222	238	408	222	247	405	221	241	404	208	204	207	203	206	207	205	205	207
207	202	216	203	221	349	216	231	364	215	239	360	220	229	363	217	232	359	216	229	358	214	235	357	218	237	358	211	205	206	204	205	205	201	205	196
203	202	230	207	287	857	265	325	873	267	340	877	269	327	883	268	330	876	265	331	874	263	332	867	266	331	861	229	215	208	204	203	207	203	205	210
205	207	235	205	324	1091	292	374	1116	289	378	1124	289	375	1111	294	386	1107	288	375	1121	292	369	1088	288	367	1102	241	223	203	202	206	206	204	202	208
203	206	253	208	299	964	277	353	993	275	357	1001	290	357	985	280	356	990	280	350	996	279	352	983	281	349	995	238	220	224	205	210	229	204	208	226
202	205	217	205	244	519	236	270	533	238	265	536	238	273	548	235	278	531	231	268	530	236	270	542	242	268	543	216	209	208	203	202	206	206	202	204
203	202	222	206	253	566	243	275	572	243	276	576	235	274	574	235	278	570	237	279	567	240	275	565	240	276	566	220	212	204	202	203	207	203	206	202
202	206	220	207	241	497	242	261	497	232	262	498	230	261	503	226	259	496	232	261	495	235	261	500	232	259	501	219	207	201	205	196	205	201	208	203
201	203	214	208	226	375	220	243	376	221	237	370	217	240	380	223	238	383	219	238	381	224	234	376	220	238	382	213	207	204	199	201	203	202	204	203
204	208	242	210	258	582	239	278	608	241	276	600	242	281	608	242	279	600	241	277	597	244	280	607	238	279	597	220	211	232	210	207	230	210	210	230
205	211	237	210	285	829	258	323	852	263	326	866	262	329	856	266	329	863	265	330	852	263	329	849	268	329	851	231	211	214	204	203	215	202	202	213
204	207	242	210	457	2377	402	617	2473	414	626	2525	421	635	2501	416	643	2520	425	633	2507	411	622	2514	424	631	2515	272	224	210	202	201	208	200	203	209
204	203	228	204	330	1258	301	410	1307	311	407	1328	305	416	1335	309	419	1323	306	417	1321	311	410	1329	312	410	1333	238	213	207	206	206	209	206	202	206
206	208	229	205	279	718	252	308	749	256	310	753	254	313	764	255	310	748	256	310	767	259	310	764	256	310	772	221	211	215	204	207	216	202	206	215
205	208	252	206	264	621	241	287	636	241	290	632	245	296	634	248	289	641	241	287	640	245	294	643	245	293	649	214	216	240	208	215	239	207	212	239
202	203	215	212	233	451	227	254	455	224	252	466	232	252	456	225	256	458	229	253	450	226	255	457	232	250	451	212	209	209	205	201	202	201	203	211
203	206	214	210	254	679	245	295	688	249	296	678	250	294	695	246	303	684	247	302	674	252	293	685	250	299	682	219	209	208	204	205	200	200	206	204
200	202	216	206	245	539	236	267	559	234	278	564	230	274	566	240	274	572	237	277	568	237	271	565	238	276	563	212	206	208	200	198	210	206	205	211
205	206	217	208	248	536	233	267	540	239	271	539	233	279	551	235	270	548	236	274	539	234	269	540	238	271	554	215	205	212	205	204	214	203	204	209
206	205	220	208	347	1434	320	434	1488	323	437	1495	315	456	1484	326	444	1489	325	443	1476	320	439	1501	325	440	1498	243	215	207	204	206	203	203	205	205
200	205	217	204	272	759	251	316	791	258	317	793	258	319	806	268	319	814	261	322	803	261	319	796	259	322	811	224	210	205	203	208	204	200	206	207
198	203	212	204	234	426	224	245	433	226	246	434	224	246	431	228	256	437	222	250	444	226	244	438	226	249	440	214	205	204	198	208	205	205	204	203
202	204	218	209	213	307	216	221	309	214	226	307	215	222	308	216	225	318	212	221	314	214	225	312	212	224	307	207	210	210	203	205	205	207	206	211
202	201	220	205	217	301	215	220	312	217	224	308	211	224	304	211	223	308	209	225	305	211	221	307	213	220	306	209	205	207	203	207	211	204	207	213
203	205	216	204	230	388	218	241	398	221	242	400	219	240	402	221	239	403	221	243	396	221	241	396	222	244	395	209	207	204	207	203	209	203	208	208
205	204	216	200	224	360	219	239	373	217	237	385	220	241	377	220	234	381	223	239	373	219	238	381	220	235	375	208	206	210	202	204	206	202	203	209
203	207	217	202	218	327	215	225	324	218	228	329	215	222	331	217	227	331	216	226	332	214	227	329	218	226	329	209	202	207	202	206	208	200	201	208
204	202	216	203	233	440	224	247	451	230	250	457	228	249	452	229	248	454	227	249	448	226	251	452	227	247	443	215	209	207	201	204	202	204	203	204
204	205	220	201	233	437	224	246	445	234	258	447	226	246	433	228	250	441	226	249	442	227	252	435	225	244	439	213	213	213	204	204	207	203	203	208
200	207	214	204	223	375	221	241	383	225	235	386	218	240	395	223	238	384	220	239	389	219	237	389	222	238	385	210	202	205	202	202	203	199	204	207
201	204	214	205	229	402	224	243	408	220	246	406	223	239	412	226	248	411	218	241	421	226	239	416	222	238	412	211	209	210	198	206	211	200	206	205
202	204	223	204	262	644	248	290	653	253	294	669	245	296	674	249	296	662	243	292	665	244	290	665	245	291	662	217	212	214	202	205	207	203	203	215
204	205	227	205	237	449	226	247	453	227	247	457	230	253	459	225	248	448	223	250	459	226	251	456	233	253	455	216	210	208	208	202	211	205	204	209
201	202	227	206	227	387	220	240	402	220	239	399	218	242	394	221	241	397	221	240	400	218	243	398	223	241	400	209	207	214	202	203	210	200	204	207
204	204	226	207	244	553	233	271	562	235	275	572	233	271	572	240	274	562	235	276	569	237	274	570	240	271	574	220	207	208	205	202	205	201	207	205
205	206	228	207	285	949	273	347	971	274	349	970	275	353	990	278	357	973	280	355	977	275	350	992	274	348	986	230	212	208	205	203	206	200	205	210
202	209	223	205	269	699	250	302	718	253	307	733	254	307	731	255	304	728	258	303	735	257	305	733	258	307	728	222	209	203	204	203	203	200	201	205
201	205	235	206	336	1367	308	426	1438	318	433	1461	324	438	1434	318	431	1452	314	437	1457	319	430	1469	322	432	1466	240	219	215	202	202	211	200	203	213
201	206	229	205	279	853	267	330	866	271	332	898	271	337	876	266	335	897	270	337	882	271	336	889	268	336	904	226	212	205	203	204	209	201	200	210
203	203	228	209	245	515	231	260	517	234	262	520	233	269	516	235	268	524	233	266	517	235	263	509	231	265	524	212	212	211	201	203	213	200	206	210
204	206	223	207	226	385	221	238	384	225	239	382	218	239	380	217	234	384	222	234	385	218	236	391	220	235	374	209	207	207	201	201	213	207	204	212
202	205	224	207	224	339	220	230	338	216	228	334	214	228	334	219	223	338	225	227	336	213	232	332	217	231	346	210	209	207	209	205	214	200	205	210
203	209	251	209	250	598	234	277	598	235	281	617	242	277	606	239	287	615	239	281	608	241	278	614	242	279	610	222	214	234	203	208	234	204	212	233
205	210	249	210	232	433	227	251	450	223	250	444	229	246	445	225	253	449	229	251	446	226	245	449	226	252	433	212	213	233	203	207	231	204	209	232
201	204	220	208	221	331	217	228	335	214	227	339	215	227	340	214	232	339	214	228	340	216	226	341	215	228	342	207	202	206	203	202	204	201	201	204
206	202	218	205	216	318	218	224	321	211	228	319	212	223	324	211	222	316	215	230	317	212	228	319	213	221	321	203	209	205	198	203	205	204	205	210
205	205	220	207	223	350	218	228	345	217	232	345	218	226	354	215	234	349	210	229	351	220	226	353	217	227	348	212	208	208	203	207	207	205	201	210
206	208	215	208	222	365	214	235	363	216	233	357	218	232	358	220	235	363	217	231	358	224	234	362	217	233	360	207	206	203	204	204	207	202	206	205
202	201	216	203	221	338	216	231	337	214	230	338	215	231	344	215	230	349	216	229	338	215	224	339	220	225	342	209	205	205	201	203	205	206	207	205
201	199	225	209	252	628	247	288	643	245	285	654	246	290	663	242	297	654	244	290	649	243	295	639	249	291	658	217	207	212	201	201	211	201	204	205
201	205	231	207	264	726	260	307	737	255	303	746	256	302	760	254	312	733	249	303	736	255	301	753	253	295	740	219	214	209	202	206	214	204	209	210
204	201	222	209	235	446	220	249	443	226	255	436	228	249	451	232	247	443	226	248	451	228	256	445	223	244	448	214	209	212	199	207	213	204	201	209
201	204	222	206	230	402	223	244	402	224	244	405	224	245	405	221	240	400	224	237	400	224	250	404	220	238	402	213	206	205	202	206	210	201	209	209
201	202	220	202	275	759	253	312	773	254	308	779	256	315	783	257	321	782	254	313	780	263	318	765	257	315	800	224	207	200	200	202	204	205	206	201
207	203	216	207	231	429	222	248	435	228	246	436	230	246	432	224	247	441	232	247	433	224	248	433	227	248	436	211	206	205	201	203	206	203	204	203
204	203	216	204	222	321	211	221	328	214	230	320	215	226	326	213	224	323	218	233	319	215	221	328	215	227	329	209	205	208	201	203	202	200	204	206
204	207	215	204	221	356	212	232	374	218	236	361	219	235	364	215	235	361	219	235	363	217	232	369	216	235	363	208	204	205	203	204	203	201	206	204
202	201	234	211	365	1644	336	483	1709	343	485	1726	338	487	1739	344	493	1738	341	484	1738	336	489	1747	342	475	1742	247	220	212	202	204	209	201	204	206
199	204	216	205	271	716	254	298	723	252	306	727	255	306	720	260	308	726	256	306	735	253	305	739	254	305	733	221	209	203	204	203	203	201	201	206
200	204	222	205	228	415	219	250	418	221	243	422	227	247	420	223	245	422	219	244	418	222	242	410	225	243	420	209	206	208	205	202	207	202	204	211
200	203	219	204	221	333	215	224	324	213	225	326	213	226	333	213	227	325	217	228	331	218	226	328	214	228	332	207	204	209	202	206	209	203	200	207
203	204	227	207	248	574	237	273	596	242	274	587	241	278	588	242	278	597	240	277	594	244	279	593	240	282	593	214	206	208	205	205	206	203	200	205
206	206	224	209	247	538	234	271	558	240	272	550	237	275	548	239	277	550	240	274	543	237	271	547	235	271	552	214	209	211	201	204	208	203	203	211
202	209	233	205	246	548	225	270	559	234	266	571	238	274	566	235	273	563	241	268	564	241	276	566	237	272	575	217	211	207	203	204	210	206	201	209
200	205	241	210	440	2247	392	579	2313	401	588	2351	398	599	2378	404	611	2344	397	603	2355	399	588	2376	401	607	2373	271	222	204	202	203	201	200	201	204
201	201	236	212	391	1749	346	504	1801	352	505	1854	360	506	1862	357	520	1845	353	510	1833	354	502	1854	358	510	1840	248	222	209	198	206	206	201	201	201
198	200	231	204	278	790	255	314	817	258	313	839	259	328	819	265	313	830	256	320	813	270	321	814	262	320	818	224	219	207	204	205	206	204	204	207
206	206	230	203	236	456	230	252	470	225	252	462	229	254	478	229	257	479	227	257	478	232	252	472	229	251	483	216	217	211	201	206	214	201	205	215
202	204	223	204	228	370	220	234	380	214	231	378	219	235	385	218	238	377	222	239	370	222	233	386	220	237	375	211	210	209	201	207	209	200	206	205
200	204	233	207	226	379	219	238	377	213	235	387	222	240	382	220	239	382	219	251	390	225	240	387	219	236	377	216	208	214	205	205	210	205	204	216
201	205	230	205	239	446	223	247	448	226	253	466	225	258	460	226	253	458	226	252	463	223	251	453	226	255	463	214	208	213	208	205	210	203	204	212
203	202	224	203	221	350	213	235	352	215	234	355	212	232	367	217	231	359	217	233	361	218	229	358	219	235	360	208	209	212	202	206	207	203	205	207
202	200	223	205	223	362	219	228	359	218	235	361	220	237	362	217	235	357	218	235	359	215	234	356	221	230	361	207	206	207	204	201	206	204	201	204
200	202	236	208	260	656	245	291	676	248	295	675	248	297	677	248	292	669	246	296	671	246	297	675	251	295	674	218	206	213	204	205	212	206	205	214
197	199	223	204	231	436	224	248	454	228	251	460	230	251	450	227	252	455	226	251	459	228	250	460	228	251	464	213	210	202	203	201	208	204	202	206
205	201	220	205	220	357	214	231	354	220	241	364	220	231	353	218	232	353	218	235	360	215	231	354	220	234	349	208	210	200	201	200	202	203	205	205
201	199	223	206	221	335	213	225	344	214	228	342	215	230	335	214	228	339	214	228	342	217	227	341	213	224	344	207	212	206	198	199	210	202	202	204
202	201	221	206	248	564	238	273	568	238	272	572	238	277	581	239	278	576	237	273	580	240	279	576	241	280	583	219	206	206	199	202	211	205	200	204
203	201	226	209	269	722	253	313	734	250	307	760	258	296	761	261	313	748	253	309	753	257	310	757	254	308	752	224	208	203	207	202	209	205	202	210
206	198	220	205	237	459	222	251	458	226	253	464	227	253	466	228	257	468	223	253	469	228	254	467	231	254	463	210	211	211	202	201	209	204	203	210
203	201	222	204	227	366	215	232	369	217	238	361	216	238	365	215	235	365	214	233	367	216	233	357	218	238	362	208	205	204	203	201	206	206	205	204
201	206	229	205	230	406	218	244	408	220	244	411	221	239	412	221	246	415	221	238	409	223	247	409	223	242	412	212	209	213	206	205	215	207	207	214
201	203	228	207	241	494	232	259	502	234	264	516	228	259	507	234	260	502	231	250	499	231	256	504	233	260	509	216	215	209	199	205	206	199	204	206
201	206	231	206	249	562	236	278	579	239	272	569	242	273	566	238	281	568	237	277	574	235	273	575	242	268	569	214	209	208	204	207	212	202	209	209
206	207	238	204	241	468	232	254	484	228	257	479	226	260	480	231	258	472	227	257	481	230	259	486	229	263	476	211	208	217	208	203	216	205	202	215
203	202	230	207	233	432	229	248	435	222	250	437	225	248	442	228	252	437	226	245	443	224	251	440	222	250	437	212	209	210	203	202	208	203	204	208
205	206	228	209	226	387	223	238	390	219	246	390	219	244	400	218	243	397	221	238	396	221	239	400	220	238	386	211	210	208	196	204	211	201	203	203
205	203	220	206	221	353	217	234	351	217	230	344	217	234	350	215	228	345	214	230	349	219	233	357	217	229	354	212	209	208	202	203	208	201	200	211
206	203	225	205	224	348	215	236	358	216	237	351	218	234	357	214	231	356	226	234	354	216	229	355	219	234	351	207	213	216	204	204	216	205	204	213
202	201	228	209	225	348	215	228	357	216	233	360	214	235	352	220	228	353	215	234	357	214	232	358	212	230	356	210	210	209	201	207	211	201	204	212
205	203	220	203	228	374	217	236	383	221	240	381	219	237	391	218	241	384	218	236	380	218	237	392	222	237	385	207	208	208	202	199	203	201	201	208
199	201	224	204	257	638	239	287	657	249	291	656	247	292	657	244	290	653	243	291	655	247	287	668	247	293	660	217	211	209	201	204	200	202	200	200
204	203	227	209	243	487	228	258	505	229	257	495	233	256	499	233	261	499	223	260	497	228	261	494	236	255	487	215	212	204	202	207	212	201	204	207
201	201	226	208	241	499	229	263	506	232	263	502	229	265	504	232	265	504	227	262	506	232	260	509	230	258	511	217	203	205	202	203	208	203	203	205
203	203	223	205	228	390	217	239	383	217	237	376	222	234	389	221	238	390	218	235	387	221	235	381	219	239	390	208	207	212	202	203	212	204	205	208
202	199	222	206	245	529	236	263	531	232	267	528	237	261	523	235	263	527	233	268	528	233	262	525	234	265	531	219	213	206	200	202	209	205	203	205
202	207	229	203	231	428	226	248	429	229	248	435	227	246	443	223	246	426	222	243	428	219	243	430	224	250	435	211	209	212	204	204	211	199	202	212
207	206	226	204	224	342	216	236	349	216	233	349	218	233	345	215	236	355	215	230	347	217	233	347	217	233	344	208	210	215	199	203	215	204	203	210
201	203	229	201	226	371	219	236	376	214	237	372	216	239	374	221	238	369	218	237	378	220	235	369	221	234	373	211	207	214	203	205	209	204	203	207
200	204	225	206	234	418	218	241	424	221	247	418	224	246	425	223	245	425	223	243	424	222	245	418	222	242	428	210	206	212	202	207	209	203	203	217
201	199	212	208	220	332	215	227	337	212	230	333	217	228	342	219	229	334	215	225	342	213	227	342	215	224	336	208	207	200	201	205	202	203	201	200
204	202	215	208	218	336	215	226	344	216	230	344	214	224	340	214	224	338	218	234	345	215	231	345	218	228	339	212	209	203	204	202	203	204	205	203
205	205	232	204	228	405	221	243	420	225	247	418	225	243	425	224	244	417	224	248	417	224	246	422	224	242	416	212	207	219	205	204	218	202	203	217
203	205	225	200	224	357	218	230	359	218	235	351	217	233	355	214	232	356	215	234	361	215	235	365	224	233	354	212	209	217	204	205	221	204	207	220
202	204	224	205	215	315	210	222	322	213	222	318	217	225	318	212	225	327	213	229	316	215	232	317	214	225	321	209	206	206	203	204	208	202	204	204
208	204	225	204	220	333	212	225	335	210	223	332	213	229	332	220	231	339	215	228	340	212	227	334	217	226	342	207	209	210	202	206	210	200	198	208
204	205	228	205	216	316	210	220	326	213	222	326	213	223	325	213	224	321	215	228	319	211	223	323	216	226	320	209	205	219	203	208	216	202	202	217
207	201	218	202	220	308	211	219	317	212	222	309	207	218	307	208	224	305	211	225	309	214	227	304	214	220	314	205	205	205	198	202	206	205	202	204
207	198	219	205	220	327	215	223	331	213	225	326	212	223	322	215	221	328	216	222	329	213	226	320	212	224	320	209	206	202	202	200	201	204	200	200
202	201	225	206	219	331	214	228	331	214	227	335	216	229	335	218	231	330	216	229	331	214	228	332	215	228	329	207	210	207	199	201	209	202	204	205
204	200	221	204	221	342	214	229	344	215	229	340	215	230	342	214	229	341	214	232	344	217	230	338	217	225	345	209	205	204	199	202	203	202	200	201
204	203	222	204	221	354	218	233	359	215	228	349	219	232	362	222	231	354	217	227	354	215	236	364	218	234	362	217	207	203	205	200	200	200	203	202
200	198	230	206	227	375	223	236	372	219	235	391	216	240	384	218	232	378	216	237	369	216	239	378	218	234	380	216	209	209	205	204	210	203	202	209
204	200	222	200	225	356	219	235	361	217	235	363	216	231	365	217	237	364	221	233	362	218	230	360	214	231	368	206	206	204	201	205	205	204	201	202
203	204	223	201	223	375	219	238	375	219	234	384	219	242	375	222	238	387	220	234	381	221	232	378	217	240	382	211	208	205	201	199	205	206	204	203
199	203	225	203	212	357	216	231	353	211	232	355	218	234	355	213	232	352	215	231	356	220	232	358	219	237	361	211	207	209	206	203	206	202	204	206
197	201	221	207	221	349	213	230	354	218	229	359	220	230	352	214	231	349	220	231	357	216	230	348	214	232	352	206	210	207	201	200	204	201	200	207
204	207	225	206	225	348	215	232	355	214	227	351	217	230	347	217	230	353	214	230	345	214	230	350	216	227	354	210	208	206	203	202	206	204	199	207
202	201	226	208	221	369	217	239	374	218	236	375	221	232	372	218	242	365	217	238	371	221	235	370	217	222	374	210	210	207	205	202	203	200	200	197
200	207	224	203	235	420	220	242	430	224	244	424	217	248	422	220	246	419	228	243	421	221	244	418	222	244	413	213	207	208	205	203	210	204	201	211
202	206	223	205	222	365	219	235	368	216	229	369	215	237	364	222	233	366	217	232	367	220	232	363	220	235	362	211	211	208	201	199	212	204	201	208
198	204	226	204	235	418	222	246	430	221	240	421	219	247	425	219	243	422	223	246	427	225	244	419	225	245	421	213	209	210	201	204	213	205	198	215
201	201	233	206	242	510	238	260	516	231	259	526	236	262	524	231	261	499	230	268	504	229	257	506	233	267	509	218	212	206	199	202	206	199	202	207
202	206	226	204	238	415	226	241	427	222	242	427	223	239	418	220	242	415	221	243	417	219	250	426	225	242	421	209	214	209	201	205	210	204	201	211
206	209	241	206	232	408	218	241	423	222	240	431	224	243	414	224	245	421	222	240	413	225	247	421	225	244	412	215	213	219	207	203	224	202	205	222
200	201	222	205	219	352	215	234	358	216	228	361	221	233	361	219	231	364	216	231	369	217	232	365	214	231	362	208	204	205	202	202	207	202	201	202
205	203	228	204	269	682	247	294	693	250	296	697	253	295	694	249	292	692	248	301	684	249	296	694	248	295	688	222	216	202	200	199	202	200	200	200
201	203	228	204	251	569	238	265	579	238	277	575	236	276	567	236	276	582	237	274	573	237	273	563	244	273	570	216	209	202	202	204	203	202	202	205
204	200	226	202	234	424	221	244	428	225	241	431	224	249	422	226	242	424	229	245	423	228	245	424	222	244	419	209	208	210	202	200	205	203	202	207
200	201	218	202	225	371	219	242	384	220	237	385	219	236	389	221	240	385	215	237	381	219	240	393	218	238	377	208	209	200	203	202	203	202	205	207
200	201	217	202	226	364	213	234	362	218	230	357	219	235	361	218	231	363	217	233	363	218	232	360	217	232	361	211	209	204	205	200	199	198	201	203
201	204	222	202	222	345	216	228	344	218	229	345	217	231	348	216	229	348	214	231	349	218	229	354	216	230	346	209	212	209	201	208	212	201	207	209
202	197	222	205	245	514	232	259	509	232	260	510	233	259	517	231	264	509	232	261	514	229	263	502	234	259	514	215	208	204	199	202	202	198	202	204
200	200	234	209	258	596	244	279	606	238	283	613	248	281	599	243	279	617	241	281	596	237	284	612	242	284	601	220	214	208	201	202	210	201	202	210
199	203	222	206	245	511	236	269	522	235	263	532	230	263	527	232	265	506	232	264	513	234	264	511	233	265	521	212	208	198	195	201	202	202	204	201
201	198	218	201	224	363	223	234	370	221	232	372	217	234	363	218	236	364	215	234	364	217	230	365	213	232	357	209	207	203	206	199	207	198	199	204
205	204	218	205	219	357	217	231	363	216	231	359	219	231	361	218	235	357	220	231	363	218	234	364	214	232	366	210	207	209	200	201	206	202	206	205
206	205	231	202	245	518	232	261	519	235	266	529	239	272	521	234	266	528	232	266	521	230	266	531	236	263	536	217	212	215	207	204	218	205	205	217
201	203	220	204	234	428	225	241	434	225	251	436	228	247	437	226	243	427	220	244	427	225	246	425	223	241	427	211	208	207	201	204	205	198	202	206
200	201	215	202	222	348	218	232	353	220	231	347	214	229	348	213	230	343	221	224	350	214	232	349	215	228	345	207	208	204	199	203	202	205	203	204
202	200	220	203	221	320	211	227	330	210	222	322	215	219	325	213	224	318	210	224	317	214	228	322	212	229	321	205	205	206	207	202	212	199	204	206
201	201	219	205	221	362	221	236	368	221	234	362	213	237	364	216	235	359	219	232	363	215	232	362	216	233	365	208	207	209	204	202	210	204	203	201
201	201	222	206	240	475	228	260	477	227	255	485	227	262	484	231	258	482	225	258	483	230	252	470	230	256	479	212	205	212	202	198	208	206	202	208
203	199	228	206	227	379	220	232	376	219	235	382	219	235	383	218	241	384	225	240	372	221	240	383	221	237	377	210	206	208	203	202	212	200	205	214
205	205	241	207	227	368	217	239	368	217	236	369	215	231	363	221	230	366	218	234	364	215	230	363	212	232	363	209	212	226	202	206	226	203	205	228
203	199	224	211	227	391	218	238	385	221	237	387	220	236	388	220	239	390	223	240	391	219	242	382	218	239	383	208	210	207	200	203	206	204	204	209
202	203	216	200	223	370	217	234	384	216	235	385	220	236	380	218	240	381	215	235	374	215	239	384	222	239	386	210	207	197	204	201	202	203	203	202
211	210	264	210	229	382	217	233	387	223	237	384	223	233	385	217	234	383	217	240	378	219	235	386	218	237	383	216	216	251	205	210	246	207	210	249
209	214	287	209	229	378	216	237	383	219	239	381	218	235	379	225	236	385	220	234	382	217	235	378	216	233	381	213	220	272	203	216	266	209	219	271
201	201	227	204	218	300	213	221	297	205	221	308	209	225	299	212	224	302	211	221	302	213	224	302	210	222	304	207	207	212	201	206	207	202	205	211
204	204	246	208	228	337	215	229	355	213	232	359	216	229	355	217	236	360	219	232	355	217	229	353	215	233	362	205	215	227	204	208	222	206	207	229
201	208	239	209	233	431	226	246	434	220	253	435	226	254	442	228	250	427	226	247	421	221	243	434	227	248	435	210	211	224	206	205	221	204	205	223
207	206	225	202	215	318	213	222	315	215	226	325	213	227	329	212	224	321	219	227	329	212	220	321	212	226	316	204	206	213	202	205	208	200	204	212
206	203	215	205	215	302	210	216	303	213	220	297	212	218	295	213	223	303	210	218	301	210	223	297	210	213	294	206	202	209	202	203	203	203	199	209
199	200	216	203	224	361	218	232	357	213	234	362	218	233	356	215	232	356	219	231	354	215	229	357	215	231	353	206	209	203	200	202	207	200	201	203
203	201	218	202	222	316	211	225	326	214	223	328	212	232	329	213	223	324	216	224	321	212	226	322	215	221	324	210	209	200	199	201	203	205	203	200
199	198	224	203	214	311	213	220	308	211	222	305	215	225	311	212	221	310	212	226	317	214	225	319	213	218	313	208	209	209	203	202	210	199	203	202
201	199	214	204	218	327	209	226	330	213	222	327	212	226	327	214	226	329	216	225	329	217	227	329	211	226	324	208	202	207	200	204	206	201	202	201
202	203	220	201	218	294	216	213	296	211	221	297	210	221	291	210	219	293	212	224	294	205	219	291	210	217	299	204	204	207	205	201	204	199	200	205
201	205	218	205	213	285	208	213	279	212	218	284	208	219	281	206	215	290	208	217	285	203	220	283	209	217	281	206	209	210	198	202	208	205	202	205
206	202	222	207	225	353	215	230	357	222	227	362	216	231	353	214	237	350	220	235	351	215	235	345	217	231	353	208	206	207	201	204	214	199	201	210
201	201	220	203	220	326	213	229	318	209	224	317	206	221	317	214	225	315	214	222	320	214	224	324	215	219	316	208	205	208	203	204	208	206	204	207
200	201	215	205	217	289	210	218	293	210	218	297	211	213	294	212	221	298	213	220	290	210	217	286	213	219	294	211	203	208	201	202	206	201	203	206
203	204	224	201	218	320	211	225	325	211	220	316	212	225	320	210	227	324	212	226	326	215	226	323	218	226	330	208	208	210	203	207	210	203	201	211
205	205	220	202	219	317	213	224	302	215	222	306	207	222	308	206	227	306	213	224	302	210	226	310	208	220	310	212	207	206	204	203	209	198	205	207
198	201	222	202	235	451	224	235	460	223	249	453	223	248	460	227	249	453	227	245	453	226	251	452	227	251	450	211	207	201	198	205	208	202	202	210
201	200	224	204	247	556	234	270	555	238	276	551	237	273	557	233	269	552	240	272	555	234	272	557	235	267	555	214	210	204	203	203	206	203	203	203
200	204	221	203	224	354	210	239	362	216	232	355	217	234	362	213	232	359	214	233	357	216	233	359	217	233	359	209	207	204	202	204	208	202	202	209
204	200	228	206	231	431	219	249	439	222	246	433	223	248	438	221	247	435	227	242	435	224	250	431	221	242	430	214	205	204	204	204	207	199	204	210
198	206	216	202	220	363	215	235	375	218	234	375	217	234	372	215	237	371	220	235	367	218	236	374	216	234	369	211	209	202	201	202	202	205	201	201
202	203	223	203	230	414	223	243	425	222	243	420	220	250	418	226	245	425	221	243	416	220	241	417	221	243	426	217	208	201	202	201	204	201	201	206
200	202	217	204	221	350	216	231	355	218	237	355	213	231	363	219	230	355	213	232	359	218	232	358	214	230	360	210	206	207	202	202	206	202	204	206
201	201	211	205	213	299	207	223	298	207	222	300	213	218	295	211	217	296	211	223	301	209	224	302	212	216	304	206	206	195	202	196	201	202	203	201
201	200	218	204	211	283	204	218	287	210	217	286	208	218	283	208	219	282	209	219	285	211	217	285	209	213	286	205	202	204	203	201	204	203	205	203
206	199	217	205	218	315	212	228	317	211	221	319	210	225	313	216	226	319	217	225	320	211	223	323	213	223	320	206	204	205	205	201	207	203	201	208
201	202	226	201	219	330	217	227	330	213	224	331	213	224	332	210	225	334	211	226	327	217	229	334	215	228	326	208	206	211	205	204	212	204	201	215
203	204	225	204	222	353	217	236	359	219	229	359	215	232	355	214	232	356	218	229	353	219	235	357	216	228	356	207	206	211	204	202	211	200	202	212
203	200	216	201	231	356	219	230	351	213	236	355	221	236	367	220	230	362	221	233	360	215	232	357	217	231	360	205	205	198	198	203	199	199	198	201
203	200	221	207	223	361	217	233	360	217	235	364	214	231	370	218	229	359	218	231	358	221	232	363	217	233	367	204	207	207	207	201	214	202	204	210
200	200	220	206	227	386	219	236	385	221	236	391	219	239	385	220	239	377	216	243	383	219	237	378	219	238	383	211	207	204	201	203	205	199	201	206
202	203	249	209	346	1247	296	401	1281	301	396	1268	295	408	1261	301	396	1275	303	406	1243	294	404	1240	305	398	1251	242	223	210	202	204	214	202	203	215
203	202	230	210	300	921	274	343	942	274	342	935	270	346	950	273	343	937	270	341	930	274	343	937	275	336	935	227	214	203	200	202	202	197	202	204
204	206	231	208	255	594	239	283	606	243	275	604	239	282	603	238	281	611	238	282	594	241	280	599	241	279	602	224	207	211	201	200	214	201	203	213
201	205	222	204	241	495	234	267	514	232	255	508	229	263	518	238	262	504	231	265	500	234	258	499	229	258	511	217	205	205	200	200	207	200	200	207
204	202	219	204	220	329	210	227	332	211	224	336	219	230	334	216	222	331	214	224	324	212	230	329	216	229	326	206	205	206	202	204	204	200	202	205
203	200	215	206	214	285	204	218	277	210	215	283	208	219	282	205	214	285	209	217	280	211	214	286	207	213	280	206	204	198	202	200	205	198	200	202
197	201	214	198	214	306	212	225	303	207	223	304	215	224	306	214	222	308	212	220	308	210	220	308	211	218	311	204	206	200	199	198	204	200	202	201
203	204	218	204	236	438	220	248	443	226	246	440	227	249	440	223	251	438	225	241	440	223	251	445	220	250	450	210	209	207	198	203	199	201	204	201
199	201	216	203	247	549	232	270	560	241	272	559	234	271	555	236	270	560	235	273	562	238	273	557	233	271	555	214	207	207	201	202	209	201	204	209
204	201	220	203	235	456	223	254	465	229	253	473	230	250	477	229	255	467	223	253	468	229	253	481	229	254	467	211	207	206	202	203	208	202	202	208
201	202	227	206	215	346	214	230	343	211	229	352	217	231	353	219	230	351	219	223	346	219	228	348	215	231	345	208	209	218	203	202	214	201	204	214
201	201	214	208	220	349	212	233	345	213	228	355	214	234	352	213	228	351	217	226	357	216	229	356	213	234	353	201	205	201	198	201	200	203	201	206
201	198	214	207	224	376	215	235	368	217	234	378	221	234	370	217	236	367	215	230	372	214	236	366	219	230	373	212	203	205	201	205	202	203	197	205
202	200	211	200	220	330	215	224	336	213	225	336	215	227	335	211	234	333	214	230	331	214	229	334	213	227	326	207	206	206	207	201	205	204	201	205
203	202	218	206	253	582	233	284	594	241	278	614	240	279	610	240	286	598	238	276	599	239	280	592	238	281	590	213	208	207	201	203	203	206	203	200
203	205	234	205	227	414	219	242	409	219	239	413	222	244	412	218	242	411	218	243	409	222	244	408	221	239	411	211	212	225	206	205	224	202	201	222
214	218	296	214	231	381	220	237	376	219	231	384	221	235	378	215	235	374	214	234	378	219	236	382	218	232	378	215	224	289	212	218	291	209	218	288
201	204	218	204	213	280	213	217	283	211	216	284	212	218	283	207	220	286	203	213	283	208	218	280	208	220	287	209	205	208	203	205	209	202	205	210
203	207	234	207	226	398	225	237	403	218	243	399	219	239	405	225	244	402	217	240	400	218	241	397	219	239	401	211	208	220	203	207	219	200	204	217
199	203	217	205	222	357	219	229	358	220	236	352	218	235	354	216	231	355	217	230	362	214	228	357	217	230	360	216	208	207	200	204	208	204	205	205
202	204	212	202	215	283	211	218	286	209	208	286	206	221	281	198	220	282	211	218	278	209	217	280	206	213	280	208	201	203	200	204	206	200	202	202
203	203	218	204	219	335	213	232	344	212	228	342	220	228	344	219	229	338	219	231	339	215	230	338	214	231	341	208	205	199	199	203	202	204	203	206
200	201	214	205	217	338	215	222	327	216	228	341	216	227	340	214	224	334	212	226	340	215	224	336	212	226	336	211	206	200	212	205	204	204	202	204
202	200	213	201	216	302	209	219	311	210	219	301	212	222	305	209	220	304	210	220	298	210	223	304	211	223	302	204	204	200	205	200	204	203	201	207
204	206	213	201	214	283	207	221	291	208	218	290	209	221	293	209	217	288	209	220	292	210	218	289	212	216	288	205	201	202	195	203	202	206	200	199
201	201	218	203	214	299	212	219	305	209	221	301	209	220	298	211	224	301	213	223	302	213	220	301	209	221	298	208	211	213	203	201	210	203	205	207
203	204	232	203	222	340	217	227	335	217	228	331	211	222	331	215	229	333	211	227	335	213	229	334	216	227	340	211	211	217	206	203	218	204	206	216
196	202	216	203	224	388	220	238	392	220	243	393	218	240	393	222	241	389	222	240	382	222	240	385	222	235	393	208	206	203	199	202	201	201	200	199
203	202	222	204	232	410	224	245	407	224	243	406	221	244	406	226	243	401	222	237	404	223	244	409	219	241	408	211	209	212	203	207	204	205	204	215
202	203	217	205	214	302	207	216	297	211	218	298	213	216	299	206	224	297	209	219	299	209	216	297	202	223	298	204	206	204	205	201	204	200	201	205
202	206	220	203	216	278	211	215	272	208	216	269	210	215	276	210	214	267	212	217	276	207	211	279	209	217	276	202	202	209	203	202	211	202	205	210
199	202	213	203	208	256	205	213	259	205	214	256	206	212	261	208	215	259	206	212	257	208	211	261	211	219	261	205	206	206	201	197	206	198	203	206
203	201	218	205	214	265	207	216	269	211	213	270	204	212	263	209	215	269	205	212	265	212	212	265	210	214	268	204	208	212	198	206	211	202	206	213
204	205	225	206	214	283	205	216	287	208	217	283	211	220	282	208	219	285	209	216	277	211	218	283	209	220	282	207	206	218	198	204	215	202	207	218
202	204	212	201	216	303	207	220	304	209	221	302	211	220	303	212	222	307	211	218	305	213	223	301	209	219	310	206	211	202	200	197	207	204	202	206
201	203	219	204	213	306	214	218	306	215	224	304	210	223	310	206	220	304	211	217	311	209	220	302	215	218	309	210	205	208	201	198	210	200	205	209
204	202	211	204	216	301	211	221	305	208	221	311	208	222	300	207	219	304	208	225	302	211	219	301	210	221	299	206	201	203	200	205	205	203	203	202
207	206	231	202	215	308	213	223	316	216	225	321	214	227	315	211	223	312	211	224	312	212	222	312	213	224	313	207	209	222	204	205	221	206	208	224
202	200	218	205	228	386	217	235	390	221	235	392	220	238	386	222	239	384	217	241	388	219	232	389	220	236	387	209	203	210	200	201	205	202	202	206
200	201	223	204	249	557	231	271	561	232	272	561	237	268	558	239	277	565	237	270	560	234	268	562	236	268	558	214	206	202	202	204	207	205	197	201
202	199	220	201	224	348	217	228	346	217	233	344	215	230	353	211	234	351	215	229	343	212	229	341	218	227	343	206	203	207	204	202	211	202	201	205
206	200	217	204	207	290	208	220	299	210	216	292	214	220	283	215	219	286	213	219	289	211	213	296	207	213	290	206	204	205	204	203	203	205	201	208
203	202	214	198	197	273	207	211	280	208	214	274	207	213	279	210	217	278	207	214	279	207	217	279	211	213	279	204	200	205	198	200	208	199	202	204
203	206	228	204	214	306	211	219	295	216	220	298	209	219	305	212	223	304	212	219	299	211	218	303	210	219	296	208	204	219	202	205	219	201	206	222
200	197	215	201	212	292	208	216	297	211	221	292	213	220	293	208	222	291	214	216	296	207	221	297	209	215	294	204	204	203	197	204	205	200	203	203
202	203	210	203	213	291	200	218	295	205	223	298	209	220	295	206	220	293	206	219	295	209	221	288	209	216	297	203	208	204	198	196	205	200	201	200
200	204	214	200	212	279	208	219	283	207	216	285	209	217	285	206	218	285	207	218	284	205	217	289	209	216	280	206	204	209	198	204	211	199	206	211
200	200	212	201	206	270	208	212	267	207	215	264	204	214	261	204	211	259	208	207	258	213	213	262	206	213	263	203	204	200	203	200	198	200	201	199
199	198	210	203	207	257	206	214	261	205	210	259	205	210	260	205	213	261	205	215	261	207	209	257	207	209	261	201	205	203	201	201	203	205	201	207
200	203	213	196	210	259	208	214	260	206	212	263	205	215	261	204	212	263	208	212	257	202	209	259	211	212	262	203	201	206	200	203	204	201	203	202
201	206	206	202	216	259	203	214	261	202	212	261	207	211	257	204	214	260	207	216	257	207	214	259	209	211	261	202	201	203	200	198	200	204	201	202
201	203	220	203	218	302	215	224	306	211	218	307	208	217	306	210	224	313	212	225	309	210	219	306	215	223	306	208	204	209	203	202	212	203	200	211
203	203	216	202	211	276	210	220	276	210	216	279	211	216	273	209	217	277	210	216	276	210	217	276	206	217	277	206	205	207	204	205	208	206	204	206
200	201	232	207	242	527	237	263	532	231	270	536	229	263	540	229	263	528	229	266	532	235	271	540	236	268	538	213	210	209	203	200	209	200	200	208
198	203	225	205	238	486	227	259	477	227	256	491	226	257	492	234	256	487	223	260	483	231	259	483	230	254	488	212	208	209	202	204	208	203	205	211
203	207	217	201	212	317	212	222	320	209	226	320	213	224	325	214	221	323	212	225	321	214	222	324	215	229	321	205	209	214	204	199	215	201	199	211
202	202	217	202	211	260	205	212	268	205	209	266	208	216	269	206	214	263	207	214	265	206	210	271	207	215	262	204	203	210	203	204	208	202	206	211
204	202	215	206	213	290	209	216	286	209	217	285	206	217	285	209	215	278	209	216	284	210	218	285	208	221	284	204	202	206	202	204	205	202	206	210
202	197	212	203	211	287	212	222	291	213	220	298	208	222	292	208	222	295	212	222	289	215	217	291	211	219	293	204	195	208	202	202	204	197	200	208
201	204	207	202	209	248	203	209	249	207	213	252	201	209	247	208	210	248	203	211	246	202	211	248	208	210	249	206	204	199	203	195	200	201	203	206
199	201	210	201	205	238	204	211	239	204	209	234	205	206	238	207	209	237	208	209	235	205	209	240	204	207	236	203	200	203	199	204	200	206	201	200
202	207	245	206	230	405	219	240	411	225	242	420	222	242	411	224	239	418	221	240	415	222	242	418	219	242	417	211	211	242	206	210	242	202	207	245
198	199	212	205	226	381	218	240	387	218	239	393	219	243	390	219	240	392	221	241	389	221	239	400	215	239	391	211	203	209	202	205	213	198	199	210
201	203	211	200	216	311	213	219	313	212	219	310	212	225	306	213	223	314	210	226	314	208	221	318	207	224	314	207	204	205	201	203	206	201	198	206
203	201	224	206	217	306	211	223	309	209	224	308	214	222	313	209	225	308	212	224	308	214	225	311	214	221	311	207	205	221	204	207	221	204	204	223
205	205	231	203	224	364	218	232	372	219	238	371	223	233	370	213	233	370	216	236	373	218	238	369	213	235	371	211	205	224	200	207	222	204	206	225
200	205	208	203	218	338	212	231	342	215	226	347	218	229	346	212	229	343	215	228	340	218	224	341	213	229	344	208	200	204	198	203	203	203	203	203
201	203	204	204	212	267	208	217	275	210	212	273	208	211	282	207	215	274	207	212	279	211	213	270	209	214	275	201	199	200	203	202	205	199	201	204
202	198	211	205	205	249	208	211	248	206	214	250	204	211	251	205	212	251	206	210	254	210	207	251	206	211	248	207	197	205	197	203	200	200	199	202
200	201	210	204	208	259	212	207	260	206	211	256	208	213	262	209	214	260	205	212	262	207	218	263	207	210	259	206	203	202	201	200	205	200	202	204
198	206	216	202	211	258	206	220	261	210	213	262	204	213	260	207	215	261	205	213	263	206	212	261	209	213	265	203	202	207	199	200	211	202	201	213
204	204	209	204	206	244	208	209	246	205	212	253	205	212	250	209	210	252	203	208	252	203	211	249	208	209	247	204	202	206	200	200	200	206	199	203
202	192	222	201	253	540	236	266	559	231	272	552	234	273	567	234	265	553	237	270	560	234	274	549	236	272	555	218	206	207	199	204	207	200	204	211
205	203	224	209	265	632	247	284	645	243	285	649	241	292	631	249	291	638	245	290	645	242	289	637	245	279	635	219	210	209	203	198	208	200	203	209
204	202	214	202	225	355	219	232	365	216	232	364	219	232	358	216	232	366	215	235	359	219	233	354	215	227	357	209	205	211	200	204	208	199	204	208
201	204	213	200	210	264	208	212	269	204	213	258	202	210	261	205	209	258	209	212	261	208	210	257	206	217	264	201	207	203	202	200	206	202	203	206
200	204	204	199	208	241	207	208	243	206	205	242	202	208	234	206	210	237	207	212	241	204	209	241	205	206	239	200	200	203	201	204	203	202	201	208
205	206	216	200	205	239	202	209	241	206	213	241	205	207	237	204	210	241	204	209	243	203	208	241	204	212	240	203	203	212	204	202	211	204	200	213
201	204	229	202	207	254	207	210	256	203	214	258	203	212	256	207	206	252	206	209	253	202	213	255	206	212	258	204	205	231	199	207	224	200	210	222
207	209	236	209	215	267	204	215	275	206	213	273	210	213	271	207	212	271	206	214	268	203	214	271	210	215	272	206	205	232	203	210	231	203	208	235
201	204	212	201	211	252	204	212	250	204	209	254	204	213	247	205	208	248	203	211	250	205	207	252	210	207	252	205	202	209	198	201	205	198	201	207
208	209	249	207	212	275	211	216	277	211	214	276	208	209	277	208	215	277	204	218	279	209	218	282	208	218	277	210	207	246	204	211	245	206	209	246
207	212	239	203	210	274	209	211	270	203	216	274	204	213	272	204	214	272	212	218	270	211	216	273	206	215	272	205	206	240	207	209	234	201	210	234
201	200	211	199	208	247	206	212	256	206	211	249	203	209	251	210	209	247	208	213	246	208	208	247	205	211	254	199	203	201	200	199	204	200	196	206
204	201	212	206	240	455	224	253	467	223	250	461	227	254	464	224	256	463	227	252	468	228	253	464	228	252	457	213	207	206	199	202	202	201	203	207
201	200	212	202	234	434	222	250	436	217	247	440	221	247	433	220	246	429	225	245	443	221	244	437	227	247	428	213	209	197	203	199	207	201	200	205
201	204	213	203	228	378	218	240	383	221	236	381	219	237	384	220	241	381	220	235	381	219	236	382	223	237	378	212	204	205	203	199	206	203	207	207
199	201	208	200	210	273	212	213	280	214	213	279	207	215	277	210	217	276	209	215	275	208	219	280	208	218	276	205	201	204	200	207	205	204	206	203
202	206	217	202	211	257	206	209	256	205	208	256	205	209	264	205	212	259	211	211	256	201	213	256	205	205	257	206	202	208	200	205	217	200	202	209
203	200	210	198	206	249	206	210	246	205	207	253	206	213	253	205	205	252	204	210	249	205	212	247	205	211	251	208	202	207	201	202	209	197	196	211
198	200	209	204	206	260	209	214	261	204	210	263	201	216	264	213	216	267	208	215	261	204	209	255	206	208	261	205	198	205	199	203	204	194	199	199
198	200	205	201	234	419	218	244	421	220	246	434	221	244	427	226	243	421	227	245	420	225	243	411	219	246	421	210	206	201	203	198	206	202	199	202
198	199	207	200	221	347	218	232	356	213	230	353	214	223	342	218	231	355	215	227	352	216	234	359	215	228	345	203	205	194	202	203	200	200	203	205
200	204	227	208	258	605	238	279	613	240	280	616	239	278	608	243	275	603	238	283	615	241	275	606	242	280	603	222	209	209	200	205	213	203	204	213
206	200	275	212	430	1948	359	514	1980	363	533	1962	364	533	1981	370	521	1941	369	530	1947	354	527	1933	358	530	1933	270	232	226	205	205	227	201	207	227
202	205	225	200	275	691	246	302	703	250	300	702	252	295	706	254	290	710	250	299	697	252	300	691	243	298	696	226	209	213	198	200	211	200	204	210
195	203	213	204	230	366	222	233	366	213	238	380	220	236	371	217	236	373	217	233	372	218	230	374	223	234	370	208	207	212	203	204	210	201	202	209
203	202	208	204	210	269	211	212	273	211	218	275	210	213	279	204	218	276	207	218	277	204	217	276	209	215	277	203	203	205	199	198	202	203	200	206
202	202	207	203	207	259	203	210	248	208	214	254	205	210	261	206	211	253	207	209	257	208	205	256	209	209	258	199	203	201	198	200	208	205	204	202
199	200	204	201	208	257	204	209	251	208	210	256	207	207	257	206	209	253	207	213	253	207	213	249	207	208	256	208	204	205	202	204	199	204	197	199
202	202	220	205	248	528	232	271	533	238	264	537	234	268	535	233	268	532	232	265	528	230	261	526	231	268	536	216	209	206	197	202	206	202	204	210
199	199	220	200	238	455	228	252	462	225	249	460	227	252	464	225	252	462	228	258	455	221	250	463	219	250	465	211	206	211	202	200	207	202	204	209
202	197	208	201	215	310	208	220	312	215	218	308	211	226	308	209	224	304	210	220	301	214	219	310	209	222	301	205	204	208	204	197	209	204	202	203
200	206	208	202	216	284	209	217	285	206	218	289	211	220	278	205	217	285	206	214	281	211	211	279	208	221	284	199	204	207	201	200	205	201	204	208
203	203	237	206	364	1335	306	422	1377	312	419	1352	306	415	1344	307	408	1349	311	406	1333	304	415	1320	305	407	1333	246	220	202	203	204	205	203	203	205
198	201	213	198	270	669	243	289	671	243	289	664	249	293	662	245	296	660	243	288	653	246	295	655	238	289	661	218	208	196	196	197	201	204	199	200
201	205	221	199	228	373	213	229	369	219	238	376	218	233	380	219	230	373	214	236	370	218	235	375	216	230	365	213	206	212	201	200	212	205	201	213
200	199	207	203	209	250	206	209	253	203	211	252	203	208	246	205	208	247	208	214	247	210	212	246	206	209	248	199	205	203	204	202	203	204	203	202
201	198	205	199	215	294	208	217	284	208	217	285	206	217	292	214	214	286	208	220	282	212	213	297	207	217	290	207	201	205	200	202	201	202	198	200
199	204	213	200	205	266	209	209	266	206	214	267	205	216	262	204	212	260	205	216	259	205	211	266	206	208	262	202	205	204	205	203	206	203	205	207
204	206	205	204	209	257	207	206	259	203	214	258	203	216	260	207	210	255	204	212	263	204	213	260	207	215	259	206	212	202	197	199	207	198	197	202
204	199	206	202	209	242	208	212	248	202	208	246	205	208	247	210	208	248	205	207	244	207	211	246	204	206	248	197	206	202	204	201	206	201	198	203
197	206	213	202	226	390	219	237	388	218	237	384	220	239	389	219	235	391	217	236	381	223	239	390	216	232	390	209	205	207	202	198	203	205	202	209
201	203	206	201	216	323	214	222	328	210	228	329	216	228	332	213	226	331	211	227	322	214	224	322	209	223	322	209	206	203	195	204	205	201	203	205
201	203	207	203	209	271	204	212	272	205	214	272	206	214	271	209	212	267	204	210	272	204	216	268	206	212	266	201	203	204	199	200	204	202	204	200
201	201	204	205	206	242	205	208	238	202	211	241	204	207	240	207	209	241	203	208	242	203	209	241	206	210	235	203	201	206	203	201	203	201	203	205
200	201	204	203	206	230	203	209	231	202	211	229	201	204	228	204	210	227	204	208	225	201	209	229	203	207	227	198	201	205	200	201	203	199	204	205
201	205	210	204	203	232	203	207	238	202	210	235	204	207	239	204	210	236	210	208	231	205	206	236	203	206	236	204	202	210	205	203	208	200	205	212
203	203	210	203	213	300	208	220	295	209	223	295	207	220	299	207	222	295	210	217	293	211	219	297	214	215	297	207	208	201	205	199	203	201	199	203
201	201	208	203	210	261	208	207	260	207	215	260	206	209	262	205	215	259	209	210	260	210	211	260	206	215	259	206	201	205	205	200	208	199	198	205
203	200	217	202	206	254	205	212	255	205	212	257	205	215	254	208	212	262	209	213	257	208	208	252	203	210	257	203	201	216	200	203	209	198	201	208
202	203	218	202	208	261	207	215	259	207	212	255	210	215	257	207	210	255	207	214	261	208	214	256	203	210	259	205	207	211	200	203	218	202	204	212
214	221	307	212	222	354	217	226	353	219	225	339	214	231	348	215	229	352	214	232	355	216	225	354	218	226	350	215	223	303	208	220	309	209	219	306
199	203	204	202	206	246	205	209	242	207	209	241	203	211	244	204	212	239	202	212	241	205	209	239	206	208	242	201	202	195	201	200	200	199	203	198
201	202	211	201	224	369	214	232	369	221	234	365	215	230	373	216	234	370	215	232	368	222	233	371	219	235	363	203	206	204	199	204	203	201	202	206
201	202	224	202	253	532	233	261	531	235	266	549	231	272	536	234	264	534	234	266	531	235	266	532	231	270	533	218	206	208	201	206	212	200	202	210
201	205	209	204	218	328	211	226	330	214	230	328	212	227	324	213	229	332	209	225	325	211	222	325	213	223	322	207	203	207	198	202	205	200	200	206
201	205	206	205	209	262	210	216	258	203	210	259	204	211	264	207	216	257	206	211	257	206	210	261	211	212	257	204	202	205	200	203	205	201	205	208
197	203	220	197	214	266	210	212	265	209	212	268	211	215	269	213	215	263	215	210	267	209	218	264	208	208	265	205	205	213	202	206	215	203	202	211
196	204	209	201	213	297	209	212	288	211	221	292	213	217	286	210	218	295	209	215	287	210	216	291	211	219	288	204	204	204	201	203	204	206	202	205
203	202	205	200	204	253	206	210	248	208	210	256	204	217	253	205	214	253	204	206	258	204	213	255	207	208	255	201	207	209	200	198	207	205	206	200
199	200	210	200	206	242	205	210	244	206	202	240	204	206	237	207	209	248	206	208	246	204	207	245	205	206	244	199	204	212	199	202	212	202	203	212
200	200	212	203	213	298	211	215	297	211	220	295	206	222	295	213	218	295	205	218	297	211	218	294	208	215	304	205	205	206	198	203	206	204	200	203
201	200	213	203	239	417	222	241	423	220	244	413	219	245	411	222	241	414	222	236	409	223	242	414	218	245	415	211	209	203	196	200	201	201	202	198
203	203	222	202	243	488	228	260	503	234	256	502	233	265	508	230	263	508	227	263	510	231	256	497	234	257	502	211	211	205	206	202	206	201	204	210
205	201	227	203	314	979	278	353	985	277	348	984	273	353	990	284	353	974	274	358	980	272	351	975	275	349	987	233	217	205	200	201	207	200	201	204
200	206	255	211	423	1821	348	500	1829	361	506	1849	354	512	1836	352	504	1833	347	497	1830	350	501	1830	354	491	1802	266	227	212	203	204	213	203	199	213
198	199	225	206	274	718	253	304	740	249	309	734	250	305	736	252	305	732	252	307	731	256	306	722	252	304	732	224	216	205	200	203	205	201	203	208
199	198	204	205	228	392	224	236	385	221	236	397	219	237	396	220	238	392	220	239	396	222	243	396	219	239	387	206	205	201	200	202	204	201	205	203
199	203	211	204	210	289	208	227	293	211	218	296	209	219	294	209	216	289	210	219	296	206	219	289	214	219	296	202	202	205	199	205	209	201	201	209
201	203	210	202	209	289	220	216	286	210	221	288	211	220	288	210	214	288	209	222	292	206	215	286	214	219	288	207	207	207	204	205	209	201	204	203
200	201	206	199	221	339	216	226	347	214	229	336	213	228	342	217	230	343	215	231	346	214	231	337	218	230	344	207	202	198	197	202	202	202	198	200
204	210	250	205	223	317	214	220	322	212	226	316	214	222	317	208	223	315	213	222	316	215	220	322	216	226	324	207	210	251	208	212	247	210	210	253
201	202	201	201	205	239	204	206	238	201	206	242	203	210	238	210	205	238	211	206	244	208	210	241	208	204	239	201	201	199	201	204	204	201	204	201
202	199	206	203	206	240	203	208	236	208	207	241	206	212	236	203	212	234	206	210	237	203	208	237	207	203	240	204	201	200	199	202	200	200	200	201
201	203	212	200	209	244	206	206	244	205	215	249	204	214	244	208	209	242	206	204	246	204	211	242	201	208	241	202	202	201	201	203	203	201	198	198
203	202	207	202	211	286	214	220	297	207	221	295	210	223	290	211	218	287	208	216	295	205	219	287	211	217	292	208	203	201	199	203	204	198	200	208
198	202	229	206	291	868	266	326	903	267	331	905	263	332	887	265	334	886	265	328	883	267	320	873	268	331	872	228	213	205	201	204	209	201	199	205
202	200	320	229	814	4123	607	1055	4112	617	1058	4114	613	1071	4113	621	1076	4120	611	1060	4124	613	1044	4128	614	1044	4127	372	276	203	202	201	202	205	202	203
201	201	298	220	655	3501	516	847	3562	507	831	3526	530	831	3493	509	838	3495	510	827	3485	514	827	3497	508	820	3480	333	255	194	200	199	196	200	202	198
199	199	243	210	364	1402	314	426	1428	310	425	1401	318	427	1393	316	433	1401	313	425	1386	313	424	1394	316	428	1376	249	225	199	199	197	206	202	194	203
202	200	209	201	248	513	232	263	524	233	262	527	235	260	519	231	264	517	233	265	510	230	261	510	227	264	518	216	208	204	203	202	204	204	202	203
202	201	211	200	210	279	210	215	278	207	216	279	208	216	286	207	217	281	208	216	283	207	217	282	204	215	281	200	207	205	200	202	207	197	204	204
200	202	207	201	206	243	208	201	247	205	208	245	204	208	247	207	209	240	204	205	241	205	209	245	204	207	245	203	204	205	201	204	205	201	199	203
200	204	214	199	205	250	211	207	248	203	211	247	205	210	244	207	212	246	205	208	246	208	209	248	208	209	244	207	205	211	197	204	209	202	205	211
206	202	220	200	212	258	204	214	257	205	209	255	204	211	249	206	213	256	204	213	252	206	207	248	209	212	254	201	204	218	201	204	217	207	204	219
203	202	226	201	211	252	206	213	258	207	211	260	204	213	258	210	210	264	202	213	259	210	215	260	208	215	256	205	204	229	200	202	225	197	205	224
199	199	218	200	208	256	204	213	253	202	208	260	209	212	257	210	211	255	205	210	256	206	214	251	206	215	258	204	204	211	202	200	208	202	201	211
202	201	205	200	209	249	208	212	237	207	209	243	200	211	239	204	209	246	208	210	244	205	207	247	206	213	243	201	202	203	201	201	204	199	200	204
203	208	219	203	210	270	202	215	266	208	213	271	208	214	266	208	213	270	211	218	266	211	221	274	211	214	274	204	206	214	199	201	213	201	206	212
204	203	248	206	252	557	234	276	555	237	275	552	236	269	560	238	273	545	235	272	558	234	279	545	233	276	568	218	216	237	206	207	237	209	208	237
200	202	409	240	1229	4096	886	1623	4096	899	1644	4096	891	1653	4096	895	1646	4096	901	1627	4096	886	1620	4096	899	1623	4096	491	324	199	202	202	198	196	201	201
196	202	292	220	614	4094	495	798	4099	492	789	4098	491	793	4097	489	800	4097	489	786	4094	489	788	4095	474	768	4092	326	256	206	202	206	208	199	202	208
197	199	239	206	341	1288	303	409	1288	306	402	1308	309	406	1317	310	413	1294	301	409	1277	303	399	1295	301	401	1267	248	221	204	201	202	197	198	201	198
204	202	213	202	233	422	219	244	420	222	242	414	220	240	416	227	243	415	221	243	408	224	245	414	219	241	419	206	207	207	201	204	211	202	203	205
197	206	207	203	205	261	204	214	262	207	215	267	207	212	262	206	212	264	208	211	265	208	214	261	208	214	263	200	202	205	202	207	206	199	206	207
203	201	211	202	205	239	206	210	241	207	205	243	202	207	236	207	211	237	204	209	241	206	208	235	207	211	237	201	202	205	197	202	203	205	203	204
203	201	202	199	203	237	204	206	229	203	205	227	206	206	230	205	206	228	202	206	228	201	211	229	202	206	228	202	203	205	198	199	205	200	199	204
198	201	205	203	206	242	201	215	235	202	207	237	203	208	238	205	208	233	203	205	233	205	211	237	205	210	238	203	198	206	201	201	206	205	204	207
201	201	210	200	225	372	217	239	360	219	233	364	220	233	365	218	232	368	217	230	367	216	235	364	221	230	369	212	202	203	202	201	202	203	197	201
198	204	255	213	438	1939	354	531	1980	362	535	1975	368	529	1976	367	533	1983	359	526	1949	362	529	1940	367	525	1951	275	230	208	202	201	203	199	201	206
201	201	223	205	292	836	261	327	853	263	327	851	264	329	852	265	326	855	261	323	844	268	333	830	262	320	853	228	217	199	201	200	202	201	205	206
206	208	238	206	243	467	222	250	473	230	251	469	231	252	463	223	250	470	227	251	469	224	248	466	227	247	463	211	213	231	205	209	230	203	206	229
200	199	205	204	211	263	206	214	261	205	211	262	207	209	262	202	214	263	209	213	257	209	212	250	206	215	257	202	202	205	194	197	209	201	200	205
201	199	203	200	202	243	208	211	249	209	212	247	205	213	246	206	216	246	207	209	249	201	211	254	203	208	250	198	204	196	202	199	195	201	201	203
206	197	210	202	223	387	217	238	389	216	237	389	219	238	398	220	238	394	218	241	399	218	240	398	222	236	396	212	200	201	197	202	207	202	201	206
208	206	224	205	211	305	214	219	310	208	220	313	213	219	315	213	225	310	208	217	305	212	224	309	212	222	306	207	213	229	202	209	230	204	204	231
200	201	203	202	204	247	206	213	249	205	208	244	204	209	254	205	210	241	203	210	246	205	207	247	209	207	247	198	206	205	202	199	205	201	200	205
201	202	202	202	206	223	205	206	221	204	206	228	201	206	225	204	205	226	207	205	226	202	206	227	204	201	227	204	201	203	204	201	202	200	202	199
200	203	203	203	205	222	204	205	224	199	207	222	203	205	226	205	206	222	204	204	223	203	205	225	201	205	225	204	204	210	203	199	203	205	206	203
201	201	204	199	206	222	201	203	221	202	204	223	202	205	228	204	204	222	205	210	223	207	207	218	202	207	220	200	202	199	205	197	203	200	206	203
201	204	206	201	207	224	201	203	228	204	206	233	202	205	228	204	208	224	203	207	226	202	205	224	202	203	229	205	201	206	201	201	208	205	203	205
203	202	208	199	205	233	205	206	230	202	206	237	202	209	232	204	207	228	206	204	227	203	206	233	205	206	228	207	204	208	201	201	207	201	205	207
205	202	209	200	206	242	202	208	238	203	206	239	203	211	245	206	210	241	205	207	237	206	214	242	203	214	241	202	203	208	198	203	208	201	201	206
203	200	212	206	206	245	208	211	247	206	214	251	203	205	247	203	209	250	205	209	246	209	212	252	208	210	249	202	201	211	204	204	208	203	202	210
199	201	206	200	207	243	206	207	248	208	209	244	204	210	244	204	209	245	205	207	246	207	211	241	203	208	244	203	201	205	203	203	205	201	199	209
204	202	225	206	213	271	217	216	276	206	216	277	211	213	276	207	212	275	206	212	269	209	223	274	207	215	277	208	204	220	203	205	223	205	205	221
201	202	211	203	210	290	208	215	297	207	212	296	205	219	294	209	223	296	211	221	291	211	217	298	210	221	295	203	206	207	201	206	208	200	205	202
206	204	208	201	210	259	211	208	264	207	215	254	204	211	264	206	213	261	209	211	264	202	209	261	206	212	262	203	204	207	200	202	206	203	201	207
203	202	203	206	211	254	207	212	253	206	211	249	204	213	255	211	211	250	209	210	253	207	211	253	203	210	253	198	205	198	196	202	199	199	203	200
200	198	205	201	204	243	207	211	242	208	210	245	206	211	242	204	212	239	205	207	245	206	209	243	208	202	243	204	201	202	203	200	201	201	201	202
201	199	207	203	205	246	207	209	251	206	211	255	205	207	246	206	215	251	206	209	249	206	208	251	208	207	246	204	206	208	203	205	207	201	200	206
198	200	233	206	364	1400	314	424	1405	311	417	1373	318	427	1404	311	430	1388	316	418	1393	315	416	1381	322	419	1379	243	221	205	202	202	205	205	198	201
197	200	239	209	371	1460	321	443	1491	322	446	1487	327	442	1493	325	444	1466	318	438	1470	316	442	1470	321	438	1462	255	222	199	201	201	200	203	201	200
199	195	222	202	264	613	239	274	627	242	287	619	240	277	623	236	281	620	239	285	627	242	281	620	239	287	618	218	211	205	203	202	203	203	201	203
200	204	221	202	226	405	221	238	406	216	238	409	223	240	404	220	241	401	219	237	394	216	239	397	223	244	403	211	207	211	200	207	218	203	206	210
205	199	212	204	209	258	208	213	259	207	213	260	205	213	264	206	211	264	204	219	263	208	213	267	206	215	263	196	201	206	200	205	206	200	205	206
202	204	214	204	206	256	205	208	260	204	208	254	210	211	257	203	209	255	207	207	252	208	213	250	207	208	255	200	202	212	199	206	211	204	200	208
201	198	233	209	348	1304	301	409	1336	303	413	1336	309	418	1333	306	412	1326	307	417	1319	304	416	1302	304	409	1312	241	215	204	204	204	205	204	200	203
201	203	275	216	548	2748	435	684	2800	443	686	2802	431	682	2792	439	686	2772	434	683	2777	432	673	2761	433	681	2767	303	247	208	200	202	206	203	199	208
201	206	256	211	371	1384	306	429	1405	318	425	1421	312	427	1397	310	430	1387	318	424	1377	314	424	1376	310	417	1369	252	224	224	202	205	223	203	206	220
198	199	208	202	264	617	241	282	632	247	289	624	242	278	629	237	286	612	232	278	619	242	284	611	244	282	619	219	208	199	199	202	198	201	196	195
201	200	204	202	220	347	214	227	349	215	233	348	216	230	348	217	228	343	215	230	350	214	229	347	217	230	348	210	206	198	197	200	201	197	204	196
199	205	216	204	211	284	210	212	285	212	216	286	208	219	290	209	215	290	207	215	286	212	218	285	210	219	289	207	206	212	206	204	214	204	203	212
201	199	207	201	204	249	208	211	255	206	209	252	207	213	252	207	210	252	205	210	250	201	207	257	206	208	248	202	201	202	204	202	201	201	196	203
200	202	219	206	214	268	210	216	266	213	215	264	208	217	267	207	216	271	207	212	269	207	214	272	208	216	266	204	209	220	202	200	217	203	203	217
198	205	212	203	198	286	206	219	278	211	217	288	206	217	287	208	215	288	213	214	290	207	215	284	206	221	286	205	203	214	204	201	213	200	204	215
203	201	222	204	234	390	218	238	396	221	238	393	219	243	396	222	236	402	222	238	391	225	238	393	220	242	387	210	206	213	199	203	211	204	202	210
201	201	276	212	526	2837	422	655	2877	433	663	2897	430	660	2894	428	664	2874	419	655	2859	419	658	2814	429	653	2824	298	244	200	200	201	206	203	202	207
203	201	652	289	2425	4083	1680	3186	4084	1708	3215	4084	1715	3232	4083	1706	3232	4084	1667	3178	4083	1680	3188	4082	1684	3161	4083	844	472	204	202	204	207	204	198	206
202	201	473	254	1468	4094	1016	1898	4094	1044	1932	4094	1040	1937	4094	1039	1944	4094	1033	1925	4094	1026	1898	4094	1032	1895	4094	570	363	210	204	199	211	202	202	206
203	203	301	218	610	4110	471	760	4107	482	755	4105	480	750	4107	480	763	4110	481	753	4110	469	758	4109	476	757	4111	324	258	213	205	204	216	200	203	206
197	202	243	203	359	1329	298	414	1343	312	419	1359	311	420	1344	311	413	1350	303	417	1313	306	408	1325	307	410	1334	259	225	206	202	205	206	205	203	209
200	202	206	200	223	345	215	237	357	213	231	350	212	231	355	216	229	350	211	229	355	213	230	351	214	231	352	208	202	203	202	198	202	203	201	200
205	208	232	203	213	274	210	212	273	205	214	272	200	215	277	211	213	271	207	213	270	207	217	271	209	213	276	203	202	223	204	204	224	204	204	224
199	200	205	204	207	241	206	209	244	203	209	240	207	212	246	203	209	247	208	209	247	204	207	240	205	210	246	204	200	201	202	203	202	201	204	205
200	204	211	203	212	246	208	211	248	209	209	248	204	206	245	204	210	248	204	213	242	202	214	243	204	210	249	205	203	212	203	203	211	210	200	210
199	197	207	200	207	225	201	208	228	204	207	229	204	206	226	207	208	230	204	203	226	205	205	231	206	208	234	202	202	208	200	200	203	202	205	205
198	198	200	203	204	220	202	200	220	200	208	222	204	206	227	204	208	218	204	205	218	200	205	222	199	203	221	196	204	200	203	200	204	203	200	203
203	200	211	203	206	231	204	210	229	202	211	232	205	205	232	206	206	233	206	204	230	205	207	234	199	208	231	202	202	213	203	203	212	207	204	215
198	204	212	201	209	227	205	207	229	205	204	229	201	204	229	207	204	231	201	206	222	201	205	225	203	199	226	201	208	211	202	197	208	200	202	213
199	202	201	203	201	217	204	203	219	203	204	222	198	207	218	206	203	218	205	203	224	207	200	223	204	200	221	201	199	204	199	202	203	202	198	204
205	211	245	205	211	262	206	212	264	208	215	260	207	215	265	214	211	254	209	215	263	207	215	254	208	217	262	208	209	247	208	208	246	206	208	242
203	200	216	200	210	251	205	210	251	202	214	248	206	214	247	205	209	245	201	210	251	206	210	252	207	212	249	201	203	213	203	205	214	201	204	212
205	198	228	204	312	1002	277	353	1035	280	362	1024	282	360	1018	278	359	1018	278	354	1011	278	349	1002	278	347	994	231	216	207	201	197	209	202	207	206
201	197	219	202	259	617	244	288	637	244	284	629	244	284	613	245	285	628	242	287	622	239	280	611	242	281	616	221	206	203	202	201	200	199	203	199
200	200	215	201	224	362	210	233	366	221	231	366	219	234	362	215	226	362	216	228	368	214	234	364	218	230	371	210	209	210	197	201	207	201	202	207
201	203	207	200	214	283	207	217	281	206	215	282	208	217	283	206	215	286	208	217	281	209	215	283	213	219	280	207	201	204	201	201	204	200	198	201
203	205	204	202	204	234	205	206	230	202	209	233	199	210	236	202	208	230	204	206	232	203	202	229	205	205	234	207	203	208	200	202	212	202	204	206
200	198	209	206	208	224	202	204	219	203	204	228	205	205	224	201	206	221	202	206	220	207	204	224	205	208	219	197	201	205	203	202	205	199	203	207
196	203	212	202	201	224	203	204	221	203	205	220	204	205	223	201	205	221	203	207	228	203	208	221	204	202	225	202	202	209	203	206	206	202	200	211
199	200	204	200	206	218	202	203	228	204	203	217	206	201	225	203	205	223	201	207	216	205	207	226	204	203	218	200	204	202	201	202	205	199	200	202
200	202	212	207	206	229	203	199	229	202	202	229	205	207	233	207	207	226	204	205	232	203	206	228	204	203	226	207	206	210	203	199	215	200	202	213
198	200	206	203	203	228	202	206	220	204	208	221	202	206	220	203	205	223	206	202	222	205	203	224	203	205	219	204	204	204	199	200	209	196	202	206
202	201	211	200	205	224	204	202	222	202	202	222	204	205	222	201	202	220	199	207	219	201	202	229	199	208	222	208	204	213	203	201	213	205	200	208
202	201	207	199	200	220	199	204	214	203	203	227	204	204	222	207	207	219	205	205	218	206	205	220	205	206	220	201	204	206	201	201	204	202	203	207
202	200	201	203	204	229	206	210	224	202	210	228	205	206	231	203	205	230	206	206	227	202	206	229	206	206	227	203	200	201	200	202	201	196	204	202
203	206	211	203	206	249	206	216	252	205	212	248	207	210	251	204	207	253	209	209	248	202	207	250	207	210	254	202	201	211	203	202	209	200	205	208
203	201	219	204	283	820	260	321	829	260	317	823	258	321	826	260	315	817	255	319	821	259	317	798	262	317	817	229	208	202	203	199	204	205	203	205
205	205	240	203	326	1120	284	376	1145	294	376	1144	288	375	1136	293	375	1139	289	390	1131	292	376	1124	289	379	1121	235	216	213	203	201	213	203	203	213
202	207	289	219	541	2793	435	686	2858	442	691	2864	440	689	2828	441	687	2798	432	685	2787	435	677	2802	445	678	2790	300	246	223	203	205	222	201	206	223
201	200	237	211	382	1460	317	438	1500	325	441	1498	325	450	1494	321	453	1450	319	445	1484	319	438	1463	321	447	1460	250	218	204	202	203	200	203	205	202
202	204	220	203	265	677	251	302	685	245	295	681	248	298	687	256	297	682	247	299	681	248	297	689	251	293	690	225	215	206	200	201	208	200	204	205
197	202	210	197	236	444	223	246	447	223	247	444	218	248	446	220	248	456	220	249	451	223	253	451	225	248	448	210	202	203	200	197	203	202	198	203
202	203	213	200	206	257	209	213	263	205	210	261	205	208	260	204	207	261	203	215	260	207	209	255	205	210	266	207	202	215	203	203	212	202	203	211
200	204	205	200	203	218	201	206	220	204	203	220	205	202	217	200	205	215	205	205	219	202	202	217	201	205	220	205	205	201	199	205	205	200	202	203
200	202	198	200	206	215	204	201	214	204	203	215	203	209	215	203	206	217	203	202	212	203	206	214	201	204	210	202	203	201	199	201	201	202	204	199
199	204	206	201	205	222	202	202	217	201	207	222	206	202	221	200	208	219	204	204	217	203	204	222	202	202	219	201	200	210	201	198	208	201	198	207
202	198	202	198	199	212	200	203	214	202	202	211	199	202	212	202	205	209	203	196	211	203	207	215	205	203	213	198	204	200	201	198	200	209	201	203
197	205	211	205	216	300	210	223	302	210	223	303	210	221	306	210	220	310	212	221	310	210	221	298	210	221	303	206	202	206	203	202	207	201	202	210
202	207	224	205	279	797	255	318	818	260	315	813	261	316	798	260	314	815	259	317	807	257	319	811	257	312	799	225	208	210	204	202	212	199	202	213
203	203	215	201	229	387	218	239	393	218	239	389	219	238	389	219	243	376	213	239	385	222	234	381	216	240	385	209	207	204	199	202	211	199	204	209
204	196	212	200	212	298	211	216	301	212	219	298	209	220	300	208	223	294	205	218	296	215	219	289	208	219	294	205	204	209	199	206	207	202	200	211
206	211	248	204	217	294	211	216	293	208	220	297	208	220	301	209	220	295	209	220	290	209	222	303	213	216	290	204	212	249	206	208	242	210	207	243
206	203	206	202	206	220	204	205	223	201	201	224	202	207	222	202	206	217	202	205	222	204	205	220	199	204	224	202	207	212	203	198	211	202	201	211
203	206	217	202	206	230	204	208	227	202	206	232	203	208	227	204	209	229	205	206	229	205	206	233	204	207	230	201	205	222	203	204	220	202	207	222
200	201	209	204	205	213	200	197	215	201	201	214	204	204	213	200	200	212	202	203	217	203	206	214	204	204	216	204	204	201	202	205	205	198	204	209
204	205	203	203	204	210	200	199	208	202	204	209	203	202	210	202	199	206	202	206	210	201	204	209	200	202	212	200	199	204	199	201	206	201	201	199
201	202	223	204	208	250	209	210	249	208	211	253	206	212	250	205	212	252	205	210	249	204	211	252	203	213	252	202	209	220	203	201	220	206	207	226
201	204	207	203	207	228	201	206	223	203	204	229	205	208	232	202	206	230	207	204	229	208	202	224	206	210	228	199	202	204	201	202	205	201	202	207
203	204	205	199	206	223	199	205	225	206	205	222	205	205	223	201	206	223	200	207	225	205	204	228	203	205	225	203	204	204	201	201	201	200	200	203
202	205	224	200	206	237	204	206	239	200	209	236	206	209	232	198	208	235	205	205	239	207	214	234	204	209	237	206	205	224	205	205	221	201	205	220
201	202	213	204	202	222	200	204	220	211	210	221	195	202	223	205	203	218	201	203	221	206	202	225	203	202	226	202	201	212	203	202	212	204	205	207
201	201	204	199	203	213	207	203	216	198	203	217	202	200	212	202	200	215	199	205	216	205	203	216	205	200	217	203	201	206	201	205	203	200	205	205
199	200	209	203	208	263	209	211	263	206	212	263	205	213	260	203	212	262	208	210	262	209	214	261	207	213	258	206	209	202	202	202	206	200	205	208
200	202	214	198	213	273	207	216	278	208	217	280	213	216	280	208	214	278	210	219	276	207	214	277	210	215	279	208	203	208	200	204	211	199	203	205
200	201	210	201	208	236	205	205	237	205	205	238	204	207	234	204	207	239	208	205	243	202	207	237	204	210	237	202	202	212	204	202	207	202	203	209
201	202	202	198	209	219	202	203	221	205	204	225	204	207	226	204	205	226	204	203	219	204	203	225	205	207	222	200	202	204	199	201	204	203	201	205
204	201	205	197	202	221	201	206	220	202	206	216	200	203	215	204	204	218	201	203	217	199	207	223	201	206	220	203	201	206	201	201	200	203	202	205
201	201	214	200	201	217	203	200	217	205	205	220	201	202	218	202	205	221	203	203	220	204	204	221	202	203	217	205	206	210	197	205	214	201	196	213
204	201	209	196	202	209	201	204	218	205	201	216	203	208	217	202	190	217	205	205	212	196	206	213	202	203	215	203	207	212	200	205	210	199	203	211
200	200	200	200	201	206	202	200	209	202	200	208	198	202	209	205	206	209	199	197	209	196	201	206	201	202	210	202	198	203	204	197	206	202	199	205
201	202	201	202	198	210	202	200	207	200	204	209	203	204	208	199	208	209	201	200	209	201	203	214	199	203	210	203	205	206	202	204	211	203	203	203
201	198	209	202	202	216	203	203	216	202	204	221	201	205	225	200	202	221	210	202	220	202	204	214	205	206	219	199	206	211	200	201	211	201	204	211
202	205	201	199	201	225	205	207	224	201	204	219	210	203	223	202	204	226	204	203	218	204	205	223	206	206	221	200	200	200	198	201	198	201	200	203
199	203	206	198	207	214	201	202	214	201	206	215	201	204	220	201	205	217	203	201	216	199	204	217	202	209	211	197	206	203	200	199	204	203	203	203
199	201	205	199	206	212	200	200	210	203	203	212	198	198	213	202	206	215	204	205	212	202	203	211	206	205	215	203	203	204	199	207	203	202	199	206
198	204	202	197	204	213	203	206	213	202	204	212	204	200	215	199	208	214	203	199	212	201	205	217	200	200	214	200	198	202	198	200	206	200	201	205
199	203	207	201	204	212	203	203	216	201	198	215	200	199	216	203	203	212	201	204	213	205	203	213	203	200	210	203	203	205	201	199	204	199	203	207
201	201	202	203	205	212	198	204	213	202	201	210	202	202	209	200	204	211	201	202	211	200	200	208	205	203	214	203	205	205	199	202	205	201	204	206
199	200	207	201	200	208	199	199	210	198	201	212	197	203	209	200	199	206	199	201	208	199	207	204	202	199	213	199	206	205	201	200	206	200	201	206
200	200	202	206	201	205	198	202	204	199	199	205	196	198	202	199	200	203	201	201	201	204	207	206	203	202	203	203	200	202	201	205	202	203	199	201
202	202	208	196	203	209	199	205	211	201	204	212	203	202	216	203	205	208	199	204	213	199	211	209	204	196	212	200	199	210	205	200	203	203	201	201
199	201	201	200	192	211	203	205	215	199	199	214	202	202	212	204	203	214	205	202	210	203	204	212	202	201	214	201	201	198	203	199	199	200	204	203
201	204	211	198	203	217	198	201	218	201	201	211	204	203	218	202	202	214	201	203	219	204	206	218	202	203	218	207	203	212	201	203	206	199	204	211
200	200	206	204	205	210	201	202	209	198	198	209	203	201	206	194	201	209	203	200	205	200	201	212	199	203	211	205	200	200	201	202	205	200	199	199
201	204	201	210	202	211	204	203	206	203	201	208	203	201	211	202	205	209	198	204	210	201	203	213	200	203	204	200	201	207	198	200	208	202	200	203
202	204	219	202	202	216	202	201	215	203	203	216	204	206	215	199	200	218	200	201	211	199	204	216	199	204	214	201	200	213	205	205	208	201	204	212
201	206	224	204	205	224	206	208	228	205	205	228	203	205	222	204	203	223	208	202	224	207	206	226	208	207	224	201	207	222	201	202	220	205	207	219
202	204	214	201	200	217	201	204	219	201	205	216	202	202	220	200	204	218	200	209	217	204	203	214	207	203	213	197	201	210	201	204	216	199	202	212
202	204	205	203	201	212	203	204	203	199	203	204	203	203	206	198	199	208	200	200	212	202	203	209	203	204	206	200	202	205	204	204	205	201	200	203
200	198	204	202	205	205	202	200	207	200	202	204	202	206	204	200	203	204	200	200	204	204	203	205	201	203	207	201	203	202	201	196	205	201	199	200
204	208	221	202	206	231	203	204	225	206	206	226	203	204	233	200	198	224	206	207	225	206	204	234	205	208	226	200	210	225	206	208	221	201	209	223
199	204	203	199	202	205	201	200	205	200	202	207	207	200	205	199	201	207	199	202	205	203	198	206	202	202	204	202	203	202	200	200	197	198	203	204
199	198	195	201	202	204	204	199	205	202	205	206	203	203	209	202	201	204	201	201	204	199	198	206	202	200	202	204	202	204	199	200	199	201	202	202
200	199	204	204	199	208	196	201	212	198	197	208	198	201	203	198	203	207	202	197	207	201	202	206	202	202	205	201	204	202	198	200	206	204	201	201
201	196	198	200	200	208	203	202	204	205	203	206	199	203	203	202	204	206	202	203	207	201	201	205	204	202	207	202	202	202	201	203	200	197	201	201
200	205	207	199	200	217	203	203	217	202	204	218	206	205	212	203	202	216	202	206	212	199	202	216	203	203	216	201	202	210	202	201	211	204	205	213
202	206	205	200	203	206	199	204	212	201	202	210	200	203	212	203	202	218	202	206	211	201	202	211	203	207	213	203	200	205	205	201	204	200	202	203
202	201	200	201	202	209	199	204	205	198	200	206	202	201	207	198	203	211	202	207	203	203	201	207	200	199	210	199	199	201	201	201	201	205	201	201
205	208	228	205	205	234	207	211	236	198	210	235	202	208	233	204	207	237	205	205	237	204	205	231	202	208	234	204	208	230	207	211	232	203	206	233
204	202	200	203	200	208	198	201	204	201	201	206	204	203	204	204	201	208	203	203	209	202	203	209	201	200	208	202	201	204	202	197	204	199	199	203
203	203	206	202	203	204	202	201	209	202	200	200	202	199	208	200	199	206	200	202	206	198	198	210	203	199	204	197	206	203	199	200	199	202	201	203
207	206	225	202	206	231	201	206	232	208	208	228	203	205	233	207	208	232	203	204	227	202	211	225	203	208	228	208	204	224	203	202	221	204	205	224
202	203	208	202	203	216	201	203	212	202	203	218	203	203	217	202	202	215	205	200	212	201	205	217	202	208	212	201	200	204	203	200	209	201	201	206
197	198	203	203	202	221	203	201	221	208	208	214	204	203	217	201	207	218	204	202	212	199	202	214	204	201	216	201	204	206	200	202	201	201	202	203
199	199	196	200	201	207	200	200	210	199	201	209	203	201	206	204	199	210	203	205	211	198	205	210	204	201	214	202	198	199	202	202	196	199	199	196
200	198	208	198	200	211	204	202	213	200	200	212	203	202	210	201	203	216	198	205	212	201	202	216	203	202	216	200	202	199	199	200	205	202	199	202
199	203	208	201	206	223	202	203	220	204	202	222	203	209	222	206	203	219	202	205	218	207	203	220	201	205	226	200	201	203	203	203	201	200	202	203
199	203	208	204	223	364	221	233	365	215	236	371	218	236	363	218	232	365	218	237	361	218	231	359	218	231	359	208	203	206	200	201	207	202	200	207
200	203	233	208	363	1345	303	413	1369	312	422	1373	316	422	1362	310	413	1373	309	419	1368	308	421	1367	311	409	1346	247	221	203	204	203	203	200	201	207
203	204	228	204	289	819	261	320	844	259	327	841	269	319	831	260	323	828	262	320	831	258	323	825	250	321	821	230	211	215	200	208	210	200	197	210
201	202	217	204	252	542	233	270	557	238	272	552	235	272	553	238	273	560	235	270	547	240	267	537	236	265	550	215	206	204	204	202	204	203	201	204
197	201	210	201	232	414	226	241	417	220	241	421	220	245	416	223	244	416	222	240	421	218	243	414	221	242	417	214	205	204	204	206	210	203	205	212
200	205	214	197	217	298	215	220	306	206	217	301	210	224	304	214	220	297	209	222	303	210	220	303	211	220	292	200	204	212	203	202	212	202	206	214
200	202	207	201	204	222	206	203	226	202	202	220	203	198	223	207	207	219	202	201	220	202	207	225	202	204	224	201	203	211	201	204	206	202	205	211
202	206	211	198	204	223	201	205	222	202	207	224	199	202	223	203	205	216	205	206	216	205	206	224	200	207	222	205	208	214	200	204	216	200	203	211
200	200	205	200	205	219	201	206	224	201	205	222	203	204	225	202	206	222	201	205	219	202	207	220	199	200	219	202	199	205	200	200	208	201	204	206
202	202	220	200	209	231	203	204	232	203	206	227	205	207	229	204	205	229	202	205	229	205	203	231	201	205	228	203	204	219	203	202	216	202	206	218
199	201	201	201	208	228	203	203	227	203	206	225	202	205	228	205	208	225	201	207	226	202	209	228	204	203	227	199	202	205	199	201	204	204	200	203
200	202	217	204	226	375	221	235	381	215	238	384	218	236	385	219	235	390	219	235	389	222	235	385	221	243	382	209	207	213	201	208	213	204	202	214
200	203	210	202	223	341	210	231	344	211	227	341	215	227	337	211	226	334	215	229	331	216	227	335	216	225	341	210	201	202	200	202	206	200	201	203
205	202	214	203	218	291	211	221	284	208	218	292	211	217	288	207	218	292	212	216	291	209	221	289	206	214	296	208	206	214	199	206	214	203	204	208
201	198	205	201	205	251	205	214	252	206	207	250	201	207	253	206	208	254	204	212	256	206	210	247	210	211	251	205	201	203	200	206	205	205	198	203
200	207	209	204	206	233	204	207	238	203	207	238	207	205	241	207	204	236	206	208	241	196	208	236	201	209	235	199	204	207	201	203	210	203	199	203
200	201	194	198	200	207	202	201	205	200	198	206	202	196	206	203	205	210	201	199	210	204	198	202	197	204	206	201	200	200	203	201	196	203	200	202
204	203	211	201	203	211	201	200	209	198	202	216	200	197	213	205	198	215	201	205	213	203	203	212	201	202	211	198	202	204	201	205	206	200	202	212
198	206	205	202	204	211	203	205	215	202	199	214	204	205	213	199	208	213	202	203	214	201	207	212	204	203	215	202	201	207	200	198	205	204	203	205
197	201	206	200	206	202	201	201	207	199	202	210	204	200	209	197	202	205	201	201	209	204	203	204	200	202	207	201	202	200	203	200	205	200	201	205
200	200	199	198	202	208	201	202	207	198	204	206	204	201	208	203	202	208	200	199	206	200	198	204	209	203	208	201	201	202	202	200	204	201	205	203
199	203	203	198	202	210	199	202	205	200	203	209	203	201	215	201	206	208	203	201	211	204	204	212	201	208	211	199	202	204	204	200	205	204	198	205
198	200	204	201	199	207	199	203	205	199	202	206	201	202	205	201	204	205	203	199	205	203	203	207	201	201	206	198	205	205	204	206	202	202	203	201
198	201	201	201	200	202	199	205	202	201	203	200	202	202	203	201	207	198	203	203	201	201	199	202	204	202	204	202	197	196	201	199	201	196	201	198
203	202	199	199	201	208	203	203	209	202	203	210	202	203	210	201	207	207	204	201	208	204	202	211	203	203	208	199	201	199	202	200	206	201	199	199
196	204	200	202	200	208	201	203	207	202	198	207	200	201	209	200	202	208	203	203	209	202	202	212	202	204	209	200	202	199	203	202	205	200	202	204
202	201	211	198	204	215	200	204	218	199	206	215	199	202	215	205	208	218	202	203	215	203	204	216	203	200	215	204	202	213	201	199	210	203	204	207
205	202	211	203	202	211	201	199	218	200	205	217	200	206	211	203	206	215	202	203	214	203	202	217	199	207	217	203	202	210	202	204	213	200	200	211
198	198	211	198	206	203	200	198	209	200	207	207	200	202	207	204	199	207	200	207	206	205	207	210	202	202	208	201	200	203	195	200	205	202	201	203
201	201	210	199	202	214	199	203	212	198	203	216	204	203	209	200	203	211	203	200	216	199	200	211	201	201	212	201	202	207	203	203	214	200	203	211
200	207	220	201	209	224	204	202	226	201	205	226	202	204	220	201	204	225	203	204	221	205	205	221	198	204	220	196	208	218	204	200	222	205	204	219
202	204	206	198	204	209	202	197	211	200	200	212	204	203	214	202	206	210	204	204	212	199	202	218	199	201	210	203	201	212	202	202	214	199	203	209
202	199	204	198	200	209	201	201	205	203	203	202	200	201	203	199	201	208	201	201	205	201	203	206	204	201	203	199	202	201	204	203	204	202	202	203
204	205	230	205	203	234	205	205	231	204	203	231	206	209	233	204	206	237	205	207	236	205	211	234	203	209	235	203	208	233	201	209	228	203	210	237
203	203	201	197	200	209	203	202	208	200	201	206	200	198	204	203	201	205	201	198	207	200	204	204	201	204	209	202	199	205	202	198	203	203	200	207
203	202	206	203	203	211	201	199	211	200	204	204	195	205	211	198	199	205	203	204	209	200	202	212	196	206	209	201	204	208	201	203	210	198	204	206
202	201	203	202	200	204	202	201	204	199	203	193	198	201	205	205	197	202	200	201	206	200	201	207	204	199	205	199	198	199	205	198	204	199	200	207
201	201	200	204	200	206	197	200	206	200	204	207	203	205	210	205	201	206	205	201	204	203	200	206	199	200	206	201	203	206	204	199	206	202	202	204
202	203	207	198	200	214	203	200	209	204	200	210	199	199	211	205	203	209	197	199	208	203	208	208	204	203	211	201	202	206	201	206	206	200	205	208
203	201	207	203	202	212	197	200	209	204	205	208	201	202	208	200	199	211	204	203	211	205	203	211	198	198	209	193	204	206	200	200	210	203	204	209
200	203	201	198	204	208	198	201	204	201	201	199	201	197	202	202	196	205	204	200	200	201	204	206	204	202	202	202	200	204	204	201	202	198	200	208
202	205	208	199	200	207	201	200	207	201	204	209	202	201	209	199	203	210	203	202	212	200	199	208	197	200	208	199	203	207	201	200	210	201	201	206
199	199	202	199	198	203	204	201	203	200	206	201	201	202	198	201	201	197	204	200	201	202	205	197	199	202	203	202	203	201	198	196	204	202	197	201
204	200	214	202	203	215	202	204	214	205	202	217	201	204	216	203	202	220	199	201	217	206	211	213	205	200	212	200	202	214	203	203	216	201	204	214
201	202	210	199	201	207	200	205	208	200	203	209	203	201	208	202	201	210	200	203	209	200	207	205	202	199	205	198	200	206	200	200	208	203	203	209
203	203	208	202	202	208	202	199	209	204	204	208	206	207	211	202	206	207	203	206	207	204	201	214	199	203	215	203	200	208	203	203	207	201	203	206
201	202	210	201	201	211	203	203	210	200	204	214	201	207	211	205	205	211	201	201	206	201	203	207	198	202	210	202	199	207	201	201	211	202	202	205
206	202	207	202	200	208	202	202	209	204	204	207	204	204	208	205	204	209	202	201	208	205	203	207	205	205	209	202	202	201	205	203	207	200	202	208
201	204	204	202	203	209	200	204	207	204	198	210	203	202	203	205	203	209	201	202	207	200	200	209	202	204	211	202	200	207	201	200	204	201	203	205
196	206	204	203	200	197	196	201	204	204	204	200	201	197	207	205	203	203	201	200	206	201	204	211	200	201	204	200	201	204	197	204	205	200	200	202
204	206	206	202	204	205	198	203	206	203	201	208	203	205	207	203	204	209	203	203	205	204	204	211	202	200	209	203	204	205	206	204	212	198	200	208
203	204	203	204	202	210	200	198	207	205	198	208	204	204	208	205	201	205	201	204	207	201	198	210	197	204	207	199	205	205	201	205	204	200	203	207
206	203	198	202	206	206	203	202	208	200	201	205	203	205	212	203	200	207	202	202	209	200	201	208	206	203	207	200	200	205	200	200	211	203	207	205
201	201	205	202	200	205	202	202	206	202	199	202	201	202	206	198	202	201	203	197	204	203	205	200	203	201	207	200	202	201	197	200	200	201	202	199
200	201	200	203	204	215	206	205	213	200	201	215	203	205	213	203	207	215	201	203	215	199	203	213	203	199	213	203	201	206	197	204	204	201	201	205
203	204	212	202	211	262	204	213	265	205	215	266	210	208	271	204	215	264	207	214	264	204	213	266	205	211	263	203	203	212	202	203	214	204	202	213
203	201	208	204	209	249	210	211	256	203	212	249	205	213	259	210	208	259	205	211	248	210	213	252	207	212	252	206	202	209	201	202	211	200	205	209
200	202	208	200	206	236	205	207	245	207	211	239	206	211	244	203	211	240	204	206	244	206	201	237	204	208	239	202	205	205	202	201	200	204	205	207
200	197	206	201	204	226	202	206	223	200	205	227	202	211	224	201	206	227	202	207	228	205	203	223	207	208	228	201	200	201	203	203	207	198	203	207
202	205	212	201	201	223	204	207	223	204	204	221	204	208	223	201	208	226	204	200	225	208	207	220	204	201	225	203	213	215	203	200	214	201	202	213
202	202	209	202	202	211	202	204	211	198	190	212	204	206	209	200	201	210	200	204	213	203	200	209	202	200	210	200	206	210	203	202	206	205	206	207
200	202	223	203	202	229	202	203	223	206	205	224	198	204	229	204	206	222	205	203	226	205	205	224	202	207	219	202	205	226	203	205	223	200	209	223
202	203	209	203	205	217	204	201	214	201	202	215	203	208	217	200	202	214	201	202	212	202	205	214	201	204	219	207	203	208	200	204	211	204	193	210
206	199	206	201	202	206	205	202	207	199	196	204	200	200	206	200	200	206	203	202	205	202	201	204	200	201	205	202	202	206	201	202	208	200	198	206
205	209	217	200	199	216	208	204	220	202	204	218	201	205	217	203	199	214	195	207	217	201	207	212	204	204	217	205	203	215	201	208	219	202	203	221
202	203	202	201	201	201	200	203	207	198	206	205	199	202	204	204	209	206	208	201	202	204	198	211	201	197	202	200	198	204	203	202	203	201	200	200
200	202	211	202	202	209	201	201	207	202	202	207	200	205	209	207	208	209	201	201	211	199	203	211	202	202	210	198	202	210	200	203	211	201	204	211
201	201	209	201	202	213	201	205	215	200	201	214	201	206	211	196	202	210	201	206	209	202	202	214	205	198	212	197	204	211	200	203	211	204	202	212
205	205	202	202	200	209	203	202	203	202	199	204	203	200	204	202	202	208	201	202	208	202	203	206	201	205	206	203	203	204	201	200	199	202	202	201
199	199	205	199	197	210	199	200	208	200	200	209	202	207	210	200	203	207	197	200	213	204	202	211	201	200	210	202	198	203	202	198	202	199	200	201
200	200	211	199	205	216	203	201	213	205	203	213	200	202	215	204	205	214	201	202	214	201	201	207	200	202	213	198	202	212	202	198	207	204	201	211
205	205	219	204	204	225	207	205	227	201	206	222	203	201	226	204	207	225	207	211	220	203	205	219	199	205	224	203	203	217	200	204	224	200	209	221
203	200	205	205	202	207	201	200	208	208	205	206	199	202	207	200	203	208	204	197	209	202	203	206	200	201	207	200	201	210	205	200	205	204	201	205
201	204	218	202	204	219	203	202	217	202	202	214	203	204	213	205	208	217	201	203	218	201	204	217	202	206	213	200	203	213	203	202	212	201	202	217
202	202	204	201	202	206	199	202	209	197	203	208	202	206	209	205	201	208	201	202	217	200	202	207	201	197	206	203	201	207	205	199	208	203	203	207
199	203	206	200	203	205	202	202	210	203	203	205	197	208	208	200	199	207	202	205	206	203	203	206	198	198	211	202	200	210	202	206	209	200	201	203
204	205	216	202	206	211	205	206	216	205	203	215	201	207	214	206	204	213	203	204	215	202	205	214	201	202	215	199	204	216	198	208	212	201	204	218
205	201	210	200	200	208	202	203	208	202	202	209	201	198	214	196	201	209	199	201	211	204	202	210	203	205	208	204	202	207	203	201	210	202	202	212
201	202	200	204	201	196	193	202	202	199	198	200	198	205	198	204	203	207	202	204	204	204	199	203	201	199	204	201	199	205	199	202	204	199	201	202
206	199	209	204	199	211	201	202	208	202	203	211	201	202	213	199	206	208	202	203	211	199	207	211	199	204	211	200	205	207	212	208	206	204	203	212
202	199	203	202	200	210	202	202	205	195	202	207	203	204	204	204	199	209	202	199	205	198	204	204	200	201	209	201	200	207	202	201	209	198	203	206
202	200	215	201	206	215	202	207	212	199	203	209	204	201	209	204	204	212	203	207	216	207	202	213	202	205	211	204	205	213	200	202	212	198	205	213
203	208	211	200	202	210	203	204	207	197	202	211	200	205	213	201	200	213	206	199	210	200	200	211	198	204	211	202	202	211	200	197	211	193	201	212
199	201	203	199	206	208	206	200	208	201	200	206	200	200	204	202	201	207	202	203	208	201	199	208	205	200	205	201	200	211	202	200	208	201	200	205
201	199	207	196	202	209	202	205	208	199	201	208	199	207	207	201	205	204	200	207	210	201	199	209	199	204	210	200	205	208	202	200	208	203	200	207
199	201	211	206	199	213	202	200	210	199	203	207	201	205	211	198	202	212	204	201	211	199	204	214	201	203	211	202	202	212	202	205	210	199	205	212
205	204	208	200	202	205	197	204	206	196	199	211	200	201	210	202	203	210	204	200	206	195	200	208	200	202	206	209	200	206	200	202	207	201	203	210
201	204	203	201	200	207	201	200	211	196	199	210	201	203	209	201	206	207	200	201	215	201	201	209	204	205	213	198	204	211	203	204	210	203	202	215
199	200	204	204	199	203	196	202	204	202	204	201	202	200	205	202	202	200	199	197	203	199	199	207	195	201	202	202	199	203	205	201	207	201	201	203
\machine::top.usb650:setup:su_maj_r1
0
1
1
5.500000
\machine::top.usb650:setup:su_z1
0
1
1
-1.000000
\machine::top.usb650:setup:su_phi1
0
1
1
157.500000
\machine::top.usb650:setup:su_maj_r2
0
1
1
5.500000
\machine::top.usb650:setup:su_z2
0
1
1
1.000000
\machine::top.usb650:setup:su_phi2
0
1
1
157.500000
\machine::top.usb650:setup:su_ft
1
1
1
50mm, P1000-2-UV/VIS EOS00019, 727-733-2447
\machine::top.usb650:comments
1
1
1
relative to track 2
\machine::top.usb650:framing:frm_int
0
1
36
100
200
1000
100
200
1000
100
200
1000
100
200
1000
100
200
1000
100
200
1000
100
200
1000
100
200
1000
100
200
1000
100
200
1000
100
200
1000
100
200
1000
