\machine::top.usb650:setup:su_pixels
0
1
1
651
\machine::top.usb650:framing:frm_n
0
1
1
36
\machine::top.usb650:calib:wve_spec
0
1
651
350
351
352
353
354
355
356
357
358
359
360
361
362
363
364
365
366
367
368
369
370
371
372
373
374
375
376
377
378
379
380
381
382
383
384
385
386
387
388
389
390
391
392
393
394
395
396
397
398
399
400
401
402
403
404
405
406
407
408
409
410
411
412
413
414
415
416
417
418
419
420
421
422
423
424
425
426
427
428
429
430
431
432
433
434
435
436
437
438
439
440
441
442
443
444
445
446
447
448
449
450
451
452
453
454
455
456
457
458
459
460
461
462
463
464
465
466
467
468
469
470
471
472
473
474
475
476
477
478
479
480
481
482
483
484
485
486
487
488
489
490
491
492
493
494
495
496
497
498
499
500
501
502
503
504
505
506
507
508
509
510
511
512
513
514
515
516
517
518
519
520
521
522
523
524
525
526
527
528
529
530
531
532
533
534
535
536
537
538
539
540
541
542
543
544
545
546
547
548
549
550
551
552
553
554
555
556
557
558
559
560
561
562
563
564
565
566
567
568
569
570
571
572
573
574
575
576
577
578
579
580
581
582
583
584
585
586
587
588
589
590
591
592
593
594
595
596
597
598
599
600
601
602
603
604
605
606
607
608
609
610
611
612
613
614
615
616
617
618
619
620
621
622
623
624
625
626
627
628
629
630
631
632
633
634
635
636
637
638
639
640
641
642
643
644
645
646
647
648
649
650
651
652
653
654
655
656
657
658
659
660
661
662
663
664
665
666
667
668
669
670
671
672
673
674
675
676
677
678
679
680
681
682
683
684
685
686
687
688
689
690
691
692
693
694
695
696
697
698
699
700
701
702
703
704
705
706
707
708
709
710
711
712
713
714
715
716
717
718
719
720
721
722
723
724
725
726
727
728
729
730
731
732
733
734
735
736
737
738
739
740
741
742
743
744
745
746
747
748
749
750
751
752
753
754
755
756
757
758
759
760
761
762
763
764
765
766
767
768
769
770
771
772
773
774
775
776
777
778
779
780
781
782
783
784
785
786
787
788
789
790
791
792
793
794
795
796
797
798
799
800
801
802
803
804
805
806
807
808
809
810
811
812
813
814
815
816
817
818
819
820
821
822
823
824
825
826
827
828
829
830
831
832
833
834
835
836
837
838
839
840
841
842
843
844
845
846
847
848
849
850
851
852
853
854
855
856
857
858
859
860
861
862
863
864
865
866
867
868
869
870
871
872
873
874
875
876
877
878
879
880
881
882
883
884
885
886
887
888
889
890
891
892
893
894
895
896
897
898
899
900
901
902
903
904
905
906
907
908
909
910
911
912
913
914
915
916
917
918
919
920
921
922
923
924
925
926
927
928
929
930
931
932
933
934
935
936
937
938
939
940
941
942
943
944
945
946
947
948
949
950
951
952
953
954
955
956
957
958
959
960
961
962
963
964
965
966
967
968
969
970
971
972
973
974
975
976
977
978
979
980
981
982
983
984
985
986
987
988
989
990
991
992
993
994
995
996
997
998
999
1000
\machine::top.usb650:framing:frm_start
0
1
36
0.000000
0.218750
0.625000
2.687500
2.906250
3.328125
5.390625
5.609375
6.031250
8.093750
8.312500
8.734375
10.796875
11.000000
11.421875
13.484375
13.703125
14.125000
16.187500
16.406250
16.828125
18.890625
19.093750
19.515625
21.578125
21.796875
22.218750
24.281250
24.484375
24.906250
26.968750
27.187500
27.609375
29.671875
29.890625
30.312500
\machine::top.usb650:raw_spectra
0
2
651
36
204	201	204	202	198	208	200	199	207	200	200	204	199	203	209	200	201	204	201	204	207	198	202	209	202	200	203	200	201	203	202	202	203	202	202	201
202	205	209	200	202	215	204	205	209	200	202	210	199	200	211	201	202	212	199	206	214	200	202	215	199	203	212	200	197	208	203	201	213	195	203	206
201	202	201	201	201	204	201	204	205	201	200	209	204	200	203	203	199	207	206	200	202	200	202	202	203	203	205	204	196	204	198	195	202	197	201	205
201	199	203	199	203	210	199	202	207	198	202	207	199	205	206	202	201	205	201	200	207	199	199	208	198	204	208	198	202	204	203	201	202	203	204	201
202	198	207	201	201	210	203	209	213	206	203	210	202	201	213	198	202	217	200	198	212	205	203	215	203	202	209	202	205	205	203	204	210	202	202	210
199	202	211	203	204	218	204	207	215	204	205	219	202	204	219	198	206	220	204	207	214	203	205	217	203	205	220	201	203	211	204	202	209	204	205	211
198	203	207	198	210	218	206	206	217	201	204	214	202	204	216	201	206	218	205	210	211	203	204	218	201	205	219	199	202	210	199	201	207	200	203	209
199	202	200	202	203	209	200	201	205	206	200	210	204	202	209	203	201	207	205	208	209	200	205	210	203	205	208	203	202	201	201	201	202	198	202	202
203	201	219	202	209	223	206	204	229	202	209	228	199	203	230	201	210	226	203	209	230	204	205	231	206	205	227	204	205	216	203	201	212	205	206	218
200	204	209	194	202	210	202	206	213	203	204	214	203	201	212	206	203	215	199	206	212	201	202	217	204	204	213	203	203	201	201	204	202	201	200	204
205	202	208	207	208	212	199	205	216	205	195	213	203	203	213	202	205	214	204	207	215	201	202	216	202	204	216	206	201	205	201	203	206	198	205	206
199	201	203	202	205	208	201	204	208	204	204	208	203	201	210	202	204	209	204	202	210	205	203	209	203	201	210	204	206	203	202	201	206	208	199	205
203	206	220	201	204	226	204	208	226	209	206	231	205	207	228	204	205	230	204	210	222	204	202	229	197	206	227	202	209	219	203	204	216	202	205	219
204	202	203	201	207	208	204	201	209	205	205	209	205	205	207	203	204	215	200	204	209	202	203	210	204	205	212	200	201	201	199	202	200	199	206	202
205	203	220	215	204	220	205	216	226	202	209	224	205	205	232	205	206	227	204	207	217	203	207	224	207	203	226	204	205	217	203	207	214	208	206	216
198	202	209	201	205	214	202	208	219	204	206	213	203	207	216	209	201	213	201	202	213	205	205	218	203	201	211	202	203	203	202	201	207	201	203	206
204	206	206	203	206	214	201	206	217	204	205	210	205	207	212	203	205	211	205	204	216	205	206	212	204	202	210	199	200	206	204	200	205	204	202	202
203	206	208	203	203	210	204	202	215	200	201	211	207	204	213	204	207	209	202	201	213	200	207	211	204	202	217	203	201	201	197	200	200	201	202	205
201	201	204	202	207	214	207	201	215	203	203	211	204	201	209	202	207	211	198	203	212	203	207	210	203	203	213	201	205	203	206	199	203	202	200	200
204	204	206	202	204	218	205	206	216	202	203	216	206	205	214	204	203	212	204	208	217	203	207	217	206	204	215	209	200	206	199	205	200	205	205	204
199	204	209	204	208	217	203	211	216	202	205	218	206	205	221	205	207	222	204	204	218	205	207	220	200	209	217	203	205	211	207	200	205	201	205	212
206	206	206	205	205	214	206	206	213	205	207	216	204	209	216	205	203	218	201	207	222	205	205	217	204	203	218	203	207	200	198	203	201	199	201	196
205	204	210	202	204	226	207	209	230	207	208	227	205	208	234	201	208	231	205	207	234	205	209	235	200	208	230	201	206	207	202	205	210	203	208	206
206	205	211	198	209	227	208	207	224	211	208	225	208	207	228	200	209	229	203	210	226	207	209	227	207	210	230	209	206	205	208	204	210	206	204	207
205	204	215	201	205	229	207	206	224	204	208	224	201	204	221	203	206	227	206	202	223	206	206	225	207	206	224	206	202	211	204	209	212	208	203	213
204	208	224	205	211	241	204	211	246	206	209	245	208	212	242	204	206	243	204	207	239	208	207	243	207	208	243	208	200	224	202	206	224	205	205	224
202	205	206	205	206	228	208	209	230	206	208	229	203	208	231	205	207	236	203	209	232	203	206	237	206	209	230	209	205	204	198	199	207	206	205	213
203	201	208	203	205	238	210	209	234	206	208	239	207	209	241	204	209	242	208	209	243	205	210	237	208	208	241	200	207	206	202	202	208	202	203	204
206	207	227	203	209	256	206	211	253	211	212	254	210	215	257	208	214	257	206	212	255	206	215	255	204	215	253	207	210	227	203	214	220	207	206	224
205	202	210	203	207	237	209	206	241	207	208	239	204	213	236	206	208	238	203	210	240	207	210	240	206	212	237	208	207	204	204	202	205	197	204	205
204	205	208	204	205	252	204	210	242	205	216	253	209	211	251	205	214	247	207	213	249	210	213	250	209	216	250	206	203	205	209	202	205	205	201	206
207	206	210	205	208	246	210	211	246	207	209	243	209	215	245	207	213	246	208	214	242	208	205	247	205	213	247	206	207	206	205	204	203	209	205	207
204	205	214	204	211	254	208	213	257	210	214	261	208	212	256	203	213	258	208	212	259	210	211	253	209	213	255	206	208	209	204	204	210	204	205	210
205	208	225	210	217	272	212	215	271	211	219	276	208	216	276	206	219	275	210	214	275	214	217	275	207	217	272	208	216	214	205	207	219	205	206	217
205	202	215	203	217	287	207	219	293	207	218	289	213	219	291	214	223	288	211	221	291	209	218	297	212	223	293	208	206	205	201	205	206	204	199	205
204	204	214	209	219	293	210	218	291	219	220	299	212	219	297	213	208	296	208	223	294	212	219	296	214	222	294	213	208	210	207	203	208	203	202	206
204	204	212	209	216	295	216	221	294	213	219	291	213	220	295	212	224	294	210	220	299	213	217	294	212	221	294	213	206	207	200	199	206	202	206	204
202	206	220	204	216	298	215	221	299	213	225	291	211	223	298	212	222	299	216	219	303	213	220	298	210	218	295	211	208	211	204	204	211	203	206	214
201	208	211	206	214	267	210	216	265	210	219	264	206	221	269	209	216	268	214	218	267	212	218	271	211	219	270	207	205	198	204	203	197	204	201	202
204	204	215	205	211	245	207	218	245	210	213	241	211	208	251	206	211	249	211	213	243	206	213	249	209	213	249	207	208	203	207	203	199	199	206	204
201	206	210	202	205	243	208	210	241	209	209	244	208	206	243	205	206	241	206	207	245	210	212	240	207	209	240	209	210	206	204	204	203	204	204	206
203	202	218	205	211	255	209	215	251	214	214	251	207	214	256	207	215	251	209	212	253	207	217	254	209	217	262	207	211	207	207	206	211	207	205	207
207	203	212	204	215	273	212	219	274	207	219	278	210	219	276	209	216	268	210	223	276	210	218	278	213	219	279	208	211	205	206	205	204	203	204	207
204	200	215	204	218	280	210	218	287	210	223	278	209	216	281	212	221	279	210	217	281	212	219	283	213	216	283	209	211	207	204	200	204	208	200	203
201	207	225	206	224	304	212	220	312	214	222	304	213	226	308	213	222	303	214	222	308	211	223	303	214	224	316	212	209	213	206	205	215	202	205	214
204	203	217	205	216	267	209	211	268	209	214	267	210	218	265	207	215	268	205	216	267	208	215	267	207	217	275	204	207	205	203	204	207	203	206	207
207	207	213	204	216	258	208	218	266	210	215	266	210	212	266	211	214	269	206	217	270	209	217	265	212	216	265	212	206	206	205	208	206	201	204	203
204	207	213	205	217	261	211	217	258	208	212	258	209	218	260	205	214	260	211	212	258	207	213	260	208	212	257	207	207	203	207	202	207	202	205	209
202	205	218	208	217	254	210	211	242	209	215	245	213	214	256	208	212	259	208	213	248	208	214	258	209	214	254	211	208	203	207	206	207	203	201	205
207	203	221	208	217	272	210	215	275	216	219	279	214	212	277	213	219	272	209	222	271	213	216	271	210	215	275	212	212	208	203	205	210	206	206	210
204	206	220	209	221	316	218	226	313	218	224	320	221	231	316	211	230	320	217	222	330	214	227	325	216	227	321	214	211	207	205	204	203	206	203	206
204	203	221	205	229	350	220	228	351	212	232	356	216	235	357	218	231	357	217	236	361	218	239	352	216	230	356	217	213	203	205	200	204	206	203	203
202	202	229	203	220	322	219	228	318	215	230	327	216	230	333	218	225	324	214	227	331	216	224	324	217	232	322	219	213	205	202	206	211	204	209	206
202	204	230	203	231	378	221	237	375	223	235	381	221	238	374	221	236	381	217	240	389	221	236	385	224	241	378	221	219	211	202	204	207	199	203	205
210	202	236	209	236	410	222	243	408	223	247	409	223	241	409	226	239	412	229	245	403	224	243	418	225	248	415	221	225	205	201	205	207	203	204	210
206	208	228	207	230	340	219	231	342	221	233	346	218	232	340	217	233	341	219	227	341	219	229	345	214	235	344	212	214	211	204	204	212	205	209	210
207	205	226	206	236	394	224	240	400	226	240	399	222	246	404	224	245	401	222	243	403	224	239	416	219	245	402	221	216	206	204	204	207	200	204	204
200	205	226	209	247	436	228	254	449	229	251	449	231	253	449	232	251	451	226	255	449	227	248	448	228	254	442	221	223	216	203	205	206	206	203	207
204	204	218	204	227	334	215	227	338	220	227	337	220	231	339	216	230	333	218	231	339	219	231	341	219	231	329	215	214	207	205	206	197	204	206	208
205	205	221	207	225	337	218	231	333	223	233	341	217	232	340	215	231	338	220	231	344	214	233	336	215	232	347	217	215	206	206	207	210	206	206	210
206	201	215	205	232	341	220	233	356	220	235	348	218	234	355	216	232	352	216	234	352	220	238	355	215	236	347	224	210	202	202	204	204	202	204	205
203	203	214	204	216	287	215	220	290	211	220	288	211	217	288	215	216	289	212	222	288	216	224	290	211	222	288	213	205	204	203	203	203	199	203	206
204	205	220	208	222	324	219	226	329	218	231	336	219	226	324	211	224	334	215	233	331	220	228	330	214	232	329	215	215	208	207	203	206	202	204	208
199	208	223	205	223	323	212	232	321	216	233	324	214	224	322	215	225	327	216	227	324	211	231	327	219	218	324	215	211	210	204	207	213	205	209	211
205	206	218	207	221	289	214	221	289	214	222	299	213	222	297	212	221	298	211	218	292	215	221	300	206	219	293	214	212	204	204	206	203	203	207	208
206	208	272	214	276	564	239	270	558	237	278	561	240	276	559	240	279	563	241	272	566	241	275	563	239	278	559	238	238	208	209	205	212	201	207	214
207	202	256	211	251	456	228	249	450	227	253	443	231	255	452	228	254	454	232	257	453	227	255	453	226	250	452	227	226	207	201	205	211	205	205	213
208	205	236	209	235	361	215	235	350	221	236	364	222	237	357	220	233	361	223	232	362	218	237	359	217	240	356	222	221	213	208	206	209	208	205	210
202	203	253	213	261	471	228	252	468	227	257	465	232	252	469	230	254	465	230	257	469	230	252	473	230	254	471	228	230	213	206	208	209	205	204	210
201	204	342	225	357	963	273	350	956	273	352	968	278	350	969	276	353	980	275	353	973	276	359	953	279	354	982	280	282	213	202	205	207	204	207	208
206	205	298	217	298	657	251	292	658	249	296	661	241	293	664	250	291	665	245	297	667	245	299	666	249	305	666	247	247	205	206	202	211	208	204	207
204	204	230	213	236	379	220	241	386	219	239	383	219	237	381	220	237	378	220	240	376	224	240	377	219	238	380	221	221	207	204	206	204	204	209	207
206	208	238	205	253	468	230	257	484	231	263	484	232	262	490	234	261	491	234	259	481	231	258	498	231	263	493	229	221	215	207	207	208	205	205	212
205	205	232	210	245	392	223	241	390	224	238	396	220	243	405	222	244	397	224	238	402	225	239	398	226	241	396	225	213	209	204	202	206	204	205	205
206	205	228	203	228	341	218	229	342	216	232	333	221	229	342	215	228	336	218	229	342	213	233	337	216	231	340	216	216	204	206	205	204	202	204	210
209	206	292	215	303	719	255	299	719	249	300	713	254	303	724	254	304	711	252	301	719	248	306	721	254	307	716	248	253	199	202	203	210	201	204	206
204	207	300	219	338	924	279	347	920	266	342	931	273	345	936	279	342	947	279	346	918	272	347	940	277	354	951	274	272	205	202	208	208	204	204	206
209	207	311	219	328	894	271	335	916	275	336	914	273	337	920	276	339	903	270	348	936	270	341	916	274	337	936	267	261	226	208	208	228	207	211	226
203	202	245	213	258	501	234	263	504	235	268	520	234	262	518	236	265	520	234	262	512	236	271	520	233	268	523	230	222	210	202	205	205	204	205	205
203	209	253	209	259	504	234	263	498	236	266	507	232	263	504	235	264	512	234	262	507	235	262	510	232	263	504	231	228	212	204	206	203	204	204	206
202	206	245	209	247	457	226	247	460	232	254	461	231	255	456	233	253	458	230	253	471	230	254	459	228	254	448	228	217	205	202	207	208	202	203	204
205	204	226	207	236	357	225	234	363	220	232	358	220	237	350	219	241	360	215	237	356	217	236	360	214	231	361	219	215	205	206	207	205	202	202	204
205	211	270	211	268	564	235	272	552	238	276	563	232	275	564	238	276	564	238	276	556	241	273	567	236	275	565	235	235	237	209	213	233	209	207	234
204	208	280	216	302	757	257	308	771	257	318	757	255	319	760	262	310	773	260	319	766	262	318	785	259	318	776	250	246	218	205	207	218	207	205	219
204	207	328	223	571	2350	399	596	2400	407	609	2405	403	613	2467	407	626	2463	408	606	2455	415	636	2463	413	643	2477	395	308	213	204	207	216	204	203	207
209	205	267	216	386	1215	303	397	1242	298	410	1250	306	407	1273	306	403	1274	305	404	1271	308	417	1273	307	416	1283	300	252	206	204	207	209	209	204	210
203	205	253	213	297	723	260	305	737	260	312	739	255	311	750	256	312	750	258	309	745	258	317	746	262	312	750	255	235	217	199	205	213	204	209	217
204	215	280	211	285	626	248	286	648	248	288	647	248	285	645	250	289	656	247	301	650	251	296	655	253	292	655	240	234	245	210	213	243	211	212	245
205	207	235	206	247	455	228	250	464	227	258	460	225	251	469	226	250	454	230	249	466	229	255	460	227	256	456	231	220	210	203	202	212	205	207	211
203	201	244	209	286	659	249	298	672	248	299	667	248	297	684	251	300	694	250	294	684	250	296	689	252	298	691	245	230	207	206	207	207	204	203	209
206	205	237	204	258	541	236	270	547	238	274	549	234	270	544	241	277	563	240	270	563	237	280	568	238	276	556	238	224	209	203	207	208	204	203	207
209	204	238	210	256	508	233	265	516	236	268	516	234	267	526	234	269	529	232	264	526	234	272	525	238	268	539	234	222	215	205	205	210	200	202	213
207	206	269	219	417	1447	317	433	1470	318	453	1484	328	440	1526	323	451	1522	328	447	1505	324	452	1505	331	449	1506	322	266	205	203	206	206	204	199	207
206	206	240	211	301	759	265	314	779	262	318	787	257	316	803	268	320	801	263	321	803	258	326	790	262	322	801	260	232	207	206	202	210	205	204	204
201	208	227	208	243	414	228	250	427	222	249	424	225	248	431	227	244	432	221	244	436	227	249	436	228	254	428	229	215	205	206	201	207	203	209	203
206	206	220	206	222	300	216	221	308	210	225	306	211	227	306	215	226	306	215	224	311	217	224	301	216	223	304	209	213	212	203	203	211	204	208	206
206	206	221	206	221	301	214	222	296	211	226	305	217	222	302	215	223	303	215	223	302	213	224	306	213	222	306	215	209	214	199	205	213	204	205	211
203	206	231	211	236	390	223	238	395	227	244	406	221	245	406	222	238	407	221	242	407	220	241	404	224	245	404	224	216	209	200	204	207	206	205	206
203	208	231	209	230	376	222	235	380	222	238	378	218	236	382	221	239	375	223	238	378	220	240	379	221	236	381	217	216	207	206	204	209	203	207	208
200	214	225	203	223	321	216	227	322	217	225	324	214	230	326	218	226	323	216	224	325	215	230	323	217	225	324	207	212	214	209	206	207	209	206	205
202	205	243	211	240	397	224	243	396	220	241	388	220	243	394	223	244	389	219	243	406	220	236	399	226	236	398	221	223	204	204	202	205	203	203	208
204	206	249	210	233	390	224	241	394	223	242	385	225	241	389	218	244	390	220	241	390	224	241	393	221	238	387	224	220	210	206	203	212	205	204	209
199	203	236	210	231	351	217	235	351	224	231	355	221	232	346	217	235	352	217	237	354	220	239	355	221	240	349	218	214	205	204	205	208	201	204	208
204	202	237	207	236	390	224	240	402	226	243	383	225	239	398	217	240	406	225	241	392	227	238	397	224	242	398	217	218	209	202	206	210	204	202	208
208	205	252	213	284	653	250	290	668	245	289	674	246	293	664	248	292	677	248	300	676	250	299	687	250	292	684	245	237	206	204	204	213	204	207	211
204	204	247	209	244	443	228	250	454	226	248	437	226	256	452	231	248	454	230	254	451	230	252	463	227	257	447	225	219	209	203	208	212	205	207	209
201	204	241	210	230	385	224	237	381	221	242	388	223	239	386	223	237	392	223	241	388	222	245	388	225	243	398	221	222	213	205	201	213	205	202	210
204	205	248	208	264	558	236	274	567	233	269	561	236	268	566	242	279	571	233	271	564	240	275	571	245	276	573	239	229	210	205	207	211	206	206	208
205	207	267	213	326	931	271	343	974	276	346	946	275	348	973	279	347	988	280	350	990	276	355	986	274	354	984	269	247	211	205	206	207	204	207	209
201	206	255	213	292	680	252	295	701	248	300	702	249	299	709	252	298	710	251	298	709	253	299	713	255	307	703	251	236	206	204	200	203	205	204	206
209	205	292	216	408	1378	310	429	1431	318	438	1429	316	434	1445	324	433	1448	325	427	1475	317	439	1472	320	437	1462	306	270	211	203	206	213	204	205	211
203	203	265	211	321	847	264	329	878	273	326	877	265	336	889	275	327	890	270	332	879	267	341	897	272	343	881	267	236	211	207	203	209	202	206	208
206	205	242	205	255	486	230	265	500	230	267	496	235	264	501	238	262	499	231	265	502	237	270	504	232	266	511	230	227	212	204	200	212	210	203	211
208	206	228	206	235	365	221	238	369	221	240	367	222	233	373	222	235	375	223	236	374	222	236	379	222	239	377	220	218	209	207	202	210	201	203	212
205	205	229	207	222	329	214	230	327	223	232	333	216	227	329	216	225	339	219	232	324	216	225	334	219	227	334	216	214	215	204	207	218	207	205	212
206	212	274	216	273	589	244	282	598	242	285	598	240	283	617	244	281	614	232	282	610	246	285	608	242	284	616	241	232	236	210	210	236	206	209	239
205	209	257	209	244	432	225	251	436	226	246	436	223	250	445	227	250	441	223	252	438	226	249	435	225	252	441	221	227	235	209	210	234	207	210	238
204	202	226	208	223	326	220	229	328	220	229	321	214	233	334	217	231	328	213	229	327	216	226	335	216	232	331	213	213	204	202	204	203	206	201	207
206	205	229	207	221	309	219	225	306	211	228	313	213	227	312	212	228	306	214	231	308	212	225	308	213	223	309	212	213	206	205	206	208	202	206	206
200	207	232	209	222	326	215	225	325	222	230	330	215	225	326	219	228	337	222	232	337	218	225	331	214	226	325	216	215	214	207	203	209	200	203	211
206	202	236	209	225	339	218	228	341	216	229	343	219	230	333	216	227	338	218	233	336	218	229	341	218	229	344	212	215	208	204	205	204	202	206	211
205	204	228	208	224	326	216	228	330	211	224	332	218	225	328	215	224	333	217	229	334	218	234	330	218	230	328	212	214	206	203	204	208	201	202	206
208	201	248	211	278	639	251	290	652	244	300	646	244	291	652	247	296	671	248	294	665	250	295	669	248	296	667	243	231	214	202	204	211	209	206	207
205	206	250	204	292	730	257	309	757	257	315	752	256	313	759	254	310	761	259	310	756	264	312	759	258	313	761	247	233	213	207	205	210	204	205	211
202	209	240	205	243	435	224	250	446	229	249	447	227	249	442	232	255	449	229	249	445	228	249	441	227	254	445	220	218	214	204	210	214	202	207	216
204	205	231	206	232	388	216	242	390	219	243	392	220	241	392	222	240	393	220	244	395	220	243	399	219	244	400	219	217	206	207	207	212	196	205	209
204	205	257	212	304	750	260	311	773	264	315	795	263	314	787	260	323	783	260	315	791	260	312	789	261	322	802	255	238	205	203	203	207	207	202	211
206	206	235	206	235	422	222	249	429	226	246	430	228	250	427	225	252	433	225	247	421	228	252	427	229	247	430	222	218	206	206	204	206	203	203	207
207	205	222	205	223	321	212	228	318	212	229	312	214	225	319	216	222	321	215	228	319	216	231	310	218	223	322	213	212	201	206	201	207	204	203	202
201	203	228	204	232	347	212	233	346	216	231	346	221	238	355	220	233	356	220	231	350	220	241	354	214	235	356	214	212	203	202	202	207	206	206	204
206	203	278	216	448	1673	332	468	1722	337	484	1737	346	490	1730	355	489	1746	347	488	1754	346	496	1765	342	499	1754	336	277	211	202	207	211	204	205	214
208	204	244	208	286	694	251	300	707	250	303	719	255	310	707	256	300	721	249	303	725	254	305	716	250	313	714	245	234	207	205	200	208	207	202	209
206	206	230	208	237	402	220	241	406	222	242	401	225	244	406	222	248	414	218	242	405	222	241	401	224	245	411	221	216	207	203	208	206	207	199	209
204	203	230	204	224	314	215	225	318	213	224	318	213	226	322	210	224	319	217	223	319	215	224	317	217	226	313	213	214	205	203	205	209	203	206	209
204	207	239	211	265	584	241	277	591	241	279	592	236	279	593	244	281	612	242	281	598	241	280	600	247	284	612	237	230	208	202	207	213	204	204	207
202	205	245	206	266	546	235	267	559	232	279	547	236	273	550	240	272	568	233	275	563	241	275	572	244	282	572	234	223	208	205	207	206	202	202	205
201	202	251	210	261	573	240	275	575	239	279	581	241	276	578	241	280	580	241	283	577	238	280	581	242	280	589	235	224	213	201	206	210	204	202	217
203	200	344	223	551	2272	389	581	2350	398	604	2335	399	597	2345	413	600	2383	401	597	2377	406	612	2401	401	613	2388	384	310	208	207	203	205	207	208	208
203	203	319	221	473	1779	352	488	1806	350	508	1814	346	518	1851	358	499	1832	358	507	1850	353	512	1853	359	517	1842	344	292	207	204	204	209	203	203	209
204	203	266	211	309	779	256	308	781	258	317	776	262	323	797	259	318	800	255	309	789	261	323	799	264	327	794	256	239	213	204	205	207	205	202	208
204	204	245	210	248	447	232	252	453	226	249	452	227	250	450	229	252	454	228	257	460	228	256	454	230	254	460	224	221	212	205	205	212	201	205	210
203	203	238	205	233	363	219	238	364	220	234	354	219	239	363	217	237	361	217	233	364	222	236	361	219	239	363	221	216	205	207	207	207	201	206	209
209	206	245	207	228	368	220	239	371	224	235	370	220	239	378	219	238	369	222	236	370	223	237	377	218	233	375	220	216	216	205	204	211	207	205	215
203	203	246	205	242	446	229	254	450	227	253	442	230	246	455	225	255	466	226	251	462	229	253	452	222	257	447	226	220	211	206	204	216	202	209	211
204	205	233	204	229	345	218	233	342	215	234	345	223	236	349	212	234	346	219	236	346	206	235	354	219	232	351	220	210	208	205	205	208	203	203	211
202	205	234	204	230	344	219	235	349	217	234	346	219	237	355	220	229	347	222	231	357	218	233	352	222	234	349	216	213	204	201	200	205	201	202	203
205	202	261	208	283	658	248	297	676	248	297	676	251	296	689	247	295	680	252	295	691	253	296	685	250	298	684	249	233	217	205	204	216	208	205	213
204	206	232	206	243	444	226	251	449	229	251	438	227	248	450	230	252	452	227	249	452	223	254	452	229	254	456	227	220	208	204	207	205	201	204	204
202	206	231	211	230	340	217	228	347	218	231	345	214	230	342	218	230	342	216	228	346	221	233	349	215	232	342	215	213	205	204	204	204	206	205	205
209	202	234	208	222	323	215	226	323	217	230	319	216	231	323	215	226	323	212	232	332	216	229	327	214	227	323	215	212	206	204	204	208	200	207	209
207	203	239	210	265	555	238	276	565	236	274	562	237	279	559	240	276	559	236	273	563	239	282	569	235	280	580	232	220	209	202	204	200	200	206	205
208	211	251	208	294	716	259	307	753	257	302	730	261	303	756	262	313	748	254	304	756	256	315	755	252	311	760	252	227	207	204	205	209	205	201	203
206	207	238	209	245	440	230	249	460	227	254	450	228	248	453	225	250	454	227	248	462	231	251	458	227	257	455	225	223	206	202	204	207	202	203	212
201	207	235	209	231	350	216	232	355	222	231	351	217	234	352	218	231	350	214	236	352	217	226	355	220	226	351	219	213	206	206	201	210	201	202	204
202	202	250	213	230	383	222	238	385	222	241	390	214	238	387	221	239	385	220	237	389	221	237	388	220	240	390	223	218	210	204	207	216	204	202	213
202	206	257	211	247	476	229	255	469	231	257	476	231	256	473	231	257	466	231	258	478	231	251	487	233	256	476	228	227	208	205	202	209	202	206	202
203	209	258	205	263	552	234	270	556	237	277	556	239	272	557	237	274	555	241	274	557	238	273	554	241	274	568	236	229	220	202	205	215	198	203	209
207	212	260	209	246	450	227	247	457	231	257	456	226	255	460	231	255	458	229	252	458	226	257	456	230	248	460	226	220	216	209	206	217	200	208	217
205	204	250	207	235	416	224	246	421	226	249	424	221	246	421	222	250	426	223	246	425	226	248	419	226	247	421	224	219	208	206	203	209	203	203	212
203	203	246	206	231	382	221	237	386	223	239	378	215	238	379	219	237	385	227	239	378	219	238	379	223	242	385	217	218	208	201	204	209	205	201	210
205	208	235	206	225	343	217	222	336	215	230	339	218	227	336	216	233	336	212	227	340	216	230	338	218	234	342	216	209	208	201	205	204	208	205	206
204	207	240	207	228	343	217	229	344	218	229	341	220	230	347	216	233	339	213	235	346	217	235	348	218	232	350	216	218	214	200	206	216	204	207	215
200	207	233	206	228	342	215	228	348	217	237	340	215	228	344	216	230	344	218	229	341	219	231	352	216	228	348	217	216	209	201	207	214	200	204	212
202	205	231	206	232	375	221	234	378	223	235	380	220	234	376	225	236	364	221	237	376	221	240	378	221	235	369	219	213	209	201	201	207	203	201	208
204	203	245	212	278	630	243	285	638	243	288	654	245	294	652	248	292	657	247	289	656	246	288	659	243	293	656	238	224	205	202	202	209	201	207	203
204	206	247	210	254	461	225	252	469	231	255	468	226	251	473	228	257	469	225	256	465	232	251	469	232	259	476	225	223	205	204	205	211	204	203	209
202	207	245	214	250	457	229	253	463	229	258	460	229	248	472	224	252	472	224	258	466	227	256	465	229	258	461	228	228	207	206	205	206	204	205	205
204	206	238	212	231	363	217	232	370	218	235	366	215	236	363	219	233	366	218	240	365	216	237	364	216	239	373	214	217	211	203	202	206	202	204	202
204	204	260	209	254	483	229	256	483	234	255	480	230	257	481	232	259	479	231	258	487	228	258	478	228	258	489	229	227	207	202	201	209	204	200	209
203	204	252	209	245	401	225	244	406	221	243	403	220	243	405	221	239	410	225	241	406	220	240	409	219	239	404	220	219	202	204	207	212	204	204	214
204	206	238	210	224	338	221	228	332	213	227	342	218	228	335	216	230	328	210	228	332	220	229	338	220	232	332	214	214	216	204	205	213	209	204	216
200	206	242	208	232	350	222	233	358	219	231	351	221	233	356	213	234	355	218	235	352	222	232	354	214	232	355	219	215	208	204	202	208	204	206	209
200	207	252	210	237	398	221	243	395	224	236	395	220	244	397	220	241	395	218	245	403	229	242	397	221	246	399	221	223	211	202	205	210	204	206	208
206	201	230	206	223	323	211	225	311	213	226	320	214	228	320	212	228	328	214	226	322	220	227	318	214	225	328	214	214	203	203	209	201	203	201	198
205	204	230	207	223	335	218	222	330	216	229	321	214	233	327	210	228	333	214	229	329	215	232	322	215	228	329	217	214	202	201	206	203	202	204	206
203	203	252	211	237	383	218	237	396	219	234	385	219	236	393	221	237	393	222	241	384	221	240	391	218	238	391	227	226	216	207	206	212	203	209	216
207	207	249	210	228	338	219	231	338	218	230	342	217	237	342	212	235	339	220	231	338	217	232	346	219	232	349	218	217	217	207	208	223	204	204	219
203	203	227	203	219	312	218	225	312	216	222	311	211	223	308	214	224	313	215	224	310	215	226	310	213	226	309	212	213	207	206	203	208	204	203	207
202	205	237	208	226	330	211	226	326	218	225	331	215	229	329	218	226	329	220	229	328	214	226	330	212	225	335	214	214	207	203	204	208	203	203	207
204	211	241	208	218	311	218	223	313	216	215	320	214	222	314	217	221	318	217	224	314	211	225	317	216	223	313	211	213	217	205	207	220	201	204	214
201	209	223	212	218	296	216	221	296	211	223	297	210	224	302	210	225	298	215	221	302	211	226	301	214	226	303	215	209	204	201	198	202	205	204	205
206	205	227	208	222	310	211	220	317	214	221	313	215	223	309	212	223	316	216	222	319	220	225	313	210	222	314	211	209	201	200	201	204	201	202	204
200	202	233	208	219	314	215	219	317	213	229	316	214	223	320	211	225	325	219	222	327	217	220	321	218	226	326	211	215	205	202	204	205	205	204	204
204	205	233	207	226	322	216	226	324	214	228	325	215	226	331	213	232	333	215	232	329	214	229	324	214	228	330	213	211	206	205	205	205	204	201	201
206	200	233	208	220	334	215	229	338	213	226	341	217	227	341	218	230	335	218	227	339	216	226	339	217	227	337	215	213	207	195	203	205	205	202	208
207	202	234	205	230	356	216	235	352	220	230	362	223	231	354	220	234	361	216	227	361	217	230	355	221	231	349	212	210	208	201	207	208	201	202	208
203	204	235	207	227	334	217	232	336	218	233	346	216	226	352	215	238	340	218	232	347	215	233	344	215	225	338	215	208	207	203	204	209	204	203	205
202	208	241	208	222	352	220	233	358	217	228	356	216	234	350	220	232	353	215	235	357	216	231	359	217	234	355	211	212	207	200	203	208	201	206	206
202	202	233	203	224	330	215	232	336	218	227	336	217	230	339	217	232	337	219	226	337	212	226	342	215	229	340	216	213	209	205	204	210	202	204	211
205	200	233	208	229	340	217	228	328	213	231	347	221	226	341	218	231	339	220	231	347	216	225	342	217	228	339	215	212	206	201	203	207	204	199	204
201	201	239	206	226	345	219	229	338	218	229	335	216	230	338	215	232	334	216	234	343	214	228	344	219	231	345	212	215	210	205	204	209	201	205	206
201	200	237	208	230	356	218	232	351	218	232	359	221	234	346	213	234	353	216	237	349	217	234	356	218	234	357	214	217	204	204	203	207	201	202	203
202	203	248	208	240	386	218	241	388	217	238	398	225	236	390	222	239	386	222	240	392	220	242	390	217	240	387	224	223	210	205	204	208	200	204	215
206	205	233	207	227	345	215	231	345	212	230	342	221	233	347	219	224	352	220	231	347	218	230	350	212	234	346	210	214	209	202	204	213	207	200	210
204	204	247	209	236	391	222	243	394	220	240	393	223	239	395	219	236	391	222	236	386	214	238	388	220	244	397	224	218	213	201	208	209	204	206	213
203	200	251	212	251	449	224	247	457	228	251	451	232	251	456	223	253	456	230	255	456	226	251	452	226	251	458	224	228	206	202	202	203	202	199	205
208	200	244	209	232	380	219	237	386	220	244	385	217	241	379	221	240	389	219	238	387	223	241	385	217	237	391	219	224	210	203	207	213	205	205	207
204	210	260	207	230	395	220	238	391	219	247	396	225	242	397	225	240	395	221	245	390	223	240	390	222	241	395	221	219	223	207	207	222	203	207	219
201	203	235	205	226	341	217	231	341	216	232	348	219	233	349	215	229	349	219	230	344	212	228	339	216	233	346	212	216	203	204	203	205	204	204	206
204	203	287	218	282	615	245	284	617	241	288	620	238	287	628	241	288	619	242	285	609	242	286	620	241	283	615	244	242	204	205	204	201	205	206	202
205	204	274	214	258	518	235	266	522	234	270	516	232	258	516	233	264	515	237	259	526	232	267	527	237	267	520	237	235	201	201	198	208	202	200	203
202	208	251	207	240	400	222	243	393	213	242	402	223	241	403	222	238	400	223	241	405	223	242	409	223	246	404	223	225	212	204	204	209	188	203	211
208	202	236	208	229	363	218	234	363	218	230	360	221	237	373	217	235	364	221	235	366	218	234	364	224	236	364	214	220	206	202	201	206	197	208	206
201	202	234	205	225	344	220	235	343	219	233	341	218	232	346	215	229	349	216	233	350	213	228	344	217	232	345	213	216	201	203	201	202	204	206	203
203	204	234	209	220	332	216	227	333	220	228	332	217	228	339	217	229	330	216	231	330	218	226	334	217	227	330	214	216	207	201	206	214	200	205	204
204	201	255	208	250	445	233	250	462	230	250	455	230	251	457	232	250	465	231	254	460	226	258	476	230	253	463	225	230	203	203	201	207	204	207	210
202	205	272	212	268	526	233	270	542	233	272	547	236	269	543	233	270	549	237	269	542	231	274	544	237	272	550	235	235	209	205	207	214	203	206	211
202	205	255	208	252	462	226	252	462	228	255	468	235	248	470	230	257	474	231	256	473	227	255	471	230	254	468	225	227	201	201	208	205	201	200	200
207	200	235	203	223	345	220	226	346	219	235	353	216	227	351	214	234	344	215	232	346	216	232	357	221	235	348	214	215	210	206	209	207	203	204	207
205	202	234	209	228	341	213	232	347	219	232	346	215	229	342	218	230	342	218	228	347	216	229	340	220	235	345	216	212	208	209	205	205	206	200	204
202	202	269	210	254	466	230	254	467	227	255	472	226	253	468	231	256	460	227	248	471	231	256	469	227	255	466	228	226	217	200	208	223	202	206	223
200	203	241	205	234	391	221	236	394	221	241	389	222	242	391	220	239	387	221	237	385	222	240	392	222	243	383	219	215	207	203	202	214	205	202	211
204	203	229	203	225	325	212	225	341	212	228	337	212	234	337	217	228	331	210	223	335	217	230	330	216	227	332	217	213	207	200	203	205	202	201	204
207	195	229	203	221	309	216	225	316	212	224	313	222	217	312	217	226	309	207	224	302	215	223	309	213	226	307	214	212	207	201	199	209	202	203	205
201	201	239	204	229	338	217	229	338	213	227	342	220	224	344	221	229	347	218	226	340	218	228	341	215	231	339	212	215	205	201	202	210	206	204	207
202	203	251	209	245	433	226	250	438	223	248	430	222	247	431	226	248	437	226	246	439	227	246	436	222	249	435	224	223	204	207	207	209	206	202	209
203	201	240	201	225	349	219	233	359	214	234	359	217	231	350	216	236	356	219	230	362	220	231	355	213	231	359	217	216	211	202	205	212	205	207	211
206	207	251	204	229	344	215	232	344	212	236	348	218	233	339	216	231	355	217	240	352	217	233	349	220	233	348	211	212	230	206	208	226	204	211	222
204	200	243	206	235	367	214	235	367	217	234	359	218	236	369	221	233	364	222	235	361	220	234	363	217	231	374	217	219	208	200	207	210	207	206	210
208	204	238	207	236	359	222	232	362	217	232	366	215	232	366	220	232	370	219	232	366	217	236	358	218	238	361	214	214	203	200	204	203	202	201	204
207	209	280	211	228	363	219	233	369	218	233	374	218	237	367	219	234	368	220	234	366	217	240	368	218	235	370	218	220	247	203	211	251	207	212	249
210	215	295	214	227	372	215	233	367	218	236	364	216	236	369	219	235	370	218	238	365	221	239	370	216	237	380	221	223	273	211	213	269	206	220	272
206	204	225	209	213	293	212	216	291	211	222	298	211	218	294	208	218	298	211	219	294	210	222	298	213	222	299	211	206	210	203	204	213	202	206	210
208	204	247	207	227	343	216	227	342	214	232	343	211	229	341	215	227	338	216	230	347	218	230	345	220	229	350	217	218	224	206	207	223	206	203	221
201	203	266	205	243	405	220	242	405	223	244	407	221	243	402	224	237	403	224	243	409	222	233	401	225	244	420	220	224	223	207	206	224	204	204	222
203	202	230	204	222	315	213	226	307	212	229	309	215	226	315	210	223	309	217	226	314	214	229	314	210	223	311	213	211	212	205	206	210	204	203	213
202	201	224	204	217	291	208	220	285	217	220	289	211	219	294	209	219	284	215	219	291	213	220	292	205	225	292	208	211	204	206	206	207	200	201	203
208	205	236	208	227	345	213	230	334	220	231	336	217	229	341	218	234	344	220	230	344	214	233	341	215	232	342	209	213	203	203	204	205	201	200	205
199	200	229	207	223	315	214	224	309	214	225	316	215	223	317	212	225	312	209	221	309	211	228	314	215	226	311	208	213	204	202	202	207	201	202	203
205	201	230	206	217	301	211	217	303	215	222	304	213	225	296	215	224	306	212	220	301	214	223	306	214	222	306	214	211	211	205	208	212	203	209	210
202	203	225	201	224	308	214	221	317	216	228	312	215	227	308	213	222	316	213	227	313	212	227	316	215	228	316	213	214	205	203	205	208	202	203	205
207	203	226	205	214	287	213	217	284	209	218	281	209	222	284	207	218	286	208	215	285	209	218	281	210	217	282	206	209	211	204	204	206	203	203	209
203	207	224	203	218	275	211	218	280	211	216	281	210	219	283	207	222	278	212	218	279	206	217	286	212	214	283	207	209	211	206	204	210	204	206	208
205	203	235	203	227	338	215	227	336	216	227	337	214	230	326	214	230	334	217	229	341	216	225	335	215	223	348	214	216	208	204	201	211	202	202	207
204	204	234	207	218	310	211	218	304	213	221	308	212	229	310	211	223	309	212	223	309	211	224	312	211	222	316	214	209	207	205	202	208	201	204	208
203	204	231	207	214	284	210	216	287	210	219	286	210	217	284	210	218	281	206	218	285	207	217	291	210	215	288	212	209	205	204	200	207	206	205	211
209	205	232	208	223	305	209	221	303	207	221	309	214	220	304	211	219	308	217	223	309	214	225	308	211	218	316	214	212	214	201	205	211	198	204	216
204	201	229	205	220	301	214	220	295	211	219	302	213	221	312	209	222	303	206	222	299	217	221	299	215	221	299	213	208	210	201	203	207	207	205	205
202	204	242	206	236	410	224	241	400	222	239	403	221	241	394	223	242	403	222	245	393	225	240	400	222	240	398	220	224	208	200	206	210	200	206	208
204	204	258	208	257	475	230	260	473	228	256	475	227	258	484	233	257	491	228	260	486	233	255	479	230	256	482	229	223	205	203	201	211	201	205	210
201	204	230	205	227	330	214	227	340	212	229	332	218	223	333	213	229	327	219	224	335	214	228	337	217	227	335	215	212	206	198	204	208	199	207	207
200	201	238	211	232	372	219	235	376	221	235	376	223	240	377	216	237	371	218	235	375	217	239	372	216	240	372	219	221	203	201	206	206	202	203	212
203	203	229	210	225	334	217	231	337	216	228	333	221	228	331	217	229	329	213	231	334	213	229	335	213	228	342	218	211	205	205	206	204	200	201	202
205	206	239	210	234	376	219	237	387	221	240	376	216	237	371	219	236	373	216	237	376	213	238	384	224	243	375	219	219	208	205	204	206	201	201	208
203	206	236	207	223	331	216	223	330	212	227	332	214	232	337	216	228	337	215	230	338	214	230	337	214	228	333	214	218	209	204	202	208	206	202	207
204	200	221	208	213	283	212	217	284	208	218	290	209	221	281	212	224	289	207	217	287	209	221	284	210	216	290	210	209	200	200	203	202	203	200	205
202	206	222	206	216	271	207	217	281	209	219	278	211	219	280	214	216	281	212	215	283	213	219	277	208	212	278	208	210	208	205	203	208	199	206	207
203	205	231	207	222	305	211	215	309	212	223	303	214	223	307	213	223	300	214	224	306	218	223	302	212	223	307	211	214	207	203	198	212	203	205	206
201	205	237	207	223	312	213	222	315	216	226	318	212	223	318	211	224	316	214	224	314	213	226	316	213	223	316	211	213	216	206	209	215	205	206	218
208	206	239	206	225	340	214	230	340	216	226	336	216	229	345	216	233	337	213	229	339	217	230	340	219	227	330	215	219	213	200	202	212	205	207	213
201	202	234	204	227	329	213	228	330	211	224	333	211	231	341	215	226	337	215	229	341	219	228	336	214	222	345	215	217	203	197	204	203	204	200	203
201	205	236	208	230	331	213	230	339	213	227	338	214	229	337	214	227	341	217	228	336	216	229	339	216	226	335	217	217	207	203	207	207	202	196	207
207	205	236	208	231	354	220	232	350	217	234	362	222	232	354	220	232	363	219	237	358	217	232	365	221	231	357	215	215	202	206	202	203	204	202	199
202	206	360	220	365	1046	280	362	1032	275	363	1032	277	363	1041	283	360	1036	277	361	1050	286	362	1048	276	368	1034	284	286	214	208	205	214	201	201	215
201	207	310	216	317	793	256	325	799	257	308	794	259	321	786	256	316	798	263	319	804	263	316	803	261	319	801	256	260	206	202	203	204	202	202	200
200	202	265	210	267	526	241	270	524	229	268	533	231	267	533	233	270	527	232	267	536	231	268	529	239	269	534	231	229	208	203	207	208	202	206	209
200	203	255	210	251	449	229	254	450	226	253	454	226	249	458	226	251	450	225	246	453	225	252	452	229	248	453	228	226	206	203	204	204	208	204	207
202	196	226	206	222	312	211	221	312	211	223	310	211	223	308	214	221	309	212	224	312	218	224	311	214	219	312	210	210	207	207	203	208	204	202	204
204	201	219	200	212	273	206	217	273	206	215	273	209	216	272	207	218	282	213	214	280	210	215	279	215	216	274	208	206	204	203	202	204	201	202	203
203	203	219	209	218	294	211	220	294	210	223	295	209	220	297	211	220	292	211	218	297	212	217	289	213	219	291	207	212	205	206	203	203	204	205	204
199	206	242	208	240	399	222	239	402	222	237	402	219	237	406	220	245	405	221	240	402	226	243	398	219	240	405	220	221	201	210	205	204	203	200	209
203	206	251	209	263	539	239	272	549	233	271	547	237	270	547	234	264	550	235	273	550	233	280	553	240	265	546	233	228	208	205	203	209	203	206	210
202	204	236	204	253	463	229	252	470	228	253	463	229	253	464	232	255	475	228	253	469	224	254	471	226	258	480	225	219	210	205	203	208	205	207	207
203	208	235	209	224	338	216	233	335	213	229	338	215	228	337	218	230	339	218	229	337	217	232	334	217	231	340	212	216	215	206	203	214	202	204	216
201	202	230	201	221	330	221	231	332	210	227	341	215	229	332	214	230	333	212	228	331	213	229	330	216	226	335	217	213	202	202	202	201	200	203	204
204	204	229	207	230	347	215	232	349	217	234	349	219	231	347	214	232	350	216	233	348	215	227	346	217	234	348	216	211	208	202	203	205	204	205	212
200	207	222	208	221	322	214	229	319	219	227	318	216	226	320	216	224	315	211	226	325	214	221	320	214	227	317	213	212	204	203	201	211	200	201	209
203	200	257	208	266	559	232	271	570	240	275	576	234	272	570	235	268	571	238	276	578	237	278	571	242	274	580	237	230	202	206	200	203	204	200	205
202	205	256	209	233	403	223	241	402	218	241	400	222	239	401	220	245	400	221	242	397	220	240	413	221	238	402	218	222	225	202	207	222	202	207	228
214	222	299	211	231	367	218	235	378	220	235	375	222	232	371	222	231	373	224	233	368	220	235	370	224	236	364	214	225	288	208	221	282	217	223	288
201	205	226	202	213	288	208	220	278	212	219	279	208	215	281	211	220	283	210	215	283	208	220	286	206	221	281	211	213	209	201	207	208	202	201	212
205	202	251	208	230	374	218	240	377	215	236	371	220	237	381	219	236	383	220	233	377	223	241	374	218	240	377	220	220	217	202	204	217	201	209	215
203	203	235	207	232	345	216	232	342	209	232	340	217	228	338	216	229	343	214	229	340	218	227	340	218	227	338	212	214	207	198	203	206	203	202	208
206	202	223	205	217	274	206	217	276	209	211	272	206	220	280	215	213	275	211	215	277	210	219	279	210	216	273	209	206	205	197	200	202	200	202	205
201	204	224	206	228	333	212	230	334	216	213	334	216	226	330	214	227	344	214	228	340	218	230	338	217	232	338	215	215	204	200	206	205	203	206	208
207	205	227	203	219	333	222	225	337	213	229	327	216	226	334	216	228	328	211	225	330	213	227	334	216	227	330	209	211	204	202	203	204	203	200	205
202	205	226	204	215	295	211	216	295	210	223	301	211	225	297	212	219	297	211	220	295	210	226	294	211	220	295	211	210	205	205	202	200	203	205	206
205	200	223	207	213	280	211	220	278	212	219	279	204	214	282	209	219	283	206	217	281	208	219	287	211	217	291	207	207	203	203	203	201	202	206	202
204	204	229	207	216	292	208	219	295	212	222	295	214	223	290	212	223	294	208	220	294	210	222	295	210	216	294	208	209	210	203	203	210	203	202	209
204	208	240	208	221	326	217	228	316	212	228	323	214	223	323	216	228	324	218	219	319	216	224	321	213	230	324	213	209	222	205	205	217	205	208	223
205	205	233	206	228	373	221	236	360	218	236	372	216	230	369	220	239	366	217	237	364	222	237	363	221	230	368	219	217	201	204	199	198	201	206	202
202	206	241	209	233	374	219	239	376	217	233	376	219	239	380	220	235	375	221	233	387	219	233	382	217	237	378	220	220	210	200	204	210	204	206	212
201	202	225	209	214	289	210	217	290	214	227	289	210	218	289	208	222	290	210	218	292	208	215	291	211	221	294	211	209	206	201	203	207	201	206	208
202	202	221	205	210	268	212	216	274	207	214	270	206	216	268	204	218	268	209	216	276	212	216	274	211	215	271	205	210	210	197	209	210	206	204	210
206	203	214	204	213	255	206	216	262	209	214	259	207	211	257	210	214	263	208	217	256	206	212	263	207	216	259	207	206	203	203	204	206	202	201	206
202	206	226	207	210	266	208	218	263	211	215	267	203	214	266	204	220	266	211	216	268	206	216	266	210	216	261	207	210	212	206	205	211	203	204	216
206	206	232	206	215	282	211	221	277	207	218	273	210	212	281	211	215	277	209	213	277	207	213	278	211	214	277	209	213	216	201	204	216	204	202	215
204	201	218	205	214	290	213	222	289	207	218	295	201	220	290	211	218	292	211	218	288	210	216	289	212	223	297	209	210	204	202	206	208	203	205	212
205	202	225	201	215	290	213	216	288	211	219	297	210	218	292	207	218	296	210	220	283	209	218	291	210	220	296	211	208	207	202	202	215	199	203	215
206	207	220	204	216	284	206	217	286	211	221	290	211	222	290	211	218	288	211	216	289	208	220	285	209	218	291	209	212	202	204	200	202	199	205	208
203	206	236	208	223	307	215	221	307	213	225	307	214	226	309	213	222	304	212	220	305	212	218	308	212	224	309	213	212	223	203	205	220	203	206	222
201	201	233	207	234	342	220	235	355	217	231	352	216	232	358	219	233	355	216	229	349	215	232	358	216	232	355	211	216	208	202	202	209	202	202	204
201	204	249	208	253	464	230	257	475	228	257	468	231	257	473	228	253	470	227	262	482	229	258	473	227	255	474	228	226	205	201	207	207	202	200	204
202	204	229	208	221	321	218	226	323	215	229	321	209	223	320	218	226	319	214	224	323	220	223	322	217	227	326	212	211	210	208	202	208	205	201	209
203	204	221	202	216	281	211	218	279	209	214	285	213	220	286	208	217	283	209	218	278	211	218	282	212	223	280	206	208	210	202	205	206	202	200	208
203	205	222	207	212	274	208	217	277	206	215	268	206	217	270	209	216	274	209	211	270	209	220	270	207	214	274	205	204	207	204	205	209	199	205	206
204	207	237	203	219	290	212	225	288	210	216	285	206	216	287	210	217	290	210	215	292	208	220	293	212	219	291	215	207	217	202	205	219	206	208	227
201	200	221	206	219	282	209	216	282	214	218	283	209	218	285	212	217	285	210	214	279	207	216	285	204	219	284	211	206	207	201	203	206	202	200	204
204	202	221	204	204	289	209	221	289	213	222	292	209	219	293	210	219	287	214	221	289	211	217	288	213	218	286	213	205	203	203	203	203	207	201	201
201	202	217	206	215	279	206	217	282	212	213	281	210	218	278	211	216	283	209	215	279	213	219	282	207	214	276	206	203	208	202	206	208	202	200	211
199	206	213	201	213	260	207	212	263	211	213	258	207	215	255	206	215	265	208	211	258	208	212	260	204	215	256	206	203	201	201	204	204	201	199	199
203	203	217	205	212	255	211	212	252	209	213	252	210	211	257	209	216	257	206	217	263	208	214	256	207	216	250	206	208	205	204	204	203	198	203	203
202	202	212	203	211	257	209	210	255	207	209	248	208	215	257	210	215	262	204	213	257	207	212	253	204	210	252	207	204	205	205	203	208	201	201	207
201	204	215	203	210	251	206	214	255	208	212	254	207	213	251	208	209	255	207	211	254	205	214	257	208	214	259	207	203	200	208	202	205	200	202	201
202	203	231	204	214	290	211	218	288	208	220	296	212	224	289	211	221	294	213	217	293	211	224	296	213	222	299	211	210	212	207	208	214	206	203	211
200	204	222	203	213	275	210	218	274	210	219	271	210	215	270	211	219	274	210	219	268	203	217	272	209	215	273	209	208	208	205	200	207	202	205	205
196	201	250	210	258	574	238	272	566	237	278	568	233	268	570	236	268	570	239	277	575	238	278	569	236	277	575	226	219	211	205	202	211	202	203	208
204	205	248	209	252	522	233	262	509	230	263	516	232	268	510	230	261	519	232	263	512	234	269	534	232	259	520	224	216	209	206	204	213	201	202	215
200	204	228	204	218	328	214	226	325	222	227	327	217	226	328	219	224	334	213	226	338	218	226	332	213	233	333	210	212	212	201	205	213	203	204	212
204	208	222	203	211	261	206	218	263	207	212	261	211	213	264	206	216	267	209	216	267	205	215	262	212	214	265	210	209	208	204	204	211	205	204	210
202	204	230	205	214	276	209	216	278	208	215	276	210	215	280	206	216	279	208	216	282	208	217	279	214	216	277	205	207	208	197	206	209	204	201	207
205	203	225	208	220	280	212	223	291	207	218	284	213	217	289	209	218	284	212	214	282	207	214	284	206	216	284	209	208	207	205	201	206	206	203	208
202	202	214	199	206	247	207	208	246	205	211	248	202	212	244	205	210	243	204	211	245	208	211	241	203	207	253	208	206	206	202	204	203	203	205	199
206	207	207	206	209	234	202	211	235	209	210	232	209	209	241	206	209	236	205	210	243	206	209	235	203	209	235	205	202	203	201	198	199	204	205	201
207	208	259	207	240	418	220	247	432	223	247	427	224	247	428	225	247	437	226	243	430	225	247	433	228	250	430	225	218	240	209	210	242	207	212	244
203	205	229	207	234	395	220	243	400	220	236	397	216	244	400	219	244	408	221	238	398	222	243	398	219	238	407	219	208	210	203	207	214	202	208	213
200	201	216	202	221	305	209	220	302	209	220	311	207	222	303	212	221	303	213	217	304	215	226	306	210	223	298	214	205	206	203	204	205	203	203	206
205	207	230	205	215	301	214	222	305	212	222	301	212	224	300	214	217	301	212	220	299	214	221	298	208	220	301	213	211	216	205	205	220	202	204	218
207	207	244	204	229	355	220	230	355	213	232	350	215	238	360	219	239	354	220	230	358	212	231	354	222	231	356	216	216	225	205	209	227	209	210	228
203	206	222	201	224	344	213	230	344	217	226	340	214	228	341	217	231	345	216	229	351	220	230	347	215	229	344	218	207	204	199	202	201	203	201	204
202	199	216	201	210	270	211	215	275	209	218	269	207	214	269	209	212	271	209	216	269	208	212	275	206	212	272	208	209	203	205	204	201	201	201	202
203	206	213	205	207	251	205	213	247	204	213	241	204	212	244	210	209	245	206	210	246	205	205	246	209	207	243	204	208	202	203	200	200	205	204	202
204	202	217	205	213	253	205	215	251	207	210	255	210	215	251	208	215	253	207	212	255	208	210	253	207	207	250	210	210	204	199	204	203	201	204	208
206	207	218	202	210	251	207	208	257	207	211	254	209	213	251	205	217	253	208	212	256	209	215	254	205	211	251	209	205	210	203	207	208	202	201	209
200	202	213	205	203	243	207	210	244	205	209	248	208	208	242	210	209	245	209	210	243	205	210	236	205	211	246	205	206	205	201	198	201	202	197	202
199	203	255	214	253	481	232	256	489	226	257	482	229	259	489	235	262	483	234	255	484	226	250	489	226	256	491	230	233	206	204	202	208	204	202	211
203	202	262	211	276	558	234	277	558	233	271	540	236	276	550	236	274	555	237	272	565	240	271	551	236	268	557	237	237	212	206	202	210	204	203	211
200	205	226	206	224	328	213	225	327	209	231	331	213	229	328	215	228	333	212	221	329	212	229	327	216	230	330	212	213	207	205	201	211	204	202	208
203	203	218	202	214	250	202	211	255	205	213	255	208	215	255	206	210	257	212	213	257	208	212	255	208	211	259	206	203	209	202	203	209	203	203	205
205	206	214	203	210	240	202	210	239	203	210	238	205	206	241	206	208	244	208	210	238	209	209	238	207	212	235	207	206	208	203	200	207	203	207	210
202	203	217	206	205	239	206	211	241	207	209	239	205	211	238	206	208	237	203	209	241	203	209	238	207	212	236	205	207	212	207	201	213	203	205	212
205	206	232	207	206	255	200	208	252	205	210	256	208	215	249	207	217	256	204	214	251	207	211	258	206	214	258	206	208	226	205	202	226	207	207	226
208	207	244	203	215	266	209	215	271	208	218	268	210	217	268	208	221	264	208	214	268	209	217	267	205	214	269	204	210	230	205	209	235	205	207	235
205	203	214	205	210	246	206	212	243	205	214	247	205	211	248	204	208	244	206	210	245	206	211	250	205	211	244	208	204	209	202	201	206	203	202	206
206	209	255	206	215	273	207	220	274	211	214	273	208	214	274	208	219	271	210	215	276	209	217	276	210	219	278	208	213	248	207	211	243	205	212	239
204	209	243	204	211	269	208	215	268	209	212	267	208	215	267	205	215	266	206	217	270	213	211	271	211	215	262	210	213	238	204	209	237	205	210	232
203	203	212	205	213	245	209	211	247	208	210	249	208	212	249	207	209	251	207	209	248	204	212	248	204	213	250	207	207	204	201	208	205	204	203	205
203	204	233	204	240	405	226	245	414	225	245	409	222	239	413	220	242	408	223	248	418	224	244	416	225	245	407	220	223	204	200	201	205	204	202	202
205	202	232	202	241	383	222	238	387	221	239	392	227	239	378	219	244	391	219	241	393	219	238	397	215	236	391	219	215	204	203	201	203	203	204	207
205	204	227	207	231	352	223	234	360	215	233	357	218	229	354	214	229	353	220	233	354	213	230	351	214	233	352	214	218	208	201	206	207	201	202	205
205	205	216	209	212	265	207	214	272	207	216	265	207	220	268	209	214	270	211	217	271	207	213	271	206	214	269	209	208	203	202	203	207	205	206	204
200	202	220	207	212	249	209	213	252	207	214	249	203	214	253	206	212	251	209	214	248	205	207	256	204	215	256	207	206	213	203	207	213	204	203	209
203	203	214	200	208	240	202	217	241	198	212	240	206	206	243	205	211	249	205	210	242	207	209	237	208	211	244	209	209	206	205	202	205	205	206	203
205	202	215	205	207	253	205	210	251	205	212	251	204	215	250	204	210	253	208	213	248	205	213	250	210	214	252	208	204	204	202	201	204	207	199	203
200	209	232	202	236	376	217	236	383	217	235	380	218	237	376	222	233	376	218	235	378	223	241	377	221	244	375	216	218	205	205	201	207	205	206	200
203	202	220	205	219	328	213	225	326	210	227	322	215	229	326	210	222	323	213	230	332	213	227	326	216	226	321	215	212	204	205	200	205	202	204	204
207	206	255	208	263	500	230	256	501	227	260	511	233	264	520	235	259	515	232	265	510	232	267	510	229	262	507	233	231	212	204	204	212	201	206	212
202	207	397	228	437	1462	325	443	1480	323	435	1487	321	439	1488	328	448	1479	318	442	1492	321	446	1498	321	445	1493	313	304	223	207	206	222	203	203	224
203	202	269	215	273	569	240	278	566	238	280	578	238	273	587	237	273	570	240	279	575	240	276	565	239	273	571	239	234	204	205	204	213	202	202	211
203	206	232	210	227	338	213	230	343	217	231	332	216	232	340	214	227	344	214	231	335	214	230	335	218	229	338	219	212	211	205	204	211	202	210	209
201	201	218	203	213	265	206	211	266	215	213	262	211	214	268	208	216	261	208	213	261	212	213	271	208	214	271	208	210	203	205	198	205	205	203	204
203	201	214	204	210	254	205	209	249	209	212	251	209	218	252	208	212	250	206	215	245	209	211	247	203	209	248	204	201	204	203	201	205	200	206	207
205	203	210	204	213	250	205	211	247	204	210	244	207	208	245	196	210	247	205	209	252	204	212	241	207	213	243	206	205	201	205	203	203	202	204	207
202	198	247	206	254	448	229	249	448	229	254	452	223	255	443	225	248	450	225	252	454	226	253	457	228	254	455	227	225	211	205	200	205	204	202	213
201	200	246	206	242	403	223	240	405	222	241	401	223	243	404	221	238	404	219	238	407	220	239	399	222	241	406	220	221	206	202	204	210	203	201	212
207	204	225	203	213	280	212	215	287	211	223	284	210	223	289	210	218	290	215	222	290	210	219	287	218	217	290	211	212	205	195	204	207	205	203	212
204	205	218	202	211	266	209	214	272	208	217	262	206	222	266	204	216	267	208	219	266	210	211	269	206	216	267	209	209	209	203	202	207	201	202	208
204	204	333	221	357	1048	280	350	1030	277	363	1029	280	364	1060	283	361	1034	280	359	1044	278	369	1035	281	358	1047	277	275	205	205	204	204	199	204	209
201	203	256	213	264	545	236	269	542	232	264	538	238	270	540	236	270	548	241	270	544	231	274	535	236	268	547	236	233	204	203	202	199	203	200	205
200	205	233	210	226	336	213	224	339	213	223	335	221	227	339	217	230	339	218	226	335	214	225	333	216	230	337	220	213	213	205	206	212	206	203	217
204	200	209	205	213	243	204	211	243	203	212	243	210	210	243	206	213	247	207	211	243	205	210	245	205	211	246	208	203	204	202	202	205	201	204	207
205	203	212	205	216	274	204	215	274	206	213	272	210	218	275	205	216	274	210	217	269	209	215	270	207	212	270	211	206	204	203	204	205	201	196	203
200	201	215	203	212	254	205	212	258	207	212	259	210	214	252	208	215	251	207	211	250	206	216	250	205	210	259	206	204	209	202	208	206	203	205	203
198	202	210	205	209	249	206	207	253	206	211	250	207	213	252	206	216	250	210	210	246	207	211	248	208	213	247	205	208	201	207	204	198	198	202	201
203	205	212	203	208	241	210	209	242	206	207	245	207	208	245	203	210	241	211	209	243	207	216	242	203	214	242	211	205	210	203	202	207	201	202	203
204	204	230	207	227	347	215	225	339	212	233	342	216	225	343	218	230	346	213	231	352	217	230	340	214	226	348	211	216	212	203	202	208	198	204	210
206	203	216	202	222	297	213	220	299	211	222	295	212	216	299	214	221	300	208	227	297	211	219	296	211	224	300	209	214	206	204	199	203	201	203	205
203	202	209	200	211	261	208	212	257	206	212	259	207	215	255	206	215	257	203	210	257	208	213	257	207	217	258	206	210	203	205	200	201	202	204	200
206	201	207	202	208	233	207	216	237	204	205	237	205	208	230	209	209	230	204	213	235	205	211	236	207	206	235	204	208	206	206	203	205	200	205	204
198	202	209	205	203	232	206	205	225	206	210	228	209	205	227	201	209	227	204	206	227	205	206	232	206	206	226	205	201	205	198	202	194	201	203	204
199	208	214	202	206	235	204	210	235	205	211	237	204	210	232	207	211	234	203	204	237	205	209	232	205	207	236	206	204	212	202	205	212	204	204	211
204	205	216	204	213	280	209	214	278	210	218	274	210	217	274	207	217	275	212	214	271	211	216	275	207	216	278	211	208	206	202	198	210	201	206	205
202	201	212	202	210	252	208	213	253	210	213	248	206	211	251	206	208	252	204	214	251	204	211	253	205	214	252	203	208	201	200	203	202	200	204	205
201	207	218	205	209	254	209	209	249	207	210	256	207	207	247	203	212	253	206	210	248	209	213	253	208	207	244	204	208	213	203	203	214	201	207	213
205	205	221	201	207	255	205	214	255	212	211	251	209	213	255	210	212	253	206	206	249	208	210	255	209	215	250	203	204	212	202	202	217	204	205	214
216	220	307	212	226	335	211	224	348	215	231	337	214	228	336	215	224	330	214	228	335	216	229	336	214	223	338	215	222	299	209	221	299	208	226	302
201	199	209	200	206	237	203	213	237	208	209	236	205	204	238	206	208	240	204	208	237	205	209	232	204	211	240	205	202	202	205	197	199	203	202	199
202	200	226	203	221	329	218	228	327	212	223	329	216	219	331	210	228	330	214	229	330	207	222	326	222	226	326	215	210	205	198	202	203	202	201	205
207	206	251	205	247	451	225	245	449	231	253	446	226	249	449	227	254	455	225	254	453	229	251	452	227	251	452	225	226	215	201	206	213	206	202	214
204	203	214	201	219	302	209	224	298	211	218	297	210	221	293	213	222	307	214	221	301	207	217	298	211	222	300	212	211	207	205	202	203	201	201	205
203	204	210	201	210	250	207	212	250	209	213	253	209	210	246	211	208	249	205	213	249	208	209	252	206	213	253	204	206	205	205	201	206	204	204	207
198	205	226	208	210	255	207	210	256	207	211	252	211	214	250	206	214	256	209	216	258	204	216	255	206	214	253	209	208	213	200	204	208	202	209	215
201	204	217	205	211	266	209	220	269	207	214	270	214	213	268	208	212	270	209	215	271	208	212	267	210	220	273	207	212	205	208	204	206	199	206	207
205	203	215	205	209	244	209	209	247	207	210	247	205	214	249	207	206	241	204	213	244	210	209	247	208	209	245	206	206	207	202	206	205	202	203	208
206	204	221	206	206	238	206	209	243	205	206	238	209	213	241	209	205	241	201	214	246	209	203	238	205	208	236	207	207	210	206	200	214	202	204	211
197	202	218	205	218	280	213	211	279	209	218	279	209	218	274	211	217	277	207	220	280	208	216	278	207	218	283	209	208	207	205	198	206	196	199	203
202	203	234	208	235	375	218	237	372	213	232	371	219	236	373	222	237	373	218	232	379	223	241	381	219	232	375	220	219	204	202	204	201	199	199	202
201	203	251	205	254	444	228	249	438	231	249	447	225	254	435	223	246	442	224	253	438	228	246	436	228	252	441	232	222	210	203	203	209	202	202	207
203	204	301	213	317	795	261	315	789	262	309	797	259	321	798	256	316	795	259	317	805	264	321	804	261	320	783	262	256	206	200	198	200	200	204	209
203	203	383	227	422	1403	314	436	1397	315	429	1388	314	425	1390	319	423	1394	309	417	1422	316	432	1411	315	429	1404	314	308	212	205	204	214	201	208	218
202	202	265	212	274	605	239	280	594	243	279	584	247	277	593	238	279	608	234	279	588	240	281	593	241	282	597	237	237	207	202	202	209	198	204	206
202	203	223	208	233	346	214	227	347	212	232	349	212	231	341	220	228	346	218	230	347	215	227	342	213	231	344	212	210	201	206	202	199	202	202	202
201	202	220	203	218	277	211	217	276	207	212	277	209	220	275	211	219	279	210	217	274	208	219	281	208	214	275	206	210	209	202	206	205	200	202	207
202	202	218	206	218	281	212	219	271	208	214	276	205	220	277	208	220	270	209	215	274	208	216	277	208	218	273	207	210	206	202	208	208	204	201	208
202	193	220	204	222	311	204	218	319	211	221	315	214	222	311	215	223	314	217	226	314	211	225	314	214	222	313	208	213	203	206	203	204	200	201	205
209	211	255	206	216	307	213	223	309	207	222	306	212	225	304	208	225	304	216	221	310	215	220	299	212	223	303	213	219	243	205	216	252	206	213	249
202	203	210	203	208	239	205	207	228	208	207	232	210	203	233	208	207	234	205	203	235	211	208	238	204	207	230	204	206	200	204	207	204	203	201	201
202	204	205	202	208	232	205	211	234	208	210	229	201	211	229	206	208	233	203	209	233	201	205	230	203	205	230	204	203	202	203	205	201	204	199	200
205	203	207	200	205	240	201	211	238	207	207	242	200	214	237	206	211	241	207	213	237	209	212	243	205	214	235	204	210	204	200	202	199	202	210	203
204	203	219	203	218	274	207	217	277	204	217	276	207	215	274	206	215	275	204	219	278	213	217	274	212	216	275	208	207	206	199	206	207	204	204	209
203	202	278	211	289	689	252	295	695	248	294	689	250	294	686	251	297	683	255	298	700	249	296	692	252	298	692	242	250	207	206	199	205	201	202	207
202	205	665	273	791	3421	496	806	3449	498	819	3417	498	817	3460	504	808	3445	509	806	3448	507	817	3442	503	809	3440	482	476	201	206	200	202	202	201	209
203	206	544	256	629	2596	417	651	2580	421	652	2607	426	641	2584	425	648	2612	431	644	2593	426	660	2603	424	655	2590	409	402	201	203	200	200	200	200	199
203	203	324	221	359	1041	286	363	1037	287	368	1044	277	372	1050	283	364	1053	283	368	1039	281	371	1047	282	369	1041	274	272	205	200	201	208	203	204	205
199	203	238	213	242	419	225	246	435	224	243	429	223	248	429	227	245	432	222	251	434	224	252	434	224	249	425	217	218	202	202	202	206	198	205	205
201	207	215	208	211	262	207	211	264	209	212	261	204	213	267	209	213	261	208	216	265	206	215	260	210	213	263	207	208	203	199	203	204	205	205	204
205	203	212	202	210	239	204	211	235	206	208	239	208	206	235	207	209	238	204	210	236	207	209	242	206	212	230	204	205	209	200	206	205	206	205	207
204	206	217	204	207	242	206	210	240	208	209	241	212	208	242	204	208	240	205	210	238	203	212	239	207	209	238	208	207	214	202	201	211	203	207	214
200	203	231	204	206	244	207	215	253	209	210	247	205	211	247	205	214	252	204	208	249	208	210	252	208	213	249	206	209	218	204	206	220	204	207	225
203	204	231	205	212	256	211	214	248	204	208	251	207	208	257	207	217	255	206	210	253	209	215	251	208	211	252	207	212	224	205	206	223	206	205	222
202	205	217	204	210	253	208	209	247	207	211	245	206	213	249	203	211	250	212	210	251	209	215	245	208	216	247	207	208	212	205	205	209	207	204	212
200	202	210	202	208	238	203	209	236	205	211	234	206	210	235	208	210	234	203	213	231	204	208	236	207	212	236	204	205	205	204	198	203	200	203	204
202	203	219	203	219	262	204	217	263	204	217	263	204	213	260	210	215	259	210	214	259	209	214	260	208	214	262	209	209	216	201	205	211	203	202	213
206	214	275	213	255	486	230	258	495	232	256	486	234	262	487	228	255	487	232	265	488	232	262	490	229	260	503	226	227	237	205	211	234	201	210	234
200	199	965	314	1273	4097	746	1305	4097	735	1325	4097	735	1322	4097	740	1311	4097	726	1314	4097	744	1334	4097	747	1328	4097	712	678	200	202	202	198	207	200	203
200	203	534	254	648	4019	426	672	4021	429	654	4019	431	672	4020	429	661	4022	431	666	4020	431	670	4021	435	670	4019	418	397	208	202	205	203	203	203	206
198	203	319	219	350	1028	278	356	1042	287	357	1028	285	361	1036	284	363	1033	284	361	1033	280	364	1037	281	359	1026	277	267	203	204	204	204	201	200	206
204	204	232	205	231	370	218	236	376	210	238	369	221	235	372	219	240	364	219	231	372	218	238	371	213	232	374	212	218	207	204	202	205	198	197	204
202	203	218	203	210	252	206	208	252	205	214	257	207	215	255	207	212	246	209	212	255	209	212	259	205	209	256	203	206	201	202	201	208	204	203	205
200	203	212	201	210	234	205	206	233	205	207	236	210	210	236	204	205	235	206	204	230	200	207	238	200	209	236	205	204	208	204	200	208	201	204	204
202	202	206	202	204	231	208	205	224	206	206	225	203	209	224	204	204	226	208	208	230	204	209	228	204	204	228	201	201	207	202	203	203	204	199	204
202	199	218	202	208	231	207	204	233	205	208	234	203	209	231	205	205	234	201	206	230	206	205	231	206	211	231	200	209	208	200	205	209	204	205	208
206	202	226	205	226	318	213	226	331	212	227	319	212	223	319	218	225	321	217	227	325	214	228	323	216	227	325	212	210	202	205	201	202	198	203	202
201	204	383	230	430	1500	316	437	1526	324	450	1500	325	450	1506	319	447	1514	324	441	1496	319	445	1516	328	453	1510	317	306	204	199	203	207	202	208	206
204	203	275	216	293	683	251	287	674	246	294	677	245	303	673	248	295	676	251	297	691	248	298	683	246	298	675	248	248	203	205	205	202	201	202	201
208	206	255	205	241	402	224	242	402	219	243	404	225	239	407	225	242	405	221	237	404	223	241	410	220	243	402	213	216	228	202	209	226	206	208	232
203	207	213	204	214	248	209	212	253	209	211	243	208	211	248	205	208	246	209	209	247	208	214	245	207	208	249	208	207	208	200	201	205	206	202	207
203	198	209	199	205	242	209	208	248	207	210	250	205	211	248	209	208	251	207	213	246	206	212	246	206	213	244	204	205	206	203	202	202	203	204	202
200	204	212	208	225	404	226	240	413	224	242	414	220	247	408	224	245	406	220	240	411	223	248	409	220	241	411	218	213	203	203	205	205	201	207	210
206	208	229	207	219	312	214	226	307	212	220	305	209	227	315	215	225	306	216	224	315	214	225	316	217	224	318	213	195	229	208	206	225	203	208	230
200	205	212	200	211	251	203	210	247	207	208	245	206	212	251	207	210	245	209	210	247	206	213	246	208	208	249	202	205	204	205	203	209	205	202	208
201	204	204	206	205	221	204	204	224	201	205	222	204	202	221	202	207	221	202	207	224	208	207	220	200	206	218	205	202	204	206	200	205	204	202	202
203	202	212	203	200	219	204	202	223	204	204	221	204	206	221	206	207	218	209	209	222	206	203	222	202	211	220	204	204	207	203	202	203	201	204	212
199	200	207	199	205	223	203	204	219	204	206	223	207	206	228	203	206	223	202	210	220	204	204	222	206	203	218	198	202	205	199	204	204	193	202	207
205	201	212	202	205	221	207	212	224	205	204	226	206	205	223	205	203	225	205	206	227	200	206	222	205	207	225	203	203	205	203	199	207	203	203	205
205	206	208	203	205	225	207	207	227	204	207	229	202	204	228	204	205	226	205	207	231	206	205	226	204	204	225	202	206	204	203	204	205	198	205	208
202	202	213	200	213	237	202	210	238	204	208	238	211	208	238	203	211	237	204	209	238	205	213	238	205	212	237	202	206	206	207	202	207	200	202	207
202	202	217	207	211	241	203	209	241	207	210	243	201	212	245	206	205	239	206	208	247	203	209	240	208	210	246	204	203	208	203	204	209	204	203	211
201	205	211	206	209	242	208	210	236	205	212	234	205	210	239	205	208	235	204	209	244	213	212	239	204	209	235	207	202	210	203	202	212	201	203	205
210	208	230	205	213	261	210	218	266	210	213	263	205	214	265	209	210	263	210	215	267	212	214	268	208	218	264	205	210	221	206	206	220	202	208	225
201	203	223	203	218	283	212	220	284	210	215	284	207	214	281	208	217	281	208	217	280	211	214	282	210	215	282	202	208	208	202	200	202	200	201	208
201	202	215	200	211	254	209	212	250	202	210	252	204	210	256	210	212	260	208	213	255	208	215	256	205	212	255	207	207	210	203	203	205	205	208	207
202	205	208	207	210	245	205	210	244	207	209	245	202	210	249	205	211	244	207	212	245	210	209	247	209	211	248	206	211	203	201	202	204	203	204	200
202	202	210	201	209	236	204	211	234	208	192	235	204	210	238	208	207	242	205	211	238	206	210	238	203	207	241	204	206	200	200	201	200	203	202	201
202	201	209	201	211	239	208	214	242	204	213	238	199	203	242	203	213	241	205	205	238	206	208	242	207	208	240	203	201	205	194	202	204	201	202	207
204	201	322	224	366	1091	281	371	1092	285	366	1084	285	367	1097	294	370	1089	284	378	1100	286	361	1104	291	377	1096	281	276	206	204	198	203	207	203	202
203	201	334	221	376	1166	299	384	1169	294	382	1165	292	381	1177	295	385	1181	295	387	1194	288	389	1174	295	383	1163	291	282	200	202	196	203	200	200	195
201	205	254	209	263	516	236	265	528	233	262	526	239	267	520	236	267	538	235	268	520	233	260	517	232	264	520	229	233	204	201	202	206	203	199	200
203	206	237	211	230	365	218	235	363	211	229	354	215	234	357	221	238	368	213	239	357	219	238	361	215	230	353	215	214	220	204	198	216	204	208	215
203	205	211	206	212	248	207	217	251	209	214	249	209	211	250	210	216	252	206	209	254	209	212	254	209	208	254	208	205	208	201	203	211	203	201	209
205	203	216	201	211	242	207	211	246	208	212	246	200	213	246	205	211	239	206	215	244	207	214	247	210	211	248	203	204	210	201	202	210	204	202	209
201	204	303	220	342	1003	270	357	1000	275	360	1008	276	358	1017	279	364	1019	277	360	1013	276	357	1016	285	360	1010	273	268	211	197	207	207	199	204	205
204	205	465	237	542	2134	380	558	2152	377	555	2135	375	562	2142	385	564	2146	379	565	2155	380	569	2152	379	566	2148	374	360	207	205	206	210	206	200	209
206	207	347	222	373	1092	285	370	1084	286	366	1096	289	376	1089	292	377	1116	291	369	1086	293	368	1100	285	379	1090	282	272	226	205	207	224	204	205	222
201	202	243	210	262	519	233	263	517	237	261	512	237	264	514	232	263	520	234	260	518	234	265	512	231	264	515	228	228	199	200	202	200	200	200	197
202	203	216	206	224	307	213	222	309	218	226	308	213	226	314	216	224	309	214	225	315	214	222	317	209	226	315	211	208	198	201	205	200	196	202	199
201	206	222	203	211	275	207	217	269	204	215	274	214	216	271	209	215	277	209	218	274	208	218	276	208	221	269	207	203	216	202	204	211	205	200	217
200	204	216	204	211	242	207	211	243	205	210	245	213	211	242	204	211	243	210	216	241	206	210	243	206	210	248	204	209	202	201	202	204	203	201	209
202	209	222	205	212	258	206	213	261	207	219	254	211	217	261	207	215	257	212	213	261	207	213	263	209	213	255	209	205	218	203	203	216	205	202	218
205	201	225	201	213	271	212	215	269	211	217	270	204	213	269	210	215	278	209	214	272	209	217	280	208	216	272	207	206	215	203	206	213	204	202	213
204	202	231	207	229	346	217	234	346	215	227	347	216	236	346	217	226	353	214	233	349	219	230	338	212	230	355	215	212	213	203	204	216	203	203	214
203	203	450	240	522	2094	370	536	2082	366	535	2073	366	544	2069	375	545	2113	373	544	2067	369	542	2086	374	534	2072	360	349	207	203	203	205	201	203	204
201	203	1794	429	2539	4069	1411	2654	4069	1405	2666	4069	1396	2655	4069	1428	2658	4070	1414	2694	4069	1424	2691	4069	1416	2672	4068	1328	1164	207	202	203	206	203	203	208
203	201	1120	342	1507	4093	871	1593	4093	877	1593	4093	873	1616	4093	872	1614	4093	884	1614	4093	891	1614	4093	872	1610	4093	828	756	211	204	200	217	205	206	209
206	208	507	246	622	4031	421	644	4036	427	650	4041	426	652	4028	424	652	4051	418	652	4040	428	653	4037	425	651	4041	403	383	209	206	204	213	204	202	215
199	205	320	218	366	1078	289	383	1119	289	379	1097	291	372	1110	288	375	1098	293	377	1104	286	373	1119	290	376	1097	283	271	203	202	205	205	202	203	204
201	203	220	206	220	325	213	226	320	214	223	325	216	231	324	214	224	320	214	225	323	216	227	330	211	228	324	211	209	207	204	202	206	201	201	204
203	205	231	205	213	265	206	213	266	207	216	265	208	214	265	205	213	264	213	215	267	206	215	267	208	213	266	209	211	227	202	206	225	206	207	229
204	200	210	203	206	237	206	210	241	206	207	234	205	213	241	205	208	239	206	208	238	206	207	234	208	211	239	206	207	207	199	203	205	203	205	205
204	204	217	204	209	243	207	210	241	207	198	244	208	207	239	207	212	242	207	211	242	204	211	246	208	211	240	205	206	207	203	204	213	203	208	213
201	199	212	207	206	227	207	208	224	205	207	226	206	205	224	206	206	227	208	204	228	208	204	225	207	208	226	211	207	204	202	205	205	199	202	211
202	202	207	206	207	219	202	208	221	205	203	221	206	204	221	202	202	222	203	201	220	203	208	219	203	205	216	203	201	202	202	200	199	201	205	205
204	204	215	207	208	227	203	205	229	205	206	229	202	207	229	205	205	231	202	205	228	202	207	228	202	206	228	206	208	209	202	208	209	207	204	216
202	205	216	202	209	219	205	208	225	204	212	223	202	206	227	204	208	219	205	206	221	202	208	228	205	202	225	207	202	212	201	203	212	203	205	213
203	206	205	205	203	215	202	201	216	204	201	218	202	208	219	204	208	219	203	207	218	202	205	217	200	203	216	199	205	203	200	201	202	203	198	200
207	208	247	205	213	256	212	215	263	206	213	256	209	214	263	203	211	263	211	214	264	207	214	253	205	212	265	209	213	242	207	205	247	211	208	241
203	205	219	204	209	239	206	212	246	205	208	243	206	209	242	203	213	247	205	213	246	208	212	242	205	210	243	210	205	212	197	204	212	204	207	216
200	204	291	212	313	804	256	318	814	261	322	802	254	316	807	258	318	800	256	316	816	260	323	812	267	319	809	259	253	206	198	204	203	204	204	207
201	201	248	214	266	526	234	260	525	233	265	529	231	262	517	236	266	518	235	263	514	233	270	521	235	264	521	233	228	202	202	198	205	200	204	204
206	208	232	205	225	327	214	226	325	217	225	331	211	228	326	212	223	325	217	222	327	212	228	328	214	226	321	216	211	215	201	206	212	206	201	212
202	203	213	200	213	258	207	211	267	207	214	265	208	217	262	211	213	265	206	216	264	212	215	262	209	213	272	205	208	205	202	201	204	202	205	208
202	199	216	201	206	230	207	207	228	204	207	226	204	205	225	206	211	224	203	208	229	206	207	226	206	208	229	209	207	210	202	207	212	200	198	213
201	203	211	206	206	219	206	211	221	204	205	219	201	209	221	201	204	222	204	205	219	203	206	216	203	203	222	206	202	208	206	202	208	203	203	209
202	209	211	207	204	222	204	206	220	206	208	223	203	205	223	201	206	221	202	209	220	204	204	223	205	204	222	203	205	211	207	209	211	203	207	212
197	204	206	204	204	217	199	206	221	205	201	214	199	202	214	206	206	220	204	202	219	204	209	222	201	204	222	210	201	207	205	202	204	203	207	202
204	202	214	203	205	227	203	207	224	205	204	221	198	208	226	205	211	228	209	206	228	206	208	227	204	212	226	207	206	214	190	206	215	205	205	215
201	202	205	201	204	220	203	206	218	203	211	221	203	206	224	209	209	223	204	209	223	207	207	223	205	202	223	203	203	205	201	204	210	203	207	206
203	206	214	205	207	224	205	207	222	203	206	222	205	208	225	204	203	223	202	207	222	207	208	221	204	206	223	206	204	208	203	204	202	201	202	211
204	205	207	200	203	218	200	206	223	204	205	218	203	209	221	201	203	217	200	206	224	208	205	219	205	204	213	204	202	209	201	205	203	202	200	204
202	200	204	205	207	225	200	206	224	206	206	225	204	204	224	203	210	223	200	204	220	207	204	224	202	209	223	204	204	204	205	199	199	201	205	205
205	205	215	200	212	244	204	212	244	204	208	241	209	207	241	207	209	242	210	210	247	208	215	237	209	210	243	202	206	205	200	205	204	199	203	208
203	206	270	211	296	650	247	288	654	246	287	658	246	285	657	244	291	667	245	289	658	245	288	655	251	290	659	243	243	205	204	202	205	205	202	205
198	200	312	216	335	898	274	334	904	271	341	904	268	341	902	269	338	902	269	336	910	271	346	916	267	338	894	262	257	217	203	204	215	204	205	217
201	206	479	240	540	2114	377	561	2138	375	565	2129	379	564	2146	377	570	2162	382	558	2158	381	565	2150	384	565	2151	367	356	225	204	210	228	202	205	227
202	204	333	219	377	1144	295	384	1153	292	387	1155	290	373	1142	300	383	1170	292	390	1155	297	391	1144	292	374	1147	294	280	204	203	205	204	204	208	207
204	202	260	209	272	566	242	272	570	238	270	555	242	272	564	236	268	563	234	274	569	238	275	558	238	271	560	232	231	210	204	206	205	201	201	207
204	201	229	204	233	394	218	235	391	221	239	392	217	238	382	222	235	390	219	242	391	220	235	386	223	242	393	221	219	203	201	206	201	203	193	202
203	204	220	201	213	249	209	212	249	209	212	247	205	211	250	209	214	245	207	213	248	207	210	250	206	212	248	204	209	211	206	208	211	203	203	213
204	202	206	200	202	217	206	203	219	202	199	215	209	204	215	202	206	220	204	204	213	205	209	222	203	207	220	206	203	206	205	199	202	203	201	205
203	202	203	204	202	211	200	201	216	206	208	209	204	201	210	204	204	217	201	201	213	205	205	214	204	200	212	202	200	202	202	206	199	204	203	204
203	203	209	204	205	219	205	202	221	201	206	221	206	204	214	202	209	220	201	205	215	206	206	217	206	203	215	206	207	209	200	206	207	200	203	209
202	203	207	196	207	214	204	205	214	204	204	217	204	204	211	202	203	210	202	205	213	205	204	211	199	201	207	202	205	202	200	202	200	201	201	202
204	205	221	203	213	277	209	215	283	210	220	278	210	218	282	208	216	279	206	215	277	211	219	278	210	217	274	209	206	212	202	202	213	203	205	213
203	203	278	218	289	671	248	288	658	245	289	656	247	293	662	245	291	661	245	281	648	246	294	657	248	291	654	244	242	217	204	207	213	205	204	214
203	202	228	206	232	345	212	234	347	215	229	351	214	231	349	219	228	344	213	233	343	220	234	341	212	230	354	219	215	205	204	205	208	204	202	206
206	203	218	207	216	271	209	216	279	209	216	276	205	216	274	208	219	272	209	219	273	208	216	275	211	216	273	206	201	206	200	203	206	204	202	208
210	214	253	207	214	280	213	217	286	210	215	281	209	218	279	214	219	292	208	215	282	212	216	282	207	218	285	211	214	252	207	209	247	206	212	249
205	204	210	205	207	220	200	206	217	201	209	226	206	207	219	205	207	219	207	205	214	205	208	220	204	209	217	207	209	209	198	205	207	204	203	209
204	208	223	203	208	228	204	208	227	204	207	227	206	205	233	206	209	226	201	212	230	211	206	228	209	210	228	207	206	221	207	205	221	207	207	226
205	201	213	205	207	213	201	201	215	204	205	215	201	206	213	204	205	214	202	206	216	202	204	213	205	203	214	203	204	207	204	202	203	201	200	209
204	203	202	200	206	212	203	205	207	205	203	211	205	203	214	203	205	211	207	206	210	201	204	212	203	208	214	205	205	207	203	205	207	203	199	206
206	209	231	205	211	246	205	213	250	205	207	250	207	213	246	205	208	249	201	212	248	209	212	251	209	213	244	211	211	226	205	208	226	203	208	223
203	200	211	200	210	224	209	205	228	204	207	226	203	208	226	201	204	216	209	209	227	204	207	224	199	205	222	203	206	205	200	205	204	200	202	202
202	204	208	203	205	225	206	206	221	204	207	225	201	205	223	205	206	217	210	206	222	203	207	224	204	202	223	208	203	203	204	202	200	203	200	202
204	206	226	205	211	234	206	211	235	204	209	237	209	214	238	204	212	235	206	209	232	200	206	233	205	206	235	202	208	222	202	211	224	201	206	222
202	203	216	202	208	220	204	208	221	204	206	220	207	205	224	203	209	217	208	209	219	205	203	221	203	203	220	200	205	214	201	204	212	201	209	212
203	205	204	202	202	213	197	206	217	202	206	216	203	206	215	206	206	212	203	204	214	204	204	217	200	203	213	200	205	208	201	202	205	203	204	204
199	202	217	205	206	247	205	208	249	205	217	248	209	211	253	208	211	250	207	210	248	212	210	247	207	211	245	207	213	204	202	204	206	200	203	206
203	204	217	205	213	262	207	214	255	206	216	260	206	215	266	205	215	250	204	216	256	209	214	262	211	210	260	206	209	211	200	202	213	199	202	213
202	201	211	204	204	231	205	210	234	203	208	229	203	204	231	205	213	237	207	213	231	213	210	234	202	208	232	201	203	209	203	205	208	202	203	209
206	206	206	205	207	221	201	205	225	205	204	221	208	205	223	201	210	220	203	201	219	204	204	219	205	208	223	204	204	205	205	202	205	201	200	206
203	205	209	202	207	213	202	206	216	203	205	214	201	206	214	201	205	218	205	204	217	204	205	220	205	206	217	203	204	208	201	203	206	201	206	208
204	203	214	205	203	220	202	206	218	203	206	221	205	205	217	201	204	218	205	206	215	203	209	222	202	205	216	206	203	214	203	201	210	202	203	214
202	204	208	201	207	218	203	205	214	205	204	213	206	206	217	200	203	217	206	202	217	205	204	218	201	205	212	202	202	208	204	202	210	200	205	214
200	202	204	202	205	209	202	204	208	203	200	211	202	204	204	204	208	210	209	199	207	203	201	207	204	203	208	204	204	201	202	200	204	202	204	200
205	204	209	202	205	210	203	208	207	202	202	209	200	204	210	204	207	213	204	203	209	207	203	215	206	207	211	201	203	208	203	203	209	202	200	200
206	204	210	205	200	216	205	205	219	203	206	217	205	205	219	204	206	217	203	199	221	204	204	215	201	209	217	204	206	212	207	204	216	201	202	209
202	207	209	201	209	224	208	205	222	205	205	221	204	207	223	201	205	220	208	206	221	205	209	219	204	209	220	203	205	204	203	203	201	205	204	207
200	204	204	202	205	217	200	201	216	203	205	216	203	205	218	204	205	213	205	207	216	200	205	214	207	207	215	205	201	203	200	202	206	202	201	207
202	195	205	203	207	214	204	207	209	200	203	214	201	203	214	201	204	218	205	209	210	203	204	213	205	202	212	206	202	207	204	203	206	204	202	204
203	206	210	202	205	211	200	206	217	206	206	221	202	205	215	202	204	213	205	204	219	205	205	214	201	203	214	202	205	205	204	204	209	204	203	209
203	204	205	205	204	214	204	206	212	205	203	212	202	205	211	201	204	213	205	205	213	201	203	210	205	202	216	201	203	205	203	203	201	203	204	203
204	203	208	200	206	213	199	204	208	203	202	210	201	206	213	206	204	211	201	205	207	204	206	212	202	203	213	204	199	207	203	204	206	203	204	207
204	202	205	203	203	211	206	205	209	202	204	208	205	207	211	203	202	210	203	202	212	202	202	207	207	206	208	199	203	207	201	203	205	197	204	204
199	204	201	200	203	203	202	202	207	204	200	204	205	204	209	202	204	208	200	201	205	205	206	209	206	206	202	199	203	204	205	202	200	204	204	203
201	201	208	204	201	211	202	204	212	206	206	212	205	205	214	202	203	212	204	205	212	202	202	208	202	204	214	203	202	206	205	201	203	202	203	205
205	202	207	201	199	212	204	206	210	206	205	212	204	206	210	201	201	215	206	202	212	200	206	211	207	204	210	202	203	204	204	203	205	202	202	201
205	207	213	202	204	217	198	205	214	202	206	217	203	198	216	199	208	216	202	204	217	203	208	219	202	206	216	204	204	213	204	208	213	199	206	213
202	204	203	204	206	206	200	206	207	201	209	206	206	198	208	200	206	209	209	202	208	204	200	209	201	200	204	203	202	205	203	200	204	202	199	200
203	198	203	202	201	206	202	201	208	204	203	211	203	205	210	202	207	207	204	203	212	201	205	210	202	200	209	203	205	206	202	205	203	200	202	204
200	206	214	200	203	215	204	204	224	202	207	213	204	206	217	202	207	216	202	204	216	205	205	216	204	203	213	203	205	210	205	205	211	205	209	210
203	205	219	204	208	227	205	209	221	205	210	223	202	205	229	201	208	227	205	207	222	202	201	224	207	210	221	200	204	224	206	203	219	206	203	223
202	206	217	201	204	218	203	195	219	207	205	221	203	207	221	206	210	222	201	206	216	205	207	220	204	204	217	202	208	213	202	206	212	204	206	215
206	207	206	205	205	211	202	205	205	202	205	212	206	204	207	200	199	209	204	204	208	203	205	205	206	204	208	203	205	206	198	206	208	203	200	209
201	202	206	203	199	207	202	204	209	205	202	208	202	205	206	201	204	205	199	205	204	204	206	207	200	205	208	202	205	207	203	208	206	201	203	202
210	209	220	205	209	223	205	208	228	203	206	226	205	206	227	206	206	225	203	206	227	204	207	228	208	208	227	204	209	225	202	206	230	200	204	222
202	204	209	201	200	206	204	204	205	203	200	205	203	202	206	197	202	203	201	204	209	200	205	205	198	204	209	204	204	204	206	199	204	199	202	204
204	203	200	204	202	204	202	204	205	206	199	204	202	203	206	203	203	203	206	201	206	202	204	203	201	203	207	204	202	202	202	202	204	203	206	204
200	200	204	202	203	210	206	205	212	209	202	212	203	205	206	206	206	207	202	204	208	200	204	203	199	206	208	202	201	204	203	201	204	200	204	207
201	205	203	203	200	212	203	209	208	200	205	206	198	201	208	203	202	206	203	202	210	203	209	205	200	204	209	206	204	205	202	201	200	200	200	204
202	205	213	204	205	214	203	200	215	204	207	215	202	205	217	203	207	216	205	205	213	205	209	216	202	207	219	203	206	214	204	201	212	200	207	211
203	206	208	203	201	211	206	210	212	204	202	209	204	203	208	202	204	210	203	202	210	202	205	212	207	206	212	203	201	203	205	208	205	206	205	204
205	200	202	203	202	202	205	205	211	202	207	208	202	199	207	202	204	208	201	206	206	206	200	205	204	204	206	204	201	200	204	203	202	202	203	205
205	210	232	205	214	233	203	209	233	208	210	237	208	209	236	208	208	233	207	207	238	205	208	235	211	208	232	202	207	229	206	207	231	205	209	234
208	203	204	203	202	208	201	203	210	199	205	208	204	202	209	209	200	207	205	197	204	201	202	205	202	203	211	203	203	205	203	202	205	202	206	204
205	205	201	202	202	207	200	200	209	201	203	206	203	204	208	200	206	204	199	204	204	205	203	203	204	200	210	203	203	202	201	203	202	202	201	204
206	208	223	203	205	229	208	200	232	201	209	228	202	208	225	205	206	223	203	208	228	203	211	233	205	207	231	204	206	226	205	206	225	205	204	225
203	200	205	205	203	217	206	204	217	204	204	215	200	207	216	203	207	215	205	203	214	201	203	216	202	206	217	202	205	211	201	203	206	204	206	210
203	200	208	202	204	214	201	204	215	202	202	215	202	207	217	202	205	219	201	211	215	205	205	215	201	200	218	201	206	202	202	204	209	201	202	206
204	204	203	200	203	213	204	204	211	200	204	206	203	205	210	200	202	212	204	204	213	206	201	213	203	200	211	202	206	200	202	202	200	206	206	195
201	203	205	205	204	212	203	204	212	206	199	212	205	201	210	207	205	214	203	207	212	203	202	215	204	201	212	204	200	203	201	201	203	202	198	204
202	205	211	200	206	216	206	207	220	201	210	220	203	207	216	206	204	216	207	207	218	207	203	222	205	204	220	204	204	209	201	202	203	200	198	206
201	201	222	205	229	329	219	231	329	213	230	330	212	225	335	210	228	330	211	227	327	217	224	328	218	227	327	214	212	206	202	205	209	199	203	210
201	203	326	219	369	1116	291	377	1133	292	379	1118	286	376	1133	294	380	1136	289	372	1117	293	374	1127	286	375	1129	284	281	207	204	204	205	204	202	202
201	204	282	217	295	695	249	303	709	249	301	695	246	301	690	254	302	701	251	296	703	247	295	705	249	302	706	246	245	208	203	210	215	206	204	214
201	203	238	211	252	473	229	256	473	222	252	481	229	255	480	231	253	478	230	259	477	230	255	475	229	258	471	225	227	207	202	206	205	205	203	206
202	205	229	208	236	374	216	233	374	219	236	368	217	235	368	221	236	376	218	233	371	221	238	376	217	234	374	219	221	208	202	200	211	203	206	209
200	202	220	205	219	286	212	218	277	210	214	286	211	220	282	215	217	282	211	221	286	205	221	286	207	226	282	212	211	210	204	204	212	201	205	216
202	202	208	202	204	225	203	202	226	208	207	215	202	205	220	204	204	223	205	207	217	204	206	222	204	205	225	205	203	207	206	200	210	204	204	209
202	205	216	205	208	225	203	205	218	205	208	219	204	204	220	202	203	221	204	203	224	205	207	216	203	206	222	207	203	212	208	205	214	202	207	218
205	203	208	202	208	221	206	207	221	204	206	222	202	207	218	209	205	217	203	204	217	204	203	220	202	206	216	199	204	206	202	201	206	203	203	211
207	205	216	204	205	228	205	207	226	205	208	230	204	207	227	201	204	233	202	207	224	205	210	224	208	209	231	204	210	215	202	203	212	203	203	214
202	201	208	201	200	222	206	205	224	208	207	223	204	207	220	202	206	224	202	206	219	205	205	220	205	207	222	202	201	203	200	197	201	204	203	206
205	204	223	205	227	346	214	232	348	217	234	348	215	231	346	216	232	346	218	233	345	220	233	347	214	229	349	215	214	212	201	202	213	202	202	211
204	203	222	205	216	306	214	223	311	214	222	307	215	224	300	211	220	312	206	226	312	212	224	306	209	220	313	211	211	206	202	206	207	202	203	202
203	204	222	204	214	268	213	218	275	212	212	272	212	216	274	211	214	272	210	218	274	207	215	274	210	212	274	205	205	213	203	206	212	203	205	211
205	204	212	205	205	245	201	205	241	200	213	238	206	204	245	204	207	238	204	210	246	212	212	241	204	210	245	207	205	207	200	202	205	201	202	203
200	203	210	200	205	234	204	205	230	208	212	232	202	209	232	205	204	235	207	209	238	205	208	233	210	208	230	201	203	210	202	205	208	202	205	205
199	206	202	197	202	208	207	201	207	206	202	208	196	200	207	205	200	209	201	203	206	199	207	208	206	204	212	203	201	200	201	203	200	204	204	205
205	201	202	199	206	213	201	203	212	199	203	214	204	206	214	201	204	209	202	205	214	206	201	213	204	206	216	190	200	207	200	204	207	201	205	208
204	203	210	200	205	216	203	206	214	203	207	214	207	202	215	201	206	216	201	204	211	206	205	215	201	206	219	204	203	212	204	207	210	204	205	208
203	204	205	201	200	213	204	202	209	201	203	208	204	205	206	203	204	208	207	205	210	204	199	213	202	206	209	202	201	205	203	200	202	199	198	204
200	202	207	204	202	210	204	201	205	201	207	210	200	204	211	203	203	206	203	202	206	199	207	207	199	203	207	200	204	202	203	203	207	202	201	205
200	202	204	203	203	209	201	201	213	204	201	207	201	203	210	204	204	209	203	203	208	201	204	210	201	204	208	203	207	204	202	201	209	203	203	205
205	199	202	198	204	202	202	206	202	202	199	208	201	200	207	200	205	205	205	199	208	197	205	210	203	207	207	205	208	202	207	202	203	203	202	204
201	201	205	205	202	202	201	205	205	204	201	204	201	202	205	202	204	202	202	202	202	197	201	204	204	205	201	200	202	202	205	200	199	204	202	202
201	199	201	202	204	211	202	199	208	206	202	208	202	202	206	205	200	206	200	204	209	207	207	206	203	203	209	203	200	200	200	203	204	200	202	202
203	204	207	203	205	207	200	202	205	203	205	211	203	203	204	201	200	206	203	206	208	200	205	208	201	201	205	201	206	201	207	205	199	202	202	199
204	200	211	205	204	213	203	205	217	204	208	214	206	204	217	202	208	216	200	204	219	204	209	214	203	205	217	204	209	211	205	201	214	204	202	216
205	205	214	204	203	215	206	206	213	203	201	212	204	204	215	203	201	219	202	199	216	204	205	214	203	199	216	206	208	214	203	199	214	200	208	212
199	205	205	206	200	208	204	204	205	202	202	210	205	199	208	204	201	208	201	205	209	203	204	209	204	202	209	205	208	205	199	200	204	204	198	207
204	210	213	204	203	211	207	205	214	201	205	215	204	202	213	203	204	216	204	201	213	203	208	217	201	201	213	203	205	210	204	207	212	201	207	208
208	204	218	206	206	226	206	207	220	202	206	224	203	208	221	205	204	223	202	208	220	205	208	219	206	206	224	207	207	218	200	207	222	205	205	220
203	200	211	204	206	215	203	203	210	205	202	212	203	204	212	202	202	207	201	203	211	202	205	213	203	206	212	204	204	208	202	203	213	205	202	209
205	203	206	196	206	205	200	204	203	201	205	209	199	202	204	204	201	207	204	203	204	201	202	204	205	201	207	202	205	205	202	203	202	206	203	204
205	210	232	206	206	237	203	210	234	206	208	234	203	209	236	205	208	238	203	207	235	203	209	228	199	210	231	206	208	232	207	207	232	207	209	233
202	200	207	200	202	207	197	206	205	202	204	205	202	203	204	202	202	206	202	203	209	202	201	203	200	197	209	202	199	199	203	203	204	199	204	204
201	205	203	203	204	216	205	203	207	203	204	205	200	198	209	202	204	207	205	201	207	199	205	209	204	205	212	202	204	208	200	201	207	203	204	211
203	203	204	199	202	210	204	201	204	204	204	207	202	203	208	201	198	205	203	203	210	203	202	205	204	203	200	200	201	207	202	202	205	204	202	212
205	202	208	200	204	206	201	205	210	204	203	209	206	204	206	200	202	206	203	204	205	203	205	214	206	202	207	205	200	204	200	199	203	203	206	200
200	202	208	202	204	213	202	206	209	204	202	206	200	203	211	202	199	214	204	205	210	206	200	210	206	202	211	203	205	211	202	207	210	203	203	211
202	205	207	202	202	210	202	203	215	203	204	207	204	204	215	199	201	212	204	202	213	202	205	207	201	204	209	205	204	207	201	203	210	200	203	216
202	203	204	200	199	208	208	202	205	203	198	206	203	204	207	203	202	204	200	201	206	202	200	203	205	201	205	203	203	202	204	203	199	202	205	202
200	207	206	200	205	214	205	208	212	205	206	208	205	201	209	202	206	215	202	206	210	201	205	209	203	207	208	202	204	210	205	202	209	202	207	208
204	202	202	204	203	200	206	204	198	203	204	202	203	203	202	200	202	204	206	201	201	202	200	200	198	203	204	202	204	202	203	200	199	200	204	201
202	203	216	200	206	222	205	207	217	205	207	216	204	202	220	205	206	217	204	208	215	206	206	216	202	205	218	206	206	215	205	205	213	206	199	216
205	201	206	199	208	209	204	208	211	198	206	206	204	202	207	199	202	206	203	199	211	204	202	207	202	204	207	199	204	209	203	200	207	200	203	208
204	204	211	202	202	212	201	203	212	205	202	211	205	202	210	200	203	209	205	203	214	203	203	210	199	204	207	202	206	210	200	204	209	200	202	210
202	203	211	206	204	213	203	203	213	203	204	212	203	209	209	200	200	210	198	204	210	204	200	214	205	206	210	200	202	208	203	204	207	201	208	209
202	204	205	202	204	197	201	200	210	205	204	212	203	206	210	199	206	210	200	204	212	203	201	208	200	203	208	204	202	209	202	206	207	201	202	208
200	203	209	203	204	211	203	203	210	203	204	209	207	205	208	205	206	209	203	198	211	202	208	204	200	205	206	201	201	212	205	201	208	201	205	210
202	203	206	205	203	206	201	202	207	202	204	205	203	199	206	191	203	205	200	203	208	204	204	204	205	205	206	204	203	201	206	203	204	199	200	207
206	201	204	200	204	207	201	207	209	205	206	209	203	203	208	203	202	208	203	206	207	199	204	211	203	200	208	202	201	208	204	206	207	203	204	207
203	208	207	203	200	207	205	206	210	202	202	210	198	204	205	206	205	206	203	204	205	204	209	206	201	200	204	203	202	208	201	205	207	200	206	205
203	201	211	202	202	212	203	204	209	203	201	208	206	204	208	201	207	211	204	203	210	204	201	210	202	205	211	198	203	206	202	200	203	203	200	213
200	200	201	199	200	206	205	207	202	201	201	205	203	206	203	204	200	206	203	201	206	200	201	206	202	203	203	203	201	207	204	204	200	202	202	204
201	204	206	201	203	211	202	203	211	202	204	209	206	209	213	200	206	214	206	205	215	198	202	216	202	204	212	202	203	199	202	203	202	200	200	203
206	206	219	203	212	259	209	214	252	205	213	255	209	212	256	211	208	259	208	214	251	207	214	255	207	212	247	208	210	213	201	206	215	202	206	213
204	203	217	204	211	246	208	207	246	206	212	247	207	211	242	207	208	243	210	207	245	201	213	242	207	213	242	205	204	210	203	202	209	201	204	211
198	200	210	202	209	234	206	208	230	206	208	230	209	210	230	206	207	225	205	209	234	205	207	232	206	202	231	208	206	209	205	203	202	206	202	205
205	203	203	201	210	223	202	211	216	205	209	222	203	209	222	201	202	225	208	207	224	204	210	221	202	206	219	206	204	206	196	201	204	203	202	207
206	203	216	202	205	221	204	208	222	203	207	224	207	201	225	207	207	223	203	205	224	203	202	219	204	207	221	205	204	216	201	203	213	202	205	214
197	205	213	202	201	211	205	201	212	206	201	211	202	205	212	203	207	212	204	203	210	204	199	211	203	201	212	201	202	207	201	202	209	200	205	209
201	206	216	202	211	228	203	206	221	202	205	223	207	207	223	203	206	223	205	208	224	203	206	224	204	206	222	204	209	224	202	206	218	205	208	221
199	208	212	208	205	220	198	207	210	205	209	217	201	204	213	204	203	215	203	206	214	202	204	214	203	203	218	204	210	213	204	204	213	204	205	211
203	203	204	200	204	208	201	200	209	202	204	205	203	203	207	199	205	207	202	204	203	201	204	211	202	204	210	206	205	204	201	201	207	205	210	209
205	206	215	207	204	215	199	207	219	205	205	221	200	208	225	204	203	217	204	202	216	202	206	213	205	207	215	201	203	220	203	204	217	201	202	219
204	200	202	204	202	206	204	202	203	200	199	207	200	203	202	200	204	202	201	203	204	203	202	204	202	204	201	210	201	205	203	203	210	201	202	203
199	200	208	205	207	213	201	203	215	206	199	214	203	204	207	196	207	210	205	199	206	203	203	214	201	205	212	198	207	209	202	206	206	203	201	209
203	203	212	207	206	209	202	206	212	200	203	210	209	202	214	207	205	215	201	203	215	207	207	214	202	202	213	201	204	211	203	201	212	200	202	212
202	199	203	203	200	209	201	207	210	208	204	208	207	201	207	200	206	210	205	201	206	204	209	209	205	205	210	201	203	206	205	199	204	200	200	206
202	206	208	201	205	207	205	205	209	202	207	209	202	199	208	201	201	208	201	204	210	207	203	210	201	206	211	207	202	205	204	198	200	202	206	205
203	205	208	206	206	215	202	204	214	203	203	217	201	204	219	200	205	214	203	210	213	205	203	212	203	204	217	204	204	211	205	203	211	205	202	211
205	204	227	204	206	223	208	205	223	203	207	224	204	207	224	201	208	223	204	211	220	203	211	213	204	208	227	201	210	224	207	204	221	203	204	221
203	205	210	203	201	209	206	203	208	205	208	207	203	208	206	201	203	209	201	205	209	203	203	209	201	203	209	203	205	207	204	201	205	201	203	210
202	205	215	200	206	219	205	204	220	204	202	221	203	200	217	204	206	220	206	203	214	202	206	214	200	209	217	200	208	217	203	208	216	202	211	217
204	203	210	201	204	204	203	204	208	204	201	209	200	202	204	200	203	205	204	203	209	202	206	205	203	198	209	204	203	206	203	202	206	200	203	207
205	203	209	203	201	211	204	202	207	204	204	209	207	202	208	201	209	206	202	201	209	204	203	208	203	200	209	202	205	208	202	205	211	200	205	205
207	206	220	205	202	216	204	207	215	200	208	216	206	206	215	200	206	221	202	207	216	203	200	214	203	203	211	204	207	218	205	206	215	206	207	219
202	205	212	202	202	212	201	204	211	202	202	211	202	203	214	204	207	211	203	200	206	204	205	209	203	200	210	203	209	207	204	206	211	199	201	210
203	202	206	205	202	203	196	206	200	199	200	201	199	203	206	197	200	202	202	201	202	204	208	202	199	203	203	206	202	200	196	203	206	202	201	201
203	205	201	205	202	213	201	207	210	205	204	213	204	204	217	203	202	213	205	200	216	201	205	213	200	205	214	202	203	209	200	203	210	204	202	204
204	202	208	205	205	210	205	205	203	203	201	209	202	206	207	202	202	208	203	202	206	200	204	206	200	206	211	202	202	207	203	203	204	203	205	210
204	205	216	203	206	214	201	202	209	205	207	204	201	203	212	206	206	213	201	200	213	204	202	216	203	205	213	205	208	215	201	206	212	202	204	216
202	204	211	205	205	207	205	203	213	204	207	209	206	209	209	205	204	208	203	203	208	203	202	211	203	204	209	205	202	212	201	208	209	202	201	210
203	203	205	200	205	202	206	204	207	201	207	209	203	196	206	203	203	213	203	205	206	201	204	208	201	204	207	202	202	205	203	205	209	203	204	207
209	204	210	207	207	207	203	201	210	201	199	212	201	204	212	206	204	211	202	202	211	200	206	206	205	203	209	208	203	210	202	203	209	201	200	208
202	204	206	200	205	212	202	208	209	202	206	213	207	203	211	202	206	214	202	203	210	204	205	212	204	201	209	203	202	214	203	205	210	203	207	209
202	203	205	202	201	210	204	201	211	205	203	208	201	210	208	204	203	213	206	206	214	203	202	211	204	206	208	205	202	207	203	203	203	202	207	210
202	203	215	202	211	214	204	204	213	201	205	214	205	207	215	201	204	212	203	204	215	202	205	212	206	202	213	199	205	212	206	204	213	204	202	209
205	203	206	207	205	205	201	206	204	202	202	206	198	200	205	203	196	201	205	201	204	201	203	204	205	205	198	202	206	206	204	205	204	200	204	202
\machine::top.usb650:setup:su_maj_r1
0
1
1
8.000000
\machine::top.usb650:setup:su_z1
0
1
1
-1.000000
\machine::top.usb650:setup:su_phi1
0
1
1
157.500000
\machine::top.usb650:setup:su_maj_r2
0
1
1
8.000000
\machine::top.usb650:setup:su_z2
0
1
1
1.000000
\machine::top.usb650:setup:su_phi2
0
1
1
157.500000
\machine::top.usb650:setup:su_ft
1
1
1
50mm, P1000-2-UV/VIS EOS00019, 727-733-2447
\machine::top.usb650:comments
1
1
1
relative to track.
\machine::top.usb650:framing:frm_int
0
1
36
100
200
1000
100
200
1000
100
200
1000
100
200
1000
100
200
1000
100
200
1000
100
200
1000
100
200
1000
100
200
1000
100
200
1000
100
200
1000
100
200
1000
