\machine::top.usb650:setup:su_pixels
0
1
1
651
\machine::top.usb650:framing:frm_n
0
1
1
36
\machine::top.usb650:calib:wve_spec
0
1
651
350
351
352
353
354
355
356
357
358
359
360
361
362
363
364
365
366
367
368
369
370
371
372
373
374
375
376
377
378
379
380
381
382
383
384
385
386
387
388
389
390
391
392
393
394
395
396
397
398
399
400
401
402
403
404
405
406
407
408
409
410
411
412
413
414
415
416
417
418
419
420
421
422
423
424
425
426
427
428
429
430
431
432
433
434
435
436
437
438
439
440
441
442
443
444
445
446
447
448
449
450
451
452
453
454
455
456
457
458
459
460
461
462
463
464
465
466
467
468
469
470
471
472
473
474
475
476
477
478
479
480
481
482
483
484
485
486
487
488
489
490
491
492
493
494
495
496
497
498
499
500
501
502
503
504
505
506
507
508
509
510
511
512
513
514
515
516
517
518
519
520
521
522
523
524
525
526
527
528
529
530
531
532
533
534
535
536
537
538
539
540
541
542
543
544
545
546
547
548
549
550
551
552
553
554
555
556
557
558
559
560
561
562
563
564
565
566
567
568
569
570
571
572
573
574
575
576
577
578
579
580
581
582
583
584
585
586
587
588
589
590
591
592
593
594
595
596
597
598
599
600
601
602
603
604
605
606
607
608
609
610
611
612
613
614
615
616
617
618
619
620
621
622
623
624
625
626
627
628
629
630
631
632
633
634
635
636
637
638
639
640
641
642
643
644
645
646
647
648
649
650
651
652
653
654
655
656
657
658
659
660
661
662
663
664
665
666
667
668
669
670
671
672
673
674
675
676
677
678
679
680
681
682
683
684
685
686
687
688
689
690
691
692
693
694
695
696
697
698
699
700
701
702
703
704
705
706
707
708
709
710
711
712
713
714
715
716
717
718
719
720
721
722
723
724
725
726
727
728
729
730
731
732
733
734
735
736
737
738
739
740
741
742
743
744
745
746
747
748
749
750
751
752
753
754
755
756
757
758
759
760
761
762
763
764
765
766
767
768
769
770
771
772
773
774
775
776
777
778
779
780
781
782
783
784
785
786
787
788
789
790
791
792
793
794
795
796
797
798
799
800
801
802
803
804
805
806
807
808
809
810
811
812
813
814
815
816
817
818
819
820
821
822
823
824
825
826
827
828
829
830
831
832
833
834
835
836
837
838
839
840
841
842
843
844
845
846
847
848
849
850
851
852
853
854
855
856
857
858
859
860
861
862
863
864
865
866
867
868
869
870
871
872
873
874
875
876
877
878
879
880
881
882
883
884
885
886
887
888
889
890
891
892
893
894
895
896
897
898
899
900
901
902
903
904
905
906
907
908
909
910
911
912
913
914
915
916
917
918
919
920
921
922
923
924
925
926
927
928
929
930
931
932
933
934
935
936
937
938
939
940
941
942
943
944
945
946
947
948
949
950
951
952
953
954
955
956
957
958
959
960
961
962
963
964
965
966
967
968
969
970
971
972
973
974
975
976
977
978
979
980
981
982
983
984
985
986
987
988
989
990
991
992
993
994
995
996
997
998
999
1000
\machine::top.usb650:framing:frm_start
0
1
36
0.000000
0.218750
0.640625
2.703125
2.921875
3.343750
5.406250
5.609375
6.031250
8.093750
8.312500
8.734375
10.796875
11.015625
11.437500
13.484375
13.703125
14.125000
16.187500
16.406250
16.828125
18.890625
19.093750
19.515625
21.578125
21.796875
22.218750
24.281250
24.500000
24.921875
26.984375
27.187500
27.609375
29.671875
29.890625
30.312500
\machine::top.usb650:raw_spectra
0
2
651
36
205	203	204	204	202	205	200	203	210	201	200	207	200	199	203	205	199	207	199	202	207	200	198	206	198	200	204	205	202	203	205	199	200	203	204	206
201	201	210	202	205	213	205	199	210	198	206	212	206	205	210	207	203	207	200	203	211	202	204	215	198	202	212	201	201	211	200	202	206	205	200	209
204	201	201	199	203	205	203	201	206	203	204	203	201	200	208	204	202	205	201	201	206	201	198	204	202	207	204	201	205	206	200	198	206	200	200	203
200	203	204	202	200	209	200	200	205	204	201	208	205	202	205	200	202	211	201	199	210	197	202	209	202	202	206	204	205	207	200	199	204	198	200	203
202	202	211	202	203	218	203	206	217	202	200	218	207	208	214	205	201	214	200	203	214	198	205	214	202	203	216	200	202	208	202	203	209	202	204	205
201	203	214	201	204	224	202	203	223	202	209	224	202	206	221	205	204	222	202	205	224	198	206	226	204	203	224	201	202	214	204	201	210	202	201	216
202	203	208	202	204	222	200	204	219	205	205	223	205	205	222	203	203	224	203	205	220	201	204	220	202	209	220	205	207	214	200	204	211	201	206	211
203	201	201	203	201	214	204	201	222	202	206	216	202	200	215	205	204	215	200	208	213	206	205	220	203	206	219	202	204	201	201	205	202	202	201	200
206	208	219	206	205	237	205	207	236	203	211	237	204	207	236	206	205	232	204	207	238	203	207	233	204	207	237	207	207	219	204	205	213	200	201	212
202	198	206	201	201	211	203	202	220	203	208	215	203	202	209	205	199	218	203	205	216	204	204	217	200	208	217	206	203	204	204	200	206	203	204	203
199	198	210	204	200	219	204	202	219	203	207	212	205	200	215	202	203	217	198	202	217	204	203	222	201	204	218	202	205	207	206	201	211	204	202	205
200	208	204	202	202	212	206	202	215	199	206	215	202	205	210	203	204	216	205	203	208	203	202	211	201	202	216	202	201	201	203	201	206	207	204	206
202	202	220	204	209	231	202	206	230	202	211	229	208	209	226	203	204	229	206	210	230	204	206	234	205	208	231	206	205	216	206	206	220	211	205	216
200	205	207	201	204	210	204	202	216	200	207	216	203	206	218	205	202	216	203	203	213	205	206	212	201	201	215	201	205	201	204	204	201	199	205	205
201	203	220	204	203	229	206	210	232	206	207	224	202	208	228	204	208	232	195	210	231	203	204	230	208	208	233	203	205	214	205	209	217	202	206	215
199	197	200	203	201	221	201	204	217	203	206	221	204	206	218	206	202	217	202	203	213	203	203	213	204	206	217	202	201	210	201	207	204	203	202	206
201	199	205	201	204	217	203	203	215	206	205	218	202	206	212	205	202	215	203	204	216	205	208	212	200	203	220	203	201	205	203	205	203	207	201	204
202	204	206	205	206	211	201	209	221	207	207	214	199	205	214	204	207	218	201	206	216	204	205	214	200	202	214	196	204	203	200	205	204	200	202	204
199	203	199	203	200	212	203	203	220	204	206	215	202	204	219	205	202	214	203	203	216	204	205	215	204	202	213	200	210	205	199	206	199	200	203	205
200	202	207	204	203	219	203	209	215	207	204	222	203	204	223	202	201	218	204	202	214	204	206	218	201	204	219	206	206	205	198	200	200	200	202	204
210	206	211	201	205	222	203	203	220	200	201	223	205	208	225	203	205	219	207	205	221	203	208	225	201	207	222	208	206	210	200	204	205	201	204	203
205	204	200	202	202	223	204	211	224	205	205	222	202	208	228	205	209	224	204	208	224	205	206	227	205	208	228	204	207	201	199	202	201	207	202	200
202	203	206	200	206	242	204	209	245	211	214	246	208	218	248	206	213	249	207	209	244	211	214	249	206	213	243	206	210	207	204	203	205	205	202	207
201	204	210	205	214	238	208	208	243	205	216	241	204	214	240	206	210	242	206	211	238	208	207	238	208	211	241	203	211	204	204	205	204	206	208	210
202	206	212	199	202	234	208	206	228	205	211	236	204	208	232	205	209	227	206	210	228	200	210	232	207	207	231	207	209	212	203	209	214	206	203	209
204	212	227	205	212	253	209	216	255	208	213	255	205	210	258	209	213	252	205	213	256	207	212	256	209	213	257	214	210	226	207	205	220	200	206	224
203	204	207	204	208	251	205	215	251	202	211	248	206	214	253	210	209	255	211	208	248	210	212	249	213	215	249	209	209	205	208	201	202	201	202	203
200	206	209	206	202	258	208	212	257	209	214	258	206	214	257	207	212	259	211	213	254	212	217	259	208	217	261	211	208	206	203	204	200	205	208	206
204	207	229	206	209	271	208	219	267	209	218	283	212	217	274	211	215	272	211	218	267	213	217	275	211	218	274	209	212	221	203	206	224	202	207	220
201	203	210	205	206	254	203	210	252	209	212	260	206	215	259	209	210	254	206	213	254	211	216	255	207	212	256	205	207	203	199	207	207	204	203	203
204	205	213	207	211	263	208	215	269	211	209	278	208	215	276	209	214	271	213	219	273	209	217	274	207	220	278	213	210	205	199	204	205	201	206	203
203	201	210	204	207	262	213	212	266	213	217	264	210	212	263	209	214	264	209	216	267	210	214	260	211	212	266	211	211	204	203	203	206	202	203	204
204	203	213	204	207	272	212	218	277	211	219	275	207	215	275	218	221	277	209	220	277	212	218	279	210	220	279	211	211	208	203	202	210	206	202	211
204	210	222	210	211	299	211	222	296	214	226	301	214	224	297	214	222	305	215	225	298	212	222	302	208	220	304	214	219	218	207	206	219	203	207	216
206	203	209	207	211	329	216	230	332	216	228	329	215	228	337	215	229	333	217	229	334	218	234	334	216	229	334	211	215	208	204	202	203	198	200	203
206	204	213	209	212	330	213	232	337	214	227	333	214	229	329	214	232	336	219	231	337	217	230	336	215	231	339	214	219	207	204	203	205	203	207	210
205	203	210	201	203	321	217	229	326	216	226	328	217	226	330	214	229	327	210	226	333	217	226	325	217	230	337	216	219	201	204	204	200	203	203	205
207	207	217	204	209	324	220	230	327	219	229	326	212	224	327	215	225	330	212	229	337	219	225	340	212	229	331	213	218	213	204	206	211	204	205	211
203	199	211	204	206	291	211	220	293	212	219	295	210	222	297	215	221	294	210	226	297	212	221	292	210	221	298	212	212	203	205	201	200	206	204	205
203	202	214	205	210	263	207	218	266	214	215	264	207	212	267	212	217	268	212	217	266	208	214	266	211	214	267	211	209	202	203	207	206	205	208	203
206	201	218	207	212	255	205	211	259	208	211	261	207	216	255	205	214	257	208	215	258	211	215	263	208	211	262	205	210	192	205	201	207	203	204	206
204	204	219	207	211	276	207	217	274	214	213	277	213	220	276	206	221	275	205	218	279	217	221	279	208	219	273	212	211	208	203	201	211	204	204	208
204	202	211	203	210	323	217	230	323	208	221	323	214	226	331	216	227	326	216	227	330	215	226	327	212	220	325	215	219	207	202	204	200	206	205	205
202	203	214	203	210	322	215	226	330	214	232	333	216	229	330	216	226	328	214	226	328	216	232	333	211	223	326	214	217	205	202	203	207	204	198	207
203	203	221	209	214	356	216	233	363	222	236	361	219	235	366	220	233	366	222	232	360	218	235	370	217	234	362	221	219	214	205	203	214	206	201	216
201	200	216	205	203	296	211	220	297	215	222	302	213	222	305	215	220	301	212	225	298	212	222	303	214	224	304	211	222	209	205	204	206	206	202	205
201	208	210	209	207	293	212	221	296	213	224	306	210	225	299	213	223	299	212	225	302	216	226	300	208	227	305	210	214	205	204	207	207	206	204	204
202	203	217	206	207	283	212	222	287	212	214	293	214	220	288	210	220	290	209	225	289	210	216	288	208	217	291	209	218	207	203	204	206	203	206	205
204	203	210	209	209	274	210	222	279	212	213	283	215	219	280	210	218	278	208	220	285	210	221	281	211	220	282	210	215	205	200	199	205	205	206	201
203	204	218	204	209	304	211	224	314	211	227	314	212	222	308	212	227	306	208	228	303	216	227	305	212	222	305	213	221	209	204	208	207	203	205	209
206	205	218	209	208	389	223	240	399	225	240	403	227	237	396	220	240	398	223	244	394	225	239	398	223	242	401	217	222	204	199	206	203	206	206	206
203	199	218	209	216	443	225	252	456	227	248	461	228	251	445	230	251	459	227	259	454	229	252	452	226	261	457	232	230	204	205	206	205	208	203	203
206	203	227	211	221	376	220	242	380	220	239	395	218	240	392	218	241	385	227	236	381	222	241	393	221	244	389	225	222	211	204	204	208	202	209	207
202	206	233	211	217	473	230	256	468	231	258	475	232	256	471	225	261	476	225	261	480	233	259	476	229	256	482	233	236	210	203	208	203	204	208	212
203	207	231	212	223	522	236	269	523	235	273	537	241	267	532	234	268	535	238	268	541	236	266	523	231	268	542	232	246	212	202	206	206	207	206	207
204	206	227	206	218	408	226	247	418	224	247	416	224	247	418	226	251	416	227	240	413	226	248	415	232	252	417	226	233	213	205	210	212	205	202	210
211	202	222	200	220	532	234	267	533	239	273	549	238	270	550	236	267	550	236	269	546	230	267	553	236	267	542	236	246	206	204	206	202	201	204	205
206	204	227	208	220	607	243	285	629	243	290	625	245	292	627	248	288	644	245	288	624	249	291	632	243	290	634	245	257	208	205	206	210	205	208	206
205	205	217	209	219	414	228	245	422	224	244	425	224	247	428	228	248	426	229	250	428	226	248	424	221	243	428	223	230	204	207	205	203	201	207	202
204	205	220	212	213	411	228	242	420	223	245	421	225	251	426	224	245	418	226	251	420	227	250	418	224	243	422	225	229	208	208	202	209	204	207	203
201	202	215	206	216	454	230	252	455	228	251	458	227	257	457	226	255	450	229	248	459	226	255	459	230	251	458	231	232	208	198	206	206	204	203	205
203	203	211	205	213	335	218	230	338	215	229	339	217	234	339	217	231	337	218	232	343	216	230	334	214	228	339	217	220	204	202	209	206	205	207	201
204	206	219	203	215	396	222	242	408	224	243	404	223	244	407	224	237	405	224	243	407	223	248	405	228	241	405	223	225	205	206	208	208	204	205	207
204	200	219	208	214	385	228	237	381	221	239	396	220	241	398	223	234	395	222	245	398	220	239	391	219	237	403	225	224	210	209	207	209	203	208	209
205	203	212	208	214	339	215	226	337	218	231	336	218	230	339	218	234	341	219	235	343	217	232	337	219	236	340	217	222	204	204	203	205	207	204	203
206	206	249	214	243	740	253	308	737	254	307	735	260	306	743	257	303	747	256	308	751	258	307	735	257	311	737	256	286	210	204	204	211	200	204	210
201	208	235	213	232	569	240	273	561	237	276	559	250	277	569	235	271	578	241	275	571	242	278	569	240	279	572	245	266	206	209	206	209	209	202	204
206	204	231	210	218	427	227	248	436	227	246	435	228	245	428	226	242	429	226	244	429	225	245	426	228	253	423	223	237	210	201	204	211	207	202	213
204	202	238	211	233	584	240	282	595	239	280	600	245	281	592	242	276	600	242	282	597	241	277	593	243	285	605	242	264	213	204	205	210	206	207	210
202	204	285	224	281	1383	311	420	1383	312	422	1375	308	426	1364	310	423	1400	312	427	1393	318	421	1394	317	424	1382	313	373	210	203	204	210	205	204	208
205	207	263	214	256	893	270	336	895	268	337	906	278	344	902	268	341	897	272	341	910	268	341	890	271	337	910	269	313	212	205	203	210	204	205	211
204	207	225	207	221	466	233	257	471	227	258	478	233	257	476	231	255	478	232	253	472	230	258	474	228	259	473	231	244	204	204	202	204	207	206	207
206	205	234	209	226	686	251	289	689	253	304	707	247	295	705	248	300	697	251	303	708	252	297	705	252	301	704	253	258	212	204	205	210	203	206	207
203	205	226	205	222	511	232	265	532	236	264	527	237	266	530	236	269	537	231	271	530	237	273	531	236	276	545	235	239	207	204	200	206	209	203	205
203	206	225	211	215	397	222	243	402	220	246	410	223	247	403	224	249	407	222	245	415	223	241	405	225	238	407	224	232	204	206	208	207	205	203	203
203	205	266	217	257	990	280	356	997	278	357	998	285	358	989	280	354	999	283	357	1008	280	353	1005	278	354	1011	283	312	210	206	205	210	201	207	208
205	205	274	219	276	1378	313	426	1383	315	424	1396	318	425	1399	312	420	1405	314	423	1414	320	427	1405	315	428	1401	314	358	207	207	205	207	205	208	209
210	211	286	219	269	1325	317	421	1347	310	428	1374	311	422	1382	310	425	1378	314	425	1386	311	423	1376	320	417	1390	317	350	224	208	212	226	208	208	224
207	204	240	211	230	679	256	302	696	255	301	701	252	304	696	255	296	692	255	302	701	253	305	702	255	298	713	253	264	206	201	207	203	205	206	207
203	205	242	213	236	652	248	297	657	246	291	656	250	291	674	244	291	657	246	294	657	246	293	666	248	295	663	247	262	204	204	204	204	204	204	208
202	203	238	211	229	581	244	280	576	242	279	592	242	279	591	242	277	589	233	281	587	238	281	585	242	278	581	242	249	205	204	205	205	203	210	203
203	204	226	208	221	427	219	248	423	222	254	433	225	255	433	227	238	426	227	248	426	226	249	436	226	248	437	226	236	205	200	204	207	209	204	204
204	208	256	208	240	759	255	314	768	258	313	780	261	316	789	262	314	777	255	318	790	262	317	781	262	310	778	257	277	233	206	208	232	206	211	231
207	205	262	215	260	1119	294	374	1122	287	377	1145	292	376	1128	291	386	1127	293	390	1147	295	382	1152	292	382	1137	290	310	216	208	206	216	208	208	216
202	204	288	226	346	4038	572	949	4102	575	971	4103	577	976	4103	565	967	4101	583	1000	4102	586	984	4103	590	998	4103	581	602	209	203	204	210	203	208	215
208	206	250	215	277	2107	380	555	2170	383	579	2201	389	577	2218	388	569	2235	386	587	2203	389	588	2224	390	592	2232	395	397	207	207	201	211	200	205	208
203	208	247	209	243	1140	293	387	1178	300	384	1174	303	385	1176	291	390	1178	298	394	1198	297	392	1187	301	394	1185	298	307	220	206	209	218	205	205	216
209	214	274	212	238	937	275	343	947	277	346	987	279	356	964	277	349	972	274	349	969	282	351	979	278	354	986	279	292	242	206	213	244	211	212	242
204	207	229	210	226	637	245	288	628	240	283	643	247	295	644	242	291	636	247	290	650	248	288	651	244	294	652	249	257	210	205	206	208	204	206	210
209	206	230	210	240	1055	280	363	1075	284	370	1080	289	368	1071	284	369	1074	289	375	1080	285	367	1085	294	372	1094	290	299	208	206	201	207	208	205	212
208	204	227	208	234	806	260	319	831	261	326	830	265	327	836	264	326	828	264	331	841	266	331	832	265	329	840	266	271	211	202	199	210	204	203	205
208	204	231	210	228	757	259	311	785	248	317	768	268	309	777	263	312	785	257	319	789	261	323	788	262	316	785	257	267	212	205	205	214	201	205	215
205	206	260	216	286	2472	414	625	2552	423	656	2614	431	645	2609	422	638	2609	419	665	2655	422	656	2656	436	648	2624	421	437	202	206	201	206	207	207	203
205	205	235	212	245	1241	309	404	1260	307	420	1298	307	412	1300	306	405	1314	310	419	1307	313	414	1310	314	420	1296	316	319	207	200	206	210	205	209	206
207	209	222	207	220	572	239	278	598	243	284	592	242	283	598	242	276	593	242	281	596	243	279	598	243	285	600	243	250	208	200	208	205	203	201	207
208	210	222	206	212	349	221	230	358	219	235	362	217	242	353	216	235	360	221	240	358	218	232	360	221	235	359	220	224	209	202	209	207	204	205	210
208	205	223	210	215	340	218	233	356	219	231	352	220	235	348	218	229	345	216	233	353	219	234	341	215	233	346	217	221	214	202	205	211	204	207	210
203	201	224	210	218	517	237	266	537	238	268	537	239	266	538	237	272	539	236	276	536	237	271	537	233	271	547	238	242	210	203	205	208	201	207	208
204	208	222	206	219	479	235	259	494	230	263	497	233	256	495	237	261	491	231	265	508	231	263	497	234	265	500	231	241	210	203	199	205	202	204	207
206	204	220	206	212	375	226	235	387	218	240	382	225	235	387	221	242	382	224	240	383	220	236	382	221	237	386	218	223	212	202	205	209	204	208	211
206	203	236	208	222	480	230	258	476	230	263	487	230	253	485	231	252	483	232	266	491	230	267	482	232	256	474	231	241	206	203	203	204	207	204	205
206	206	238	210	224	464	229	256	460	227	261	460	231	255	466	232	253	466	231	254	470	230	256	465	235	253	476	230	242	209	209	205	210	206	206	213
203	203	232	209	220	412	224	246	415	226	244	416	224	248	422	222	240	416	226	244	415	225	244	414	227	240	412	221	236	205	205	202	208	205	204	203
202	206	228	209	222	482	228	262	498	229	259	503	235	260	496	233	266	492	233	260	493	233	264	500	235	261	507	232	234	208	205	206	207	204	204	209
204	203	252	212	244	940	279	350	994	278	355	989	282	352	991	277	358	990	280	360	997	282	356	1004	281	359	1008	281	298	209	205	203	214	204	208	210
202	205	240	208	227	563	234	280	580	240	273	580	239	279	591	239	275	590	241	280	584	240	280	580	239	282	585	240	245	210	203	207	210	206	202	208
208	208	243	209	220	459	225	256	466	223	259	475	228	252	472	230	250	470	226	259	477	235	263	473	231	257	476	230	234	207	201	205	213	206	202	210
202	203	243	209	233	778	255	315	791	262	320	803	259	315	800	261	313	798	263	317	792	261	312	811	259	314	814	262	277	209	207	206	213	208	200	207
202	203	253	212	261	1542	332	458	1599	329	468	1606	333	458	1606	330	468	1624	336	484	1607	337	472	1619	340	467	1636	338	357	207	204	206	206	201	202	208
205	201	246	215	246	1023	287	366	1079	290	375	1076	286	372	1086	284	381	1093	288	382	1088	290	376	1103	288	379	1111	288	305	207	207	207	205	202	202	209
208	205	269	219	289	2396	408	599	2466	410	611	2486	421	624	2490	411	625	2504	410	645	2543	418	636	2517	417	635	2519	419	429	209	205	211	215	202	206	213
203	204	248	211	256	1375	317	432	1418	320	433	1466	323	446	1445	315	434	1445	323	443	1450	322	434	1454	328	443	1475	322	335	203	204	205	210	207	206	208
203	205	233	206	225	679	256	295	686	250	299	705	250	300	704	253	300	697	253	300	710	250	294	701	259	302	702	254	263	209	205	204	212	205	206	212
202	204	227	209	217	456	226	252	457	231	258	467	233	256	468	232	253	476	230	259	474	228	254	469	230	258	470	233	236	210	208	202	209	207	206	207
202	205	223	207	215	372	222	241	386	222	239	387	219	238	391	222	237	388	221	244	386	224	242	385	222	242	391	222	226	212	204	208	212	204	207	211
210	208	264	213	240	847	268	325	866	268	339	876	264	331	873	268	327	884	267	335	872	266	337	875	265	334	878	267	282	231	207	211	234	207	210	232
207	208	254	211	234	548	242	272	559	239	273	567	236	273	554	239	274	562	240	272	560	242	272	560	241	274	561	237	249	233	204	211	233	206	207	228
205	205	221	208	216	380	221	238	383	221	236	383	230	237	386	221	239	383	221	242	398	222	246	389	225	240	387	226	227	203	201	206	210	203	193	201
206	208	225	208	219	337	212	235	342	216	232	341	222	229	347	216	231	344	215	230	351	218	231	345	220	231	344	220	220	214	204	202	207	206	206	207
203	204	234	208	221	368	224	240	368	219	236	374	221	236	373	222	241	375	217	238	380	219	242	372	221	238	379	223	226	207	204	205	204	203	207	206
205	208	230	209	219	391	220	241	393	219	239	387	221	240	385	216	241	394	221	242	394	222	242	396	218	237	391	228	228	205	205	204	207	202	204	205
203	208	228	212	215	377	223	239	370	223	241	383	217	238	375	223	234	380	222	236	387	216	237	382	220	235	382	224	228	206	204	202	207	203	206	208
200	208	240	217	238	957	283	344	968	276	354	989	276	358	992	280	351	987	285	361	1004	277	356	996	280	359	1004	275	291	213	201	203	206	204	207	211
202	202	240	210	240	1133	290	380	1161	294	388	1190	294	389	1187	295	387	1189	301	394	1201	302	397	1196	297	393	1200	298	311	210	206	203	213	204	205	209
203	206	236	209	225	574	242	278	582	244	275	577	243	282	585	236	278	585	243	280	591	239	279	589	241	275	595	239	247	217	206	203	213	207	203	214
208	204	231	203	220	486	232	264	500	230	259	493	232	270	500	232	260	501	234	263	500	232	265	514	236	262	501	228	242	208	204	204	206	205	202	210
212	203	248	212	248	1170	296	382	1177	294	393	1223	301	392	1206	301	396	1215	295	396	1221	302	390	1234	299	395	1218	305	321	203	205	203	207	207	202	204
206	206	230	210	222	541	237	266	559	238	269	561	237	275	552	240	273	558	236	277	560	240	274	564	244	273	557	237	247	197	203	201	205	204	203	205
206	203	222	206	215	356	222	234	348	219	232	364	216	232	362	220	220	363	221	234	369	214	234	368	220	235	366	220	226	202	205	202	205	203	203	207
202	205	221	208	218	425	229	248	425	221	252	439	225	254	437	226	251	428	229	246	449	226	251	442	231	258	435	225	229	202	201	201	204	203	203	207
204	211	259	220	301	2848	457	697	2927	450	725	2970	463	720	2989	459	720	2999	462	752	3026	453	733	2991	465	734	3025	461	474	211	199	202	209	207	206	208
203	205	242	214	245	1073	290	373	1111	287	385	1126	286	379	1102	298	373	1125	289	379	1112	289	383	1113	296	384	1135	298	304	205	206	204	204	206	208	207
201	202	232	209	221	503	240	263	515	234	264	518	233	268	516	236	267	518	237	268	534	237	270	518	234	263	520	227	239	212	206	201	211	206	206	206
203	208	231	206	215	349	215	234	349	223	231	362	219	233	351	218	234	353	219	232	356	220	235	354	216	230	352	219	219	209	206	198	211	206	202	206
205	203	239	210	233	840	270	332	875	266	332	870	274	330	875	268	335	870	267	340	895	271	337	884	264	336	891	260	282	210	201	208	214	204	196	210
202	204	239	210	233	730	259	304	743	256	313	753	265	308	745	251	311	757	252	308	754	260	308	755	260	317	764	252	260	205	203	201	209	206	204	208
202	208	246	214	237	742	260	307	766	259	317	761	256	311	761	257	311	768	257	317	764	254	311	768	255	311	775	260	263	213	207	205	206	204	205	211
203	204	302	228	345	3724	542	898	3777	537	904	3783	554	904	3807	547	906	3803	550	944	3818	554	928	3804	554	930	3830	564	590	206	205	205	207	204	206	203
205	207	279	224	317	3523	468	715	3793	463	731	3795	474	749	3797	460	733	3800	464	758	3811	472	758	3806	467	746	3808	471	506	209	202	204	203	201	206	206
204	208	252	217	253	1153	299	381	1178	291	396	1207	297	392	1192	295	389	1206	297	401	1216	298	400	1216	303	390	1221	297	312	210	203	203	215	204	207	205
206	208	241	212	223	565	241	275	585	242	280	587	242	274	575	242	275	593	241	283	587	241	282	587	246	274	594	240	252	213	202	206	215	208	207	211
203	203	231	206	222	409	224	248	425	224	248	420	226	246	416	225	242	425	224	247	417	226	244	432	227	245	417	224	229	208	205	203	211	203	206	206
203	207	240	206	220	431	230	243	436	227	251	439	226	244	440	223	250	443	227	249	444	226	249	438	228	250	430	229	229	213	202	204	213	203	204	215
211	203	240	210	222	575	242	273	575	244	285	586	242	278	585	241	275	594	248	279	594	239	276	598	241	284	584	242	248	212	203	209	213	202	210	211
201	207	231	208	216	402	223	240	404	220	245	402	225	241	402	219	244	401	220	248	410	225	241	417	225	245	405	224	228	212	203	208	214	205	206	208
203	205	225	208	216	394	221	244	387	219	243	403	228	241	398	222	238	401	222	240	400	225	238	399	220	242	399	223	228	205	202	204	208	207	207	201
203	206	248	213	242	996	279	350	1007	278	355	1019	279	355	1025	277	357	1022	278	360	1028	276	359	1024	283	356	1020	286	295	212	205	206	214	209	207	208
206	206	232	209	225	572	240	276	580	233	283	588	244	275	593	235	277	598	241	278	604	239	283	596	243	277	600	244	249	206	203	205	203	201	202	209
201	208	228	204	216	395	221	241	396	227	243	398	218	244	396	221	247	397	223	243	406	223	240	395	219	242	399	224	228	204	201	204	202	204	200	208
202	206	229	208	216	365	220	234	360	223	235	363	218	235	358	220	232	363	220	235	363	216	230	364	221	234	362	220	226	208	202	204	206	205	206	204
203	202	235	207	227	785	257	319	804	259	317	815	262	318	796	259	313	819	261	329	818	259	321	822	256	323	827	263	264	207	206	206	204	202	201	206
203	205	241	210	243	1134	300	383	1174	291	379	1163	292	373	1156	293	381	1183	300	390	1175	291	387	1212	298	387	1194	298	305	209	204	202	207	204	202	207
202	204	227	208	222	601	241	278	601	240	283	615	244	285	613	243	281	613	245	290	616	240	282	627	244	285	618	244	249	208	204	204	210	203	206	209
203	204	233	208	220	414	220	244	415	222	240	414	222	245	405	221	246	412	224	243	422	227	241	412	223	246	418	224	229	208	203	207	210	200	205	207
206	203	245	212	224	448	227	253	449	225	250	445	227	250	448	227	249	446	227	251	454	225	253	449	229	252	453	225	238	216	203	204	217	206	204	214
205	208	248	211	235	581	240	275	601	239	281	601	244	282	601	239	277	607	241	281	594	244	283	594	242	282	603	240	256	211	204	203	206	201	206	210
207	206	250	215	237	724	253	310	750	258	302	759	248	311	752	258	306	753	256	311	757	261	318	745	252	316	758	250	271	210	207	206	208	204	206	211
204	205	258	208	229	541	239	269	556	235	272	563	235	271	559	237	269	565	234	275	561	239	271	558	234	276	552	236	245	218	202	207	213	203	203	215
207	203	247	209	228	483	229	259	481	236	262	498	232	253	490	232	256	505	232	261	492	231	261	493	235	263	488	231	241	209	207	201	204	204	204	211
205	203	237	211	222	433	225	252	440	223	250	439	224	250	439	224	251	444	227	255	450	225	249	443	229	247	443	225	234	210	209	204	209	204	203	206
200	207	228	203	213	365	219	235	378	216	242	377	225	239	372	221	237	383	216	241	377	218	238	374	221	233	382	222	222	209	205	203	207	204	204	214
205	204	243	206	215	376	218	235	382	226	238	389	221	240	381	221	237	380	223	238	381	220	236	386	219	239	389	219	224	214	204	205	216	206	202	214
205	205	237	208	220	388	222	243	385	218	237	385	218	245	391	225	236	394	223	237	385	222	237	389	220	235	398	224	229	210	206	204	213	204	203	207
204	202	232	207	220	441	232	251	454	227	253	453	227	250	454	223	251	452	230	253	449	224	249	454	229	249	449	227	232	207	201	205	204	204	205	206
205	204	236	212	235	926	277	337	945	277	345	967	282	344	966	280	347	967	271	357	963	278	344	960	271	346	980	278	285	206	200	202	202	203	204	204
203	201	236	209	226	592	239	279	606	245	278	599	240	279	609	243	281	602	242	281	606	242	283	598	238	279	602	245	252	209	206	203	213	204	206	212
204	202	237	214	229	568	242	275	574	243	277	567	237	276	559	238	271	567	242	278	575	237	274	571	235	276	566	236	255	203	199	204	205	209	202	206
204	207	227	207	218	424	228	247	424	225	247	424	225	242	429	224	247	423	223	250	423	223	249	428	225	249	431	222	230	203	203	206	203	203	206	204
203	203	245	209	234	593	244	275	583	237	274	590	245	281	597	240	276	594	237	277	598	241	279	597	243	279	600	239	258	203	206	209	206	205	204	209
202	208	244	213	223	469	230	251	468	229	253	474	233	256	468	223	260	477	226	258	469	227	258	475	227	253	480	228	240	211	205	205	210	205	207	215
203	207	232	208	218	364	220	235	366	218	238	371	216	234	371	219	238	368	218	237	368	220	233	369	219	239	370	221	226	215	208	208	220	207	210	212
206	206	233	207	216	391	221	247	399	218	245	394	223	243	397	224	242	398	221	240	399	222	239	397	222	240	407	218	238	210	202	205	207	202	209	212
200	204	244	208	226	456	226	255	459	223	252	456	227	252	452	229	249	461	224	256	459	233	253	461	225	246	454	226	246	213	205	206	214	204	205	214
203	201	224	204	211	351	213	229	358	217	235	356	215	235	363	218	233	362	215	233	364	218	233	360	216	235	355	214	224	203	203	203	201	203	200	203
202	205	228	209	216	364	219	233	366	214	234	363	216	234	365	215	233	371	222	235	366	217	235	360	221	234	360	218	223	205	201	202	203	204	199	206
203	205	243	213	230	450	232	248	450	228	253	447	228	248	439	224	255	452	229	249	443	224	252	446	227	255	447	227	235	216	206	207	218	206	209	212
206	204	240	211	218	378	222	240	377	223	234	382	222	235	374	217	242	377	219	237	382	214	238	376	220	231	370	221	225	221	205	205	215	199	205	218
206	203	223	211	214	339	216	225	339	217	232	338	215	231	335	218	228	340	218	230	339	214	232	338	219	233	340	211	223	206	206	202	205	203	204	210
208	204	233	208	218	367	219	233	367	218	241	361	218	233	363	218	232	363	222	232	367	220	232	365	221	238	369	218	227	211	203	203	212	202	202	209
201	204	233	205	215	342	213	234	344	221	233	346	214	226	345	221	231	351	218	237	344	218	227	344	217	235	348	216	224	218	205	204	219	205	205	216
207	203	225	204	215	328	216	229	330	213	221	330	215	233	325	216	223	332	213	229	329	217	225	332	219	228	328	215	222	206	203	202	205	202	204	203
202	204	231	209	213	343	221	232	346	215	230	340	217	232	348	217	231	347	213	227	347	215	229	343	217	232	349	215	224	206	204	198	204	205	204	206
201	204	230	210	218	346	217	235	348	215	232	347	219	233	351	222	230	350	218	225	352	220	231	352	218	231	349	218	222	203	201	206	209	204	205	204
201	206	229	207	218	359	216	235	362	217	235	358	219	233	359	218	236	358	220	233	358	218	235	364	217	234	365	215	225	207	204	204	205	203	202	203
203	202	227	207	218	370	220	232	366	224	233	369	216	233	370	217	234	375	222	237	368	217	238	375	219	237	368	222	217	206	204	204	207	207	200	203
202	201	239	211	220	391	225	238	392	220	239	398	217	238	396	224	242	396	222	238	398	218	242	407	220	236	391	225	228	205	202	204	211	205	203	209
203	203	238	210	221	375	220	238	379	221	237	377	221	239	385	219	234	380	221	240	382	216	237	376	224	238	382	217	227	204	203	206	202	201	206	205
198	204	233	206	219	395	223	239	396	221	241	397	220	242	404	223	237	395	222	245	394	219	241	394	221	237	401	224	228	205	205	202	204	203	203	207
203	203	233	207	217	372	218	239	370	221	235	370	221	234	379	218	238	371	216	239	373	219	238	375	224	234	381	219	224	211	202	204	212	203	203	211
202	206	232	205	222	373	219	237	386	224	241	373	222	238	382	226	235	381	223	235	374	220	242	384	219	240	391	221	225	205	203	202	206	205	202	205
206	203	229	210	218	389	221	237	393	222	240	386	219	240	391	222	236	384	219	239	390	218	239	384	218	242	386	226	228	207	203	202	206	204	205	212
204	205	230	210	227	397	223	240	397	220	243	396	220	242	398	217	243	407	224	241	401	217	240	399	222	240	400	224	223	200	201	205	207	203	202	200
202	203	235	206	227	453	223	251	451	227	248	450	222	250	456	230	251	450	228	247	441	225	246	446	227	249	452	229	235	210	206	203	209	202	205	206
202	203	236	208	219	384	220	240	390	224	239	393	216	235	386	222	243	385	219	241	384	219	239	386	216	241	398	218	225	211	201	207	211	204	207	209
201	205	239	211	226	437	229	252	449	230	247	461	222	255	446	227	256	444	222	252	445	229	254	441	230	249	447	224	241	212	202	205	207	202	203	214
205	206	237	217	228	539	237	273	552	236	262	544	236	273	531	235	267	549	232	268	556	238	273	545	235	268	543	235	253	207	202	203	198	203	205	209
203	204	245	208	221	436	228	253	443	233	254	446	224	248	451	229	255	448	223	250	445	229	255	452	225	249	448	228	240	205	202	205	210	203	202	206
204	207	254	209	225	441	224	248	451	227	256	444	227	247	445	225	248	450	225	252	445	227	249	451	228	254	448	225	233	219	202	206	221	202	209	217
205	202	231	208	218	383	216	238	388	220	236	381	222	239	382	222	241	390	222	240	385	217	239	379	225	239	380	218	232	203	210	201	205	202	204	205
200	201	253	219	246	778	253	316	773	256	316	775	258	315	776	255	309	775	257	316	765	256	305	790	255	315	776	259	289	200	202	204	202	205	201	205
203	202	253	212	238	633	245	288	633	245	288	654	239	283	623	247	287	642	242	292	648	248	287	638	242	290	651	247	266	207	201	200	203	202	203	203
205	205	242	212	230	456	229	255	462	228	256	467	231	256	461	225	253	473	223	259	462	230	253	464	227	252	460	229	240	213	202	208	209	205	203	213
206	204	230	213	222	412	223	244	414	225	237	421	222	241	411	223	243	412	223	242	413	230	249	418	224	248	412	220	227	209	204	199	206	203	204	203
199	207	231	205	215	382	219	239	382	223	237	387	219	239	381	223	239	381	219	244	387	221	239	382	219	238	392	220	225	202	205	205	204	204	202	204
202	206	232	207	215	369	222	234	362	215	234	368	217	229	366	216	235	364	217	236	372	215	236	368	220	234	371	222	222	204	206	203	211	200	205	206
202	207	239	209	231	548	237	275	553	239	270	553	236	275	556	231	274	542	243	275	564	233	269	561	236	271	561	234	256	207	205	203	203	205	203	209
201	202	261	209	243	665	248	291	674	246	296	665	246	292	668	248	290	672	253	299	666	246	293	670	244	291	655	246	271	210	201	202	213	202	205	213
201	205	239	211	233	572	240	279	575	236	274	569	238	270	564	238	275	570	237	273	565	238	267	572	238	271	575	237	258	206	204	200	208	207	204	202
202	204	227	206	217	391	223	241	397	224	238	397	223	242	393	218	237	395	221	240	395	226	241	403	221	244	401	223	229	205	203	204	204	202	203	206
201	205	228	209	216	389	220	237	389	217	237	392	222	242	390	219	238	388	219	236	388	219	240	388	224	237	387	218	228	208	202	202	201	201	202	207
202	209	256	211	231	560	241	268	553	238	270	555	236	269	560	235	266	567	236	275	559	239	267	562	237	273	569	237	253	219	203	201	215	203	203	220
203	201	230	210	222	449	230	251	447	227	254	459	230	242	455	225	251	452	223	249	455	230	253	453	227	258	447	224	239	205	205	205	207	204	202	212
203	201	224	207	210	369	217	232	363	214	237	370	218	234	368	218	235	365	217	239	374	215	235	367	220	237	373	220	229	206	203	200	203	203	204	205
204	205	220	209	217	340	219	228	338	214	228	342	215	231	340	215	229	340	217	233	349	217	228	347	214	226	342	214	220	209	206	202	208	205	201	210
202	204	230	206	211	385	219	235	385	222	235	391	224	239	390	219	237	385	220	235	387	224	238	388	220	239	394	219	229	209	201	205	208	205	202	208
201	202	239	208	220	519	231	264	523	234	267	517	236	265	518	233	265	520	236	269	520	234	267	527	237	266	524	235	251	207	204	204	209	204	204	212
202	202	235	208	218	402	225	239	401	224	241	407	223	243	401	222	243	411	221	240	405	222	242	407	218	242	401	221	231	207	204	205	210	202	203	213
208	204	252	202	222	384	219	244	382	218	242	386	222	238	382	222	234	379	222	237	386	218	240	385	217	239	384	222	229	227	204	207	224	202	210	233
204	207	238	209	220	406	220	243	407	218	242	403	221	240	405	224	238	412	223	242	405	224	240	412	224	244	397	224	234	205	204	201	203	201	208	206
204	203	232	209	221	407	221	243	410	220	243	410	227	242	411	223	247	407	225	248	405	222	246	412	226	244	416	222	237	204	203	203	202	201	204	204
209	211	278	207	224	396	219	243	393	225	241	399	216	244	402	219	241	393	221	244	404	221	241	408	218	244	398	221	233	249	205	211	249	205	212	249
209	216	291	212	224	397	218	242	395	220	241	392	222	242	397	222	242	392	221	243	397	219	237	403	220	238	392	223	232	273	206	213	272	211	218	271
203	205	223	209	215	310	213	226	318	217	228	317	213	227	317	214	224	316	216	225	313	214	227	319	215	223	322	219	219	211	206	206	214	205	208	208
206	207	245	209	219	375	218	231	381	218	237	384	217	236	375	221	234	374	220	236	376	219	237	382	222	234	380	215	226	228	203	207	229	202	210	227
204	210	250	210	227	458	229	256	467	231	251	480	233	254	465	228	252	477	229	260	461	231	260	462	229	250	462	230	246	224	204	204	223	203	208	229
199	201	228	206	213	339	215	224	338	215	224	339	217	228	341	214	227	337	218	231	337	215	227	338	219	227	338	216	222	208	204	208	207	202	206	212
203	202	221	207	214	308	213	223	311	212	222	313	210	221	308	211	228	316	215	220	312	215	221	312	208	225	310	210	215	205	203	201	207	201	203	203
205	203	223	212	215	385	218	236	389	220	237	390	220	239	384	219	240	381	219	236	385	222	239	393	219	240	385	217	227	205	206	205	207	205	204	205
203	201	225	209	216	343	218	230	340	215	228	343	214	236	343	214	229	344	214	231	339	215	229	345	217	228	345	214	226	207	200	202	204	202	205	203
201	204	227	207	214	322	218	226	322	212	226	327	215	229	326	214	222	330	214	232	322	216	222	321	214	223	327	209	220	206	203	202	209	203	202	211
204	202	221	205	213	347	214	232	343	211	232	353	217	234	351	214	235	345	216	227	348	220	227	348	214	229	347	218	219	203	204	201	208	202	205	203
205	206	226	206	214	308	212	222	306	212	222	313	214	220	304	208	223	301	213	221	301	210	218	311	210	223	304	212	217	208	205	203	205	200	199	208
205	209	225	210	212	297	212	219	298	212	222	295	210	222	301	215	217	294	212	220	297	213	221	296	213	220	302	209	216	206	206	207	208	204	201	212
203	203	229	211	218	375	218	238	380	222	237	377	220	240	380	215	237	376	217	239	372	229	237	380	218	236	381	219	229	209	202	204	209	205	203	210
200	203	227	205	212	334	216	227	335	216	230	340	215	230	335	218	228	338	215	232	336	218	230	338	216	232	340	214	220	214	196	206	209	206	203	208
202	205	221	205	213	304	210	220	302	205	226	299	211	223	302	215	225	311	214	225	307	209	221	308	213	220	306	215	214	210	203	203	210	205	207	209
206	206	231	209	217	329	216	228	336	214	228	334	213	226	330	221	230	334	218	224	333	213	229	327	218	227	333	212	223	214	204	204	213	203	205	213
204	214	227	210	212	320	217	226	327	219	232	324	212	224	327	210	221	323	213	224	323	216	224	327	215	220	320	215	216	206	205	200	207	204	203	213
202	203	237	208	221	468	231	258	461	226	258	472	229	255	474	232	255	474	231	256	470	227	254	478	230	256	473	229	239	205	202	205	204	200	202	206
198	203	244	211	228	585	238	280	580	238	280	578	235	276	583	243	280	588	241	277	580	238	275	581	239	270	593	241	260	205	201	199	210	201	203	205
203	201	229	211	216	373	217	237	377	220	232	368	215	235	382	221	236	367	219	235	365	218	233	373	216	233	375	217	227	209	204	205	207	205	200	210
203	203	231	207	220	410	218	245	417	224	241	411	223	241	421	226	239	422	224	248	410	222	249	418	224	244	423	219	231	208	202	200	211	207	210	204
202	204	224	209	213	372	217	232	373	218	236	375	219	239	372	220	233	379	219	242	370	216	234	377	220	234	375	215	226	204	202	202	204	202	199	202
197	205	236	208	221	427	225	248	428	228	251	430	228	243	434	225	250	434	226	249	436	227	250	437	226	245	438	224	240	208	204	203	209	201	207	207
203	202	230	206	220	379	220	234	372	220	233	380	209	235	375	219	235	378	220	237	369	219	237	375	218	232	379	222	225	213	201	207	209	205	203	207
203	201	215	206	213	305	210	221	309	214	222	306	209	224	311	211	220	319	211	222	307	211	225	306	217	221	312	216	216	203	202	199	204	202	203	197
199	206	217	206	207	292	213	221	305	208	222	297	209	216	299	211	223	298	210	224	299	212	222	302	212	223	298	209	218	208	204	200	209	203	205	206
197	204	224	203	213	331	220	224	335	217	229	332	218	222	333	219	231	335	215	229	334	219	227	335	212	234	337	217	219	215	200	200	207	203	199	210
202	206	234	206	214	345	214	228	339	216	232	349	216	229	344	216	225	346	218	230	350	218	230	344	217	232	347	215	222	215	201	207	211	209	202	218
207	202	231	208	219	376	215	235	373	220	233	376	221	240	379	222	236	380	218	229	383	219	235	374	219	234	386	218	227	215	202	204	211	204	206	215
203	203	225	209	221	371	220	235	376	219	234	374	221	239	367	213	237	377	222	235	372	215	238	376	216	235	373	224	225	205	203	203	202	204	201	202
201	206	238	210	219	374	220	234	376	215	235	383	218	245	379	217	241	379	215	240	380	217	235	390	219	238	382	222	226	210	206	202	207	201	204	207
201	205	231	210	224	401	221	240	404	222	245	402	220	240	404	224	240	407	223	240	412	224	247	403	220	241	404	225	236	203	204	205	203	204	205	203
201	204	298	226	293	1384	307	423	1368	308	420	1380	314	419	1383	309	428	1377	316	430	1391	311	426	1380	316	422	1409	317	372	212	202	204	216	204	208	212
200	203	277	219	265	1020	280	359	1019	281	360	1025	279	362	1013	286	354	1038	278	365	1032	282	361	1036	282	351	1033	281	328	200	203	205	204	202	200	207
204	203	247	212	236	648	247	292	649	247	292	654	242	290	645	245	288	649	247	293	654	245	289	656	246	284	650	242	270	209	202	202	212	203	204	209
202	203	239	214	226	537	237	268	544	237	270	552	231	272	539	232	266	545	232	267	550	230	271	544	238	265	544	232	254	205	214	198	204	200	205	202
200	206	225	210	210	344	218	226	346	212	232	344	218	234	337	218	232	343	217	228	346	216	230	353	219	230	346	215	221	209	203	202	208	203	205	205
203	201	213	208	208	291	210	219	295	214	215	299	207	222	298	212	221	300	215	224	298	214	218	295	212	218	293	207	215	206	202	204	203	200	206	205
202	204	216	207	212	317	211	224	324	214	225	324	212	223	320	210	224	319	212	224	319	215	231	323	212	221	319	212	216	208	204	202	204	205	201	206
203	205	231	207	222	471	233	253	476	228	253	468	226	251	469	233	259	472	225	258	471	226	259	476	233	257	474	227	242	207	205	202	206	202	202	203
203	203	241	211	231	733	249	302	738	259	309	753	258	306	737	248	311	752	260	310	754	258	309	746	256	308	757	253	271	212	202	200	205	205	204	207
202	205	234	208	222	594	245	283	614	241	281	625	247	290	622	242	286	625	245	290	624	245	282	633	241	284	631	244	255	209	205	201	207	204	206	209
202	206	234	208	215	389	223	242	391	223	239	388	222	235	393	224	241	391	219	244	392	218	238	386	222	239	392	219	225	214	202	208	217	204	207	219
204	204	221	206	218	372	218	237	381	218	234	375	222	237	386	219	235	386	216	239	378	221	242	377	219	237	382	219	227	201	201	201	201	201	200	201
202	202	222	209	217	391	209	238	398	222	240	394	224	244	403	221	236	403	218	241	402	225	243	399	223	242	395	223	231	201	203	202	208	205	201	204
202	203	219	208	219	358	219	231	352	214	241	357	221	233	362	210	230	359	219	236	360	217	234	366	219	234	360	214	221	205	204	203	206	201	206	209
204	204	239	210	232	760	255	313	753	260	309	763	260	310	767	258	312	773	260	313	782	260	317	773	260	315	768	269	274	205	202	197	202	200	204	206
209	211	241	208	226	465	228	258	490	231	254	483	231	260	480	226	260	494	226	256	480	231	259	485	229	258	489	231	239	223	202	204	226	198	212	226
209	217	304	217	226	400	223	242	409	225	240	411	220	240	404	221	240	405	224	249	402	221	243	408	220	239	402	221	231	292	215	219	285	210	221	289
201	202	227	207	212	306	211	225	305	209	221	299	213	220	304	216	219	308	213	226	303	211	229	307	211	219	306	211	216	208	208	204	207	201	201	206
205	208	241	209	225	433	223	245	429	225	248	435	224	251	430	226	242	427	225	244	429	227	248	436	223	247	428	226	236	221	206	205	221	206	206	219
200	204	229	208	217	379	219	238	384	224	239	380	220	239	392	218	239	385	215	238	388	220	238	387	217	231	387	223	226	205	199	204	207	203	203	207
203	203	215	204	207	297	211	220	303	211	224	295	210	223	301	212	221	297	211	222	295	212	223	301	212	226	290	216	218	202	204	203	200	201	200	207
198	203	225	203	216	396	216	234	394	220	240	399	220	241	391	221	237	399	221	238	399	218	242	399	221	243	398	218	224	207	204	207	204	200	202	206
200	202	227	206	212	375	220	241	375	222	234	379	216	238	380	220	243	380	223	236	380	218	239	387	221	241	381	218	224	205	202	201	199	198	201	204
199	204	225	204	212	322	214	222	313	213	224	333	214	222	330	212	232	326	215	226	321	215	229	332	217	220	320	211	219	204	204	203	204	191	200	206
203	205	219	203	211	294	216	224	306	214	222	300	211	223	304	214	219	312	211	219	309	214	220	303	210	226	294	216	215	194	207	206	203	205	197	204
205	203	227	210	214	311	210	225	311	213	218	313	212	224	315	213	223	306	214	220	316	212	222	309	211	225	312	212	216	207	203	204	213	205	202	216
206	207	239	206	211	344	216	231	349	216	228	353	218	230	349	218	234	350	218	229	361	216	232	349	216	232	354	213	222	220	204	206	221	204	206	220
206	203	227	208	219	423	223	243	420	226	246	426	225	244	432	227	249	419	223	247	421	220	246	428	219	246	425	223	234	203	209	201	205	202	200	205
202	206	233	204	221	431	221	246	421	228	250	442	224	244	436	223	246	435	225	249	434	225	249	431	226	251	433	222	234	212	207	201	212	201	205	210
202	201	220	205	209	308	210	220	314	210	223	312	213	226	311	213	223	312	218	223	311	213	226	310	212	223	308	212	212	204	203	204	206	202	198	208
201	204	221	205	209	286	213	216	286	207	220	289	208	217	286	212	219	283	212	219	287	207	222	290	213	217	290	210	215	211	202	204	215	204	204	213
202	206	217	208	208	267	209	218	263	212	216	273	213	214	273	210	214	268	210	217	270	213	215	273	210	213	274	212	211	207	204	202	208	210	205	205
202	210	226	207	207	279	211	222	278	207	217	278	210	223	280	211	215	274	214	226	281	211	220	272	214	216	277	206	207	210	204	205	213	207	206	211
205	205	228	207	213	287	207	220	292	209	216	292	213	217	293	212	227	296	212	224	295	213	223	293	213	219	288	211	213	221	201	201	233	201	204	219
200	198	218	208	213	317	214	222	318	216	222	318	213	225	318	209	228	318	209	227	319	212	223	319	212	226	320	210	216	207	206	203	207	203	199	208
204	203	223	207	208	308	211	222	311	210	221	311	212	221	316	212	221	313	215	226	318	215	227	312	210	225	318	213	218	209	200	203	210	204	204	207
200	201	220	200	212	312	213	224	310	216	221	315	214	222	312	214	225	306	212	224	307	209	223	309	211	222	319	211	213	207	201	206	203	203	202	205
202	207	237	205	223	334	216	225	337	213	224	335	213	228	334	217	233	336	213	226	328	214	230	337	215	232	336	214	219	225	204	209	223	203	206	221
202	203	226	206	216	404	219	239	410	221	245	399	225	239	406	221	248	405	222	245	399	222	241	408	223	245	404	220	228	209	202	202	205	207	204	210
205	203	234	214	234	580	238	271	577	239	281	578	235	278	578	237	279	576	236	278	581	236	271	579	237	274	578	241	258	209	201	203	204	198	203	202
203	201	226	205	212	355	217	231	353	218	232	353	217	232	353	215	229	361	220	239	350	211	231	372	216	235	348	218	219	210	200	206	206	204	205	210
199	203	219	205	211	301	206	219	302	215	221	302	210	218	304	209	218	305	213	224	299	210	217	303	210	220	300	210	214	210	205	202	208	203	202	211
203	203	213	205	212	283	209	221	284	211	220	278	210	216	288	214	218	285	208	214	287	211	218	280	210	219	288	205	218	208	198	204	207	203	203	210
203	207	233	207	211	302	215	221	314	215	229	306	211	223	310	216	222	310	214	224	303	210	224	311	213	220	312	218	218	226	204	207	221	207	206	214
202	203	219	203	212	301	211	221	299	211	220	300	211	219	294	214	221	295	212	221	298	210	221	301	213	218	305	213	212	207	201	203	204	205	203	206
201	205	216	202	208	301	214	222	315	213	226	313	214	219	315	213	224	311	215	224	314	213	221	312	212	225	321	215	212	206	199	203	207	204	199	203
205	204	220	200	210	295	209	226	301	214	227	298	215	221	306	214	220	304	214	222	300	212	222	302	212	221	309	215	214	211	200	204	211	202	206	207
203	205	211	205	208	268	207	211	273	211	216	273	207	212	272	210	215	272	204	216	281	208	214	271	207	211	272	211	212	203	198	201	206	204	201	202
203	202	216	204	208	268	204	216	264	207	213	270	209	215	270	213	217	267	208	214	271	208	214	267	207	215	272	207	211	204	205	204	208	203	201	203
202	202	217	202	207	267	208	216	260	207	213	265	211	218	266	207	213	267	210	215	263	208	215	269	210	215	268	206	209	205	205	204	208	203	203	203
205	201	216	206	205	266	212	218	269	207	214	272	208	217	268	214	210	265	207	216	265	206	214	268	208	214	263	211	208	203	203	201	204	204	203	201
205	204	229	206	213	316	214	226	319	213	227	320	213	222	318	215	231	316	211	226	320	209	226	325	217	226	317	211	221	214	202	205	213	200	204	217
203	201	218	208	211	290	211	218	288	209	220	288	206	215	289	213	219	287	208	221	289	210	217	288	208	222	280	210	213	208	202	202	205	201	203	207
206	201	241	209	225	678	249	301	702	252	300	707	249	303	702	251	299	703	247	301	696	249	292	712	247	298	714	246	251	211	201	200	210	202	204	210
201	208	241	206	223	605	242	288	622	242	286	629	244	285	623	245	286	625	247	287	624	246	289	618	245	291	627	241	241	210	205	202	210	206	206	211
203	206	227	207	213	373	221	235	380	223	235	385	220	240	377	221	237	377	217	239	381	217	236	384	219	236	377	218	222	215	202	203	210	204	204	211
199	206	220	204	212	275	213	219	285	213	214	285	213	215	275	212	214	284	210	220	284	209	215	289	208	219	285	208	214	210	204	203	213	203	210	213
200	205	219	209	213	296	211	223	298	213	223	303	211	223	302	215	223	300	210	226	295	213	221	292	210	225	302	211	217	207	202	202	209	200	209	209
200	203	217	203	213	305	215	220	313	215	223	308	214	227	310	212	224	304	211	221	302	212	224	304	211	209	305	214	215	208	203	204	204	202	203	207
201	202	211	206	205	252	209	209	258	211	211	252	206	208	257	211	211	259	212	215	260	206	208	256	206	209	258	206	209	204	203	204	204	201	201	201
200	205	205	203	203	247	209	213	252	205	208	246	205	207	246	209	213	246	208	213	249	210	213	250	205	212	254	207	201	202	200	201	199	203	202	200
211	210	252	207	221	531	234	268	550	236	265	541	238	269	542	239	269	541	235	270	553	235	272	552	233	269	553	233	244	243	207	210	243	206	214	242
207	205	221	201	216	508	236	268	518	230	260	521	230	261	527	235	262	523	232	265	532	231	269	522	236	272	533	234	235	207	203	205	212	200	203	206
202	205	212	205	212	353	215	233	344	215	229	348	219	232	349	216	232	356	219	228	348	219	230	357	216	233	352	215	225	206	201	204	209	202	200	203
207	206	233	203	212	339	218	229	335	218	229	332	214	229	336	217	229	335	213	224	332	217	227	333	217	226	333	213	221	221	206	204	218	203	206	221
204	204	244	207	219	413	223	240	415	224	239	420	227	240	415	223	243	415	221	246	417	221	245	416	221	245	418	229	227	227	201	206	228	206	209	225
199	205	211	206	211	406	225	241	415	224	246	418	219	247	415	222	245	423	220	245	417	223	243	415	225	250	422	225	229	203	203	211	204	203	205	205
199	207	213	202	205	294	211	215	296	213	216	294	209	217	295	210	220	292	211	224	292	213	223	297	208	221	295	213	216	202	198	204	204	201	204	206
205	207	211	204	207	258	208	211	261	206	213	259	205	215	254	207	215	263	211	211	259	204	214	257	209	217	256	209	209	202	201	201	202	203	200	204
200	204	216	201	206	261	207	214	263	210	217	269	207	213	264	207	213	266	206	213	266	207	215	265	206	214	269	207	210	210	207	201	203	202	203	204
198	204	217	207	208	262	210	218	268	211	215	264	206	214	273	210	214	266	208	215	271	206	214	270	207	212	265	206	212	209	201	199	218	204	204	207
203	203	208	200	202	251	206	213	260	206	209	259	209	216	259	206	214	249	205	214	251	208	210	252	207	212	257	208	207	209	200	201	208	200	204	203
204	204	244	208	234	593	241	277	606	238	272	604	243	279	602	244	278	599	244	282	602	244	281	599	241	283	608	241	256	214	202	204	211	198	201	212
204	204	243	207	237	686	251	295	687	250	303	690	251	301	697	251	297	706	253	302	703	247	301	703	251	297	706	249	278	212	205	204	214	205	206	210
203	204	224	201	218	372	215	233	371	219	234	377	217	234	370	222	235	363	220	237	373	221	237	380	219	236	374	218	226	210	203	201	210	201	205	211
199	206	213	203	208	271	207	215	277	209	215	274	210	212	271	207	216	268	207	214	270	207	215	268	210	217	270	209	210	204	201	205	210	200	207	206
203	206	213	203	208	245	207	215	248	209	209	252	209	208	250	207	207	247	203	212	248	207	206	249	206	212	253	205	202	209	206	202	208	201	204	208
207	208	216	204	207	248	203	211	245	210	212	247	209	211	241	206	209	249	203	211	243	211	209	245	206	212	245	206	207	214	201	205	215	200	206	215
203	207	230	206	214	257	209	213	257	205	216	263	211	212	262	208	210	262	207	216	265	210	212	261	206	209	261	205	207	224	206	209	226	202	206	226
204	208	238	207	211	273	209	216	277	210	214	272	210	219	276	211	215	278	210	216	274	211	215	276	209	217	277	212	212	238	207	208	231	206	210	232
203	202	211	203	205	255	208	216	252	206	215	247	207	211	256	207	215	260	207	212	254	208	212	251	211	215	254	205	211	207	202	205	210	201	206	205
208	211	249	210	218	278	208	215	283	211	215	282	206	215	281	208	220	284	212	215	279	212	220	283	207	214	286	214	215	244	206	212	248	207	216	242
206	210	239	206	209	273	209	216	274	210	219	275	208	214	275	207	215	272	211	218	280	201	216	276	210	223	274	206	215	235	207	207	239	209	210	237
200	200	213	205	207	265	209	214	264	207	214	262	208	218	268	210	215	269	209	214	267	206	211	273	205	219	268	211	213	202	203	200	205	199	199	205
205	200	225	208	223	509	227	256	500	232	264	499	230	263	509	231	262	500	232	262	500	232	260	509	230	260	505	233	249	206	203	204	204	200	200	206
199	201	223	204	222	458	225	252	463	232	254	465	226	252	467	227	254	467	224	250	479	227	250	460	226	260	469	229	243	206	205	205	205	200	204	203
200	202	220	207	217	414	222	245	418	219	242	417	222	244	413	218	245	410	224	245	419	222	242	418	224	239	413	220	234	201	204	202	205	203	201	204
201	202	216	202	210	289	209	222	288	214	221	293	208	219	293	207	218	293	210	221	290	208	219	294	211	221	292	213	214	208	205	202	206	203	201	206
205	201	216	209	203	262	208	219	264	210	216	264	207	218	257	209	215	266	205	218	263	208	214	262	207	211	261	208	207	209	201	202	214	204	204	212
205	202	213	206	206	252	206	216	248	210	211	254	207	214	249	207	208	247	204	210	248	207	206	247	207	209	256	213	210	206	203	200	204	204	208	203
204	201	215	206	206	263	209	216	265	209	215	264	208	216	266	207	211	263	208	209	272	208	213	264	206	212	266	205	213	205	204	202	200	201	202	207
202	202	216	204	216	446	222	253	450	224	251	452	226	253	442	225	250	445	219	250	447	224	248	445	228	250	451	225	238	202	202	201	202	203	203	201
201	204	220	204	208	365	222	230	368	221	227	362	218	234	360	219	236	359	220	238	367	215	237	363	220	236	370	213	224	203	202	202	203	202	200	206
204	206	244	215	228	625	244	283	622	244	290	631	242	286	623	242	285	617	241	284	626	247	283	614	241	284	625	237	258	211	203	202	209	203	204	208
202	208	336	230	324	2007	368	541	1984	373	537	1988	358	539	1998	362	529	2004	362	536	1989	371	542	1988	371	528	1997	366	451	226	208	212	227	208	206	218
200	206	250	206	243	714	254	300	715	253	302	717	254	304	712	246	304	695	252	303	713	256	302	712	253	308	713	253	274	207	208	203	209	202	202	211
202	202	227	204	217	376	217	236	385	221	239	386	220	237	382	217	241	386	218	236	383	222	237	388	218	236	382	223	231	207	203	201	206	208	204	208
199	207	214	202	210	276	210	215	281	208	220	284	209	220	287	210	218	285	211	218	284	214	224	285	212	216	283	207	217	206	201	202	203	198	206	201
203	199	213	204	208	260	208	218	265	207	213	253	206	214	264	210	213	262	209	213	257	200	214	257	206	213	260	211	210	205	203	201	207	204	208	202
202	206	209	207	204	252	208	213	261	206	212	251	205	215	256	208	213	255	208	213	255	205	214	258	206	210	257	206	211	204	202	202	204	206	200	203
203	203	233	208	235	540	233	268	546	233	268	540	232	262	547	234	263	544	235	267	537	236	263	552	235	265	552	233	252	208	204	206	211	200	202	208
200	204	231	207	224	470	227	252	463	228	259	470	229	253	477	230	252	474	227	262	477	225	258	477	230	254	478	228	238	205	205	199	211	203	202	209
203	205	220	204	212	317	213	225	306	211	221	308	213	220	316	214	225	315	215	224	314	211	218	313	213	227	317	211	218	212	204	203	209	205	204	205
200	201	216	207	212	279	211	218	287	213	218	284	211	219	292	211	216	284	210	221	283	212	224	290	209	220	288	212	216	211	201	201	211	199	205	210
202	208	274	223	282	1389	306	421	1387	310	429	1392	315	425	1374	311	432	1380	308	425	1400	317	427	1389	307	424	1390	318	361	199	203	204	206	205	204	201
204	198	234	211	236	667	246	295	670	247	297	673	252	287	673	248	299	662	245	292	681	245	286	685	248	295	689	245	269	204	202	204	207	201	202	201
203	205	227	206	216	376	221	235	382	223	238	372	225	236	374	220	234	380	220	238	379	219	237	379	221	237	373	216	224	213	202	203	212	205	202	213
205	202	212	201	208	256	210	214	252	206	214	251	208	210	253	208	208	253	205	211	250	209	213	251	208	213	254	202	205	203	203	208	205	200	206	206
200	202	211	207	208	293	212	219	298	211	221	290	210	219	299	213	220	294	208	221	305	210	217	295	209	221	291	203	215	202	202	203	206	203	207	207
205	205	219	206	206	264	209	216	267	206	215	270	207	214	275	211	213	265	209	216	266	209	214	263	207	216	264	209	213	211	201	202	204	200	206	206
203	200	204	198	208	261	208	212	259	208	215	258	201	214	260	206	209	264	205	216	257	204	217	264	204	214	263	208	213	202	203	202	201	202	201	206
206	201	208	204	205	252	208	214	251	207	209	253	210	212	253	204	209	253	208	212	248	209	210	255	207	211	251	207	208	207	203	201	207	204	201	207
204	201	224	207	224	391	220	238	388	218	238	395	222	238	399	218	240	396	226	233	394	224	236	393	222	242	396	220	227	209	202	204	212	203	207	205
209	203	214	202	214	335	215	233	333	213	226	331	210	229	340	215	230	336	215	226	336	216	230	344	213	229	336	216	220	203	202	204	204	207	203	208
203	204	206	207	209	275	209	215	276	213	215	276	210	212	277	210	216	274	210	212	271	205	223	278	206	215	275	213	211	203	204	200	201	201	202	202
202	201	213	203	202	246	209	209	245	204	211	246	214	211	245	203	214	244	204	208	241	208	211	244	207	206	244	202	207	204	200	200	208	203	201	205
204	202	210	205	208	234	214	204	233	202	207	237	208	211	230	204	204	233	205	207	234	205	211	232	207	209	233	205	206	201	200	205	208	204	199	206
201	203	216	207	206	240	201	208	240	207	205	238	204	209	236	205	210	242	203	210	237	206	210	242	205	205	240	208	206	209	203	199	212	202	203	209
201	206	213	207	213	292	214	220	290	208	219	289	215	221	291	209	221	293	209	221	289	208	222	294	208	219	290	212	218	210	202	205	205	205	200	204
197	200	212	203	208	263	209	217	268	206	212	262	207	215	261	209	211	268	206	216	264	211	214	267	206	213	261	210	208	204	204	202	209	200	205	207
200	203	215	207	215	262	207	217	261	203	211	259	208	214	264	207	214	263	202	213	264	206	219	265	204	218	254	212	212	211	206	200	209	202	206	210
201	206	221	205	211	259	210	216	259	207	212	266	207	211	265	208	214	257	209	212	264	204	215	267	213	215	262	209	212	216	205	199	210	203	203	215
213	219	305	211	221	342	214	230	345	215	232	342	216	233	350	216	226	346	213	227	350	214	228	350	214	228	348	214	229	299	213	221	301	210	221	300
200	201	206	205	206	241	207	210	244	210	212	242	208	210	243	207	210	250	207	207	245	206	212	246	205	212	245	209	207	197	203	202	200	195	203	201
202	199	223	207	215	367	215	233	376	221	232	362	222	235	361	217	238	370	218	237	363	217	232	362	217	237	368	217	225	203	202	200	205	202	204	205
205	202	235	207	228	547	236	274	544	235	265	542	237	264	545	227	269	539	233	270	546	234	269	541	232	271	539	230	244	217	204	204	213	204	203	210
205	203	216	207	216	329	216	223	328	215	224	329	216	224	333	217	230	330	211	229	330	213	227	338	215	225	330	214	216	203	200	205	205	201	204	208
203	205	213	205	209	266	206	211	259	210	215	264	208	213	262	209	213	265	209	213	262	208	215	262	210	216	267	205	212	209	197	202	209	203	203	207
205	207	221	203	209	272	210	214	266	209	215	267	207	214	265	207	213	271	207	216	265	210	215	267	207	217	264	205	212	214	203	205	214	202	208	215
202	205	212	205	212	284	211	218	287	210	222	286	213	216	282	208	218	287	209	217	287	213	217	284	209	217	290	210	212	207	201	203	210	203	204	208
206	201	207	207	205	258	205	216	255	207	214	253	208	213	247	209	213	256	205	211	250	208	214	255	208	213	255	205	207	210	202	204	208	201	204	210
208	207	217	201	208	245	203	215	250	211	212	247	208	209	248	205	211	248	203	209	243	211	212	247	205	213	245	210	211	212	201	204	211	203	204	210
202	211	214	204	207	301	213	228	302	209	223	302	212	222	296	215	217	301	213	222	302	213	220	311	216	226	304	213	216	205	203	202	207	204	205	208
202	204	220	206	222	441	224	245	440	228	247	434	227	250	439	226	246	440	227	249	436	220	243	439	224	247	443	226	237	202	201	202	205	208	204	203
204	203	229	206	232	537	237	269	531	232	265	529	238	267	532	233	259	537	235	268	545	237	265	530	232	270	542	234	247	207	206	201	207	200	203	209
205	201	264	219	262	1039	284	358	1033	280	351	1033	284	360	1024	285	358	1019	279	371	1052	289	363	1031	280	368	1067	279	327	209	206	205	209	204	208	208
205	205	317	230	317	1873	358	506	1863	355	514	1890	363	523	1862	356	510	1905	346	515	1888	354	515	1900	358	525	1901	368	429	215	203	205	215	203	205	213
203	200	240	209	237	745	255	307	751	251	307	740	252	309	750	257	313	755	255	308	749	257	309	749	256	315	743	253	276	208	204	206	207	205	201	205
206	202	216	209	216	392	220	236	395	217	242	400	218	233	397	221	240	397	223	238	399	225	238	405	222	237	394	218	231	201	205	200	201	203	201	205
203	205	216	211	210	301	210	217	303	208	220	300	214	223	302	211	219	307	209	220	302	204	224	296	215	225	296	210	215	211	206	204	207	206	200	210
200	201	214	206	210	298	213	218	296	210	217	300	209	220	304	208	222	296	214	224	299	208	221	301	210	217	304	215	217	209	202	207	206	203	202	207
205	198	213	203	210	357	223	234	351	224	232	354	217	234	351	216	232	358	217	232	357	220	230	352	221	231	350	214	220	204	202	202	202	201	202	202
210	210	254	210	214	329	212	228	324	215	228	333	214	225	328	217	225	325	211	225	328	215	224	324	217	227	327	210	222	252	208	214	252	208	216	253
201	203	209	204	203	243	203	209	244	207	214	244	206	214	243	206	213	243	204	210	246	202	212	249	208	213	245	202	207	198	198	203	202	201	204	200
197	201	205	204	205	239	205	202	245	207	209	237	206	209	243	204	208	242	204	215	241	207	210	242	207	211	243	203	207	202	204	199	201	198	205	202
204	204	211	207	204	249	208	209	251	208	206	249	210	208	246	208	210	245	206	213	244	206	210	247	208	210	249	208	209	205	201	205	203	203	208	203
202	204	215	205	211	297	208	221	303	214	214	303	211	222	301	208	219	293	209	219	301	212	217	297	213	222	300	210	216	206	200	206	207	201	204	203
201	203	253	216	250	866	266	330	876	269	324	879	268	326	879	260	329	874	268	326	880	268	331	876	267	327	866	272	295	205	202	206	209	200	205	206
209	203	482	272	503	4125	619	1061	4122	607	1046	4122	624	1044	4119	624	1046	4120	616	1081	4119	616	1064	4116	618	1054	4115	621	825	203	202	202	208	204	202	204
200	205	394	258	418	3379	504	803	3376	502	802	3384	502	803	3373	494	805	3391	499	814	3405	501	810	3409	504	829	3413	496	642	202	203	199	201	203	204	204
202	204	280	225	286	1338	312	415	1354	313	421	1350	309	423	1377	311	425	1374	306	422	1353	320	418	1367	309	419	1354	314	351	206	206	204	207	200	203	207
204	203	226	206	223	502	231	259	505	235	261	510	231	266	508	229	257	500	232	262	510	228	263	499	229	264	510	231	243	200	203	205	202	203	203	204
205	204	207	206	206	280	207	218	278	212	219	282	211	222	280	209	215	286	207	215	279	206	217	279	207	214	284	211	209	205	204	205	208	201	203	206
205	202	210	204	203	250	204	213	249	207	210	249	202	214	249	208	212	243	203	212	246	206	210	246	208	213	246	206	210	204	202	208	209	201	202	207
204	203	214	205	208	247	205	214	247	209	212	252	205	212	252	207	210	245	207	211	249	205	212	247	209	213	252	206	211	215	203	206	211	204	204	213
203	204	223	208	209	260	208	216	253	207	212	259	211	213	254	207	210	257	207	209	253	210	215	256	211	213	257	203	208	220	206	206	220	203	205	223
203	206	227	206	211	267	209	214	263	211	216	260	211	217	265	206	213	267	211	211	272	208	216	266	207	215	266	205	215	223	202	207	222	199	211	222
200	207	216	204	204	263	208	211	262	205	216	262	208	219	263	206	217	260	208	212	261	207	214	259	208	215	256	209	209	214	203	201	209	200	204	211
205	201	211	202	204	247	209	209	244	205	209	247	208	207	246	203	210	248	204	213	250	205	213	254	207	211	245	206	208	203	200	202	203	199	204	203
203	202	222	206	213	277	212	214	269	207	215	273	209	216	274	210	217	276	211	219	273	205	216	277	210	215	268	212	212	217	204	204	211	204	208	215
208	212	261	211	233	562	238	275	564	233	276	574	239	271	578	239	275	567	239	279	567	247	276	568	241	274	572	235	255	235	207	207	236	201	207	235
204	203	654	326	731	4096	944	1741	4096	951	1775	4096	947	1728	4096	951	1737	4096	950	1773	4096	963	1781	4096	946	1761	4096	947	1279	200	199	204	203	200	203	202
202	202	401	254	418	4114	524	833	4117	508	831	4115	517	832	4116	509	843	4116	518	844	4116	516	843	4116	520	844	4115	513	658	206	208	203	204	201	203	209
203	200	272	224	280	1407	317	423	1397	309	417	1387	311	424	1393	311	424	1396	315	426	1405	311	424	1392	304	426	1412	309	361	201	200	202	201	204	204	201
204	202	219	204	219	430	224	249	435	224	245	432	228	245	443	227	247	437	224	248	428	225	244	427	224	248	436	220	236	205	202	204	203	205	204	206
201	204	214	203	207	264	208	213	274	210	217	272	207	215	266	209	215	268	207	214	268	205	216	268	208	214	271	206	214	205	200	204	207	202	205	205
207	203	213	208	208	234	205	210	243	205	214	241	195	212	245	205	212	246	207	209	246	204	207	242	206	211	241	207	203	204	200	203	205	200	199	201
201	199	204	206	205	234	206	211	234	207	210	233	205	207	231	205	210	232	204	208	233	207	205	232	202	210	233	203	209	206	206	205	203	199	203	206
204	206	208	204	208	235	206	209	240	203	212	239	205	207	236	203	211	239	204	207	240	207	206	237	205	199	240	205	207	208	201	201	208	201	205	205
205	202	215	208	212	363	218	231	366	218	236	371	217	232	364	220	236	373	220	233	361	217	236	368	216	232	363	217	228	205	204	203	204	200	205	200
201	202	308	231	323	1985	364	531	1996	364	528	1996	367	536	1992	363	524	1999	366	535	1989	373	533	2008	371	537	1993	363	440	208	204	203	205	204	200	210
202	201	247	212	245	849	264	329	849	265	329	863	266	331	860	261	327	865	270	330	861	265	333	863	268	333	848	267	296	204	199	201	203	203	200	200
205	207	246	210	221	468	225	250	464	230	254	462	226	257	466	228	254	471	229	253	463	226	263	467	226	253	468	233	245	229	205	207	227	204	206	229
205	203	209	207	207	264	209	213	262	210	212	268	204	217	261	208	213	264	207	212	259	206	212	264	208	212	265	199	209	211	203	200	206	203	203	209
198	202	203	200	208	258	208	217	255	207	212	259	209	217	260	211	215	263	202	215	263	204	212	260	208	216	261	208	207	206	205	203	200	205	200	198
201	203	212	203	212	470	227	255	477	229	254	476	228	263	477	229	254	471	231	263	484	229	261	481	235	261	474	234	225	207	205	202	206	204	203	207
205	210	236	206	211	340	216	230	342	219	228	343	218	223	346	221	231	347	217	228	339	215	227	350	214	226	341	215	219	230	208	208	233	203	205	228
204	204	209	201	205	249	208	212	260	208	215	263	207	213	256	210	213	258	208	210	257	212	211	262	207	214	263	207	208	206	205	204	203	204	204	206
202	199	207	199	202	229	204	206	230	204	209	227	202	207	223	204	207	227	206	209	231	203	209	230	206	211	231	206	205	205	202	206	201	202	204	201
202	205	207	201	204	224	205	203	226	204	205	224	204	210	226	208	209	226	207	208	220	206	206	226	206	205	224	203	207	206	199	202	206	201	200	207
205	202	204	201	203	223	204	207	221	204	207	230	204	203	218	204	213	220	202	205	224	207	207	221	208	206	227	206	200	207	202	202	207	202	201	205
209	205	206	203	205	228	204	210	225	206	207	227	201	209	228	205	208	228	203	205	228	204	208	229	208	207	228	203	206	207	201	202	203	201	202	207
203	203	209	201	204	234	203	209	231	204	211	230	206	208	233	207	209	229	199	206	233	205	206	234	205	206	234	202	209	208	203	202	207	201	200	204
204	205	212	202	208	242	206	212	247	212	209	245	208	212	244	206	212	244	207	213	244	205	210	246	205	211	246	208	210	210	204	205	209	200	201	208
201	209	221	202	208	252	207	206	249	204	214	248	207	211	255	209	215	249	210	209	250	207	211	251	206	210	251	208	209	209	209	206	207	204	205	209
201	205	210	202	204	247	213	210	244	206	207	245	210	210	245	204	212	249	207	210	240	203	210	242	204	213	245	207	204	209	202	205	208	202	201	206
207	211	230	206	213	283	209	219	272	211	218	283	212	215	279	209	218	276	211	217	279	212	213	277	206	218	276	206	213	221	206	206	222	203	207	220
204	203	219	205	210	305	213	221	302	208	224	305	212	227	300	209	222	303	214	220	311	209	223	306	211	220	300	213	215	204	200	201	204	202	201	211
200	205	211	205	204	269	210	215	265	209	216	268	208	213	271	210	216	273	211	215	262	211	219	274	206	215	272	209	207	214	205	204	208	203	201	207
203	200	214	201	206	258	210	208	263	205	214	259	206	212	260	206	215	259	207	216	255	208	213	258	208	214	261	211	208	205	204	206	201	202	203	199
204	202	205	203	205	242	207	213	246	204	208	247	206	210	247	203	208	250	205	211	247	208	213	245	205	208	248	204	206	205	202	203	200	204	201	203
201	202	209	206	207	254	208	213	260	206	216	253	205	210	250	206	206	252	202	212	253	205	211	249	207	216	253	208	208	203	202	204	205	204	201	204
207	206	278	223	283	1443	309	428	1421	316	431	1438	321	431	1439	319	425	1443	322	446	1453	319	432	1446	319	437	1435	313	362	206	201	199	205	203	202	204
204	200	281	227	290	1527	329	455	1533	324	451	1529	333	457	1552	324	451	1543	329	449	1543	330	450	1549	330	458	1530	318	378	202	201	203	199	204	200	198
207	202	233	209	232	646	249	283	647	246	283	635	244	288	633	245	290	631	244	285	643	248	287	650	242	288	646	249	262	203	203	201	207	202	205	204
205	204	224	204	219	405	225	241	412	227	244	408	219	242	401	223	245	404	223	248	412	219	242	405	223	237	402	223	228	213	204	208	215	203	211	217
203	210	217	202	207	262	206	214	260	211	215	266	207	211	267	209	218	267	212	213	268	208	210	268	210	215	259	211	209	207	203	208	212	206	202	212
202	203	211	204	213	260	208	211	254	204	212	255	211	211	251	208	211	259	206	212	256	209	211	258	210	215	256	209	207	211	202	200	207	201	202	211
200	204	269	216	273	1323	309	418	1349	311	409	1336	308	405	1338	305	406	1359	316	415	1354	307	420	1343	310	421	1340	308	351	204	203	201	206	201	198	205
201	206	361	243	373	2825	449	690	2856	436	709	2874	448	697	2850	438	699	2871	451	709	2864	442	710	2875	445	700	2868	450	559	207	204	201	209	203	205	211
203	205	296	223	286	1425	315	440	1419	318	444	1430	319	430	1438	315	438	1443	322	443	1425	318	438	1423	321	437	1445	313	370	226	209	207	224	206	208	222
204	203	225	205	229	638	241	289	637	246	288	631	247	289	632	245	288	635	241	290	634	246	287	634	248	286	627	245	260	202	205	202	200	206	198	202
200	204	209	206	214	355	220	232	357	217	230	355	220	235	357	219	231	353	216	236	351	214	231	360	216	232	353	218	221	202	200	202	196	202	203	200
204	203	219	207	213	294	207	225	294	210	223	299	211	218	293	212	219	296	213	220	294	213	219	290	211	220	294	211	217	218	204	202	210	201	207	214
203	205	206	203	203	252	211	212	254	207	213	258	209	212	255	212	213	258	210	212	257	205	212	255	216	211	257	206	212	204	199	202	203	197	204	206
205	203	224	203	208	276	209	215	275	210	217	271	212	211	273	210	214	269	206	217	273	204	204	273	210	214	270	209	214	224	203	206	219	201	205	217
205	204	219	200	207	290	209	222	295	212	213	294	213	216	288	211	222	289	212	224	290	213	222	295	211	219	292	214	212	212	205	204	214	204	204	209
203	204	220	205	217	393	218	246	393	220	239	388	219	241	391	223	246	392	219	239	398	222	240	396	221	244	395	219	227	212	205	204	209	205	205	212
204	202	350	241	369	2844	426	663	2872	423	658	2843	432	648	2843	426	648	2822	426	664	2853	427	662	2871	429	669	2851	423	522	206	205	203	204	204	204	206
203	198	1130	445	1266	4084	1832	3405	4084	1793	3441	4083	1819	3438	4083	1791	3443	4083	1815	3476	4084	1832	3471	4084	1831	3448	4084	1832	2425	206	202	202	209	203	206	213
200	204	735	347	795	4095	1088	2045	4095	1094	2078	4095	1105	2068	4095	1087	2059	4095	1119	2097	4095	1113	2077	4095	1109	2063	4095	1116	1453	212	202	200	213	203	203	211
208	203	390	248	406	4094	496	792	4093	500	808	4092	499	806	4091	495	804	4092	505	805	4090	498	812	4092	509	796	4090	493	613	215	201	203	211	204	203	210
202	202	278	222	284	1416	316	421	1426	316	431	1450	315	423	1431	315	433	1424	308	426	1414	314	444	1418	313	429	1440	319	353	205	204	203	208	199	202	212
204	205	212	203	208	367	216	232	362	227	232	359	219	233	364	221	235	355	220	230	360	217	232	365	218	234	360	214	220	205	201	203	203	202	205	203
207	209	231	202	208	275	212	215	280	208	210	281	209	217	277	209	214	277	211	217	278	213	221	278	209	218	275	217	215	226	204	207	225	204	208	224
204	202	211	206	206	247	203	213	248	207	208	241	209	206	244	208	211	249	203	212	245	205	209	244	203	210	246	211	209	204	206	202	206	203	206	205
204	207	216	206	207	246	206	212	248	210	213	252	211	214	251	205	210	254	208	212	255	203	211	251	208	213	249	208	209	210	202	205	212	202	206	216
205	199	207	201	208	232	206	207	235	206	209	232	203	208	232	199	203	230	201	209	234	210	207	234	203	205	230	207	208	208	207	202	205	199	205	206
205	206	206	205	206	225	204	203	227	201	209	228	204	207	225	208	206	225	206	205	222	201	204	220	203	202	223	200	207	204	199	204	202	203	198	207
202	208	220	199	204	227	201	209	232	203	208	236	204	206	233	207	211	237	205	208	234	205	207	237	205	206	240	206	208	214	206	208	214	205	199	217
207	204	215	206	204	229	207	206	232	208	208	228	206	204	229	210	196	229	206	206	227	204	210	231	204	210	233	202	207	213	203	204	211	202	201	210
201	199	209	202	203	226	209	209	222	206	208	219	204	207	224	201	206	221	203	209	220	203	203	223	203	204	221	202	208	204	203	200	200	198	203	207
207	205	246	207	213	270	208	214	265	208	218	265	205	215	263	208	212	259	208	215	258	209	214	263	207	210	263	208	213	244	207	208	244	206	210	245
206	203	214	201	209	255	211	211	251	203	215	250	207	209	255	204	210	251	205	215	252	207	212	256	203	211	250	208	210	216	202	205	209	203	207	215
206	204	257	214	257	1013	277	361	1037	283	360	1033	278	353	1040	282	364	1020	283	363	1029	290	363	1038	285	361	1035	277	318	207	205	204	212	202	205	209
198	205	227	207	231	623	246	291	639	242	285	636	249	287	640	242	289	642	244	289	639	246	285	626	248	287	638	242	263	205	202	200	207	201	201	206
211	205	221	203	215	384	218	237	369	215	233	365	212	235	371	217	235	377	220	239	365	216	237	369	217	234	371	226	225	208	200	205	208	205	205	215
205	205	207	205	207	279	210	216	283	212	218	285	213	219	285	214	217	280	211	220	287	210	220	285	211	216	283	211	216	208	205	204	203	204	206	208
203	205	213	204	202	234	207	208	232	205	205	230	206	210	234	203	211	231	209	210	232	204	207	235	203	208	233	207	209	210	204	203	204	203	200	211
198	204	212	203	204	220	201	202	217	206	206	222	206	207	224	207	205	223	204	207	224	207	208	226	203	207	225	202	204	206	200	201	207	199	202	208
203	204	207	207	211	224	203	205	224	203	204	228	210	208	223	210	206	224	206	208	227	205	208	222	205	206	229	204	205	208	200	202	209	205	204	208
201	202	202	203	205	222	200	209	229	206	212	223	204	203	223	201	207	221	205	210	224	200	204	224	209	208	229	205	208	202	200	206	201	201	204	203
203	204	218	204	204	229	207	208	230	203	215	230	202	209	232	201	206	229	203	205	230	202	207	229	202	207	230	206	210	212	203	203	214	205	202	218
199	204	210	199	205	226	209	206	226	204	205	226	202	209	224	202	206	223	203	207	227	205	204	225	202	205	229	203	204	207	202	203	208	203	200	209
201	203	212	203	204	224	205	210	225	204	209	223	202	205	226	200	205	224	205	206	222	208	207	224	201	207	224	204	209	209	206	202	207	202	206	213
203	204	207	198	202	222	206	206	221	201	208	224	208	206	223	203	210	220	206	208	218	205	208	221	203	208	223	204	205	205	204	202	204	202	205	203
206	204	204	201	205	234	207	211	229	205	206	231	206	206	234	203	209	233	202	209	229	208	208	235	205	209	235	208	207	201	201	200	203	201	198	204
206	203	211	206	210	255	207	214	260	204	214	257	209	214	257	207	211	250	210	212	247	208	215	258	204	213	253	207	212	205	204	205	208	204	203	210
203	200	241	211	249	828	259	319	827	267	322	829	259	322	834	262	318	835	258	323	838	263	315	832	259	330	832	260	291	205	206	201	201	204	200	210
206	207	270	218	273	1169	295	391	1157	295	387	1177	296	389	1175	294	382	1183	296	388	1181	294	390	1156	298	388	1168	294	337	215	204	207	212	207	205	210
204	209	374	243	379	2855	442	688	2862	447	705	2861	449	694	2849	444	689	2868	445	708	2873	447	691	2853	442	702	2876	445	554	222	205	204	223	206	208	222
202	203	284	223	292	1504	333	454	1527	328	447	1542	327	447	1532	326	449	1526	328	458	1528	330	449	1522	332	447	1512	327	379	204	198	202	202	202	203	207
201	204	238	214	241	696	246	297	706	251	299	703	252	298	697	249	295	701	249	296	705	248	300	710	250	299	699	245	271	207	199	201	207	202	202	212
204	201	222	211	223	450	226	248	463	230	250	453	228	253	450	225	250	452	231	256	455	218	260	461	228	249	457	225	244	205	196	203	202	203	204	207
202	206	221	206	205	259	206	213	266	210	214	266	206	216	260	209	217	267	208	213	267	212	211	263	208	216	263	207	211	216	203	206	213	203	206	214
206	204	205	200	203	225	204	208	221	202	206	221	204	205	226	204	204	222	204	205	224	206	205	218	203	208	217	202	203	205	202	203	207	203	202	203
201	202	203	202	206	219	202	208	215	205	205	216	203	204	214	203	204	216	201	207	218	201	203	218	202	201	218	205	202	206	208	204	202	204	201	206
201	203	208	205	206	220	204	207	227	203	204	226	208	203	221	203	204	218	203	207	223	205	207	223	202	208	225	203	204	209	202	206	207	200	201	208
204	199	204	200	206	216	202	201	215	202	206	211	203	206	211	202	203	217	204	203	213	201	207	215	198	206	213	202	202	198	199	205	203	203	206	206
203	203	215	201	213	303	213	223	308	209	221	299	215	220	315	208	219	308	212	222	305	209	222	307	213	222	309	215	215	211	203	203	212	204	200	212
202	204	248	212	245	836	264	323	833	263	320	824	260	320	828	259	323	817	259	319	840	257	320	831	265	324	827	258	285	214	203	204	213	202	204	215
204	204	223	207	217	394	219	240	393	221	239	398	218	235	391	222	240	387	221	238	400	221	241	397	222	241	393	220	229	210	208	206	207	202	203	212
202	204	215	208	211	293	204	220	305	213	221	298	214	224	297	208	222	301	209	213	300	212	215	306	212	222	301	207	215	209	202	203	209	203	203	211
206	211	252	209	212	296	216	221	293	212	225	298	211	219	298	211	228	294	209	221	300	210	220	295	213	221	300	210	218	246	210	213	249	208	207	240
199	202	210	204	205	219	205	208	224	204	211	225	200	203	225	204	206	222	202	206	219	193	208	222	204	205	226	205	206	209	201	206	212	204	204	208
206	206	221	204	206	228	205	210	231	203	210	228	203	207	230	204	208	230	205	206	238	203	206	234	204	207	229	206	211	220	207	207	218	205	207	222
202	202	204	202	203	212	198	202	215	204	204	215	203	200	219	203	211	215	201	204	214	201	205	216	202	205	212	203	205	207	199	203	206	208	202	207
200	204	205	200	201	211	202	198	212	199	202	212	202	207	209	202	201	212	203	207	208	203	207	210	200	205	211	206	199	204	201	205	206	203	200	207
201	211	225	205	208	257	210	212	253	211	211	258	208	212	260	205	211	260	206	214	254	205	211	260	206	213	252	207	211	224	204	207	223	203	207	223
202	201	207	204	205	232	206	207	229	204	206	235	203	206	236	207	205	236	204	208	228	208	206	231	202	209	228	203	206	205	208	202	206	202	206	203
202	201	207	202	206	221	202	207	230	205	205	233	205	210	222	208	206	231	207	208	225	204	207	226	204	210	231	203	206	203	208	199	199	202	204	200
203	205	224	205	205	237	205	207	237	200	210	237	204	198	239	205	206	237	205	208	233	213	206	243	211	213	243	203	203	227	207	205	224	207	204	229
202	201	217	193	205	219	210	207	220	203	205	223	205	207	227	205	207	221	206	207	223	203	208	222	202	200	222	203	213	213	205	203	213	204	201	211
196	205	208	204	200	214	202	197	215	203	204	218	206	206	216	199	206	216	200	203	218	207	206	221	201	207	219	203	208	205	204	203	206	201	202	208
204	203	215	205	206	266	206	212	262	206	210	267	206	213	264	211	211	264	207	211	265	205	218	266	212	220	264	208	214	202	204	204	207	204	205	207
208	206	219	205	208	279	206	212	276	210	211	278	211	219	278	207	216	276	206	221	277	213	217	278	210	213	285	209	216	214	206	206	208	202	207	210
200	203	209	200	204	242	205	208	241	207	208	237	208	209	238	208	211	239	202	209	241	206	207	241	210	210	241	208	209	209	203	205	208	202	202	203
201	202	208	199	200	224	204	209	223	206	208	224	203	201	228	206	202	230	205	209	224	205	204	227	205	206	225	204	207	201	205	205	203	202	208	202
206	204	206	201	204	221	203	204	220	202	208	216	205	201	220	202	202	219	204	205	220	204	203	217	204	206	223	202	203	205	201	201	206	201	205	201
204	204	213	200	207	225	200	208	213	201	207	217	205	208	221	206	203	223	202	207	218	202	205	218	204	206	222	200	201	215	201	204	211	201	207	214
201	205	215	200	205	215	201	207	219	202	203	218	201	204	218	204	204	220	203	208	213	207	208	219	204	209	217	202	206	208	201	204	208	200	201	209
201	203	205	202	203	213	206	203	216	201	202	209	203	204	210	201	200	214	204	203	211	205	202	211	201	204	209	202	202	198	201	202	201	199	206	205
201	200	204	204	199	207	205	201	213	203	206	215	203	206	214	204	206	213	206	210	211	202	206	214	203	205	215	198	203	206	207	202	202	203	201	207
204	206	208	202	206	219	204	207	222	203	205	220	201	204	219	208	199	220	203	209	220	202	204	221	206	202	217	206	207	211	201	206	210	203	206	211
201	198	201	202	207	224	203	207	224	198	208	226	206	204	229	205	209	227	202	206	229	202	208	229	201	206	225	205	201	200	202	205	199	204	203	202
202	203	206	203	201	219	203	208	219	208	204	218	201	206	216	206	194	216	205	203	218	204	196	214	205	208	218	205	204	207	200	206	203	201	198	205
200	205	207	196	205	215	204	200	217	203	206	216	205	207	218	202	203	216	203	205	219	203	206	215	201	207	214	203	204	202	202	202	207	203	202	205
202	203	206	202	204	214	204	206	217	206	205	214	204	209	214	204	206	215	204	208	218	202	206	216	206	204	215	202	209	205	201	202	205	204	202	207
200	198	205	205	207	213	201	205	215	205	201	216	201	205	215	204	201	215	205	203	218	204	201	215	203	206	212	204	200	204	203	203	207	204	203	211
203	199	205	201	204	209	203	202	211	209	203	211	200	205	209	204	201	211	207	201	213	202	203	208	201	206	212	207	206	206	204	204	208	202	205	206
200	205	205	202	203	211	202	206	211	205	202	212	203	202	213	206	200	211	202	205	209	205	201	214	203	205	211	202	204	204	205	203	205	206	207	207
200	201	203	204	201	206	201	200	210	202	205	209	201	205	205	207	202	210	201	204	206	201	206	206	204	203	212	200	211	202	203	199	201	204	202	199
199	202	206	200	204	212	205	206	215	199	203	215	204	204	220	201	209	216	205	205	214	203	203	215	202	202	214	202	202	206	201	203	202	204	204	208
200	199	203	199	205	216	201	202	213	202	206	216	204	205	214	205	203	217	204	203	213	200	207	213	206	207	217	205	205	204	202	203	203	201	202	202
205	204	217	203	204	220	205	204	218	206	206	219	203	207	216	200	206	218	202	213	219	202	203	216	209	207	221	207	205	217	200	205	210	194	203	213
199	205	206	202	204	206	204	204	207	208	201	208	202	200	212	201	200	211	204	201	211	204	197	210	202	206	211	201	200	203	203	204	205	201	203	203
202	201	205	201	205	213	200	204	214	202	206	211	201	204	206	206	207	214	200	205	210	202	204	210	202	205	211	200	208	206	201	205	204	206	201	206
201	204	209	205	204	220	205	205	221	205	206	215	207	205	221	207	206	222	204	206	222	203	206	219	205	204	217	203	208	216	203	204	210	202	201	213
207	205	219	204	207	222	203	205	226	200	206	226	203	207	227	208	206	221	203	202	228	203	205	221	203	207	223	204	202	221	206	203	217	205	209	224
203	203	217	202	206	219	206	205	218	202	204	220	205	205	220	202	204	219	205	207	220	203	202	218	206	202	221	202	202	217	206	207	212	206	204	198
202	199	206	207	202	211	205	203	210	201	202	213	203	204	211	202	202	207	201	204	207	204	203	210	200	204	209	204	206	205	204	198	211	203	196	207
202	203	205	201	204	207	201	202	208	204	205	209	201	203	209	202	201	213	203	205	208	200	202	208	206	204	204	200	203	207	200	202	203	208	204	206
201	207	225	201	210	223	210	204	225	205	211	224	206	211	225	206	209	228	207	206	227	204	209	226	205	210	226	202	212	221	204	209	222	205	211	228
204	202	200	198	197	208	203	202	209	200	203	206	201	201	206	206	205	205	202	209	206	201	199	209	203	199	208	205	204	205	201	203	204	200	202	204
202	202	200	202	202	205	203	205	202	202	202	205	202	204	203	202	203	208	200	206	207	201	203	207	206	204	210	202	208	203	204	204	202	201	203	200
202	204	200	203	206	211	204	207	212	203	205	204	207	204	206	207	202	210	202	204	211	204	206	208	208	203	209	202	202	203	203	199	204	202	201	205
201	201	200	204	200	208	204	204	209	204	203	208	205	204	212	205	200	205	206	207	205	203	201	205	203	202	207	202	205	204	204	201	203	205	204	201
200	206	214	202	206	216	207	202	215	202	203	219	204	209	219	203	203	214	206	204	216	202	205	218	205	206	219	202	207	212	202	208	212	203	205	214
200	202	210	203	200	211	202	205	210	203	206	209	203	206	209	200	203	209	203	201	216	204	206	210	201	203	211	204	204	210	204	199	208	207	201	204
200	204	201	199	204	210	198	206	204	204	203	211	201	205	213	205	203	212	204	203	211	206	201	206	201	206	209	200	205	205	205	201	202	201	206	201
206	212	233	206	208	236	203	212	234	206	212	236	204	208	235	204	207	236	208	209	232	204	208	235	204	212	236	208	206	231	205	206	230	207	206	236
205	201	198	203	200	206	207	203	207	205	202	206	200	202	208	204	203	205	205	200	208	203	204	206	204	204	209	200	203	208	203	204	202	205	199	205
202	204	204	201	203	204	203	201	204	202	204	210	199	200	210	202	204	211	207	205	208	200	204	206	197	202	205	204	202	200	200	200	202	201	201	203
207	204	226	204	208	228	208	205	235	203	206	230	206	209	233	204	206	231	206	206	233	206	208	231	204	206	235	202	210	227	207	209	227	203	203	223
203	206	215	201	207	223	202	206	225	206	205	225	201	205	221	203	205	228	207	211	219	207	204	217	204	207	220	203	207	207	201	203	207	203	202	204
205	198	210	199	204	223	204	205	222	208	204	222	203	208	228	201	204	225	205	204	224	202	204	221	206	208	220	204	207	207	201	205	204	198	200	202
199	199	202	204	202	214	206	211	212	201	205	210	205	205	209	208	205	213	205	205	209	203	203	210	204	202	207	210	202	200	199	201	199	197	201	197
201	203	202	199	201	216	203	204	214	205	205	218	204	205	221	206	203	215	201	204	219	202	201	218	204	206	220	203	201	202	200	202	204	200	201	206
203	204	207	203	203	226	207	209	223	204	203	227	204	209	227	202	204	228	205	202	230	204	209	225	211	207	224	203	205	205	203	205	207	204	203	204
202	204	220	206	210	372	219	236	371	215	237	380	223	238	379	220	233	376	222	235	377	216	232	382	218	232	370	212	220	209	202	205	208	198	205	209
201	201	277	223	284	1434	324	434	1467	315	435	1469	322	427	1454	315	433	1467	324	436	1459	322	435	1469	323	435	1457	322	368	203	203	204	205	199	200	207
203	202	250	210	243	880	277	330	883	268	334	883	268	328	885	261	327	870	276	333	869	264	332	883	269	332	872	266	300	210	204	205	205	204	205	210
200	205	226	214	227	577	240	277	579	238	279	574	236	277	581	240	271	575	235	275	562	235	273	565	236	271	563	239	258	207	200	201	202	202	201	203
198	203	225	206	218	428	220	246	426	224	245	435	223	248	426	222	245	424	225	247	425	225	241	435	225	246	430	218	237	211	200	203	205	202	208	209
204	203	219	203	211	308	212	223	306	211	225	310	210	223	308	209	232	307	217	223	315	209	223	308	211	222	302	209	219	214	204	205	210	204	202	214
201	204	205	206	202	224	208	205	225	205	211	223	204	208	226	205	208	223	207	203	225	206	205	226	207	208	225	205	206	208	202	203	208	201	202	207
205	208	216	201	206	219	203	203	223	204	207	224	206	205	221	205	204	222	204	207	225	203	206	226	204	208	222	204	207	217	206	202	211	202	204	212
199	206	206	201	202	220	207	208	221	206	204	212	202	207	221	202	206	218	200	210	222	200	205	224	207	204	222	205	212	208	205	203	207	198	203	207
204	208	217	206	205	234	206	204	232	206	210	231	208	206	235	207	207	235	203	206	231	203	207	229	201	210	232	201	205	215	206	206	218	204	205	217
202	205	208	204	204	231	203	207	225	203	209	230	204	205	227	209	209	229	204	206	230	203	209	225	207	203	229	204	210	205	203	201	206	201	203	205
203	208	220	204	214	385	222	236	395	218	241	402	224	242	393	224	242	397	224	241	397	214	236	386	217	237	397	227	229	206	203	206	205	204	205	214
202	203	212	203	209	342	216	229	344	215	231	346	217	233	344	213	232	348	219	228	348	214	232	346	216	234	334	215	220	209	200	204	204	197	206	201
203	204	213	206	209	291	209	221	291	208	217	299	208	220	297	211	225	297	212	218	293	212	223	295	210	217	296	212	215	213	208	206	205	207	207	213
205	206	207	205	206	256	204	214	251	211	214	258	206	214	262	208	208	256	206	217	254	207	213	257	206	211	251	206	209	205	202	198	210	202	202	210
202	204	208	207	205	240	205	211	238	208	211	242	207	208	241	207	205	242	208	212	235	201	209	239	204	211	237	203	206	205	205	204	206	200	206	209
198	205	201	206	203	210	200	206	211	207	204	210	203	206	209	205	204	210	205	202	210	200	204	204	208	203	210	207	202	203	204	200	202	201	202	200
199	205	204	204	199	212	203	201	216	202	204	216	202	208	215	204	206	217	201	205	210	201	205	216	205	204	209	207	204	205	202	202	207	202	203	212
199	202	209	203	203	217	205	209	217	204	202	217	198	205	217	203	205	219	206	205	214	199	205	216	203	205	217	202	204	211	194	200	209	203	203	205
199	204	204	202	204	209	201	204	209	204	206	206	205	206	210	200	203	207	204	203	210	203	212	210	198	202	210	204	203	201	204	202	206	200	200	203
201	205	200	201	201	202	205	206	204	204	205	208	200	206	203	201	201	200	203	207	206	205	206	208	201	203	205	201	202	204	203	203	202	199	201	202
201	201	209	203	202	213	203	207	211	201	204	212	201	206	211	204	205	213	205	206	210	205	206	212	206	202	211	203	202	210	202	205	207	202	200	205
204	203	205	203	198	206	205	202	211	201	205	207	203	205	209	207	199	205	203	205	206	205	199	204	205	201	205	200	205	209	200	201	205	203	202	204
201	201	204	201	205	205	202	201	203	199	203	207	201	203	206	201	201	200	200	201	207	199	205	206	203	201	202	202	202	201	206	199	202	203	201	202
202	200	199	196	205	210	199	203	210	204	205	209	203	205	212	203	206	209	206	204	209	203	202	209	204	200	212	202	201	203	200	202	204	200	204	203
204	202	202	201	202	209	200	202	211	203	205	209	207	202	207	202	207	214	200	204	211	200	200	217	200	205	212	207	204	204	213	202	200	200	203	199
206	204	213	201	201	219	204	203	222	204	206	220	200	203	221	204	204	216	200	202	217	203	204	220	203	205	216	205	207	215	206	204	213	206	202	217
201	203	212	201	207	222	204	204	218	202	198	216	205	204	211	202	204	214	202	202	215	204	202	215	201	204	216	202	203	211	202	201	218	202	206	211
201	199	207	204	202	209	203	205	209	202	202	207	201	203	208	203	206	211	200	204	213	205	204	208	203	205	209	205	202	205	204	203	205	203	200	207
206	204	213	204	203	212	204	207	213	202	208	214	204	205	211	205	203	210	201	205	216	203	206	215	203	204	214	202	204	212	201	203	211	201	203	208
202	207	216	205	208	227	206	206	224	207	205	225	206	208	225	206	205	223	202	203	222	204	202	224	207	205	221	201	209	221	204	208	220	205	204	217
203	205	212	206	204	209	203	201	212	204	206	211	205	206	209	204	204	211	205	207	215	201	203	211	206	205	211	203	204	213	201	203	207	205	201	211
201	207	206	200	206	204	199	202	209	204	206	205	206	202	202	200	201	206	202	209	208	203	204	206	201	205	206	205	202	204	200	203	202	199	200	197
200	210	234	204	208	233	208	208	238	204	208	234	201	209	231	206	213	234	205	206	234	205	205	233	205	204	235	203	207	231	206	208	235	205	209	234
203	201	205	203	199	208	205	205	206	202	206	205	203	204	206	203	205	209	203	202	203	202	204	206	206	201	206	201	209	207	203	203	206	203	201	204
201	198	206	202	202	217	201	201	211	203	205	209	200	204	208	201	203	210	201	204	213	205	204	206	203	199	205	201	200	210	203	203	210	203	202	211
201	202	204	202	205	207	200	199	202	200	205	204	204	205	207	200	206	207	202	205	208	205	206	203	203	204	208	201	202	209	200	201	208	202	200	204
205	204	208	202	204	212	204	207	209	205	202	209	204	205	211	202	203	210	205	203	205	203	201	205	200	203	211	199	203	205	205	199	203	203	204	210
203	204	212	203	202	208	206	199	214	202	202	210	204	204	213	208	205	216	202	202	208	203	201	213	202	201	211	203	200	209	204	198	211	206	204	207
205	205	206	201	202	211	198	205	211	206	206	211	203	205	212	204	204	211	202	202	209	203	204	215	203	202	214	206	203	211	205	205	210	204	203	209
200	201	203	201	203	205	204	201	204	198	200	205	203	203	206	209	197	204	202	203	203	202	203	205	203	200	209	203	200	205	200	198	205	201	204	200
201	204	210	203	205	211	205	203	211	203	205	213	203	203	211	201	201	211	204	200	212	204	200	209	201	206	212	204	206	211	204	205	209	200	205	210
202	204	200	201	202	202	203	198	204	204	202	203	200	203	203	204	204	201	203	200	201	205	200	202	204	202	207	202	201	199	205	201	203	202	202	202
204	205	215	199	206	219	206	206	216	204	206	221	203	205	213	203	201	217	201	206	217	201	205	213	205	206	215	198	207	215	204	209	213	203	204	218
202	201	208	199	204	212	205	204	209	203	202	208	204	205	210	204	206	205	201	204	207	192	207	212	202	205	208	206	206	208	207	204	209	207	205	204
200	205	210	205	200	214	203	207	214	204	200	212	201	200	210	202	206	213	204	202	208	204	206	216	204	200	209	205	205	212	203	206	211	204	203	211
202	204	209	202	205	212	201	203	211	203	203	210	203	204	210	202	206	208	203	204	209	205	207	214	201	202	214	199	208	206	203	204	209	200	204	210
203	200	207	202	205	210	198	206	214	206	199	207	203	204	208	198	204	203	201	202	209	201	202	206	205	203	210	205	206	206	204	204	214	204	200	208
205	203	205	202	201	210	202	207	210	201	205	211	203	202	207	201	201	206	206	205	209	199	204	206	204	205	209	202	205	210	202	208	211	200	202	204
204	201	205	198	200	207	204	201	208	202	198	206	202	205	207	204	204	206	200	200	208	200	203	203	201	203	206	203	204	206	202	204	201	201	200	205
204	201	214	202	206	206	204	203	210	204	206	205	203	207	207	204	204	214	199	202	210	204	203	207	202	197	215	203	207	207	202	203	209	203	205	205
202	205	210	198	206	209	202	202	205	203	202	208	201	202	210	202	204	209	202	204	207	202	209	209	199	205	213	203	202	207	207	206	206	206	201	209
205	205	204	203	204	207	202	203	212	198	202	210	202	204	208	202	206	208	198	202	210	203	201	210	205	200	208	201	200	209	205	199	208	200	203	205
199	202	203	199	200	203	202	206	207	199	198	205	200	204	201	201	206	206	201	197	203	200	203	205	202	205	206	201	204	203	205	200	203	205	203	203
200	204	210	203	204	218	205	208	219	204	203	217	204	203	216	204	204	218	200	207	222	200	201	219	204	208	211	202	210	203	200	202	206	203	202	202
204	207	216	204	206	266	210	214	269	211	212	265	211	216	266	207	218	264	207	215	266	208	212	270	208	216	268	211	209	215	205	204	212	207	202	213
204	206	212	207	202	259	207	200	253	209	216	256	204	217	257	208	213	258	208	216	251	206	211	257	209	210	256	204	208	207	200	203	214	204	203	210
198	203	208	205	201	242	205	208	240	205	212	240	206	204	241	207	206	238	205	209	239	207	213	239	208	210	238	205	207	203	200	201	203	205	204	206
201	205	215	198	203	231	202	205	227	204	208	228	205	206	226	202	206	227	202	207	226	203	210	229	202	208	226	206	205	206	204	203	203	200	204	205
205	203	214	205	199	221	202	206	226	203	205	227	203	206	227	204	207	225	206	207	224	201	205	228	202	206	226	201	208	210	202	202	216	201	203	213
200	207	211	199	200	205	198	206	210	201	208	213	202	206	216	204	205	211	205	202	210	206	206	211	202	207	210	207	208	207	203	203	209	202	201	209
205	205	224	206	207	224	203	209	221	202	205	223	200	212	223	203	205	228	202	206	227	209	202	225	204	206	227	207	206	219	207	201	220	205	206	221
199	203	210	200	205	210	202	208	215	206	203	216	201	202	213	203	210	213	204	206	217	202	204	217	203	207	217	204	202	213	203	203	214	203	206	218
204	201	207	207	202	205	202	204	211	205	201	211	202	206	207	204	198	209	203	207	205	205	201	209	202	203	206	202	204	209	199	208	207	203	202	209
205	209	216	204	204	225	201	207	216	203	205	216	202	208	221	198	203	226	207	201	211	203	206	223	204	204	220	206	202	216	200	202	217	208	203	217
206	203	194	202	203	200	200	201	205	205	204	204	202	203	207	203	205	208	202	205	207	204	205	203	202	203	208	204	204	203	201	202	201	198	201	209
204	205	209	204	204	210	207	201	212	204	207	208	203	205	212	203	203	212	201	203	208	200	207	206	202	205	208	201	202	212	202	205	206	208	205	212
202	203	213	203	202	210	200	202	214	205	206	212	205	205	213	201	205	210	204	206	208	199	204	213	205	202	216	204	203	213	201	203	211	202	201	211
203	202	205	200	199	209	204	206	208	205	200	211	200	207	210	205	201	208	203	205	212	205	203	208	202	193	211	200	206	201	202	205	203	199	202	204
200	202	204	202	200	209	202	205	211	204	203	210	201	202	211	204	207	208	203	202	207	203	201	207	206	208	210	202	202	205	200	204	200	200	205	202
203	202	214	201	201	214	200	205	214	205	198	219	201	206	212	204	205	218	202	203	214	206	205	217	201	205	215	201	204	211	199	205	209	202	206	209
205	204	219	204	206	223	206	207	221	206	205	223	202	208	226	206	205	220	204	202	228	206	206	223	208	208	225	206	207	220	204	204	222	202	209	223
200	203	209	201	206	211	202	208	209	203	201	212	202	203	211	203	206	214	203	202	211	202	204	210	200	204	208	203	200	210	201	205	206	200	199	207
203	204	214	201	203	219	204	206	212	203	206	218	205	207	216	202	203	218	199	204	221	202	207	219	202	207	219	202	208	217	208	206	214	203	203	216
203	204	209	201	202	213	202	204	209	203	201	205	201	204	208	203	202	209	200	201	205	202	199	208	200	202	210	205	198	207	203	204	209	206	202	205
204	206	209	201	204	211	201	202	211	199	203	207	205	202	208	205	203	208	201	206	206	200	204	208	202	204	210	201	203	212	206	203	207	201	202	208
204	199	215	203	206	214	203	205	218	202	201	218	204	206	217	203	204	217	202	206	216	207	207	212	203	206	215	202	206	214	204	205	216	206	206	217
202	205	209	204	202	210	208	205	209	206	204	210	200	207	211	198	206	211	206	205	209	204	207	211	203	202	209	201	205	208	204	206	212	199	204	215
207	199	203	199	204	201	202	203	205	202	199	205	205	202	202	205	201	204	205	204	203	205	203	204	204	202	206	201	203	202	200	206	202	202	202	204
203	204	213	201	209	209	203	202	209	201	211	210	205	206	210	209	204	214	206	206	212	201	205	211	202	201	214	207	203	211	206	206	210	206	200	209
200	202	206	203	203	209	201	204	209	204	204	208	200	204	208	200	198	208	211	202	208	204	200	206	202	203	209	201	205	208	204	207	204	200	205	207
203	202	209	201	203	215	202	202	216	204	201	215	202	207	214	205	205	211	201	206	217	197	202	211	205	201	214	202	203	211	203	206	216	202	204	212
202	204	205	202	200	210	204	203	212	207	208	211	200	202	212	203	207	207	204	205	212	203	210	211	200	202	210	202	206	209	198	207	210	199	201	210
199	205	208	203	205	208	199	198	209	205	205	208	202	203	204	200	201	205	202	201	209	207	198	207	203	204	206	200	201	207	202	207	212	205	205	208
202	202	211	202	201	210	203	208	210	204	206	209	204	201	211	209	208	212	202	204	207	197	200	206	203	204	210	204	204	206	203	204	209	203	205	211
204	203	213	202	207	214	202	204	208	202	206	213	204	206	215	201	204	212	202	204	212	204	206	211	205	205	219	205	204	213	201	202	213	203	206	212
202	203	207	206	207	211	205	206	208	205	200	208	202	201	208	204	200	208	204	201	211	202	207	206	206	201	208	203	207	205	201	206	213	204	203	209
203	208	210	203	206	213	204	206	209	206	205	215	201	204	214	204	204	211	203	207	214	205	204	213	206	204	210	201	202	213	204	203	209	203	205	209
201	208	205	203	200	202	203	200	201	204	201	203	199	199	202	204	206	204	198	199	205	203	208	209	201	201	204	201	199	202	202	202	200	203	204	205
\machine::top.usb650:setup:su_maj_r1
0
1
1
11.000000
\machine::top.usb650:setup:su_z1
0
1
1
-1.000000
\machine::top.usb650:setup:su_phi1
0
1
1
157.500000
\machine::top.usb650:setup:su_maj_r2
0
1
1
11.000000
\machine::top.usb650:setup:su_z2
0
1
1
1.000000
\machine::top.usb650:setup:su_phi2
0
1
1
157.500000
\machine::top.usb650:setup:su_ft
1
1
1
50mm, P1000-2-UV/VIS EOS00019, 727-733-2447
\machine::top.usb650:comments
1
1
1
relative to track.
\machine::top.usb650:framing:frm_int
0
1
36
100
200
1000
100
200
1000
100
200
1000
100
200
1000
100
200
1000
100
200
1000
100
200
1000
100
200
1000
100
200
1000
100
200
1000
100
200
1000
100
200
1000
