\machine::top.usb650:setup:su_pixels
0
1
1
651
\machine::top.usb650:framing:frm_n
0
1
1
36
\machine::top.usb650:calib:wve_spec
0
1
651
350
351
352
353
354
355
356
357
358
359
360
361
362
363
364
365
366
367
368
369
370
371
372
373
374
375
376
377
378
379
380
381
382
383
384
385
386
387
388
389
390
391
392
393
394
395
396
397
398
399
400
401
402
403
404
405
406
407
408
409
410
411
412
413
414
415
416
417
418
419
420
421
422
423
424
425
426
427
428
429
430
431
432
433
434
435
436
437
438
439
440
441
442
443
444
445
446
447
448
449
450
451
452
453
454
455
456
457
458
459
460
461
462
463
464
465
466
467
468
469
470
471
472
473
474
475
476
477
478
479
480
481
482
483
484
485
486
487
488
489
490
491
492
493
494
495
496
497
498
499
500
501
502
503
504
505
506
507
508
509
510
511
512
513
514
515
516
517
518
519
520
521
522
523
524
525
526
527
528
529
530
531
532
533
534
535
536
537
538
539
540
541
542
543
544
545
546
547
548
549
550
551
552
553
554
555
556
557
558
559
560
561
562
563
564
565
566
567
568
569
570
571
572
573
574
575
576
577
578
579
580
581
582
583
584
585
586
587
588
589
590
591
592
593
594
595
596
597
598
599
600
601
602
603
604
605
606
607
608
609
610
611
612
613
614
615
616
617
618
619
620
621
622
623
624
625
626
627
628
629
630
631
632
633
634
635
636
637
638
639
640
641
642
643
644
645
646
647
648
649
650
651
652
653
654
655
656
657
658
659
660
661
662
663
664
665
666
667
668
669
670
671
672
673
674
675
676
677
678
679
680
681
682
683
684
685
686
687
688
689
690
691
692
693
694
695
696
697
698
699
700
701
702
703
704
705
706
707
708
709
710
711
712
713
714
715
716
717
718
719
720
721
722
723
724
725
726
727
728
729
730
731
732
733
734
735
736
737
738
739
740
741
742
743
744
745
746
747
748
749
750
751
752
753
754
755
756
757
758
759
760
761
762
763
764
765
766
767
768
769
770
771
772
773
774
775
776
777
778
779
780
781
782
783
784
785
786
787
788
789
790
791
792
793
794
795
796
797
798
799
800
801
802
803
804
805
806
807
808
809
810
811
812
813
814
815
816
817
818
819
820
821
822
823
824
825
826
827
828
829
830
831
832
833
834
835
836
837
838
839
840
841
842
843
844
845
846
847
848
849
850
851
852
853
854
855
856
857
858
859
860
861
862
863
864
865
866
867
868
869
870
871
872
873
874
875
876
877
878
879
880
881
882
883
884
885
886
887
888
889
890
891
892
893
894
895
896
897
898
899
900
901
902
903
904
905
906
907
908
909
910
911
912
913
914
915
916
917
918
919
920
921
922
923
924
925
926
927
928
929
930
931
932
933
934
935
936
937
938
939
940
941
942
943
944
945
946
947
948
949
950
951
952
953
954
955
956
957
958
959
960
961
962
963
964
965
966
967
968
969
970
971
972
973
974
975
976
977
978
979
980
981
982
983
984
985
986
987
988
989
990
991
992
993
994
995
996
997
998
999
1000
\machine::top.usb650:framing:frm_start
0
1
36
0.000000
0.218750
0.640625
2.703125
2.921875
3.343750
5.406250
5.625000
6.046875
8.109375
8.312500
8.734375
10.796875
11.015625
11.437500
13.500000
13.718750
14.140625
16.187500
16.406250
16.828125
18.890625
19.109375
19.531250
21.593750
21.796875
22.218750
24.281250
24.500000
24.921875
26.984375
27.203125
27.625000
29.687500
29.906250
30.328125
\machine::top.usb650:raw_spectra
0
2
651
36
203	199	200	201	202	205	198	199	205	204	202	204	200	200	204	197	200	206	197	201	209	197	202	202	201	201	206	207	200	199	199	202	203	200	200	203
198	198	208	203	203	211	202	201	210	200	202	209	202	202	209	193	207	212	199	200	212	201	204	212	199	201	212	200	203	209	198	199	209	203	205	208
203	200	197	201	199	201	199	204	204	200	200	205	197	201	205	201	199	210	202	200	206	199	204	204	200	199	205	198	200	198	200	199	201	197	195	199
203	201	201	199	201	206	199	203	211	204	200	212	198	204	211	200	202	212	204	204	208	202	198	208	201	204	206	204	202	202	200	199	203	199	200	202
202	201	211	200	205	213	202	202	212	206	202	216	205	205	212	202	206	216	199	204	218	201	204	211	202	202	216	200	202	204	198	199	206	205	202	206
200	206	207	201	201	225	200	202	221	199	206	221	202	209	223	204	203	220	207	199	223	202	203	222	206	203	224	200	204	218	200	205	210	205	200	209
198	202	210	203	197	216	205	204	221	200	202	222	198	206	221	202	210	221	202	205	220	201	205	218	208	207	221	201	201	207	200	200	208	200	206	207
195	201	198	203	199	217	202	202	213	199	201	217	202	200	215	198	199	218	204	201	212	201	207	212	200	203	219	203	201	199	198	200	199	198	202	201
201	202	219	207	204	235	203	208	234	204	206	237	206	208	238	203	211	238	202	205	238	205	209	232	202	209	232	203	205	215	202	205	215	203	198	215
200	201	203	201	198	216	202	206	220	203	206	215	204	203	218	201	207	212	203	206	218	201	203	218	204	204	215	202	198	202	204	201	202	204	203	204
197	205	205	203	205	218	204	206	215	202	205	218	208	202	221	200	200	212	202	204	218	201	207	221	200	204	220	204	201	207	201	201	203	203	202	205
203	205	204	202	202	212	204	205	214	200	202	216	207	201	212	203	204	214	201	201	213	199	204	209	200	203	210	204	202	202	202	203	202	200	199	203
203	204	221	211	208	230	203	204	232	203	210	230	206	205	228	205	205	233	206	205	229	206	207	229	203	207	230	207	203	220	203	205	220	204	204	219
200	201	203	204	202	207	202	201	214	199	204	208	198	200	212	200	199	210	201	205	211	204	203	213	203	205	211	204	198	202	206	202	200	202	200	203
203	205	218	200	206	227	209	207	230	205	207	234	204	210	228	204	203	230	205	206	224	201	206	231	206	207	233	203	203	218	207	204	217	205	207	221
203	204	207	201	202	214	202	204	222	203	208	214	201	207	216	200	203	218	204	203	216	204	209	218	202	205	215	202	201	208	199	204	205	205	197	204
202	202	200	205	201	215	207	205	214	201	206	215	200	207	219	201	202	214	206	202	215	205	203	218	201	203	215	206	206	204	204	202	202	202	203	200
199	202	200	204	200	215	204	204	226	202	201	210	203	207	214	199	203	217	207	205	213	205	206	216	203	202	215	204	203	200	195	202	204	198	202	200
202	202	201	201	202	214	196	204	214	203	202	216	202	205	209	204	207	217	203	203	213	202	205	212	203	206	212	202	198	201	203	200	201	202	201	200
204	199	205	208	203	217	202	202	216	206	205	220	202	206	221	205	206	220	202	210	215	201	206	217	204	207	217	202	204	210	201	201	205	204	203	204
193	203	210	204	201	220	202	208	225	205	205	224	206	204	222	208	208	220	202	205	226	202	206	220	201	209	226	202	202	207	202	202	206	202	204	206
198	203	202	202	199	220	203	203	222	201	202	219	203	204	221	200	208	227	205	204	227	202	204	229	206	206	228	203	200	203	200	200	202	201	202	198
201	203	206	201	204	241	209	211	237	207	209	245	206	209	248	204	213	245	206	209	248	209	211	253	208	209	246	206	203	205	202	205	207	200	204	204
203	201	206	204	205	243	205	212	239	210	211	251	205	209	240	207	208	242	203	210	242	204	211	242	207	205	243	203	207	208	202	201	209	200	201	210
203	204	214	196	204	232	206	207	232	205	205	230	206	210	230	207	206	232	204	209	232	203	207	231	205	207	228	203	207	214	200	204	213	203	203	213
206	205	228	203	208	256	210	214	255	208	213	253	209	211	256	207	212	258	207	212	260	208	212	258	207	214	254	207	211	222	206	207	224	207	207	225
200	202	202	204	204	246	210	213	255	207	210	252	208	214	244	210	213	248	208	214	255	206	213	251	207	210	251	207	206	202	198	201	201	205	202	199
204	203	206	199	202	257	208	212	263	208	215	259	205	217	256	207	216	254	208	211	257	208	211	260	204	215	261	210	209	208	205	200	207	203	204	208
208	203	228	206	205	272	208	219	274	212	215	275	208	216	277	212	218	275	209	215	277	208	214	275	209	220	277	209	213	222	205	206	222	203	210	223
201	201	207	201	205	253	210	211	257	205	212	253	207	211	255	207	214	257	209	210	253	208	215	257	207	217	256	207	208	206	203	202	203	205	205	203
206	201	207	204	202	266	209	216	274	209	216	276	207	220	278	205	217	272	213	212	277	207	213	278	208	217	278	213	211	207	203	204	209	205	201	203
206	201	203	204	202	262	208	213	270	210	219	264	207	217	269	209	213	262	210	216	273	208	217	264	205	215	265	211	208	204	206	203	205	204	203	203
201	202	209	203	207	273	208	217	285	213	218	282	209	214	279	212	218	277	205	217	278	212	223	280	211	219	283	212	218	210	204	206	209	200	202	209
203	206	220	204	207	302	210	223	306	209	226	307	211	224	300	211	220	301	209	223	302	215	224	302	213	222	303	216	220	217	206	210	219	204	209	219
202	197	209	206	200	334	216	227	332	217	227	343	217	225	337	218	234	340	216	233	336	216	229	339	217	226	338	217	218	202	204	202	204	203	209	206
207	203	212	202	207	338	215	228	333	215	228	346	221	227	338	215	231	339	215	236	347	215	230	343	215	233	343	217	219	204	206	199	207	207	209	205
204	204	208	203	203	331	208	225	332	218	231	340	214	228	330	218	229	331	214	227	331	218	225	327	218	223	336	215	214	204	205	203	205	203	198	206
206	205	215	205	202	328	218	232	333	218	230	338	214	226	337	217	232	331	221	223	330	219	230	331	217	230	336	215	214	209	203	207	210	204	206	207
202	204	203	203	204	293	212	220	299	213	218	305	214	221	298	215	220	293	215	222	297	214	222	297	213	223	299	210	212	200	204	203	201	204	200	198
202	204	206	202	204	261	209	213	268	210	214	270	205	216	268	206	217	265	211	211	273	209	214	269	213	219	269	209	210	206	203	208	206	204	202	202
205	205	208	206	206	258	206	210	258	207	210	253	207	218	259	208	210	262	212	214	261	211	217	261	208	214	260	207	206	204	203	200	203	204	206	208
204	204	214	206	206	278	212	219	280	211	215	278	214	215	280	210	221	281	210	217	282	212	221	280	211	220	281	208	213	208	206	205	207	200	204	206
208	205	205	200	208	321	216	230	333	215	225	328	214	225	331	216	225	334	213	225	329	211	230	333	216	227	330	215	216	201	203	202	206	201	205	202
205	202	207	203	203	324	217	230	334	214	228	331	216	231	334	218	229	334	220	227	332	213	228	344	220	231	329	217	218	210	206	201	207	207	203	205
202	204	214	206	208	359	221	238	370	220	235	375	219	234	376	220	241	367	220	238	374	220	240	372	221	242	368	220	220	213	202	204	209	205	201	211
205	205	203	206	212	307	215	221	307	217	225	302	218	223	301	214	220	306	214	226	308	211	223	306	210	224	312	213	214	203	203	204	206	201	202	205
203	207	204	203	206	302	211	220	306	216	224	304	214	220	309	214	226	306	215	220	308	211	223	309	211	223	314	214	216	209	207	201	208	204	203	208
202	206	209	201	201	285	211	222	291	211	221	292	209	218	289	217	222	295	212	223	297	209	219	292	212	218	286	211	214	206	206	204	207	201	201	208
204	204	208	207	204	283	214	218	282	211	216	283	213	217	286	213	221	285	207	220	284	214	220	284	214	218	288	206	214	203	199	204	203	200	201	206
203	206	214	201	206	309	216	224	312	215	234	311	216	226	310	210	226	313	217	228	304	216	225	312	217	226	311	215	214	208	204	205	207	200	201	208
202	203	213	203	211	396	224	247	413	219	240	411	223	238	410	221	249	418	226	249	408	224	245	412	220	241	410	220	225	205	207	203	204	202	205	199
206	203	207	207	214	452	227	256	466	229	252	471	233	251	460	229	252	468	233	258	469	225	255	468	226	254	462	231	233	203	203	202	203	204	206	201
205	206	214	208	204	383	219	244	399	220	235	401	221	242	393	217	239	398	223	239	402	220	245	397	219	240	399	221	223	207	200	205	206	203	204	207
207	206	215	209	209	468	230	255	485	232	259	491	229	258	489	232	261	491	231	261	491	231	263	495	232	257	490	235	235	206	201	204	209	203	205	211
203	204	216	209	212	524	233	271	555	237	274	547	238	269	539	238	275	548	240	271	557	238	275	565	234	268	545	236	241	207	204	202	207	200	204	207
205	206	220	206	215	410	224	247	423	224	244	425	230	248	424	224	243	421	228	248	425	225	246	421	223	246	419	225	229	210	206	203	212	204	204	208
203	201	210	204	212	530	240	270	556	240	273	564	241	273	553	231	277	549	240	276	570	235	279	551	241	276	557	241	240	205	200	200	202	204	201	207
203	203	215	206	216	613	241	290	652	242	290	651	245	289	662	243	294	657	245	290	669	248	293	663	246	292	656	247	248	204	206	205	206	201	207	204
202	207	210	204	205	429	225	248	437	224	252	437	225	254	442	222	257	444	227	253	444	225	251	433	227	254	440	226	228	209	205	203	207	203	203	202
206	204	215	208	210	427	223	249	428	230	253	434	225	244	431	231	249	434	226	254	434	225	255	441	225	246	440	226	233	206	207	202	207	203	207	210
207	204	209	203	205	450	228	260	463	229	256	463	225	252	470	228	257	465	226	257	467	225	258	462	224	255	464	227	229	205	203	201	202	203	203	204
207	203	208	201	203	340	218	234	347	216	234	341	218	232	346	222	231	344	218	228	347	213	230	348	214	231	336	216	221	203	202	203	198	200	202	201
206	207	213	205	209	404	222	242	417	223	245	424	225	249	413	222	246	422	226	248	417	223	249	427	222	249	412	226	227	206	200	204	208	205	204	202
204	205	208	206	205	393	223	239	403	221	245	412	221	244	405	220	250	414	220	243	404	224	245	410	222	243	410	223	225	208	204	200	211	200	200	210
198	202	207	205	209	338	217	234	358	218	236	350	219	227	348	220	236	354	219	235	352	216	235	346	214	236	351	218	223	207	199	206	208	200	205	205
205	204	223	207	219	767	258	314	792	260	324	795	260	315	792	259	322	795	260	322	809	259	318	787	260	319	788	263	275	210	203	204	211	203	204	213
204	207	220	209	214	586	236	282	610	235	283	610	240	287	613	246	281	609	237	283	598	240	285	612	240	283	604	241	248	208	204	207	211	205	203	211
207	206	221	205	212	441	224	256	447	223	247	444	225	249	452	227	252	452	226	254	445	227	249	457	226	250	444	227	228	211	206	200	209	203	205	212
205	207	225	206	217	629	247	291	639	241	284	650	244	286	643	243	287	646	246	292	644	242	286	641	241	291	638	249	251	209	203	203	211	200	207	209
201	208	232	208	234	1483	319	446	1528	326	444	1518	325	456	1547	325	450	1519	327	455	1524	323	445	1502	322	452	1502	320	352	207	206	204	207	205	203	211
202	203	222	207	226	957	277	356	963	277	350	994	280	354	971	275	362	971	278	353	980	280	352	982	274	348	968	275	295	214	200	202	209	203	210	213
201	202	218	204	212	488	232	259	497	232	263	496	233	263	499	238	260	499	231	262	504	227	263	495	237	260	499	230	238	206	197	206	204	205	206	204
204	203	216	207	211	702	253	308	731	260	307	732	253	307	739	261	306	740	253	308	736	253	310	742	253	313	748	252	259	211	201	203	211	205	206	205
205	204	214	208	203	533	232	269	555	236	269	562	237	271	555	239	273	559	240	275	555	236	274	567	238	273	561	236	242	206	206	201	209	204	206	206
205	193	211	204	211	415	226	246	424	222	245	416	224	244	426	224	248	427	227	247	417	227	242	425	225	246	417	225	230	207	200	204	210	202	202	205
204	208	227	209	225	1038	288	363	1078	284	372	1068	280	368	1073	286	380	1072	292	371	1076	283	372	1084	284	363	1080	280	295	206	206	202	207	205	202	207
203	204	224	209	235	1443	320	438	1517	326	453	1524	325	445	1507	322	451	1491	327	458	1531	328	447	1519	323	437	1506	320	344	202	205	203	206	203	204	206
208	211	253	209	228	1387	321	438	1483	321	447	1462	317	440	1462	328	442	1478	324	441	1479	320	446	1496	315	434	1489	317	337	223	205	209	226	201	209	225
202	199	219	203	218	702	251	302	729	255	309	737	260	301	728	252	303	740	256	311	743	260	306	752	254	309	741	254	258	204	204	203	203	201	211	203
201	201	223	208	219	670	246	293	689	252	298	687	252	302	694	250	296	698	251	302	691	250	297	697	249	300	693	247	260	208	206	202	205	205	206	207
206	203	220	208	217	597	239	288	604	249	286	614	242	285	615	238	283	616	242	285	624	246	287	604	240	284	606	246	247	202	205	204	203	204	204	209
202	205	211	204	213	434	226	250	445	227	250	440	230	247	440	221	257	453	232	253	444	227	253	444	226	252	452	221	230	207	204	206	205	202	203	203
206	208	244	213	218	790	258	320	814	259	324	826	259	319	831	259	326	819	263	325	831	262	323	829	265	320	816	258	268	234	207	207	227	206	209	230
200	204	233	208	227	1170	294	389	1193	296	398	1196	299	400	1214	300	392	1212	297	401	1219	292	403	1223	296	397	1215	301	311	216	203	203	212	206	207	216
203	207	243	209	264	4103	600	1045	4100	608	1064	4100	612	1064	4100	612	1087	4100	624	1082	4099	611	1082	4099	609	1055	4100	627	635	207	204	206	209	202	206	211
203	206	225	207	237	2287	390	611	2400	406	615	2448	406	615	2410	406	626	2440	407	626	2467	406	624	2456	408	615	2463	418	418	208	204	204	211	198	202	209
205	208	228	208	221	1204	300	407	1269	307	413	1286	306	396	1270	310	419	1284	308	406	1295	303	411	1293	304	410	1288	308	310	219	206	205	217	199	208	213
209	213	254	210	220	962	277	357	1017	281	357	1029	283	356	1023	286	364	1016	277	360	1029	278	364	1014	282	354	1025	275	289	247	208	212	242	203	213	243
205	209	215	208	216	644	245	291	668	241	296	669	245	297	681	245	297	672	251	296	677	251	295	671	251	292	680	243	252	205	204	205	209	205	205	208
204	207	217	213	221	1101	293	385	1141	286	384	1171	294	380	1152	292	389	1169	294	391	1162	296	377	1174	295	387	1183	292	291	206	203	204	205	202	207	206
205	205	213	208	216	840	266	336	889	273	336	887	269	331	893	271	336	901	269	342	900	268	337	898	272	338	901	272	272	205	203	204	209	198	204	207
204	202	221	208	218	813	261	320	827	259	324	845	267	322	837	265	337	842	264	327	847	267	332	849	268	326	858	270	267	213	200	205	211	202	204	212
203	206	219	207	238	2655	429	681	2801	438	701	2813	443	683	2834	433	708	2831	444	709	2836	444	696	2868	441	698	2849	444	453	206	203	205	203	207	201	206
206	205	216	206	219	1323	316	422	1378	317	430	1401	313	423	1397	320	433	1412	317	436	1399	309	439	1426	317	430	1415	316	329	202	204	206	201	203	203	204
200	206	213	205	211	610	249	288	639	243	288	637	245	286	630	245	291	636	243	293	626	245	291	635	244	281	636	244	246	202	202	204	203	203	206	202
203	207	218	206	209	359	221	237	374	216	235	374	220	233	368	221	235	372	220	234	371	220	235	367	221	237	364	218	227	208	205	203	207	204	206	208
204	205	221	207	207	350	217	234	356	221	230	355	217	234	359	217	228	356	217	230	354	214	231	354	220	230	355	220	220	208	205	206	212	205	206	219
203	205	216	204	212	547	235	279	556	238	270	556	242	276	567	240	273	561	235	275	555	236	276	562	238	273	564	236	236	205	202	206	204	203	205	205
205	203	213	202	210	503	234	264	507	233	261	504	235	261	507	234	267	511	232	264	523	234	264	504	232	262	515	228	234	205	206	206	209	206	205	206
202	204	216	203	202	385	222	245	394	220	241	395	222	240	397	219	241	394	220	244	397	228	237	402	221	236	406	220	228	208	202	208	210	200	203	211
204	205	219	205	214	490	230	262	512	234	267	498	232	258	511	226	261	508	225	264	516	232	262	512	231	255	511	235	240	204	205	208	205	202	207	204
203	207	223	205	212	483	230	260	490	234	260	495	229	256	489	232	261	488	230	254	490	230	260	496	231	259	495	228	235	208	203	202	212	203	206	211
202	205	214	204	211	425	224	247	434	224	246	429	223	249	434	223	246	426	225	248	434	223	247	433	228	246	428	224	233	202	203	201	206	204	205	204
205	207	222	205	219	499	234	262	522	236	264	525	239	267	516	235	268	521	230	263	529	234	264	514	230	268	520	233	234	213	199	205	208	206	206	209
204	203	223	208	223	1001	280	364	1044	287	366	1048	288	363	1047	283	372	1056	283	369	1050	286	368	1058	282	366	1047	288	292	205	202	205	207	206	208	206
204	203	225	209	214	583	247	282	606	243	281	596	245	284	604	238	287	604	239	286	605	242	287	610	242	280	603	245	250	210	201	203	211	203	205	208
208	210	228	206	218	473	230	261	481	233	257	491	230	267	477	222	259	485	227	260	486	229	260	475	233	258	477	229	231	212	204	204	209	203	204	209
205	204	229	207	213	795	261	323	843	260	325	848	265	322	835	268	325	854	266	322	855	260	330	852	266	328	847	260	266	205	205	205	212	203	208	210
201	201	229	213	229	1645	333	484	1756	344	493	1751	346	486	1736	343	500	1748	349	496	1767	348	498	1775	343	489	1765	343	353	211	201	201	210	201	206	209
203	204	221	207	223	1113	291	393	1171	297	399	1181	296	384	1181	291	401	1182	300	389	1188	298	387	1184	298	389	1189	296	303	206	203	203	202	203	204	205
205	203	237	206	238	2569	418	669	2713	435	665	2722	430	662	2725	431	680	2762	442	678	2758	435	679	2763	435	669	2771	426	446	209	201	201	212	204	200	212
204	204	224	210	229	1483	325	459	1567	334	466	1579	331	460	1568	327	469	1579	334	468	1576	329	465	1605	336	461	1606	341	339	205	202	207	205	204	202	210
205	204	220	206	215	728	253	308	753	257	312	759	260	306	746	257	317	758	257	317	757	255	312	763	255	309	761	261	260	215	205	203	214	206	203	213
202	203	220	208	211	469	230	263	491	233	258	481	226	256	488	233	264	496	235	259	493	227	262	489	237	259	492	237	231	211	203	210	208	203	207	208
205	206	221	208	211	388	222	243	403	220	239	404	225	244	401	219	238	396	220	238	401	222	241	402	220	240	392	218	226	215	204	208	208	206	206	210
204	212	246	211	223	867	272	341	907	270	338	921	273	344	927	267	348	933	270	342	927	269	339	923	277	345	919	273	284	234	203	208	236	207	211	233
208	207	242	211	220	558	241	285	581	238	275	584	242	277	580	243	284	591	239	272	582	241	278	588	240	277	580	238	253	232	205	212	236	204	214	233
202	200	211	207	210	388	222	243	407	221	241	406	224	239	397	221	241	401	223	241	397	222	237	400	222	242	392	226	225	204	206	203	204	203	207	206
202	205	216	206	208	338	215	230	352	215	231	355	225	235	357	219	230	345	222	232	346	218	229	346	218	234	351	219	218	209	203	205	210	201	202	205
203	202	218	206	213	377	220	241	382	219	241	387	221	236	386	221	236	386	223	236	392	223	238	389	220	233	379	220	226	206	205	204	209	204	208	208
202	204	217	207	214	400	223	243	400	225	247	402	225	246	400	223	239	399	222	238	400	226	246	397	225	243	402	222	222	206	206	200	212	203	206	205
201	203	216	203	210	379	220	243	393	224	241	389	220	235	391	219	237	391	223	242	392	224	242	387	218	238	392	224	222	208	203	201	203	202	201	206
204	205	223	206	223	995	278	366	1045	284	363	1071	284	364	1055	289	366	1043	284	367	1047	276	368	1047	281	365	1061	280	283	207	204	205	210	206	204	210
204	209	223	206	222	1173	292	397	1243	301	403	1246	303	400	1257	300	413	1265	301	410	1273	302	396	1274	303	396	1274	309	306	209	206	204	212	204	206	212
203	208	225	209	214	578	243	286	603	241	283	621	240	281	607	243	284	618	243	287	618	242	287	623	243	278	614	244	248	214	202	206	210	204	202	213
201	204	214	204	211	509	233	268	511	234	265	520	235	263	523	232	266	520	236	264	523	229	265	524	231	267	506	234	242	205	204	201	206	203	204	207
205	203	221	204	220	1194	301	403	1266	305	408	1271	306	400	1297	301	415	1304	306	407	1294	304	413	1290	312	407	1300	300	309	205	203	204	204	202	206	209
203	205	212	207	207	565	240	282	584	235	280	583	236	274	584	241	283	586	245	279	587	242	282	587	244	274	587	237	246	206	200	201	201	201	205	203
207	203	211	204	208	364	221	240	382	221	236	373	222	237	367	221	234	368	221	234	379	221	235	376	220	240	373	219	220	207	203	203	208	201	201	204
206	206	210	208	207	438	229	254	461	226	255	452	229	260	468	229	256	470	222	255	453	229	248	472	227	256	464	226	228	202	201	203	205	202	203	202
204	205	229	206	246	3060	478	762	3250	479	782	3287	481	790	3255	484	799	3314	494	788	3318	482	800	3336	486	785	3299	484	497	210	205	204	206	204	202	209
201	204	223	205	217	1177	295	396	1206	297	405	1219	298	398	1229	303	398	1225	302	398	1231	300	403	1247	301	395	1250	302	308	209	205	206	209	205	204	207
205	208	220	206	213	533	240	269	552	240	272	551	235	272	551	240	274	557	237	277	553	236	272	561	238	268	563	238	241	206	206	205	206	201	203	211
205	205	218	203	207	350	217	234	356	218	235	358	215	234	360	215	231	357	221	237	361	215	234	361	217	236	358	220	221	208	205	204	208	201	202	206
205	205	219	202	218	894	270	339	930	275	348	943	270	343	939	268	353	940	274	345	937	269	342	948	265	345	945	271	278	208	201	204	212	204	200	209
200	204	229	208	213	753	254	313	784	254	320	784	260	314	790	256	322	794	256	318	788	260	316	790	254	318	793	257	266	210	199	207	204	206	209	212
203	205	228	210	223	758	257	318	804	259	318	803	262	317	802	264	322	789	258	323	805	259	314	798	263	319	800	259	260	212	205	204	213	203	206	213
202	201	243	214	269	3848	568	986	3946	581	1004	3976	587	991	3966	591	1018	3964	597	999	3986	578	998	3990	591	995	3980	591	599	203	203	205	207	205	203	203
202	204	242	214	254	3851	487	784	4071	498	801	4096	488	791	4086	498	812	4113	503	804	4120	494	796	4117	501	800	4110	502	504	206	205	200	202	202	205	204
202	206	228	208	226	1232	305	414	1298	310	414	1293	301	407	1310	304	416	1306	311	411	1324	310	415	1313	306	407	1316	306	318	212	202	203	209	203	205	204
201	204	226	207	218	604	244	279	625	243	287	618	243	285	616	244	282	628	242	286	620	242	286	613	241	279	617	243	248	209	202	207	212	204	206	213
205	203	222	206	217	420	230	246	431	222	250	434	227	249	430	225	251	432	229	251	434	226	249	439	223	241	435	228	229	208	203	203	205	203	203	209
202	204	228	209	216	440	225	249	442	223	255	448	223	252	449	229	252	456	230	252	452	226	251	447	226	251	450	224	229	213	203	203	215	204	206	218
203	203	227	210	214	588	240	282	617	244	278	607	245	283	604	245	289	622	239	285	613	238	287	617	240	293	614	242	248	213	204	203	216	202	204	208
199	207	219	205	208	410	220	247	416	224	246	416	220	240	407	224	246	416	228	251	414	227	245	419	226	245	423	220	224	207	204	203	208	201	203	206
203	206	215	205	213	403	223	247	400	224	240	408	226	236	414	228	242	408	229	246	407	226	246	414	220	242	408	220	229	204	201	204	203	202	204	206
202	204	224	210	222	1029	279	367	1058	286	373	1068	283	371	1087	285	371	1081	287	376	1090	284	369	1083	290	373	1087	284	290	215	202	207	213	199	209	214
201	205	217	206	209	588	243	284	619	241	285	620	244	285	619	243	285	614	241	290	618	241	282	610	247	284	607	241	247	206	202	204	207	203	202	201
205	204	212	207	214	398	223	246	415	224	236	411	220	238	408	221	241	410	219	239	406	222	243	406	225	243	411	223	226	205	201	202	207	200	202	204
202	207	215	205	207	365	215	237	376	218	232	365	221	239	372	218	231	371	214	232	368	221	237	371	218	233	376	223	223	202	202	204	205	206	208	211
204	205	222	206	216	826	262	330	868	264	336	866	266	330	875	269	331	876	270	338	881	264	333	891	261	332	874	265	269	206	202	201	206	204	203	205
206	206	221	207	222	1205	305	406	1269	306	402	1266	304	404	1273	302	408	1286	302	404	1292	303	403	1297	302	402	1284	305	307	206	205	206	205	202	202	208
205	201	227	204	212	630	247	291	645	244	293	644	250	292	658	246	291	654	250	292	660	239	284	654	240	290	655	246	248	208	201	200	211	202	200	206
201	206	217	204	214	413	223	245	423	226	246	432	230	247	420	225	247	425	223	244	434	224	253	435	225	241	420	223	227	208	203	202	208	200	203	208
203	206	232	209	217	450	222	248	466	226	258	458	230	254	451	228	255	454	229	250	460	229	249	463	221	251	457	227	235	214	205	207	212	206	204	213
203	201	229	209	214	589	243	284	621	241	281	609	243	286	609	244	277	618	240	280	630	240	276	626	242	284	609	245	250	207	202	202	206	205	200	206
204	203	224	208	226	747	256	316	780	261	315	781	258	315	777	255	310	793	259	318	794	257	316	775	259	315	789	256	266	214	203	202	215	205	207	211
203	205	234	208	223	545	241	273	569	234	276	578	242	276	565	237	279	575	236	276	583	241	270	573	237	277	561	239	251	213	207	204	215	204	201	215
205	206	230	206	218	496	231	264	512	232	260	507	231	262	501	234	260	508	233	264	506	232	256	514	236	266	498	231	238	208	201	205	209	202	206	209
202	205	224	205	213	436	225	250	451	228	251	450	227	251	457	228	248	444	226	249	451	225	251	446	230	250	451	229	232	206	204	204	211	203	202	209
202	206	222	206	211	368	221	232	386	215	239	386	216	236	384	221	241	378	223	233	386	221	232	374	220	242	380	217	224	210	205	208	204	203	204	211
208	206	228	206	213	371	216	240	373	217	234	383	220	233	380	219	235	390	220	239	398	224	239	390	222	231	383	223	224	214	206	205	216	204	204	218
204	204	223	202	212	382	222	241	392	221	247	388	222	242	397	222	241	392	221	242	395	220	245	391	223	243	390	221	228	212	204	210	214	200	203	208
204	204	216	208	209	450	228	253	471	227	254	461	229	252	465	230	261	469	233	255	472	226	254	481	230	254	475	226	233	207	204	202	209	202	205	204
207	208	222	203	219	975	280	360	1041	278	362	1028	284	358	1039	287	363	1033	280	369	1051	278	366	1052	283	357	1040	285	293	203	201	203	205	202	202	205
203	203	223	205	217	606	245	284	622	245	289	627	240	284	637	246	286	616	246	287	633	243	290	634	240	288	639	237	254	206	205	199	207	204	206	205
203	202	220	207	214	569	237	278	592	235	273	597	242	277	587	239	278	574	240	277	597	243	279	589	241	277	592	240	243	202	200	203	205	205	206	205
203	204	217	207	211	419	222	247	430	227	247	431	221	248	431	228	247	425	226	243	432	221	244	437	226	245	431	222	233	209	204	207	205	206	204	206
200	204	225	208	220	582	241	285	604	243	281	611	242	286	604	240	282	597	244	286	609	238	280	611	243	281	605	243	249	205	203	202	208	203	206	206
199	203	228	208	212	463	229	256	482	227	254	492	229	258	485	231	256	484	234	254	484	230	257	483	228	255	487	229	239	207	198	205	212	205	203	211
204	206	227	205	217	369	218	233	372	218	236	370	218	236	377	215	235	374	220	239	375	220	235	373	219	232	374	220	224	214	209	202	211	202	210	212
201	205	221	206	207	403	223	242	412	225	240	402	220	243	403	222	239	406	221	241	410	219	237	407	219	242	404	223	228	206	200	204	208	206	202	208
205	207	221	203	214	452	228	253	460	223	254	472	227	256	463	231	257	467	226	255	468	225	253	460	227	249	467	230	238	212	206	207	206	199	207	213
202	204	216	205	211	356	218	230	368	219	232	365	219	235	363	217	235	364	219	238	369	217	238	365	218	236	358	218	224	199	204	202	206	205	207	200
205	204	221	203	208	360	219	239	373	216	239	366	217	234	369	215	236	360	219	235	371	219	234	367	224	232	365	220	218	206	200	200	204	208	199	204
205	208	225	205	216	445	227	254	461	223	258	452	227	255	455	231	248	458	223	251	455	222	250	453	222	251	448	233	231	213	203	207	212	203	203	214
207	205	230	205	213	383	221	236	382	219	238	389	217	236	389	221	239	384	223	237	382	222	236	384	223	239	385	219	226	217	206	208	216	203	204	219
205	203	216	206	209	340	212	230	346	218	233	347	216	228	347	215	231	347	216	229	346	218	229	340	216	229	346	212	218	211	202	200	203	206	203	210
204	202	219	206	214	370	221	237	372	220	235	373	219	234	372	216	236	373	220	238	373	220	241	378	218	235	367	218	224	212	201	204	209	203	202	208
207	201	227	208	210	346	214	232	347	214	232	349	216	230	355	220	235	349	218	237	357	215	232	355	217	229	346	217	217	221	204	204	221	204	206	217
203	202	216	208	212	328	216	232	331	213	229	328	212	227	337	217	226	336	218	225	330	221	230	336	218	228	333	208	219	204	205	202	202	202	200	205
203	201	217	206	209	342	216	228	348	217	237	342	216	231	346	219	230	348	215	232	348	218	233	347	218	232	343	217	223	204	202	202	200	201	206	204
202	204	214	205	211	343	216	234	359	216	237	353	220	229	356	223	234	355	221	231	351	219	235	358	218	231	354	218	224	206	203	200	205	203	204	205
205	203	218	207	212	365	221	233	364	218	232	364	222	235	365	216	238	364	218	235	358	218	236	361	218	234	364	218	223	205	199	202	201	203	203	203
201	203	219	208	215	373	222	235	374	220	236	380	217	234	385	219	238	375	217	239	381	222	231	378	223	237	380	219	229	202	202	202	204	203	204	205
201	203	222	206	215	397	218	241	395	221	242	406	217	237	401	224	236	409	221	246	409	217	243	410	214	242	399	220	229	210	201	203	207	204	200	206
199	201	217	209	215	371	216	238	386	217	239	383	224	239	386	216	235	390	223	234	387	220	238	389	221	241	386	218	228	204	200	201	205	205	202	204
203	207	223	210	211	392	224	242	406	218	239	405	221	239	397	221	242	404	220	237	401	228	245	403	219	236	405	220	229	200	203	203	206	200	201	207
201	205	221	205	211	374	220	238	387	221	234	388	222	237	377	219	229	376	220	239	381	220	233	382	223	238	383	216	225	206	202	203	211	200	204	209
202	203	218	206	208	380	220	243	385	222	240	386	222	234	387	218	245	391	219	239	387	219	240	393	216	239	394	222	225	206	201	205	209	203	206	202
202	201	218	203	216	389	220	236	390	221	239	399	216	236	396	219	240	402	223	226	390	220	238	397	222	239	391	221	223	206	201	205	210	198	205	210
202	203	217	206	213	399	224	240	405	226	241	413	219	244	401	223	245	404	225	239	405	223	240	400	220	240	407	226	223	198	202	200	202	204	201	205
203	203	223	207	217	449	225	252	454	231	257	456	226	254	451	227	252	455	226	252	466	222	253	460	224	249	449	229	235	207	201	205	206	200	204	209
201	200	218	207	214	385	220	240	399	221	241	394	219	244	394	222	239	398	220	239	398	221	238	392	223	241	391	220	225	207	200	204	211	204	205	208
204	203	223	213	216	455	225	250	462	226	253	458	226	251	461	225	250	453	227	250	456	226	254	456	228	251	459	227	234	213	202	205	210	205	201	213
200	206	222	207	210	553	238	263	551	234	275	570	234	273	568	240	277	571	234	274	567	234	278	552	233	276	569	247	249	206	197	206	209	206	202	201
202	205	221	205	215	447	222	252	460	228	260	454	229	251	457	228	252	458	232	254	455	226	255	457	229	257	450	226	231	211	202	202	207	203	204	207
203	201	234	209	217	453	225	257	470	224	255	466	225	255	464	227	256	454	227	252	462	224	254	466	226	255	468	230	235	219	203	203	217	206	209	222
201	196	215	200	213	384	218	237	392	220	238	391	217	239	388	218	239	401	220	237	398	218	239	393	218	241	396	220	226	201	199	203	201	202	204	199
201	201	223	207	217	779	259	318	804	257	313	791	260	324	796	258	322	811	260	315	803	258	316	798	258	316	793	261	273	202	200	203	203	203	203	202
202	199	223	208	218	646	248	298	651	245	297	662	248	296	670	245	290	663	247	295	645	244	296	653	246	287	664	248	257	209	199	204	209	203	203	206
197	204	230	206	206	468	226	258	475	229	254	481	231	256	480	229	260	474	227	260	480	228	258	480	228	260	483	232	236	208	201	205	214	205	204	212
202	203	216	205	214	411	226	242	427	224	243	410	222	241	415	219	251	421	228	244	422	219	244	420	226	240	423	226	231	204	202	204	206	201	202	204
204	204	217	205	213	384	220	236	397	215	243	389	222	237	388	218	244	386	224	239	389	219	242	390	221	236	393	218	226	201	199	204	205	207	202	200
207	200	224	208	212	373	215	230	376	219	238	369	217	240	369	215	235	371	217	238	366	217	237	370	219	231	364	218	225	209	201	204	211	204	200	207
201	202	221	207	214	563	238	273	565	237	274	580	235	272	570	238	275	570	237	273	567	237	270	572	239	273	574	236	247	207	205	204	205	200	203	209
206	203	228	212	224	663	249	301	685	250	296	688	250	299	695	255	294	696	252	296	690	252	293	677	249	305	683	246	261	210	204	203	212	203	204	206
202	202	221	207	217	570	239	278	580	234	277	584	238	277	580	237	278	580	238	278	588	239	279	586	238	272	581	238	249	207	201	205	200	200	205	205
201	204	215	204	213	395	219	244	399	216	238	402	221	239	399	221	244	393	220	244	397	219	241	403	223	236	401	225	224	204	204	205	203	203	202	203
204	202	219	206	208	387	220	240	394	220	236	392	216	240	393	221	239	389	218	234	392	220	240	390	218	238	385	221	224	207	202	205	204	201	203	201
203	206	230	210	219	572	240	278	577	237	271	582	238	274	568	238	279	577	239	280	576	242	277	575	236	270	584	236	245	220	207	205	219	206	205	218
203	205	220	206	213	456	228	256	458	227	257	468	231	253	469	227	259	456	226	258	467	229	252	468	231	252	470	223	233	205	200	205	207	201	204	208
204	198	213	203	209	372	221	234	374	215	234	375	220	232	369	223	237	370	218	238	388	218	240	375	220	239	379	216	222	204	198	202	203	202	204	206
203	203	212	203	209	338	213	227	346	213	232	339	220	220	340	222	228	351	215	229	345	215	228	344	210	226	342	218	223	204	201	202	205	204	204	207
204	200	215	203	214	383	220	242	386	221	239	396	219	239	393	225	241	390	224	244	396	221	235	397	219	244	390	219	227	203	202	204	208	203	201	208
203	205	220	206	217	529	236	267	534	236	269	532	233	267	535	234	267	529	230	274	536	232	265	540	231	272	528	235	243	207	208	205	208	202	203	209
199	203	222	203	212	413	221	242	409	222	241	404	224	244	412	219	247	414	221	247	414	220	243	419	225	235	410	222	229	208	204	204	213	204	205	211
206	207	233	204	216	376	217	234	387	219	236	393	219	242	384	222	236	381	224	233	389	224	242	387	220	238	391	219	228	226	206	203	222	206	205	229
201	200	224	205	210	402	228	243	408	224	242	417	224	239	418	223	242	418	223	242	410	223	242	417	226	244	416	225	232	203	204	200	209	204	208	204
208	200	215	206	210	400	224	244	405	223	240	420	221	250	415	222	247	415	223	248	418	220	243	416	221	239	415	222	231	203	198	201	204	204	203	206
210	214	259	210	218	393	220	246	409	219	242	414	223	245	406	221	240	411	221	241	409	222	241	410	222	240	409	222	232	251	206	215	253	205	212	248
209	218	284	207	220	394	219	239	399	218	238	400	222	238	395	222	233	401	222	245	400	221	239	403	223	240	404	220	235	268	208	219	271	209	214	268
204	202	215	203	209	313	211	225	320	213	224	321	212	222	320	212	225	319	214	228	324	216	227	317	215	224	315	211	216	210	204	198	207	204	200	210
204	206	234	210	211	371	214	239	388	223	232	382	218	238	373	220	234	386	219	237	377	217	241	381	220	236	380	220	224	232	205	201	225	202	208	224
203	200	237	207	217	463	222	254	477	221	257	482	223	255	465	229	252	470	230	255	472	230	255	467	231	254	469	224	237	228	207	205	220	201	207	222
203	204	216	209	212	335	213	232	346	213	225	340	219	227	346	216	230	336	219	228	340	213	232	345	221	233	332	218	216	211	202	202	205	205	199	207
201	203	219	204	206	316	208	226	307	215	225	318	214	225	313	209	222	313	215	224	316	207	222	312	211	224	318	212	219	207	204	204	207	199	203	207
200	202	216	205	209	389	218	241	387	224	238	389	220	241	393	215	236	388	220	235	394	220	240	394	221	239	387	218	223	207	202	205	204	201	202	203
203	201	210	202	209	343	214	229	350	211	232	351	215	228	346	218	229	353	218	233	356	214	228	348	216	230	348	214	218	203	201	202	204	204	200	207
203	204	215	202	207	329	217	226	339	210	228	329	210	227	333	213	223	338	218	228	331	219	226	330	212	228	336	217	217	208	204	206	214	205	206	206
202	200	210	202	209	346	217	235	350	214	229	356	216	228	348	221	236	359	215	228	355	214	230	349	216	230	360	214	224	202	201	205	203	202	198	202
205	201	214	206	210	307	211	221	314	213	229	308	212	221	307	216	220	310	214	219	311	215	219	312	217	223	309	218	219	204	202	203	204	205	204	207
203	200	219	204	208	291	211	218	306	214	221	298	212	221	294	205	222	302	210	221	300	216	222	296	210	220	299	213	210	211	202	202	208	202	204	211
204	202	218	203	210	381	223	238	385	216	237	387	220	237	382	221	238	380	222	244	387	220	234	382	222	241	386	221	220	207	205	203	208	199	207	211
203	201	216	206	208	336	217	229	336	214	228	339	215	228	334	216	230	341	215	226	337	218	228	334	210	228	334	214	216	208	201	201	210	203	207	204
203	203	217	205	208	307	216	225	308	210	219	308	209	222	306	217	222	309	211	225	305	214	220	311	210	221	304	212	214	207	200	202	208	203	202	209
210	204	223	203	210	329	213	231	335	216	227	336	213	233	331	213	226	346	216	229	338	216	224	334	211	227	339	212	216	212	202	203	210	202	205	210
202	206	221	203	210	330	212	224	328	217	226	328	212	224	324	215	229	333	213	226	332	212	225	329	213	228	324	208	219	207	203	206	206	206	205	206
202	203	219	204	215	487	232	262	495	233	262	500	228	258	484	229	257	503	231	262	493	231	262	487	232	259	496	233	239	211	203	206	207	213	203	204
205	202	219	205	218	596	241	288	619	242	282	620	246	288	619	241	290	616	245	282	620	241	280	615	242	281	621	241	253	209	205	205	208	204	204	205
201	204	220	206	207	380	223	241	378	219	234	374	220	241	386	219	234	379	223	237	388	221	237	384	220	232	380	222	226	206	203	202	205	205	200	204
201	203	220	206	216	429	224	246	435	223	245	431	225	244	435	224	245	427	224	250	431	224	247	427	224	245	431	224	234	204	201	202	206	204	201	205
203	203	212	204	208	378	216	238	385	218	241	386	222	237	380	214	233	390	217	236	385	221	236	380	227	235	377	217	221	200	202	201	203	204	201	203
200	202	214	202	212	442	225	252	456	233	255	448	226	252	444	227	252	449	222	253	448	224	253	460	228	247	446	225	240	203	200	202	206	202	205	206
202	203	212	204	210	378	212	237	390	223	238	385	225	239	385	221	240	392	218	226	381	222	237	389	217	236	385	222	226	207	200	202	212	203	203	205
200	201	216	206	203	312	212	228	312	209	222	323	214	226	317	212	222	319	213	225	319	212	222	320	216	220	317	211	217	197	200	202	199	199	202	205
202	202	212	203	205	297	208	221	301	213	219	304	209	218	305	211	220	298	213	223	302	212	221	299	212	218	300	209	213	208	199	204	212	202	200	205
202	202	220	201	213	336	214	230	342	216	229	341	218	230	344	217	230	343	213	231	342	214	230	341	215	228	337	215	221	207	205	201	205	203	200	211
205	202	226	205	210	340	216	234	346	219	227	347	214	235	346	211	234	349	213	231	350	216	231	349	214	230	347	216	221	219	204	203	212	205	202	211
203	200	221	208	210	375	216	237	381	219	236	381	219	239	384	213	236	386	216	239	382	222	240	385	216	239	383	221	222	213	203	203	212	203	204	214
203	201	209	203	212	373	217	236	379	218	236	381	221	236	387	219	237	382	222	238	384	218	235	381	215	233	377	220	221	204	203	205	205	198	204	203
201	202	217	203	208	375	219	233	384	218	236	383	222	232	381	221	237	379	221	235	378	218	240	374	219	237	387	217	225	211	198	205	209	200	196	210
200	203	214	206	213	405	218	239	416	220	242	411	223	251	414	224	248	406	221	247	408	219	247	410	228	242	406	220	232	206	203	202	202	203	199	204
200	205	237	211	244	1407	316	434	1451	319	438	1448	322	443	1459	320	435	1452	314	442	1442	312	435	1469	317	439	1452	317	338	211	203	201	208	203	204	211
203	200	225	209	228	1045	282	372	1088	290	366	1065	289	362	1068	281	375	1069	282	362	1069	279	371	1079	288	368	1060	289	304	206	201	203	208	201	198	202
200	207	223	204	220	655	246	292	673	248	296	671	245	297	675	251	299	683	250	297	683	246	295	667	245	293	667	248	263	211	205	204	212	204	204	209
204	206	217	203	212	541	240	268	572	238	277	561	234	275	564	238	274	559	237	268	569	236	274	560	236	269	557	235	245	204	203	201	207	202	202	202
203	202	216	206	208	343	220	231	350	218	232	355	214	238	350	219	232	349	215	233	345	218	225	351	220	236	348	218	222	204	203	204	206	201	200	206
206	203	208	208	209	297	211	223	290	212	223	291	213	220	287	209	219	299	213	222	287	213	222	295	209	221	294	214	211	200	199	202	204	202	202	205
199	200	208	204	206	317	215	228	327	209	225	325	216	222	326	214	228	329	217	225	318	213	228	328	214	229	312	212	219	203	203	200	205	210	201	202
205	200	212	204	214	491	229	256	491	227	258	486	228	257	479	228	257	480	229	259	485	230	254	482	229	260	480	232	236	203	207	198	207	206	202	204
200	203	219	204	217	746	258	312	776	256	316	791	258	313	773	261	316	782	258	318	790	255	312	785	261	316	783	256	265	209	203	206	208	202	206	206
200	204	219	206	214	634	244	289	654	247	290	646	249	292	655	247	292	664	244	291	667	249	289	670	248	290	654	247	248	206	201	204	205	200	204	208
203	209	219	204	215	391	219	242	402	223	239	402	225	236	404	219	238	402	220	244	402	221	239	403	220	244	409	224	224	217	203	205	215	204	203	214
204	200	209	200	210	371	220	238	389	221	237	385	222	239	382	217	242	383	220	238	387	220	235	383	221	232	385	218	223	206	200	202	202	206	200	204
204	201	211	202	208	394	219	243	401	222	241	406	221	239	408	217	243	401	225	240	416	222	248	402	221	240	410	218	227	207	205	204	208	204	201	204
205	203	212	203	208	359	213	234	377	220	234	361	219	235	361	215	243	363	213	233	373	217	231	369	221	233	374	215	219	205	204	203	207	201	201	207
198	201	218	208	213	783	258	322	823	262	318	812	262	316	812	264	318	810	262	322	823	258	320	821	260	321	810	258	267	204	205	203	205	202	202	204
199	207	231	211	211	491	227	260	507	229	264	502	232	260	504	232	264	503	233	264	497	236	261	512	226	258	496	233	237	223	205	206	222	205	207	226
212	215	295	211	225	401	222	241	408	221	241	406	222	239	407	221	240	412	221	240	399	229	242	417	224	247	410	224	230	290	211	219	283	212	215	291
201	201	213	206	209	305	210	222	311	210	223	310	209	222	306	215	224	308	212	219	306	211	218	309	212	218	309	212	211	212	204	201	208	201	200	207
198	203	225	205	217	427	226	250	446	226	247	439	225	249	440	230	250	440	227	255	437	228	252	436	227	245	443	222	229	220	201	206	223	204	208	222
203	202	219	207	211	383	219	239	394	221	239	388	217	238	394	225	242	382	221	242	387	220	238	387	222	240	390	222	226	207	201	204	206	204	207	207
204	198	210	204	203	296	212	221	300	210	221	300	212	215	302	213	227	299	210	222	305	209	221	303	209	219	301	211	216	203	202	204	203	202	199	205
201	205	217	206	203	397	223	239	399	226	241	405	222	236	408	222	244	406	223	240	410	220	241	409	222	240	407	221	228	203	200	203	206	206	204	203
203	205	217	206	217	380	217	241	396	220	241	387	220	236	399	221	238	383	219	235	393	215	234	389	221	239	397	220	224	203	203	201	200	199	201	203
203	198	209	202	202	320	214	231	330	218	229	331	212	226	330	210	224	326	214	227	330	212	226	325	216	225	331	215	217	204	205	196	202	201	203	204
199	205	212	204	207	300	211	223	300	212	229	305	209	226	305	209	225	301	212	229	301	209	220	309	211	225	305	211	213	208	203	205	208	204	203	203
201	206	221	207	211	306	211	224	315	216	224	314	214	217	312	213	225	314	216	223	312	210	222	313	211	223	312	214	215	212	204	204	212	204	204	207
202	206	229	201	212	345	217	231	359	217	230	353	218	230	348	218	231	354	214	231	355	218	230	352	214	228	346	218	225	220	208	204	219	201	206	218
203	201	211	205	210	421	222	242	428	223	242	429	219	243	424	225	247	421	223	244	422	224	242	420	223	243	425	222	234	200	200	206	204	201	206	202
200	204	221	204	208	442	225	250	436	226	246	448	221	252	435	225	248	439	222	252	442	230	249	447	224	256	443	229	230	212	204	204	212	202	205	212
200	199	209	199	210	310	210	226	315	216	222	313	212	222	314	213	220	313	213	220	316	215	230	312	213	225	312	212	212	206	204	200	204	207	201	205
204	204	208	202	209	288	209	219	284	209	217	290	213	221	287	209	224	285	208	218	290	207	219	288	206	221	290	211	212	208	204	205	207	203	205	210
203	208	213	205	204	264	212	219	273	206	219	275	207	218	268	208	215	273	208	218	272	208	216	273	206	216	270	207	212	208	201	198	207	199	204	205
202	207	220	206	206	275	212	217	279	208	217	271	206	218	279	212	214	281	208	215	281	206	219	276	213	216	278	205	211	213	202	205	209	201	207	210
203	201	224	207	207	292	211	218	298	214	219	297	209	220	291	208	217	289	210	220	291	213	218	294	213	218	291	213	215	217	207	208	219	204	205	216
200	200	209	202	208	321	215	230	319	209	224	319	213	223	321	214	226	316	210	220	322	213	222	315	210	225	324	211	217	205	202	202	206	201	200	209
205	201	217	201	206	313	214	225	320	214	224	308	213	225	322	214	224	317	216	227	317	213	221	321	210	224	321	213	219	208	203	204	210	200	199	200
197	205	211	201	205	311	211	224	314	212	223	313	210	225	311	212	222	311	212	220	315	215	224	313	211	221	316	212	216	203	201	196	206	205	199	206
204	203	229	203	210	333	215	232	344	217	225	335	214	226	343	215	230	338	214	228	339	212	227	341	215	227	339	218	218	220	206	208	224	204	204	228
202	201	209	203	211	413	220	242	424	224	242	421	220	245	422	222	244	417	224	247	415	222	242	411	220	246	414	223	223	207	202	206	208	201	202	210
202	197	216	205	217	594	238	290	607	242	283	612	245	288	619	242	285	609	237	284	608	238	283	621	242	272	613	244	252	202	205	200	204	202	200	209
203	205	223	203	207	357	215	234	368	220	235	359	224	232	364	216	231	358	219	232	361	214	233	370	219	234	361	221	220	206	200	200	208	201	203	212
200	200	218	202	209	296	209	224	302	215	222	302	210	217	306	207	221	304	213	220	305	213	220	299	212	222	300	211	216	206	200	209	209	201	200	208
201	201	210	202	204	277	211	220	287	213	219	283	210	218	285	212	219	287	212	215	290	208	219	286	208	217	282	210	215	203	198	198	206	200	199	207
206	204	229	206	214	304	209	224	302	210	220	305	206	222	313	214	220	305	209	222	306	216	224	309	211	223	305	210	217	219	203	206	219	202	203	220
200	200	210	203	207	296	210	218	296	207	219	300	216	225	293	211	222	300	213	223	313	208	221	303	211	222	299	205	213	207	200	204	206	202	202	209
205	202	212	205	206	307	214	224	317	211	222	311	213	224	315	210	225	315	210	227	320	210	223	317	213	225	319	208	217	200	203	200	204	200	202	205
202	202	215	202	205	298	212	223	304	213	217	300	209	220	303	212	220	296	209	218	301	210	221	302	211	221	306	208	217	206	205	200	210	208	199	208
198	203	209	206	206	268	211	215	274	206	215	271	210	216	268	208	214	270	208	211	273	204	213	276	209	214	274	208	211	203	202	198	201	201	201	205
204	203	212	199	207	270	211	213	265	208	213	264	208	217	271	208	217	267	207	210	264	212	216	266	209	213	267	204	209	206	202	207	204	201	206	202
204	204	212	203	207	268	208	214	268	209	215	265	204	214	267	211	214	265	207	215	263	211	215	270	207	214	268	198	211	205	203	206	204	203	203	206
204	199	207	203	204	267	209	216	265	210	217	267	206	215	270	207	211	268	209	215	268	209	213	270	208	214	269	208	211	207	197	202	203	202	201	202
198	204	222	204	208	315	210	225	322	216	222	316	215	223	323	210	228	322	216	226	319	213	223	318	212	225	319	211	218	213	202	202	214	201	204	217
202	203	214	204	204	281	206	217	286	213	213	291	210	223	291	209	220	290	213	218	286	210	218	285	209	220	281	213	211	207	200	200	207	204	205	209
204	207	230	208	218	685	252	296	712	251	303	710	256	299	708	248	303	707	252	305	722	251	299	708	245	298	723	251	253	206	202	201	211	204	205	210
202	206	238	207	216	612	241	288	619	242	292	632	249	289	627	248	287	637	239	285	630	240	292	638	245	284	630	246	246	210	204	201	210	200	202	210
203	206	222	202	212	371	222	237	388	221	229	383	220	240	378	220	237	385	218	240	390	217	237	380	219	233	374	214	223	209	206	200	210	205	202	225
205	202	216	206	202	281	209	215	285	213	216	289	208	218	292	206	217	286	207	213	278	211	220	287	209	213	284	214	217	215	200	203	209	206	205	213
205	200	211	202	207	296	207	218	301	212	221	306	212	217	305	215	218	300	209	220	308	208	221	297	209	220	309	212	218	208	206	204	203	203	202	206
202	202	209	204	206	306	210	226	312	217	222	312	213	222	307	213	218	308	209	225	308	216	220	309	212	220	304	215	213	204	205	204	206	201	201	202
198	202	208	205	204	256	207	213	259	207	218	252	208	214	259	204	212	261	205	210	262	208	206	256	205	216	263	209	211	202	196	202	204	205	196	204
199	203	204	198	204	242	205	209	248	206	212	245	207	210	245	206	214	247	205	211	246	205	209	246	210	211	246	207	208	200	202	196	203	198	198	203
206	212	247	206	218	541	234	270	566	235	269	573	234	274	558	239	276	573	233	276	572	235	272	574	240	268	570	239	243	241	207	210	240	206	206	242
202	206	218	202	210	529	233	266	546	234	267	553	236	270	559	236	265	549	236	268	555	233	268	554	234	269	555	233	239	209	202	205	215	199	202	212
196	204	209	202	211	354	219	231	367	216	238	365	217	234	366	214	235	368	218	231	368	217	234	366	218	235	364	220	216	208	200	204	207	198	202	208
204	206	226	204	208	339	215	227	341	217	223	341	213	230	336	216	229	338	213	229	338	216	230	338	215	226	337	216	221	218	200	206	220	201	202	218
207	210	233	208	212	428	227	249	428	223	247	433	222	248	423	226	248	432	222	246	434	221	252	434	225	246	433	229	231	226	200	210	227	206	207	225
204	203	210	204	208	425	224	246	430	223	246	431	226	246	429	223	251	433	221	248	435	223	248	433	220	244	437	224	225	207	201	204	204	201	202	205
201	200	203	201	204	298	205	222	302	210	221	298	210	218	298	210	226	302	207	223	306	217	219	298	207	218	301	212	211	199	204	198	198	201	199	202
200	199	209	205	206	255	207	208	254	209	211	257	209	213	258	208	207	260	206	213	256	202	209	256	206	212	260	204	207	200	205	197	203	200	199	203
202	195	212	199	204	270	210	210	265	210	218	267	210	215	265	206	213	272	209	212	261	210	211	277	210	216	264	208	211	205	200	203	206	202	201	209
205	201	212	203	205	264	207	214	267	209	209	270	208	217	265	212	216	269	206	211	270	207	215	265	209	213	262	207	207	209	200	207	214	201	203	209
198	204	209	202	205	257	202	218	255	209	210	255	207	212	247	205	209	255	207	208	257	207	211	253	206	212	262	210	207	202	203	201	201	201	199	203
204	205	214	204	216	600	238	281	623	240	283	616	240	277	622	243	284	621	237	281	626	241	277	618	244	289	627	240	254	212	202	202	211	202	207	210
202	204	224	205	215	715	252	304	725	251	303	724	255	304	726	251	298	711	255	304	715	254	305	713	259	300	714	251	261	211	205	203	204	204	201	213
200	203	211	205	205	379	218	237	376	219	240	387	222	235	381	217	242	377	220	235	382	218	236	379	215	238	380	219	220	208	205	204	209	203	202	207
201	205	208	204	208	267	206	215	274	206	212	282	208	214	269	210	217	273	209	213	267	210	212	275	207	214	274	208	211	206	207	199	205	200	202	202
200	206	210	202	203	248	206	210	247	204	213	250	205	208	247	206	211	257	207	212	251	200	209	247	204	210	250	204	209	207	197	204	204	204	204	205
203	205	217	200	204	242	204	212	246	203	209	247	205	211	245	204	211	250	209	213	247	208	209	247	210	208	250	205	213	215	202	205	212	201	201	215
206	208	230	202	209	258	207	212	259	206	214	260	210	212	258	204	212	260	209	215	260	204	216	262	207	213	260	206	209	227	203	206	225	203	206	224
206	209	235	209	209	273	206	218	277	206	213	274	209	214	281	214	214	275	208	219	276	206	216	272	208	216	275	211	212	234	206	205	233	205	208	234
200	204	206	204	207	254	207	212	257	210	212	259	208	210	258	206	213	256	210	215	259	208	213	254	205	212	256	207	206	210	201	193	211	203	200	209
208	215	246	208	210	281	208	216	282	211	216	287	210	213	287	209	219	282	209	216	280	207	219	285	208	222	286	201	214	243	203	209	246	205	210	246
206	210	240	204	212	274	206	218	276	207	218	275	206	217	275	211	217	279	206	215	276	208	218	274	210	218	279	208	209	238	203	209	233	202	209	232
200	203	208	201	211	270	207	213	270	207	218	270	209	211	269	211	214	271	208	212	271	207	213	270	204	210	265	207	209	206	202	198	204	204	205	203
203	201	211	203	208	508	230	265	524	231	267	523	235	262	527	232	263	525	237	268	522	231	261	523	232	263	518	227	237	207	199	203	203	203	204	199
203	203	209	205	211	476	222	259	475	229	261	480	231	261	484	228	257	481	228	257	478	226	256	483	227	257	481	227	230	202	198	201	200	200	198	203
205	200	209	200	208	420	225	242	418	223	251	420	224	243	424	226	243	424	223	241	423	224	241	422	220	241	426	224	227	207	205	202	203	203	205	205
204	203	206	202	203	287	207	219	293	204	218	298	205	215	298	211	223	292	208	218	296	214	219	295	212	220	292	209	212	208	202	203	205	202	199	203
205	201	216	206	208	265	208	211	258	208	213	263	206	214	261	203	212	261	207	214	262	207	217	262	211	214	260	206	210	211	201	202	210	208	200	208
201	200	210	204	207	253	207	209	253	205	209	247	201	209	246	209	210	245	206	211	251	206	210	248	204	209	251	208	212	207	204	204	206	203	202	205
205	199	208	200	207	264	203	215	270	212	214	276	207	217	262	209	214	263	208	214	257	205	217	268	206	214	262	204	214	202	201	194	203	203	202	206
202	202	209	201	211	458	228	257	443	224	255	457	222	253	452	228	251	459	230	257	459	227	249	457	227	251	461	228	230	197	202	199	201	202	203	203
205	204	209	204	205	365	219	237	377	215	235	372	208	230	374	226	237	365	222	235	368	217	235	362	220	237	366	219	222	198	198	200	203	202	203	200
203	202	219	204	218	636	240	291	651	244	289	644	239	292	650	241	288	660	252	286	648	242	285	642	242	290	645	245	254	212	199	204	208	201	204	208
203	205	252	214	249	2060	381	551	2127	380	568	2111	371	559	2128	380	559	2111	379	557	2121	376	547	2127	373	560	2117	381	418	229	201	205	227	204	206	226
201	200	221	209	217	721	256	307	748	251	312	745	250	300	745	256	308	745	260	305	744	257	313	739	256	302	737	254	272	209	203	204	212	203	204	210
199	199	217	205	208	386	223	244	399	223	237	394	219	237	390	220	241	391	221	238	397	217	240	399	219	235	388	220	225	206	198	199	210	205	199	208
202	200	207	205	209	287	209	217	283	205	221	283	208	220	281	209	219	285	207	222	277	203	219	278	211	217	280	208	209	202	198	203	207	205	204	200
198	203	207	202	203	259	206	214	261	205	212	265	208	215	256	207	211	258	206	213	265	203	218	253	202	212	262	208	207	205	201	199	207	202	200	205
203	202	205	204	207	253	208	211	257	208	211	257	210	212	262	205	213	261	208	211	259	205	216	252	209	212	265	212	208	205	199	202	204	201	202	201
201	206	217	203	213	553	240	270	583	236	272	578	237	271	572	240	276	577	235	275	568	238	272	572	237	272	567	236	254	209	201	200	211	202	199	209
206	201	214	206	210	475	230	257	498	233	257	494	232	260	482	230	252	491	225	255	494	228	263	490	228	261	493	228	235	211	202	204	211	205	205	209
208	202	210	202	203	314	212	228	322	212	225	328	211	228	322	208	224	320	212	223	323	211	225	321	214	226	314	210	219	202	199	201	206	202	201	201
206	202	212	203	201	292	208	219	290	202	215	287	212	217	285	217	219	284	212	217	290	213	217	295	207	214	285	208	213	208	204	202	211	203	198	208
205	200	230	203	234	1432	318	442	1464	322	440	1474	315	436	1464	324	440	1466	327	436	1453	323	440	1461	311	441	1470	313	343	208	199	202	207	200	202	205
200	197	212	206	215	690	249	306	698	252	302	701	253	295	709	250	307	704	249	302	708	248	301	703	248	303	702	253	259	205	201	201	199	203	201	200
204	203	213	201	206	381	221	243	385	219	241	388	221	240	394	220	238	390	220	238	387	222	233	393	220	235	391	222	228	215	205	200	219	206	202	211
203	204	204	201	204	250	207	213	265	206	214	255	206	211	251	207	212	255	207	212	258	209	208	257	209	210	255	208	207	210	202	203	208	202	203	207
202	202	206	200	209	295	211	218	304	212	215	302	210	217	296	210	221	294	210	222	306	213	222	296	211	220	303	210	210	201	201	202	202	203	202	201
201	205	211	202	202	269	209	213	270	208	218	267	205	218	275	207	218	268	204	217	272	208	216	272	202	212	273	206	213	205	199	204	208	203	203	206
204	201	207	204	201	263	210	215	268	205	215	262	213	215	264	209	216	259	209	217	262	205	209	266	205	215	264	208	206	207	199	203	204	202	197	199
197	202	207	200	203	248	205	208	251	205	213	253	208	215	251	202	213	253	204	211	247	208	210	250	204	205	253	208	211	207	203	200	208	201	201	205
202	204	209	204	209	402	223	244	412	223	244	407	222	241	409	220	241	407	216	240	404	223	237	411	222	244	402	219	223	208	202	204	207	204	206	210
203	205	204	203	205	335	215	229	344	213	231	340	214	227	337	218	230	347	213	229	346	216	229	343	217	226	339	215	220	204	202	203	206	200	200	201
201	201	206	198	206	276	206	218	278	208	216	285	209	217	278	213	218	279	208	218	273	208	214	277	213	217	281	210	208	207	199	199	201	206	201	203
200	203	204	206	202	244	205	212	246	206	211	243	208	207	245	208	213	249	205	211	244	205	207	243	209	209	242	206	207	205	203	204	204	201	204	205
201	203	208	205	202	235	206	206	233	204	211	234	202	207	233	206	207	232	204	208	233	205	205	232	205	209	231	209	205	206	201	200	193	199	203	208
206	206	213	203	204	243	204	208	239	204	209	243	208	210	240	207	205	238	205	207	239	205	210	242	206	211	241	203	210	211	201	204	209	204	206	206
202	203	213	205	207	293	211	224	294	214	221	291	208	221	296	214	220	295	209	221	288	209	219	291	210	217	297	209	213	202	200	200	207	195	198	200
201	199	206	205	205	261	209	212	260	208	216	262	203	215	261	209	212	259	208	214	267	208	211	266	211	209	263	209	209	204	200	204	204	205	204	202
200	205	213	199	207	260	210	217	261	211	213	268	204	215	257	203	216	264	207	208	259	206	213	258	207	210	265	210	212	211	202	205	213	201	204	212
202	206	213	201	207	261	205	213	265	204	216	263	211	211	262	206	214	258	204	215	261	210	216	267	211	211	259	210	212	215	199	203	216	204	206	214
211	216	305	212	224	344	216	233	354	218	231	353	214	229	342	213	232	346	213	230	343	213	232	347	215	231	340	216	225	301	212	217	303	211	221	300
204	200	202	203	204	245	207	210	237	204	212	245	202	206	250	204	209	244	206	207	247	208	207	243	208	208	243	209	206	199	200	202	199	194	202	201
203	201	208	204	209	375	221	231	373	217	237	373	220	234	378	215	238	372	218	236	373	215	236	373	220	236	375	212	221	203	203	203	204	204	201	204
204	202	214	207	214	555	236	275	558	238	272	570	238	270	553	234	268	562	233	273	560	234	271	551	236	269	564	235	247	212	203	205	214	204	204	212
204	203	210	204	207	339	211	231	334	215	229	338	210	224	343	213	226	337	221	232	333	218	227	333	216	229	336	216	217	206	199	201	201	202	203	206
203	201	207	203	202	264	210	215	268	205	213	265	206	214	269	209	216	265	211	216	262	204	215	263	210	213	264	213	207	203	204	203	206	205	201	205
203	199	215	203	202	269	209	216	273	207	214	268	205	216	267	210	215	265	211	214	271	208	214	271	210	208	270	209	213	212	202	207	215	206	205	208
203	204	210	200	207	285	211	219	293	207	220	292	211	217	291	207	222	294	208	219	291	207	220	289	210	221	289	211	210	204	204	200	205	202	204	210
201	204	212	203	207	254	209	216	257	211	214	259	209	208	257	203	209	257	209	216	253	207	214	252	205	206	251	208	213	206	199	206	207	201	203	208
200	201	213	202	202	242	210	209	249	205	209	249	209	210	242	209	211	248	207	208	244	208	208	249	206	207	244	200	208	213	201	202	213	202	205	212
202	200	206	202	205	308	206	221	303	211	226	305	212	222	305	211	224	307	214	222	306	213	220	307	210	221	303	209	216	207	205	202	203	202	201	207
202	199	206	200	207	436	221	249	447	223	246	443	224	253	449	224	253	451	226	251	444	229	249	452	230	248	439	222	229	203	203	202	203	202	202	201
206	203	212	203	212	540	238	268	538	235	272	549	234	268	543	238	271	547	234	272	544	235	270	549	234	266	545	233	245	208	200	203	205	203	200	207
202	207	220	204	226	1061	284	375	1108	284	374	1120	286	374	1104	283	372	1076	290	367	1082	291	363	1093	291	367	1076	281	306	203	198	200	207	201	202	207
206	201	247	209	250	1947	365	538	2016	366	542	2034	370	552	1997	372	537	2017	370	541	2026	359	537	2005	368	535	2018	371	402	213	203	202	217	202	203	216
199	200	221	204	221	757	255	318	783	259	320	800	251	314	787	259	317	783	261	319	794	257	311	781	255	317	771	254	273	206	201	203	207	199	204	204
200	204	201	203	204	405	220	248	413	224	236	415	225	243	418	223	241	411	220	243	410	226	246	411	221	244	406	221	228	201	203	202	201	200	201	196
205	204	212	201	204	301	211	220	304	213	221	301	213	222	304	213	220	302	213	223	301	210	222	303	210	221	299	211	213	208	204	203	209	205	202	212
202	201	206	198	207	297	212	218	297	213	222	302	209	222	307	213	215	302	222	220	306	215	225	298	213	220	300	205	212	207	203	201	204	202	202	204
200	201	210	204	206	356	214	235	363	222	235	356	216	232	364	216	226	359	218	234	354	212	225	359	213	234	370	218	221	201	199	205	202	199	202	203
208	206	253	208	215	327	214	224	334	215	230	335	215	228	331	216	232	331	218	230	334	216	227	333	216	230	325	214	223	249	206	215	249	209	209	253
202	200	207	201	203	243	207	211	242	202	215	245	204	210	248	203	210	244	206	207	245	209	213	245	208	210	246	206	207	199	199	201	201	199	203	201
196	197	211	204	207	240	204	208	247	202	209	242	205	209	243	203	212	242	207	212	239	208	212	246	205	209	246	206	208	201	203	206	203	202	203	200
198	201	206	206	207	247	204	214	253	210	211	251	208	212	252	209	212	253	202	208	248	203	209	253	207	214	250	209	205	200	199	199	206	204	200	201
199	206	211	203	203	296	212	224	291	209	218	307	213	222	303	212	218	301	212	219	299	212	221	299	211	217	307	216	213	202	204	201	205	203	204	209
204	204	218	208	223	919	269	346	945	272	341	934	271	345	940	266	340	944	273	336	939	270	340	931	273	339	925	270	284	206	202	202	206	201	205	204
200	200	275	225	331	4097	646	1134	4091	656	1135	4089	655	1135	4094	656	1151	4095	656	1138	4090	648	1142	4091	651	1128	4093	653	755	202	201	201	206	202	197	205
203	204	257	220	292	3644	521	886	3889	520	860	3894	527	872	3882	525	873	3871	527	864	3876	514	874	3877	518	855	3861	524	606	198	203	204	197	200	201	199
202	205	225	206	230	1403	320	444	1471	326	437	1465	318	446	1461	319	448	1470	317	450	1471	322	444	1471	320	440	1441	321	347	203	205	200	206	200	202	201
201	205	211	202	214	532	234	267	531	232	271	534	233	267	525	231	273	534	243	268	537	236	265	535	234	267	530	238	247	204	198	201	205	201	204	204
201	201	208	203	204	284	204	217	285	211	219	288	209	214	282	213	214	284	212	217	286	208	219	286	208	219	291	213	211	207	201	203	203	199	201	208
203	203	206	204	203	245	200	212	251	206	212	245	201	211	245	203	211	244	203	209	248	209	212	244	209	210	244	206	211	203	202	206	200	204	199	207
205	203	212	202	205	246	205	211	249	206	209	245	208	213	250	207	209	250	207	210	247	206	211	243	207	207	245	209	209	211	202	205	211	203	206	212
199	204	221	203	208	256	209	210	255	205	216	254	206	211	254	206	214	259	210	213	256	210	211	254	204	213	259	206	209	219	202	205	218	204	204	221
200	205	230	204	207	265	210	213	267	204	213	267	207	215	269	205	209	266	212	218	260	209	214	267	210	210	265	211	211	228	206	207	219	207	209	225
204	205	213	203	208	263	210	217	261	208	217	262	205	214	262	207	213	254	208	216	266	209	211	258	206	214	266	208	209	212	200	204	208	204	202	209
202	201	209	200	202	249	205	208	248	207	207	244	205	215	246	206	204	244	205	211	244	206	210	248	203	213	244	205	210	205	198	196	200	199	202	204
200	205	215	202	206	275	207	218	277	209	215	269	210	217	280	206	219	278	209	218	280	208	212	281	209	210	278	210	212	213	203	200	214	202	207	213
202	212	242	209	214	572	240	277	584	239	280	580	242	277	575	238	275	588	239	275	578	238	280	591	239	273	582	241	250	232	208	211	237	205	208	234
200	200	322	242	417	4096	960	1794	4095	967	1818	4095	960	1787	4095	962	1799	4095	971	1805	4095	976	1805	4095	984	1776	4095	975	1164	203	204	200	201	200	201	198
202	202	264	224	300	4115	518	860	4116	529	882	4116	527	870	4116	524	866	4116	516	874	4116	511	870	4116	523	855	4116	522	604	206	201	206	208	204	206	202
203	202	225	205	238	1394	307	429	1434	318	430	1441	315	423	1433	314	427	1423	314	426	1447	317	435	1438	312	431	1449	312	343	199	195	200	202	195	201	202
199	201	207	206	210	429	225	251	443	223	250	436	224	235	445	229	248	441	224	248	443	222	248	436	219	252	440	230	229	203	199	200	206	199	205	210
204	200	210	203	204	267	204	219	269	199	215	269	209	214	270	209	214	274	205	215	270	208	213	270	207	212	268	211	212	203	200	201	209	199	200	208
204	200	210	200	203	239	208	209	243	207	212	242	206	210	241	204	211	243	208	211	246	204	209	245	206	213	246	204	209	203	201	202	200	200	204	210
197	200	205	200	202	231	205	210	238	204	206	230	203	208	236	207	209	236	205	209	236	203	206	236	202	206	233	200	208	204	203	200	202	202	200	201
201	206	209	202	203	238	206	208	237	208	211	236	210	211	237	208	209	241	208	210	238	204	209	243	205	210	241	208	203	206	202	201	208	198	199	207
199	204	207	204	207	382	219	237	375	218	239	378	220	237	379	216	238	374	219	234	373	222	235	377	217	233	371	216	224	206	203	202	203	202	203	201
199	205	233	210	249	2065	373	554	2122	370	558	2102	370	549	2108	372	553	2111	377	558	2116	368	549	2118	378	551	2094	377	419	211	201	202	208	199	201	202
202	200	215	204	226	881	265	341	901	271	338	893	264	336	902	269	335	903	272	341	893	273	338	902	270	336	895	268	281	205	197	203	202	203	199	200
200	208	235	208	215	470	227	256	482	227	257	487	227	257	475	223	257	494	230	256	486	231	258	493	230	258	489	228	237	226	205	207	227	201	208	229
203	199	204	196	207	264	209	216	262	209	208	264	206	218	265	209	212	265	206	214	266	204	216	269	208	217	267	209	212	206	204	206	207	200	203	204
199	202	200	199	200	261	208	212	261	208	210	264	207	214	261	205	214	263	207	214	262	209	210	268	212	215	263	208	201	199	201	201	204	205	199	201
201	201	208	205	208	473	227	260	480	229	250	480	232	254	479	227	263	486	232	256	488	232	250	487	219	253	488	227	234	208	200	202	203	200	207	210
201	207	230	205	219	340	216	227	344	214	230	346	216	235	347	215	229	343	211	232	350	214	233	348	217	229	346	212	215	231	207	207	229	204	212	228
200	205	209	203	203	260	206	213	263	210	212	258	204	212	259	205	212	262	204	213	265	207	211	262	206	213	266	213	205	204	199	202	203	204	204	203
201	201	205	201	205	231	201	201	233	206	208	229	202	205	222	206	208	230	205	207	229	204	205	232	205	204	229	207	202	201	200	200	200	204	200	207
203	201	206	201	202	225	204	208	224	205	208	223	203	205	225	206	208	226	204	203	228	203	203	231	203	208	227	204	206	203	205	202	205	204	205	206
203	201	205	197	202	223	206	209	226	205	203	225	204	206	227	202	202	226	202	204	226	201	207	224	204	206	221	203	206	203	202	203	205	203	203	207
199	201	213	198	204	230	207	205	227	202	209	227	203	205	227	200	210	232	204	202	226	199	209	229	201	205	226	205	206	204	201	194	203	207	201	205
202	201	209	202	205	232	202	209	234	205	208	235	204	207	235	203	204	230	207	213	229	205	206	235	204	206	234	202	206	202	202	201	203	203	205	205
201	203	204	201	204	245	205	206	249	205	211	246	207	208	247	209	208	242	205	208	242	208	209	244	206	208	245	203	207	204	202	199	207	201	202	204
201	203	212	205	207	247	206	212	250	211	208	247	204	211	248	205	207	250	210	211	250	202	211	249	208	211	249	210	210	205	200	204	208	203	204	215
199	205	208	204	199	242	205	210	246	206	217	244	200	215	244	203	211	240	206	209	249	205	208	247	203	208	253	207	206	207	203	205	202	201	202	208
206	202	228	199	206	275	210	217	279	208	214	280	208	217	277	206	218	279	206	214	276	209	219	278	210	216	280	206	212	222	205	205	217	202	206	223
200	202	211	205	203	305	211	217	307	212	221	297	211	218	302	211	219	305	212	222	302	212	218	306	210	222	300	211	212	204	203	200	208	200	201	210
203	200	211	204	205	267	204	217	266	208	217	257	204	214	267	210	218	268	205	214	272	210	213	266	208	215	268	209	205	203	205	203	208	203	202	207
199	205	206	202	202	260	202	212	258	208	211	260	207	212	258	210	212	262	211	213	257	209	210	258	207	214	260	206	205	203	198	201	202	199	201	201
201	204	206	203	207	243	203	211	242	205	214	247	208	211	247	201	213	246	205	209	248	207	204	243	205	208	246	209	203	207	205	199	204	201	204	200
197	203	208	202	207	253	207	212	253	204	215	253	206	207	247	209	213	250	208	209	253	205	209	249	203	212	254	203	209	207	199	202	204	202	203	202
198	202	223	207	235	1460	320	451	1518	321	438	1531	320	449	1514	323	446	1518	325	449	1511	319	446	1504	326	431	1484	323	347	203	204	202	207	204	201	198
204	201	223	205	237	1554	326	464	1615	331	459	1602	337	464	1601	331	467	1605	340	466	1617	337	468	1589	325	466	1588	336	364	199	200	199	200	204	203	203
204	203	210	203	217	639	244	295	662	245	286	658	244	296	657	247	291	649	245	291	663	246	292	665	251	291	670	249	260	204	203	204	210	201	199	205
203	201	217	202	212	418	222	235	420	225	242	421	223	242	421	221	245	420	221	246	417	228	252	422	217	242	412	225	230	217	205	204	215	202	206	218
202	203	210	195	205	267	206	219	267	205	212	264	208	212	265	204	214	270	209	213	264	208	215	263	211	213	269	210	213	210	199	200	208	204	201	211
203	201	206	202	208	251	205	212	254	204	209	256	208	211	257	209	211	253	205	213	248	208	211	253	206	212	259	204	208	209	199	201	211	200	204	209
198	208	222	207	234	1377	314	422	1425	314	429	1446	315	428	1428	318	433	1426	318	433	1423	318	431	1420	318	427	1414	317	340	211	198	203	205	196	203	209
203	204	252	214	266	2942	463	730	3026	462	736	3017	460	737	3003	463	732	3014	451	730	3008	463	723	3007	464	722	3007	459	519	209	203	203	210	203	206	209
205	203	240	208	242	1470	322	450	1501	321	454	1512	327	444	1501	321	447	1498	330	454	1503	325	449	1502	333	444	1512	323	356	224	205	208	224	208	206	223
199	201	204	206	217	651	245	289	661	244	291	666	243	295	661	241	284	671	247	295	660	241	288	653	246	290	668	245	256	199	199	198	201	202	199	200
200	203	197	198	205	352	217	229	357	218	232	363	215	237	361	220	230	364	215	235	353	214	229	368	216	228	362	216	221	198	198	200	199	203	201	197
200	203	217	201	209	294	211	220	296	215	221	294	211	220	297	208	223	293	210	220	293	213	219	286	215	218	298	212	213	212	205	206	212	207	206	214
205	197	206	205	205	254	203	213	257	207	213	258	207	212	248	209	213	260	205	214	253	203	212	261	209	209	252	205	208	204	198	202	206	202	200	204
204	207	220	201	204	271	206	214	276	206	217	271	206	215	271	210	218	273	216	217	273	208	219	274	211	213	273	205	212	216	201	202	218	206	204	217
203	200	211	202	202	291	208	218	292	209	219	294	212	219	295	210	214	289	207	220	292	210	221	292	211	219	292	207	213	213	203	202	216	205	203	215
195	201	218	202	206	395	218	238	397	220	240	399	217	247	406	222	247	408	219	242	408	227	245	401	223	250	405	223	227	209	202	201	210	203	205	212
203	202	244	217	268	2913	434	683	3014	442	682	3019	435	682	3019	444	695	3019	439	682	3016	435	678	3008	434	685	2982	445	496	206	203	201	201	204	203	207
203	202	475	285	660	4085	1781	3416	4086	1813	3413	4087	1814	3406	4087	1791	3417	4086	1802	3416	4086	1785	3411	4086	1789	3374	4086	1787	2249	207	200	205	208	203	205	207
199	203	370	252	468	4095	1071	2057	4095	1108	2075	4095	1111	2060	4095	1102	2078	4095	1105	2046	4095	1102	2057	4095	1089	2067	4095	1094	1365	205	205	204	211	203	202	208
201	208	262	220	288	4101	486	803	4093	494	796	4094	496	802	4094	488	802	4093	491	807	4093	489	803	4093	494	794	4095	488	580	212	202	204	214	200	201	210
201	202	226	211	239	1378	313	438	1428	317	422	1426	320	437	1422	315	430	1432	314	441	1418	309	421	1431	313	433	1400	322	345	207	202	201	209	199	204	204
201	202	206	203	203	352	217	237	361	219	232	357	218	234	356	220	231	361	219	230	358	215	232	359	214	231	363	218	219	210	198	201	204	202	201	202
205	203	225	202	208	276	213	216	274	209	214	277	209	218	273	211	214	278	210	214	278	210	218	275	207	219	275	208	212	228	201	211	228	207	208	226
200	202	203	200	202	241	209	211	242	203	210	243	202	209	245	205	211	246	208	210	246	206	207	248	204	209	245	208	211	203	200	205	202	202	205	205
205	203	216	201	204	252	208	209	249	205	215	250	204	213	248	205	211	253	204	213	250	207	210	246	207	211	251	206	208	214	201	205	212	203	204	214
204	205	201	201	203	233	208	209	231	197	211	235	205	208	235	207	207	231	207	207	230	203	210	227	205	210	236	204	207	209	204	199	210	199	209	204
200	201	206	200	202	223	204	204	229	200	206	220	201	206	223	205	207	227	204	208	228	200	204	224	202	210	229	207	206	199	199	201	202	201	199	204
202	203	216	206	207	233	207	212	233	203	213	239	205	206	232	200	208	230	202	206	235	207	209	232	203	209	236	205	209	216	203	206	210	204	204	211
207	199	215	200	209	227	205	206	229	205	207	224	204	205	230	206	209	228	204	207	228	203	210	229	205	209	224	203	209	210	203	209	212	203	204	210
201	201	204	203	206	227	205	205	220	201	205	220	203	201	224	203	206	219	201	203	222	203	204	221	202	205	222	204	202	204	201	203	203	198	204	206
207	208	244	203	213	262	210	215	264	209	220	264	209	216	266	208	212	262	207	212	259	206	219	267	205	214	267	208	211	241	205	204	245	207	209	245
200	203	218	203	206	256	204	213	255	207	213	248	205	213	248	206	213	245	206	215	253	207	210	253	207	213	256	203	204	215	204	200	212	204	204	210
201	204	217	208	223	1035	285	367	1089	285	363	1085	286	365	1073	283	363	1081	284	362	1089	288	368	1079	278	371	1067	281	303	204	202	203	204	199	201	213
199	203	208	204	212	652	243	294	652	245	287	669	247	290	660	242	291	653	246	284	655	242	295	664	249	293	656	247	255	199	203	204	204	200	205	201
203	207	210	201	206	384	215	233	378	221	235	378	217	239	378	220	235	379	222	233	375	217	235	378	218	235	377	219	223	212	198	204	208	202	201	207
203	204	207	202	203	285	204	217	288	212	218	287	211	220	286	208	216	286	209	216	288	212	218	289	212	219	290	211	211	206	201	201	198	201	202	204
203	200	211	205	202	233	208	202	234	204	210	234	202	208	233	206	204	237	206	205	233	203	206	236	201	212	233	205	210	215	204	203	212	202	207	211
204	201	207	203	202	223	205	206	222	203	207	224	203	206	227	199	204	222	204	207	225	202	206	228	202	206	226	203	204	207	201	204	202	201	207	209
196	202	212	205	201	224	202	206	223	207	211	226	203	206	226	201	203	224	200	204	227	203	206	221	202	206	227	200	206	210	198	208	209	200	205	211
204	201	199	202	203	224	207	207	228	203	202	227	203	202	223	207	200	228	206	206	221	200	210	222	200	208	221	204	205	200	202	200	199	198	197	205
200	206	213	204	206	231	204	206	227	202	208	228	203	208	229	205	206	230	202	204	233	204	205	233	203	205	232	203	204	213	203	204	213	200	209	212
209	202	207	202	206	224	201	206	225	203	204	225	202	205	227	198	207	225	203	205	222	205	206	224	204	209	229	206	204	205	201	202	203	201	203	207
203	200	209	201	205	226	206	206	221	204	209	225	203	208	224	206	204	227	204	204	224	206	209	224	203	205	221	206	207	209	200	202	212	203	202	214
201	202	207	200	203	221	203	204	223	201	208	219	203	206	225	201	204	218	206	204	220	200	204	224	206	206	220	206	205	203	201	205	204	203	201	209
203	208	204	200	203	231	203	206	232	203	205	235	202	209	226	203	204	229	203	208	234	201	210	228	203	206	226	205	207	202	200	201	202	200	202	205
204	201	207	202	204	248	207	213	256	206	212	254	205	217	257	209	209	260	206	213	253	207	212	254	206	218	255	206	206	212	200	197	208	202	202	208
201	207	219	208	215	844	259	331	881	263	330	879	268	330	870	266	333	883	259	329	876	270	327	866	262	328	857	264	280	202	204	202	204	201	199	205
204	202	229	205	232	1195	296	396	1236	301	398	1244	305	404	1225	300	400	1240	296	402	1213	304	395	1208	296	399	1209	298	320	217	205	203	215	204	200	212
209	205	269	216	277	2938	459	734	3050	452	725	3034	465	731	3037	460	744	2988	456	742	3024	460	729	3048	463	728	3008	465	522	226	205	208	229	200	206	230
203	201	224	205	240	1559	332	470	1607	333	471	1588	336	468	1611	334	470	1586	333	465	1605	334	463	1595	327	457	1585	326	368	197	200	199	203	202	206	204
200	204	216	202	214	714	255	300	724	255	302	732	260	304	719	254	306	727	255	309	725	246	303	728	243	305	728	249	258	208	205	201	207	207	204	202
201	201	205	201	204	458	229	251	476	223	251	472	230	255	466	227	259	469	226	251	472	226	260	471	225	251	466	232	231	204	201	200	202	201	203	206
202	203	212	208	203	263	206	215	265	205	215	266	204	212	269	206	214	264	205	212	266	211	212	266	209	217	263	209	212	210	202	202	210	199	202	214
202	200	207	205	204	219	203	207	225	208	201	221	203	205	222	201	206	220	205	200	222	202	209	225	203	204	225	202	203	204	200	203	201	203	205	202
204	197	205	205	200	215	204	201	211	201	205	216	199	210	213	202	206	217	199	203	214	202	203	217	199	205	216	200	201	201	198	200	204	200	206	200
204	205	211	205	202	222	204	206	223	200	204	216	203	206	222	198	205	220	201	205	222	204	206	220	206	206	217	203	205	209	199	201	208	202	199	205
201	202	201	202	200	214	203	201	214	205	207	215	204	202	217	200	205	217	202	205	214	203	202	214	206	206	212	207	205	202	199	204	201	201	200	202
203	204	211	204	207	309	212	224	309	210	225	312	210	219	308	211	225	314	211	225	308	216	224	306	211	223	314	214	215	206	202	199	206	201	201	208
203	206	221	202	223	828	264	330	869	265	330	855	261	329	864	266	326	852	263	325	863	263	326	861	264	326	844	263	281	211	203	205	212	201	203	211
203	199	210	205	208	394	218	240	411	216	238	399	224	243	407	220	244	403	218	237	402	218	224	403	222	239	396	220	222	207	205	201	209	201	199	208
197	201	207	200	202	305	209	219	304	209	225	302	212	218	303	210	221	303	209	224	306	212	220	306	212	220	302	212	213	209	201	202	208	205	204	211
205	209	246	208	213	297	210	219	300	206	220	296	211	220	299	214	220	296	208	223	300	210	218	297	213	220	300	214	215	249	211	209	251	209	211	247
204	201	211	201	204	227	203	207	223	202	208	221	203	202	222	203	209	221	203	210	224	205	206	224	204	208	222	203	206	209	204	200	210	200	196	213
204	206	221	199	203	228	203	205	229	206	206	231	199	205	232	207	207	227	204	205	227	200	207	230	205	199	224	204	206	222	202	204	220	204	209	217
204	203	207	199	202	214	201	204	212	201	202	220	203	203	217	202	201	217	205	204	215	203	201	211	200	204	215	199	200	209	203	204	209	201	201	204
197	200	202	202	206	213	201	204	215	202	203	212	200	204	211	199	203	211	201	203	207	205	204	208	202	204	216	205	202	202	200	203	208	198	202	205
201	206	220	203	208	255	206	210	256	205	212	259	210	211	258	211	212	253	207	212	256	206	215	249	208	217	258	207	206	221	204	210	225	208	206	225
199	199	205	203	201	231	203	211	232	201	204	228	202	206	234	205	207	229	205	206	231	206	207	232	204	207	233	202	207	203	200	201	209	201	201	209
201	200	203	197	202	228	205	206	224	201	210	228	203	205	227	203	209	226	202	203	225	204	204	230	202	205	223	207	208	201	199	205	192	202	200	200
203	206	226	203	206	236	208	208	237	208	208	238	206	208	240	205	207	238	207	210	231	206	210	231	207	210	240	205	205	231	202	205	227	197	205	219
204	202	213	207	202	224	201	206	221	212	206	220	206	207	222	204	208	222	206	209	222	203	212	222	201	206	223	198	204	209	202	205	213	202	202	207
201	202	205	204	203	212	200	204	217	203	200	214	200	202	213	202	206	218	207	204	218	205	204	217	203	203	216	201	208	205	202	200	202	203	201	207
196	204	209	202	204	264	209	211	268	209	219	265	208	210	261	208	214	266	206	220	266	208	216	266	205	214	262	207	211	204	200	204	206	201	200	206
203	201	211	205	204	275	205	214	274	212	219	281	213	216	282	203	214	280	210	212	280	210	217	274	202	216	285	208	212	209	206	204	209	203	208	218
199	201	211	199	206	239	205	210	241	206	207	238	205	208	247	203	206	240	202	210	238	205	208	244	203	209	233	207	202	205	202	205	206	197	200	206
203	200	204	204	203	225	201	205	227	205	206	225	203	207	219	205	204	225	201	205	226	204	203	226	202	204	222	202	204	202	203	203	206	201	206	204
201	203	205	199	199	216	199	205	217	202	206	216	202	203	214	201	204	217	202	209	217	203	204	213	202	205	220	201	204	203	202	204	201	202	202	204
199	200	216	201	200	221	200	204	219	202	205	219	202	202	221	207	206	217	208	208	222	201	206	227	199	206	224	201	203	214	205	201	209	204	208	208
198	200	214	205	203	220	202	205	214	205	201	212	205	206	217	204	203	218	201	204	216	204	198	220	200	199	216	201	204	212	202	200	206	204	201	209
202	203	205	206	200	211	204	203	209	202	200	209	204	198	212	203	204	208	202	203	209	203	202	210	202	202	209	203	203	201	203	202	201	203	204	202
203	199	206	200	200	209	202	204	209	205	201	207	203	202	209	206	207	216	203	206	213	198	203	209	204	205	209	205	205	208	201	201	203	200	205	201
201	203	212	203	202	216	207	205	222	199	203	217	202	206	215	204	203	216	200	206	217	202	206	219	201	202	225	201	207	207	203	203	208	200	205	219
203	200	197	196	200	227	200	206	227	204	207	224	206	206	225	203	205	227	205	208	223	200	206	229	207	204	226	207	203	206	202	201	200	201	203	202
201	201	206	204	202	220	207	207	218	204	206	218	203	203	219	204	204	219	206	208	215	206	204	216	203	207	217	203	198	206	200	204	201	200	200	206
201	203	204	200	205	216	204	201	214	205	200	216	198	204	219	199	200	216	203	204	216	199	202	218	202	207	218	202	202	203	202	201	205	202	201	205
201	202	206	202	201	213	200	205	214	202	205	213	204	205	215	202	208	213	203	207	215	204	202	215	202	201	219	206	204	204	202	200	208	199	205	209
198	204	202	200	202	213	205	205	210	201	202	213	202	205	207	202	206	208	199	202	212	200	204	210	204	203	212	205	203	204	202	202	203	203	202	204
203	203	204	201	201	210	201	202	212	200	202	215	203	203	213	204	201	213	201	202	210	202	208	209	202	202	210	202	202	205	196	202	207	200	202	207
204	198	204	206	201	210	199	204	207	201	201	210	202	202	209	204	207	214	205	204	208	204	204	212	202	202	204	200	207	205	204	205	207	200	199	202
202	203	200	200	201	207	200	204	212	202	203	205	202	203	207	205	203	205	201	199	206	203	202	209	204	202	209	203	203	202	199	201	203	200	202	202
196	201	204	201	205	212	201	204	213	205	202	213	202	203	215	203	202	215	203	206	216	201	206	212	207	203	213	203	205	205	205	201	203	202	206	210
204	201	206	201	201	210	201	201	211	204	203	216	203	203	213	203	204	210	202	206	210	201	203	213	198	201	217	203	201	203	201	197	207	202	202	203
204	205	210	205	203	222	205	210	218	202	206	221	205	206	219	201	205	224	201	202	218	200	207	219	203	202	218	206	205	212	205	200	209	200	201	212
199	201	205	198	199	212	201	204	206	202	203	213	205	201	205	199	207	210	199	199	210	203	203	209	203	203	209	201	200	204	198	204	202	198	199	202
201	204	205	202	204	210	202	205	206	199	202	207	204	207	208	201	203	208	201	204	211	200	202	209	203	207	213	204	202	203	201	202	202	204	202	207
201	203	212	202	197	210	203	205	216	206	207	216	206	206	217	201	203	219	199	205	215	203	208	219	200	202	220	204	203	212	203	205	210	203	203	215
201	200	219	203	203	220	203	207	224	206	203	227	203	208	230	204	209	231	203	207	224	201	209	222	202	206	222	201	208	219	202	203	224	201	206	220
204	204	212	203	207	218	202	208	221	204	206	220	203	205	221	204	206	214	204	201	216	204	205	220	202	204	217	204	210	214	201	205	213	205	204	213
196	202	203	200	199	208	203	201	209	205	205	210	204	206	209	203	201	208	203	205	208	200	203	210	203	201	213	201	202	208	201	204	208	200	200	204
205	200	201	200	204	207	203	205	209	203	201	208	203	203	207	200	203	204	201	204	207	202	203	208	200	204	208	204	200	200	200	203	203	200	204	205
204	206	228	205	204	224	204	207	231	202	205	225	202	206	231	205	205	227	203	208	228	203	208	229	204	200	228	203	200	221	205	206	226	206	207	223
200	201	200	202	201	204	202	203	205	203	204	204	202	204	207	200	203	209	200	201	205	202	204	202	202	199	205	202	202	202	201	203	203	203	202	203
201	201	199	202	204	204	202	199	203	203	205	203	201	203	204	204	204	205	198	202	201	203	205	205	201	202	205	200	197	201	204	200	197	203	200	197
198	205	205	199	201	208	200	203	209	201	204	206	201	200	209	197	206	210	207	203	205	205	204	206	203	200	208	200	201	198	202	194	206	203	200	206
203	201	205	199	200	204	203	200	204	204	200	204	200	201	213	204	200	207	202	207	210	200	201	205	201	202	206	202	201	205	205	204	203	199	206	200
200	203	213	204	200	223	204	203	214	205	203	217	207	209	222	204	206	219	203	207	218	201	203	216	204	204	220	204	202	214	202	203	211	207	207	209
200	204	204	206	203	209	205	206	213	205	205	212	203	204	210	203	205	209	206	206	210	203	205	209	203	202	212	202	205	207	202	202	204	205	206	206
199	205	201	199	203	205	200	200	208	204	202	206	200	200	205	195	206	206	203	204	213	201	204	206	208	198	208	199	198	197	199	201	209	202	200	199
200	206	232	207	211	235	204	207	237	204	210	236	204	207	236	203	212	233	200	207	234	204	208	235	204	206	233	202	209	230	202	207	231	204	208	231
199	199	206	202	205	208	205	202	206	200	205	205	199	199	207	198	205	205	204	205	206	202	201	203	202	203	204	203	201	201	203	202	204	198	201	201
204	199	203	202	200	207	205	203	215	199	208	207	202	206	210	200	205	209	206	197	208	199	201	207	201	203	206	200	201	202	200	200	202	203	198	205
202	207	229	203	208	227	204	209	231	202	205	232	203	210	226	206	207	230	205	208	231	207	206	231	208	209	233	203	208	223	204	207	225	204	207	225
198	204	211	204	206	219	200	200	217	202	206	216	203	206	221	204	208	219	203	206	219	202	206	215	201	209	218	203	204	204	202	206	206	202	202	207
201	206	201	203	202	218	202	207	217	205	204	220	202	203	220	206	201	226	202	206	218	201	201	220	202	202	219	203	203	203	202	199	204	200	204	201
201	201	202	196	201	214	203	199	208	206	204	211	200	197	214	204	202	214	203	202	214	202	202	209	201	203	210	201	202	201	203	200	199	201	199	199
202	201	199	202	202	216	201	205	214	204	207	218	203	202	218	206	205	211	203	206	218	204	206	218	201	205	215	198	203	204	199	202	198	197	204	202
200	204	199	205	203	223	205	208	227	205	202	230	203	202	222	204	205	228	203	203	220	204	202	227	207	204	223	197	208	204	201	199	203	201	203	204
202	202	212	201	207	370	217	234	380	218	239	387	216	237	384	211	235	385	216	239	378	218	235	384	218	237	378	217	220	212	207	207	208	202	203	206
201	206	226	207	233	1427	318	435	1486	317	441	1495	322	436	1479	317	442	1470	320	442	1488	321	435	1478	319	428	1463	317	349	206	198	203	206	200	202	207
205	205	224	200	224	865	268	339	895	267	336	878	265	328	884	267	335	886	266	335	883	267	327	885	265	328	877	264	280	209	199	198	209	203	198	206
198	201	211	206	213	569	232	275	587	243	276	581	240	270	584	236	280	586	241	277	583	235	275	575	238	274	585	236	251	204	202	203	208	205	203	202
200	200	215	202	209	432	223	249	433	223	247	439	225	248	434	225	250	434	229	249	439	222	246	428	224	250	426	223	234	209	202	204	212	199	202	202
204	205	213	204	204	307	212	221	310	211	219	310	213	224	306	215	222	308	214	215	309	215	221	299	212	218	308	210	212	212	203	203	212	205	205	211
202	205	209	203	201	225	202	204	221	205	204	225	204	204	229	202	205	227	205	205	226	195	205	227	203	206	226	202	206	208	204	205	207	199	203	216
206	207	216	203	207	224	205	201	226	205	206	226	202	205	229	204	207	225	202	208	223	198	208	225	201	204	227	205	205	208	203	201	213	200	206	213
200	210	203	201	205	219	208	209	223	205	191	226	206	206	221	208	204	220	204	205	223	204	202	222	207	204	221	204	208	205	203	197	205	202	207	206
204	199	213	206	204	228	201	203	228	207	208	236	202	205	230	206	208	231	208	212	233	203	209	230	202	208	232	207	209	216	202	206	217	201	202	220
203	199	204	198	198	226	207	208	222	201	208	227	202	206	225	206	204	228	206	209	226	201	204	225	206	206	230	204	205	198	203	200	204	205	204	207
200	213	211	202	207	390	222	240	398	219	242	395	216	240	398	219	239	403	220	237	400	217	240	402	216	237	403	219	225	210	204	204	209	204	204	208
201	204	207	203	208	343	211	231	347	217	231	350	214	225	346	213	232	351	214	233	350	216	231	355	211	228	352	217	222	197	194	203	207	204	199	203
207	202	208	202	203	293	211	222	300	207	217	302	209	220	301	210	222	296	213	220	295	211	221	301	206	220	295	209	213	214	204	202	215	207	206	213
199	207	208	205	200	254	208	212	259	203	211	261	208	210	261	204	214	263	206	211	259	208	222	254	205	212	261	209	206	206	198	202	207	200	200	208
199	205	209	202	202	240	202	206	240	205	209	240	205	212	235	205	207	242	207	209	241	207	208	245	208	207	239	208	208	208	204	206	206	202	207	211
202	201	202	200	199	209	203	203	205	205	205	209	200	205	207	205	201	212	202	204	208	204	202	208	201	207	207	203	201	208	200	204	198	201	203	201
202	204	205	206	199	211	199	205	212	201	206	209	204	202	217	205	204	211	201	200	206	201	201	214	203	200	209	200	200	205	200	199	202	198	201	207
203	202	209	202	201	217	205	203	212	204	207	216	198	207	214	204	203	217	203	205	213	203	208	213	200	206	219	202	204	210	199	200	207	202	202	208
199	200	202	202	203	209	202	204	206	201	204	210	201	202	215	198	203	209	201	205	211	200	201	210	202	203	209	201	201	202	201	201	200	202	200	208
204	204	202	204	197	205	199	205	207	201	203	205	202	206	205	200	201	206	200	203	206	202	201	207	208	206	209	202	203	204	200	205	206	202	201	202
204	200	205	201	201	214	201	205	208	202	206	207	204	203	209	201	206	212	201	201	211	202	205	208	200	206	208	201	203	207	202	202	205	204	203	208
199	202	201	201	199	205	205	200	206	202	202	203	198	203	205	203	206	207	201	203	211	203	200	207	207	201	208	202	200	207	198	202	201	206	202	203
201	202	201	200	200	202	205	203	206	202	201	202	199	200	204	201	204	204	197	206	208	202	200	204	200	203	207	198	203	198	202	201	201	204	202	201
198	202	202	199	201	208	197	205	212	202	204	208	204	200	210	204	205	209	208	200	209	202	204	207	204	202	211	205	199	200	199	203	200	203	200	202
202	199	202	208	198	212	201	199	211	200	202	200	201	204	210	203	204	208	205	199	207	203	204	212	202	204	209	201	203	202	200	205	203	202	205	201
203	207	211	205	203	217	201	202	215	205	204	223	206	203	213	202	206	217	205	203	217	203	205	220	202	207	217	201	206	211	198	204	208	205	203	213
206	205	204	206	204	212	203	205	214	205	203	213	202	204	215	202	205	214	209	205	216	205	199	216	204	204	216	204	202	211	202	202	208	202	207	211
202	201	202	199	206	208	203	206	209	199	204	211	202	199	209	207	200	205	200	206	208	203	204	210	203	200	209	200	202	209	200	201	203	204	203	209
202	203	215	202	204	212	202	208	214	200	205	212	200	204	216	205	201	212	205	202	215	205	203	211	206	203	209	201	205	215	203	201	211	202	204	212
201	203	220	202	203	221	205	203	226	206	205	226	200	201	220	206	202	230	202	207	219	200	207	224	203	210	224	200	200	217	205	206	220	204	208	221
204	205	207	199	203	210	201	203	211	199	204	215	203	203	215	203	205	216	202	204	212	199	201	211	200	205	207	202	205	210	204	204	210	204	202	203
201	194	206	202	199	206	204	202	206	198	204	206	202	203	205	202	204	201	198	203	207	200	204	203	197	201	205	202	202	203	203	201	205	201	203	206
203	205	231	206	206	233	202	206	235	202	205	231	205	209	231	203	208	230	205	202	233	206	211	229	206	206	231	204	205	234	203	207	233	207	206	229
200	200	209	200	199	209	205	205	203	202	199	207	201	202	201	201	200	204	202	206	205	204	199	207	201	204	205	202	201	205	198	204	204	204	205	203
201	200	205	198	204	209	201	204	207	200	200	211	198	205	210	196	201	208	206	199	212	199	200	208	199	201	210	202	204	211	203	202	210	202	203	209
204	204	204	204	197	206	202	201	204	206	199	209	203	200	205	204	204	203	205	206	206	199	199	203	202	204	207	195	202	205	198	202	203	202	202	202
201	201	205	199	198	208	201	203	208	203	200	206	202	201	208	202	203	203	202	205	206	203	201	206	200	201	203	199	199	203	203	203	206	198	199	207
201	201	210	208	200	212	203	206	207	201	206	207	202	203	208	203	206	211	202	203	210	202	200	212	203	203	210	201	203	208	204	203	210	204	203	207
199	204	208	198	203	210	203	202	208	201	204	210	205	202	211	199	205	208	203	201	208	198	204	212	199	202	214	203	204	208	201	201	205	202	204	210
202	205	203	204	203	210	199	201	202	199	201	203	201	205	202	198	201	205	201	201	204	202	203	197	203	201	200	202	192	200	198	202	203	199	205	204
204	202	209	203	198	213	199	200	209	202	205	209	204	205	209	199	202	208	203	200	210	200	201	208	201	201	213	207	203	211	204	204	211	202	204	210
206	199	202	201	204	206	199	203	200	200	197	201	200	202	202	201	200	201	203	201	203	200	201	201	201	200	197	200	203	203	202	198	204	201	201	199
201	204	217	204	202	214	202	202	214	206	206	214	206	207	215	201	206	221	200	205	214	197	204	215	206	206	213	202	202	219	201	204	214	206	205	213
201	203	207	205	203	211	204	202	207	204	202	202	198	206	210	204	200	208	204	203	208	202	202	210	201	203	209	202	204	205	202	201	204	202	201	208
204	202	207	202	200	211	202	203	209	201	201	209	200	204	214	204	200	208	203	205	212	204	197	210	201	205	206	205	204	212	202	203	207	197	202	210
201	200	207	202	202	209	202	202	212	201	202	211	205	201	210	202	201	207	205	203	211	204	204	210	202	203	210	199	201	213	201	202	210	201	203	209
204	200	209	204	201	208	202	204	207	205	203	204	204	204	205	205	207	205	193	202	210	204	202	210	202	205	208	204	202	203	202	204	204	201	199	205
199	204	206	199	202	209	202	203	211	201	206	211	200	204	209	201	205	207	204	201	212	201	199	207	203	198	209	201	199	207	201	204	206	201	197	209
203	200	208	198	202	205	204	201	210	203	194	206	202	204	209	202	203	204	202	206	203	202	203	201	203	200	210	208	203	203	203	200	205	203	200	205
201	202	206	202	205	210	196	204	208	198	198	208	203	204	206	202	204	209	200	203	207	201	204	210	205	200	210	201	206	204	199	200	207	201	202	207
198	202	206	201	200	208	199	203	207	202	202	206	200	203	210	200	206	210	205	202	209	203	200	207	202	201	207	202	199	205	207	203	208	202	205	206
203	204	207	201	201	210	206	204	206	203	205	193	202	198	207	200	203	209	203	204	207	203	200	208	204	205	206	201	201	207	199	200	213	204	202	207
204	201	204	200	200	207	197	202	201	207	203	207	199	201	204	200	203	205	203	202	203	204	202	204	199	203	200	200	203	198	198	199	205	201	200	206
197	200	199	200	204	218	202	206	218	205	202	214	204	206	217	203	205	215	205	199	215	202	202	215	200	203	220	202	205	202	202	205	204	198	200	204
202	201	214	203	205	266	209	214	269	209	216	270	205	215	273	209	215	270	205	214	273	210	211	264	212	218	267	207	207	205	203	205	210	197	206	209
206	206	211	200	204	258	209	210	260	209	205	255	212	212	262	203	210	264	208	210	258	206	214	261	208	216	260	206	208	213	203	201	210	200	206	213
200	203	205	202	203	237	207	210	244	210	209	244	204	207	241	203	211	244	208	208	241	205	209	243	202	211	242	208	196	204	196	203	205	200	204	207
203	202	198	199	204	229	206	208	228	202	205	229	199	204	231	204	207	226	200	204	226	205	206	227	202	207	232	199	208	205	200	198	202	200	206	204
199	202	212	204	204	223	206	205	223	207	204	224	204	205	224	206	206	228	204	200	220	204	204	230	202	204	225	207	210	214	205	201	214	202	205	215
202	204	207	198	203	208	198	206	215	200	207	213	202	203	210	200	203	208	206	203	211	205	201	209	199	202	215	200	203	210	203	200	208	207	203	209
201	207	224	205	206	226	203	205	225	201	204	225	199	209	228	204	207	222	209	207	223	207	205	224	205	204	224	204	208	222	205	206	221	205	207	219
204	207	215	200	204	214	198	205	215	198	202	219	205	204	214	201	207	215	200	204	210	206	204	215	204	202	213	204	204	215	203	200	220	205	208	211
205	204	206	202	200	209	203	206	206	201	201	207	200	206	208	201	204	208	198	200	205	203	204	208	208	200	207	200	204	203	201	201	205	197	206	208
201	205	220	202	204	215	198	205	218	198	206	217	207	205	213	203	204	220	206	202	218	205	207	219	203	204	218	201	206	216	204	200	217	202	209	214
206	204	200	204	198	204	204	203	206	200	201	203	199	199	203	204	203	202	203	203	201	203	204	201	203	200	204	204	203	205	201	204	205	196	200	204
201	206	208	204	202	210	199	202	208	201	199	206	200	202	214	201	202	213	201	205	206	204	201	209	202	204	208	204	206	208	198	211	207	207	205	209
204	200	211	204	201	210	199	204	210	203	206	212	204	204	205	203	202	211	203	203	217	201	205	208	204	203	213	205	201	214	202	203	199	200	201	212
200	201	200	202	200	210	200	201	207	198	201	207	203	204	212	203	205	209	201	199	206	202	201	204	202	198	205	201	203	204	202	202	203	201	201	203
198	208	204	200	203	207	202	202	210	201	206	208	205	202	209	199	200	211	202	202	209	202	203	205	201	200	205	202	201	202	205	204	201	203	202	205
202	202	213	201	205	212	202	203	213	204	205	209	199	207	214	201	202	215	200	203	213	204	205	213	203	202	214	204	202	208	203	201	209	203	203	209
206	204	220	202	204	220	204	209	225	203	205	221	203	202	218	203	207	222	203	205	226	204	203	221	205	208	229	203	206	216	206	204	224	206	209	224
200	205	208	202	202	210	201	204	202	198	209	208	202	204	212	198	204	205	204	201	208	203	192	207	199	205	211	202	204	206	203	202	207	195	203	204
202	206	221	203	197	213	206	205	218	206	204	221	201	202	219	200	205	217	202	199	219	204	204	215	207	198	219	201	206	213	206	204	217	202	203	216
203	204	207	199	205	209	199	208	205	202	204	206	197	201	204	201	200	205	198	203	204	201	205	210	200	201	205	199	210	207	200	200	210	198	199	205
200	204	209	201	205	210	204	203	209	202	207	210	198	205	211	202	202	212	203	201	208	204	204	210	201	201	209	204	204	207	204	201	207	204	204	206
204	201	217	202	205	208	204	201	215	201	203	216	203	202	219	203	201	218	201	205	219	203	206	216	206	203	218	201	207	215	204	204	215	203	205	214
202	201	210	202	202	209	200	202	210	202	202	207	198	204	210	201	204	205	201	199	211	203	203	208	197	205	210	199	209	210	215	203	211	202	202	206
204	203	202	202	203	202	201	200	203	204	204	203	201	200	200	202	202	202	199	201	204	204	200	200	198	201	201	201	201	201	202	203	202	200	202	201
207	204	207	203	204	214	206	201	211	200	206	212	199	203	211	200	203	213	204	202	213	200	203	211	202	202	212	206	208	211	202	204	207	201	199	212
202	203	208	198	204	206	204	201	206	205	206	203	202	205	206	201	198	208	207	202	207	207	205	210	201	198	206	200	202	210	204	202	205	201	202	208
204	204	211	201	198	214	199	203	212	201	204	212	202	202	215	200	203	211	203	203	212	201	203	212	201	203	213	204	203	211	204	206	212	202	205	213
201	203	210	203	203	216	197	205	213	201	207	206	203	204	206	206	200	207	204	210	213	201	203	215	202	199	205	202	203	209	200	204	210	205	201	209
201	202	208	198	203	207	202	206	207	206	200	206	201	204	209	204	206	209	203	205	209	200	201	207	200	204	207	201	201	208	203	201	206	198	202	207
204	199	205	201	204	211	206	205	209	203	203	211	204	205	206	202	205	211	198	202	206	205	205	202	203	203	209	200	205	206	202	202	208	206	206	210
204	204	210	202	203	210	202	202	213	201	204	211	204	205	211	203	206	209	204	204	211	200	203	210	204	203	214	202	198	214	200	202	209	202	202	210
205	202	210	201	203	205	199	204	207	202	203	209	201	204	212	200	200	209	208	201	206	201	204	207	205	203	208	200	202	203	203	198	212	202	203	202
202	202	211	203	202	209	207	201	211	198	203	214	202	205	211	206	207	212	203	202	212	201	201	209	203	205	217	203	199	212	205	203	215	200	205	210
205	203	199	202	201	206	202	204	205	202	202	203	202	191	204	202	205	204	200	201	204	194	204	201	206	204	209	201	206	199	203	202	204	200	206	205
\machine::top.usb650:setup:su_maj_r1
0
1
1
29.000000
\machine::top.usb650:setup:su_z1
0
1
1
-1.000000
\machine::top.usb650:setup:su_phi1
0
1
1
157.500000
\machine::top.usb650:setup:su_maj_r2
0
1
1
29.000000
\machine::top.usb650:setup:su_z2
0
1
1
1.000000
\machine::top.usb650:setup:su_phi2
0
1
1
157.500000
\machine::top.usb650:setup:su_ft
1
1
1
50mm, P1000-2-UV/VIS EOS00019, 727-733-2447
\machine::top.usb650:comments
1
1
1
relative to track.
\machine::top.usb650:framing:frm_int
0
1
36
100
200
1000
100
200
1000
100
200
1000
100
200
1000
100
200
1000
100
200
1000
100
200
1000
100
200
1000
100
200
1000
100
200
1000
100
200
1000
100
200
1000
