\machine::top.usb650:setup:su_pixels
0
1
1
651
\machine::top.usb650:framing:frm_n
0
1
1
36
\machine::top.usb650:calib:wve_spec
0
1
651
350
351
352
353
354
355
356
357
358
359
360
361
362
363
364
365
366
367
368
369
370
371
372
373
374
375
376
377
378
379
380
381
382
383
384
385
386
387
388
389
390
391
392
393
394
395
396
397
398
399
400
401
402
403
404
405
406
407
408
409
410
411
412
413
414
415
416
417
418
419
420
421
422
423
424
425
426
427
428
429
430
431
432
433
434
435
436
437
438
439
440
441
442
443
444
445
446
447
448
449
450
451
452
453
454
455
456
457
458
459
460
461
462
463
464
465
466
467
468
469
470
471
472
473
474
475
476
477
478
479
480
481
482
483
484
485
486
487
488
489
490
491
492
493
494
495
496
497
498
499
500
501
502
503
504
505
506
507
508
509
510
511
512
513
514
515
516
517
518
519
520
521
522
523
524
525
526
527
528
529
530
531
532
533
534
535
536
537
538
539
540
541
542
543
544
545
546
547
548
549
550
551
552
553
554
555
556
557
558
559
560
561
562
563
564
565
566
567
568
569
570
571
572
573
574
575
576
577
578
579
580
581
582
583
584
585
586
587
588
589
590
591
592
593
594
595
596
597
598
599
600
601
602
603
604
605
606
607
608
609
610
611
612
613
614
615
616
617
618
619
620
621
622
623
624
625
626
627
628
629
630
631
632
633
634
635
636
637
638
639
640
641
642
643
644
645
646
647
648
649
650
651
652
653
654
655
656
657
658
659
660
661
662
663
664
665
666
667
668
669
670
671
672
673
674
675
676
677
678
679
680
681
682
683
684
685
686
687
688
689
690
691
692
693
694
695
696
697
698
699
700
701
702
703
704
705
706
707
708
709
710
711
712
713
714
715
716
717
718
719
720
721
722
723
724
725
726
727
728
729
730
731
732
733
734
735
736
737
738
739
740
741
742
743
744
745
746
747
748
749
750
751
752
753
754
755
756
757
758
759
760
761
762
763
764
765
766
767
768
769
770
771
772
773
774
775
776
777
778
779
780
781
782
783
784
785
786
787
788
789
790
791
792
793
794
795
796
797
798
799
800
801
802
803
804
805
806
807
808
809
810
811
812
813
814
815
816
817
818
819
820
821
822
823
824
825
826
827
828
829
830
831
832
833
834
835
836
837
838
839
840
841
842
843
844
845
846
847
848
849
850
851
852
853
854
855
856
857
858
859
860
861
862
863
864
865
866
867
868
869
870
871
872
873
874
875
876
877
878
879
880
881
882
883
884
885
886
887
888
889
890
891
892
893
894
895
896
897
898
899
900
901
902
903
904
905
906
907
908
909
910
911
912
913
914
915
916
917
918
919
920
921
922
923
924
925
926
927
928
929
930
931
932
933
934
935
936
937
938
939
940
941
942
943
944
945
946
947
948
949
950
951
952
953
954
955
956
957
958
959
960
961
962
963
964
965
966
967
968
969
970
971
972
973
974
975
976
977
978
979
980
981
982
983
984
985
986
987
988
989
990
991
992
993
994
995
996
997
998
999
1000
\machine::top.usb650:framing:frm_start
0
1
36
0.000000
0.218750
0.640625
2.703125
2.921875
3.343750
5.406250
5.625000
6.046875
8.093750
8.312500
8.734375
10.796875
11.015625
11.437500
13.500000
13.703125
14.125000
16.187500
16.406250
16.828125
18.890625
19.109375
19.531250
21.578125
21.796875
22.218750
24.281250
24.500000
24.921875
26.984375
27.203125
27.625000
29.687500
29.890625
30.312500
\machine::top.usb650:raw_spectra
0
2
651
36
202	202	204	203	198	209	201	201	210	203	201	207	201	200	207	203	201	208	204	198	208	200	198	210	197	199	208	203	200	203	199	199	201	197	199	204
197	202	207	204	205	212	208	203	217	200	201	214	199	203	215	200	200	211	200	204	213	200	202	215	203	199	215	205	208	211	204	199	212	204	202	212
198	199	202	202	203	207	196	200	203	205	203	209	204	197	206	205	204	208	204	203	203	197	202	210	200	202	207	199	199	200	203	198	205	199	200	202
199	201	203	199	200	204	200	204	210	199	202	209	200	200	209	200	202	209	203	202	210	202	202	212	203	206	211	198	205	203	196	199	204	200	201	199
197	202	202	197	201	215	202	204	218	198	200	216	206	210	218	199	203	224	203	207	221	202	205	218	202	203	217	203	204	208	200	202	202	202	202	203
203	199	211	204	200	225	206	206	226	204	204	225	201	211	227	209	207	227	203	205	228	206	205	229	204	207	228	198	206	210	198	201	210	204	204	211
204	200	205	201	208	227	204	205	226	206	205	227	203	205	223	203	207	226	203	205	230	202	205	228	205	209	223	202	207	211	199	202	211	203	203	210
201	201	202	201	201	219	203	211	221	202	201	218	202	207	221	201	201	222	199	208	228	201	203	220	202	206	221	199	207	197	194	201	201	201	202	203
201	205	214	202	202	236	205	208	244	207	211	240	200	208	242	204	207	241	205	209	243	204	211	240	201	210	248	204	210	214	202	204	217	199	206	212
199	200	198	202	204	217	205	206	223	205	209	222	204	207	219	203	204	218	201	203	219	201	204	219	205	202	222	200	210	205	202	201	201	202	202	203
200	202	208	202	208	220	204	206	220	202	207	221	202	204	224	198	205	221	205	207	221	203	201	223	204	206	219	204	206	209	204	204	202	205	202	209
200	202	199	198	205	215	206	206	213	197	204	213	202	200	221	202	205	218	204	200	221	205	205	213	202	204	218	202	206	206	201	202	200	206	200	202
201	203	219	203	202	232	204	205	233	205	208	231	204	210	233	204	208	233	206	207	230	204	207	237	204	204	234	206	207	217	203	207	221	204	204	215
201	204	204	200	201	217	201	207	217	204	203	214	200	206	216	201	209	217	202	204	216	207	201	218	206	205	219	205	207	204	201	203	201	205	200	202
204	203	218	207	205	226	202	209	234	202	206	237	202	210	230	203	209	232	203	206	232	207	206	234	203	209	233	202	207	212	203	201	219	203	207	217
201	202	206	201	201	220	205	205	218	202	204	217	206	205	223	203	206	222	199	204	222	204	202	225	201	213	221	206	206	206	199	202	205	200	203	203
201	201	197	200	203	221	205	205	219	202	205	219	203	207	225	205	205	219	205	203	222	203	207	221	198	204	219	203	204	202	202	202	203	201	202	205
204	200	204	200	203	222	205	205	221	202	209	221	204	206	226	206	204	221	202	205	216	200	209	221	203	206	224	206	205	200	203	204	198	197	201	202
203	203	203	199	201	222	203	204	225	203	205	221	203	206	221	203	202	220	202	204	220	202	205	219	205	205	220	205	208	200	201	200	200	200	206	203
204	200	208	203	202	219	201	205	228	202	206	221	202	208	221	203	206	223	201	208	226	203	206	219	203	205	227	203	204	206	203	201	203	203	206	205
203	201	205	200	203	229	204	200	228	204	206	226	204	209	224	204	209	230	205	205	231	204	208	226	208	206	231	204	207	207	206	203	207	198	203	212
202	203	199	205	200	230	203	207	236	207	204	231	203	209	233	206	210	232	207	211	237	205	207	232	207	205	238	203	209	206	205	201	202	200	204	206
202	200	203	206	200	260	209	217	261	211	211	261	207	215	263	207	213	262	210	213	268	208	213	268	207	214	264	205	217	209	205	203	207	202	206	204
200	202	207	198	208	254	204	208	252	210	209	255	208	214	253	201	215	250	205	215	251	205	214	253	209	213	255	208	209	202	202	204	208	204	201	210
202	203	213	202	203	238	205	209	238	203	210	238	206	208	240	207	206	236	206	210	243	202	207	238	208	207	242	208	209	211	201	205	213	205	207	209
204	205	226	205	212	265	208	217	269	212	217	269	209	218	269	204	216	271	209	217	271	208	217	273	204	214	265	213	216	223	207	204	228	205	210	225
206	205	205	203	208	268	210	213	272	210	216	275	211	217	272	214	217	269	210	219	279	210	214	274	204	217	273	210	217	203	204	205	206	205	200	203
202	203	207	201	205	283	212	216	278	210	216	279	213	220	283	213	219	278	209	221	284	209	222	282	211	219	281	209	213	202	201	204	206	201	203	208
203	209	222	204	206	285	211	220	290	213	220	287	210	219	295	213	219	298	211	220	299	209	221	301	216	219	299	213	220	223	206	209	228	204	207	225
205	201	208	203	203	268	210	214	272	210	218	272	204	219	278	208	213	277	213	218	273	214	217	273	210	216	277	209	216	205	201	203	206	201	208	202
202	198	207	203	207	299	210	222	300	212	223	301	216	220	297	212	222	299	214	219	299	206	222	305	212	223	300	216	219	205	202	203	204	206	205	204
199	201	206	201	206	281	215	218	285	213	218	286	211	217	290	214	217	277	210	219	282	210	218	289	209	218	290	211	216	202	199	203	205	204	204	204
204	207	215	200	207	293	210	219	302	212	225	296	212	222	303	214	226	298	211	221	300	212	219	300	213	219	299	212	214	205	202	204	204	203	206	206
204	205	215	204	208	327	212	226	329	218	227	329	217	224	329	215	228	326	217	226	333	217	227	329	211	224	322	218	223	222	205	205	218	207	207	217
206	206	207	204	206	377	218	239	381	218	235	378	220	237	376	218	233	377	220	239	381	223	234	381	216	241	379	219	231	206	204	203	205	203	203	205
204	203	211	203	203	374	220	239	391	224	236	379	220	236	379	216	239	376	220	235	385	219	240	383	220	239	383	216	234	210	206	208	209	203	205	206
201	198	203	200	204	363	221	238	367	222	234	367	220	232	377	221	234	367	220	232	374	218	236	378	219	238	372	220	237	202	204	203	206	201	206	201
208	203	214	208	211	364	215	235	370	217	237	366	220	233	365	219	228	358	216	235	367	220	230	373	219	235	375	219	229	211	203	202	208	201	206	211
203	200	202	204	207	321	215	227	320	215	226	323	220	225	321	214	228	323	214	227	328	213	224	326	212	227	326	222	225	202	207	204	203	204	204	205
201	201	205	198	206	283	209	217	286	208	218	286	212	213	283	215	221	289	212	224	283	211	220	286	208	220	292	214	217	203	202	201	201	204	205	202
203	204	209	204	202	277	211	217	278	206	216	277	210	217	282	213	219	270	209	212	273	209	217	277	212	218	276	205	217	208	207	201	206	201	201	204
203	204	208	206	205	296	210	222	303	210	220	312	216	220	302	214	221	304	211	220	309	213	221	303	211	222	305	211	219	206	206	208	206	203	206	210
201	205	205	206	200	374	223	236	379	221	235	380	220	237	376	220	240	386	217	239	375	219	233	378	223	241	378	219	234	202	204	207	203	203	204	205
202	202	207	208	204	383	224	236	388	225	233	388	221	242	388	224	240	382	222	238	389	221	242	379	216	243	392	221	239	207	202	205	204	205	204	204
209	203	213	205	206	417	225	246	429	226	245	433	222	245	432	226	251	424	225	243	422	228	250	432	223	249	427	224	250	208	203	201	210	199	205	211
203	203	207	206	207	337	213	229	340	219	231	344	217	229	349	216	227	342	217	228	349	217	228	345	215	236	345	218	228	206	201	203	203	203	203	206
203	202	203	203	204	336	217	232	342	220	231	344	215	229	340	214	228	346	220	230	343	214	226	345	218	232	339	218	233	208	201	196	207	201	205	205
204	199	209	206	203	314	215	223	322	212	229	323	211	230	322	214	222	324	217	226	322	215	229	326	212	221	325	218	224	206	205	202	210	203	203	210
203	204	205	203	206	308	212	225	311	216	221	321	216	224	316	219	225	316	215	226	315	210	226	319	214	228	320	215	223	204	200	202	207	201	202	205
206	203	198	198	206	347	217	229	353	215	235	341	217	232	354	215	225	350	219	236	352	217	235	354	218	230	348	220	232	209	203	202	212	202	206	211
205	202	204	206	208	478	231	261	483	230	256	479	233	256	490	231	256	485	231	262	488	230	253	491	230	259	484	230	260	203	204	204	203	204	204	207
199	206	204	210	213	540	241	274	573	238	269	567	240	274	565	241	276	550	239	275	565	236	280	560	241	276	559	234	274	204	199	200	203	204	201	200
206	205	214	203	206	450	229	254	461	222	252	461	231	253	464	231	253	462	232	254	470	226	253	458	230	254	462	227	252	206	202	207	211	207	204	204
202	203	215	207	211	573	238	272	589	240	278	598	242	282	600	237	285	590	237	283	595	243	280	600	246	285	587	241	276	213	206	208	208	203	206	210
200	202	216	207	212	665	247	296	680	247	296	694	251	293	689	254	297	689	248	295	690	257	298	686	248	296	699	252	298	205	202	204	206	202	204	209
203	203	216	209	209	494	232	262	503	232	263	508	235	264	504	235	261	509	230	265	509	234	263	498	231	270	503	233	259	212	204	203	210	206	201	211
205	202	206	205	211	679	246	299	699	254	298	717	253	306	714	255	306	715	258	297	719	257	303	714	246	308	721	254	295	202	204	207	203	204	204	205
205	206	207	202	211	817	266	326	843	260	326	856	267	328	858	269	329	854	268	330	857	265	332	855	263	330	863	266	327	206	201	202	205	204	205	211
201	203	209	203	210	512	234	274	523	237	266	540	245	264	536	236	265	530	237	267	530	239	272	537	237	269	533	233	265	207	201	206	205	206	202	202
206	201	209	205	206	509	234	273	520	235	262	529	236	270	521	230	265	520	237	268	528	230	261	525	236	266	524	236	265	210	201	210	204	203	203	203
202	201	207	204	208	551	240	271	574	239	277	578	242	273	578	240	271	563	236	270	577	239	279	571	240	278	570	238	271	204	201	202	205	205	205	201
204	203	204	205	206	377	227	241	398	221	239	398	218	238	390	221	243	399	220	240	395	220	240	394	218	244	390	223	236	202	203	203	204	204	204	201
204	205	204	202	205	485	229	263	501	233	265	502	234	264	499	233	261	514	234	264	506	238	262	503	228	260	501	233	262	211	200	203	206	202	202	206
200	206	212	207	206	486	230	258	485	233	256	486	233	258	480	233	262	484	232	257	491	232	260	495	229	261	489	228	259	207	199	203	205	203	207	208
203	204	207	207	205	388	223	239	404	222	243	399	219	241	398	221	239	407	221	240	398	222	243	397	224	244	404	223	242	208	203	207	206	204	205	203
205	206	219	211	220	991	285	357	1019	277	352	1006	281	357	998	282	363	1002	273	357	993	275	362	1016	282	354	1002	280	354	214	206	204	213	205	202	211
205	205	208	206	212	739	262	310	748	261	316	749	255	308	751	259	310	737	252	304	740	253	310	737	253	317	741	253	302	210	199	208	205	204	202	209
207	206	215	210	211	508	239	268	528	235	266	525	233	269	520	233	270	527	237	267	524	233	264	532	236	265	539	231	265	215	203	204	207	209	206	211
203	207	217	211	214	765	260	316	792	260	322	798	260	312	796	254	313	778	256	316	783	264	318	778	264	319	784	258	310	213	204	207	212	208	206	209
212	203	223	217	231	1956	369	536	2001	372	533	2022	368	535	2023	368	533	1992	371	528	1991	372	542	1989	370	545	1992	361	533	212	207	204	206	213	206	209
204	202	220	212	224	1233	302	407	1268	305	410	1267	306	404	1266	306	406	1263	304	406	1260	298	415	1271	305	406	1264	301	398	213	208	203	209	207	203	210
206	205	213	206	211	581	239	285	596	242	279	601	246	283	599	240	284	607	240	279	599	246	280	598	240	284	599	244	274	205	203	205	209	201	201	206
204	204	216	206	212	916	271	342	958	270	349	953	277	345	954	277	348	961	278	344	971	276	351	977	277	345	955	278	342	208	202	208	210	203	204	210
202	200	211	207	207	683	250	299	691	252	293	691	253	299	690	256	299	691	253	304	706	246	299	697	250	307	711	251	298	206	201	202	204	204	205	210
202	205	213	205	211	490	230	257	499	232	253	491	230	266	494	233	255	501	230	263	498	230	258	498	236	265	497	231	263	202	201	203	204	207	200	209
201	204	220	213	223	1348	313	428	1406	320	424	1403	315	426	1410	318	427	1391	307	425	1417	318	427	1408	316	428	1405	314	419	210	203	202	207	204	200	209
203	201	222	217	226	1937	367	540	2002	368	534	2026	368	533	2017	367	541	2021	375	541	2052	370	546	2039	371	537	2030	373	529	209	200	205	202	206	203	201
206	210	244	223	232	1907	361	532	1968	362	524	1991	367	527	2000	366	535	1973	372	531	2011	371	540	1990	367	532	2000	367	524	232	209	207	227	208	207	224
203	205	212	212	216	895	269	339	939	272	336	943	279	351	944	271	348	948	278	358	943	272	347	944	270	345	954	275	342	207	209	204	207	205	204	208
207	202	214	212	214	841	265	328	865	264	325	873	267	327	863	267	331	872	269	333	874	268	331	872	268	331	869	262	326	207	204	201	208	206	205	206
200	202	209	204	211	720	255	310	753	249	312	755	252	305	762	255	311	760	258	303	761	262	308	771	260	318	759	261	313	208	204	203	206	205	202	206
203	201	207	209	208	501	230	269	531	228	263	524	239	262	523	236	270	522	233	267	517	238	264	527	240	271	524	241	263	197	204	203	204	205	202	203
201	210	238	210	223	1004	284	360	1050	283	367	1043	284	363	1036	281	360	1045	278	364	1057	280	366	1048	289	364	1064	284	361	232	202	206	233	206	211	235
204	204	224	214	221	1562	331	457	1644	335	457	1635	333	460	1643	337	463	1658	336	459	1659	336	464	1647	333	474	1673	336	459	214	204	206	219	205	206	220
203	206	231	219	237	4090	757	1384	4090	778	1371	4090	794	1387	4090	791	1408	4090	789	1399	4090	774	1425	4090	791	1420	4090	783	1378	214	203	204	211	204	207	209
206	206	221	210	221	4249	473	769	4194	481	758	4181	488	769	4182	489	782	4179	494	768	4164	488	786	4178	486	778	4174	486	764	213	206	199	207	202	203	209
204	206	225	209	222	1664	346	482	1679	339	488	1658	342	487	1679	339	486	1697	348	486	1682	347	492	1686	349	488	1694	350	476	222	204	205	215	205	209	218
209	213	250	213	222	1286	310	405	1343	311	409	1345	309	423	1359	309	427	1348	312	415	1364	310	423	1365	314	419	1360	313	413	245	208	211	245	211	206	243
203	203	216	208	211	820	264	331	862	264	330	864	266	326	852	270	336	858	262	324	865	265	328	864	257	330	863	267	317	210	201	205	205	206	207	210
208	205	215	213	214	1480	326	448	1527	331	458	1545	330	453	1551	325	446	1573	327	458	1558	330	454	1549	333	463	1548	333	451	208	207	201	208	205	201	209
205	206	218	208	210	1103	292	384	1154	293	389	1170	302	381	1167	293	384	1165	297	391	1161	297	394	1155	297	381	1169	298	380	208	206	200	206	202	202	209
205	207	222	208	215	1041	286	360	1080	292	367	1100	290	364	1081	285	373	1099	284	375	1094	288	375	1090	286	371	1105	281	361	216	208	207	215	202	209	214
209	201	215	211	229	3625	532	867	3793	531	885	3806	542	888	3818	542	894	3836	540	913	3863	541	906	3856	530	909	3841	553	872	201	206	206	205	203	205	209
205	207	209	207	215	1811	359	520	1882	359	513	1909	365	523	1916	356	530	1913	362	522	1919	365	527	1912	365	531	1922	365	517	206	207	201	208	205	205	209
203	206	210	206	211	763	263	314	790	260	314	796	261	325	789	249	317	792	255	313	807	260	323	804	261	315	800	262	319	203	205	206	206	204	203	205
206	209	213	207	208	411	226	244	421	225	250	423	225	242	413	219	248	425	228	248	418	222	248	422	228	246	426	225	249	210	205	201	207	202	208	210
207	207	212	210	207	398	219	245	402	220	239	402	225	245	408	220	244	402	225	242	391	220	244	407	222	242	404	221	238	214	204	202	210	207	205	210
205	204	215	205	214	678	250	301	700	251	300	708	249	299	706	254	297	702	253	302	708	252	304	710	255	304	716	251	297	210	203	204	206	206	202	209
207	203	213	211	211	605	248	290	624	247	285	646	247	288	635	245	288	630	245	290	641	242	287	640	247	291	646	245	287	210	203	205	207	204	205	213
206	200	216	202	207	444	229	256	453	228	252	466	221	254	452	226	251	462	225	254	458	228	255	463	228	247	465	228	256	210	205	203	212	203	193	211
204	203	208	207	210	587	242	281	607	240	282	610	248	277	607	240	284	613	240	278	603	242	286	604	239	282	602	244	282	207	204	203	206	204	203	206
200	205	220	208	211	566	241	276	570	239	275	578	237	275	569	239	281	573	238	275	572	241	278	582	242	281	575	237	281	210	204	205	209	202	208	209
206	204	212	202	214	486	232	256	490	233	262	495	230	261	507	230	261	496	231	265	498	232	261	500	226	266	497	228	256	205	203	202	205	204	204	205
204	203	219	205	215	606	244	286	644	244	283	641	244	284	622	244	282	622	244	296	632	248	293	634	247	286	632	244	289	209	208	204	208	209	207	205
208	201	213	210	220	1340	310	421	1401	317	419	1412	313	427	1410	306	426	1395	317	433	1388	314	430	1412	313	432	1422	318	430	209	206	205	208	199	202	206
202	203	217	212	213	722	255	312	741	253	308	726	253	307	748	252	311	756	252	314	751	255	312	753	253	311	764	251	309	214	203	203	212	204	202	212
202	205	218	210	212	537	238	275	566	241	272	557	238	271	566	236	272	566	237	277	570	239	275	560	233	276	556	237	270	211	202	201	207	204	206	210
206	205	219	209	214	1040	285	367	1073	282	366	1076	294	366	1085	285	368	1078	291	371	1083	281	380	1074	289	371	1086	286	360	212	205	200	207	206	203	205
204	209	219	212	226	2275	395	606	2356	400	611	2363	399	603	2346	401	603	2362	400	601	2382	395	609	2364	402	617	2418	401	608	208	201	204	210	204	207	206
203	207	216	208	214	1502	328	460	1564	324	460	1592	337	468	1577	328	464	1595	328	469	1595	334	470	1599	335	464	1586	338	456	205	203	203	203	200	201	203
199	210	226	214	231	3515	516	840	3665	527	870	3703	518	864	3684	529	869	3708	525	873	3719	529	889	3730	530	869	3704	535	860	209	199	205	210	205	211	209
202	205	220	212	223	2040	372	567	2126	380	569	2148	384	569	2151	386	566	2172	384	579	2199	385	580	2165	382	576	2167	391	563	205	207	202	208	209	205	206
204	205	218	209	221	925	274	348	951	274	348	963	274	342	956	280	353	971	270	359	963	276	352	980	279	351	970	277	343	210	203	203	212	200	202	212
204	205	215	208	208	571	240	275	591	244	276	591	235	282	586	235	280	594	241	276	589	241	286	597	238	282	598	241	279	214	204	203	210	201	204	208
200	207	214	207	212	447	229	254	455	229	252	470	230	253	448	229	256	454	231	257	458	223	260	461	223	254	463	228	249	210	205	202	210	201	204	212
208	213	243	214	218	1159	297	389	1199	293	389	1224	293	385	1207	296	390	1202	297	392	1212	294	390	1210	299	393	1223	296	388	231	205	206	235	209	210	239
204	209	237	209	216	688	252	304	701	251	303	707	253	305	706	254	302	707	253	306	700	253	305	705	254	303	710	254	305	233	206	208	230	207	200	237
202	203	205	208	209	450	228	250	454	228	256	458	228	256	458	228	253	459	226	255	457	227	253	464	229	253	458	229	251	207	202	207	202	205	200	205
202	204	209	204	208	380	223	235	389	221	238	386	221	235	388	219	242	388	220	237	388	224	246	384	221	241	387	222	234	197	201	206	208	205	205	207
203	206	212	209	211	424	222	249	432	225	249	430	221	249	428	221	248	424	228	243	431	227	245	421	222	249	425	227	248	213	205	208	210	200	205	214
205	202	212	204	209	449	229	250	458	227	255	458	230	254	456	229	251	449	227	252	460	226	250	456	228	250	456	231	251	207	203	208	207	204	202	207
206	205	211	204	207	438	224	246	437	222	246	436	225	250	449	225	253	444	223	249	441	227	250	449	229	250	439	229	244	202	203	201	203	200	203	206
206	205	215	210	215	1337	312	421	1402	310	424	1385	313	428	1396	310	435	1404	315	430	1418	309	429	1404	315	432	1411	316	424	207	203	199	214	204	202	212
203	203	218	212	215	1595	337	471	1682	335	480	1694	336	480	1681	342	497	1706	347	478	1717	332	487	1729	340	487	1695	342	479	211	203	205	210	198	203	211
200	207	218	210	212	732	259	315	760	258	314	764	255	318	760	255	307	762	264	312	766	260	310	760	262	313	769	259	313	216	200	202	214	204	207	212
200	206	215	203	213	610	244	285	621	241	289	637	247	285	634	240	286	638	246	284	632	241	282	629	242	294	654	239	288	208	204	204	209	204	206	207
202	203	216	211	217	1680	344	475	1724	340	489	1730	340	485	1726	352	489	1750	351	499	1768	340	491	1752	341	503	1767	352	480	198	197	200	209	200	204	208
200	203	211	206	210	698	259	309	737	253	306	728	258	298	720	251	308	738	254	305	738	249	309	719	254	306	740	256	305	198	202	208	205	205	206	202
200	204	209	206	211	416	224	250	422	228	243	429	221	247	426	223	247	429	223	246	429	223	246	433	224	250	430	225	246	204	207	203	202	203	202	205
201	202	206	205	212	531	236	268	535	236	266	541	237	266	547	237	267	538	238	271	551	238	270	558	239	273	550	235	266	206	205	206	205	206	203	204
198	203	220	214	227	4117	581	986	4127	586	1013	4131	595	997	4132	591	1011	4130	600	1019	4131	592	1012	4134	603	1022	4134	599	971	213	203	204	210	204	203	208
206	209	215	211	218	1528	334	473	1603	335	466	1614	329	461	1587	338	472	1607	339	470	1636	334	476	1622	331	477	1652	336	469	210	199	206	209	208	202	210
203	204	216	211	209	633	242	294	655	248	291	652	246	285	657	244	297	667	241	295	655	247	292	662	245	290	669	252	292	209	205	201	207	207	205	203
203	203	215	206	210	390	221	245	387	221	241	394	223	240	393	219	244	401	224	243	395	221	245	401	218	242	394	227	238	211	202	204	207	201	203	204
205	204	216	209	214	1142	294	384	1204	297	394	1207	294	398	1217	294	403	1217	296	399	1224	295	397	1213	297	394	1222	296	383	210	206	205	210	204	205	205
203	204	214	210	211	934	277	347	979	270	347	997	272	350	976	281	352	992	274	362	979	281	349	981	277	356	966	278	345	213	205	204	206	204	203	206
201	204	224	212	212	948	273	356	967	278	352	976	273	351	969	273	351	983	278	359	997	273	353	978	280	356	999	278	352	211	199	207	211	203	207	214
202	203	229	224	248	4410	708	1292	4405	729	1313	4404	734	1287	4403	736	1331	4403	743	1314	4405	747	1335	4403	744	1341	4405	755	1284	210	201	204	207	206	206	205
206	207	229	219	241	4098	591	1010	4083	604	1027	4082	600	1019	4081	607	1037	4081	620	1036	4081	609	1041	4079	616	1034	4079	617	1028	212	205	204	208	204	207	210
202	199	222	212	223	1657	341	486	1741	346	484	1751	346	485	1742	345	493	1738	342	493	1767	339	500	1769	347	496	1748	348	479	212	206	204	211	206	205	209
203	206	214	208	211	723	252	313	750	253	312	738	258	307	747	255	313	738	255	308	753	254	306	761	265	316	758	257	306	212	207	205	210	205	205	209
205	208	214	208	211	478	230	259	489	231	260	485	233	260	490	230	259	486	228	261	486	231	261	494	232	265	493	228	258	209	203	204	207	203	205	206
205	204	221	208	211	501	231	258	524	232	258	514	235	263	515	233	260	512	232	263	510	233	266	514	233	259	515	236	261	217	207	205	214	206	208	218
203	209	222	206	213	716	258	305	739	255	318	749	261	313	751	258	315	743	255	310	756	260	309	759	254	313	757	258	307	213	205	206	213	210	207	208
202	204	214	206	213	465	228	253	472	231	256	460	229	256	470	230	261	467	231	253	467	230	253	478	229	251	469	230	255	206	201	202	204	206	200	208
202	203	211	200	212	462	228	251	468	233	252	464	224	253	459	230	252	462	230	252	461	225	253	470	228	254	468	232	256	204	201	205	202	202	202	206
204	203	221	207	216	1349	313	427	1434	316	425	1413	310	427	1426	319	433	1423	321	439	1435	314	438	1424	313	437	1453	320	431	217	205	203	217	201	189	214
207	204	206	210	211	742	259	308	752	254	304	767	256	305	751	253	316	762	260	315	761	259	311	778	256	311	766	259	311	207	201	203	203	202	205	204
208	203	211	210	209	448	223	254	456	230	253	469	221	253	464	227	252	468	228	254	454	228	260	467	229	259	465	231	249	207	204	202	205	201	203	203
203	204	215	209	210	402	223	241	404	224	250	402	224	244	401	223	245	400	224	242	403	223	244	407	226	242	399	222	242	207	205	205	203	202	203	206
203	203	215	208	215	1048	286	373	1105	288	374	1108	290	369	1121	288	370	1103	287	373	1112	291	385	1101	284	371	1105	289	369	208	206	201	208	200	200	208
199	203	218	210	216	1617	335	471	1682	339	482	1673	342	480	1671	342	479	1700	341	488	1696	338	485	1696	342	478	1708	340	473	211	202	206	207	200	206	209
201	204	211	206	211	776	264	320	802	256	315	798	264	330	805	265	325	817	259	318	822	262	322	815	260	322	820	260	311	210	202	204	205	205	205	208
203	206	212	210	209	469	228	258	485	226	262	485	231	262	489	227	257	485	230	254	487	226	255	485	236	260	491	229	258	207	201	202	203	205	199	204
205	204	225	210	212	510	229	268	527	230	262	530	230	261	517	231	265	524	233	265	515	237	266	517	229	266	522	232	263	219	203	205	210	205	203	212
206	202	216	209	217	725	254	306	752	255	305	741	254	305	741	256	305	736	258	311	742	254	310	746	252	310	743	257	306	210	203	203	209	206	198	207
205	204	220	212	213	931	271	348	975	279	352	992	278	344	972	276	353	976	279	351	993	274	354	985	279	354	985	277	357	208	202	203	213	204	206	211
204	205	223	210	217	640	244	291	671	245	291	660	246	292	657	245	291	666	248	293	674	251	295	667	247	292	675	248	289	217	205	209	215	204	204	216
205	201	217	207	215	564	242	272	566	238	275	569	234	280	584	239	279	578	242	280	591	243	275	589	237	276	575	243	273	209	205	203	211	203	206	211
204	200	217	210	213	496	230	261	510	233	261	515	235	261	511	233	265	509	231	263	513	231	263	514	232	270	507	230	261	210	204	204	207	199	205	207
205	202	216	209	211	414	222	245	422	223	239	424	225	248	424	223	246	419	223	247	419	224	238	420	226	246	411	223	241	210	204	204	205	204	201	205
206	205	222	206	210	418	222	242	424	218	245	410	222	242	420	218	244	424	221	244	422	226	250	418	221	245	424	222	242	218	205	205	215	202	210	211
202	211	216	206	214	426	227	254	436	227	247	441	220	248	437	225	250	443	230	251	438	227	245	437	223	251	448	223	246	213	204	199	209	201	205	212
205	202	213	206	208	522	237	266	544	233	270	536	233	270	536	236	270	534	234	266	539	238	269	535	232	267	537	236	271	206	204	197	203	203	201	206
201	202	214	208	216	1268	306	416	1354	305	415	1333	308	418	1329	312	409	1345	310	424	1350	310	421	1354	311	426	1350	309	418	206	201	201	202	207	203	207
201	206	215	206	212	732	260	314	765	257	310	766	259	309	776	257	322	780	252	314	776	261	317	784	262	312	782	258	314	210	197	203	211	202	205	210
201	199	209	206	209	700	243	300	707	253	298	723	256	297	712	251	303	710	250	303	713	254	303	717	252	298	715	254	303	207	204	198	204	201	200	209
203	205	212	205	210	486	232	260	497	228	259	493	229	256	499	229	256	499	232	255	497	227	258	500	232	263	510	231	256	208	204	205	211	204	204	206
203	202	217	212	216	732	254	309	738	254	305	736	253	307	742	257	309	746	253	306	736	259	317	751	257	309	741	258	302	208	204	203	207	205	203	206
209	205	217	204	216	553	238	272	561	236	272	564	234	271	560	241	276	570	234	280	569	235	276	572	240	273	564	239	270	214	202	206	215	202	206	209
202	200	217	206	211	406	220	244	419	221	241	410	221	241	412	220	248	412	226	243	419	227	246	425	229	244	422	223	238	214	203	202	216	204	208	209
208	205	214	204	208	443	228	249	453	222	250	469	227	248	460	225	254	465	227	252	467	232	254	463	225	251	465	225	252	208	204	201	206	201	200	210
209	203	218	211	215	528	238	271	551	229	270	545	233	270	544	237	272	539	237	264	540	238	270	545	233	267	549	232	269	212	206	203	210	204	206	212
202	201	208	207	208	404	218	245	406	221	246	409	225	241	398	221	246	404	222	243	406	221	241	406	222	241	406	224	235	203	201	202	199	203	202	204
205	204	209	203	209	400	218	245	409	224	243	413	223	242	408	225	249	416	224	243	411	223	242	410	221	246	412	222	242	206	204	204	203	203	201	207
201	203	219	206	214	525	236	274	521	242	263	515	237	274	529	228	267	528	233	267	523	235	271	531	228	263	531	235	271	216	206	204	214	203	208	212
204	203	224	208	219	413	227	249	414	223	246	423	226	241	432	226	247	415	226	249	422	222	242	427	219	248	417	225	242	221	206	206	220	202	200	220
205	201	212	212	209	361	220	237	373	222	239	376	218	237	369	216	238	375	221	239	373	222	235	375	219	238	370	215	230	210	203	202	204	204	201	207
203	203	216	209	210	404	221	246	416	222	242	409	222	244	415	220	240	408	222	246	413	222	245	413	223	239	412	224	240	209	204	204	213	205	203	209
208	202	223	203	210	370	218	238	382	216	239	390	218	234	380	219	239	383	219	240	377	220	240	382	222	235	379	221	234	216	204	208	214	201	204	217
203	197	213	203	208	349	216	232	362	221	234	355	215	231	363	217	231	365	218	239	357	216	233	367	217	229	362	214	235	206	201	201	201	203	203	206
202	200	206	207	206	375	223	233	383	221	235	383	216	236	376	222	242	378	221	238	378	219	240	379	217	234	377	219	238	204	200	203	206	205	204	201
200	205	211	208	211	371	222	233	386	222	236	384	218	242	381	218	236	381	221	238	377	220	236	387	217	236	382	220	239	206	198	202	205	200	207	206
201	200	209	206	214	384	226	243	395	221	238	397	221	241	393	221	238	399	222	247	396	222	241	393	220	239	394	220	243	206	208	201	204	200	203	202
199	202	208	210	211	405	224	246	412	224	241	408	223	242	411	219	244	417	223	245	411	223	242	411	225	243	416	226	244	208	200	206	205	202	200	204
203	201	214	212	212	432	227	246	444	223	248	442	230	247	432	226	245	439	227	254	444	222	251	445	227	253	442	222	248	211	202	204	207	201	204	209
201	205	210	210	212	412	222	244	427	221	244	427	220	243	410	223	247	420	226	246	423	224	246	430	223	243	414	225	241	209	202	201	203	200	201	200
200	205	209	210	213	435	225	246	446	226	252	438	229	253	441	227	253	437	226	248	444	224	250	437	228	248	447	222	247	208	202	205	208	201	203	203
204	202	213	207	213	405	221	241	415	222	243	413	221	246	408	223	241	406	221	246	415	222	242	411	221	245	415	228	240	211	202	201	210	206	206	209
204	199	211	207	203	425	225	251	437	228	248	431	222	247	436	221	248	433	224	250	433	221	244	429	228	245	427	222	242	205	204	202	204	200	205	202
200	204	215	204	210	428	226	248	448	226	254	447	226	252	446	227	245	440	229	253	442	228	250	441	226	251	445	228	249	211	210	207	204	202	205	209
203	201	205	206	209	448	226	252	456	226	251	456	231	250	461	228	254	454	226	253	463	228	256	457	223	245	450	227	256	203	201	200	200	202	203	208
201	202	212	202	209	515	231	265	526	233	266	527	233	265	526	236	263	529	235	270	521	237	266	514	228	267	517	233	265	209	201	205	207	205	203	204
208	198	213	206	210	431	221	246	433	226	248	433	226	246	423	225	245	434	226	249	432	226	251	429	224	248	434	222	243	214	202	206	210	201	204	210
203	203	218	207	216	509	233	265	528	231	265	526	229	268	514	229	259	517	235	262	529	233	269	528	234	264	517	235	265	212	202	204	212	200	201	210
207	198	212	204	217	661	252	293	674	253	288	675	246	286	675	247	298	667	249	291	666	250	299	675	247	302	668	249	289	206	204	203	208	203	204	201
200	204	216	205	215	505	230	268	525	230	260	511	232	261	524	235	257	522	241	268	513	235	262	506	232	267	523	234	264	206	202	200	212	200	205	209
205	204	228	209	213	509	232	265	518	232	263	515	236	262	518	234	263	511	229	262	518	232	267	518	236	266	521	231	257	224	203	207	221	205	200	218
202	201	207	211	210	420	225	247	433	226	246	429	222	243	434	224	245	424	230	244	427	225	251	438	226	248	428	224	242	206	203	201	209	203	205	204
202	200	207	215	219	980	278	355	1007	278	353	1002	281	356	1013	278	359	1001	279	355	1007	278	357	1017	279	355	1009	277	354	202	201	207	205	201	202	204
200	205	210	213	215	786	264	320	800	261	324	809	257	315	792	259	320	801	266	321	799	266	317	803	260	316	806	260	315	200	201	203	207	202	207	207
206	204	217	206	199	526	237	267	539	240	266	544	242	268	533	237	269	539	234	274	543	231	268	542	236	265	548	235	273	205	205	202	210	204	203	208
200	199	212	205	212	455	225	255	470	228	257	482	228	250	478	229	250	478	232	255	470	230	256	479	229	258	475	231	252	206	203	205	205	200	203	202
203	202	211	204	212	429	223	244	432	222	243	433	233	248	431	230	247	440	223	247	432	223	244	432	223	248	428	226	245	205	201	201	200	207	201	200
205	206	216	207	209	398	223	242	403	220	238	405	219	242	403	217	239	404	220	241	405	225	237	407	224	237	403	223	241	209	205	204	208	202	203	207
204	203	214	210	212	662	242	294	684	251	294	689	246	299	687	246	297	676	245	293	680	247	294	682	245	291	686	249	286	205	202	203	208	198	198	206
202	199	219	205	220	828	264	329	856	263	322	858	267	326	840	265	327	853	268	326	843	267	326	847	260	324	850	270	323	215	204	203	214	205	207	213
202	197	219	204	213	706	251	298	711	251	303	708	255	301	710	246	303	717	246	298	712	249	305	713	254	300	708	249	298	203	202	202	203	200	204	201
206	199	213	207	210	452	225	254	451	227	252	457	226	247	457	228	254	454	230	248	446	227	245	450	228	251	453	228	251	205	205	206	204	200	203	206
201	201	211	207	207	444	225	247	449	226	253	447	225	251	437	223	250	438	224	248	443	228	247	437	225	252	448	226	249	206	201	204	205	201	204	206
201	203	227	208	216	678	245	293	692	251	295	677	248	292	687	249	302	689	247	306	692	248	295	681	249	300	699	250	293	218	203	204	217	202	206	219
202	209	212	209	210	541	234	269	536	236	266	537	232	269	542	235	268	547	229	265	541	242	269	541	233	269	537	240	263	200	200	206	208	204	210	210
202	199	202	202	211	419	227	245	418	225	249	428	224	247	428	223	246	420	228	245	424	223	244	427	224	242	435	225	244	202	200	205	201	206	202	200
201	201	205	208	202	370	221	235	369	218	238	380	215	232	375	216	233	371	216	236	376	217	235	376	216	233	374	221	232	204	203	204	200	203	201	207
202	200	212	205	208	432	226	253	446	219	249	438	228	249	427	226	252	434	222	247	446	227	243	442	224	253	439	223	244	211	205	207	205	198	202	204
201	204	217	206	212	625	245	289	645	243	283	648	247	293	623	241	288	625	243	285	643	243	290	646	243	288	648	247	286	208	197	202	207	201	206	206
201	205	214	208	210	454	226	255	465	229	248	463	223	256	462	226	252	466	226	256	451	228	251	466	227	256	460	230	250	209	201	203	210	201	204	209
207	206	227	210	209	412	222	247	420	226	246	422	223	246	414	223	243	422	224	244	417	223	245	411	219	248	411	226	245	226	201	214	226	202	203	225
209	205	215	207	210	450	225	252	464	228	251	468	227	255	462	224	251	462	226	250	460	226	251	459	230	260	465	230	254	205	201	208	207	212	201	206
199	203	211	204	213	460	228	254	464	225	253	462	232	259	467	227	253	469	226	253	469	234	256	470	228	256	467	225	252	205	201	200	202	201	204	203
208	212	253	211	217	426	223	245	445	227	247	440	221	248	445	220	248	430	222	245	432	222	251	436	227	249	444	222	249	247	206	213	252	204	213	249
206	212	276	210	219	417	223	247	422	218	249	429	224	246	419	221	246	423	226	245	425	222	242	424	225	246	421	226	243	270	204	214	270	209	213	270
205	203	216	208	206	334	220	228	332	211	230	334	217	226	337	218	233	340	218	224	338	214	228	338	210	229	338	214	226	210	205	203	211	204	206	213
208	205	231	205	208	415	224	248	416	226	241	416	217	243	417	225	245	424	226	244	419	220	245	418	223	245	420	224	244	230	204	209	226	204	209	233
208	207	230	208	218	535	232	269	534	235	273	541	234	269	539	236	265	540	237	273	557	238	274	548	240	276	553	233	271	227	204	210	226	206	207	222
205	205	214	204	209	362	218	239	368	215	238	374	218	235	360	216	234	373	216	232	367	214	233	366	220	235	370	217	241	210	202	205	209	206	202	210
208	202	211	204	206	322	215	228	331	215	231	341	208	226	331	216	228	334	216	226	338	218	228	330	217	230	329	214	226	205	201	209	206	203	202	205
204	202	210	205	210	431	223	251	438	224	247	435	225	248	440	230	251	436	224	249	438	226	251	430	227	249	435	223	247	213	200	204	205	200	205	202
201	205	211	203	213	376	218	236	382	221	237	374	222	235	372	217	234	378	217	237	376	221	235	382	218	234	384	219	235	205	203	200	202	199	203	203
208	201	213	208	209	356	220	233	356	222	230	355	219	233	360	220	233	359	214	235	354	220	229	356	219	231	360	216	233	210	202	205	209	201	200	209
197	200	211	207	211	374	222	232	385	223	235	388	220	238	384	219	242	380	216	237	384	222	238	387	222	238	397	218	237	204	202	206	202	202	201	204
204	200	207	207	213	328	214	227	331	211	227	331	213	229	338	216	227	321	210	227	334	212	230	334	216	222	338	218	227	210	201	204	201	203	201	206
205	205	212	203	206	311	212	221	318	215	226	314	221	223	313	215	227	318	211	225	312	211	224	318	215	222	310	214	225	210	203	205	214	202	205	206
203	202	217	209	209	426	224	247	427	222	247	433	221	250	433	221	248	432	219	241	430	224	249	430	220	245	429	228	248	213	203	205	209	206	204	209
200	203	212	206	207	364	218	233	370	219	233	374	215	236	370	216	234	371	221	236	368	217	232	375	221	234	372	220	233	206	204	205	208	201	202	208
203	205	211	204	206	319	215	228	332	214	224	323	216	231	327	216	228	326	212	231	331	218	223	322	211	225	328	215	228	209	203	203	210	206	203	206
205	206	212	206	210	352	219	235	361	223	236	364	215	238	355	217	230	354	220	233	354	217	236	367	217	231	354	218	230	211	202	203	212	205	204	210
201	202	210	203	209	350	214	232	346	216	230	348	215	231	347	214	229	349	218	229	351	220	230	360	218	233	349	216	232	210	202	208	207	204	204	207
201	204	215	201	216	559	239	268	568	235	280	581	237	273	570	240	280	564	235	263	566	241	272	570	239	273	572	240	275	209	203	200	206	200	200	206
204	201	211	209	215	728	251	305	741	253	308	735	252	306	723	252	309	742	251	306	733	251	310	734	251	303	733	254	304	210	206	200	208	202	200	203
205	201	212	205	213	413	221	244	419	225	244	416	220	243	418	225	246	419	224	244	418	224	245	425	223	247	418	224	244	205	210	204	208	205	204	207
203	201	212	208	212	472	227	256	479	224	255	471	226	253	467	230	258	471	232	253	478	229	253	472	227	254	478	229	258	208	202	199	208	201	202	204
201	204	208	208	208	415	221	240	424	224	245	423	223	245	427	224	243	421	222	244	426	220	247	425	225	247	424	223	248	203	203	204	201	202	202	206
202	201	209	206	211	509	235	267	511	232	259	519	226	265	516	231	264	507	230	266	507	233	270	518	233	263	517	237	267	206	206	202	207	201	202	205
198	203	212	210	210	425	221	248	433	226	245	432	220	247	438	222	251	431	221	245	427	223	249	430	220	250	437	223	249	204	204	205	208	202	205	206
204	203	207	208	205	337	216	235	343	218	231	344	216	229	341	217	230	348	213	221	345	217	230	340	211	227	341	217	231	199	207	204	201	199	202	198
204	203	212	205	213	309	210	223	318	215	230	320	215	225	322	211	223	317	207	225	320	210	224	317	209	224	320	219	223	204	205	203	205	201	201	208
204	203	214	207	212	362	221	236	367	215	233	377	219	236	371	221	234	374	220	236	373	218	236	371	219	237	371	220	235	210	206	203	209	203	204	206
202	201	218	203	208	375	221	235	381	216	233	377	215	235	380	221	236	377	222	236	378	221	235	384	220	235	377	219	231	213	203	206	214	204	206	214
203	202	217	210	209	425	223	241	424	224	247	424	222	241	424	221	244	424	226	240	429	223	246	432	222	246	420	225	242	215	202	206	210	203	205	218
201	198	210	204	208	414	224	251	417	222	243	419	227	245	415	226	246	423	223	241	418	224	244	418	224	249	413	219	241	207	201	202	200	204	198	203
205	202	219	205	210	406	225	244	424	220	244	418	220	244	411	225	246	423	220	241	410	220	246	416	227	245	419	225	240	211	200	204	206	206	205	205
204	202	208	207	207	456	231	251	451	232	254	460	227	261	450	229	256	462	230	253	450	227	253	469	232	253	457	225	252	203	204	200	205	202	203	204
203	205	232	216	235	1840	355	505	1880	354	510	1878	352	510	1883	351	510	1862	353	507	1878	355	508	1881	358	515	1880	355	503	215	202	204	214	206	208	214
203	204	214	215	224	1330	309	421	1375	309	421	1375	308	416	1352	315	419	1356	314	421	1364	316	418	1357	312	425	1355	312	414	206	199	201	201	204	202	204
202	204	218	212	218	808	257	327	827	260	325	822	262	322	822	265	323	813	266	320	818	262	332	816	264	323	828	267	320	208	201	205	211	204	207	209
205	200	211	208	211	655	245	296	677	247	291	679	247	292	668	244	290	661	244	297	663	245	296	665	247	297	671	238	292	207	201	207	205	200	199	208
201	203	206	203	206	384	218	242	382	219	237	381	221	236	381	218	243	379	217	238	383	219	234	386	218	236	385	224	233	211	201	205	207	201	203	209
209	204	205	204	208	305	213	226	315	214	222	322	210	224	313	208	226	315	214	222	318	208	225	316	214	225	313	213	220	201	205	199	203	202	203	201
199	202	211	203	204	351	219	230	356	213	228	353	217	226	356	211	229	355	218	231	353	217	237	356	218	230	354	218	233	205	200	201	204	202	199	205
203	206	210	206	212	570	239	275	578	237	277	573	236	273	584	238	275	579	247	278	573	236	274	576	238	272	584	240	274	205	202	200	203	200	201	206
202	200	213	198	210	942	271	358	996	276	353	1002	280	354	999	273	351	993	272	357	992	276	352	988	275	354	985	276	349	211	202	203	208	206	203	205
201	201	212	202	211	785	261	323	814	260	318	810	257	312	801	265	323	823	254	323	823	264	318	811	260	323	821	260	313	207	201	204	208	202	206	210
205	205	220	206	209	451	229	253	452	222	249	451	225	249	460	225	248	458	227	248	459	226	253	459	227	253	460	227	255	214	202	203	212	202	200	219
203	201	204	202	206	428	226	248	426	229	244	437	227	249	441	227	248	439	225	245	445	224	249	436	223	249	440	223	250	202	200	204	207	203	205	204
205	203	208	204	208	456	227	255	459	225	254	466	227	255	462	227	255	464	229	251	470	229	251	465	224	251	467	225	252	209	200	203	202	202	203	202
202	198	212	203	208	399	223	240	410	221	244	418	225	244	410	218	242	410	226	242	411	220	245	404	221	243	406	220	241	203	203	205	205	200	200	207
198	205	210	208	213	1000	276	369	1038	280	360	1040	284	358	1037	280	358	1040	280	365	1046	282	359	1030	279	355	1042	281	357	203	200	198	204	194	196	201
206	208	234	208	212	587	241	278	593	246	270	596	241	277	601	245	281	595	242	277	603	240	281	590	238	273	606	238	278	223	203	208	223	203	206	224
214	221	293	216	220	434	225	252	445	226	249	439	222	249	436	225	251	437	222	249	444	226	250	442	226	247	442	227	248	294	213	220	288	209	221	288
203	202	214	205	204	324	213	229	326	213	227	333	215	230	323	211	226	330	211	224	334	213	227	334	215	228	332	213	228	211	203	201	214	203	203	211
204	204	224	206	213	489	232	259	506	231	258	505	227	258	502	233	263	505	227	260	498	229	263	495	231	256	502	231	262	220	202	204	219	205	207	223
203	201	211	208	208	434	225	251	439	225	251	451	223	249	442	222	246	441	226	246	441	223	250	445	226	247	441	230	250	209	199	204	210	200	202	206
203	203	205	204	208	315	209	227	323	211	229	322	216	228	322	214	224	318	212	225	321	215	227	321	213	224	326	211	227	205	203	203	204	202	201	200
204	202	211	208	208	452	228	253	463	228	252	467	228	258	466	227	250	471	230	253	476	225	254	466	229	252	464	229	249	203	204	199	202	207	203	206
200	202	206	201	203	435	224	245	440	222	243	439	223	245	437	225	246	437	220	239	449	224	251	443	224	252	440	226	254	202	202	202	202	204	202	203
202	204	210	204	210	347	220	228	350	214	228	352	217	229	352	212	232	357	217	232	350	220	230	350	220	232	353	216	230	206	199	205	204	202	198	197
199	200	202	201	201	315	216	221	322	214	222	318	220	228	323	217	222	320	211	226	317	214	223	319	209	225	327	215	224	201	203	201	204	200	203	203
202	202	217	203	206	327	215	226	333	217	226	328	211	228	329	214	227	325	216	229	327	214	232	335	211	223	333	215	226	212	197	201	211	200	207	214
203	203	226	208	212	378	221	237	381	221	237	379	217	240	382	220	237	382	220	238	388	219	237	385	217	235	398	220	241	221	205	209	219	204	204	220
203	200	207	204	207	492	228	259	494	233	256	495	229	256	491	228	257	484	229	254	493	227	257	503	231	258	499	233	258	203	197	203	203	201	204	205
201	200	214	204	209	509	229	267	505	231	265	512	230	261	509	228	267	505	228	260	512	234	267	511	235	260	508	231	259	213	201	202	211	203	203	213
203	205	211	206	203	330	217	222	336	218	226	339	212	230	331	215	233	334	209	230	332	213	227	347	217	229	342	219	229	207	202	204	207	203	200	211
207	202	214	204	214	300	213	223	310	217	219	303	213	220	300	215	220	306	212	220	305	211	216	302	210	223	300	211	220	210	205	200	209	201	206	214
202	202	209	202	203	276	208	217	276	207	218	289	214	215	285	210	216	285	208	215	284	215	221	279	206	224	279	213	216	205	199	205	204	202	206	209
201	202	221	207	208	285	211	220	286	209	215	287	206	216	289	210	215	286	214	222	284	210	217	286	210	219	292	212	219	213	189	209	215	197	204	210
203	204	217	203	207	303	213	220	303	208	218	309	213	228	314	212	221	313	212	225	311	213	219	311	211	221	310	213	220	220	199	203	215	205	205	214
203	202	209	205	201	341	212	224	349	213	233	341	213	232	340	217	229	353	218	232	350	216	225	346	213	232	353	220	231	209	202	201	206	202	201	205
201	201	214	204	205	337	217	226	345	214	229	339	213	229	339	216	226	340	213	229	344	219	230	339	217	228	343	221	230	211	200	205	208	205	202	208
201	200	207	202	208	330	213	227	337	214	228	332	212	230	339	214	229	340	216	227	337	217	226	338	215	229	337	215	227	209	201	204	204	205	203	206
203	202	227	203	211	358	217	232	363	210	232	363	218	233	363	216	226	363	221	237	366	218	233	361	218	228	364	218	235	224	203	206	221	205	203	223
204	202	211	207	210	456	227	250	468	228	257	474	229	253	472	224	253	459	224	251	470	223	260	471	227	251	477	230	250	210	204	198	208	203	203	206
202	202	212	206	211	714	249	307	725	251	301	731	257	301	726	250	299	716	254	300	713	249	304	728	249	303	727	244	298	204	201	203	207	201	201	203
205	202	215	205	211	395	221	237	393	218	237	391	216	238	397	218	240	392	219	241	396	219	240	397	218	237	401	217	237	206	205	202	208	203	205	209
204	201	212	205	203	319	211	224	326	215	226	318	215	224	321	212	222	315	209	230	320	212	230	323	212	225	318	213	226	211	203	204	206	200	204	210
203	205	212	203	206	303	209	221	298	210	219	297	216	224	295	207	222	295	206	220	304	212	221	299	210	220	298	214	221	205	205	201	209	201	205	207
205	203	224	204	212	314	212	222	329	214	221	316	215	228	320	210	226	317	215	227	326	209	226	319	216	223	323	210	226	224	202	206	222	204	211	218
200	201	210	203	202	307	217	224	311	210	223	318	213	221	313	208	223	300	210	220	311	213	222	309	210	225	309	210	216	202	195	206	205	205	203	204
199	201	207	206	207	334	215	225	334	216	230	333	212	231	337	216	223	339	215	229	343	211	225	343	214	228	335	213	227	205	200	205	205	202	200	202
201	202	211	205	209	318	211	218	320	216	225	317	215	227	324	216	223	324	216	226	316	213	225	326	216	229	316	215	228	212	198	205	202	200	204	207
200	205	210	200	204	285	211	213	281	212	216	285	211	218	286	208	220	284	206	216	282	212	222	287	208	218	282	209	225	206	200	200	201	202	200	204
201	200	205	203	203	277	209	215	284	213	218	275	210	217	277	211	216	278	206	217	283	209	219	279	210	217	278	211	217	204	198	198	205	203	202	205
198	204	206	200	206	272	209	219	282	207	218	278	208	220	269	209	218	277	210	213	275	208	214	270	206	217	280	211	215	206	200	204	203	201	200	205
203	203	208	202	199	275	209	219	280	206	218	282	203	218	277	208	219	277	208	216	279	207	216	277	210	216	281	210	217	205	199	197	200	201	198	203
202	204	217	202	208	341	214	225	348	214	228	345	213	224	339	214	233	342	218	231	351	214	229	343	214	231	348	218	227	211	203	199	210	209	202	211
203	199	208	203	205	303	213	223	296	210	223	298	212	220	301	211	218	303	207	219	309	213	222	301	212	217	303	209	217	208	200	200	211	201	203	205
201	204	219	207	214	800	258	319	842	260	318	847	261	316	833	259	331	849	261	322	838	265	328	837	265	328	837	267	319	211	202	202	212	202	203	208
204	207	215	204	213	703	250	301	730	254	306	736	256	308	735	248	311	733	252	309	740	252	313	731	251	313	749	257	302	210	199	198	212	200	202	205
198	203	219	204	207	407	219	245	421	222	251	417	220	243	416	226	244	420	223	246	424	223	248	423	222	248	425	227	245	212	203	201	211	203	202	207
201	202	214	203	205	297	213	224	296	212	217	304	209	220	304	211	219	296	212	226	307	215	222	297	214	224	301	211	226	208	205	203	212	202	202	212
203	206	212	209	205	322	213	224	329	214	229	329	215	225	328	211	228	321	215	227	328	213	229	324	213	218	324	217	223	208	205	201	206	200	205	211
208	206	209	203	206	334	215	231	342	207	231	344	214	228	340	216	231	338	213	224	340	217	224	341	211	231	343	213	227	204	199	202	207	202	202	211
200	204	207	202	205	270	209	218	270	208	214	275	204	212	272	206	213	268	208	215	272	211	215	266	210	215	275	209	217	202	199	202	204	199	202	203
204	205	203	202	202	255	207	215	263	206	212	259	204	209	258	209	214	254	208	216	258	205	212	258	208	214	258	206	215	203	204	202	200	200	205	202
205	210	242	206	214	652	243	294	683	245	289	688	246	288	680	246	293	675	248	295	685	247	296	680	250	294	686	247	295	242	206	209	240	203	207	241
203	206	212	200	209	631	249	286	661	246	291	660	245	287	664	242	288	656	247	300	662	246	296	662	247	296	658	251	286	210	201	200	212	199	203	209
201	204	209	200	206	400	221	238	405	221	239	400	221	242	409	218	241	408	218	244	408	219	244	408	218	246	411	219	240	207	203	202	209	203	203	204
207	207	223	207	207	373	216	235	379	219	231	374	221	234	376	218	237	372	214	239	377	216	237	373	219	235	376	219	236	215	202	207	221	202	207	220
208	202	230	205	212	483	225	257	493	230	256	490	231	257	497	230	260	492	229	259	492	229	255	488	233	265	490	230	255	229	204	206	228	203	202	226
202	201	209	206	202	495	229	260	496	231	259	510	229	262	503	231	262	513	239	257	508	230	261	504	230	256	505	232	257	203	201	200	200	202	198	204
201	202	203	202	207	314	209	224	329	212	222	330	215	221	313	210	225	322	217	227	324	210	229	322	212	224	323	219	224	200	200	201	201	202	202	203
200	201	202	203	204	267	207	210	272	203	217	263	208	218	265	209	216	266	207	212	270	210	221	267	209	216	265	201	218	204	201	202	204	203	203	204
201	200	205	203	202	281	214	216	279	204	220	281	207	214	270	211	216	276	211	218	280	211	217	284	208	212	282	210	220	204	199	206	202	203	201	205
201	205	213	203	201	274	207	216	264	208	221	271	213	218	282	204	214	278	209	216	279	212	216	276	205	219	279	208	216	214	201	203	210	204	201	212
203	205	204	204	203	267	205	214	266	206	212	263	210	210	262	208	213	266	209	214	260	207	213	265	208	210	261	207	213	203	203	206	202	202	204	204
200	202	214	206	211	744	255	304	754	261	313	761	254	305	759	254	307	758	260	310	765	253	308	753	254	310	749	256	298	212	203	204	209	199	206	204
203	203	218	206	216	888	271	331	905	265	327	900	270	333	895	266	333	889	267	336	904	265	337	896	269	342	900	269	328	214	200	203	211	205	202	208
206	203	212	203	212	422	225	246	433	220	245	437	223	249	437	225	246	429	222	246	433	229	245	433	225	248	430	223	242	211	202	202	206	202	205	208
201	201	208	203	208	282	207	217	289	212	215	287	211	216	285	208	214	286	211	219	285	209	217	290	205	218	282	203	217	205	203	201	207	200	203	204
201	197	209	204	205	258	206	213	259	204	214	257	208	212	258	210	212	245	209	209	260	210	214	262	211	212	259	211	211	201	202	202	207	201	202	204
202	203	215	203	210	240	208	212	254	207	211	251	208	214	253	205	213	252	206	211	250	204	211	252	205	212	256	209	212	210	205	201	208	206	205	212
203	206	227	207	207	266	210	214	266	211	211	268	207	213	268	209	215	263	208	215	268	207	214	271	205	220	267	207	217	231	202	205	222	205	206	226
207	207	234	206	207	287	206	220	284	211	215	284	215	213	286	212	220	283	207	217	285	208	219	284	209	219	287	209	216	239	205	209	231	205	208	238
201	201	208	204	201	268	209	216	268	210	214	265	212	214	265	210	217	265	205	211	267	204	213	271	210	214	262	214	214	209	202	204	207	205	203	208
208	207	247	209	213	294	207	219	288	206	217	284	214	221	294	209	217	292	211	219	286	208	216	289	211	218	291	208	218	243	205	211	245	209	209	245
199	212	240	207	214	285	207	219	286	207	221	285	209	217	283	206	216	282	209	219	282	214	217	289	211	218	280	209	214	234	205	209	236	204	214	232
202	198	206	205	203	284	212	215	287	206	213	288	213	218	283	212	219	290	207	218	290	207	214	289	209	217	289	206	217	203	199	204	207	203	203	203
201	207	206	205	203	616	241	284	620	245	285	632	248	288	624	240	281	621	244	277	611	240	283	626	247	285	626	241	281	210	200	203	201	203	203	203
199	202	207	209	210	563	242	273	574	234	277	571	235	274	568	232	277	564	238	276	576	237	271	568	238	273	567	235	270	201	200	201	205	199	205	200
200	202	208	203	206	488	228	257	487	228	256	499	228	255	493	228	257	494	228	256	490	233	257	495	229	253	497	231	257	207	203	199	204	203	200	206
201	200	209	205	202	317	213	223	322	209	219	319	218	220	314	214	220	320	212	223	316	209	220	314	216	223	321	210	227	203	203	205	207	200	201	203
200	201	212	204	205	272	212	214	271	207	215	273	212	217	268	211	211	269	208	217	276	206	219	276	209	216	271	209	213	212	203	206	209	204	204	210
200	202	203	201	203	257	208	211	259	208	212	261	208	213	260	212	210	264	207	216	257	201	210	260	206	210	260	209	214	204	203	196	204	201	200	203
203	201	199	202	209	275	208	215	278	210	219	275	210	218	280	208	216	280	209	212	281	208	216	273	207	218	279	208	216	201	199	202	200	205	201	207
202	205	206	205	206	527	232	264	529	233	271	544	233	265	536	232	267	536	232	267	534	231	270	538	231	264	537	230	270	202	197	200	204	198	202	202
201	201	205	201	206	408	221	247	420	221	246	419	224	242	414	220	241	409	216	244	424	222	245	415	221	245	420	224	241	203	200	199	202	199	202	202
204	205	217	209	213	760	260	313	776	252	315	788	257	312	782	256	308	784	256	313	765	253	314	769	255	312	768	255	316	210	205	203	212	202	201	208
204	205	248	223	240	2606	426	660	2682	426	664	2668	425	645	2656	418	663	2650	425	653	2650	415	663	2642	425	652	2646	434	652	226	203	202	222	200	204	221
200	202	218	211	212	874	269	329	898	266	336	892	267	338	894	270	333	898	272	339	901	263	340	898	270	339	899	270	335	211	203	202	211	201	205	212
198	200	209	208	203	425	228	248	437	226	242	436	222	244	443	226	245	446	232	248	433	223	244	440	222	247	441	228	248	210	201	209	208	200	205	213
198	205	204	200	204	300	210	224	299	212	221	304	213	220	302	209	223	301	213	220	299	211	216	300	212	224	303	211	218	203	203	204	200	202	200	203
204	200	206	206	202	272	210	209	270	209	214	276	205	217	268	205	212	273	211	213	272	207	213	270	210	210	269	211	212	203	202	208	204	203	200	204
200	203	203	202	208	261	204	214	269	207	213	270	211	215	269	206	215	263	206	217	266	206	210	263	203	214	272	208	215	203	204	201	204	201	203	203
200	201	225	210	215	661	248	297	678	244	304	688	241	297	675	247	296	665	253	293	670	250	291	680	248	289	672	239	286	212	201	203	208	206	196	211
199	203	215	207	208	564	237	276	574	235	275	569	240	276	568	241	271	566	233	273	572	238	266	568	232	273	563	238	276	209	202	201	206	209	205	213
197	206	208	203	206	344	217	228	348	213	231	345	222	229	352	214	229	347	213	234	347	216	235	347	215	233	344	214	227	208	202	202	207	204	201	208
200	205	207	198	206	306	210	225	310	214	224	311	211	224	302	216	221	303	210	221	303	209	220	305	211	223	300	207	221	207	203	204	209	203	204	209
203	205	219	213	231	1814	351	511	1853	351	496	1860	355	504	1854	351	503	1829	353	506	1852	347	513	1829	352	512	1831	354	498	206	202	199	203	200	202	205
199	200	207	207	218	832	264	331	854	272	332	855	261	329	860	262	327	860	263	330	844	265	328	855	267	332	843	264	327	205	203	198	201	202	202	204
200	207	217	205	204	428	221	250	437	226	245	432	220	250	434	226	245	430	223	244	434	223	250	433	225	246	431	226	246	210	202	203	215	202	209	214
204	204	205	202	206	266	208	209	266	205	215	263	211	212	266	207	216	262	209	210	265	206	210	267	207	214	264	209	214	202	204	202	202	202	198	204
201	204	206	204	205	325	213	229	330	214	226	328	216	225	324	212	225	327	213	227	331	213	221	329	212	226	328	218	221	202	203	200	203	200	202	200
199	198	207	207	205	283	211	218	289	209	216	287	210	215	286	208	214	288	204	218	288	208	217	286	212	217	283	208	219	205	202	200	201	203	200	210
197	203	202	204	205	274	210	213	278	204	221	279	205	220	279	207	216	274	209	216	272	210	214	275	211	215	277	211	212	202	199	201	206	201	202	201
201	206	211	199	202	262	207	213	257	204	215	264	210	216	257	208	213	259	205	212	263	209	213	259	208	209	254	208	208	208	203	204	209	196	202	208
201	203	213	208	208	456	226	255	465	225	246	467	229	255	459	227	254	458	227	253	458	227	251	463	224	256	449	226	249	209	204	206	208	202	205	207
202	205	207	206	209	369	219	238	382	221	235	385	218	242	380	213	239	380	219	235	383	216	235	384	218	239	371	220	234	206	202	202	205	199	199	206
202	201	201	202	208	291	212	224	299	211	219	301	212	219	293	212	222	301	212	221	297	210	220	301	206	219	297	208	219	203	200	202	201	199	204	208
198	203	204	200	201	253	207	210	253	204	212	251	207	211	258	210	214	254	205	214	257	207	214	258	202	213	252	202	211	206	201	202	206	200	199	207
200	201	208	204	204	235	206	209	241	204	210	239	206	215	239	205	201	239	205	205	231	206	210	238	206	208	234	205	211	205	201	204	206	201	203	205
201	203	211	204	205	247	205	209	249	206	211	249	207	209	247	203	209	246	209	210	251	206	210	253	206	206	246	206	209	208	202	203	209	204	207	210
200	200	209	203	206	312	214	232	313	214	227	316	213	223	310	213	223	310	208	219	317	213	218	315	213	225	313	209	222	207	203	204	205	200	201	204
204	201	202	201	205	270	212	219	272	206	213	273	207	215	278	209	215	272	210	215	272	207	218	276	210	220	274	210	213	205	199	201	204	202	204	205
202	200	209	201	204	272	211	214	274	210	216	268	212	218	278	211	216	271	210	215	275	209	213	275	208	211	280	212	216	211	196	203	212	206	204	211
203	203	214	203	202	268	208	215	275	207	220	274	205	217	273	209	216	276	206	218	275	209	214	273	209	214	277	210	213	209	201	205	212	204	203	214
205	220	303	211	223	356	213	230	362	216	231	355	215	230	352	215	231	360	218	231	355	215	234	357	215	232	364	217	227	301	211	221	306	209	220	303
197	200	203	204	203	251	206	213	251	213	210	255	209	211	254	204	213	255	205	210	250	208	210	250	207	210	252	205	208	198	197	201	197	202	203	201
199	197	207	202	207	409	224	248	419	224	245	415	223	243	415	219	245	423	225	243	417	223	241	421	221	243	421	220	238	205	202	202	204	200	199	201
204	205	217	204	210	654	249	291	651	249	285	667	243	288	657	243	286	656	244	294	652	250	292	655	248	300	660	248	286	211	202	203	212	203	203	211
206	205	210	203	203	365	218	232	376	217	236	365	216	233	374	219	236	365	217	235	371	217	237	366	215	235	376	216	231	208	205	207	207	203	208	203
203	203	207	203	207	277	210	214	280	206	215	277	208	216	280	208	220	277	212	217	276	207	213	283	210	220	280	208	216	208	203	203	203	199	202	205
203	202	215	204	209	279	210	216	284	210	221	285	209	218	280	212	212	279	208	215	283	211	214	281	209	213	285	207	218	208	198	205	218	199	201	213
203	201	211	202	202	306	212	223	312	212	224	309	211	222	306	216	223	311	211	220	318	210	222	310	214	221	311	212	219	209	203	205	208	201	202	203
203	201	209	204	201	261	205	211	264	206	216	264	206	210	266	202	215	265	207	212	265	209	213	266	207	213	267	204	212	208	199	207	210	209	203	211
202	204	212	208	202	252	209	213	254	206	209	254	209	213	252	205	211	252	208	213	252	205	215	257	207	214	253	204	211	209	205	200	212	204	202	211
205	205	203	206	203	334	210	231	338	212	224	336	213	225	335	219	229	334	213	225	344	214	229	330	215	226	334	219	230	207	202	204	208	201	202	200
206	198	205	201	205	519	230	262	530	230	268	524	229	266	526	230	270	524	231	265	529	232	265	517	234	264	524	238	265	202	200	204	200	203	201	200
192	204	213	206	210	655	245	286	661	237	290	673	241	292	660	249	290	666	241	288	653	242	290	658	245	292	652	249	289	206	200	206	207	200	201	213
203	206	216	211	221	1358	312	423	1384	314	429	1387	310	422	1378	304	428	1407	309	423	1377	306	422	1387	304	419	1362	309	408	205	200	204	206	202	203	203
204	205	232	215	242	2540	407	642	2546	426	643	2552	420	634	2578	419	633	2548	416	635	2545	415	645	2578	422	644	2555	421	632	222	203	203	215	202	204	211
200	200	215	206	213	957	274	350	968	277	350	966	272	351	962	270	351	958	273	349	958	280	345	971	275	350	962	273	345	208	205	195	207	202	197	201
202	202	199	205	204	462	230	255	477	226	255	472	228	258	478	227	254	476	230	254	478	228	258	473	228	258	465	225	251	207	201	204	201	199	200	201
202	204	205	198	202	335	216	223	335	214	229	335	221	228	336	217	229	330	215	222	337	216	229	335	213	228	339	212	222	211	203	205	211	199	203	209
202	205	208	203	206	322	218	230	337	213	226	333	215	232	334	216	225	330	214	225	333	216	234	334	214	230	335	217	225	208	201	203	208	200	200	205
201	200	204	203	207	398	224	240	417	226	242	405	221	251	412	223	242	407	220	239	407	220	238	402	223	244	400	222	244	200	203	203	202	202	202	198
205	207	246	210	212	357	215	228	359	215	231	351	219	228	349	215	232	354	217	231	355	216	229	357	211	232	355	216	224	251	207	204	249	213	210	252
203	204	199	199	205	253	203	211	256	208	213	264	207	212	259	205	209	258	205	213	261	207	208	256	203	213	255	208	213	200	197	200	203	206	199	202
199	205	206	203	204	251	208	212	255	208	209	254	205	212	252	210	211	250	207	212	255	202	211	250	204	213	251	212	213	205	199	201	203	202	201	203
201	200	205	200	203	259	206	212	263	201	210	262	207	212	264	206	216	263	198	213	262	207	214	259	209	215	269	210	209	205	199	204	204	199	205	206
202	204	209	203	204	327	212	227	335	219	221	328	212	230	333	213	225	330	214	225	329	215	225	327	214	230	328	213	229	206	199	205	206	201	204	207
201	203	213	208	214	1162	287	377	1189	294	381	1184	286	381	1188	288	384	1177	286	381	1183	289	381	1181	290	371	1186	288	366	203	201	203	208	200	200	207
203	198	254	246	300	4074	775	1414	4077	792	1401	4075	779	1411	4075	794	1415	4075	789	1427	4074	773	1424	4075	781	1423	4075	780	1369	205	204	203	203	202	201	209
200	201	240	231	273	4060	613	1027	4064	615	1029	4065	599	1048	4064	625	1044	4063	605	1039	4063	605	1046	4064	611	1048	4063	612	1011	201	203	205	198	200	203	196
202	200	222	213	231	1716	346	508	1859	345	499	1882	351	496	1821	349	506	1820	354	491	1819	348	507	1833	349	503	1798	344	495	207	205	204	203	201	200	201
203	200	213	207	208	603	235	283	610	237	284	601	240	285	611	246	285	610	242	285	616	238	284	612	246	286	610	243	278	203	201	201	204	202	202	208
202	203	205	202	203	303	210	223	306	214	219	305	214	221	306	209	221	298	210	222	303	209	221	299	211	221	303	213	216	206	201	205	207	204	201	207
204	204	209	206	202	253	209	215	252	207	212	258	208	218	257	208	215	258	206	215	256	207	211	252	207	214	250	209	210	205	204	206	201	198	201	207
202	201	216	205	205	254	205	213	255	208	211	257	207	212	257	208	209	257	205	213	260	206	216	256	209	217	260	209	210	210	203	205	211	202	199	211
204	205	221	205	208	261	204	216	261	211	213	267	208	217	266	208	218	262	205	212	263	208	213	266	209	212	263	210	214	222	202	203	224	205	207	220
205	203	228	205	207	281	208	216	277	210	216	274	205	212	277	203	210	271	209	211	277	210	218	277	206	224	276	207	214	225	207	210	223	201	205	225
202	204	215	204	204	275	208	217	278	211	215	280	210	208	276	208	214	279	207	215	277	208	217	281	206	220	275	215	217	213	207	206	217	202	207	210
202	201	210	202	209	251	202	209	259	208	212	264	211	213	258	209	209	257	208	213	256	200	210	257	207	209	260	213	215	204	200	202	203	203	200	204
200	207	220	201	207	288	212	218	294	206	217	295	208	218	293	211	216	293	208	218	288	209	216	289	210	218	292	212	219	214	201	204	213	201	206	213
201	208	244	213	216	670	250	303	671	249	299	688	250	295	665	251	300	678	253	297	669	247	303	684	250	300	693	257	302	237	211	210	240	206	209	233
201	202	290	273	356	4094	1193	2249	4094	1209	2282	4094	1194	2237	4094	1220	2276	4094	1182	2267	4094	1204	2269	4094	1207	2300	4094	1219	2215	214	202	202	205	195	204	205
200	207	248	234	266	4098	613	1040	4096	610	1058	4096	612	1041	4096	613	1072	4097	621	1055	4096	624	1058	4096	613	1052	4097	611	1016	208	203	204	205	206	202	206
200	202	219	211	225	1674	345	491	1687	350	505	1699	351	488	1704	352	500	1689	340	499	1686	348	495	1686	349	498	1696	343	484	207	202	203	198	206	203	199
202	202	212	201	206	500	229	263	512	229	262	513	232	268	504	230	263	514	229	258	507	227	267	507	230	264	510	230	260	206	203	204	202	197	201	205
200	206	205	207	210	284	209	219	284	210	215	288	211	221	286	214	215	290	210	216	289	207	219	290	210	215	286	202	221	206	203	203	204	201	201	204
200	204	205	201	202	254	209	215	258	209	209	253	210	215	251	209	210	242	204	208	253	201	211	257	208	212	249	206	213	204	205	204	203	202	201	203
202	199	204	203	205	245	205	209	242	209	204	239	207	208	240	206	203	247	206	212	243	207	207	239	202	211	238	208	213	209	201	205	200	198	198	205
200	203	209	202	205	252	203	206	254	205	208	249	207	212	250	205	215	245	210	210	254	205	211	246	205	211	249	204	214	211	200	202	203	199	198	206
202	203	204	204	211	418	224	241	431	226	246	422	227	246	432	225	244	418	224	246	427	225	250	423	218	247	420	225	248	205	202	205	204	200	203	204
202	201	225	216	240	2584	424	644	2674	417	666	2658	428	645	2620	426	655	2623	425	638	2649	428	664	2654	428	664	2642	429	646	209	198	203	199	201	201	204
205	203	210	208	219	1085	290	374	1108	293	376	1107	280	361	1097	291	373	1102	288	372	1110	290	370	1106	283	377	1091	291	374	199	201	198	198	201	203	205
205	208	236	209	214	543	235	271	556	235	271	556	240	269	548	233	275	548	239	271	555	239	264	559	227	272	552	241	273	228	203	206	227	206	211	229
203	202	211	203	203	282	208	219	280	210	220	285	213	220	275	211	212	280	211	214	283	206	214	282	213	216	283	209	218	206	198	202	207	206	202	212
201	200	201	203	204	270	210	219	275	210	215	278	206	218	277	210	213	279	211	219	277	209	216	276	212	213	273	212	213	204	202	202	200	199	201	199
200	207	207	203	205	515	235	267	538	235	266	544	233	264	544	237	268	544	237	265	548	237	270	549	233	271	542	231	268	209	202	200	203	205	204	206
202	208	228	209	210	355	216	232	363	214	233	363	214	238	369	219	229	369	218	230	373	219	233	374	213	235	371	220	234	228	205	204	228	203	209	223
204	202	207	203	206	265	205	214	277	205	218	274	208	215	275	209	215	271	211	214	274	208	219	277	209	213	280	208	213	201	204	202	204	207	203	207
200	205	200	199	199	238	202	205	237	202	207	238	206	207	235	204	207	238	205	206	236	209	213	233	204	206	235	202	203	198	204	202	201	201	201	202
206	200	206	200	202	234	199	206	230	204	206	229	199	210	236	202	206	231	202	207	230	203	208	226	205	210	231	206	206	201	206	199	207	204	200	204
204	204	207	207	201	224	204	206	231	205	203	229	202	209	231	206	205	230	204	206	228	206	209	230	204	205	232	204	207	204	204	202	205	202	200	205
203	204	204	203	199	233	206	208	228	206	207	233	205	208	235	205	209	234	204	206	231	206	206	235	204	206	236	205	207	204	201	200	206	203	205	204
201	202	208	201	204	234	202	208	236	202	208	242	203	207	240	204	209	239	204	208	237	204	208	234	206	211	239	203	206	205	201	202	209	201	199	206
200	207	209	204	208	253	204	210	252	205	213	257	204	213	257	209	217	252	210	211	257	207	212	254	207	212	251	211	210	208	201	202	207	201	203	202
198	201	208	204	206	259	207	210	264	205	212	261	209	216	255	211	214	260	210	211	256	209	213	261	204	212	263	203	210	210	202	204	208	201	201	208
204	207	207	205	203	255	208	213	252	209	215	252	209	212	253	211	212	254	207	210	250	200	206	258	211	211	254	210	216	207	201	204	206	201	199	208
205	201	227	208	210	291	209	216	293	210	220	287	209	220	294	214	221	293	214	220	295	209	218	286	210	220	294	208	219	220	202	201	224	205	205	222
203	199	209	203	205	332	216	223	339	216	226	335	217	224	337	210	224	329	216	228	329	217	228	336	216	228	330	214	227	209	203	204	206	203	203	206
206	201	205	204	205	282	212	215	279	212	213	277	210	218	285	207	217	279	208	215	280	212	219	280	212	219	284	213	215	211	204	199	205	204	204	206
204	199	202	201	203	269	207	218	271	207	218	263	204	217	273	204	213	274	214	213	275	209	212	274	210	217	273	211	215	202	199	199	203	201	208	202
205	206	204	193	204	251	201	212	259	207	216	256	205	210	255	208	211	255	208	212	257	204	209	253	209	213	255	208	212	205	199	200	199	202	200	202
204	202	209	200	204	259	208	215	264	205	212	268	207	213	263	206	217	263	206	217	261	207	211	263	203	214	263	205	217	203	201	201	201	201	204	206
201	201	218	216	227	1852	357	512	1899	353	508	1894	357	514	1867	357	511	1890	361	510	1891	357	514	1888	355	514	1880	356	506	202	203	204	199	202	201	202
199	202	215	209	225	1990	367	542	2030	371	541	2038	370	533	2040	365	530	2017	367	542	2017	370	547	2019	368	540	1991	375	526	202	202	200	201	204	204	202
203	205	210	208	208	786	260	314	790	261	319	801	257	314	792	255	322	799	259	318	799	259	324	784	262	323	793	264	310	203	201	204	206	203	205	202
205	204	216	205	207	468	231	257	481	227	253	475	235	252	477	231	255	465	232	254	476	228	256	472	228	259	480	231	252	213	202	206	217	204	205	216
200	205	209	202	208	284	209	215	277	213	218	279	210	214	286	205	216	282	211	217	280	208	214	279	214	217	278	208	218	204	201	200	212	205	201	210
202	207	214	202	206	268	208	217	272	203	214	272	208	217	269	207	214	273	206	215	266	209	214	278	210	211	269	210	212	207	197	203	210	203	203	212
206	201	214	213	228	1766	347	497	1809	345	498	1814	352	491	1793	353	494	1806	349	502	1806	347	487	1793	347	496	1811	347	487	209	201	198	202	200	202	209
203	204	243	227	263	3698	529	874	3805	527	885	3793	544	877	3750	537	898	3760	534	875	3753	536	885	3789	530	892	3791	539	864	213	200	205	207	204	201	210
203	208	234	215	226	1860	355	514	1903	362	515	1895	358	512	1882	357	510	1885	358	521	1881	359	510	1888	361	516	1872	360	501	225	203	203	226	206	207	218
202	204	204	206	209	783	258	318	803	255	319	804	257	315	792	259	315	797	263	318	782	252	320	784	262	320	789	261	315	200	202	203	201	199	200	203
204	198	199	206	204	407	221	242	410	218	244	401	225	245	407	222	242	405	221	242	408	220	240	397	222	244	419	225	243	199	201	201	198	201	201	200
203	201	214	204	202	322	211	228	321	209	223	323	214	229	320	211	227	316	214	224	322	211	223	315	216	222	318	220	225	214	201	202	213	202	206	213
202	196	207	201	202	274	210	215	273	206	216	273	208	215	273	206	215	274	208	214	274	207	218	270	212	215	270	209	214	196	202	198	203	201	204	204
207	201	214	199	207	282	210	219	288	212	217	286	206	220	288	214	217	288	210	219	285	210	214	283	208	217	290	209	219	222	205	204	217	198	204	219
200	202	214	205	207	311	212	223	316	212	226	309	213	222	317	217	222	314	209	220	315	209	226	313	210	227	311	206	222	213	202	204	212	204	204	214
204	208	213	202	206	449	223	250	456	225	252	453	228	255	454	228	253	449	229	250	456	225	254	444	226	254	443	228	247	211	201	202	214	201	201	215
201	202	235	226	256	3707	503	827	3741	504	826	3728	503	825	3736	495	828	3728	510	819	3733	511	831	3731	501	827	3730	493	811	211	202	202	204	203	199	207
204	202	391	355	542	4099	2203	3962	4099	2198	3965	4099	2224	3968	4099	2204	3959	4099	2201	3958	4099	2197	3965	4099	2226	3960	4099	2218	3930	230	200	200	207	199	205	206
201	202	323	292	397	4095	1317	2571	4095	1330	2552	4095	1336	2561	4095	1336	2593	4095	1314	2580	4095	1328	2545	4095	1339	2581	4095	1359	2490	225	201	205	216	203	204	208
199	206	250	236	268	4091	566	960	4093	569	960	4093	568	958	4093	570	961	4093	584	960	4093	573	956	4093	563	956	4093	566	935	217	205	202	214	205	205	213
202	203	218	215	230	1655	341	485	1697	343	487	1701	350	488	1702	342	481	1677	340	495	1701	349	492	1697	346	490	1670	353	472	207	202	202	208	200	204	207
203	201	205	204	205	402	218	242	392	224	237	405	225	245	405	224	237	407	220	244	397	219	239	406	223	240	403	218	239	202	203	200	211	201	202	206
202	206	223	206	208	290	207	216	292	209	219	293	208	221	294	210	219	290	210	210	296	213	218	288	212	223	293	213	218	225	204	207	226	204	207	225
199	201	204	200	206	258	209	217	250	207	210	254	205	212	263	208	212	260	206	212	256	207	210	255	203	214	261	207	214	202	199	203	205	203	203	208
202	202	209	201	203	258	209	212	262	207	214	260	205	214	267	208	213	259	209	212	260	209	213	261	207	214	258	203	213	209	198	204	211	205	204	210
205	200	205	206	203	236	203	209	239	207	209	236	205	211	236	206	209	238	204	203	235	208	208	243	202	203	238	204	207	204	202	201	201	202	203	207
203	198	207	203	206	237	201	208	234	203	210	235	201	212	235	205	210	235	204	205	232	205	207	232	206	210	229	202	209	205	202	202	207	208	201	203
201	204	215	201	203	236	206	211	238	206	209	232	207	207	237	202	207	239	206	212	235	208	209	243	202	206	239	211	213	199	202	201	209	204	206	213
203	205	209	202	201	235	202	209	230	206	209	235	207	208	231	203	209	232	204	207	231	207	204	235	204	206	233	203	208	213	203	201	209	204	209	212
200	204	203	200	202	226	201	206	229	202	207	229	204	204	226	200	207	223	207	207	226	203	207	225	204	207	226	203	204	200	203	199	205	200	201	202
205	209	245	207	209	267	206	218	265	205	215	269	209	215	267	209	217	276	204	213	265	207	213	272	213	213	274	209	215	244	206	208	243	205	213	242
199	205	215	201	208	262	204	220	263	206	215	265	207	217	264	209	214	263	205	219	272	203	214	263	212	215	263	208	211	212	205	204	211	203	205	215
199	203	221	211	220	1318	304	412	1343	310	415	1349	311	406	1355	309	417	1337	308	408	1338	307	422	1351	313	423	1343	308	411	206	200	201	207	206	202	205
203	198	209	205	207	776	255	312	800	258	320	801	259	315	801	253	322	788	257	314	786	261	313	805	262	314	797	262	315	207	201	205	202	201	204	204
205	206	210	206	205	424	218	246	428	228	249	422	223	240	427	222	244	427	223	246	432	223	242	416	225	244	420	222	241	212	203	202	210	208	206	214
204	200	196	203	205	311	209	220	313	211	223	311	209	223	315	213	214	314	212	226	308	210	221	316	208	221	308	206	221	205	203	201	206	199	205	203
199	206	210	205	207	235	205	208	245	204	210	236	206	209	243	211	209	243	207	209	244	203	204	246	206	209	241	202	209	208	203	200	212	203	198	210
203	199	207	200	204	230	202	206	232	203	204	229	206	205	228	202	206	226	205	205	226	204	207	227	205	208	226	204	209	206	202	205	204	203	204	209
205	205	205	201	201	229	202	209	223	207	210	228	203	209	231	208	205	230	200	209	232	204	209	231	209	210	224	209	205	206	204	209	205	204	202	212
206	203	205	204	202	232	201	209	224	204	206	228	202	210	227	205	207	228	206	206	227	203	212	232	203	206	228	206	209	203	200	200	200	201	199	202
204	201	214	203	203	235	204	211	234	202	207	238	204	206	238	198	209	235	190	207	235	204	212	232	203	211	241	207	208	212	202	202	214	202	201	214
201	202	212	203	204	231	205	204	230	204	209	228	202	204	234	207	208	229	201	207	230	204	206	228	204	207	231	203	208	206	201	202	209	201	200	209
204	200	211	204	205	229	205	205	231	203	205	232	203	205	228	204	208	229	201	207	231	203	210	228	203	203	223	205	208	208	201	202	212	204	201	210
201	199	207	203	202	226	202	209	227	203	209	223	206	208	226	204	205	227	204	208	223	207	206	227	203	204	225	202	208	204	204	203	205	202	201	208
204	206	201	203	202	237	209	208	236	207	209	248	208	210	239	204	210	236	203	208	239	206	207	242	205	208	238	205	209	206	201	202	205	200	200	203
201	205	209	203	205	273	206	213	263	206	213	268	205	213	269	208	212	276	208	215	273	211	211	265	206	217	272	210	215	208	202	198	210	203	206	212
205	202	210	207	216	1066	277	369	1078	282	364	1080	291	366	1079	279	367	1066	280	362	1064	283	365	1065	281	372	1068	282	361	208	201	201	208	204	204	205
205	205	224	216	217	1529	328	449	1541	318	452	1545	327	446	1549	328	460	1550	335	453	1545	325	454	1539	329	460	1517	328	447	219	199	208	214	201	206	217
202	206	255	227	255	3722	525	888	3809	531	884	3794	537	878	3764	531	888	3753	535	887	3791	533	886	3796	531	887	3769	531	864	230	205	204	226	201	206	225
198	204	217	215	229	1999	363	534	2009	367	537	2028	368	538	2002	373	541	2008	372	531	2007	365	542	2025	364	546	2019	371	534	206	200	201	204	201	202	203
201	201	207	208	211	867	263	331	880	263	336	895	264	335	887	264	332	897	264	340	898	265	336	872	263	336	871	269	328	205	202	203	204	202	199	210
202	203	205	205	205	549	233	265	552	236	269	547	233	271	549	233	266	554	232	270	551	235	269	553	236	277	552	236	268	207	204	206	203	203	201	207
203	203	212	204	205	276	208	215	276	207	216	282	212	213	277	211	218	281	208	220	281	205	220	284	206	220	275	209	216	216	201	200	214	204	203	210
199	202	203	205	204	222	205	208	228	204	209	225	204	210	229	206	205	226	200	209	229	202	211	224	205	209	227	204	211	206	201	203	203	201	203	206
203	199	205	205	201	219	205	207	219	207	204	224	205	206	222	204	204	218	200	202	222	202	211	220	206	206	214	202	205	197	206	201	202	199	200	197
203	200	205	199	199	224	201	207	225	203	203	226	206	211	228	201	204	224	204	214	228	204	206	223	200	206	231	207	203	205	202	202	205	203	200	208
199	203	205	203	202	214	201	204	216	200	203	215	201	206	221	204	207	216	201	203	222	200	204	220	203	202	216	205	206	201	202	201	204	202	201	205
203	202	209	202	207	332	215	231	340	213	231	338	214	228	338	212	229	338	213	227	342	212	226	332	213	226	336	216	232	207	201	201	208	201	203	208
204	206	221	209	217	1037	282	359	1059	278	376	1053	280	362	1049	277	363	1063	283	364	1059	280	360	1056	281	366	1060	285	363	215	207	205	212	203	206	216
206	199	211	200	211	452	227	254	461	228	255	457	227	254	456	223	251	463	223	257	464	232	253	458	225	252	462	227	248	209	200	200	211	203	203	207
198	203	208	206	201	328	215	223	336	216	225	329	211	229	326	213	232	329	215	224	327	218	226	330	211	229	334	213	224	217	202	201	205	205	202	210
204	209	249	207	211	308	214	227	308	209	220	314	216	223	313	210	224	307	210	222	308	211	221	314	213	220	314	213	224	245	203	212	246	205	209	251
203	201	212	202	205	222	205	211	227	203	204	226	205	205	223	201	208	222	203	209	226	206	204	225	199	202	225	206	203	212	202	204	211	205	204	210
204	203	223	206	208	230	204	208	235	203	204	232	200	208	231	202	212	225	211	210	232	206	207	232	204	209	234	205	209	221	201	203	226	201	203	217
207	205	208	203	203	212	204	208	218	204	203	218	196	203	217	200	202	217	204	207	216	201	202	217	204	204	218	202	192	206	200	200	205	200	197	212
202	205	206	202	202	214	202	206	210	202	204	214	204	204	218	199	206	214	202	206	212	203	204	215	202	200	214	203	203	204	200	200	204	204	204	203
203	204	222	206	204	262	204	216	270	207	215	260	208	217	263	209	214	266	208	213	263	211	216	264	209	210	261	208	213	225	204	210	224	206	208	224
203	200	201	205	200	239	203	211	241	206	206	240	200	209	240	204	206	240	206	211	235	205	206	239	204	209	233	205	208	202	204	199	205	199	200	207
202	207	205	199	200	231	198	207	230	201	205	241	206	207	234	206	208	237	202	207	232	206	205	234	207	209	236	206	206	204	204	204	205	203	205	203
202	208	223	201	199	244	205	210	242	206	214	240	203	211	238	208	210	244	206	207	247	204	208	238	201	209	245	207	212	223	203	206	224	205	207	221
198	203	215	205	205	223	202	209	225	201	207	223	201	207	223	201	209	229	204	209	222	206	207	224	206	205	228	200	205	207	203	204	212	205	203	209
206	203	204	200	203	217	203	203	220	205	206	221	203	203	217	206	205	219	204	204	218	203	207	217	203	202	220	203	206	203	201	200	205	205	206	206
202	203	202	205	202	280	210	220	276	202	217	285	210	220	283	212	214	281	206	216	283	209	214	280	208	211	280	206	217	204	204	207	204	202	202	205
203	202	210	206	207	294	212	221	296	210	220	302	212	220	310	213	218	294	212	217	297	213	216	300	209	212	297	205	220	209	204	206	211	204	203	213
199	205	209	203	204	240	205	212	249	204	212	249	206	209	249	204	209	248	209	208	243	206	213	246	204	211	249	205	209	210	196	201	205	208	204	208
204	201	205	201	203	227	201	210	231	204	208	228	209	206	230	209	206	228	204	205	229	204	205	229	201	203	231	205	211	205	199	197	203	205	200	204
197	203	207	200	203	215	203	209	219	202	202	219	205	206	220	198	203	219	203	205	220	205	203	222	203	203	221	204	205	205	202	204	206	205	200	206
202	197	205	201	200	223	208	208	222	204	207	221	201	206	222	205	205	218	205	204	225	202	204	223	202	204	224	208	203	215	203	202	213	204	206	211
203	204	211	198	202	214	207	206	215	203	206	221	204	202	216	203	204	220	203	205	220	201	204	220	199	203	217	205	206	210	202	203	208	200	205	204
200	202	203	202	201	212	205	205	208	201	202	208	201	201	210	201	200	210	202	204	210	202	203	210	204	202	214	202	204	199	200	201	203	200	199	200
202	202	205	200	201	216	200	204	211	202	206	209	200	205	214	202	204	211	204	201	212	205	205	214	203	202	215	201	202	204	198	201	205	204	200	207
202	205	215	202	201	215	204	204	222	202	206	223	201	207	222	201	203	222	205	205	225	204	201	225	201	204	219	205	206	210	201	205	210	199	204	209
204	203	202	206	196	233	205	207	234	203	208	242	202	209	230	209	208	230	204	206	231	204	208	233	201	204	232	204	206	203	199	203	201	202	203	202
201	206	205	204	202	223	203	202	220	203	208	219	202	206	222	203	208	221	201	206	220	202	206	223	200	206	221	203	202	208	203	202	204	198	205	205
200	200	206	203	203	214	203	201	215	207	202	218	201	201	217	202	209	221	205	208	217	202	205	218	207	205	220	200	207	208	201	200	206	203	203	206
202	202	204	202	199	217	203	206	217	204	211	217	201	205	216	202	202	224	203	202	218	205	206	218	206	206	218	205	205	208	203	201	205	202	203	207
202	200	203	204	199	214	204	204	217	202	203	219	205	202	220	203	203	216	204	204	215	201	203	213	204	204	215	203	201	209	196	202	209	200	203	205
202	202	208	201	202	211	205	202	213	201	205	215	204	201	213	200	206	215	200	204	210	203	207	215	202	200	212	206	206	208	204	206	207	205	204	202
204	202	206	202	201	209	200	204	211	203	203	209	203	201	210	203	203	212	203	204	211	200	203	211	198	202	208	202	204	203	202	203	205	203	199	204
201	202	199	199	200	208	196	205	211	200	200	212	200	204	207	199	203	207	203	200	216	200	205	208	197	204	213	202	196	202	200	201	205	201	202	203
200	200	204	200	201	209	203	201	214	202	205	216	201	201	217	200	203	215	202	209	218	203	205	215	201	197	218	205	205	205	204	202	206	204	201	207
200	203	204	203	201	222	203	204	214	203	206	218	201	202	218	206	205	216	204	203	217	204	200	220	203	207	220	204	207	201	201	201	198	201	200	201
200	205	212	204	205	222	205	205	223	205	207	218	201	208	213	204	204	220	202	205	220	204	207	223	203	205	219	205	206	210	201	201	213	199	206	215
205	204	201	200	206	210	205	203	209	201	205	211	204	200	208	202	201	207	201	201	208	205	204	215	200	202	210	199	199	201	201	202	204	198	198	201
202	202	206	201	201	209	193	202	211	203	202	209	205	207	215	200	205	209	203	208	210	205	198	213	203	204	211	204	205	206	201	203	201	201	202	201
200	202	214	203	202	216	200	205	221	202	209	216	205	204	215	207	203	224	202	206	217	202	206	218	201	204	216	205	204	211	204	205	214	203	205	211
199	207	219	202	204	227	204	205	226	204	203	231	203	206	230	206	202	227	207	208	225	203	204	222	200	204	227	204	207	218	205	205	219	204	203	221
202	204	211	200	204	218	200	203	220	199	204	215	203	204	223	205	204	219	199	208	217	203	205	216	202	204	223	204	206	216	199	204	213	201	201	213
203	204	205	204	202	210	207	198	209	202	205	212	203	206	211	200	204	209	203	202	212	202	206	209	206	199	211	203	202	205	201	203	204	205	202	206
202	201	206	201	204	209	202	206	205	204	204	208	202	199	218	203	202	206	200	201	208	206	200	212	198	207	208	199	202	203	202	200	202	204	203	199
203	207	229	205	208	223	203	201	229	205	205	232	198	210	227	202	204	227	200	209	227	202	202	228	204	207	230	208	210	227	204	208	225	201	210	228
204	198	203	204	200	206	199	204	203	202	203	204	202	202	207	204	201	205	200	203	204	199	202	210	203	203	207	201	202	200	200	200	202	201	202	205
202	201	199	204	202	208	204	204	208	199	203	207	201	201	208	204	200	206	201	199	208	203	203	208	204	202	209	203	204	200	203	199	198	203	199	198
204	200	204	204	203	207	204	203	210	200	202	206	200	207	211	205	203	206	204	203	210	200	202	214	200	203	213	204	206	203	203	205	200	197	204	201
201	200	201	202	202	204	201	208	207	201	202	210	212	204	210	204	196	209	200	204	207	201	205	209	202	203	212	206	203	206	198	199	205	205	204	207
203	202	213	203	206	219	205	207	219	203	208	213	203	205	218	204	205	219	197	206	219	205	205	219	201	202	220	207	206	212	204	202	210	201	202	209
204	202	205	203	199	212	202	199	214	202	207	215	207	202	214	204	206	212	206	202	211	203	205	218	206	202	210	201	200	207	203	203	205	202	203	208
201	198	204	199	202	212	200	204	210	201	200	209	199	203	210	202	204	210	206	203	212	206	201	210	204	202	205	198	199	198	201	201	202	204	203	203
204	210	233	207	208	235	202	212	236	205	211	234	203	209	236	202	209	238	205	204	240	204	211	237	206	209	233	205	206	230	202	208	227	208	204	231
204	206	203	203	200	206	201	205	209	202	204	209	201	202	210	202	203	210	205	202	214	203	205	207	202	203	208	205	203	200	199	201	206	203	204	204
202	201	205	202	201	205	202	201	208	204	204	206	200	196	207	200	207	208	201	202	210	202	203	208	202	201	206	201	204	200	205	202	207	196	204	202
204	206	223	201	208	233	202	210	235	206	212	230	202	211	231	206	204	230	199	208	234	203	208	231	200	210	234	205	205	229	207	207	224	204	203	224
204	203	211	201	201	228	203	208	225	203	211	229	204	204	227	202	203	224	205	208	225	202	204	226	206	206	226	205	206	207	199	203	208	203	206	210
201	200	207	204	206	232	206	211	230	205	206	230	201	211	228	202	209	233	202	209	232	203	208	229	200	203	225	211	209	209	203	201	211	204	203	208
200	202	201	203	202	215	203	207	216	209	206	215	200	205	216	202	207	213	206	204	212	207	205	219	200	202	219	202	205	197	204	205	200	202	198	199
202	202	201	201	201	215	206	205	221	203	204	217	205	207	222	205	202	224	202	204	222	203	202	224	206	207	221	204	201	203	202	198	204	201	204	203
203	201	204	201	202	230	207	203	231	207	206	230	206	205	229	203	212	236	206	210	234	207	208	236	207	210	232	204	208	203	204	204	208	201	204	203
203	203	213	203	206	420	219	246	422	223	251	429	217	243	421	224	248	414	226	245	431	224	246	430	222	243	428	217	243	209	204	201	210	208	206	213
200	201	216	216	227	1837	359	513	1858	349	516	1847	351	500	1856	353	508	1846	345	510	1858	349	504	1863	356	507	1862	353	498	207	203	201	206	201	200	207
203	206	224	210	218	1058	282	374	1068	277	370	1089	284	370	1077	287	374	1095	285	364	1082	282	370	1094	290	379	1093	290	367	214	201	198	210	200	202	208
203	202	207	205	211	676	246	296	697	246	295	699	248	298	688	251	300	702	247	290	690	247	300	694	249	292	696	248	287	209	202	201	207	203	201	209
204	202	210	203	208	495	230	260	504	232	256	495	229	261	499	231	258	499	230	260	509	231	260	498	235	265	501	232	256	209	201	204	213	204	203	207
202	199	215	202	206	330	213	229	328	211	227	337	213	231	342	216	230	338	216	228	334	215	224	339	216	226	342	213	225	213	200	205	213	204	202	212
203	201	208	203	209	226	203	208	229	205	210	229	203	205	228	202	206	227	202	208	228	201	205	225	204	209	233	208	211	211	203	202	205	204	203	204
204	201	215	204	206	227	201	205	230	202	204	225	205	205	228	204	204	221	205	207	226	203	207	225	205	206	227	204	206	218	202	202	214	201	203	216
200	206	204	205	206	227	208	208	221	203	208	224	201	211	230	202	208	222	204	213	224	202	204	224	202	211	223	208	202	205	201	204	206	200	206	207
205	205	218	202	203	236	201	207	238	205	208	236	204	207	236	202	209	234	205	211	238	203	211	233	205	207	232	206	210	221	204	208	217	204	203	214
205	205	208	203	202	233	209	209	235	205	210	236	207	210	232	205	207	232	205	209	234	204	208	239	206	210	231	206	210	206	199	204	207	198	202	203
202	202	213	206	203	460	223	250	450	226	252	458	225	251	454	226	254	457	224	256	462	222	259	461	223	249	449	224	245	210	202	201	209	206	202	213
202	203	209	201	203	387	222	240	388	219	241	390	215	243	385	219	240	394	218	240	395	223	241	384	215	238	395	221	240	205	199	202	206	204	201	204
202	208	213	203	207	324	213	226	323	210	222	326	216	224	330	217	227	327	210	226	328	217	226	326	212	225	324	206	221	215	200	205	213	201	206	211
206	200	205	202	201	269	207	212	267	207	217	274	210	215	276	210	220	272	208	212	271	205	219	278	207	217	274	206	219	199	199	203	207	204	207	206
206	203	207	200	199	245	204	212	254	208	211	251	203	209	252	207	213	249	210	213	252	208	209	249	209	211	254	208	206	207	202	203	207	203	203	204
203	200	202	200	204	208	203	199	212	202	207	213	203	202	213	205	201	214	198	206	211	204	205	209	201	207	211	203	203	203	201	206	199	202	204	204
202	201	204	205	204	211	206	204	212	202	208	213	203	203	207	205	203	214	203	199	209	201	206	210	204	207	213	202	202	206	202	199	204	203	204	203
205	203	210	203	202	216	204	205	217	202	206	218	207	203	221	202	204	219	205	205	214	203	205	222	207	206	217	202	203	210	202	200	212	199	204	211
203	200	201	204	203	214	202	205	207	201	208	207	202	202	209	202	197	210	202	203	209	200	209	207	203	204	214	202	206	203	201	206	203	202	206	203
200	201	203	201	200	204	206	202	205	204	202	212	203	201	207	204	204	209	200	205	211	204	206	203	206	203	207	202	205	204	203	203	206	200	199	202
201	201	207	205	201	212	205	205	213	207	200	213	202	205	212	203	203	211	202	198	209	201	203	210	205	206	211	204	205	205	203	203	207	204	202	208
199	203	203	202	204	207	200	199	211	203	202	208	203	200	206	199	206	209	199	200	203	201	204	208	201	204	210	199	200	205	202	203	207	200	198	199
200	204	204	199	202	208	202	200	207	203	202	205	202	201	206	202	204	206	200	206	207	205	205	204	202	199	204	202	196	201	199	197	203	201	197	199
195	199	201	202	200	214	203	206	216	202	204	212	202	203	209	203	205	212	199	203	217	200	203	209	201	203	210	204	204	203	200	202	200	201	196	203
204	199	201	202	200	212	203	204	210	201	204	221	202	204	211	203	205	212	201	207	211	202	203	216	202	204	212	199	200	203	197	199	200	205	203	207
203	203	212	203	205	219	204	204	220	203	201	219	203	204	216	206	206	220	203	207	216	200	207	221	208	206	218	204	202	212	200	206	214	201	201	211
205	202	214	199	204	219	204	208	214	201	201	220	205	203	217	205	202	215	198	204	218	205	202	215	208	202	212	201	205	212	201	209	209	204	200	212
202	199	208	204	203	209	201	203	210	202	202	208	202	202	213	201	203	208	201	203	213	200	200	208	201	203	210	202	202	208	206	200	208	200	199	204
206	204	208	203	206	218	201	205	219	207	203	219	202	206	215	202	200	215	206	204	208	202	203	214	202	207	213	199	208	214	199	202	211	202	203	209
201	209	217	205	204	222	205	202	221	204	208	225	202	204	220	205	207	221	206	206	225	205	203	225	207	203	222	206	205	222	200	206	221	198	202	217
201	203	212	203	204	212	201	202	215	202	205	213	205	202	216	203	207	212	206	206	210	205	208	212	199	202	215	203	200	211	202	203	210	204	206	208
203	201	204	205	198	206	206	202	206	203	201	207	201	205	204	207	202	205	200	200	207	204	201	203	203	204	208	202	201	210	201	202	206	204	201	204
203	206	231	207	210	234	201	206	233	207	204	232	206	209	231	208	208	230	204	208	231	207	207	233	205	208	233	208	206	231	205	207	232	208	210	228
205	203	206	200	207	207	203	203	204	204	203	206	204	201	206	201	205	208	201	203	209	200	202	207	203	200	205	203	203	204	197	199	207	202	205	204
202	203	207	204	205	210	201	205	211	204	204	211	204	204	210	202	202	209	204	205	211	205	199	212	202	203	213	199	202	205	198	205	203	208	203	208
203	203	207	199	202	201	201	199	206	201	201	208	200	201	205	203	204	211	203	203	204	199	205	205	201	200	206	199	199	202	200	202	205	206	199	201
199	204	207	199	199	208	201	205	205	203	208	203	201	203	208	203	205	209	206	204	206	199	197	205	202	206	208	202	201	206	201	202	208	202	202	210
199	201	208	203	202	212	206	203	210	201	205	210	204	204	210	205	201	212	197	205	207	201	206	210	206	201	212	201	203	206	200	205	209	202	203	209
201	204	210	200	208	214	204	202	210	203	205	207	203	204	209	203	202	209	198	202	207	204	203	211	202	204	210	201	204	203	200	205	206	205	202	210
201	200	203	198	203	202	202	206	208	202	200	209	202	204	206	204	200	207	201	204	200	200	205	204	196	200	200	203	202	201	204	204	204	206	202	206
203	205	208	204	201	210	205	202	210	203	204	206	204	204	211	203	200	209	204	199	209	199	202	213	205	203	214	201	203	209	203	200	207	200	201	208
201	195	198	201	205	201	197	203	202	202	201	203	204	201	201	200	199	203	199	199	203	199	200	206	204	202	199	202	203	198	202	202	200	202	197	198
206	201	216	199	208	215	203	206	220	204	203	218	202	202	219	202	204	214	204	203	210	199	209	216	203	204	220	206	203	214	199	209	217	201	203	216
204	200	206	201	203	208	200	201	208	198	205	205	196	201	210	204	202	205	203	201	208	204	202	206	203	204	209	204	204	206	198	199	209	204	200	206
202	200	206	201	205	215	205	203	212	204	200	211	202	203	211	202	200	214	202	202	210	204	203	212	203	204	209	201	204	210	203	204	206	201	204	205
198	203	207	205	201	212	203	204	213	204	204	212	197	201	208	203	205	216	200	205	212	201	206	211	201	203	210	203	204	210	204	200	212	199	207	206
205	201	208	202	207	209	203	200	213	203	203	212	201	199	205	202	204	212	204	204	210	202	203	206	202	202	206	203	204	206	202	204	205	204	201	208
203	205	205	206	199	210	204	206	207	202	207	209	204	205	205	205	204	208	202	203	205	202	199	207	201	205	207	198	202	208	205	203	205	204	205	208
200	200	199	206	203	206	200	202	204	201	199	204	205	204	206	202	203	206	202	204	205	201	199	203	202	203	210	203	201	202	204	202	206	204	204	204
202	203	207	202	202	211	203	201	211	199	198	206	202	203	212	200	199	209	207	205	209	204	201	211	199	199	204	200	204	204	199	202	206	203	204	213
201	201	210	201	201	208	199	203	205	203	204	207	203	202	208	203	204	206	200	200	207	204	203	207	199	205	207	201	201	210	198	209	202	200	199	206
192	200	206	198	206	207	201	200	214	203	204	208	203	202	209	205	209	209	203	201	209	203	201	208	202	204	211	203	201	207	202	200	207	202	202	208
203	200	206	204	202	202	204	204	206	201	201	207	206	198	203	204	205	205	199	204	202	204	201	212	204	202	205	207	204	200	199	203	206	199	201	205
202	199	203	198	204	216	203	205	202	199	205	221	201	203	223	195	206	222	204	207	217	199	206	222	205	205	221	205	202	205	209	202	203	202	201	207
199	204	215	200	199	286	210	209	287	213	221	286	208	218	287	207	218	290	211	218	291	208	215	282	211	221	282	210	218	212	201	204	211	203	206	211
206	203	210	201	204	279	207	215	273	207	220	274	209	209	271	207	214	275	213	211	271	208	215	272	208	215	274	210	212	211	199	203	213	202	202	210
204	202	205	201	205	246	208	211	252	203	210	252	205	211	253	205	211	254	204	210	254	209	210	251	205	213	248	204	211	210	201	204	209	200	200	205
203	206	206	202	204	232	203	207	232	206	213	240	205	208	238	203	208	235	200	210	234	206	208	232	202	204	242	204	211	206	198	203	205	203	205	205
201	201	212	200	203	231	207	206	227	207	207	226	204	203	229	205	208	227	206	207	231	203	209	230	204	207	232	205	209	213	203	205	215	200	205	216
204	206	208	200	203	209	207	204	212	203	203	214	202	199	210	204	200	209	203	205	214	205	203	219	200	205	212	200	207	205	201	198	210	205	202	209
206	203	220	204	206	226	206	201	223	199	206	228	205	202	222	208	202	220	206	206	223	206	208	224	205	206	229	203	205	219	205	201	225	203	207	223
198	204	217	203	204	211	204	199	217	205	205	219	200	206	212	203	204	217	206	204	215	204	202	214	204	204	212	199	203	214	198	204	213	204	206	214
203	202	205	204	202	206	200	203	209	199	202	209	202	203	209	204	200	211	201	199	204	203	202	211	198	206	209	203	205	204	201	201	207	201	200	206
203	203	214	200	205	219	201	206	217	201	205	217	203	204	216	206	206	216	204	211	216	207	202	218	207	204	219	208	206	215	204	202	215	202	204	217
198	203	208	204	201	203	202	198	208	201	204	204	198	201	206	201	204	205	198	199	204	202	203	204	202	203	203	199	203	202	203	202	203	199	202	202
204	204	210	200	204	206	201	201	206	208	203	210	205	204	210	201	201	213	203	202	214	205	200	209	205	204	210	203	206	207	203	201	208	200	203	207
204	206	211	200	204	223	200	204	215	204	201	211	207	202	212	202	203	209	203	206	214	200	203	216	204	203	211	205	207	209	201	206	213	202	203	208
203	201	203	199	197	209	203	203	211	203	204	211	202	195	213	201	198	211	192	204	213	201	204	211	204	203	208	203	204	206	197	201	203	203	201	205
202	202	206	202	205	212	207	205	213	201	205	212	204	204	208	198	204	208	202	203	208	203	197	210	205	203	212	202	200	201	200	201	203	201	200	206
201	201	212	206	205	216	202	204	215	203	203	217	202	206	217	202	207	217	205	204	214	201	205	221	208	203	216	203	203	221	202	203	212	205	204	212
204	206	219	203	204	227	202	203	224	203	204	230	201	204	227	205	210	226	203	205	223	201	205	227	203	207	225	205	208	220	204	207	224	206	204	217
199	202	207	203	203	207	204	203	206	202	200	209	206	201	211	202	206	206	203	201	208	203	200	207	205	203	207	203	206	207	200	205	206	199	204	210
205	206	212	203	202	221	204	206	221	201	204	225	208	205	221	203	208	222	206	203	221	208	204	215	202	208	223	202	200	211	203	203	218	204	205	218
206	199	208	200	201	206	199	203	206	202	204	209	205	201	207	205	206	208	202	202	207	201	203	206	203	200	206	203	204	207	202	204	207	200	203	207
205	204	211	204	205	210	205	200	210	200	200	209	203	202	208	205	206	209	204	202	211	202	201	210	202	204	207	201	200	209	199	191	208	202	196	203
202	207	219	204	202	220	205	204	217	202	204	215	205	203	218	203	205	211	203	204	216	204	203	219	203	203	218	204	204	216	206	204	217	198	206	213
201	201	206	197	207	210	202	201	208	202	207	211	204	202	209	199	205	208	202	203	210	200	203	212	198	205	213	201	203	208	201	205	204	202	202	208
202	200	203	202	201	204	195	204	201	201	200	202	200	201	202	201	201	201	202	206	203	202	200	204	201	200	202	201	202	205	206	205	207	200	203	202
200	199	212	201	202	213	199	204	209	203	206	209	206	206	211	202	206	215	203	205	215	205	202	208	202	207	214	200	203	213	202	199	211	203	200	210
202	200	206	199	205	207	203	204	204	200	205	204	200	206	210	203	204	207	203	201	209	201	206	203	203	202	207	203	201	203	200	203	207	200	203	209
206	205	213	197	206	218	202	205	209	201	204	211	203	206	213	200	205	216	205	204	213	203	201	210	202	201	219	202	201	217	201	202	215	201	206	210
199	206	212	200	201	212	204	208	210	201	203	206	203	202	212	202	204	213	203	204	209	208	202	211	204	201	209	204	203	210	200	200	207	203	206	210
204	202	206	201	201	206	202	201	206	201	204	207	204	202	210	205	201	197	202	197	208	205	200	212	205	203	209	204	199	207	203	204	203	201	204	211
203	204	204	201	201	206	199	202	208	204	203	210	200	202	208	205	202	208	199	201	211	202	200	211	201	206	204	202	204	210	201	203	206	206	203	207
200	206	206	203	204	217	204	202	210	205	205	216	204	200	211	203	203	210	202	204	213	200	205	210	207	205	208	205	209	208	203	209	209	203	204	211
204	203	211	200	206	208	200	202	204	205	201	206	201	204	207	202	202	210	205	206	207	202	204	205	201	200	206	206	201	204	202	200	207	201	201	209
202	200	212	202	202	211	208	204	211	203	204	213	204	206	212	199	204	208	205	205	212	206	204	214	200	202	215	200	202	211	205	206	211	206	203	211
206	203	202	202	198	203	200	203	205	204	200	200	202	202	205	204	202	206	198	201	203	200	201	205	204	205	204	200	200	204	205	203	199	202	198	205
\machine::top.usb650:setup:su_maj_r1
0
1
1
20.000000
\machine::top.usb650:setup:su_z1
0
1
1
-1.000000
\machine::top.usb650:setup:su_phi1
0
1
1
157.500000
\machine::top.usb650:setup:su_maj_r2
0
1
1
20.000000
\machine::top.usb650:setup:su_z2
0
1
1
1.000000
\machine::top.usb650:setup:su_phi2
0
1
1
157.500000
\machine::top.usb650:setup:su_ft
1
1
1
50mm, P1000-2-UV/VIS EOS00019, 727-733-2447
\machine::top.usb650:comments
1
1
1
relative to track.
\machine::top.usb650:framing:frm_int
0
1
36
100
200
1000
100
200
1000
100
200
1000
100
200
1000
100
200
1000
100
200
1000
100
200
1000
100
200
1000
100
200
1000
100
200
1000
100
200
1000
100
200
1000
