\machine::top.usb650:setup:su_pixels
0
1
1
651
\machine::top.usb650:framing:frm_n
0
1
1
36
\machine::top.usb650:calib:wve_spec
0
1
651
350
351
352
353
354
355
356
357
358
359
360
361
362
363
364
365
366
367
368
369
370
371
372
373
374
375
376
377
378
379
380
381
382
383
384
385
386
387
388
389
390
391
392
393
394
395
396
397
398
399
400
401
402
403
404
405
406
407
408
409
410
411
412
413
414
415
416
417
418
419
420
421
422
423
424
425
426
427
428
429
430
431
432
433
434
435
436
437
438
439
440
441
442
443
444
445
446
447
448
449
450
451
452
453
454
455
456
457
458
459
460
461
462
463
464
465
466
467
468
469
470
471
472
473
474
475
476
477
478
479
480
481
482
483
484
485
486
487
488
489
490
491
492
493
494
495
496
497
498
499
500
501
502
503
504
505
506
507
508
509
510
511
512
513
514
515
516
517
518
519
520
521
522
523
524
525
526
527
528
529
530
531
532
533
534
535
536
537
538
539
540
541
542
543
544
545
546
547
548
549
550
551
552
553
554
555
556
557
558
559
560
561
562
563
564
565
566
567
568
569
570
571
572
573
574
575
576
577
578
579
580
581
582
583
584
585
586
587
588
589
590
591
592
593
594
595
596
597
598
599
600
601
602
603
604
605
606
607
608
609
610
611
612
613
614
615
616
617
618
619
620
621
622
623
624
625
626
627
628
629
630
631
632
633
634
635
636
637
638
639
640
641
642
643
644
645
646
647
648
649
650
651
652
653
654
655
656
657
658
659
660
661
662
663
664
665
666
667
668
669
670
671
672
673
674
675
676
677
678
679
680
681
682
683
684
685
686
687
688
689
690
691
692
693
694
695
696
697
698
699
700
701
702
703
704
705
706
707
708
709
710
711
712
713
714
715
716
717
718
719
720
721
722
723
724
725
726
727
728
729
730
731
732
733
734
735
736
737
738
739
740
741
742
743
744
745
746
747
748
749
750
751
752
753
754
755
756
757
758
759
760
761
762
763
764
765
766
767
768
769
770
771
772
773
774
775
776
777
778
779
780
781
782
783
784
785
786
787
788
789
790
791
792
793
794
795
796
797
798
799
800
801
802
803
804
805
806
807
808
809
810
811
812
813
814
815
816
817
818
819
820
821
822
823
824
825
826
827
828
829
830
831
832
833
834
835
836
837
838
839
840
841
842
843
844
845
846
847
848
849
850
851
852
853
854
855
856
857
858
859
860
861
862
863
864
865
866
867
868
869
870
871
872
873
874
875
876
877
878
879
880
881
882
883
884
885
886
887
888
889
890
891
892
893
894
895
896
897
898
899
900
901
902
903
904
905
906
907
908
909
910
911
912
913
914
915
916
917
918
919
920
921
922
923
924
925
926
927
928
929
930
931
932
933
934
935
936
937
938
939
940
941
942
943
944
945
946
947
948
949
950
951
952
953
954
955
956
957
958
959
960
961
962
963
964
965
966
967
968
969
970
971
972
973
974
975
976
977
978
979
980
981
982
983
984
985
986
987
988
989
990
991
992
993
994
995
996
997
998
999
1000
\machine::top.usb650:framing:frm_start
0
1
36
0.000000
0.218750
0.640625
2.687500
2.906250
3.328125
5.390625
5.609375
6.031250
8.093750
8.296875
8.718750
10.781250
11.000000
11.421875
13.484375
13.703125
14.125000
16.171875
16.390625
16.812500
18.875000
19.093750
19.515625
21.578125
21.796875
22.218750
24.281250
24.484375
24.906250
26.968750
27.187500
27.609375
29.671875
29.890625
30.312500
\machine::top.usb650:raw_spectra
0
2
651
36
197	201	203	202	204	206	198	202	206	195	198	206	202	202	212	198	200	204	201	203	204	200	201	206	200	200	207	201	201	203	198	200	204	199	202	202
203	204	210	201	206	209	202	204	214	199	202	212	203	204	210	203	202	212	201	203	212	203	199	208	204	201	213	202	204	209	199	204	209	196	204	213
200	205	205	198	202	206	200	201	202	201	202	207	201	200	210	203	198	205	200	202	204	199	199	201	201	203	204	200	205	203	197	198	202	199	199	201
199	199	203	198	201	207	201	199	212	199	202	210	200	201	210	199	200	208	201	199	212	201	198	206	202	203	207	201	201	203	199	202	203	199	198	204
197	201	205	199	200	213	202	209	220	199	202	216	197	202	220	201	204	219	201	209	218	199	206	223	202	204	223	201	210	209	204	202	210	199	201	207
196	204	212	203	206	223	205	206	232	205	204	226	203	207	226	204	205	225	200	205	226	202	207	226	200	207	226	207	204	212	205	205	209	202	201	213
199	201	208	202	204	222	201	205	224	204	206	228	205	208	230	205	208	225	202	203	227	204	206	225	205	205	222	204	204	210	198	202	207	201	201	212
201	198	202	205	201	221	204	204	225	205	204	223	202	204	219	203	206	220	208	206	221	203	208	224	204	206	222	203	208	200	199	201	200	197	201	199
204	204	217	202	201	241	204	206	241	203	211	240	206	204	243	203	210	240	205	205	242	203	210	244	204	206	241	202	204	213	203	204	217	201	205	212
198	204	201	203	200	214	198	201	217	204	203	220	201	205	217	205	204	219	203	206	218	202	210	220	202	206	217	199	204	208	199	205	205	203	202	204
201	203	203	204	201	220	203	203	222	205	203	223	202	201	223	198	202	225	203	203	222	203	200	221	202	209	221	203	207	211	200	205	203	202	201	206
199	196	198	204	203	209	204	205	215	204	206	217	199	202	215	205	203	212	205	204	216	206	201	213	197	204	211	202	207	200	204	202	201	203	196	203
200	203	221	207	204	226	205	207	234	204	207	235	203	208	230	202	206	230	204	213	233	208	207	232	204	205	233	207	208	219	206	207	220	202	207	221
201	201	204	205	202	212	205	193	217	199	203	216	199	204	214	201	202	215	201	204	222	207	207	220	202	204	217	205	205	199	198	199	204	201	204	201
198	205	220	203	205	228	202	208	233	203	204	231	204	205	231	208	209	229	203	207	231	203	209	236	205	210	231	205	203	217	204	203	218	204	203	212
203	203	204	203	206	219	203	207	224	203	207	220	201	198	221	202	202	221	200	206	222	202	210	222	201	206	220	204	205	206	200	204	205	203	200	208
204	203	204	200	202	218	202	204	218	205	209	220	203	201	222	204	203	218	203	206	222	205	207	221	201	205	217	206	206	201	198	200	203	203	202	204
205	205	201	203	201	219	203	204	220	200	205	217	199	208	221	209	204	221	200	205	218	207	203	221	202	208	218	201	204	206	201	203	204	198	200	200
199	205	201	198	201	218	203	205	218	202	206	218	201	207	218	204	205	219	203	203	221	203	206	219	202	209	219	201	206	199	199	200	202	201	203	202
201	206	210	201	201	222	204	206	219	203	207	221	207	207	224	202	203	221	205	207	220	204	206	224	207	206	224	206	207	205	197	202	204	200	202	206
203	203	205	201	201	222	208	206	224	204	208	225	209	211	226	207	208	226	206	207	226	206	207	226	206	202	230	205	205	203	193	206	206	200	204	207
205	204	203	201	202	225	206	207	234	205	208	232	203	210	234	198	210	233	207	210	231	203	205	234	203	208	236	208	209	208	200	204	202	201	200	204
208	203	209	203	202	254	208	200	257	208	217	262	206	217	259	207	207	261	208	216	264	211	213	265	208	215	261	203	214	211	201	201	209	201	201	210
200	201	212	201	204	246	207	213	252	204	212	253	208	213	255	206	216	248	208	216	252	209	215	258	207	217	253	206	214	209	200	199	205	198	201	205
205	202	210	202	207	228	207	212	237	207	210	235	204	208	237	207	206	238	205	206	242	206	209	238	200	209	243	206	211	216	202	204	213	204	205	214
204	206	225	204	205	262	209	213	272	204	214	264	211	215	266	209	217	269	206	215	267	209	214	271	206	212	269	207	212	223	205	207	223	206	206	226
202	203	204	203	202	260	208	212	277	204	215	268	210	212	271	210	215	275	209	214	272	208	211	268	205	216	272	204	213	206	206	200	203	197	202	199
199	204	204	204	202	270	208	216	272	213	216	281	210	221	272	210	218	278	209	217	276	206	216	273	211	220	278	205	214	206	209	204	206	205	202	207
203	203	221	203	207	278	208	220	295	207	217	286	211	216	289	214	217	291	209	221	290	211	218	293	207	221	294	209	217	225	206	211	220	207	208	226
199	207	207	202	205	257	214	216	271	209	220	269	212	217	271	210	213	271	206	221	269	212	215	273	206	217	272	210	218	209	201	204	204	205	204	205
208	206	205	202	203	274	212	218	294	210	222	291	213	221	298	208	219	288	209	219	292	210	218	298	209	221	297	215	216	207	204	203	206	199	202	206
203	203	205	204	201	268	208	211	277	217	216	284	212	223	281	212	217	282	207	219	285	209	218	286	211	215	284	212	218	212	203	201	204	202	202	205
201	198	208	205	205	282	212	222	296	213	222	298	210	221	296	212	218	297	211	220	298	217	220	295	210	220	297	209	219	209	203	203	205	201	206	208
200	204	222	202	205	308	217	223	321	210	224	333	218	228	322	216	228	330	217	228	332	216	227	328	216	230	330	215	226	221	202	206	221	202	199	217
201	204	204	198	206	347	220	238	369	219	235	379	217	238	373	221	238	384	219	234	376	221	235	374	218	235	378	213	232	208	202	205	205	202	203	204
205	206	209	201	205	351	222	235	374	221	236	371	218	234	368	218	234	374	222	236	374	217	234	372	220	239	374	220	236	215	202	203	205	202	204	210
203	203	205	203	208	345	220	233	372	218	238	368	220	230	362	220	236	361	218	231	369	223	229	368	214	228	362	216	232	211	201	208	202	204	203	203
204	199	208	203	207	336	216	231	370	217	236	367	219	234	358	220	233	358	218	235	365	216	235	358	218	233	368	217	233	218	204	208	210	203	203	210
204	202	199	200	208	307	213	224	315	213	225	321	214	225	313	214	221	318	214	226	320	212	223	320	215	225	315	216	225	205	201	204	204	201	201	203
202	201	202	204	202	279	208	215	280	210	218	285	209	221	284	213	218	281	208	214	278	204	218	286	208	216	284	215	217	205	203	202	205	197	204	202
206	203	205	200	204	263	211	216	272	206	214	269	207	216	270	211	216	275	206	216	275	211	215	275	206	219	277	209	213	211	201	202	205	197	207	204
205	202	208	205	203	283	216	221	296	212	223	298	211	221	300	211	222	298	213	219	301	212	220	299	214	220	300	213	221	216	203	204	207	208	203	210
200	203	206	203	204	338	220	234	369	219	232	374	221	232	370	221	238	370	216	234	373	218	237	370	221	233	369	218	234	208	207	204	204	202	202	201
203	203	206	200	205	350	222	243	375	222	236	364	222	238	386	214	235	379	222	238	383	219	239	377	228	239	380	218	239	209	203	199	207	203	204	211
204	206	212	201	204	392	224	243	417	222	244	429	226	243	419	226	247	419	225	243	422	223	243	422	220	249	424	221	248	216	207	204	215	204	206	213
207	202	204	204	205	314	217	231	330	220	223	339	215	232	335	214	229	339	215	226	340	219	227	334	219	230	338	218	227	214	206	203	204	204	204	203
198	205	209	204	205	319	217	230	336	218	233	342	218	228	336	213	227	339	217	229	334	211	233	334	211	231	333	212	230	210	204	206	203	204	205	206
203	205	208	204	202	298	212	228	321	210	225	323	216	227	326	214	229	322	214	228	319	216	224	320	210	221	317	214	228	210	204	202	205	207	205	207
203	204	204	203	206	297	208	223	314	218	224	309	215	225	309	212	223	317	209	224	309	217	228	308	211	226	309	212	224	207	205	205	203	201	201	201
207	199	209	204	202	321	213	232	349	214	232	337	218	235	349	216	227	343	215	231	344	221	231	343	214	228	354	219	218	212	204	204	206	207	197	209
204	204	204	206	202	422	232	258	477	234	258	472	230	259	479	230	254	476	226	260	478	224	254	477	231	255	481	232	257	213	204	205	203	203	204	208
203	199	203	203	202	494	235	267	550	235	271	539	238	269	542	236	269	551	238	276	560	235	272	556	238	273	554	236	270	221	205	200	201	206	198	204
208	203	213	209	205	404	227	251	447	222	246	446	232	253	447	226	248	445	228	259	454	226	251	455	233	249	446	224	251	227	202	203	209	202	200	207
201	210	207	202	210	514	239	270	569	239	277	572	239	278	567	242	280	583	238	276	588	240	280	583	243	276	571	240	274	227	203	203	209	202	200	210
203	204	210	205	210	598	248	289	665	246	297	663	251	298	668	248	298	675	249	287	661	252	293	666	245	293	666	248	294	225	206	204	208	203	204	210
205	205	212	203	211	451	235	256	499	230	262	488	236	259	485	232	260	500	230	265	495	230	262	488	234	258	490	228	261	224	202	209	210	205	203	208
201	206	204	202	205	601	248	294	680	248	297	689	247	298	692	251	298	695	252	302	690	249	303	704	249	291	691	246	294	221	203	202	205	203	199	202
201	203	205	201	205	722	263	322	820	260	325	823	272	322	836	255	324	834	266	329	836	265	325	831	264	329	831	256	319	230	203	205	206	209	203	208
208	204	208	204	207	467	233	261	514	238	261	513	234	263	523	234	264	521	240	259	513	234	266	521	235	266	521	232	265	222	205	205	207	204	203	204
203	205	206	205	203	454	231	259	499	230	258	508	233	266	504	228	260	513	230	266	506	229	260	517	234	259	504	234	263	217	203	204	207	201	203	208
201	204	208	201	205	496	236	264	557	240	272	543	238	273	556	238	272	553	237	276	563	237	270	561	239	272	560	242	273	217	202	205	201	202	199	199
202	204	200	206	206	354	218	232	388	223	242	389	220	239	383	219	238	393	224	240	393	221	241	395	218	242	387	222	239	214	201	196	203	206	202	207
201	206	206	203	217	444	229	252	491	234	265	493	232	257	499	234	257	496	233	259	488	230	261	497	232	260	493	231	261	214	205	204	207	201	203	208
208	203	209	206	204	427	228	256	479	223	259	476	230	259	486	230	251	481	229	262	478	235	255	477	230	256	468	226	253	220	206	207	204	205	204	205
202	203	203	202	209	361	220	239	390	221	238	395	219	245	391	221	242	392	220	232	389	222	242	391	219	237	387	224	243	210	203	204	206	201	202	206
203	203	215	205	210	876	280	342	968	271	349	982	279	351	971	278	355	974	278	350	967	275	346	965	271	349	966	274	351	252	200	206	211	205	204	209
202	202	208	202	209	647	249	298	721	251	306	702	254	303	722	255	297	717	253	307	720	254	301	712	251	303	719	257	305	236	205	206	211	203	204	206
206	206	213	201	210	472	231	260	505	234	267	510	234	262	515	232	260	513	231	263	507	230	264	513	231	261	509	232	266	231	208	206	210	208	205	209
207	207	211	206	208	692	255	315	768	257	315	769	253	309	769	254	314	768	258	308	757	253	311	762	257	311	757	252	310	240	202	205	210	206	205	209
203	204	211	200	218	1719	358	513	1921	361	525	1918	365	524	1908	366	522	1914	358	524	1910	365	515	1898	358	511	1900	360	522	293	197	202	206	203	206	209
201	201	212	202	218	1104	294	391	1219	298	400	1215	300	399	1210	294	390	1221	295	398	1217	295	395	1228	295	397	1212	297	397	264	206	203	211	199	205	211
201	199	205	205	209	528	238	273	588	236	283	581	238	276	589	243	280	583	238	282	592	242	279	593	241	281	576	241	276	225	204	204	202	204	204	205
206	206	211	204	209	796	272	340	919	268	344	917	274	346	935	272	342	919	269	343	941	271	344	926	274	335	932	273	343	230	205	204	208	202	203	210
203	197	211	203	210	600	243	292	672	244	299	686	247	291	684	250	301	682	250	299	683	252	297	668	252	291	677	246	301	223	206	204	206	205	203	207
203	200	203	204	209	434	228	253	490	233	260	471	234	255	487	230	262	481	234	257	485	233	255	481	232	262	480	232	261	219	203	203	205	200	200	202
202	205	205	208	211	1191	312	411	1356	307	416	1362	313	416	1353	311	421	1362	311	419	1357	307	417	1353	312	415	1363	313	421	263	203	207	207	202	205	204
205	203	205	206	214	1700	358	512	1946	368	527	1942	368	523	1936	359	529	1943	360	524	1950	362	527	1948	365	526	1937	361	526	276	202	203	207	201	206	207
201	208	225	207	216	1652	359	508	1893	357	524	1926	365	531	1914	368	525	1912	361	535	1936	360	534	1936	360	528	1934	357	519	292	207	211	221	201	213	227
204	201	206	200	209	795	272	337	907	275	341	921	268	343	909	273	340	921	269	343	921	274	339	905	278	340	916	270	340	238	203	205	201	203	206	206
201	203	208	199	209	748	262	321	830	262	325	843	257	324	843	262	328	837	263	329	848	255	320	841	265	321	837	265	327	242	203	206	206	204	209	206
202	202	207	201	209	645	254	310	732	256	314	731	256	304	721	252	300	721	253	305	729	254	308	744	256	305	741	254	302	236	204	205	206	204	203	201
205	201	201	202	204	461	229	260	502	232	260	502	235	266	518	233	267	510	234	268	508	233	260	504	235	266	504	235	266	220	201	203	207	203	208	206
207	208	234	204	211	882	281	352	1004	276	351	1001	279	352	1017	282	361	994	281	352	1001	276	357	1007	274	361	1012	280	360	261	207	208	234	204	207	234
205	208	217	204	213	1329	325	448	1562	319	455	1546	324	453	1575	332	456	1559	326	452	1593	328	451	1577	329	447	1569	333	465	267	205	203	218	204	206	214
205	204	212	206	216	4089	736	1299	4090	752	1348	4090	761	1368	4090	761	1363	4090	761	1355	4090	770	1365	4090	756	1358	4090	759	1364	339	206	204	210	201	209	209
206	204	208	204	212	2853	469	740	4238	470	753	4229	483	758	4225	477	766	4214	483	754	4211	482	764	4213	474	755	4223	473	761	272	202	205	207	198	210	207
204	206	213	206	210	1403	335	459	1663	334	475	1664	338	477	1655	342	480	1656	335	471	1660	342	473	1655	341	479	1682	337	479	252	203	207	215	208	205	217
207	211	239	206	216	1115	303	393	1281	304	416	1307	308	407	1305	310	413	1308	309	415	1308	308	425	1330	312	406	1322	310	422	274	206	210	245	206	211	242
203	210	214	204	205	721	263	321	837	263	325	835	266	327	828	263	326	827	267	331	843	263	325	841	268	331	838	270	321	228	204	203	209	204	205	209
203	204	205	204	212	1279	313	435	1491	321	443	1489	326	444	1489	318	452	1501	320	453	1520	323	448	1496	324	445	1503	324	442	240	203	205	209	205	204	205
204	206	210	205	212	964	284	376	1138	291	378	1117	286	377	1101	293	384	1138	299	379	1137	296	380	1133	290	380	1141	290	376	232	203	207	208	198	205	207
204	207	218	207	210	913	285	350	1054	276	366	1058	288	366	1062	285	366	1070	287	366	1063	285	364	1063	284	363	1062	287	373	238	204	210	213	206	205	216
205	204	206	203	212	3071	514	829	3649	517	847	3656	514	851	3709	532	879	3695	523	861	3701	528	871	3698	529	874	3689	531	874	280	201	202	205	202	208	207
204	203	205	200	207	1554	356	489	1824	354	515	1830	358	509	1864	360	514	1856	355	505	1866	354	518	1869	352	516	1847	358	518	247	202	204	204	208	204	209
202	202	206	203	208	669	257	307	772	255	311	772	260	316	776	259	323	783	260	315	801	261	318	793	258	322	787	258	314	217	197	205	205	204	205	206
204	202	206	196	208	376	227	245	410	219	246	410	223	242	400	224	243	419	226	244	420	222	247	412	224	249	414	227	242	220	204	203	212	201	207	212
210	201	213	202	208	364	222	249	395	222	242	389	218	244	397	225	246	397	224	240	396	223	245	393	222	240	397	221	241	221	204	201	213	203	205	214
204	203	206	205	207	604	247	292	687	246	297	682	248	298	689	249	301	690	249	300	699	251	297	693	249	297	685	249	300	222	206	203	204	207	205	208
201	204	205	201	206	540	240	285	618	241	282	616	242	284	620	241	288	617	243	283	629	243	280	619	245	288	622	245	287	221	204	203	209	205	208	213
206	203	212	205	204	403	226	251	443	225	248	444	228	256	455	226	252	450	231	251	460	222	251	444	227	247	454	229	249	218	206	205	205	204	204	206
202	203	204	201	208	546	237	276	591	238	280	574	239	279	586	240	277	575	241	279	580	240	286	588	245	273	592	242	279	230	204	200	203	203	202	203
201	210	209	204	207	510	236	275	560	238	270	564	238	270	556	230	275	553	234	277	564	239	277	562	240	274	575	237	276	234	207	207	210	202	205	212
198	201	201	200	205	450	231	255	485	223	255	492	233	260	487	229	261	481	231	269	489	235	262	485	233	261	480	232	263	220	205	202	208	202	204	205
203	202	206	204	205	551	242	284	609	234	289	613	243	283	618	245	280	622	243	281	623	240	277	615	241	282	610	245	285	228	200	208	209	205	204	211
205	207	208	202	210	1147	307	411	1339	310	422	1342	313	420	1348	308	419	1371	308	419	1361	308	422	1370	318	419	1356	306	416	251	203	206	209	204	204	208
203	204	211	204	209	641	255	303	724	252	313	722	255	311	721	253	308	732	249	314	740	255	307	742	251	305	736	250	304	238	204	209	208	206	206	208
195	208	210	200	209	494	234	267	539	234	267	542	240	271	549	237	273	555	235	270	555	238	272	538	238	271	535	232	270	235	206	205	208	201	203	209
203	202	210	201	212	896	283	352	1039	285	362	1050	290	368	1053	289	361	1048	278	369	1054	278	360	1052	284	366	1033	281	364	239	204	204	210	204	206	209
205	200	211	207	216	1924	391	567	2274	386	590	2280	395	593	2322	393	590	2297	384	581	2319	396	599	2316	391	596	2317	387	581	263	202	204	206	205	206	207
203	204	204	203	213	1288	327	436	1525	326	458	1518	324	460	1508	330	457	1535	327	452	1530	325	458	1530	326	452	1523	326	462	244	204	201	206	200	202	207
204	205	212	200	216	2989	493	799	3560	507	841	3568	507	868	3575	514	850	3619	512	856	3596	516	841	3610	517	850	3603	515	850	290	206	202	213	200	202	213
201	207	208	204	209	1735	374	541	2073	371	552	2067	380	560	2085	379	553	2109	378	558	2101	384	561	2106	381	548	2098	384	555	253	202	208	208	201	210	208
204	204	210	206	212	802	265	338	928	272	346	938	276	346	941	273	347	947	272	341	941	270	345	956	273	340	949	272	349	234	198	205	209	202	200	212
202	201	210	205	206	518	238	268	569	242	276	568	239	274	570	239	275	583	241	274	567	235	276	566	243	270	582	236	274	224	200	203	211	202	203	208
205	206	211	200	215	408	223	248	454	221	249	447	225	251	453	229	249	450	228	249	446	226	251	448	228	252	455	224	248	229	206	205	212	202	202	214
206	207	235	206	215	999	289	378	1136	287	383	1160	292	384	1161	292	386	1167	302	388	1190	289	385	1167	289	388	1171	290	383	273	207	210	236	205	211	239
209	212	234	208	214	621	248	293	681	248	300	689	253	302	691	248	298	697	248	299	695	247	303	688	251	302	688	247	298	254	211	211	233	205	210	233
206	202	205	203	208	415	222	249	442	228	253	453	225	246	446	223	253	448	227	248	453	230	257	448	228	250	448	228	249	217	204	198	201	204	199	202
202	207	209	201	205	355	222	226	378	218	232	380	216	239	379	215	235	380	216	234	373	222	245	379	216	234	388	226	239	224	202	205	210	206	203	204
205	202	207	204	207	382	226	244	424	221	248	412	224	246	419	223	245	425	220	243	427	227	245	425	226	248	425	225	244	228	203	205	210	208	204	210
204	203	205	204	210	412	221	251	445	229	248	447	224	252	441	231	255	443	222	250	445	222	248	447	230	259	446	227	253	225	207	202	204	207	203	208
205	202	204	201	200	390	224	247	427	225	246	432	227	244	429	230	249	429	224	248	435	223	244	437	224	250	433	221	250	224	207	201	208	205	201	206
199	204	201	202	213	1149	304	407	1324	301	418	1350	309	416	1342	309	416	1358	316	418	1361	313	418	1353	308	415	1379	306	424	243	206	203	213	208	205	210
200	205	204	205	209	1374	327	453	1632	333	473	1620	344	477	1626	333	466	1648	335	473	1636	336	462	1651	335	475	1642	337	475	255	203	201	212	205	206	213
203	209	212	206	210	643	252	307	731	255	304	734	254	311	737	257	311	741	254	311	743	256	312	750	254	305	744	254	311	238	199	204	212	206	209	212
204	203	208	202	209	538	242	278	614	236	284	615	245	281	621	239	281	624	246	282	611	245	284	613	246	284	619	240	283	226	201	203	208	205	203	208
202	206	205	205	207	1421	331	463	1682	335	483	1686	335	476	1684	339	478	1700	337	477	1701	339	475	1680	340	471	1687	343	476	254	204	206	206	201	203	207
202	203	207	201	203	619	249	295	710	250	304	711	257	303	713	255	302	707	257	301	713	249	307	713	256	302	702	253	301	227	204	205	203	202	203	205
202	202	206	203	205	384	224	242	420	226	243	418	224	246	420	227	248	421	224	245	415	221	244	419	224	246	418	224	245	215	205	202	204	201	202	201
204	203	203	203	205	480	231	267	528	235	265	528	236	268	529	235	271	535	238	270	541	234	270	538	234	271	533	236	268	217	203	206	202	202	198	205
205	202	205	202	216	3546	560	939	4121	569	971	4125	579	991	4121	577	969	4127	559	987	4131	583	991	4128	575	994	4124	572	996	292	203	202	205	201	207	214
199	206	205	206	209	1315	322	440	1549	326	462	1559	327	462	1553	336	462	1574	330	467	1586	324	467	1562	331	463	1574	335	474	241	204	205	206	206	207	205
201	206	207	204	205	568	247	293	634	242	291	635	246	295	643	247	295	637	246	291	646	245	290	652	244	287	638	246	289	227	204	205	205	200	202	208
204	204	208	205	208	361	221	241	383	219	239	387	219	238	393	224	243	387	220	238	384	220	238	392	220	236	387	221	236	223	199	208	204	207	205	208
203	202	208	206	208	986	292	377	1165	292	386	1179	297	380	1177	296	383	1166	292	393	1186	290	392	1191	291	387	1180	291	395	240	203	208	209	205	203	217
204	207	205	208	214	809	270	338	923	276	350	942	273	347	945	268	344	936	273	348	940	268	351	952	272	347	950	279	347	234	206	204	204	203	202	207
205	203	213	205	210	832	272	341	951	275	342	954	279	348	941	277	344	951	275	341	955	276	353	961	273	349	959	272	345	242	204	200	208	204	206	210
203	196	204	202	226	4141	693	1223	4410	706	1270	4408	698	1276	4407	718	1284	4408	701	1266	4409	716	1291	4409	709	1280	4409	711	1282	337	203	199	204	205	204	206
203	204	206	204	217	4168	575	956	4095	581	975	4092	589	1023	4092	594	1009	4091	586	1013	4091	589	1015	4087	592	992	4092	595	1016	312	203	203	210	205	207	209
204	204	208	202	211	1423	332	472	1695	339	474	1667	345	482	1689	343	477	1677	341	479	1685	337	484	1697	339	476	1697	338	477	255	203	205	211	201	208	204
209	206	211	203	210	643	252	298	723	250	303	732	253	308	726	256	307	728	255	309	725	253	311	727	256	306	733	252	304	236	203	203	214	204	201	208
204	204	209	199	206	432	227	257	477	227	258	477	232	254	477	230	259	481	228	255	484	229	259	483	229	258	488	233	256	228	203	203	205	205	205	207
206	205	216	205	208	455	232	257	506	234	262	502	231	261	500	230	264	499	234	264	500	232	262	501	231	255	496	230	258	230	201	203	219	200	201	213
205	205	211	202	210	630	254	297	722	255	301	725	252	304	726	256	300	728	249	306	730	255	307	720	254	305	722	251	303	236	205	202	213	200	204	216
202	202	210	204	193	414	226	252	456	223	247	451	229	252	464	226	257	459	236	245	462	228	253	469	228	254	459	217	251	225	204	204	209	203	202	207
201	206	208	198	210	417	226	254	451	228	249	448	225	252	451	223	255	450	227	251	448	228	254	458	226	255	456	225	252	223	204	203	205	204	204	203
204	206	218	201	213	1161	310	412	1359	308	414	1365	314	427	1376	312	422	1385	313	424	1388	314	424	1379	314	422	1382	317	431	258	204	204	214	203	204	211
203	202	208	205	207	648	250	296	742	253	317	726	255	306	739	250	314	740	252	309	758	259	310	752	253	307	749	257	309	227	201	203	202	205	204	201
201	203	205	200	210	417	229	251	446	224	250	450	225	255	450	225	248	455	230	256	456	226	257	455	225	251	453	228	250	223	206	199	201	199	203	206
201	204	208	199	208	365	224	239	399	219	243	402	219	242	395	221	240	387	225	240	392	225	241	399	219	242	395	224	238	220	206	200	204	201	201	208
203	207	205	202	208	911	280	356	1064	272	369	1072	283	371	1062	290	363	1065	285	374	1085	292	371	1060	285	371	1076	280	368	235	206	201	206	203	203	207
203	205	204	204	211	1368	327	450	1607	334	472	1635	336	465	1617	335	470	1636	333	472	1676	336	472	1641	335	465	1622	338	482	249	204	206	204	200	205	206
207	204	208	205	204	682	262	311	781	261	318	778	259	320	780	260	316	785	257	318	788	257	325	792	251	319	790	255	320	229	200	203	206	212	198	205
204	201	206	204	213	435	230	257	476	229	261	476	230	258	481	229	255	466	229	256	477	231	255	476	230	266	478	230	255	222	203	201	207	202	203	208
204	199	212	201	209	463	225	262	503	232	254	504	238	263	503	232	265	512	231	260	511	231	261	501	230	261	504	233	259	237	205	206	215	201	206	212
204	205	209	202	209	638	253	301	719	254	306	722	252	306	714	250	303	718	251	301	729	253	303	706	252	297	720	253	300	240	203	204	205	207	205	209
202	208	209	204	210	824	272	344	937	272	345	929	273	347	947	269	341	950	270	339	957	276	349	949	274	351	970	279	344	246	199	207	211	206	203	210
206	202	216	202	208	563	249	282	649	238	284	649	245	285	639	251	288	647	242	288	655	250	288	638	243	292	642	248	289	250	207	207	216	205	203	214
204	201	207	203	210	510	233	273	565	231	273	571	236	279	566	239	269	566	242	270	575	237	273	561	234	275	558	238	274	240	205	206	210	203	202	208
201	202	203	204	209	456	230	261	501	228	261	499	232	263	500	230	264	500	235	262	502	229	259	499	228	261	498	231	262	236	203	204	210	204	203	205
202	200	205	206	205	372	224	238	413	223	243	404	219	242	411	223	241	407	220	243	410	222	241	408	223	243	415	226	242	223	202	205	211	202	206	207
205	206	217	206	211	377	220	245	414	221	244	403	217	244	426	229	246	408	222	239	416	231	245	414	227	248	409	216	246	234	204	208	216	199	207	214
204	198	210	202	209	390	223	243	434	223	248	422	223	245	428	223	252	426	225	244	444	227	246	431	225	247	425	223	248	231	202	204	208	202	203	209
202	203	207	199	209	480	229	261	518	235	264	528	230	265	530	237	269	531	234	262	526	235	273	524	233	269	531	238	269	226	205	203	200	203	196	207
199	201	208	199	208	1094	302	394	1274	304	406	1291	301	417	1301	304	408	1308	305	410	1311	305	412	1309	308	404	1303	300	407	240	199	203	204	201	202	201
200	202	207	205	209	660	256	300	737	250	313	752	256	312	749	254	308	763	259	313	753	257	314	757	255	314	741	257	312	235	202	200	207	190	203	204
199	204	206	202	209	621	246	291	682	248	298	689	254	296	672	244	300	681	246	296	699	247	294	689	252	299	687	247	296	236	203	204	207	199	204	208
205	201	206	206	205	439	228	260	484	229	259	473	233	263	477	232	261	479	230	259	483	229	263	481	233	260	485	233	260	224	203	203	205	203	205	207
204	206	202	201	208	651	249	301	702	248	299	719	251	294	697	250	302	720	252	303	705	253	297	714	251	302	716	251	306	239	203	202	203	204	202	205
202	204	209	206	211	492	231	262	534	236	272	551	238	269	548	236	271	546	235	263	546	238	271	542	240	270	553	235	273	239	206	203	211	203	202	209
204	200	211	205	211	378	222	241	407	224	226	407	222	248	403	221	237	401	225	237	399	223	245	409	220	245	402	224	246	229	203	200	213	202	206	209
202	206	209	203	210	418	228	249	448	231	250	452	229	251	452	226	254	449	227	249	455	226	256	447	227	249	458	224	255	228	200	202	211	199	204	206
204	208	212	204	207	485	234	267	524	236	267	528	235	262	522	235	270	520	233	265	533	235	265	527	238	262	523	237	264	237	203	204	210	203	206	215
201	204	203	201	207	363	221	232	395	219	240	402	217	238	392	222	239	391	223	238	396	218	239	392	221	242	394	222	240	220	201	204	202	200	203	200
202	201	204	201	204	369	219	236	399	221	240	405	218	238	400	220	244	394	219	241	393	217	239	399	223	239	400	221	241	222	200	202	202	202	204	203
199	203	212	202	210	470	230	267	512	234	263	510	231	255	512	233	264	508	227	263	512	233	257	514	229	263	515	236	262	237	205	206	215	205	206	217
206	206	220	203	211	383	227	240	415	219	246	409	223	247	418	226	245	411	227	240	407	228	245	416	225	240	411	217	244	237	204	200	221	202	204	224
204	206	203	199	205	342	219	231	358	216	235	366	216	233	362	222	230	363	217	234	367	220	234	365	218	235	365	219	240	224	206	205	210	202	199	207
201	206	208	201	210	372	222	241	407	221	238	403	222	243	409	222	242	408	221	240	409	224	240	399	222	247	401	223	246	225	204	200	209	202	202	208
202	213	215	206	209	348	220	234	376	220	233	372	219	236	368	218	238	374	219	236	384	220	236	377	221	233	374	216	236	231	204	206	218	200	204	220
200	206	201	205	206	330	217	228	349	218	233	354	220	230	352	217	235	354	214	237	351	220	234	353	216	232	359	217	229	215	203	200	208	203	205	207
204	200	202	204	202	341	220	236	369	215	234	369	217	231	367	225	236	368	218	236	368	215	239	375	217	233	368	220	236	217	205	205	204	202	204	199
206	202	201	200	207	346	219	238	381	218	236	370	219	236	374	223	235	372	215	237	380	219	241	374	216	234	376	215	236	220	202	206	206	201	201	205
204	199	204	201	207	357	218	236	384	218	237	388	219	240	382	221	241	386	217	241	394	222	239	385	218	239	394	216	241	221	201	200	204	202	203	202
206	197	204	201	207	379	219	240	394	224	244	403	224	245	404	226	240	401	221	243	407	222	244	402	219	249	404	218	242	225	206	200	201	205	203	205
205	206	207	201	206	397	220	249	430	226	245	428	226	249	426	221	240	427	230	248	421	228	241	426	223	244	433	228	245	233	202	201	204	203	204	208
199	199	207	204	208	384	220	241	412	224	243	402	223	239	415	223	242	406	220	240	410	228	244	409	225	243	406	224	242	223	199	200	204	203	208	204
202	196	207	205	208	398	221	245	441	226	243	438	222	249	429	224	250	430	223	245	435	220	247	435	227	244	430	223	250	227	202	207	201	201	203	206
200	202	211	206	211	372	220	244	407	221	241	406	221	237	407	223	242	396	220	241	400	222	245	407	223	240	407	222	241	230	200	202	209	201	203	209
207	204	205	197	203	385	221	243	420	225	243	420	226	245	418	222	243	412	223	245	421	225	244	421	226	245	421	221	245	221	201	204	203	202	203	205
199	201	206	202	205	399	227	246	424	222	248	429	219	245	437	221	241	428	222	252	427	223	248	438	222	248	435	225	245	224	202	201	205	201	202	208
206	200	202	204	206	412	225	250	447	223	242	442	228	247	433	225	252	438	224	249	444	226	253	452	222	250	446	222	247	223	201	203	205	204	203	203
199	202	209	203	206	459	230	258	507	229	261	507	238	262	499	233	258	507	230	259	508	232	259	503	234	262	511	232	258	235	198	205	205	207	201	209
203	204	210	201	211	391	222	246	421	224	246	428	224	244	423	228	244	421	224	245	417	225	245	424	223	242	424	219	249	233	202	207	207	203	207	212
204	204	210	204	207	465	230	260	502	230	258	514	229	263	502	231	263	506	232	263	513	231	266	514	230	257	510	228	262	234	205	202	210	201	204	208
202	204	204	200	208	595	244	287	656	235	289	650	247	293	655	243	291	650	248	289	657	244	292	643	245	289	647	248	291	237	204	199	207	207	204	209
204	201	209	206	210	460	224	258	504	228	257	493	228	264	507	237	262	501	227	263	500	230	263	505	231	256	502	228	260	233	203	204	208	207	205	209
203	205	223	202	212	467	232	263	506	231	263	499	236	259	501	233	259	500	229	263	501	234	260	504	232	261	500	233	261	245	205	205	220	204	208	216
201	202	206	202	207	389	222	243	419	222	247	418	221	250	423	226	244	423	222	248	424	223	245	425	223	244	414	223	246	226	204	207	205	205	202	202
203	201	204	202	214	864	276	341	966	272	354	966	273	350	968	276	342	969	270	341	961	269	351	962	274	351	963	271	344	251	201	203	199	206	203	204
206	203	205	203	213	702	254	310	783	259	318	775	255	313	780	260	309	771	259	309	770	261	314	770	253	314	783	258	314	245	205	203	201	204	201	205
202	199	208	204	214	476	234	262	517	236	271	526	230	261	519	232	272	528	237	266	534	236	274	538	233	268	525	232	264	238	202	202	209	198	206	208
202	203	204	197	203	426	229	252	466	232	251	459	229	253	466	228	256	460	227	252	461	227	255	456	225	249	462	225	253	224	199	202	203	199	203	197
204	200	200	203	205	392	227	243	424	223	247	421	225	246	427	224	245	424	221	244	420	224	243	428	223	249	426	222	241	225	203	203	205	198	203	204
201	203	207	203	211	372	222	237	401	221	240	393	219	240	401	224	238	392	222	242	394	220	239	403	222	239	402	216	241	228	206	207	208	201	206	208
205	206	206	202	212	603	250	290	652	245	290	654	247	292	663	245	290	644	246	287	661	247	293	664	244	297	662	245	289	239	202	202	204	201	202	205
205	205	214	202	211	740	263	321	800	259	318	815	260	322	803	257	322	812	261	320	800	260	320	815	259	317	802	256	314	247	205	204	206	201	200	207
199	202	205	201	209	625	252	297	686	250	298	690	249	297	685	247	298	675	250	294	685	248	298	680	251	298	695	247	294	234	200	200	201	201	206	205
202	202	206	202	204	411	226	248	445	222	253	440	230	247	441	228	249	440	224	248	454	228	251	439	227	251	453	229	251	219	198	201	206	201	203	203
204	202	208	204	206	398	224	243	423	224	247	427	226	245	430	224	251	434	219	247	434	222	248	429	227	248	436	222	245	221	200	205	205	202	201	209
205	205	220	205	209	611	245	294	672	249	290	654	246	294	669	245	291	679	245	295	673	251	293	659	242	294	667	243	301	248	204	206	221	204	204	223
202	201	210	201	209	482	232	264	516	231	268	527	234	266	527	236	266	532	233	265	519	232	267	522	232	268	526	233	271	228	202	204	210	202	201	211
200	201	202	204	203	386	225	246	417	226	243	416	219	241	411	221	249	412	220	241	412	220	245	406	222	239	419	220	244	224	199	204	208	204	208	203
202	205	204	202	205	348	216	236	368	222	236	369	209	232	365	220	234	369	215	239	373	218	237	367	216	237	372	217	230	218	206	200	207	206	203	207
204	202	208	202	208	398	225	246	430	224	248	434	222	243	436	225	247	427	219	243	429	225	245	439	223	247	425	225	245	222	199	200	204	205	205	210
204	201	208	202	212	569	246	281	620	242	285	614	234	286	622	244	278	610	243	283	620	244	286	623	238	286	613	241	284	236	200	198	207	200	202	206
204	203	210	203	208	415	226	248	453	218	250	455	224	252	451	226	254	443	223	247	457	228	249	453	224	251	452	224	252	230	204	204	212	207	205	209
204	207	229	205	213	376	220	236	409	218	243	411	218	242	415	227	242	412	219	242	410	224	246	415	226	240	416	220	243	244	203	206	228	202	210	226
203	201	206	206	208	416	226	249	449	226	252	438	225	248	454	222	248	439	224	248	453	223	251	449	231	253	447	226	250	226	201	205	208	204	203	208
204	208	213	201	208	430	226	250	454	228	254	453	229	252	455	221	252	457	227	250	452	222	253	458	222	253	452	226	252	221	202	199	202	204	198	205
203	208	252	208	212	405	226	247	435	224	249	430	225	244	434	222	246	432	228	245	427	223	247	442	226	247	430	221	246	266	207	215	255	205	212	252
209	213	268	213	218	398	222	242	421	221	247	421	223	245	414	222	243	418	219	243	421	225	241	419	222	244	420	221	244	286	207	217	271	205	219	275
205	202	207	204	209	317	216	228	325	215	228	330	216	228	329	219	231	332	213	229	334	218	232	334	219	226	333	214	228	224	204	202	212	203	207	210
208	210	225	203	214	381	219	240	413	224	244	404	220	242	408	224	243	406	222	245	409	224	239	410	222	243	404	222	237	246	206	201	228	204	210	226
204	208	223	204	212	485	230	265	534	233	269	530	234	268	531	235	269	528	228	267	537	231	265	531	231	266	521	233	265	248	200	206	222	206	202	220
200	202	210	202	207	344	214	235	360	219	233	367	215	232	358	215	230	360	222	234	358	215	233	366	216	232	359	218	228	221	199	205	212	204	206	209
203	202	210	199	211	311	216	226	328	215	228	324	214	226	324	211	223	328	213	227	326	214	223	319	215	226	324	210	228	220	201	203	208	203	205	205
203	201	203	201	209	394	219	247	431	223	244	419	224	247	427	228	240	429	225	244	421	226	248	428	222	245	428	223	244	222	203	200	206	202	199	204
200	203	206	203	210	347	221	235	373	215	232	371	221	231	371	219	235	370	216	232	367	218	234	376	217	234	372	220	236	217	202	205	202	201	198	206
202	205	204	206	207	333	214	229	353	217	232	352	216	232	349	216	234	349	212	228	354	217	232	342	216	231	354	215	238	222	201	202	207	203	200	207
200	204	203	199	208	358	220	235	379	219	239	384	218	237	380	219	238	379	215	235	388	219	234	378	220	238	372	219	239	217	200	205	204	202	201	200
207	205	203	203	205	309	215	228	325	216	226	328	209	227	330	213	227	325	214	227	330	215	224	324	218	223	323	217	229	215	201	205	206	204	203	205
199	204	203	205	205	295	214	224	310	212	222	305	212	220	304	212	221	305	211	224	303	217	229	307	212	222	317	213	222	217	203	205	206	202	203	213
203	202	208	203	207	393	223	247	417	223	241	419	226	246	428	222	242	417	219	244	414	221	246	421	227	247	425	225	241	228	205	204	208	202	206	212
206	206	207	201	209	346	218	235	364	219	236	356	219	235	357	217	230	361	217	230	357	221	233	363	214	239	362	215	233	220	202	202	210	203	204	208
202	202	207	204	204	306	212	222	319	216	225	316	213	224	322	211	226	318	213	218	320	212	223	320	215	229	327	216	222	221	201	204	209	199	202	209
203	203	207	205	207	336	217	233	359	216	234	355	216	232	348	217	234	347	213	230	353	214	232	349	218	232	356	221	227	228	204	205	214	202	205	212
201	201	206	200	207	327	216	230	345	216	231	347	213	229	346	216	231	342	220	227	348	213	235	349	211	230	340	216	229	222	202	201	206	199	207	208
204	205	204	204	212	504	232	268	550	234	269	558	236	274	567	235	272	557	231	271	558	234	270	552	236	272	557	234	271	229	204	206	203	204	202	206
202	199	207	204	210	661	245	299	703	249	301	701	245	297	717	248	297	708	250	298	717	249	300	710	247	304	719	246	305	237	200	200	209	204	206	206
202	204	206	206	204	387	220	242	403	222	241	414	221	242	408	224	240	412	222	240	416	221	242	410	224	239	412	221	241	221	202	202	206	204	202	209
203	203	210	204	206	431	227	255	456	224	252	461	223	246	455	228	253	458	224	254	458	227	253	466	228	254	467	228	245	226	199	199	210	203	201	207
198	200	205	205	210	386	220	244	413	223	240	412	226	245	416	220	242	411	216	246	416	220	243	410	221	239	415	223	239	222	200	202	201	201	205	203
201	202	208	201	205	472	226	257	500	229	257	500	229	259	506	231	258	509	234	261	503	232	259	508	240	260	509	227	258	225	201	198	209	200	200	210
201	200	211	202	204	400	224	248	423	228	246	430	220	244	420	228	248	421	224	245	427	217	253	425	222	250	423	221	247	220	200	201	206	206	204	206
203	202	197	203	206	312	211	226	336	213	227	341	215	230	333	214	235	339	213	232	342	212	228	334	214	231	343	215	230	208	206	202	203	201	204	203
204	204	207	203	207	294	214	222	317	211	228	313	213	228	316	214	220	316	212	225	314	215	227	315	211	225	316	213	225	219	203	201	207	198	202	207
204	203	210	205	207	348	216	231	365	211	236	362	216	235	369	214	230	358	220	240	367	220	234	372	219	235	362	217	234	224	203	201	204	201	199	207
201	205	220	205	212	354	220	238	375	218	235	375	216	233	374	216	238	377	218	240	372	219	230	376	219	236	374	215	233	226	204	197	212	201	205	213
203	206	208	202	211	385	220	244	415	222	239	412	223	239	419	224	241	412	222	245	409	222	248	414	222	242	415	221	242	229	197	205	209	200	203	211
199	202	208	203	207	378	218	236	404	219	243	404	223	245	409	220	244	408	222	240	412	221	242	412	227	241	399	222	244	218	198	198	201	201	199	204
197	199	209	205	209	383	217	243	408	223	240	407	223	244	413	220	244	403	220	244	410	224	244	411	222	244	410	223	240	229	202	203	208	202	206	206
200	201	203	203	204	416	220	241	450	225	248	438	225	253	455	225	250	443	226	247	444	226	246	445	225	249	452	227	248	225	203	203	206	204	202	206
203	209	213	208	218	1600	350	489	1822	347	496	1798	348	506	1800	346	496	1779	350	497	1800	347	499	1814	343	499	1792	344	502	300	200	204	212	203	203	213
204	202	209	201	214	1182	305	401	1299	299	413	1302	300	409	1299	312	410	1304	307	417	1303	307	412	1313	305	413	1307	304	408	270	200	202	205	201	204	204
202	201	212	202	208	715	255	312	773	255	315	794	255	314	790	260	316	811	256	318	783	261	320	784	256	320	793	262	312	246	203	205	210	203	202	206
203	202	206	203	209	593	243	289	640	245	289	649	240	293	648	243	293	649	246	291	653	248	284	641	241	284	641	247	289	233	200	201	203	200	200	208
204	206	210	202	203	353	221	237	378	228	235	376	218	239	373	220	237	376	222	238	372	220	233	380	218	233	368	214	237	222	202	200	206	204	203	203
202	204	203	200	204	292	213	221	312	212	222	312	206	225	303	215	221	309	218	223	317	215	220	307	214	225	305	212	222	208	203	199	205	203	204	197
198	202	206	198	204	330	214	226	351	217	234	345	213	234	345	215	227	352	218	236	345	215	233	346	212	225	345	218	229	211	200	202	201	201	205	205
203	205	208	199	204	512	232	270	561	232	270	555	231	273	558	235	266	559	236	271	570	228	273	550	236	272	553	235	273	227	204	206	206	200	198	202
201	200	208	200	205	835	271	337	947	270	343	955	276	346	961	271	348	959	272	348	954	271	351	977	272	350	951	271	349	238	206	201	202	204	203	208
200	203	208	200	210	689	257	317	791	256	315	794	258	313	792	257	315	801	255	319	795	256	319	803	257	322	786	261	312	226	205	203	208	203	204	205
202	206	217	200	210	413	226	247	450	226	252	449	223	249	453	230	250	453	226	248	459	226	249	453	226	250	458	223	256	231	206	203	212	204	205	216
203	198	205	200	208	401	223	243	417	222	246	425	224	243	421	223	245	426	222	246	427	230	245	420	228	242	430	222	248	218	198	204	205	198	202	202
203	204	203	201	201	415	225	249	456	225	253	451	228	246	452	224	251	457	229	251	452	226	248	453	223	249	444	224	248	221	201	203	207	199	201	203
201	200	209	200	205	370	223	240	396	220	246	397	218	242	392	218	243	406	218	242	393	217	240	404	222	244	400	217	236	221	205	202	210	204	198	204
205	204	206	202	208	859	276	342	987	280	354	1002	276	345	999	281	354	988	277	350	989	278	350	996	275	349	991	274	356	237	198	202	205	201	203	201
205	205	223	204	210	534	237	274	573	241	278	580	240	278	587	243	281	582	237	277	575	239	274	592	239	270	585	238	279	245	202	207	228	208	205	227
202	203	211	203	206	330	219	231	349	214	233	344	216	229	346	213	231	358	212	235	357	213	234	349	217	229	352	217	226	218	202	202	209	203	202	208
202	200	208	204	208	301	214	223	319	212	227	316	214	225	320	214	224	317	214	223	322	215	224	319	214	223	320	214	226	216	200	202	208	204	201	206
201	205	221	201	210	461	228	255	492	228	258	488	228	257	493	233	256	482	228	255	487	232	262	487	230	260	491	229	260	245	203	208	218	203	205	219
202	205	210	201	205	404	223	247	428	225	248	433	225	242	433	221	248	429	224	246	432	224	249	424	228	246	427	223	243	229	203	200	210	201	200	208
204	204	204	202	210	303	216	226	319	214	222	321	215	226	310	213	225	320	213	227	315	214	224	315	212	220	313	209	218	217	200	198	207	203	203	204
204	202	208	203	203	415	225	246	450	220	249	454	228	253	453	227	255	461	229	246	449	225	250	457	228	256	446	229	252	216	202	200	204	202	205	203
201	199	201	200	207	392	221	247	430	224	247	435	220	242	433	224	242	430	227	249	434	225	245	430	218	244	426	222	255	220	197	201	204	200	203	202
204	197	204	202	205	326	215	228	344	214	231	345	218	227	353	215	230	346	216	229	348	212	226	347	211	229	351	212	232	218	197	206	202	202	203	202
196	204	205	201	201	298	219	219	320	211	226	314	212	220	317	216	220	321	212	223	317	212	221	310	211	224	314	211	219	216	201	203	207	204	203	205
201	205	216	201	204	307	214	224	325	214	227	325	212	221	333	212	227	320	211	227	328	213	223	325	215	224	329	212	227	223	200	201	210	198	205	211
200	208	224	206	209	358	217	237	372	221	238	377	216	233	372	216	233	369	216	231	373	216	235	373	215	240	377	223	236	231	202	202	222	203	205	220
202	200	205	205	205	440	228	255	478	227	253	489	230	256	474	230	252	475	227	256	481	228	255	478	231	258	481	230	255	223	201	204	202	201	206	201
200	204	210	199	205	457	228	259	494	230	255	500	227	261	494	224	260	497	231	257	494	229	261	493	234	263	496	230	266	231	203	200	206	209	206	209
203	204	202	199	205	308	218	230	334	216	223	329	215	227	340	214	226	333	215	224	336	212	224	330	214	225	341	215	226	215	199	205	205	203	204	206
203	206	207	204	208	287	211	219	306	212	223	302	211	219	304	213	223	303	211	217	304	216	219	305	210	221	300	209	222	220	198	207	209	205	208	210
200	205	207	203	203	265	212	218	278	209	218	276	205	220	276	208	219	284	211	219	278	211	216	285	208	216	286	211	216	211	205	205	208	201	205	205
205	201	207	205	202	274	207	218	280	208	221	279	211	219	288	209	215	287	211	219	287	210	220	286	212	218	288	206	217	218	203	204	212	204	204	214
204	202	216	200	207	291	214	220	301	214	225	305	207	229	305	207	225	304	207	222	304	214	223	303	207	224	304	211	219	224	203	204	216	203	206	218
202	204	203	198	203	324	216	230	337	219	230	334	216	225	350	214	228	338	212	230	344	216	227	345	214	226	342	214	231	218	201	204	207	199	200	204
203	203	208	203	206	317	212	227	332	212	226	335	216	224	337	217	228	334	213	228	337	213	228	335	217	228	339	211	226	219	201	202	208	202	202	207
202	203	204	200	203	323	213	226	330	208	229	334	212	223	334	214	224	332	211	226	330	216	228	334	215	223	335	213	219	214	200	208	204	203	200	203
203	204	222	203	207	334	217	229	353	215	233	358	216	231	367	216	234	356	214	233	358	216	233	360	218	233	357	215	234	230	207	209	221	205	202	223
201	202	210	203	208	424	229	255	458	224	252	454	229	252	453	229	256	460	221	249	455	223	250	456	231	249	456	226	249	224	204	203	207	201	199	204
201	202	205	201	208	642	244	298	703	247	302	704	248	297	698	250	301	711	248	298	708	251	294	697	252	299	699	250	299	232	202	200	210	202	205	204
200	201	205	203	209	361	219	234	396	222	242	391	220	240	385	223	237	394	217	236	390	218	239	388	222	239	386	216	237	225	202	205	208	203	206	208
201	199	204	202	203	300	209	224	315	213	224	319	210	222	316	217	223	317	208	226	316	212	225	312	216	224	319	212	220	216	203	201	208	206	203	206
202	201	205	198	210	287	210	222	293	208	216	294	210	218	296	214	217	297	208	218	299	214	222	298	213	219	295	215	223	211	196	208	210	202	205	206
204	205	223	205	205	308	215	220	320	210	220	318	212	222	316	212	228	318	216	224	320	213	217	317	211	225	315	213	226	228	204	203	226	204	207	223
200	200	206	202	206	300	211	215	307	211	223	307	210	221	307	208	222	312	217	219	304	214	220	308	211	222	307	221	230	211	205	201	206	202	203	203
204	203	204	205	203	315	213	226	333	216	229	334	211	230	330	213	227	328	217	226	333	216	232	336	212	224	341	213	226	212	201	200	200	202	204	204
202	201	209	202	207	298	211	223	314	211	227	316	212	225	317	211	223	319	211	221	320	212	222	317	216	223	319	214	225	216	201	200	209	204	202	211
202	201	202	202	205	269	209	218	279	208	216	278	208	220	282	210	215	283	210	221	288	210	217	290	212	220	281	211	221	209	198	201	203	201	200	204
201	202	200	203	203	259	211	215	277	204	214	273	209	215	279	207	218	279	207	214	278	210	216	275	209	219	276	210	217	210	200	202	202	202	203	204
203	202	203	206	201	269	207	216	272	211	218	276	208	215	274	204	217	278	207	213	272	209	219	275	207	214	269	210	215	210	200	202	204	202	202	206
202	202	204	204	204	269	209	216	275	207	218	279	208	217	272	209	215	282	199	212	276	209	217	273	210	213	271	211	221	205	205	200	204	203	204	201
200	205	213	204	204	326	214	228	340	211	229	339	215	230	345	209	229	339	213	225	344	214	229	335	215	231	338	217	229	224	200	205	213	202	199	209
203	201	207	204	207	285	211	219	301	205	221	298	213	222	308	213	219	301	208	222	304	212	218	301	210	221	303	211	217	214	202	205	208	200	206	206
201	202	211	201	209	710	256	318	817	253	318	812	263	319	810	258	320	827	259	326	810	259	312	809	257	314	821	266	318	233	204	205	210	202	202	208
204	203	210	202	209	618	252	304	714	249	299	722	255	298	707	247	304	708	252	299	704	249	302	716	256	303	707	246	299	235	200	203	211	203	210	208
202	198	211	200	205	374	223	241	416	220	244	418	218	247	412	226	242	409	223	242	406	223	242	413	226	243	412	221	244	225	203	207	208	204	204	208
202	205	212	203	205	281	209	216	295	212	220	298	206	221	295	212	223	294	213	217	297	209	216	297	213	221	299	211	221	218	201	202	212	208	206	208
202	204	211	204	207	305	213	225	315	215	223	319	215	225	318	212	221	320	213	223	327	207	224	322	205	221	324	208	225	216	202	205	209	204	201	205
203	200	204	201	207	314	213	229	340	215	230	335	215	225	333	209	231	328	213	225	333	212	225	331	212	226	336	215	231	214	200	205	205	204	205	207
203	202	201	197	201	256	206	214	269	207	217	268	209	216	269	207	216	266	211	213	269	211	215	267	210	216	268	212	214	208	199	204	205	200	200	200
200	200	200	201	199	247	201	213	254	207	215	254	207	211	259	206	208	258	207	216	258	208	211	256	211	212	256	207	212	207	205	200	196	200	199	200
206	211	243	207	210	594	242	287	658	240	293	659	244	285	670	246	289	662	244	286	669	246	292	677	247	291	663	245	292	256	208	211	241	202	210	241
203	203	210	200	205	567	243	282	641	238	290	640	250	289	649	248	290	650	241	293	643	242	292	655	243	290	648	243	292	218	203	204	211	202	202	212
204	202	210	201	205	371	222	239	397	221	245	401	221	244	401	221	237	397	218	241	397	221	239	409	220	241	396	217	243	216	201	201	212	202	198	207
202	205	221	202	204	346	217	230	364	216	236	365	215	231	372	215	230	373	217	233	364	217	235	373	218	235	365	215	233	227	206	205	217	202	206	217
204	204	229	203	212	445	226	255	481	227	253	479	227	256	483	224	256	473	227	258	483	228	257	480	229	258	477	225	257	236	207	207	226	203	206	226
201	205	206	203	206	452	231	256	478	231	264	499	229	259	484	230	260	493	231	258	503	233	258	499	230	262	503	226	263	216	199	202	205	204	201	199
202	203	202	206	202	301	215	225	314	211	225	314	213	227	317	212	223	320	211	221	319	208	229	317	212	225	325	211	227	205	203	202	200	199	197	204
202	203	201	202	203	257	210	217	266	208	212	262	207	213	274	206	218	263	209	213	268	201	217	272	207	215	263	209	213	210	203	194	206	202	207	207
206	204	204	201	205	268	206	213	278	209	219	277	208	218	272	207	215	274	205	213	272	207	215	268	211	219	278	203	213	217	201	201	204	202	206	207
201	204	208	203	205	272	209	212	277	211	213	270	207	217	276	204	216	272	206	218	273	210	213	275	209	215	272	208	216	220	200	208	210	201	204	209
203	195	204	203	204	256	210	210	259	209	209	262	208	211	261	209	213	256	210	213	256	206	216	257	208	212	262	207	209	209	198	204	201	201	200	203
206	198	206	203	211	668	253	306	734	250	305	733	250	305	755	252	300	737	255	301	734	245	307	735	251	301	726	245	306	238	201	202	209	201	201	208
202	200	214	202	206	796	257	331	881	264	326	864	266	331	860	265	328	863	268	329	859	260	329	855	266	328	883	266	332	239	202	205	209	204	202	216
203	202	206	205	204	400	225	248	422	226	242	423	217	243	429	224	241	417	223	246	420	220	244	419	223	244	418	221	241	221	199	206	206	204	206	206
201	203	206	204	200	271	208	214	284	209	218	279	212	219	287	210	219	280	209	217	285	212	218	283	211	220	276	211	215	213	201	202	202	201	203	208
200	200	204	201	204	248	208	215	254	203	211	255	209	212	259	206	213	256	207	210	261	209	214	259	207	211	254	209	212	210	201	205	211	203	203	207
199	202	211	206	208	248	211	212	250	206	212	251	203	207	253	205	209	252	207	214	245	207	207	252	205	210	250	204	208	220	204	210	217	198	206	212
205	206	228	202	208	261	204	215	270	206	216	263	208	216	265	209	213	265	206	213	271	207	211	263	205	213	268	207	212	229	203	204	230	205	207	223
205	207	235	203	211	278	209	217	283	212	219	280	210	219	282	208	215	279	210	216	285	212	218	282	212	216	283	212	216	236	204	205	234	204	207	231
204	205	203	201	201	262	210	217	264	209	213	264	207	215	264	210	215	264	206	212	264	207	215	264	209	217	268	206	215	216	202	203	206	201	200	208
210	211	245	203	211	285	210	218	286	212	218	294	209	217	287	210	216	292	214	215	290	210	217	288	212	221	289	209	221	252	204	210	243	206	207	244
203	208	235	211	208	279	209	218	286	208	217	286	210	218	286	210	218	279	207	217	283	209	214	285	212	218	283	209	215	237	205	208	236	206	207	236
200	203	203	200	205	272	208	216	286	212	217	287	211	217	287	209	217	285	207	219	281	210	217	283	210	216	277	211	220	212	198	206	204	204	200	206
202	201	201	200	203	553	239	273	603	245	281	597	241	281	601	239	275	610	239	277	604	237	274	614	242	282	604	245	277	223	202	203	204	202	201	206
208	203	200	203	205	507	233	270	562	232	274	551	238	273	549	233	273	549	236	269	553	232	269	558	239	274	552	233	270	216	201	204	203	201	205	201
196	205	205	202	205	446	228	256	483	225	257	474	223	260	475	228	257	487	230	253	472	228	254	483	228	257	484	227	263	225	199	203	205	204	205	209
204	202	207	202	204	302	207	223	315	209	220	315	209	220	311	213	223	314	211	221	317	215	224	316	214	222	313	208	224	211	206	199	207	201	204	202
200	201	210	202	203	260	210	210	269	205	218	277	204	216	270	208	212	273	207	215	269	208	216	270	211	212	273	205	215	214	205	204	216	205	206	214
204	201	206	204	201	254	204	211	261	204	212	257	207	213	255	204	209	257	206	216	260	204	215	258	206	212	258	205	213	203	203	204	208	200	204	207
200	198	203	200	202	266	208	216	268	210	213	275	206	214	275	208	216	275	205	217	271	210	216	271	204	217	276	209	212	210	200	201	206	200	203	201
197	206	202	200	208	483	237	264	521	232	265	519	232	265	519	232	265	520	235	260	534	232	262	522	232	257	514	233	267	223	198	203	195	203	200	201
204	201	205	202	202	371	220	237	410	218	238	410	216	238	409	223	243	408	225	235	408	223	239	401	223	240	403	222	246	217	203	202	206	196	202	199
197	203	206	202	209	688	253	304	751	256	306	745	256	307	732	256	308	756	255	306	753	255	308	760	250	301	758	258	308	245	205	198	212	201	197	216
204	208	225	199	221	2332	413	625	2538	415	637	2571	417	635	2548	407	631	2572	415	639	2560	424	645	2551	413	636	2544	417	639	342	207	212	222	203	202	226
203	201	208	198	208	792	262	327	865	268	328	856	260	334	859	272	335	867	266	331	863	269	328	870	264	329	862	266	333	240	204	203	205	202	205	209
202	200	210	204	205	411	220	241	430	222	244	437	227	247	432	220	244	422	222	244	430	221	243	432	225	246	426	221	248	224	206	205	212	206	198	209
201	199	201	201	207	287	210	219	293	210	220	295	207	224	303	213	218	293	214	217	297	212	221	295	207	223	301	209	220	211	204	202	208	204	200	202
204	205	206	202	204	252	211	209	268	210	213	266	207	215	262	208	214	269	209	214	270	208	213	274	210	216	265	209	214	206	203	199	210	200	197	200
202	197	201	206	208	261	206	215	257	206	218	265	208	216	269	209	216	265	208	214	267	207	211	264	204	218	266	208	212	210	203	200	207	203	198	201
202	202	209	201	209	601	246	291	662	246	291	656	247	291	646	246	291	656	240	285	644	244	285	653	245	292	647	243	291	236	206	207	211	208	206	209
202	201	206	203	205	514	238	274	554	238	278	558	233	277	561	234	269	559	239	267	554	231	270	563	235	273	556	233	273	228	199	202	210	203	207	212
201	201	208	201	208	331	213	225	344	212	230	339	215	231	343	215	228	332	215	231	343	215	230	352	214	229	341	221	230	217	205	203	203	207	205	205
202	200	203	203	205	289	211	220	310	211	223	302	210	223	308	209	223	303	212	223	303	213	223	298	213	218	299	213	222	215	203	199	205	201	203	206
202	200	207	202	213	1600	346	484	1802	341	488	1780	343	490	1782	346	490	1756	345	496	1792	346	483	1792	342	483	1777	341	493	291	200	203	204	201	201	201
203	201	201	200	209	752	262	323	827	260	323	824	267	325	835	262	323	818	259	326	826	261	322	833	266	322	811	256	319	231	204	200	203	199	204	204
201	202	209	204	205	404	218	243	426	224	248	427	223	244	437	221	243	427	221	241	432	226	247	420	225	248	421	225	245	221	205	205	211	202	202	213
202	201	201	202	202	253	203	213	271	204	214	257	207	214	263	207	212	271	205	212	264	206	217	261	212	215	268	207	214	206	202	201	203	199	205	208
204	198	203	203	193	307	212	228	320	211	222	321	209	222	323	213	224	318	211	226	317	215	224	319	214	226	320	210	224	208	205	201	200	201	202	203
204	202	203	203	202	276	208	215	285	210	222	281	208	217	279	207	223	286	205	221	278	212	215	279	209	216	284	208	212	212	205	203	207	203	203	209
199	203	204	202	200	269	207	217	278	209	218	276	211	219	269	215	218	278	210	215	274	208	216	275	205	217	271	211	216	205	200	199	203	204	203	202
199	203	208	202	205	248	206	213	260	209	210	251	207	210	264	208	212	258	201	214	258	205	211	257	206	211	268	205	213	212	200	202	207	202	205	204
200	203	212	202	206	415	226	248	452	228	246	446	225	251	451	227	249	444	227	250	452	224	251	457	227	246	453	224	245	220	207	203	209	203	206	211
202	199	203	197	204	355	217	233	373	219	236	375	216	232	369	216	234	371	220	236	374	215	234	374	216	236	370	216	237	216	202	205	204	205	202	201
201	203	207	202	203	285	212	223	301	211	224	298	212	220	298	209	217	290	210	218	293	213	222	298	207	218	300	212	218	209	198	202	202	201	202	198
201	202	205	205	204	241	210	208	254	201	212	256	206	214	251	204	210	249	203	207	251	209	212	253	202	206	254	207	210	203	204	206	204	201	208	211
202	200	202	203	204	232	205	206	239	203	211	241	201	211	237	202	205	238	204	209	236	204	206	238	206	211	238	200	207	205	203	204	205	208	202	204
203	204	207	200	205	239	207	213	246	203	212	250	206	207	244	207	207	249	204	210	247	205	209	247	208	207	238	203	208	211	206	204	212	201	199	207
204	201	208	203	205	296	213	220	305	210	223	308	208	224	305	212	219	306	211	224	312	211	221	307	212	223	307	213	218	214	197	203	203	201	202	205
203	202	202	203	202	261	206	210	272	206	219	272	212	216	272	210	214	276	207	215	276	208	216	274	209	217	268	207	213	209	202	201	210	203	200	205
198	203	212	205	204	271	207	214	265	207	214	272	208	217	273	207	214	274	209	211	268	206	218	270	209	212	271	207	214	215	198	201	216	201	204	211
203	206	212	203	203	264	212	214	272	208	215	277	206	215	272	210	211	273	212	215	272	209	215	265	206	215	270	210	215	218	205	198	215	206	205	212
210	221	296	210	221	345	215	229	350	217	228	345	216	224	353	218	232	357	217	230	352	220	232	345	214	231	351	215	230	303	209	215	297	212	218	299
200	200	195	202	199	241	204	214	244	208	210	250	207	213	249	211	212	256	205	210	256	206	210	248	208	211	250	204	208	201	203	203	199	199	199	200
201	202	205	202	201	389	225	248	413	205	249	414	220	240	413	224	242	416	221	240	407	218	246	409	226	242	409	220	237	218	197	204	208	200	200	202
204	207	212	204	209	587	243	281	641	240	286	636	246	284	639	239	284	639	244	291	646	245	291	640	243	291	635	238	284	236	205	201	215	201	202	211
205	203	205	200	202	347	217	229	362	220	236	360	217	232	368	217	233	359	215	231	362	215	235	360	215	230	363	213	234	215	200	205	205	201	201	208
203	204	204	202	199	269	209	215	279	210	217	277	211	219	276	206	218	273	208	215	282	207	216	277	210	219	278	209	219	208	202	200	205	201	203	205
199	203	216	202	204	265	211	218	277	207	213	283	205	214	279	208	219	278	211	218	281	210	215	270	210	221	280	209	215	216	205	207	215	203	203	216
204	201	206	200	202	295	214	220	305	216	217	306	210	219	308	213	218	305	214	225	305	213	220	308	211	226	303	211	222	210	202	203	204	204	205	203
205	203	205	197	202	255	211	211	261	208	217	261	207	211	259	205	211	262	206	215	262	210	211	262	207	214	266	209	211	213	203	208	203	197	201	207
201	206	208	204	200	250	205	208	248	207	212	259	204	212	252	203	209	251	209	213	254	207	214	247	207	212	249	205	212	215	201	205	210	200	207	210
202	202	206	201	205	317	215	226	333	214	227	328	212	228	328	212	218	329	214	222	328	214	224	330	211	227	325	215	224	212	205	204	206	204	202	200
203	202	201	206	206	477	230	264	513	227	263	509	233	260	504	231	260	513	229	254	515	232	262	505	231	258	502	232	263	218	200	202	204	204	204	199
200	203	208	204	206	583	244	286	642	243	286	653	249	283	646	241	284	633	245	283	631	246	289	640	246	284	635	247	287	234	200	204	206	204	198	210
203	204	210	199	208	1200	307	409	1337	305	405	1316	309	416	1310	308	415	1325	304	413	1345	310	408	1316	301	408	1318	323	417	264	202	186	204	203	201	201
200	203	217	201	219	2222	404	613	2462	407	620	2452	409	620	2472	411	617	2445	411	627	2423	407	621	2448	408	621	2453	408	629	319	199	204	210	203	203	218
200	201	211	202	208	848	276	343	944	273	345	926	278	344	922	275	343	929	275	341	937	280	339	933	269	340	928	272	347	249	202	203	208	205	205	206
200	198	203	208	204	446	224	253	470	227	252	452	224	258	453	225	252	461	231	252	455	225	255	454	233	255	461	226	257	220	199	200	204	203	203	205
202	208	208	197	208	315	215	224	328	212	224	322	210	220	328	218	225	328	213	224	332	216	221	324	214	226	326	207	227	211	201	203	209	202	200	210
199	203	207	203	203	309	210	222	321	212	220	327	215	225	327	209	223	319	211	224	323	211	227	330	219	230	323	220	230	209	205	200	203	202	203	202
204	202	203	202	200	378	221	234	399	220	241	403	219	241	404	223	241	403	219	240	398	220	240	400	222	243	404	222	236	213	201	205	200	197	202	205
208	210	247	207	211	342	218	231	354	214	233	347	215	230	348	216	231	350	216	227	348	215	231	346	212	230	348	217	228	257	204	215	246	204	212	248
201	201	200	200	205	247	203	214	258	206	212	252	204	211	252	202	211	257	204	214	258	208	211	255	207	211	257	208	218	206	199	204	197	202	202	205
203	205	197	200	201	247	208	211	252	205	212	251	203	211	251	204	212	256	205	206	248	208	207	252	206	214	255	206	209	212	200	203	199	205	202	201
200	201	203	200	200	254	206	212	261	211	216	256	210	217	260	207	212	264	202	209	260	203	212	265	209	212	258	210	211	213	200	199	200	203	202	201
205	203	210	200	208	307	209	228	318	213	223	319	212	223	324	215	225	324	217	226	324	212	230	326	205	223	322	216	225	212	201	201	202	201	202	210
203	200	203	197	202	1002	287	374	1129	287	377	1134	281	376	1129	292	375	1129	284	370	1130	281	366	1134	286	371	1123	284	369	253	205	206	205	202	199	207
201	199	203	203	244	4061	751	1364	4072	760	1367	4071	766	1362	4073	770	1363	4072	759	1369	4071	754	1342	4072	749	1348	4072	757	1364	500	199	203	204	200	202	202
198	198	199	202	228	4153	588	1011	4058	586	1011	4057	597	1025	4056	593	1008	4057	588	1012	4057	590	1020	4056	595	1002	4056	597	1015	422	200	201	202	202	204	199
200	203	204	201	212	1530	345	486	1634	336	496	1614	346	493	1614	341	499	1609	341	488	1614	342	489	1585	348	490	1583	347	483	285	199	203	205	199	201	203
201	198	207	199	201	555	240	279	593	237	285	590	239	279	591	243	280	600	239	281	593	240	281	596	240	271	602	240	270	228	202	201	201	204	203	206
202	202	206	201	206	290	210	221	296	212	219	302	210	222	306	212	216	302	210	221	303	211	221	297	209	221	300	210	222	209	200	204	206	201	206	203
205	204	207	202	205	248	207	207	251	203	215	253	209	212	254	208	210	252	207	208	254	209	215	251	200	212	254	202	213	207	201	200	208	202	202	202
203	200	214	204	203	254	210	215	261	208	211	252	204	214	253	209	211	259	207	210	258	209	213	252	201	211	255	206	211	218	203	201	210	200	205	215
202	207	219	203	202	258	207	216	260	206	209	259	206	212	265	206	213	263	212	214	266	210	209	264	207	212	258	206	215	223	202	204	220	203	205	219
204	196	224	201	207	265	207	214	274	205	216	272	208	217	276	210	213	274	208	217	269	209	217	276	211	209	275	209	219	229	204	206	222	211	200	224
203	208	210	200	203	264	205	213	275	210	214	273	206	217	266	212	214	276	209	209	277	211	219	276	208	219	276	209	213	214	205	200	213	201	204	209
202	200	202	202	201	246	207	207	258	205	209	259	208	212	257	208	211	257	208	211	264	203	213	255	210	215	259	204	213	206	201	204	207	202	202	201
202	208	216	205	208	277	207	218	290	207	215	292	211	219	287	215	223	286	212	215	290	209	218	289	209	217	284	209	218	219	208	204	216	199	207	216
205	211	237	206	209	601	246	302	663	246	297	651	249	297	648	253	294	641	246	294	640	246	294	670	248	294	665	250	290	264	202	206	234	208	208	237
204	204	203	202	272	4095	1147	2171	4094	1155	2181	4094	1160	2198	4094	1172	2197	4094	1156	2188	4094	1155	2181	4094	1163	2167	4094	1148	2180	739	203	204	205	204	205	203
204	204	207	200	228	4111	596	1001	4100	594	1009	4099	590	1022	4099	601	1024	4100	594	1024	4099	589	1007	4100	591	1002	4100	595	1002	426	203	201	208	201	199	206
203	203	204	198	213	1519	334	480	1650	343	482	1639	341	492	1601	340	483	1632	340	485	1652	341	486	1638	338	473	1640	342	482	290	204	204	201	197	203	199
196	201	206	201	202	463	228	262	502	229	260	502	227	254	508	228	261	508	228	261	493	231	265	489	231	258	500	231	259	222	198	204	206	201	202	208
201	206	207	201	202	278	209	217	284	211	217	285	211	218	286	208	211	287	206	219	282	211	219	283	208	219	286	209	217	212	203	201	207	203	203	203
199	204	204	202	201	248	208	212	251	206	209	252	209	215	256	209	212	256	206	212	252	206	213	251	206	212	251	205	212	211	197	203	204	199	205	202
200	201	203	203	201	236	207	211	241	203	211	238	205	212	240	201	214	237	206	209	240	201	207	239	205	206	242	204	210	210	199	200	201	202	202	203
202	204	208	204	204	244	203	212	249	206	207	243	208	213	244	206	212	250	205	214	252	205	210	245	206	212	246	205	211	212	202	201	209	202	204	208
200	198	203	204	205	395	219	247	415	220	242	412	224	244	423	223	241	412	223	244	423	221	245	422	222	248	425	227	243	217	198	201	202	204	200	206
200	203	207	200	217	2299	413	633	2556	419	638	2522	419	641	2557	424	635	2542	417	625	2546	418	634	2523	413	633	2537	418	637	332	201	202	208	204	200	205
201	208	202	200	204	965	283	366	1064	282	377	1062	282	366	1057	285	369	1070	286	365	1053	289	370	1061	281	366	1050	285	372	246	198	199	202	200	198	198
203	206	226	202	215	509	230	269	543	236	265	543	238	269	551	232	270	541	232	265	538	232	266	546	236	271	544	231	269	241	204	208	228	201	207	225
199	204	208	202	204	267	206	213	272	209	216	282	207	215	278	208	217	277	206	219	276	211	218	277	210	215	281	206	221	213	204	201	202	203	199	207
196	207	207	201	201	259	208	215	276	206	218	276	208	218	277	207	218	275	205	217	273	207	215	273	207	214	274	212	214	202	202	199	205	198	198	202
200	199	208	205	203	458	231	261	529	234	265	546	234	266	524	227	262	530	232	269	537	235	268	526	227	268	535	233	272	209	201	200	205	201	200	202
204	205	224	200	207	331	217	235	371	218	239	366	212	230	361	217	236	357	214	227	363	217	236	368	222	231	360	221	240	233	204	209	226	204	209	230
200	201	205	204	203	255	205	216	267	207	223	270	207	215	268	208	219	269	210	211	273	209	215	272	208	214	279	210	214	205	203	201	203	203	204	203
198	201	203	203	201	227	202	208	239	203	208	234	202	209	231	204	208	235	207	202	235	200	205	242	201	208	231	205	204	201	201	200	199	198	203	203
204	199	206	199	204	227	202	205	230	204	205	227	201	208	229	203	203	226	204	203	229	204	207	225	203	206	231	203	207	206	201	202	204	204	197	202
199	195	208	201	204	224	203	206	224	202	205	226	202	205	226	204	208	231	207	203	231	204	206	229	204	208	228	203	208	207	207	197	204	198	203	202
202	201	202	204	204	230	202	207	230	201	209	231	208	210	230	204	208	230	206	206	231	205	209	231	206	204	225	200	210	203	201	202	202	204	201	210
199	203	206	203	202	233	203	209	236	204	211	238	204	207	236	207	205	239	205	205	235	207	208	234	204	207	231	207	210	205	204	202	210	204	204	205
200	200	206	205	205	247	204	212	252	208	213	251	206	209	255	207	212	247	208	214	253	205	211	246	206	206	250	210	210	212	200	202	210	202	202	209
201	204	212	204	205	249	205	213	257	209	213	261	208	213	257	208	218	258	207	211	262	208	216	263	213	211	252	207	214	214	200	207	205	201	201	205
199	203	210	199	204	249	207	213	250	204	211	251	204	211	248	209	215	252	202	211	249	204	212	257	207	212	255	201	213	200	205	202	207	195	207	206
203	202	218	202	204	282	210	219	284	206	220	286	212	222	293	210	216	284	208	219	286	209	219	292	212	219	287	207	218	224	203	206	220	205	205	221
198	203	206	200	206	309	213	225	336	215	228	327	214	223	328	210	224	325	217	223	326	214	227	330	217	221	320	213	231	212	202	202	203	200	199	207
204	206	211	203	207	276	207	213	278	208	219	283	209	216	278	207	215	278	208	216	278	208	221	277	209	221	281	209	218	210	204	202	209	198	204	204
202	199	201	203	202	260	209	216	269	210	221	261	212	216	270	207	217	270	210	214	270	210	220	271	209	213	270	208	219	205	207	201	202	199	200	204
203	201	200	199	202	246	207	212	252	208	212	257	209	210	255	205	212	255	205	207	255	209	211	251	204	212	253	206	211	205	201	199	202	200	201	204
203	200	204	205	203	257	206	213	265	208	212	260	207	215	262	204	211	259	206	213	261	206	212	262	206	209	257	208	212	209	200	203	200	201	203	206
202	202	203	202	215	1633	350	493	1815	346	498	1810	352	493	1815	347	500	1823	343	501	1820	352	495	1816	346	510	1814	349	508	282	202	201	202	204	202	201
202	205	200	201	211	1756	360	520	1951	358	530	1927	364	532	1938	364	526	1928	364	522	1936	361	522	1960	366	528	1944	357	521	288	203	199	199	200	203	203
200	201	203	203	206	716	255	312	762	262	315	762	252	314	783	260	310	760	260	306	764	256	314	767	254	307	755	256	308	232	201	199	201	198	201	204
202	202	217	199	200	434	229	250	462	221	253	460	228	251	463	226	252	457	223	256	459	226	251	462	226	253	459	229	253	233	205	201	214	203	203	217
200	203	211	198	201	274	210	215	278	213	213	277	208	215	283	204	218	276	211	213	282	203	214	278	207	218	277	207	220	209	201	207	208	203	202	210
200	200	206	198	204	260	203	216	262	206	213	272	204	214	263	207	212	263	209	209	263	204	213	263	210	210	256	210	210	209	206	203	207	202	196	210
205	200	208	204	210	1564	347	483	1740	336	484	1731	343	485	1720	342	478	1742	344	489	1730	341	494	1730	334	484	1729	349	483	272	201	203	202	202	205	209
202	202	208	203	223	3288	514	858	3651	519	848	3651	524	862	3629	521	856	3641	514	867	3639	511	865	3644	518	847	3628	524	858	382	203	202	210	203	203	209
201	203	223	204	213	1648	344	506	1840	349	500	1840	356	503	1831	352	514	1815	347	508	1820	345	510	1800	351	506	1829	344	507	305	202	207	225	207	210	224
203	199	200	201	205	719	254	313	777	255	306	771	255	318	778	261	312	766	261	308	767	254	313	766	254	306	775	257	318	231	205	197	197	206	204	198
203	201	195	203	202	372	220	243	396	217	240	397	219	240	396	222	244	392	222	238	399	215	236	397	222	237	400	224	239	206	204	203	196	203	199	201
198	204	214	200	204	301	210	222	315	210	226	318	212	223	312	213	223	312	215	223	317	215	222	324	214	219	316	209	226	222	200	208	212	202	203	212
205	203	202	201	203	260	211	215	269	208	214	266	210	212	271	207	214	267	211	214	267	214	215	273	209	211	271	209	213	204	202	198	207	200	201	208
200	198	216	202	204	272	207	218	285	206	216	283	210	216	290	207	219	285	209	213	287	207	218	283	208	218	280	204	217	218	204	203	215	204	201	222
201	203	214	202	203	303	216	223	304	207	224	302	210	224	308	215	224	310	214	222	304	212	222	309	211	224	304	211	222	218	204	201	213	202	206	213
202	198	215	204	206	425	227	250	428	223	254	436	225	251	443	225	248	444	227	253	440	222	253	438	226	249	443	228	248	223	204	204	212	199	204	210
201	204	206	206	229	3304	487	785	3691	490	801	3665	487	814	3676	495	796	3670	495	804	3667	477	801	3669	488	793	3667	492	800	369	204	204	206	199	199	206
204	206	212	202	347	4092	2110	3905	4099	2139	3923	4099	2147	3931	4099	2151	3924	4099	2142	3923	4098	2108	3911	4099	2132	3916	4099	2123	3922	1347	199	205	208	201	202	212
201	202	215	200	287	4096	1256	2421	4095	1281	2470	4095	1286	2482	4095	1280	2478	4095	1290	2459	4095	1284	2463	4095	1285	2465	4095	1286	2442	845	206	201	209	200	204	209
201	202	211	202	231	4085	550	918	4090	555	928	4090	570	926	4090	557	928	4090	563	936	4090	555	929	4090	541	916	4090	556	931	422	205	202	212	200	203	213
198	203	212	203	213	1532	332	474	1672	339	480	1642	339	476	1656	340	478	1657	341	483	1645	336	473	1647	335	476	1639	339	478	293	203	204	201	202	203	210
205	196	203	200	202	379	216	232	399	220	242	399	218	238	395	221	244	393	222	234	398	219	242	399	223	237	398	220	242	219	202	201	202	203	204	203
203	206	227	205	205	284	208	217	287	208	220	290	211	217	286	208	216	293	206	219	290	209	219	286	208	217	285	212	222	231	209	204	225	201	207	222
201	203	205	199	205	246	205	210	255	207	211	256	205	209	257	203	210	254	209	211	255	205	214	256	205	208	262	206	212	205	203	205	204	202	202	206
202	203	215	206	207	253	205	213	253	209	212	259	207	216	261	209	210	260	206	210	258	207	212	261	206	214	253	208	213	212	202	206	212	202	208	216
201	205	211	200	201	234	207	208	237	206	210	238	203	210	234	201	209	234	199	210	232	206	205	241	209	203	239	205	209	209	202	204	206	200	198	204
201	203	203	200	201	233	205	208	232	204	204	231	205	207	231	202	206	229	205	207	236	205	207	229	201	204	232	202	207	208	201	204	203	202	197	203
202	207	214	199	203	237	206	210	238	206	205	238	203	212	240	200	208	244	207	208	239	209	212	236	207	210	233	206	208	216	205	203	212	204	204	212
201	200	212	200	203	232	204	209	231	207	206	233	203	203	229	205	201	233	203	204	225	202	209	236	205	205	237	204	213	211	200	203	211	200	205	213
203	199	204	204	200	224	203	203	226	207	204	231	202	208	228	203	206	226	206	209	229	202	204	221	205	206	226	205	206	205	201	201	201	205	201	200
207	209	242	203	209	263	207	215	269	207	212	266	206	211	266	211	214	267	208	216	266	208	214	265	207	215	264	211	215	244	202	213	243	204	210	245
204	203	214	202	207	258	203	212	262	208	212	266	210	215	266	207	213	267	208	214	256	208	212	262	206	211	264	209	212	219	203	207	214	200	205	213
203	206	206	204	212	1174	310	400	1299	299	413	1298	309	408	1305	308	414	1306	305	406	1291	302	408	1306	300	406	1296	305	404	256	204	205	208	202	201	205
199	203	202	203	204	698	256	316	770	253	317	760	263	321	757	250	310	776	257	310	782	255	316	772	256	308	764	253	318	229	202	206	199	206	203	202
201	206	214	202	204	390	226	247	424	226	243	421	221	236	417	217	242	416	224	241	410	223	246	417	223	243	410	221	239	221	207	206	209	201	200	209
198	202	206	201	201	297	211	221	310	217	220	306	212	223	309	210	223	301	216	220	309	213	224	306	208	221	307	211	222	212	206	202	204	199	202	209
201	202	211	200	204	234	206	207	240	205	208	241	206	208	242	208	211	240	204	211	239	206	214	242	205	204	242	207	207	213	201	203	211	198	202	210
203	201	207	198	201	226	205	209	230	210	206	230	205	203	228	204	204	228	204	209	227	207	203	226	203	207	227	205	209	206	203	198	208	204	200	203
204	202	207	202	206	230	203	211	228	202	203	230	204	205	223	203	202	228	202	202	231	205	208	231	206	207	226	205	204	205	202	184	209	199	203	211
199	201	205	198	199	224	205	207	224	202	208	225	204	209	230	200	202	234	206	207	229	204	202	227	202	202	229	202	206	210	202	204	207	195	202	203
200	202	214	202	199	233	203	211	235	203	208	236	202	207	234	205	214	231	207	208	237	202	209	235	203	204	232	211	207	217	202	202	209	201	203	212
204	200	208	207	205	222	205	200	229	203	204	232	200	203	228	201	207	229	203	202	227	204	209	227	207	204	226	210	206	205	200	202	208	195	206	206
205	204	213	200	205	224	202	205	230	207	209	226	201	204	230	203	205	230	204	207	226	202	206	228	201	207	226	205	209	211	203	203	208	198	201	209
201	200	206	198	202	222	208	208	225	202	204	224	206	202	227	202	205	223	203	209	225	204	203	227	204	202	224	205	206	207	199	200	206	199	203	204
196	197	201	202	204	230	206	207	239	204	204	243	207	209	241	204	210	237	209	206	240	201	213	243	204	208	241	202	211	204	202	200	200	205	198	202
202	201	208	200	201	258	214	212	266	206	215	264	210	217	259	207	215	262	205	215	259	208	212	266	208	215	264	209	214	213	201	198	210	203	200	209
199	203	207	201	210	945	281	360	1046	273	362	1045	276	361	1054	278	359	1051	280	363	1043	277	364	1032	282	356	1021	284	354	249	205	198	202	201	203	207
203	205	211	200	208	1348	321	438	1484	319	450	1501	324	448	1480	315	440	1489	321	443	1481	316	440	1498	325	447	1493	319	441	279	202	202	210	200	204	214
203	210	228	202	232	3299	514	846	3671	522	843	3637	521	865	3664	521	855	3649	518	859	3663	517	860	3629	508	861	3639	514	861	399	206	206	222	208	207	226
202	200	203	202	212	1727	364	529	1953	352	531	1959	358	533	1952	360	519	1947	369	521	1948	368	527	1965	366	527	1943	358	530	289	202	200	201	200	204	203
202	205	205	201	211	794	266	325	861	270	332	852	263	322	865	266	328	860	265	323	842	266	333	836	269	328	850	260	323	242	200	203	205	200	205	204
202	203	205	200	202	502	233	265	540	235	265	536	233	271	541	232	272	539	235	266	542	233	263	534	235	265	533	232	266	218	205	202	204	202	203	202
203	207	212	200	206	269	206	213	277	210	213	281	209	214	277	208	215	275	208	212	281	208	216	280	208	214	276	208	216	212	202	204	211	203	202	209
204	202	203	204	200	224	202	207	224	203	204	226	201	209	225	203	211	229	205	204	225	202	210	226	204	205	227	202	208	209	203	201	202	204	201	206
199	201	201	203	200	215	209	205	224	202	203	216	209	204	219	200	204	221	205	204	219	203	205	218	201	206	217	202	209	201	205	202	203	204	200	201
204	202	210	202	200	223	205	205	221	207	207	225	205	204	224	206	207	223	205	203	226	199	209	228	204	210	221	203	202	208	200	203	207	205	203	212
199	203	206	205	198	212	201	203	219	204	207	218	203	205	220	205	206	219	208	202	217	199	203	219	207	205	218	201	210	209	199	200	205	202	199	200
203	205	206	203	206	321	212	226	337	213	228	335	214	227	326	211	226	322	216	226	330	213	231	334	209	230	329	211	230	213	201	203	210	201	201	208
203	209	214	207	215	933	277	350	1021	280	350	1019	275	361	1023	286	355	1024	279	355	1024	279	356	1007	276	354	1012	277	359	254	204	206	214	206	205	210
200	207	206	203	203	430	226	245	453	227	249	450	226	248	452	223	248	451	224	254	447	226	250	450	229	250	449	229	253	217	190	206	206	201	206	206
198	199	207	201	201	316	217	222	330	213	224	324	218	223	320	209	227	325	210	222	326	215	227	329	217	225	327	215	227	209	198	209	211	200	205	208
201	209	253	206	212	303	212	219	307	211	223	309	211	221	310	210	219	313	211	228	305	207	223	306	213	221	312	206	219	251	208	211	247	207	212	246
201	202	210	204	205	226	204	210	231	205	205	231	205	206	231	202	205	226	204	207	226	201	209	225	206	202	225	201	204	208	205	205	208	202	204	210
204	202	218	204	204	229	206	213	232	204	207	229	205	205	232	204	203	231	202	210	235	206	204	234	202	210	232	205	208	223	207	204	219	198	207	220
201	202	205	205	203	224	202	206	219	203	202	216	202	203	213	204	204	216	202	205	216	203	204	218	197	205	216	201	204	210	198	201	209	199	204	206
200	202	204	204	202	213	199	208	215	199	205	213	204	203	208	205	206	211	203	204	209	201	204	211	201	208	212	200	204	204	202	204	201	197	203	202
204	205	225	204	205	264	208	209	266	206	217	261	209	211	265	207	214	261	208	214	261	208	213	265	205	214	265	207	211	226	205	205	226	203	205	222
204	202	208	199	200	236	207	202	232	206	205	239	207	209	240	206	205	238	205	209	233	204	208	235	206	210	235	204	208	210	204	202	206	199	202	201
202	203	204	200	203	234	201	207	231	206	208	230	206	207	233	205	206	235	204	208	231	201	209	233	207	206	235	203	204	205	200	202	204	201	201	202
205	205	222	200	203	240	210	209	240	205	206	239	205	208	243	201	203	238	200	208	244	207	205	245	200	211	244	206	211	223	208	207	225	202	203	220
198	203	215	200	203	224	200	209	224	203	210	228	203	200	224	204	203	223	200	208	224	204	207	225	201	208	229	205	206	212	203	205	209	202	202	211
200	199	207	200	201	215	201	203	218	204	202	218	204	206	220	203	204	213	204	206	216	202	206	216	203	203	218	199	204	207	204	199	206	205	201	205
213	201	206	207	200	269	209	214	279	207	210	278	209	217	284	212	219	277	210	215	280	208	218	274	206	218	279	209	216	210	198	202	204	202	202	211
201	205	209	201	207	290	207	219	290	211	221	300	209	221	302	210	220	291	214	224	299	210	220	294	209	216	292	207	220	216	203	203	211	200	202	207
205	199	206	203	205	244	204	208	242	204	207	249	208	208	247	205	208	250	205	217	242	207	214	248	203	212	250	206	212	211	203	206	205	201	203	206
203	204	204	201	203	222	205	204	230	204	205	229	204	210	229	207	203	228	204	205	224	203	208	230	203	208	231	203	207	208	201	204	205	199	204	202
205	204	206	202	201	216	204	204	220	202	202	222	202	207	221	201	207	221	201	206	221	200	208	220	203	207	216	203	206	207	200	201	207	202	191	204
201	204	213	205	206	217	204	202	218	205	210	222	205	203	224	201	206	222	211	201	219	199	201	224	203	208	224	208	205	205	205	203	212	204	205	209
203	200	208	202	206	215	202	206	217	203	202	213	202	202	219	210	206	217	200	206	217	206	207	214	201	205	222	201	200	213	202	203	205	200	200	207
203	202	203	202	202	211	202	203	211	205	200	211	200	205	212	203	201	209	203	198	209	203	201	211	201	204	207	200	204	205	201	204	203	201	204	202
204	203	205	200	203	213	206	206	208	203	205	212	199	201	213	198	202	210	203	200	211	200	202	213	202	209	214	201	202	206	204	203	206	201	201	207
200	203	212	200	205	221	202	208	219	204	202	217	201	206	218	207	203	219	200	213	222	203	206	218	208	206	222	200	207	215	203	204	210	203	202	210
199	204	200	204	204	227	206	206	231	202	208	232	205	207	232	206	212	233	200	205	229	202	205	230	205	205	236	205	203	202	204	203	204	198	198	204
202	202	207	205	205	220	207	208	222	207	203	221	203	204	221	204	205	221	202	202	222	205	207	222	201	205	220	201	207	201	202	200	208	201	201	204
199	200	206	204	202	216	206	205	220	202	205	216	201	203	217	201	202	220	203	203	218	202	202	216	202	203	216	201	207	207	200	205	204	199	200	206
203	199	206	202	202	216	202	202	216	206	206	216	201	204	220	203	201	219	208	207	216	205	205	218	203	202	222	205	207	209	204	207	205	206	199	207
203	200	206	198	199	209	199	205	217	205	206	219	200	204	216	203	206	213	206	207	215	201	206	216	206	205	216	200	203	206	199	205	207	199	201	204
196	206	209	203	205	210	200	204	214	203	204	210	203	203	214	203	205	214	204	202	215	202	207	209	199	208	209	204	204	208	203	201	205	201	200	205
200	202	205	197	204	214	201	203	204	202	201	215	205	202	212	203	206	207	205	206	214	200	201	213	203	200	212	202	202	208	196	198	209	199	199	207
203	198	195	207	200	208	203	201	207	200	204	207	204	203	209	202	202	207	207	202	209	205	202	211	200	202	209	203	204	200	199	204	199	201	201	202
203	201	204	204	205	209	204	207	216	203	203	214	203	204	217	200	205	217	203	200	214	202	205	213	200	206	217	201	206	207	200	203	205	202	197	204
204	203	203	201	203	213	203	206	216	202	205	217	201	202	215	202	201	220	206	202	217	204	202	217	202	205	216	202	206	205	198	205	199	202	201	199
202	202	213	201	202	220	202	205	219	204	205	217	203	206	224	203	201	220	206	205	219	200	207	221	203	205	219	207	203	207	201	205	214	203	206	214
205	206	203	198	197	212	200	202	211	200	202	206	202	204	208	196	204	212	200	204	212	200	199	212	207	205	211	195	200	204	198	206	199	202	201	204
200	205	205	202	201	208	203	202	215	202	202	212	204	202	214	201	210	211	201	203	212	204	205	209	201	200	212	203	204	207	203	204	205	200	203	201
202	205	212	202	202	217	203	207	216	205	207	217	204	206	215	203	208	217	203	207	220	203	204	219	202	205	219	202	206	212	201	201	212	204	206	211
205	204	219	204	203	227	203	208	227	202	205	226	204	205	232	204	209	232	202	208	226	206	211	229	203	206	227	203	208	220	204	203	223	202	200	222
202	202	208	206	202	217	203	202	219	203	204	222	202	211	222	202	202	223	204	197	213	203	208	216	198	205	222	200	209	213	204	204	214	204	202	211
200	205	208	205	202	213	203	202	212	207	204	207	202	202	207	204	202	210	201	207	211	200	203	204	202	201	213	198	203	206	201	203	207	206	202	205
202	201	197	201	202	207	201	205	207	198	202	208	204	203	210	204	202	209	199	202	210	205	203	209	206	201	207	200	203	205	197	200	202	203	200	203
205	204	222	201	207	231	204	207	232	200	207	227	202	204	224	202	206	226	205	204	224	203	206	227	202	208	233	204	203	223	203	201	221	201	205	224
203	202	201	200	204	210	201	203	203	206	203	209	204	202	205	204	202	203	206	202	204	201	206	205	199	202	203	200	207	202	205	202	204	202	199	199
202	200	199	200	201	205	202	205	206	202	204	213	202	207	209	204	200	204	204	204	208	203	202	213	205	201	210	204	201	201	199	201	196	201	202	199
205	199	204	202	200	204	203	200	212	198	203	209	204	208	205	199	198	207	206	200	209	204	204	211	199	207	210	204	204	201	204	204	207	202	203	202
200	198	200	200	201	209	201	201	211	198	204	210	201	202	208	198	202	206	204	200	206	203	199	213	201	199	211	202	206	202	201	203	201	206	202	203
203	207	217	203	207	220	201	206	219	203	205	221	201	202	218	202	205	217	199	204	221	202	202	219	204	210	218	204	203	210	201	203	210	204	204	214
200	205	205	206	200	211	203	206	212	198	203	212	200	206	213	204	205	215	201	204	210	201	201	214	202	207	211	199	200	206	204	204	202	201	201	208
202	205	200	197	198	210	200	204	204	203	204	209	203	198	211	202	198	205	198	205	209	202	203	209	201	203	209	200	201	201	203	198	201	203	202	202
202	208	232	205	209	231	206	208	241	205	207	234	203	207	236	204	207	235	202	210	243	206	206	237	208	209	236	205	213	228	203	210	233	204	209	234
203	199	200	202	201	209	200	201	206	203	205	208	202	204	207	206	204	205	204	201	209	207	202	204	201	204	209	199	202	202	200	201	202	199	201	199
203	205	202	202	202	206	199	206	208	204	197	207	202	203	206	199	200	205	206	203	211	200	205	212	208	202	206	200	201	202	203	202	202	203	198	205
207	208	223	205	206	230	204	207	228	203	209	233	205	207	229	206	204	232	202	208	237	205	209	233	202	210	235	200	206	225	200	208	226	208	202	227
204	202	210	199	202	219	202	206	223	205	203	219	201	211	226	204	206	225	205	205	223	204	204	227	201	204	228	202	205	211	204	205	215	201	204	211
204	202	208	202	206	231	206	202	228	203	206	228	202	200	231	205	206	230	202	203	226	206	209	232	203	206	228	206	208	205	199	198	208	200	201	209
203	203	196	202	197	212	203	207	212	200	204	216	199	203	222	203	205	213	201	204	219	202	203	215	202	208	216	204	204	200	200	200	198	202	201	200
202	199	201	204	201	214	204	205	224	203	202	222	198	204	223	205	205	216	201	201	220	203	202	222	205	204	216	206	209	204	200	204	201	200	202	201
206	206	204	201	205	225	205	209	229	204	205	231	206	209	230	201	208	231	204	205	226	204	207	231	205	205	231	201	206	205	199	206	206	198	206	204
201	201	211	198	205	393	223	237	419	223	249	417	220	246	415	227	241	424	224	247	420	226	242	421	221	242	419	225	241	218	201	202	207	199	198	210
200	203	209	198	219	1642	348	491	1797	348	489	1786	344	501	1796	353	498	1798	344	496	1799	347	502	1795	350	499	1799	346	500	285	201	205	205	202	201	204
201	203	214	201	212	951	273	358	1051	287	365	1051	283	364	1060	280	366	1050	282	363	1047	285	361	1048	281	358	1037	279	367	255	205	201	208	204	202	212
202	202	206	200	208	628	246	295	672	241	298	667	247	301	670	248	292	668	248	295	665	250	291	677	248	297	669	248	289	232	201	204	205	199	202	208
200	205	214	194	201	459	228	255	494	229	256	491	225	258	496	231	258	493	227	263	484	230	259	488	231	261	482	229	254	225	203	204	211	205	202	208
200	204	212	205	203	319	215	225	343	212	226	332	215	225	340	217	224	336	213	227	334	212	227	331	219	228	338	212	225	224	200	202	215	203	203	215
200	205	206	205	202	225	203	205	230	200	205	228	202	206	233	203	202	230	202	206	232	204	204	225	206	209	228	207	209	208	203	201	206	204	200	208
202	200	216	203	202	223	202	203	222	203	203	224	203	204	225	204	204	222	203	207	226	205	204	226	205	203	222	204	207	214	206	202	214	205	201	211
204	203	209	201	202	222	205	210	226	204	210	229	203	208	220	203	206	226	201	203	218	201	206	227	204	200	224	201	208	207	205	198	205	203	200	204
200	203	214	204	206	233	210	204	231	204	212	238	205	206	238	204	209	236	210	207	235	203	210	233	200	210	239	207	207	219	205	202	220	201	202	223
199	198	205	200	199	236	203	212	235	204	207	230	203	207	236	201	207	235	206	211	236	201	209	235	203	207	236	207	208	207	201	203	205	204	203	207
202	201	210	201	209	421	227	249	445	222	245	452	231	247	447	224	251	448	223	247	452	227	252	433	227	247	445	223	246	223	203	200	208	204	203	210
199	202	208	202	203	359	217	235	383	213	238	387	221	238	384	219	235	377	216	237	387	219	238	382	221	236	383	220	235	212	206	198	209	206	200	203
203	203	211	198	202	307	210	222	323	211	221	318	213	229	320	214	224	320	212	222	319	219	224	324	215	226	318	215	225	211	203	202	210	201	203	209
204	201	204	200	202	260	207	210	267	211	215	270	206	213	269	211	210	268	210	213	268	202	214	275	209	216	272	211	209	208	201	206	207	199	205	206
201	207	209	205	204	244	205	209	247	205	209	253	204	211	249	208	207	247	202	211	249	208	211	250	210	209	250	209	208	213	202	203	210	202	204	211
199	202	202	202	199	208	200	205	212	202	202	208	203	201	207	202	203	212	203	203	206	203	202	212	203	203	212	206	205	200	201	202	199	202	199	198
201	203	208	202	204	209	204	202	210	200	200	215	201	204	213	203	205	213	207	201	211	200	205	213	203	198	212	199	203	203	204	208	209	200	202	206
201	203	208	200	202	215	199	208	216	201	204	218	203	201	218	202	205	217	201	203	220	200	202	219	200	207	217	200	202	209	202	205	208	199	201	210
195	202	203	204	201	204	199	205	209	205	208	213	202	201	206	204	201	209	205	201	216	203	202	211	207	200	214	206	204	203	201	204	202	204	200	204
202	201	204	204	205	206	206	197	207	205	207	206	200	196	210	202	208	206	200	203	205	203	207	208	198	199	205	201	203	199	202	200	205	203	203	199
202	202	206	201	207	210	201	199	212	201	205	208	202	203	212	202	200	214	205	203	210	205	206	210	201	206	211	203	200	207	198	200	207	199	204	207
202	202	198	202	199	212	203	206	204	201	201	208	202	206	207	202	204	204	199	202	207	208	205	207	200	203	203	204	202	206	200	206	202	202	205	205
199	203	201	202	200	204	203	201	204	203	199	206	200	198	204	200	203	211	198	202	208	199	203	204	203	200	204	203	205	199	201	203	201	201	203	200
207	199	201	202	203	212	201	202	207	204	203	210	202	202	215	199	202	216	204	201	212	204	206	211	201	200	214	204	203	203	198	202	197	201	202	201
204	200	204	202	202	213	205	210	211	202	207	214	204	204	213	199	203	210	205	205	216	201	201	213	204	204	210	202	202	204	204	196	204	202	200	203
201	201	210	201	205	215	204	205	219	201	206	218	208	206	217	204	207	221	204	206	221	203	205	218	201	204	220	204	206	210	201	200	210	204	205	213
202	202	213	201	204	219	204	201	217	202	206	214	205	204	211	204	205	221	200	201	213	203	204	217	204	201	217	203	204	206	208	204	209	205	200	211
197	200	205	206	204	207	203	203	207	203	204	207	199	202	208	203	206	204	202	202	210	201	204	208	200	206	210	200	200	206	201	201	209	202	202	206
203	206	214	204	203	216	203	200	213	204	206	218	205	205	216	202	204	217	203	204	208	201	207	214	202	204	211	203	202	210	200	203	213	201	201	209
204	202	220	205	205	222	203	205	225	204	208	222	200	207	222	200	200	223	201	205	224	204	207	224	204	204	228	207	209	216	203	206	219	204	203	220
201	207	211	202	204	210	201	206	213	202	205	212	206	203	213	204	201	211	203	206	216	207	204	211	199	205	212	201	204	211	203	202	209	201	201	208
202	198	205	200	201	204	199	202	205	202	200	206	199	201	206	201	202	206	204	200	206	206	202	205	200	203	212	198	204	211	200	212	203	203	204	203
203	206	230	203	205	236	202	206	232	206	204	233	201	205	235	204	204	235	202	207	229	203	208	236	204	207	236	206	207	229	206	207	232	203	208	233
201	199	201	202	198	203	203	199	205	202	202	205	201	202	206	199	205	209	201	199	208	204	203	205	207	205	206	203	201	208	200	201	204	202	200	205
201	204	206	201	202	211	199	204	206	199	202	211	202	202	211	204	202	212	203	201	210	205	204	208	200	202	210	202	205	206	204	201	205	204	205	206
200	202	210	201	199	210	198	202	208	202	201	208	206	198	205	200	205	206	204	204	202	201	204	206	200	204	207	198	202	200	202	204	205	200	203	207
201	202	207	200	204	206	199	202	208	202	203	211	201	203	207	204	202	210	202	199	203	205	203	208	202	199	209	202	202	204	196	202	208	204	205	204
202	202	212	206	203	215	205	206	210	202	202	210	205	203	211	203	206	208	203	203	208	201	205	215	197	200	210	202	204	208	208	204	210	203	203	206
200	204	207	202	202	207	199	201	210	202	202	213	205	203	213	201	205	208	205	204	212	200	204	206	198	200	209	197	205	208	203	210	205	200	200	210
203	206	206	203	198	202	203	201	204	201	202	205	202	206	204	199	200	201	204	203	202	203	200	208	202	204	204	198	200	200	207	201	204	201	203	202
199	202	211	201	203	210	202	201	208	205	203	210	202	203	209	200	204	211	204	200	208	203	202	207	201	202	209	205	204	210	199	202	212	202	202	208
200	199	207	200	195	202	200	195	198	199	202	202	199	201	201	199	203	199	205	200	202	201	205	207	199	203	200	195	202	200	201	201	201	199	203	200
200	203	211	203	201	217	203	206	216	203	203	217	202	207	218	199	203	215	203	203	214	201	206	214	201	206	218	203	208	213	205	205	217	210	202	217
199	203	210	203	199	210	201	203	206	205	203	210	198	208	211	206	204	208	198	199	205	201	199	204	203	201	208	202	202	205	204	205	207	206	204	209
200	202	209	206	197	210	201	206	212	198	206	209	207	200	210	203	201	208	204	204	208	196	205	211	203	207	213	206	197	210	197	207	220	203	202	210
204	206	214	203	201	208	204	204	209	202	200	209	203	205	209	204	206	208	198	207	211	202	206	212	199	207	210	200	203	210	203	204	208	205	203	208
204	205	207	201	197	207	205	203	210	203	206	207	203	204	205	201	204	207	202	202	206	197	202	209	202	202	205	206	204	210	203	206	208	205	205	207
201	200	204	205	203	208	200	205	210	202	201	209	202	205	214	203	203	211	206	203	209	204	203	206	202	205	207	206	204	207	203	202	208	205	201	207
202	202	202	201	198	207	203	201	206	204	202	209	199	200	203	198	202	207	200	205	207	201	198	209	203	203	206	203	199	209	199	198	203	203	197	209
200	200	205	204	202	212	203	202	209	202	204	209	201	203	206	201	201	210	203	204	208	200	204	209	203	202	211	201	202	210	201	200	207	201	197	209
199	203	207	201	202	211	198	208	207	200	200	208	204	204	204	205	207	204	206	205	204	199	204	210	202	203	207	204	203	207	202	203	202	198	200	207
200	201	204	202	202	207	201	200	213	201	207	208	202	200	211	200	203	209	200	199	207	202	205	207	206	204	207	201	205	204	196	202	208	198	198	200
203	205	199	201	204	209	204	198	206	198	200	207	197	201	201	200	201	204	196	202	204	202	199	208	201	203	203	200	202	201	204	202	204	200	198	199
202	203	203	199	199	215	204	206	219	207	205	221	203	204	222	206	201	219	201	206	220	202	205	214	203	205	218	201	202	207	206	203	207	201	202	208
202	204	216	204	205	275	210	220	283	211	221	287	210	218	283	208	221	279	207	216	283	210	218	287	207	221	285	211	221	216	198	204	211	203	200	218
206	204	202	202	205	263	210	216	270	209	217	268	204	220	273	208	219	267	204	215	269	210	214	268	210	215	274	211	212	215	202	200	212	201	204	210
202	202	207	200	200	243	205	212	244	206	210	251	205	209	250	204	209	249	204	212	257	208	211	254	204	211	251	204	212	210	200	204	204	203	202	209
200	203	203	205	205	235	205	209	239	203	205	237	203	210	229	202	206	234	204	207	230	205	208	238	201	211	234	204	208	205	201	196	209	202	204	208
205	205	213	199	202	228	204	205	227	205	214	227	202	208	228	200	209	229	204	209	226	207	207	231	202	203	226	204	205	214	202	207	212	203	203	214
200	204	207	202	206	209	205	206	208	204	203	214	200	201	211	204	203	213	202	205	212	202	200	207	201	198	213	201	204	209	200	204	210	201	202	205
207	206	218	202	207	222	205	206	226	208	207	225	203	206	226	202	202	225	202	203	223	201	206	223	205	207	224	204	205	227	201	206	222	205	206	225
201	203	214	199	204	213	204	203	217	205	201	212	202	203	213	206	206	219	201	208	215	204	206	217	203	204	215	203	206	216	205	202	213	203	201	214
203	201	211	202	200	208	200	206	210	203	202	209	204	206	210	201	203	206	202	201	207	204	204	207	201	204	207	197	200	205	205	205	206	205	203	210
204	202	221	204	206	214	201	208	217	201	204	217	203	204	217	203	205	216	200	205	218	205	207	217	204	205	215	202	204	220	204	206	214	206	203	215
205	203	203	201	201	204	197	202	208	198	201	206	201	206	206	200	204	204	200	205	205	201	198	203	199	198	206	202	202	202	200	205	204	201	200	201
204	201	206	201	203	210	189	205	212	204	203	213	202	206	211	198	205	210	201	203	211	201	205	209	202	199	213	204	203	208	198	203	210	201	203	206
204	204	210	200	205	210	201	199	214	200	205	214	202	204	214	201	200	210	201	205	211	200	200	209	199	205	196	207	202	209	200	199	212	199	204	210
201	201	202	199	201	208	201	199	209	207	203	206	203	201	208	203	206	208	204	201	207	205	200	211	204	202	211	201	205	205	202	198	204	203	198	205
196	205	203	201	199	205	202	204	216	201	203	210	201	202	210	203	202	210	205	203	211	201	205	212	200	196	209	204	205	205	198	203	202	202	203	200
203	200	207	203	202	205	204	204	217	202	203	216	204	208	213	202	205	215	205	208	213	203	207	215	201	203	212	201	204	213	203	205	210	200	200	209
201	204	224	204	205	226	204	204	225	207	205	223	207	206	226	202	209	225	202	211	223	203	208	224	208	205	227	201	210	222	204	204	223	204	205	224
202	203	208	202	204	213	201	204	206	201	202	211	202	202	206	203	203	208	202	203	207	201	201	209	202	204	210	201	205	205	193	203	208	206	201	210
201	202	219	203	205	218	200	208	216	202	209	220	200	204	214	204	209	221	205	202	218	196	203	214	206	203	213	203	203	218	199	199	216	207	200	216
203	201	206	203	204	210	203	203	207	199	200	205	200	201	207	203	201	208	201	204	205	202	204	210	201	203	209	204	202	210	202	201	208	201	201	206
201	200	206	205	202	208	204	209	208	204	199	209	199	200	207	202	203	205	201	203	206	199	202	211	203	201	210	202	202	208	200	201	207	200	208	206
201	204	213	203	206	215	203	202	219	204	204	220	205	201	217	205	201	214	203	206	215	205	208	218	204	203	216	198	204	214	204	206	218	209	201	217
202	205	208	206	200	212	202	201	210	197	206	206	199	201	210	201	204	215	208	196	205	202	203	210	201	200	205	198	206	209	200	203	211	203	198	207
201	200	202	196	200	203	202	200	203	202	200	203	198	205	202	198	203	203	199	203	202	198	201	207	201	201	206	201	202	203	203	203	204	200	205	203
205	202	212	200	200	211	201	203	210	199	206	213	201	203	210	204	200	213	206	201	208	202	202	215	206	206	206	203	204	208	202	200	209	202	207	212
200	204	207	197	200	205	201	199	204	199	201	205	198	201	207	201	204	208	201	203	205	204	204	207	204	202	210	199	204	207	202	205	207	202	202	204
202	206	211	206	205	217	202	204	216	201	202	211	207	205	213	203	202	215	201	204	212	205	206	216	201	202	210	202	204	214	204	200	211	204	203	212
201	202	210	199	206	210	203	202	209	204	202	209	200	207	210	201	206	209	203	204	212	201	202	213	203	205	213	202	200	207	204	204	218	203	207	214
202	201	208	203	206	207	202	202	208	200	195	203	203	206	201	204	204	202	207	204	207	200	202	210	201	204	209	204	202	206	202	197	205	203	200	201
203	198	207	200	206	212	205	209	211	202	203	211	201	205	209	200	203	208	203	201	207	202	206	209	203	206	205	202	203	206	198	202	207	206	202	206
205	205	210	201	205	212	203	206	208	203	205	212	204	205	212	202	205	209	204	202	210	201	207	213	203	201	213	205	205	210	203	203	211	202	204	209
202	200	205	202	203	208	204	203	212	203	204	214	201	198	210	203	205	205	204	205	213	202	202	211	203	200	208	195	202	212	201	203	206	203	201	210
201	203	209	205	199	211	204	204	211	198	205	213	203	202	213	205	199	214	199	203	210	201	202	211	204	201	211	203	203	213	202	205	209	200	202	208
200	204	200	197	204	203	200	204	200	198	201	206	202	202	205	198	198	204	198	200	204	200	202	204	197	199	201	199	202	205	204	204	204	202	203	202
\machine::top.usb650:setup:su_maj_r1
0
1
1
22.000000
\machine::top.usb650:setup:su_z1
0
1
1
-1.000000
\machine::top.usb650:setup:su_phi1
0
1
1
157.500000
\machine::top.usb650:setup:su_maj_r2
0
1
1
22.000000
\machine::top.usb650:setup:su_z2
0
1
1
1.000000
\machine::top.usb650:setup:su_phi2
0
1
1
157.500000
\machine::top.usb650:setup:su_ft
1
1
1
50mm, P1000-2-UV/VIS EOS00019, 727-733-2447
\machine::top.usb650:comments
1
1
1
relative to track.
\machine::top.usb650:framing:frm_int
0
1
36
100
200
1000
100
200
1000
100
200
1000
100
200
1000
100
200
1000
100
200
1000
100
200
1000
100
200
1000
100
200
1000
100
200
1000
100
200
1000
100
200
1000
