\machine::top.usb650:setup:su_pixels
0
1
1
651
\machine::top.usb650:framing:frm_n
0
1
1
35
\machine::top.usb650:calib:wve_spec
0
1
651
350
351
352
353
354
355
356
357
358
359
360
361
362
363
364
365
366
367
368
369
370
371
372
373
374
375
376
377
378
379
380
381
382
383
384
385
386
387
388
389
390
391
392
393
394
395
396
397
398
399
400
401
402
403
404
405
406
407
408
409
410
411
412
413
414
415
416
417
418
419
420
421
422
423
424
425
426
427
428
429
430
431
432
433
434
435
436
437
438
439
440
441
442
443
444
445
446
447
448
449
450
451
452
453
454
455
456
457
458
459
460
461
462
463
464
465
466
467
468
469
470
471
472
473
474
475
476
477
478
479
480
481
482
483
484
485
486
487
488
489
490
491
492
493
494
495
496
497
498
499
500
501
502
503
504
505
506
507
508
509
510
511
512
513
514
515
516
517
518
519
520
521
522
523
524
525
526
527
528
529
530
531
532
533
534
535
536
537
538
539
540
541
542
543
544
545
546
547
548
549
550
551
552
553
554
555
556
557
558
559
560
561
562
563
564
565
566
567
568
569
570
571
572
573
574
575
576
577
578
579
580
581
582
583
584
585
586
587
588
589
590
591
592
593
594
595
596
597
598
599
600
601
602
603
604
605
606
607
608
609
610
611
612
613
614
615
616
617
618
619
620
621
622
623
624
625
626
627
628
629
630
631
632
633
634
635
636
637
638
639
640
641
642
643
644
645
646
647
648
649
650
651
652
653
654
655
656
657
658
659
660
661
662
663
664
665
666
667
668
669
670
671
672
673
674
675
676
677
678
679
680
681
682
683
684
685
686
687
688
689
690
691
692
693
694
695
696
697
698
699
700
701
702
703
704
705
706
707
708
709
710
711
712
713
714
715
716
717
718
719
720
721
722
723
724
725
726
727
728
729
730
731
732
733
734
735
736
737
738
739
740
741
742
743
744
745
746
747
748
749
750
751
752
753
754
755
756
757
758
759
760
761
762
763
764
765
766
767
768
769
770
771
772
773
774
775
776
777
778
779
780
781
782
783
784
785
786
787
788
789
790
791
792
793
794
795
796
797
798
799
800
801
802
803
804
805
806
807
808
809
810
811
812
813
814
815
816
817
818
819
820
821
822
823
824
825
826
827
828
829
830
831
832
833
834
835
836
837
838
839
840
841
842
843
844
845
846
847
848
849
850
851
852
853
854
855
856
857
858
859
860
861
862
863
864
865
866
867
868
869
870
871
872
873
874
875
876
877
878
879
880
881
882
883
884
885
886
887
888
889
890
891
892
893
894
895
896
897
898
899
900
901
902
903
904
905
906
907
908
909
910
911
912
913
914
915
916
917
918
919
920
921
922
923
924
925
926
927
928
929
930
931
932
933
934
935
936
937
938
939
940
941
942
943
944
945
946
947
948
949
950
951
952
953
954
955
956
957
958
959
960
961
962
963
964
965
966
967
968
969
970
971
972
973
974
975
976
977
978
979
980
981
982
983
984
985
986
987
988
989
990
991
992
993
994
995
996
997
998
999
1000
\machine::top.usb650:framing:frm_start
0
1
35
0.000000
0.312500
0.734375
2.796875
3.015625
3.437500
5.500000
5.718750
6.140625
8.203125
8.421875
8.843750
10.890625
11.109375
11.531250
13.593750
13.812500
14.234375
16.296875
16.500000
16.921875
18.984375
19.203125
19.625000
21.687500
21.906250
22.328125
24.375000
24.593750
25.015625
27.078125
27.296875
27.718750
29.781250
30.000000
\machine::top.usb650:raw_spectra
0
2
651
35
197	202	202	199	201	205	202	203	205	205	200	206	197	201	208	204	203	202	203	200	204	199	202	207	201	199	208	203	204	206	197	199	202	202	199
203	197	208	202	197	214	201	202	209	199	201	211	200	200	214	204	201	212	203	198	213	200	205	213	203	198	211	199	203	209	199	204	209	201	201
200	198	208	201	199	204	201	202	200	199	200	207	203	201	203	197	201	205	198	200	207	197	198	207	198	197	205	202	201	202	201	201	201	200	197
199	199	202	200	201	206	207	200	206	201	201	206	199	204	209	204	202	211	201	203	208	200	200	209	201	201	209	201	201	202	202	200	206	199	198
202	200	205	202	203	212	203	205	216	202	205	221	200	207	220	205	202	215	205	208	215	202	205	220	210	207	213	200	202	203	203	201	206	200	203
202	201	214	205	201	224	200	206	219	199	206	221	205	206	226	204	203	222	200	203	227	205	204	224	206	204	224	200	205	206	200	202	210	200	210
205	202	208	204	206	224	198	205	222	207	205	221	206	209	222	198	204	219	204	207	219	206	203	223	202	206	222	205	212	204	200	202	208	203	201
204	200	197	203	198	213	200	204	217	200	203	217	204	208	219	202	201	216	205	206	219	200	201	220	203	202	217	203	204	200	205	199	199	201	203
207	208	214	204	202	234	203	207	233	205	202	237	203	207	235	199	210	236	204	202	242	205	211	233	200	206	239	206	208	211	202	202	215	201	199
200	202	201	203	197	215	200	207	217	203	206	216	204	205	217	197	205	217	202	200	214	205	205	218	202	203	214	203	203	202	197	202	200	198	199
197	198	203	201	204	217	200	205	220	205	203	219	207	200	218	200	207	215	199	202	214	204	204	219	200	209	216	201	203	204	204	204	209	204	201
199	203	204	201	201	212	199	201	210	204	201	213	201	202	215	202	200	211	202	203	213	204	202	213	199	204	212	202	206	206	199	201	202	203	199
201	201	223	204	206	233	205	205	231	203	208	234	201	209	234	202	208	231	205	208	230	204	207	232	203	208	231	201	209	219	202	204	219	201	203
200	203	201	201	204	214	202	202	211	203	202	213	205	203	214	202	204	215	201	203	214	203	206	217	204	203	214	194	204	203	200	200	200	199	200
202	205	218	201	205	227	202	208	228	200	205	231	204	205	232	204	208	229	202	209	231	201	208	230	201	208	227	208	207	214	201	207	214	203	203
202	199	205	201	201	217	199	203	219	202	202	219	202	204	219	204	203	211	203	204	213	203	201	225	203	206	217	202	203	207	200	202	210	200	203
197	200	202	203	200	216	203	205	220	201	205	218	205	202	219	201	204	219	207	206	219	200	205	217	205	204	221	202	206	203	202	200	202	201	201
200	196	204	201	197	206	205	202	214	200	209	215	202	205	216	204	206	215	202	208	219	204	205	219	199	203	217	201	201	204	202	202	204	198	198
201	200	201	207	202	214	201	201	211	201	204	217	203	203	216	202	204	215	207	202	215	204	206	214	203	205	215	202	206	201	202	200	199	201	202
201	204	203	203	200	220	201	205	220	201	208	218	202	204	221	203	205	219	203	202	218	205	210	218	206	208	217	203	208	207	202	200	201	203	201
203	201	209	204	203	219	207	205	222	200	209	221	203	203	224	208	205	225	206	203	223	206	205	223	201	205	226	205	211	205	200	204	209	205	203
204	201	202	206	204	227	204	205	226	203	207	226	201	207	228	206	208	220	200	204	230	202	208	230	202	207	228	204	207	201	203	201	202	200	204
200	203	204	204	205	246	205	213	249	207	216	256	208	210	249	206	210	246	203	211	249	208	211	254	205	214	249	206	210	208	201	204	207	203	202
201	200	206	202	202	242	205	214	245	207	212	243	208	208	240	207	209	246	207	212	239	209	208	242	206	215	244	208	210	209	202	200	208	200	201
201	208	212	204	201	235	207	209	238	206	207	229	207	210	229	202	211	231	206	208	235	198	203	229	210	211	234	205	209	207	202	203	207	203	203
203	206	222	208	206	258	209	217	258	208	213	263	208	211	258	207	215	257	205	212	264	208	210	258	208	214	256	207	213	227	205	205	226	203	202
203	202	202	200	203	249	205	214	255	206	214	256	211	212	254	207	213	252	206	212	256	212	213	254	208	210	252	208	214	198	202	201	205	205	205
202	206	202	205	199	258	205	211	260	209	217	266	208	214	263	207	215	262	213	213	259	207	217	261	205	213	259	208	210	204	201	200	207	206	205
203	206	225	207	204	271	208	217	278	207	218	281	210	217	279	208	218	274	213	215	278	212	222	278	207	215	283	211	212	218	206	201	221	203	203
201	200	206	201	203	256	207	209	260	210	211	261	207	216	258	207	212	261	212	213	259	212	210	262	207	215	264	211	216	201	202	204	206	208	202
199	205	204	206	204	270	208	218	281	209	215	280	210	218	276	207	215	279	203	220	273	209	213	277	210	213	283	211	218	202	205	201	198	203	206
203	205	204	203	207	264	204	218	271	210	216	270	208	218	266	211	214	266	209	212	268	211	216	271	206	213	266	210	214	206	206	203	203	200	207
201	206	206	205	208	276	209	215	285	211	215	282	211	214	281	205	219	284	205	216	284	209	218	286	210	218	282	211	221	209	202	207	208	200	202
203	207	215	206	210	296	212	222	305	214	222	305	209	220	315	215	224	311	210	221	312	213	224	313	214	226	310	217	225	218	204	207	221	203	203
199	206	197	203	206	339	213	228	342	212	227	344	215	227	341	217	224	348	218	231	346	216	231	346	217	232	347	217	231	202	206	202	204	200	203
202	200	205	201	205	336	219	230	349	214	229	345	216	228	349	220	229	348	216	232	351	216	233	348	219	229	349	217	228	210	202	206	206	201	204
200	198	205	202	204	330	217	231	346	218	222	344	212	229	344	215	228	339	216	229	343	215	226	358	216	229	344	217	230	206	201	203	205	207	200
204	205	211	201	206	334	217	228	338	213	229	344	215	231	338	219	229	344	214	227	342	216	233	343	219	231	342	214	231	206	206	204	208	207	207
206	203	202	204	203	298	213	219	303	217	222	301	212	221	301	214	219	300	215	223	306	212	226	304	210	225	302	213	222	203	203	204	197	204	201
206	202	204	207	205	264	209	214	264	210	218	273	209	215	264	210	214	270	210	218	269	206	217	277	209	219	269	210	216	200	201	203	200	202	202
202	204	205	205	209	262	210	216	265	209	218	262	210	214	258	208	219	266	209	216	258	209	215	260	210	210	263	209	214	209	202	201	206	203	204
205	203	207	203	204	277	210	221	284	211	216	288	209	214	283	211	219	284	212	214	287	210	216	281	207	219	282	206	224	206	206	202	206	199	204
202	202	204	205	206	323	217	230	332	219	215	340	217	230	340	215	229	335	217	226	339	215	230	337	212	233	338	217	236	203	203	204	203	202	206
203	202	201	208	205	330	212	226	338	217	230	339	216	232	346	213	229	341	218	229	353	221	234	341	218	233	340	213	225	206	202	201	207	208	201
201	204	214	206	207	363	218	236	377	219	238	379	220	237	378	218	239	382	220	234	383	218	237	384	220	236	385	218	238	213	205	201	212	209	209
201	206	205	206	204	306	212	227	315	212	227	311	212	220	311	214	224	311	212	223	310	217	224	317	215	226	318	212	225	205	202	202	209	200	201
202	206	203	202	200	301	213	219	304	216	230	314	214	223	311	214	223	316	212	224	317	216	224	306	213	222	319	213	226	211	206	203	204	204	206
204	204	207	203	202	291	209	221	295	214	224	298	211	223	298	208	222	303	212	223	299	214	221	298	211	219	299	215	219	207	206	201	206	204	202
200	201	204	203	203	285	212	219	288	212	222	294	212	226	286	210	218	292	210	220	287	209	220	293	208	219	291	208	221	205	205	206	207	204	204
202	201	203	204	204	309	214	227	317	214	226	321	212	224	323	211	222	326	215	227	319	216	224	325	215	226	317	214	228	206	206	202	208	206	202
202	199	204	205	207	405	221	249	425	224	246	420	221	243	415	224	245	429	224	249	421	228	254	427	223	247	431	224	246	205	200	207	206	205	204
206	206	205	205	206	461	231	255	478	231	258	482	230	254	487	224	259	486	227	250	493	228	259	488	230	260	487	228	260	203	202	204	202	203	204
203	206	206	204	209	387	225	243	411	219	241	402	224	243	414	224	239	411	226	246	407	223	246	401	223	243	413	219	246	209	204	202	210	211	205
201	205	210	206	205	485	232	261	505	232	265	510	232	262	516	232	255	512	235	259	502	234	261	520	236	264	508	232	267	215	204	198	208	202	208
203	204	211	203	211	546	240	271	569	241	280	576	238	275	570	238	274	573	242	274	575	236	278	585	239	279	569	240	276	208	206	203	210	205	205
204	205	210	207	207	422	217	248	443	228	253	434	227	248	434	226	249	442	225	249	441	227	247	443	225	249	444	222	251	211	203	209	211	206	201
204	202	206	203	206	559	242	276	584	245	274	577	239	283	599	241	280	588	241	274	581	240	281	590	241	279	595	239	276	208	206	205	204	205	203
207	201	201	203	208	640	248	298	680	252	296	687	252	299	700	251	301	697	250	295	706	251	297	704	251	294	696	246	302	207	204	207	203	203	202
202	206	210	206	205	433	226	251	450	231	250	450	226	247	456	224	251	454	231	247	463	229	254	461	225	254	458	228	256	207	203	201	202	203	205
202	202	207	203	207	429	230	248	441	224	250	455	228	252	451	229	251	459	229	249	445	225	247	449	226	253	458	227	256	207	207	203	207	207	205
202	193	200	202	206	459	230	259	467	232	257	480	231	258	495	227	260	486	228	255	484	231	261	477	231	256	481	229	260	203	204	204	202	205	203
203	202	192	202	207	344	217	233	350	217	233	357	218	232	357	217	233	353	218	232	347	220	237	360	216	233	349	216	232	205	201	202	205	201	201
206	206	201	210	205	412	227	246	435	224	251	433	224	248	429	226	251	434	223	252	430	220	248	434	222	251	441	226	253	206	202	204	207	201	208
207	202	211	211	211	400	222	246	419	220	245	419	224	245	424	224	248	417	227	242	421	224	241	424	220	247	419	223	247	210	204	208	209	205	201
200	201	206	204	205	348	214	227	360	222	235	362	222	233	359	220	233	361	220	229	361	219	231	359	219	228	353	218	232	205	206	205	207	202	201
204	204	210	210	211	794	260	321	836	263	320	832	267	322	829	267	328	821	263	319	838	262	325	821	267	319	823	261	321	211	204	207	212	206	200
198	206	213	204	208	596	240	283	626	244	292	627	242	286	632	247	287	630	240	284	636	249	281	631	244	288	619	236	289	208	203	204	206	205	206
207	204	214	204	207	443	224	259	466	225	255	465	230	250	464	230	253	458	229	252	454	227	253	463	225	253	465	228	252	212	203	203	214	205	203
205	201	214	204	212	638	248	294	661	252	289	667	251	288	661	247	293	657	246	292	667	253	290	659	242	288	659	250	292	212	202	204	210	204	208
203	205	208	209	218	1513	338	459	1600	335	455	1601	336	457	1599	333	464	1589	333	459	1601	337	452	1589	329	451	1596	335	465	212	202	206	210	201	202
205	204	211	214	214	983	285	368	1031	276	360	1036	283	351	1031	278	369	1021	282	359	1015	283	355	1012	279	361	1020	287	366	214	207	209	209	204	211
201	205	206	205	207	491	230	266	511	225	263	516	233	269	518	231	267	506	235	262	512	232	264	520	233	267	509	236	267	210	206	201	206	201	202
199	209	213	204	209	742	253	313	779	256	314	766	258	318	768	260	311	781	255	308	789	254	313	789	258	319	785	260	321	209	203	205	209	203	205
203	206	206	209	208	555	234	273	578	237	283	576	237	276	576	235	276	571	238	274	589	243	279	588	237	273	588	240	280	210	208	204	207	205	206
206	204	206	206	208	422	227	244	439	228	249	433	225	250	438	225	246	432	228	248	432	226	250	440	225	251	436	226	248	204	202	208	199	208	203
205	206	210	212	218	1064	289	371	1130	287	379	1124	286	373	1122	291	378	1121	293	379	1121	289	380	1132	289	375	1131	294	378	212	204	203	209	204	208
206	202	206	214	223	1498	326	461	1611	333	455	1612	331	456	1611	333	469	1618	335	460	1608	333	471	1602	328	464	1617	335	463	208	205	203	204	207	204
209	207	226	215	227	1457	326	449	1563	328	464	1561	330	460	1566	327	459	1560	333	450	1580	333	462	1565	327	451	1570	327	453	232	208	211	227	204	204
204	203	207	211	212	721	257	308	777	258	321	770	259	316	771	261	311	756	260	311	766	262	316	779	257	312	783	259	311	207	202	205	207	203	203
202	200	204	207	209	680	256	305	712	253	300	732	256	303	729	250	308	725	252	296	726	254	301	731	250	305	720	258	304	206	202	204	209	205	199
200	203	201	202	206	600	253	290	641	247	290	648	244	290	627	246	289	628	243	287	630	246	284	632	240	290	632	240	284	203	203	203	208	203	201
202	202	203	207	211	443	225	249	452	229	258	456	226	253	467	229	250	461	226	258	455	221	247	465	227	250	457	229	251	205	204	204	203	203	200
207	207	233	210	217	828	267	325	860	266	327	853	263	328	854	268	333	861	269	320	860	266	324	866	261	327	861	265	332	231	206	208	230	203	210
205	211	215	211	217	1207	306	396	1267	306	405	1279	308	407	1278	308	406	1272	311	410	1284	311	408	1302	308	403	1290	304	415	218	205	205	216	206	204
202	205	212	214	222	4102	632	1092	4093	637	1108	4092	634	1136	4093	646	1118	4093	650	1105	4091	653	1135	4091	636	1129	4091	649	1135	216	202	203	208	202	210
204	203	206	208	219	2373	416	636	2675	420	644	2682	429	633	2701	421	646	2702	430	637	2745	425	642	2776	416	657	2747	422	643	206	204	204	208	207	204
199	199	217	210	212	1256	311	419	1362	313	423	1355	315	429	1339	311	420	1367	316	419	1377	313	418	1363	309	424	1361	319	428	215	209	207	216	205	203
205	208	250	209	217	1014	281	364	1070	285	372	1064	287	368	1063	284	369	1069	289	367	1088	287	367	1093	289	373	1078	285	377	242	209	211	239	205	210
204	205	208	210	209	667	246	305	696	253	304	704	250	300	708	249	306	699	254	296	702	248	300	706	252	306	722	254	299	207	208	204	208	205	204
203	203	208	209	212	1139	299	395	1240	302	404	1243	298	400	1238	297	409	1229	302	399	1242	298	400	1246	294	395	1242	303	408	208	203	202	209	205	199
204	204	208	206	208	872	274	350	927	275	352	939	280	348	942	273	346	935	276	345	961	272	346	945	275	347	942	278	347	209	207	203	210	205	206
206	208	211	214	210	833	269	330	889	266	333	889	272	340	894	262	331	887	265	329	890	267	338	906	268	331	892	261	340	214	205	205	215	206	211
202	199	203	209	214	2786	461	704	3006	467	723	3012	461	731	3003	452	726	3009	463	702	3042	464	730	3009	462	740	3033	458	742	212	199	202	203	203	204
204	206	209	208	209	1393	325	441	1489	333	447	1495	323	445	1505	327	454	1507	328	439	1518	329	443	1507	325	446	1509	320	445	211	201	204	209	205	201
201	200	210	208	206	612	248	298	658	248	296	672	251	294	665	252	298	671	260	283	670	251	297	675	248	295	664	245	292	204	205	199	208	205	209
200	206	207	205	205	365	217	240	377	221	241	375	224	238	375	222	239	378	222	235	389	223	239	376	217	234	373	216	237	208	202	205	209	203	202
203	208	210	208	212	354	217	236	364	219	238	364	219	233	361	216	234	365	215	232	369	218	237	363	223	237	365	222	232	214	205	203	208	201	208
202	203	210	205	211	556	241	279	588	238	275	585	242	278	591	240	279	587	241	280	583	239	277	582	239	278	589	244	281	212	205	201	207	200	207
203	203	211	208	202	506	239	266	529	236	263	537	237	265	533	234	264	539	242	270	530	233	260	548	234	265	539	241	266	208	210	205	207	207	205
205	206	206	202	205	394	228	240	407	224	241	412	223	243	412	220	242	413	218	245	412	222	241	408	220	237	414	221	242	208	201	206	205	202	208
206	204	209	206	210	509	236	265	524	236	263	522	228	265	530	237	263	531	232	268	529	233	264	524	235	261	520	235	265	206	205	202	202	205	203
206	205	211	207	210	491	234	262	515	230	268	502	227	260	496	237	265	506	231	265	506	235	258	512	228	262	500	233	259	212	204	205	203	205	204
202	206	203	207	208	419	229	245	442	228	246	443	226	251	440	228	250	442	227	248	437	226	246	441	227	251	449	228	252	205	204	204	205	206	197
205	204	209	202	211	511	236	268	533	236	266	538	236	274	539	236	268	539	230	267	535	242	266	540	237	261	531	238	268	212	202	205	209	208	202
203	204	212	208	216	1030	288	378	1107	287	375	1114	291	376	1119	295	375	1110	288	378	1129	291	379	1121	288	386	1111	291	377	214	204	206	207	204	207
200	202	209	210	211	604	244	279	626	244	287	625	246	284	631	248	290	635	245	288	640	246	288	629	247	292	630	240	290	215	206	206	210	205	203
205	205	209	210	210	474	231	246	498	229	256	494	231	261	497	234	255	488	230	257	489	237	252	494	232	261	492	234	255	212	203	204	209	210	204
199	208	210	206	213	844	257	326	884	262	332	871	265	337	880	265	330	878	267	331	893	268	334	885	267	328	882	266	337	212	200	206	205	204	204
202	203	210	210	215	1706	344	504	1854	349	507	1842	357	511	1873	355	509	1851	360	505	1893	357	513	1868	348	510	1877	352	521	210	206	208	208	204	205
203	201	208	209	213	1161	303	397	1250	300	406	1242	298	405	1256	302	398	1242	304	395	1255	307	408	1250	301	403	1255	300	399	206	204	207	200	204	201
204	208	208	208	219	2681	443	689	2897	449	704	2899	453	701	2923	446	711	2912	459	690	2965	452	721	2941	447	717	2945	452	721	213	202	205	212	202	205
203	202	212	205	215	1550	337	476	1668	343	474	1681	343	483	1674	340	483	1673	349	473	1711	356	488	1721	339	491	1690	347	489	210	207	205	205	206	205
203	203	213	205	210	748	264	314	778	262	316	785	258	317	787	264	314	783	254	316	820	268	319	800	267	318	792	259	323	213	204	201	212	205	206
201	204	207	205	208	481	235	261	503	239	262	512	233	262	508	233	263	504	236	259	519	234	264	507	233	265	507	229	263	208	204	202	208	203	202
204	203	212	205	210	395	229	249	408	224	242	407	221	239	414	215	241	405	224	244	407	227	244	407	221	238	413	220	244	211	205	206	210	203	206
203	211	235	212	214	915	274	350	969	271	350	974	275	356	959	269	353	992	274	342	984	278	352	966	276	350	984	273	355	239	206	213	240	199	213
210	208	234	209	215	571	242	281	601	242	280	606	240	283	608	242	283	603	246	282	607	243	283	605	237	283	611	243	279	234	206	210	237	204	210
204	207	204	204	206	394	226	239	414	218	246	409	224	243	408	223	227	417	222	240	416	223	238	412	216	241	414	222	241	210	201	205	201	203	202
207	205	205	207	206	341	220	236	352	218	231	359	218	235	355	218	234	352	218	229	353	212	232	364	221	235	355	216	233	205	204	204	212	206	204
202	203	213	210	210	376	218	241	387	222	239	389	225	240	391	219	240	388	222	237	390	219	236	393	222	235	393	222	245	209	206	205	209	204	206
202	201	208	209	211	397	224	244	405	224	242	412	223	244	409	226	247	403	223	245	407	220	237	412	219	247	418	225	243	210	201	204	209	202	204
206	205	205	210	206	392	227	241	391	219	235	397	221	243	397	225	239	401	227	241	406	223	242	397	225	241	396	223	244	207	203	205	208	203	207
204	208	208	213	215	1032	287	371	1098	290	366	1118	297	374	1100	280	370	1108	292	367	1128	288	375	1118	285	376	1126	286	379	208	207	202	213	204	206
206	210	209	209	212	1239	315	414	1335	308	417	1319	310	415	1345	307	417	1324	309	408	1346	309	423	1351	314	418	1353	310	424	213	199	205	210	203	205
204	204	215	207	210	598	244	288	633	246	291	635	248	291	640	248	285	636	242	299	652	242	290	643	245	285	635	248	286	215	204	207	213	202	205
207	205	210	207	210	517	237	265	536	235	269	541	235	266	540	233	273	540	232	269	544	238	271	546	234	267	550	239	273	206	206	209	207	206	204
205	199	206	210	211	1257	315	412	1379	311	426	1365	308	428	1364	311	426	1377	320	415	1391	318	427	1372	312	417	1376	309	429	207	206	199	204	202	202
200	201	205	205	206	574	239	282	605	247	284	603	238	283	615	244	281	618	246	283	615	241	285	616	242	282	606	246	285	209	200	199	202	205	204
207	204	204	208	208	379	222	243	383	218	235	380	215	238	386	220	237	380	219	234	385	221	237	380	217	240	391	220	238	206	201	203	205	202	206
205	204	203	204	210	460	228	254	486	225	256	480	227	255	480	233	260	482	230	257	479	231	254	475	230	256	475	230	254	207	201	204	202	204	202
208	208	208	210	216	3216	494	804	3437	488	833	3482	503	838	3469	502	818	3445	508	811	3471	505	812	3505	504	826	3488	519	841	210	204	208	207	205	204
203	203	211	206	205	1196	299	403	1298	310	414	1305	307	403	1308	305	422	1298	310	415	1312	308	412	1303	304	406	1317	302	417	211	206	207	207	204	203
201	204	207	205	209	551	238	277	577	237	279	566	240	272	582	237	280	571	238	280	573	239	276	576	236	275	580	236	280	209	202	204	207	206	205
204	202	207	207	208	363	215	240	367	220	236	368	221	235	374	223	232	358	218	234	365	220	236	364	220	232	368	221	234	208	206	206	207	201	203
201	209	209	202	213	913	272	346	979	275	353	992	273	345	987	276	350	982	272	340	989	277	351	1001	276	356	995	278	353	210	203	205	208	207	206
204	200	207	208	209	771	264	317	826	263	323	830	263	325	826	257	323	806	269	315	827	260	320	818	263	317	823	265	330	212	204	202	208	205	206
203	205	214	209	214	787	263	324	823	265	324	833	265	322	823	263	318	822	262	322	837	262	317	840	262	324	842	260	331	211	203	205	212	205	203
203	203	207	214	226	3924	608	1022	4064	609	1031	4092	606	1054	4092	604	1048	4089	616	1027	4124	608	1056	4101	593	1062	4110	610	1071	209	204	202	205	202	199
207	202	209	212	220	3997	507	822	4184	511	842	4185	514	836	4181	511	839	4183	515	819	4178	523	834	4180	507	843	4180	519	854	209	204	205	206	206	201
202	200	208	213	214	1283	309	418	1363	314	427	1351	313	427	1378	308	429	1383	314	416	1407	311	416	1411	317	427	1381	316	430	215	201	202	212	204	206
202	206	212	213	209	604	241	285	643	243	288	648	238	287	651	251	290	643	251	289	646	246	293	643	248	288	645	250	289	218	201	209	213	202	202
205	201	210	209	210	428	223	251	437	228	252	445	228	252	436	225	249	438	230	248	445	227	250	439	227	252	449	230	248	208	204	206	207	203	202
200	208	215	209	210	445	227	256	455	227	254	461	229	255	460	227	247	456	231	253	464	227	251	456	226	254	459	229	252	213	205	205	214	202	205
197	204	208	206	209	597	243	285	633	241	281	645	245	289	629	250	283	629	241	291	637	243	281	638	246	291	644	241	294	213	203	205	209	209	204
200	202	206	211	209	402	225	246	427	228	243	427	226	246	427	224	242	423	230	246	437	226	251	426	222	242	426	225	245	212	202	203	207	206	204
203	201	208	204	206	398	220	245	413	222	245	418	225	244	412	225	246	418	227	245	423	227	245	424	222	247	418	222	243	204	200	206	207	203	204
204	207	211	207	211	1062	292	376	1119	294	377	1135	293	377	1137	288	373	1141	296	376	1136	288	380	1153	287	382	1142	293	381	214	203	207	215	204	205
200	200	203	204	207	603	247	287	637	248	284	646	249	288	644	245	289	648	247	285	650	244	290	654	243	297	649	246	294	202	200	204	202	201	201
201	202	208	206	205	401	226	245	425	220	248	413	229	247	417	221	243	413	224	245	424	223	244	409	228	251	419	227	245	206	204	202	202	202	203
203	204	205	206	212	371	216	235	379	216	239	372	223	241	379	217	235	375	217	241	382	217	241	372	216	234	373	224	236	206	203	204	207	203	211
199	199	205	207	211	859	269	336	906	271	340	920	267	340	901	268	333	916	270	333	916	269	342	933	272	343	919	266	342	207	204	200	209	203	201
200	201	205	205	211	1235	306	405	1352	314	418	1340	307	425	1355	309	419	1329	309	420	1371	310	425	1362	303	410	1368	308	419	211	205	199	206	207	201
204	200	207	203	210	641	251	294	670	251	299	680	252	299	691	251	294	674	257	294	691	248	293	683	247	300	691	256	301	210	204	204	204	204	201
202	205	210	204	207	419	226	248	440	227	245	439	227	248	444	225	247	441	221	247	437	226	251	441	228	248	442	229	249	204	204	198	207	202	201
202	206	212	204	212	454	234	253	462	228	254	471	231	257	473	230	255	472	223	256	466	229	257	472	228	249	466	231	251	213	207	210	214	201	202
197	207	209	206	211	610	242	291	632	244	288	641	244	289	634	244	287	626	248	286	646	251	293	636	243	286	640	243	290	210	204	205	209	200	203
204	205	211	208	214	770	266	321	818	259	321	817	261	326	817	262	321	801	261	317	819	259	326	805	261	323	815	260	320	218	202	204	212	206	203
203	210	215	215	215	551	240	276	580	235	277	579	235	279	582	241	282	583	241	280	594	236	279	590	239	275	589	241	278	218	204	209	213	203	201
202	203	210	210	214	490	235	261	525	231	265	514	233	269	519	231	268	519	230	261	521	237	265	513	233	266	508	235	266	212	199	204	208	205	205
203	208	206	211	212	437	226	253	462	228	252	459	231	253	463	227	255	467	225	250	460	228	256	461	228	261	457	227	252	212	200	202	211	202	204
202	205	206	207	209	369	221	239	382	220	236	379	224	240	382	215	240	389	221	235	392	228	238	386	219	237	387	216	240	207	200	203	206	203	202
202	202	218	206	207	380	224	240	383	218	243	393	224	236	382	224	242	390	222	240	396	225	241	394	222	242	392	222	242	217	207	206	214	204	204
204	204	212	209	209	391	224	238	394	223	238	403	226	238	391	223	242	400	219	242	408	221	243	403	219	238	406	225	241	212	202	201	212	204	204
204	205	207	204	209	460	229	255	475	230	256	485	229	253	472	231	256	478	228	254	488	227	263	488	225	256	487	230	253	210	204	203	204	205	204
200	204	202	205	209	1008	290	359	1073	287	369	1086	290	366	1080	286	368	1098	293	362	1096	290	368	1107	288	365	1099	287	369	212	200	202	204	204	205
203	201	205	206	205	616	241	291	647	246	287	657	244	292	656	249	294	643	246	284	660	245	289	654	246	290	662	245	292	210	202	211	205	202	204
204	203	208	206	210	582	242	281	607	243	283	605	244	291	613	242	283	592	247	283	611	241	283	614	230	286	603	242	285	215	202	203	206	202	205
199	205	211	206	210	432	225	254	442	225	247	439	230	248	450	226	246	440	224	249	445	224	248	445	225	248	446	229	251	207	205	204	205	200	202
202	204	208	207	213	594	243	284	628	241	287	619	243	284	618	244	284	627	241	285	624	245	288	622	243	280	623	241	283	213	202	205	210	203	202
205	203	214	207	213	478	236	259	498	227	266	484	232	261	500	232	258	494	228	261	489	230	263	497	232	263	495	235	261	214	200	202	216	205	204
205	206	210	207	210	368	221	236	386	217	242	386	219	240	379	221	239	379	220	237	368	222	237	390	225	238	380	216	239	214	207	204	210	200	204
202	207	207	204	206	402	217	244	419	222	244	418	224	243	415	224	245	408	227	247	410	222	245	418	220	245	407	229	249	209	208	205	209	205	207
205	202	214	207	215	461	230	256	479	230	255	477	231	261	475	230	253	478	227	255	489	232	252	469	229	259	488	232	257	213	203	207	210	203	201
201	200	202	204	209	351	219	233	371	219	232	366	216	235	373	216	233	373	217	233	367	218	235	370	218	240	373	221	237	207	200	204	203	200	199
200	199	208	208	206	367	219	237	373	219	232	376	216	237	371	217	239	372	222	240	376	219	236	375	218	239	378	219	236	203	202	204	205	202	203
201	206	213	208	215	450	229	252	468	227	253	464	231	258	470	226	255	469	224	256	470	227	250	464	233	255	475	230	255	214	199	206	216	203	200
202	203	219	208	212	382	218	236	389	221	239	390	220	237	395	220	237	391	221	239	385	221	241	386	219	238	399	223	238	220	200	209	220	202	206
202	203	210	210	207	337	212	230	349	212	230	346	219	231	350	221	232	347	215	228	349	214	233	350	216	232	351	214	228	211	202	205	204	202	203
204	201	212	206	206	363	217	240	379	218	234	369	218	237	383	220	231	378	220	237	377	220	239	377	216	241	376	219	237	212	203	206	209	202	204
199	205	215	211	211	347	215	228	353	220	229	352	214	235	353	218	238	357	216	235	356	219	234	354	213	231	352	216	233	217	206	207	219	205	208
203	207	204	207	209	331	221	232	336	216	230	340	215	226	339	218	225	338	212	231	339	214	229	341	212	234	337	222	229	208	201	202	201	200	209
206	202	201	203	210	341	217	227	353	218	230	347	212	232	350	217	228	343	218	230	354	212	230	348	222	232	357	215	232	207	197	204	208	203	198
199	200	206	205	208	349	216	233	364	217	230	346	220	231	352	221	233	358	218	232	358	217	232	365	217	234	359	220	234	210	201	199	206	204	203
201	200	204	205	211	364	219	233	370	220	233	370	220	234	372	221	243	366	212	232	368	216	234	369	215	236	369	223	234	205	206	200	208	202	201
201	200	208	209	210	378	220	234	386	217	239	389	219	245	385	218	237	387	221	235	381	219	235	390	220	239	387	220	239	205	203	201	204	201	204
206	202	212	206	210	398	225	241	406	222	246	403	222	243	398	222	247	398	221	244	412	220	239	415	221	242	410	226	242	209	201	204	207	203	203
202	206	204	206	211	382	218	228	395	221	240	398	223	242	380	222	237	391	222	238	388	222	237	393	224	240	390	221	241	204	204	206	204	200	205
203	204	207	206	211	394	222	237	410	222	238	407	225	238	403	222	241	412	223	240	411	221	244	410	222	242	411	224	244	206	204	207	208	198	204
205	204	208	206	213	378	220	239	388	216	232	389	218	244	389	217	243	391	218	234	384	215	241	388	220	235	391	221	240	212	202	204	208	203	205
206	203	205	207	204	382	221	239	394	221	238	396	221	238	393	221	237	399	224	238	395	221	235	393	220	241	394	222	239	207	203	203	201	203	202
200	202	205	207	208	381	222	236	403	219	243	397	224	234	399	226	242	400	220	239	404	221	241	408	223	239	396	224	245	209	200	198	211	209	207
202	202	201	207	209	399	225	240	407	224	242	411	225	244	420	224	245	418	220	242	409	228	244	413	223	242	415	227	242	203	200	203	203	198	201
203	201	211	211	208	457	227	257	470	231	249	463	229	253	469	228	252	467	227	254	467	224	256	467	229	253	471	230	250	209	202	202	210	201	201
203	202	208	204	211	394	217	244	403	228	236	399	221	237	396	224	246	400	222	242	400	222	242	405	219	240	398	221	234	211	202	202	209	203	206
202	204	210	202	210	453	229	256	470	226	251	469	223	257	459	227	259	466	231	252	472	229	254	466	226	257	468	230	253	211	201	203	210	206	203
204	206	205	207	212	571	237	272	570	239	279	580	238	275	581	242	277	582	237	275	582	237	275	583	243	275	580	239	280	212	198	204	208	206	201
201	203	211	207	211	458	225	253	464	229	252	470	224	250	477	228	253	467	228	249	467	229	254	465	224	260	459	227	263	209	202	204	208	206	208
204	203	223	208	213	448	225	255	464	229	253	470	229	253	470	229	258	464	229	250	467	224	253	472	232	255	468	229	258	220	205	204	222	199	207
202	204	207	206	209	381	220	242	401	220	242	400	221	237	393	219	242	392	223	241	401	222	240	399	221	240	396	222	241	207	204	198	204	201	202
206	202	207	208	214	799	257	323	836	265	329	815	265	324	819	263	321	820	260	318	828	262	321	830	259	319	824	262	319	205	198	196	203	197	206
209	203	206	212	210	652	251	294	678	252	297	671	254	294	678	253	294	673	248	297	684	246	297	679	249	299	672	249	290	204	201	204	202	201	204
205	201	206	205	210	466	230	260	491	229	257	495	231	254	491	228	257	483	231	258	483	224	255	498	231	255	490	225	260	214	204	205	212	204	205
203	200	206	208	210	411	220	248	426	231	244	431	223	247	437	225	247	425	226	250	437	222	245	427	222	243	434	218	244	208	204	201	201	203	200
203	204	203	201	208	377	220	236	401	223	244	393	223	240	397	220	241	400	223	246	393	220	240	397	221	240	395	223	240	207	199	202	201	201	203
203	204	208	205	212	369	219	236	374	217	239	373	222	234	376	220	238	376	214	236	368	223	230	378	220	238	379	218	233	210	200	206	206	205	203
200	201	203	205	213	565	237	276	592	236	283	589	241	276	586	240	273	589	245	274	586	236	274	594	241	274	583	238	277	209	206	200	205	201	206
203	203	211	212	215	682	251	302	722	250	299	708	252	304	701	254	297	706	251	298	719	251	303	716	253	303	703	249	300	217	202	203	212	200	208
204	199	205	206	212	588	242	273	610	245	282	611	238	279	601	242	280	609	241	278	605	242	280	597	239	282	600	241	286	208	204	203	202	201	202
206	203	203	201	207	404	224	242	414	224	240	413	223	239	421	222	239	417	224	240	410	223	242	408	219	240	407	220	247	205	203	197	208	199	201
202	198	208	207	212	382	223	237	400	223	242	401	222	238	400	214	241	397	219	239	396	219	240	390	223	242	399	217	239	203	204	205	206	201	202
204	207	221	208	211	571	240	282	597	242	280	592	240	283	596	241	281	597	242	273	588	240	281	595	236	272	596	244	277	222	206	209	216	206	205
205	201	205	204	217	471	230	251	482	230	256	481	231	257	476	226	260	480	223	255	496	235	253	479	231	258	478	231	253	211	202	203	207	204	204
199	202	205	203	204	370	216	232	384	217	235	381	218	235	383	223	236	381	214	239	387	220	242	381	218	237	385	218	235	207	203	202	200	201	201
205	204	209	206	209	338	214	232	357	219	231	349	215	231	349	219	229	355	218	229	345	213	230	350	215	230	353	214	231	208	202	201	208	200	207
201	204	210	206	209	386	222	245	406	217	243	402	222	239	389	223	244	401	220	242	407	221	241	409	221	248	402	216	239	207	204	201	204	202	200
202	202	207	208	209	529	233	273	553	236	269	542	237	268	553	238	271	550	236	270	549	233	267	557	240	269	546	233	275	209	202	203	208	203	203
203	203	211	208	210	412	223	244	414	222	243	421	223	238	416	228	247	419	224	243	421	220	246	428	224	242	423	223	246	213	205	203	208	208	200
201	207	229	210	214	385	219	235	389	218	240	388	218	239	386	225	235	393	221	237	391	221	241	399	226	236	385	218	242	227	202	204	224	206	207
204	204	207	206	210	408	227	243	425	224	241	422	222	244	414	222	249	420	227	248	421	229	245	422	225	241	425	224	242	209	201	199	208	201	201
203	206	203	206	210	405	220	246	422	224	248	425	221	247	425	224	243	418	218	242	425	224	251	417	226	248	422	220	248	209	201	201	198	203	204
207	212	248	211	216	402	224	242	405	222	242	415	226	247	418	221	244	414	220	241	409	221	243	412	227	241	416	223	247	249	202	208	249	209	211
206	219	274	209	219	396	226	242	403	224	236	395	221	239	397	220	234	399	224	240	397	222	241	401	223	241	404	217	238	270	210	214	273	207	217
202	203	213	209	209	316	214	226	318	215	228	319	213	223	320	216	225	323	213	221	322	211	224	321	216	228	324	213	225	208	206	197	212	203	205
203	210	230	210	211	380	218	234	384	219	238	388	221	237	387	220	235	394	221	236	388	216	237	387	221	235	383	213	235	230	202	209	228	204	207
204	205	226	209	213	476	227	255	482	227	253	478	227	260	489	227	262	482	230	260	490	234	256	478	226	264	484	230	260	223	202	204	228	203	201
208	201	212	204	206	330	216	226	337	217	225	337	216	226	345	214	228	336	214	233	342	216	230	340	216	227	338	214	228	219	204	204	208	202	204
200	203	202	206	204	312	211	226	313	209	224	314	209	226	313	211	224	310	213	225	313	212	226	317	212	225	310	214	229	211	199	201	207	205	202
198	200	204	209	207	393	223	245	399	224	240	401	219	242	401	223	241	400	223	247	398	222	244	400	218	237	402	221	242	204	201	203	205	203	204
204	202	204	209	209	342	219	229	347	216	232	353	218	228	353	217	233	354	218	229	358	211	231	353	218	232	352	220	227	207	196	199	207	206	206
201	205	207	204	211	328	217	225	340	216	224	334	214	226	331	215	232	331	216	225	330	219	223	335	216	228	331	215	230	204	201	202	212	203	204
199	203	203	204	204	350	220	231	349	214	233	352	218	231	353	218	232	353	219	234	360	218	228	357	214	234	365	214	235	205	198	203	209	205	206
205	201	207	205	208	305	214	222	315	215	225	312	216	228	319	212	220	315	217	223	314	210	225	315	214	225	317	209	224	204	200	205	206	204	200
201	206	212	203	206	299	208	219	303	208	223	308	210	223	301	210	222	298	208	219	306	212	218	301	209	221	302	213	221	211	197	201	208	196	204
202	204	210	203	202	389	224	240	392	219	241	388	220	241	386	220	237	391	220	236	386	220	237	383	222	236	389	222	235	209	203	199	208	203	205
203	201	206	202	205	333	216	229	333	215	233	347	215	233	345	215	231	347	213	229	346	212	227	351	214	232	341	212	229	206	201	202	209	202	203
204	201	205	201	209	305	209	227	310	214	220	309	212	220	311	211	222	305	209	229	311	208	221	311	211	224	313	214	222	210	205	202	210	202	200
205	204	210	207	210	335	216	227	340	211	229	346	215	230	338	217	228	338	212	228	341	220	229	343	217	226	346	212	227	215	205	201	211	203	201
200	204	206	205	205	329	210	222	330	217	228	329	213	227	334	213	230	333	216	230	324	218	229	324	217	227	329	214	230	210	200	202	204	205	203
201	202	203	203	210	502	234	263	504	230	258	497	231	263	506	230	258	499	232	260	511	227	261	508	232	262	494	233	262	211	204	200	206	201	205
203	204	208	207	208	615	242	283	632	249	283	626	241	285	625	242	290	617	246	285	623	248	283	631	244	288	629	243	284	211	199	203	206	199	205
203	200	209	207	211	374	221	245	393	217	234	386	219	236	381	221	238	382	223	237	376	222	240	393	216	240	388	216	237	209	202	201	205	203	203
201	203	204	206	209	431	223	247	439	226	245	434	225	243	440	222	246	436	223	246	438	226	253	430	225	248	440	224	252	208	200	205	206	204	202
203	202	205	201	210	384	219	240	389	226	236	392	218	236	386	218	241	394	220	236	390	219	235	381	220	236	388	221	242	205	201	205	202	202	204
202	206	209	204	208	457	227	250	466	232	253	463	226	254	462	224	252	462	229	250	468	228	252	465	229	256	456	230	255	211	198	205	205	202	205
202	201	203	205	213	398	220	241	400	222	238	391	218	240	397	222	239	394	224	237	396	221	240	395	222	238	402	225	241	214	204	201	207	202	205
200	205	202	209	206	315	210	228	321	212	224	319	214	229	315	216	225	318	209	225	322	213	220	323	215	226	319	212	227	202	212	200	204	204	202
202	205	209	201	208	297	213	223	302	211	224	298	212	222	303	210	223	309	211	221	309	210	224	308	212	223	302	212	223	203	202	204	204	199	202
201	202	206	203	208	336	214	231	343	214	230	343	220	228	352	216	229	352	217	228	350	216	232	346	217	235	348	214	230	209	201	205	208	203	202
205	204	212	208	209	342	216	231	361	217	232	358	219	233	364	214	233	355	215	236	357	216	230	359	219	232	359	218	231	211	201	204	216	203	205
203	206	216	206	206	385	219	242	387	222	241	390	221	236	391	221	239	385	222	235	397	223	235	389	218	238	387	219	238	215	205	203	211	202	204
202	205	201	204	207	377	214	239	389	221	245	382	219	238	387	221	236	374	219	236	382	219	236	383	217	236	379	218	244	206	200	203	203	203	205
201	202	209	207	208	379	216	239	385	218	238	390	218	239	387	221	237	386	221	234	385	220	237	386	218	235	380	224	243	213	207	201	206	205	201
200	202	205	206	206	412	221	244	418	226	241	413	225	238	414	223	244	415	225	247	419	224	246	414	223	241	419	224	247	207	200	200	199	206	202
199	204	218	208	221	1444	321	448	1500	327	447	1512	325	451	1521	330	451	1502	324	439	1527	326	445	1531	328	445	1529	325	432	216	203	206	215	202	205
203	205	204	207	214	1065	291	371	1109	289	371	1124	288	378	1115	290	378	1099	287	374	1122	288	379	1106	291	374	1114	288	381	206	201	202	204	201	204
202	200	213	205	212	666	250	297	688	250	294	702	251	303	704	251	294	699	251	297	699	249	297	704	249	296	691	248	302	213	203	203	212	200	206
200	203	205	206	211	555	240	271	575	238	273	585	239	275	573	242	275	582	238	275	582	236	277	578	240	273	583	240	275	209	202	202	208	201	202
205	202	207	208	205	341	219	235	358	220	231	358	213	231	356	217	233	355	214	236	354	215	234	358	216	226	356	215	228	204	202	202	206	200	201
201	201	203	206	205	295	209	218	299	212	219	295	211	221	297	213	219	295	210	218	297	211	220	291	210	218	296	212	218	207	201	203	204	200	200
200	201	203	203	206	318	212	225	322	209	230	330	219	222	332	214	229	322	210	223	329	213	228	332	216	226	331	216	223	204	202	200	204	201	203
200	206	205	205	213	489	226	260	499	230	265	510	236	260	515	227	259	497	231	263	493	231	261	504	228	259	507	234	256	206	201	200	198	204	203
203	201	203	203	205	785	261	315	821	260	316	818	262	312	807	259	325	812	257	319	815	265	317	819	260	321	816	261	319	207	202	202	208	203	202
204	203	207	206	208	651	244	291	683	249	297	678	248	297	678	248	301	685	247	294	693	252	293	688	243	296	688	249	294	206	202	203	205	201	201
201	201	211	207	208	390	218	242	416	219	246	408	220	244	408	223	238	415	224	244	423	221	239	409	219	244	410	226	241	215	201	205	215	206	204
199	201	201	202	208	380	218	238	389	223	240	392	218	236	389	223	238	392	225	240	391	220	238	400	219	239	394	220	236	206	201	200	204	198	201
203	204	208	206	207	406	225	243	414	226	246	413	224	240	410	221	243	406	217	245	412	220	243	408	220	242	412	222	247	205	200	205	207	204	204
205	204	206	202	205	357	214	232	365	216	234	369	219	232	374	216	235	377	218	235	373	221	229	371	220	233	377	219	237	209	206	199	208	202	202
202	206	201	203	207	795	258	322	850	263	326	853	266	328	851	264	325	842	262	321	863	264	332	855	264	326	864	265	328	207	203	196	206	198	202
204	202	223	204	209	511	231	266	513	233	266	534	233	261	528	230	266	521	235	261	529	232	265	523	233	263	517	238	267	226	202	208	222	204	209
204	203	206	206	208	323	213	227	329	214	230	331	216	226	336	218	227	329	215	230	333	219	230	406	225	244	419	225	242	289	206	219	288	207	221
197	202	211	203	205	299	216	222	313	213	223	308	212	221	312	216	224	308	211	221	309	210	224	308	213	226	312	214	224	213	203	204	211	203	203
204	203	217	205	211	432	223	247	448	228	252	448	231	251	455	229	252	445	223	250	448	222	250	451	222	256	452	225	250	222	203	208	223	203	204
200	202	206	205	205	389	215	239	400	216	238	392	218	238	401	221	241	398	218	239	394	218	238	393	226	237	396	222	239	209	202	203	206	205	207
198	203	207	204	206	298	212	220	303	209	223	304	212	220	300	214	222	300	213	223	310	210	222	303	214	222	306	214	222	207	202	201	200	203	208
199	201	204	203	206	397	222	246	417	224	241	414	223	243	419	224	240	421	224	243	411	218	240	421	222	244	423	222	244	207	204	201	203	206	198
199	199	201	206	205	383	222	240	406	219	247	399	220	238	394	222	237	398	223	236	393	221	230	397	221	242	399	222	240	206	203	202	204	202	201
199	201	205	204	201	324	214	224	334	213	230	336	212	224	329	211	230	335	213	229	332	218	229	333	214	227	333	212	228	204	203	206	204	202	202
197	201	204	205	203	303	212	219	306	215	222	309	209	221	304	212	223	312	215	222	303	209	221	310	214	222	312	212	221	204	206	202	204	199	200
203	203	208	204	207	314	213	224	305	215	223	312	211	224	311	209	225	311	215	221	311	209	220	319	212	222	311	209	227	214	205	204	210	200	200
202	206	220	206	210	350	216	230	354	217	230	361	219	233	354	214	231	354	220	229	357	215	233	353	216	234	358	213	232	222	206	209	218	205	206
199	203	201	207	209	420	220	244	439	222	246	445	224	250	437	224	247	438	226	247	444	222	247	424	223	250	436	221	251	203	199	206	199	201	198
199	203	213	206	206	438	226	250	455	224	250	450	228	251	460	225	251	454	227	254	459	224	252	449	223	253	453	229	254	215	202	204	211	203	205
202	200	207	204	204	314	212	222	317	214	222	313	217	220	317	209	221	312	214	224	320	215	228	321	214	227	316	212	224	207	202	201	201	203	202
205	203	211	203	208	281	210	219	283	213	217	289	211	219	291	210	218	290	210	217	287	210	223	292	209	217	288	207	220	210	202	200	205	202	204
202	200	208	205	200	266	205	212	272	207	217	276	211	218	273	207	215	272	206	219	267	208	216	267	208	217	272	208	215	210	198	202	208	200	202
202	202	210	208	205	273	211	223	275	209	213	280	210	215	279	211	217	276	209	216	279	208	221	278	212	220	277	212	216	212	206	202	212	202	206
197	203	219	204	209	294	210	222	296	209	221	306	217	212	294	210	226	287	209	221	299	207	216	299	209	217	300	212	218	215	198	203	213	201	201
203	196	206	200	203	321	213	227	324	213	225	320	215	227	326	212	225	322	215	227	326	213	222	332	213	223	325	216	226	205	201	201	204	200	205
203	199	211	204	207	312	212	224	322	213	227	325	215	222	320	212	228	323	212	226	329	218	221	320	214	228	313	213	224	212	205	205	210	202	199
197	204	203	199	208	312	214	223	322	214	221	317	211	227	327	214	222	316	214	227	320	213	225	318	215	224	322	209	226	202	204	205	204	203	205
203	204	221	205	208	332	214	230	346	217	228	341	216	235	344	216	230	343	213	230	345	214	230	342	210	229	337	214	227	224	203	205	224	201	206
200	205	209	208	208	410	222	243	432	219	243	416	222	241	424	224	246	429	224	244	424	221	244	422	225	242	420	226	244	208	200	202	208	202	203
204	201	207	204	211	603	243	287	628	250	289	632	241	281	617	238	282	621	247	287	628	242	285	624	242	285	620	238	284	209	204	198	205	201	204
202	205	211	206	206	362	217	234	367	217	239	365	220	238	367	221	233	365	217	236	368	217	234	358	212	238	368	215	237	212	199	200	209	201	206
201	203	206	205	201	296	210	222	305	213	222	308	209	218	307	211	225	304	212	219	303	213	223	301	209	220	308	209	223	208	205	205	204	202	202
203	202	210	204	205	281	213	219	289	205	220	290	212	215	291	212	219	283	208	217	287	210	216	293	211	214	293	211	215	206	202	201	208	201	202
204	203	219	206	207	302	214	220	311	214	217	309	209	228	310	210	221	309	213	224	308	210	222	314	210	224	312	208	223	225	205	203	220	201	206
199	203	203	206	204	294	209	221	296	209	223	303	211	222	295	210	220	296	211	223	299	209	221	302	212	222	307	206	221	209	202	201	205	200	200
202	201	202	204	207	308	211	222	317	217	224	319	210	222	322	215	227	318	210	223	327	214	222	317	214	224	325	213	230	205	209	199	205	201	208
201	203	207	200	206	294	212	215	305	213	222	311	211	223	306	212	221	303	213	223	309	211	224	304	208	224	310	212	222	213	203	205	207	200	204
203	201	203	207	204	273	214	215	273	208	216	277	208	213	274	209	218	279	208	215	277	211	219	274	210	212	276	213	216	204	203	207	203	202	197
200	202	205	204	201	267	210	212	276	205	215	263	208	216	267	206	217	272	209	213	277	207	216	269	211	211	277	209	214	205	203	202	204	203	203
204	203	205	206	204	267	210	215	269	204	211	265	208	213	264	210	214	271	207	212	273	207	211	269	205	214	272	205	213	205	201	205	204	199	203
203	198	200	204	206	268	210	213	263	207	210	271	210	214	271	207	211	267	208	215	267	208	211	271	206	215	271	206	208	201	198	202	203	200	202
202	205	214	202	210	314	213	223	320	217	229	330	213	224	317	212	218	321	209	227	323	214	225	321	215	224	327	216	224	216	201	203	212	200	205
204	206	208	208	203	285	209	217	284	212	215	291	212	220	290	210	217	291	213	217	283	209	217	291	206	217	285	214	221	211	203	202	208	202	208
205	202	208	208	213	699	253	302	735	252	299	724	249	301	731	250	305	731	252	295	739	253	302	743	248	306	733	256	304	210	207	203	205	203	202
202	204	210	211	211	618	241	293	636	237	283	640	246	288	649	244	288	633	244	284	648	245	285	649	245	289	647	241	287	213	204	205	209	204	201
201	207	210	203	209	368	219	237	391	222	239	394	218	236	385	224	237	383	215	236	395	224	235	384	220	238	399	225	240	215	207	201	210	206	204
202	205	214	206	207	286	206	213	291	212	221	289	210	220	286	210	219	289	214	216	282	207	218	284	209	219	290	206	217	210	202	206	217	207	207
204	202	209	202	205	303	212	221	313	214	227	301	210	223	311	214	224	304	210	220	307	212	220	303	209	222	308	207	222	209	204	201	211	198	205
199	200	208	203	206	308	211	226	308	210	225	320	215	223	312	208	222	309	215	220	310	212	221	310	215	225	314	215	224	207	201	197	207	203	201
202	196	205	195	203	260	206	213	263	204	209	262	207	212	261	206	211	256	206	210	262	203	209	268	210	207	257	204	212	203	200	202	203	204	202
201	207	196	205	202	246	205	214	248	209	210	253	204	212	248	203	208	250	205	209	250	207	213	249	206	211	252	203	210	199	201	201	199	204	199
205	207	243	211	209	557	237	273	593	238	275	592	237	273	586	240	274	588	242	273	589	236	277	594	241	276	597	243	276	244	201	213	243	210	208
199	204	209	204	205	541	231	269	575	236	274	569	235	273	566	235	273	574	238	274	575	238	270	568	236	276	580	240	276	210	203	204	213	200	203
204	205	206	201	206	356	216	238	376	219	236	363	220	235	370	217	233	364	215	234	367	216	232	365	220	235	371	219	232	205	202	206	206	200	204
205	204	221	204	206	337	212	227	341	219	229	342	216	227	350	217	230	348	214	234	348	215	227	349	215	230	350	216	232	219	202	203	219	203	202
208	206	222	206	205	426	221	248	434	226	246	442	225	247	440	225	252	439	222	244	445	221	245	442	222	247	446	225	249	227	206	206	230	205	206
201	198	202	205	204	433	221	245	439	228	247	448	228	249	448	226	250	452	225	247	446	225	247	444	225	253	443	226	250	206	203	202	203	203	199
201	206	200	200	207	293	210	216	302	215	218	302	214	224	308	211	218	299	213	223	304	213	219	300	211	223	302	215	218	205	203	202	205	202	203
197	200	204	204	204	252	206	215	261	208	213	261	208	212	265	208	211	262	208	213	259	209	210	258	206	209	260	208	214	206	200	200	204	203	200
201	200	206	206	207	266	206	214	269	207	212	277	207	216	269	206	218	266	208	213	269	211	216	267	206	213	268	209	215	206	203	204	203	202	206
203	201	213	202	203	264	206	218	272	212	211	269	209	215	266	209	216	270	209	210	266	204	213	268	204	212	267	208	212	207	201	206	214	200	204
201	205	203	205	203	255	210	211	251	208	210	258	206	215	257	209	212	256	204	216	254	201	212	251	206	212	259	207	218	205	202	201	201	203	204
204	206	209	204	214	618	245	285	654	240	289	654	243	285	636	242	288	631	243	285	649	240	287	641	238	284	640	237	281	211	204	200	206	202	201
201	202	209	209	212	711	255	312	747	252	315	751	255	308	743	255	309	748	254	308	757	254	306	756	246	304	736	251	315	208	207	205	215	199	201
198	201	208	205	204	372	217	241	391	224	235	391	217	236	390	219	238	385	221	237	389	223	238	386	217	233	382	219	231	210	200	201	206	201	208
203	204	206	200	208	266	209	218	272	211	216	272	209	212	271	203	216	270	204	215	275	207	214	273	211	215	268	206	217	209	200	203	205	200	204
204	202	208	204	202	249	205	206	247	207	208	253	207	213	252	203	215	252	206	210	247	201	207	244	207	207	251	207	214	210	204	209	209	201	205
201	203	215	204	202	246	208	209	244	208	211	247	208	208	245	206	211	249	204	211	248	207	218	246	203	212	246	206	214	215	202	205	213	201	205
202	205	227	205	209	260	212	215	254	210	214	261	208	214	260	208	211	258	207	212	260	205	213	262	208	213	265	207	215	225	206	207	224	206	208
203	210	231	201	210	276	205	210	273	205	216	277	204	216	275	209	214	281	210	213	276	206	217	274	212	212	274	209	216	238	206	211	231	206	207
205	204	206	204	204	256	208	209	256	207	210	261	201	211	258	208	216	258	208	211	258	208	211	259	209	211	261	211	209	208	202	201	207	202	202
205	208	243	204	214	284	207	216	280	211	214	282	212	217	283	210	215	284	209	221	284	211	215	285	214	219	287	212	220	246	202	208	241	206	210
201	210	236	206	208	276	207	217	278	211	213	275	210	215	279	209	215	278	210	218	280	205	217	275	207	217	274	208	217	236	203	209	237	206	211
199	202	205	200	206	268	208	215	274	208	213	268	208	219	268	212	217	276	208	216	273	206	217	270	208	214	264	206	212	204	198	202	204	205	200
201	202	205	204	206	516	233	264	535	234	267	540	236	262	532	233	268	543	233	268	532	234	269	543	234	265	537	236	266	207	201	198	205	198	206
202	202	204	209	203	472	229	264	493	232	257	493	227	255	496	235	259	495	231	256	489	232	260	504	231	256	499	236	257	208	200	201	201	201	199
202	200	208	201	207	416	222	248	433	221	245	429	221	249	431	226	243	435	227	243	437	227	246	432	223	247	430	228	244	204	201	207	205	198	203
204	203	201	204	202	294	211	221	298	212	220	297	211	218	295	210	220	296	209	221	295	215	220	289	206	218	297	210	217	204	202	200	204	201	200
201	200	212	208	204	259	205	211	256	208	215	269	205	214	269	207	213	263	210	212	265	207	213	261	207	211	265	219	210	211	203	200	215	204	204
197	194	209	204	204	248	204	208	254	205	212	261	209	211	250	209	215	260	212	206	250	209	207	258	192	213	252	205	211	207	204	202	205	204	204
201	199	207	202	202	263	205	215	271	203	210	270	209	214	264	212	210	268	206	213	266	206	212	267	206	214	273	203	214	202	201	199	203	201	201
202	206	199	205	210	465	223	256	465	227	254	469	226	250	468	222	258	461	226	253	463	221	255	459	228	250	463	231	254	201	201	200	202	198	202
202	196	202	203	203	369	217	233	379	219	233	379	217	233	376	221	233	366	220	232	378	218	229	366	216	232	383	213	234	206	205	202	201	202	201
200	204	211	205	214	650	243	290	674	243	291	673	248	288	678	250	293	661	247	289	672	240	294	666	247	292	668	250	294	212	203	202	211	200	199
207	206	223	214	228	2130	380	577	2222	390	558	2200	382	568	2215	383	579	2212	385	575	2206	383	570	2221	379	565	2204	389	562	229	202	204	228	206	204
203	204	207	204	210	746	263	301	761	256	312	772	253	312	775	260	314	763	257	317	758	253	306	762	255	314	764	252	314	214	199	207	209	201	202
198	201	212	204	207	384	218	243	392	225	244	403	223	241	397	220	242	401	219	240	403	223	239	392	218	237	400	221	237	211	203	204	208	200	201
200	209	198	200	204	282	213	212	288	209	215	285	212	214	286	210	215	284	209	224	286	212	213	283	211	216	288	209	213	203	202	202	201	203	204
199	201	205	203	205	256	208	216	264	209	214	260	209	209	258	210	215	258	211	213	264	204	217	261	207	210	258	207	213	206	203	202	202	197	201
196	198	206	203	207	248	207	219	259	210	216	261	204	215	261	209	213	255	208	217	259	207	213	257	205	211	261	205	213	204	205	203	200	202	205
200	204	211	204	209	571	238	280	591	244	275	589	239	281	585	236	275	592	240	276	586	238	274	588	237	277	578	239	278	211	198	206	210	200	200
201	205	212	206	207	489	232	261	501	232	260	500	234	256	502	231	264	503	222	265	498	229	256	502	228	257	513	233	262	211	198	203	212	199	204
202	201	204	202	202	315	214	226	329	212	227	325	212	224	321	215	226	332	215	225	327	214	222	319	211	221	321	212	229	206	202	203	204	201	206
201	201	208	204	205	291	210	220	289	211	215	290	209	222	296	207	217	289	211	218	292	209	214	287	212	216	293	213	217	208	201	202	209	197	205
205	201	204	209	215	1468	323	452	1542	322	441	1532	330	455	1540	319	453	1535	321	447	1527	322	442	1519	325	445	1520	320	444	208	202	203	205	204	202
200	199	202	201	205	705	249	308	728	256	308	731	251	304	726	253	303	732	255	299	717	257	297	717	252	301	721	251	303	202	207	200	203	199	199
204	208	212	205	206	384	218	241	391	218	240	394	222	240	393	222	241	400	216	234	387	219	241	402	219	238	393	218	242	218	202	202	214	202	203
200	202	207	202	205	253	202	215	256	208	211	259	209	211	259	208	212	254	207	214	254	205	212	254	206	213	255	203	208	203	200	201	205	202	201
202	199	202	203	202	301	212	223	310	210	220	304	210	221	304	210	223	312	211	221	304	213	219	305	212	221	305	213	226	198	205	201	202	200	198
204	202	204	201	203	266	209	216	270	205	221	275	206	212	272	209	216	278	209	209	275	207	214	276	207	215	273	212	213	207	201	206	207	201	204
203	202	199	200	200	260	208	213	266	207	214	265	209	215	259	204	215	267	209	216	257	207	219	263	206	213	267	209	213	206	204	202	201	200	201
203	203	208	200	206	252	205	211	257	201	208	252	208	217	252	208	213	252	205	204	248	207	213	254	210	210	254	207	211	210	199	202	205	195	202
200	201	207	205	202	409	224	238	421	222	245	417	219	244	421	223	244	411	224	245	405	224	244	412	226	241	413	222	243	208	207	203	208	199	201
202	203	202	205	202	343	216	231	338	216	229	352	215	230	351	213	229	348	215	233	349	216	233	346	218	227	348	214	224	201	202	203	201	202	204
203	205	204	202	202	277	207	216	281	210	217	281	209	217	278	208	213	286	210	215	280	207	215	287	209	218	279	210	220	203	201	205	200	202	206
201	203	209	205	200	246	204	212	246	205	210	248	204	211	244	203	207	247	204	210	250	204	209	244	205	209	237	204	211	208	204	200	206	200	204
199	197	204	202	203	235	201	212	235	206	207	231	200	208	231	203	209	231	204	210	235	203	205	234	203	209	233	207	205	206	202	198	207	202	202
200	203	211	206	206	240	203	211	246	207	209	244	207	209	247	206	210	242	206	214	245	209	211	241	209	209	238	206	207	210	205	204	212	201	201
200	202	205	202	205	292	209	223	295	207	221	298	212	220	293	207	220	297	211	216	293	212	219	304	213	220	294	215	219	206	203	203	206	199	204
199	203	208	200	206	264	203	215	264	210	212	268	204	215	269	212	214	261	209	211	262	205	213	260	208	213	260	205	212	207	202	204	203	201	202
202	202	209	206	206	262	206	211	260	207	215	265	206	207	259	207	217	263	208	213	259	208	214	262	210	216	262	206	214	209	200	201	210	205	199
202	202	213	205	206	265	209	212	266	210	212	262	209	211	260	207	214	265	199	212	263	205	216	268	208	211	268	213	215	213	203	207	214	205	200
213	222	296	211	222	353	217	228	351	217	228	348	219	231	357	214	227	350	212	230	356	217	231	351	213	229	350	212	230	299	209	225	303	214	217
204	199	199	202	201	241	202	208	247	204	207	245	205	210	244	211	209	244	206	206	244	206	210	244	210	212	245	204	211	202	200	199	200	201	200
202	200	206	202	207	376	219	237	389	215	238	386	218	233	383	218	234	384	220	235	386	220	238	384	218	233	379	217	238	202	203	200	206	196	208
200	203	211	203	206	565	233	276	576	238	272	570	237	274	570	238	274	576	239	275	577	234	272	572	233	272	580	239	273	213	201	200	211	204	202
204	202	205	203	202	334	214	230	345	216	225	342	215	227	338	208	219	333	214	228	340	222	231	340	213	225	341	216	228	204	203	203	206	203	205
207	200	209	201	204	265	208	213	264	211	211	269	206	217	259	209	215	267	204	216	265	209	209	269	207	209	264	210	216	205	201	200	209	199	202
201	206	216	201	205	270	209	210	277	213	210	272	208	214	271	203	213	272	204	217	274	207	214	269	205	214	268	207	215	213	201	200	218	200	203
201	205	203	200	200	289	212	219	292	214	219	292	211	220	291	211	220	297	212	218	298	209	218	293	204	220	291	210	218	204	204	204	209	200	205
200	208	207	203	206	250	208	213	253	211	210	257	205	209	261	209	216	258	207	212	254	205	213	255	208	209	254	208	210	208	204	202	210	203	202
201	202	210	205	210	244	209	208	244	204	210	248	203	210	247	208	208	249	210	208	250	206	208	246	206	213	254	209	208	211	203	202	210	198	203
200	204	208	202	205	306	215	223	311	208	225	307	212	227	311	207	224	309	215	225	304	217	226	311	214	224	312	209	221	211	202	204	206	201	195
204	199	199	204	205	450	222	249	456	224	251	453	221	251	451	227	251	460	227	249	453	222	249	463	232	250	453	225	254	204	198	198	202	198	200
202	202	207	204	206	558	234	270	562	239	272	562	234	276	557	239	280	557	235	271	565	237	275	569	236	269	560	234	271	207	200	202	210	201	202
201	202	209	207	215	1080	287	372	1134	288	386	1139	290	373	1137	287	369	1124	291	373	1132	287	378	1150	291	376	1130	287	380	204	203	202	204	204	203
204	202	215	212	225	2030	373	548	2091	377	559	2073	375	548	2125	374	557	2078	380	555	2100	376	550	2118	379	560	2074	376	550	215	203	201	213	200	203
197	201	207	206	207	779	257	321	820	261	322	829	259	315	810	260	322	796	255	319	809	259	317	806	261	325	813	260	323	205	204	202	207	201	200
200	203	202	202	207	417	220	244	429	221	248	418	225	243	418	227	244	419	221	247	424	226	244	418	224	237	421	221	246	199	198	202	201	195	200
200	207	208	199	205	305	211	222	305	213	224	311	210	221	307	211	219	312	216	216	311	210	222	318	211	218	306	207	223	210	207	201	211	202	203
201	200	209	197	198	301	213	224	308	214	219	307	213	221	305	211	220	306	212	218	306	212	222	305	212	224	294	217	223	207	203	201	210	202	201
202	204	205	206	204	361	219	235	371	214	233	369	216	236	371	218	232	366	221	234	370	215	237	365	219	235	370	220	232	202	202	201	203	205	198
205	209	244	206	213	327	217	224	332	215	225	330	211	227	328	215	231	336	217	228	331	217	228	331	213	225	335	219	229	250	209	215	245	203	212
202	196	201	200	203	244	204	212	247	206	209	243	204	211	249	204	210	244	203	210	247	203	211	245	208	211	241	202	209	201	202	200	201	201	199
198	202	204	203	198	243	209	211	243	200	210	247	207	209	241	205	212	243	212	209	240	204	215	245	206	212	252	205	205	205	203	202	205	199	200
205	205	202	197	206	254	210	209	256	203	215	250	208	213	254	205	209	256	208	210	251	211	214	250	207	210	250	208	210	203	201	203	203	205	200
201	207	205	200	201	283	211	226	303	209	220	304	209	223	306	212	221	306	213	220	309	212	219	300	211	222	310	211	223	206	198	203	202	200	201
202	200	204	204	208	941	271	352	984	273	348	967	273	339	960	276	348	970	274	347	960	275	349	972	271	342	968	275	347	206	200	205	205	202	199
203	200	206	229	257	4092	667	1171	4067	675	1168	4069	673	1163	4068	673	1187	4074	671	1166	4069	662	1170	4071	669	1176	4071	667	1193	214	203	198	206	202	204
204	198	193	218	239	3867	539	889	4165	535	899	4117	546	890	4138	545	890	4102	542	884	4141	536	880	4136	530	885	4097	539	886	207	202	196	198	200	200
202	200	206	212	219	1456	322	449	1549	327	456	1536	323	443	1529	324	456	1529	322	453	1540	325	445	1542	317	455	1528	322	443	203	203	198	202	202	204
199	203	203	206	206	522	235	271	550	234	272	541	235	271	535	232	273	541	232	270	535	234	267	548	233	267	536	232	267	208	201	198	207	202	204
202	202	206	202	203	280	206	216	287	208	216	288	208	217	287	207	220	286	206	219	290	208	219	283	209	218	279	211	220	204	199	203	200	201	204
200	202	205	202	202	241	204	208	248	200	212	249	203	210	248	205	210	247	208	207	245	203	215	245	205	206	248	204	212	205	201	204	208	200	200
200	206	213	200	203	249	204	211	250	202	216	249	210	211	252	208	214	251	208	210	252	203	211	251	209	211	252	205	211	213	200	206	216	204	202
202	205	218	206	205	254	206	212	256	206	215	257	210	215	259	209	212	258	207	210	256	207	213	256	204	210	256	207	216	223	203	206	221	203	210
202	207	222	207	209	266	204	210	267	209	208	268	209	210	267	206	216	265	211	211	266	205	212	270	207	215	268	208	215	224	205	203	224	202	206
200	203	209	202	205	265	210	212	263	205	212	265	205	216	261	208	208	273	209	211	267	209	217	261	204	216	261	212	216	212	202	206	212	205	205
202	200	201	203	203	249	206	211	245	203	212	253	206	213	247	206	209	252	204	211	244	207	210	247	206	210	244	203	210	207	204	200	198	200	203
202	201	216	203	204	280	211	214	277	209	213	276	204	219	281	208	216	280	209	215	278	209	214	280	208	210	271	207	218	208	199	207	216	207	205
207	207	239	209	215	573	240	284	599	237	283	600	242	281	607	240	289	600	243	278	606	241	273	590	243	282	595	241	282	238	202	206	238	204	207
198	199	207	249	300	4095	994	1869	4095	1023	1872	4095	1014	1861	4095	995	1866	4095	1004	1856	4095	1013	1855	4095	995	1880	4095	997	1873	222	201	201	199	200	202
202	203	204	222	241	4116	538	866	4114	539	904	4114	544	874	4114	531	894	4115	541	872	4114	536	885	4114	534	895	4114	528	871	214	201	195	207	201	200
201	199	206	209	215	1429	315	439	1486	324	444	1480	323	438	1480	323	440	1467	320	435	1480	318	432	1476	308	442	1474	321	440	207	201	200	202	200	200
203	200	207	202	204	440	226	247	452	225	253	457	224	247	452	224	252	449	227	246	448	227	251	450	222	253	456	225	251	205	199	201	210	199	205
201	204	207	203	204	270	207	213	268	212	212	268	210	221	268	208	214	275	208	216	277	207	215	272	210	216	276	207	211	205	199	202	208	202	203
203	201	207	201	205	242	206	205	247	207	209	247	203	207	243	207	214	249	205	209	243	203	208	244	204	213	241	208	210	208	205	203	202	204	199
203	202	204	201	203	235	207	207	235	206	206	234	204	210	236	208	211	238	205	202	236	207	210	237	206	210	238	204	208	200	203	200	201	201	197
201	203	207	203	206	238	206	212	243	208	208	242	204	212	242	206	215	246	204	211	239	200	208	239	202	206	244	201	209	207	203	201	204	202	198
203	206	204	203	206	375	222	238	383	217	238	386	222	232	385	220	237	385	222	235	385	215	238	393	215	236	382	220	240	205	200	202	206	202	201
200	201	208	212	227	2087	388	568	2198	390	566	2201	388	568	2195	383	576	2177	383	564	2202	377	567	2196	386	565	2194	384	570	208	202	201	205	203	199
201	199	205	207	213	901	271	340	927	273	345	927	273	341	933	276	337	932	271	340	925	272	342	921	268	345	937	271	341	204	200	204	203	201	203
201	206	223	206	208	483	228	258	500	229	261	492	228	261	498	231	256	501	227	256	493	229	259	495	227	261	497	230	255	232	204	204	230	203	207
202	204	205	204	202	265	209	213	268	204	208	263	210	218	264	212	212	267	208	212	265	203	215	266	206	211	272	206	213	208	203	203	208	200	203
201	207	204	199	204	260	210	211	262	205	215	267	209	213	266	209	212	259	209	218	261	209	213	267	205	215	271	206	216	207	199	200	200	199	201
201	198	204	199	206	461	236	257	493	232	257	488	227	256	496	231	259	488	229	263	499	231	258	494	229	257	500	229	255	208	201	201	203	202	203
203	217	227	203	207	339	215	227	347	217	234	348	217	228	351	219	229	349	219	230	343	214	230	354	214	227	346	216	235	228	204	203	233	202	210
200	204	202	203	204	260	206	209	259	208	213	263	207	210	264	209	212	262	207	217	263	206	215	266	205	213	269	201	214	208	200	202	206	203	204
203	199	204	195	203	227	201	207	229	203	205	227	204	205	228	203	207	233	200	205	227	207	211	234	208	207	229	204	207	200	203	204	203	201	205
197	202	200	205	204	221	203	207	223	204	209	229	201	207	228	204	205	230	203	205	223	205	205	223	198	205	225	199	208	203	203	205	205	204	200
202	207	208	203	204	221	205	206	223	203	209	227	208	205	217	202	206	228	202	207	224	204	204	223	199	209	225	202	203	203	203	203	202	198	201
199	203	204	202	204	228	202	205	225	203	208	226	208	205	231	202	204	232	208	208	228	203	208	229	203	209	233	201	214	205	201	202	202	203	207
196	200	206	198	205	235	203	207	228	201	209	231	203	210	237	205	205	231	200	208	235	206	209	234	205	208	236	202	208	205	201	199	208	194	203
205	200	207	201	205	240	203	209	248	202	208	246	202	208	247	204	211	245	204	211	248	205	208	244	207	207	244	206	207	209	205	202	210	201	198
204	201	211	205	206	252	207	210	253	205	212	250	208	211	253	209	211	250	208	216	255	207	211	255	206	212	250	207	212	211	201	204	210	201	204
203	206	208	208	206	241	206	211	249	211	214	246	208	212	248	204	210	248	205	208	244	206	214	250	207	213	252	205	210	207	201	203	206	205	200
203	207	219	204	205	277	208	218	278	210	218	278	208	215	277	205	219	279	210	218	293	209	222	273	211	220	277	210	216	220	209	206	221	204	205
195	203	208	203	208	306	206	218	308	217	222	309	214	218	306	212	225	316	213	219	309	212	225	306	216	222	305	214	220	205	203	201	206	204	204
203	204	203	195	203	262	210	216	273	191	217	270	208	214	271	208	215	266	210	216	269	208	212	269	205	217	274	205	218	210	202	203	208	202	203
202	204	202	201	209	256	205	211	261	205	212	256	206	208	260	208	210	256	207	212	265	202	215	261	206	210	253	204	211	202	201	205	202	202	198
201	201	201	201	202	248	206	210	246	203	210	245	204	208	247	207	212	247	207	209	248	203	211	247	204	206	246	203	210	201	200	201	203	204	202
203	201	203	206	203	252	209	211	256	205	210	257	209	215	254	205	213	249	205	211	256	207	213	254	208	209	255	205	211	207	200	202	203	201	200
198	203	203	206	216	1508	331	456	1573	334	446	1580	326	451	1562	329	457	1587	326	460	1559	325	456	1573	320	453	1566	328	453	204	200	199	204	200	202
203	200	203	208	222	1594	338	480	1648	339	480	1687	333	476	1655	344	483	1671	339	464	1660	340	481	1657	338	482	1654	336	471	205	201	201	199	202	200
200	197	204	203	205	661	250	291	674	250	291	675	247	295	683	251	293	685	247	292	673	250	299	671	250	290	670	247	297	205	202	198	204	203	205
204	203	214	205	206	422	223	244	422	223	245	425	221	251	427	220	245	418	225	247	428	222	239	433	225	246	420	225	244	216	203	204	218	204	207
201	203	206	200	206	265	203	213	274	208	218	268	211	214	270	205	215	272	210	218	269	205	220	266	210	214	267	208	218	209	201	207	213	198	208
201	200	205	204	203	259	206	214	257	202	216	262	210	211	259	207	206	259	208	217	261	207	211	253	208	215	255	205	213	208	204	202	212	202	203
203	203	206	207	215	1425	320	442	1499	314	435	1474	324	437	1482	320	435	1475	321	436	1480	317	438	1504	319	444	1465	321	440	211	198	201	206	205	202
205	203	206	218	231	3001	466	751	3137	475	748	3127	476	757	3136	472	749	3123	473	751	3129	465	753	3136	469	746	3124	474	752	215	203	204	207	204	201
200	204	223	210	217	1498	329	462	1573	327	455	1563	332	462	1553	330	459	1571	326	458	1581	324	457	1582	326	451	1573	326	458	224	204	207	225	205	205
201	196	199	201	205	651	249	296	683	245	292	689	247	293	675	247	291	682	244	297	675	250	301	669	249	292	681	245	297	196	199	203	196	202	201
203	201	198	208	202	365	217	232	373	214	230	372	217	234	376	219	236	368	216	234	365	217	234	370	216	228	366	216	230	198	202	201	200	198	203
202	207	213	196	205	287	213	218	306	212	217	299	209	214	299	212	219	305	210	219	296	210	216	301	213	223	298	209	222	211	198	201	213	204	204
200	204	200	204	203	258	209	216	260	212	212	264	206	215	259	208	215	265	206	209	260	208	210	257	206	216	266	207	215	205	197	201	203	203	204
200	201	216	198	206	269	209	219	275	208	214	281	208	212	276	206	215	274	211	219	268	211	210	270	206	217	273	207	219	219	199	204	218	201	202
202	205	208	201	205	286	212	215	294	209	222	292	211	218	301	210	220	300	209	219	292	207	220	299	211	218	297	211	219	209	201	205	212	201	204
201	203	214	204	204	404	225	240	403	222	241	406	217	243	411	220	245	407	224	244	409	220	245	404	221	245	411	223	241	211	202	206	211	198	206
203	202	204	214	230	3001	445	692	3163	453	702	3138	449	708	3143	449	701	3125	453	700	3136	449	713	3162	448	709	3118	449	709	213	202	207	207	202	202
203	203	208	292	408	4086	1824	3485	4089	1849	3512	4089	1870	3499	4089	1847	3513	4088	1856	3468	4089	1867	3470	4089	1839	3496	4088	1879	3508	251	201	203	207	200	202
199	201	210	256	328	4095	1117	2126	4096	1141	2130	4096	1130	2135	4096	1136	2124	4096	1133	2113	4096	1125	2123	4096	1122	2116	4096	1146	2128	235	202	202	212	202	203
202	203	211	217	240	4096	503	813	4086	510	829	4086	507	824	4088	503	822	4087	507	812	4086	500	805	4086	494	821	4087	507	816	223	200	202	214	200	202
202	202	209	213	220	1385	314	437	1487	319	432	1445	319	431	1477	316	440	1480	318	428	1466	315	440	1463	319	431	1475	322	449	209	200	202	208	198	201
203	201	202	203	204	364	216	232	367	216	233	367	214	234	364	218	231	368	212	232	369	218	232	364	217	235	366	221	236	204	198	204	202	204	205
204	207	223	206	209	281	209	216	279	207	214	277	208	215	276	210	220	282	210	218	276	210	218	284	211	213	281	207	217	222	201	204	224	204	205
202	202	203	201	204	245	205	210	247	204	212	247	205	213	248	206	210	248	206	211	248	206	209	251	206	210	245	202	209	202	197	199	205	200	200
199	202	211	204	205	253	206	214	249	206	214	246	208	215	254	207	208	251	206	210	253	205	209	253	210	213	253	208	210	208	203	205	212	200	207
202	200	207	202	202	230	204	205	239	207	207	229	206	206	235	199	205	232	207	208	230	205	210	234	207	206	228	201	212	201	197	203	206	205	202
202	204	207	199	201	227	206	201	228	204	206	231	202	204	229	206	207	227	200	207	230	204	206	226	199	209	224	204	207	199	199	200	198	200	203
202	207	215	203	208	234	206	213	236	207	208	233	202	206	231	208	208	230	207	208	229	201	210	238	207	206	232	202	210	215	201	203	215	204	207
202	202	207	202	202	231	206	209	232	202	201	229	207	203	236	204	207	231	202	211	226	201	209	229	206	210	230	203	202	209	203	202	210	200	203
200	201	199	199	201	223	206	205	220	205	208	220	203	203	223	205	204	224	204	203	217	204	207	223	204	205	224	207	208	207	201	204	203	199	200
206	214	246	207	211	261	207	211	264	210	215	266	208	214	264	205	212	266	211	215	265	205	212	261	212	213	270	206	213	246	206	211	244	206	209
199	203	211	204	204	255	205	210	252	205	215	255	207	212	258	208	213	253	209	214	255	208	209	254	206	216	251	208	212	218	199	208	214	199	205
198	202	207	205	213	1068	287	374	1136	288	376	1111	285	370	1124	286	378	1118	291	374	1122	290	380	1130	281	371	1128	284	370	207	201	203	209	200	201
199	199	202	207	207	649	243	292	677	248	292	676	244	297	670	240	293	675	250	286	675	245	295	676	251	295	672	251	297	201	204	204	200	197	201
201	202	215	200	202	374	219	239	390	218	239	388	217	238	382	216	236	381	218	238	390	217	240	377	218	243	382	218	237	211	205	201	212	207	205
203	206	207	201	202	286	208	220	291	207	219	299	208	217	292	211	218	292	212	215	292	208	220	293	210	220	290	208	217	205	200	202	206	202	203
205	204	205	203	205	235	203	206	233	205	205	230	205	207	234	205	207	238	204	206	236	207	204	233	205	206	231	204	207	209	197	202	212	201	202
200	200	203	199	204	223	200	209	227	203	205	226	203	207	223	206	210	225	205	208	224	204	209	225	202	202	230	201	205	206	200	202	203	201	200
198	208	208	202	200	227	201	209	228	202	203	225	205	205	227	202	209	226	201	205	228	204	209	226	201	208	223	206	202	211	205	204	206	202	200
203	205	201	201	205	227	202	204	222	205	203	224	205	207	225	200	207	223	193	206	228	205	207	223	204	207	226	202	206	207	198	206	204	203	199
204	206	212	203	208	229	206	205	230	207	207	229	205	211	236	203	209	229	202	205	228	203	201	231	202	207	229	203	210	214	202	205	211	202	205
203	202	207	202	204	224	201	208	228	199	204	221	206	206	224	206	207	222	204	207	230	201	206	224	202	205	223	202	205	208	203	202	207	201	202
202	206	210	201	202	223	203	209	226	205	208	223	204	204	224	204	203	225	205	210	230	205	206	223	206	209	220	205	206	208	200	203	209	203	200
206	198	206	200	201	226	204	202	224	202	202	220	201	205	224	201	209	229	204	203	221	203	205	224	204	204	221	205	206	204	199	201	207	201	203
200	206	205	199	202	230	207	207	233	206	207	236	204	209	237	200	213	231	206	209	233	199	206	229	205	202	233	205	210	201	202	203	201	201	204
203	205	207	203	206	258	208	213	257	201	213	255	202	213	260	207	217	257	210	210	255	210	211	251	210	210	258	208	213	212	199	202	206	206	203
197	202	209	207	209	859	265	331	894	265	337	894	265	342	911	265	332	896	270	334	909	268	335	893	266	337	901	266	334	210	199	204	205	204	202
203	204	216	207	217	1212	306	404	1286	307	411	1267	302	401	1278	302	410	1258	304	402	1286	302	406	1264	306	406	1265	303	409	215	206	205	212	205	203
204	204	221	218	234	3011	466	754	3161	472	761	3145	481	759	3138	464	755	3154	472	747	3135	469	754	3147	471	750	3135	470	754	232	204	207	224	204	207
203	198	200	210	219	1585	339	475	1693	342	473	1676	333	478	1659	335	477	1650	339	480	1654	343	469	1652	337	469	1667	337	478	205	205	197	201	202	199
201	200	204	205	209	719	254	304	770	251	307	763	254	310	755	253	310	758	255	304	748	252	307	754	253	314	752	258	316	211	205	202	209	200	202
200	199	204	206	207	471	230	260	486	229	258	485	234	256	492	228	251	488	230	254	476	230	255	481	229	258	490	232	252	200	202	200	203	201	202
199	203	209	203	203	262	206	214	267	207	216	265	205	214	262	206	214	270	210	216	263	209	215	268	207	215	269	210	216	212	204	204	211	201	203
200	204	204	201	202	221	205	206	224	205	205	223	204	203	223	200	207	219	205	204	221	202	204	218	205	202	221	202	203	203	199	203	202	201	201
201	203	200	197	199	212	202	203	218	202	203	214	202	203	216	203	207	213	200	202	219	206	204	219	206	206	218	205	201	201	201	203	200	202	206
206	199	205	203	204	222	200	206	223	203	202	222	203	206	218	203	206	226	203	206	226	201	206	221	203	204	222	205	203	207	199	204	206	204	199
204	202	199	205	202	214	200	202	215	201	204	217	207	201	217	201	203	210	202	204	217	204	206	220	200	201	219	200	203	201	201	198	199	202	206
199	205	206	201	206	306	213	220	315	214	226	316	210	227	311	216	228	313	210	222	315	215	222	311	211	222	314	210	222	208	200	194	210	199	199
201	204	213	203	208	863	268	337	895	265	334	893	264	343	887	263	331	883	268	327	897	267	330	885	258	330	891	267	334	215	200	205	216	199	204
203	205	212	196	202	398	224	240	419	220	246	413	224	249	411	220	241	403	221	243	415	218	240	411	225	244	407	223	243	209	200	208	206	200	204
205	200	206	198	206	305	216	221	310	208	225	321	211	220	308	212	219	314	212	217	313	212	223	310	212	216	310	216	219	209	204	198	204	201	202
207	209	251	210	211	293	209	220	298	213	219	309	211	220	297	214	219	303	208	221	303	210	218	303	209	217	300	211	220	250	205	212	246	209	210
201	205	210	205	202	225	202	207	222	203	207	223	205	207	221	202	206	226	200	205	227	201	203	223	206	204	221	202	205	212	202	206	213	201	203
203	207	223	205	205	229	205	209	231	203	206	233	203	206	232	208	210	226	204	207	232	206	202	233	211	207	230	202	209	221	205	201	221	204	208
200	203	206	203	205	213	199	202	216	205	205	219	199	204	213	202	203	216	200	209	215	206	202	217	199	201	213	201	204	207	197	199	210	201	200
202	203	205	200	200	214	203	206	211	204	199	215	204	206	209	204	204	210	204	203	214	206	200	211	202	205	213	203	200	204	199	204	201	201	202
206	211	223	200	208	251	208	215	256	208	215	248	206	213	257	201	213	257	204	213	260	201	209	261	206	215	255	202	213	222	204	205	223	203	207
198	203	207	202	206	228	206	209	235	206	208	229	204	206	237	203	208	229	205	206	230	201	207	230	208	209	232	199	209	207	200	201	209	204	201
201	199	203	197	206	226	202	209	232	204	200	231	206	207	230	203	205	217	203	208	224	203	206	225	191	207	228	202	205	203	201	199	199	203	204
202	206	224	207	209	238	203	206	239	206	209	240	209	209	244	208	209	240	206	210	236	205	212	237	207	208	243	206	206	218	202	206	229	200	206
206	204	213	201	204	224	199	204	219	202	209	220	201	203	222	202	207	225	205	203	225	205	204	221	204	204	222	206	207	212	205	204	212	203	204
198	202	204	207	204	214	201	203	214	202	204	214	198	200	214	203	203	217	202	204	215	203	204	219	203	202	219	206	205	204	200	199	203	202	203
204	205	205	200	202	262	207	214	268	207	213	267	209	217	269	206	219	272	206	214	269	211	222	264	205	213	270	208	213	210	204	203	210	205	200
199	205	214	206	203	279	209	215	284	210	217	281	208	217	284	211	220	284	206	219	284	208	216	285	207	219	283	205	223	205	202	205	212	202	200
200	200	206	202	203	242	206	209	241	205	212	242	208	207	239	206	206	245	205	206	243	206	208	238	205	209	241	206	209	204	202	201	206	205	199
202	201	204	201	198	226	203	205	227	204	208	225	207	205	226	201	211	226	205	209	227	205	204	226	206	208	227	203	208	207	201	200	201	201	202
199	200	205	205	204	218	207	202	215	202	204	217	201	203	224	200	203	217	200	206	223	207	206	217	203	206	216	202	210	204	200	205	202	200	202
203	203	211	201	202	218	201	202	221	205	204	217	204	206	219	207	205	219	200	206	216	200	206	222	205	202	219	208	206	208	210	199	214	199	200
201	200	209	199	203	214	202	202	214	202	203	215	204	206	213	202	208	217	203	208	218	198	205	218	201	207	220	201	203	209	204	202	207	204	205
202	199	200	202	200	212	202	198	211	201	200	205	201	200	206	201	206	212	201	200	214	198	203	206	200	204	207	198	200	199	200	196	201	204	203
203	200	204	199	200	210	199	206	210	205	200	214	202	201	210	204	202	210	199	201	215	204	202	210	203	199	208	202	204	205	205	201	205	201	203
202	206	206	203	205	219	206	204	216	196	207	218	204	206	216	200	204	218	204	203	220	187	201	217	202	203	221	200	203	206	200	203	207	202	204
201	200	202	201	198	227	203	205	226	200	208	229	204	208	227	204	202	226	204	208	228	203	203	229	205	206	230	203	207	203	202	197	202	200	201
202	201	208	207	202	218	201	202	220	202	202	218	204	207	219	202	203	216	203	205	216	204	205	218	203	207	216	207	207	203	203	199	204	202	205
202	206	204	202	202	221	201	205	211	203	207	214	200	205	215	206	205	215	205	206	219	205	205	214	202	205	216	203	205	207	199	200	204	206	204
200	200	207	203	200	215	197	202	221	200	202	214	202	202	210	203	202	214	203	208	215	202	206	216	205	202	217	204	206	207	202	200	208	198	204
200	205	209	203	203	217	203	207	213	203	206	215	205	201	212	204	204	211	196	204	217	202	205	218	200	204	216	201	202	202	198	203	204	200	200
199	200	206	202	201	212	205	204	212	204	200	213	201	202	214	202	201	212	206	203	212	205	203	212	203	203	211	202	204	208	203	201	206	204	203
201	202	205	206	203	210	205	206	211	201	202	208	203	202	210	198	204	212	202	202	210	208	204	210	205	205	209	202	206	204	199	206	204	204	204
201	199	204	197	201	207	201	202	207	195	203	209	200	201	209	199	203	206	201	202	204	202	199	206	201	202	203	201	205	203	201	202	200	202	202
209	202	205	197	204	213	202	205	214	206	199	211	200	204	217	205	205	213	204	204	215	201	205	215	204	205	213	202	202	208	199	203	204	198	200
201	199	203	200	200	216	202	203	217	201	199	216	203	202	214	203	209	214	202	203	215	204	204	212	202	202	217	201	204	202	201	200	203	202	205
201	205	204	207	206	218	203	207	219	206	204	225	205	204	219	208	206	218	201	206	217	203	205	220	209	207	216	201	204	211	202	203	216	202	204
200	201	207	200	201	208	205	203	218	202	205	213	201	202	208	204	205	210	200	199	210	204	202	208	203	205	207	202	206	203	195	199	202	203	202
199	201	206	203	203	214	202	205	212	200	204	213	201	202	209	201	201	209	205	202	213	200	201	210	201	202	208	200	201	203	201	199	204	200	203
200	205	209	201	202	213	205	207	217	203	203	216	204	205	216	204	202	219	205	207	220	202	205	217	204	202	215	200	203	216	207	200	213	200	203
201	204	222	203	204	224	205	206	228	204	208	223	201	210	224	204	212	229	206	209	225	203	206	220	204	202	220	202	204	221	203	208	226	205	203
204	202	216	203	201	215	199	209	219	203	204	221	200	205	220	202	204	219	206	201	220	205	200	224	194	208	215	202	203	213	200	205	214	205	201
202	201	206	204	201	208	201	204	212	200	195	209	199	206	208	203	199	211	199	204	209	201	204	211	204	201	209	202	204	206	202	199	209	204	200
203	204	204	200	201	208	204	201	211	202	203	208	205	201	210	205	202	207	202	201	209	200	202	205	201	202	208	204	203	207	202	201	202	205	202
206	209	222	205	204	227	205	205	225	206	205	225	206	208	230	199	205	225	203	206	231	204	205	217	207	207	228	202	207	226	205	204	225	203	208
202	204	201	198	199	206	205	202	206	201	204	207	200	201	205	199	201	206	201	199	206	200	202	205	204	204	207	203	200	201	204	200	199	206	200
202	203	196	201	202	203	200	203	201	200	202	202	202	202	199	203	201	206	200	203	205	198	202	205	205	203	207	201	199	198	198	201	202	203	201
197	197	200	208	202	209	199	202	208	202	202	207	209	202	209	197	205	211	203	204	213	199	204	211	204	204	206	202	201	208	200	207	202	201	198
200	201	203	200	200	208	204	199	208	201	200	206	203	203	205	204	203	210	200	203	205	197	199	205	204	203	207	200	199	204	198	199	201	206	204
199	203	211	203	205	220	194	204	217	205	204	217	200	206	218	205	203	215	201	206	216	204	205	218	202	204	217	200	207	218	204	203	214	199	203
202	200	207	201	198	211	205	201	209	211	203	213	199	206	211	197	200	210	203	206	213	202	202	216	203	202	214	204	200	206	203	204	203	203	205
198	198	197	197	201	210	209	201	207	200	204	207	197	205	207	202	205	208	199	205	208	203	203	211	200	202	210	190	205	203	202	201	202	203	200
205	204	228	203	208	235	204	203	235	205	205	235	206	211	234	207	209	234	204	208	237	209	208	239	203	209	232	204	208	231	203	206	230	203	208
197	199	206	206	202	204	203	204	208	200	203	210	204	201	205	205	201	205	205	203	209	198	206	203	201	202	201	204	198	201	201	202	206	203	204
196	203	205	203	202	208	200	202	209	203	203	209	200	205	211	205	203	210	201	200	208	201	202	197	199	207	210	203	203	205	200	202	201	203	202
204	207	226	204	203	231	208	208	233	205	207	233	208	203	231	207	203	231	203	208	225	206	204	237	207	208	231	201	209	229	202	207	228	201	206
200	204	210	198	203	222	203	209	225	201	204	226	204	207	221	204	205	223	201	204	221	199	204	222	206	210	223	205	206	210	205	204	213	203	204
200	202	208	202	202	225	203	210	222	200	203	225	203	208	217	207	205	221	208	208	229	201	207	226	202	208	222	206	206	208	205	205	203	201	201
201	204	201	204	201	215	202	201	211	200	206	215	204	201	213	206	205	216	199	205	214	202	206	212	200	205	209	206	203	203	201	196	196	200	197
200	203	204	203	202	213	204	205	215	199	205	217	202	204	216	203	207	217	201	202	218	205	206	215	202	203	213	200	204	201	200	202	204	204	201
201	203	207	203	202	222	206	206	232	202	208	223	203	207	232	206	207	227	210	207	226	206	207	224	203	205	228	204	202	204	201	202	211	204	202
201	202	212	200	208	376	221	231	385	219	235	385	215	236	382	219	236	386	220	238	386	217	240	383	217	240	382	220	237	208	202	205	204	204	202
199	204	204	210	218	1475	330	443	1509	319	455	1535	326	455	1537	327	453	1533	326	452	1532	326	452	1544	321	449	1535	322	454	210	205	200	203	202	197
204	203	212	206	210	889	259	334	921	270	342	911	271	342	934	269	338	917	274	336	924	272	343	921	268	340	911	271	337	210	202	205	214	202	207
198	202	202	202	206	582	241	284	594	235	282	603	239	281	601	238	278	597	243	277	602	239	279	587	242	274	611	237	282	203	200	201	203	200	204
199	202	209	201	205	440	223	251	447	221	251	450	230	248	446	218	250	440	222	249	445	224	248	446	219	249	452	221	248	211	198	203	207	201	203
199	204	213	204	204	309	210	224	313	211	219	317	213	225	313	214	220	309	214	223	313	215	223	313	216	230	316	209	222	208	203	207	215	194	203
198	202	208	198	201	225	205	207	225	201	207	227	199	204	229	205	206	226	206	205	225	206	204	224	203	205	223	202	206	209	198	201	206	204	203
202	201	218	201	205	222	209	209	221	203	206	227	206	205	223	206	206	225	203	207	229	204	205	225	204	205	221	200	205	213	203	203	215	203	202
202	204	205	201	198	226	204	205	216	205	206	218	199	199	221	198	200	220	205	206	222	206	204	221	208	204	219	203	202	201	204	201	205	200	205
201	206	217	205	207	230	206	204	233	206	203	235	210	207	232	202	209	232	202	209	235	205	205	232	203	206	234	206	209	217	204	205	221	203	206
201	204	207	203	203	228	202	207	232	202	206	225	203	207	229	205	208	230	204	208	231	203	205	228	203	204	229	206	206	206	199	201	206	201	201
202	198	211	203	205	402	224	241	420	224	244	408	223	237	410	218	241	406	220	243	414	222	243	409	222	243	416	216	240	208	201	202	212	206	203
200	203	204	202	206	352	215	232	355	220	233	357	217	233	355	219	229	352	217	229	354	212	229	349	219	234	350	214	230	202	203	202	204	198	204
204	206	213	203	205	297	209	220	299	213	221	303	212	220	303	203	225	301	210	218	302	206	220	301	211	220	298	211	222	213	201	201	213	203	204
199	204	207	197	204	253	208	213	264	206	213	259	206	209	260	211	210	261	209	211	262	204	212	259	211	216	263	202	213	205	202	200	202	200	200
205	203	204	203	190	240	211	198	242	205	211	244	205	205	237	207	209	243	207	207	245	205	211	241	202	207	247	206	210	209	202	206	209	202	201
198	206	204	204	203	211	201	203	213	204	200	209	201	202	210	201	200	207	202	200	206	203	202	210	204	205	209	201	205	200	202	200	204	200	201
198	199	207	199	201	210	202	202	212	203	203	216	202	207	211	202	205	212	205	204	208	195	205	211	204	204	213	202	201	207	202	201	208	199	201
202	204	209	204	199	214	204	202	215	202	201	216	200	203	214	204	203	213	204	204	218	202	204	217	202	204	216	200	203	207	202	202	204	202	204
199	201	202	200	202	212	202	207	210	201	203	210	201	203	213	201	199	211	201	201	206	206	201	209	206	200	209	201	205	202	198	201	205	198	201
203	206	204	200	198	204	198	206	204	201	206	208	201	203	205	200	201	202	205	203	206	202	200	208	201	203	204	202	202	202	201	202	203	200	203
203	207	208	200	202	209	203	204	210	201	203	209	205	204	207	200	201	207	202	205	210	202	204	209	201	200	206	203	201	205	202	206	209	204	204
203	200	199	202	201	203	205	204	208	201	201	208	200	203	203	202	203	211	202	204	205	203	206	208	202	202	205	201	202	203	200	189	202	201	202
200	201	202	197	202	205	204	202	203	201	202	203	201	202	202	200	202	205	198	196	205	201	202	201	203	203	204	204	198	202	201	206	199	199	203
199	197	196	200	200	207	197	204	209	202	203	211	203	203	210	201	207	213	202	206	211	204	202	211	201	203	211	203	201	201	197	202	202	201	205
200	201	203	197	206	209	206	199	215	199	204	212	200	205	213	204	201	214	204	204	208	203	207	208	202	203	208	203	198	202	203	197	206	201	201
202	202	212	203	204	215	205	203	215	202	204	213	204	207	219	204	207	220	202	203	223	203	202	221	202	204	217	203	205	208	200	203	212	204	203
201	206	210	203	203	219	205	205	220	204	200	214	204	202	215	205	204	219	200	207	210	204	205	217	203	201	217	201	202	212	203	205	210	204	203
204	206	202	197	204	207	204	205	212	203	202	208	200	205	209	205	205	208	200	203	206	205	201	205	204	200	211	200	200	206	199	204	204	201	203
204	202	210	205	203	211	201	206	212	203	205	215	201	203	216	201	204	215	203	203	215	200	201	211	199	206	216	200	205	210	203	207	211	204	203
207	208	215	202	205	228	202	207	223	201	208	228	205	204	223	204	206	225	203	204	218	201	204	219	207	203	222	203	205	217	205	207	220	206	207
201	201	206	203	204	207	202	201	212	203	204	215	201	201	213	206	207	214	203	200	207	203	199	210	200	205	214	202	203	211	201	201	208	202	205
208	200	207	199	202	202	200	203	203	205	204	207	204	200	209	199	199	205	202	203	208	200	202	205	201	206	203	203	203	203	201	201	204	202	201
206	207	229	206	203	233	204	207	234	203	208	232	203	208	233	205	207	231	202	207	235	203	208	231	203	205	234	202	205	232	201	210	232	202	208
200	203	199	201	205	206	207	198	208	205	200	204	201	204	206	200	207	205	202	209	205	202	200	207	203	199	205	204	203	208	199	203	203	201	202
203	203	207	201	204	210	204	201	210	204	198	210	201	202	208	198	205	206	203	199	208	208	203	215	197	201	214	200	206	208	201	200	209	202	202
196	204	207	201	204	207	195	202	206	201	204	208	201	203	204	201	204	203	199	201	208	202	202	207	204	200	204	203	206	207	203	197	205	203	204
199	202	205	201	203	208	200	205	201	201	203	208	203	201	206	202	203	204	206	204	210	205	201	210	203	204	207	195	204	209	199	200	208	205	205
201	202	208	207	201	212	201	201	209	205	206	215	205	202	213	201	208	211	203	205	210	202	203	210	204	202	216	205	201	206	200	206	209	202	204
202	204	211	198	202	212	202	204	212	200	203	213	205	203	212	201	200	209	207	204	211	203	202	209	202	202	208	200	206	208	199	204	208	202	201
197	201	203	202	202	200	198	199	201	201	196	207	201	206	203	204	201	208	203	197	205	201	202	201	198	201	207	202	201	204	208	200	202	199	202
201	201	206	201	204	203	201	204	210	200	203	208	204	201	210	201	201	213	204	201	211	203	206	211	205	204	206	203	200	210	203	204	207	204	205
204	204	196	201	202	202	196	202	201	201	201	203	202	202	203	204	199	204	201	200	202	202	203	200	199	199	199	201	203	198	201	203	184	202	204
198	200	215	203	205	216	199	206	217	205	204	218	205	202	212	206	202	220	208	200	217	201	205	214	199	206	214	205	203	212	202	209	217	201	204
203	204	210	203	201	208	197	202	211	202	201	209	201	203	212	205	203	210	202	202	210	203	200	206	202	205	209	204	201	201	202	202	204	202	202
201	203	207	205	201	214	200	207	211	201	205	206	201	205	212	201	203	206	205	202	207	201	204	211	201	205	210	202	202	205	201	200	211	201	198
202	203	210	201	207	208	202	201	211	200	207	211	198	203	210	202	206	208	203	203	212	202	204	210	201	203	211	203	204	209	203	202	212	201	201
203	201	206	201	203	212	202	200	211	200	200	206	205	201	206	201	204	210	206	201	211	201	198	210	199	205	207	205	200	203	203	197	204	202	201
200	202	206	197	201	206	201	201	207	198	200	209	203	204	205	204	201	209	203	204	206	202	199	207	205	197	210	202	202	207	201	203	206	200	204
197	202	202	204	202	205	200	201	209	203	202	205	205	202	206	200	202	205	203	202	206	202	206	210	206	204	205	200	200	204	205	202	204	201	205
197	204	208	202	204	206	202	202	210	204	202	214	205	203	204	201	200	204	208	204	212	200	201	210	202	201	212	204	204	205	201	203	206	205	205
205	203	206	205	200	209	203	206	211	203	201	210	200	201	208	204	205	206	200	201	204	200	202	209	197	205	210	206	202	207	199	203	209	198	200
204	204	207	196	203	207	202	202	209	203	202	210	202	202	210	202	203	209	198	200	207	201	201	209	204	202	209	203	200	206	203	204	208	200	199
203	199	202	202	206	201	200	201	204	204	205	202	200	202	208	201	201	209	199	205	209	203	203	205	200	203	203	198	207	200	201	202	202	204	204
200	203	203	202	200	218	204	208	218	200	208	221	199	208	219	205	201	214	205	204	213	200	204	214	202	207	215	201	205	205	200	202	201	206	200
203	205	214	205	206	274	207	216	273	208	213	268	209	215	266	211	212	277	207	215	273	211	216	271	207	215	269	209	213	213	203	204	211	204	204
207	199	211	198	202	262	206	213	263	207	215	258	205	213	258	205	212	266	204	206	256	206	211	259	206	216	264	205	212	212	200	200	210	204	202
203	203	206	202	208	243	204	208	241	205	209	244	204	210	245	204	208	240	203	210	245	207	210	242	204	210	242	201	206	207	200	204	205	205	199
202	199	206	203	201	235	205	206	226	206	208	230	206	206	234	205	205	229	208	211	231	203	204	234	201	211	228	203	205	202	201	206	202	203	200
204	204	212	202	201	224	205	210	221	204	207	226	203	205	223	205	207	225	207	203	225	204	207	223	202	208	228	204	208	216	201	203	214	204	204
205	207	209	203	203	208	205	199	208	204	205	210	201	201	211	202	202	210	201	205	209	205	203	213	198	205	212	201	209	211	204	203	210	202	207
203	205	224	205	204	227	205	205	222	203	205	226	201	204	227	204	207	221	206	204	226	202	204	224	201	204	224	202	204	222	198	209	221	201	207
203	205	213	202	203	213	204	207	214	202	208	216	201	208	220	200	198	215	208	202	212	202	205	215	197	202	210	202	204	211	205	206	209	205	207
203	201	208	203	202	210	200	200	205	204	203	208	204	202	209	205	202	205	204	203	206	197	203	209	202	201	210	200	201	205	200	201	208	203	201
196	201	218	201	204	217	206	204	215	203	200	217	202	207	222	205	205	217	203	204	218	204	202	216	202	204	219	201	206	209	203	206	218	202	206
200	205	206	206	200	206	203	201	205	202	199	202	200	203	204	201	204	210	201	201	204	201	203	201	202	205	204	199	202	204	202	201	207	197	199
202	201	205	205	202	211	204	202	207	205	206	207	204	200	211	197	203	207	202	199	205	204	205	208	200	202	213	199	203	210	203	205	207	203	199
200	200	208	200	202	218	206	206	213	209	202	211	206	209	212	203	204	210	204	206	210	199	207	212	204	203	208	205	201	210	199	201	212	204	202
201	204	204	202	205	212	206	205	209	200	202	208	202	203	206	203	203	209	203	204	209	201	200	212	200	200	208	202	204	201	200	199	205	197	203
202	188	205	198	204	207	205	202	211	190	203	207	200	199	210	204	201	205	199	199	205	201	202	212	203	205	207	198	202	205	201	202	201	201	197
202	204	214	201	203	219	205	205	213	205	204	214	203	202	215	204	206	219	201	206	219	204	200	213	205	206	212	201	204	211	205	205	209	206	203
206	203	221	203	205	218	199	204	226	202	206	223	203	206	226	199	203	221	205	204	222	206	205	224	205	206	222	203	205	221	204	204	221	202	201
204	203	210	200	201	210	200	204	205	198	203	208	198	200	211	202	201	209	203	203	210	203	199	208	201	203	208	200	200	207	202	203	208	203	201
204	202	218	201	201	215	203	203	216	196	203	219	206	205	215	201	203	214	205	202	217	204	205	218	200	202	219	203	206	218	207	202	218	206	204
203	203	207	205	200	210	203	201	208	204	204	207	203	206	209	204	200	206	202	205	205	203	203	208	202	200	209	200	202	209	201	200	207	202	201
202	200	213	206	202	207	202	201	203	204	200	206	205	201	204	204	201	207	204	198	206	199	202	208	202	203	204	203	203	206	202	199	208	206	201
201	205	214	200	206	217	202	201	217	205	205	218	204	204	214	200	204	215	202	205	215	202	205	211	205	205	219	207	201	218	204	204	216	202	208
204	202	205	204	206	213	200	205	209	200	202	210	207	206	211	204	203	208	199	205	212	205	203	212	196	203	218	197	206	205	199	204	208	206	202
202	201	200	198	201	201	201	202	199	203	202	202	201	202	203	202	201	203	201	201	205	202	201	201	199	199	199	203	205	199	200	201	201	199	203
201	202	201	207	203	211	198	204	215	203	200	206	202	209	210	200	203	212	200	204	213	202	206	215	199	202	211	203	201	211	204	202	212	200	203
202	205	205	201	203	208	199	203	206	204	203	207	201	205	208	203	199	209	202	203	209	202	202	209	203	200	207	203	200	205	203	201	203	204	205
201	202	215	201	202	211	204	204	214	199	200	212	203	206	212	203	203	211	201	201	212	205	204	209	203	201	215	203	204	210	200	202	211	202	203
204	200	209	201	204	212	203	202	210	200	205	210	205	200	212	204	202	211	203	202	205	202	200	204	201	201	208	201	201	213	197	202	207	203	202
205	204	208	200	202	208	199	198	207	200	206	210	197	203	205	206	205	207	204	205	208	201	204	206	202	204	205	206	201	208	199	205	207	200	201
202	202	210	202	199	208	206	205	210	204	202	208	203	201	210	205	202	211	207	198	209	203	202	204	202	203	206	198	201	208	203	198	211	201	204
202	201	212	203	204	209	202	204	210	201	203	210	199	203	213	205	206	211	202	201	210	205	202	209	203	204	209	206	202	204	205	206	210	201	204
204	202	208	201	204	203	202	200	208	202	206	212	203	202	206	202	203	208	204	200	206	204	203	209	201	204	209	199	204	206	203	203	205	200	202
204	201	213	203	204	213	202	201	209	204	199	214	205	200	215	203	202	213	200	199	213	200	204	213	201	204	212	204	204	214	198	203	210	203	202
199	204	205	203	198	204	202	202	205	203	199	205	201	200	207	200	201	205	206	205	203	199	200	207	205	199	208	203	203	202	202	202	200	203	199
\machine::top.usb650:setup:su_maj_r1
0
1
1
28.000000
\machine::top.usb650:setup:su_z1
0
1
1
-1.000000
\machine::top.usb650:setup:su_phi1
0
1
1
157.500000
\machine::top.usb650:setup:su_maj_r2
0
1
1
28.000000
\machine::top.usb650:setup:su_z2
0
1
1
1.000000
\machine::top.usb650:setup:su_phi2
0
1
1
157.500000
\machine::top.usb650:setup:su_ft
1
1
1
50mm, P1000-2-UV/VIS EOS00019, 727-733-2447
\machine::top.usb650:comments
1
1
1
relative to track.
\machine::top.usb650:framing:frm_int
0
1
35
100
200
1000
100
200
1000
100
200
1000
100
200
1000
100
200
1000
100
200
1000
100
200
1000
100
200
1000
100
200
1000
100
200
1000
100
200
1000
100
200
