\machine::top.usb650:setup:su_pixels
0
1
1
651
\machine::top.usb650:framing:frm_n
0
1
1
36
\machine::top.usb650:calib:wve_spec
0
1
651
350
351
352
353
354
355
356
357
358
359
360
361
362
363
364
365
366
367
368
369
370
371
372
373
374
375
376
377
378
379
380
381
382
383
384
385
386
387
388
389
390
391
392
393
394
395
396
397
398
399
400
401
402
403
404
405
406
407
408
409
410
411
412
413
414
415
416
417
418
419
420
421
422
423
424
425
426
427
428
429
430
431
432
433
434
435
436
437
438
439
440
441
442
443
444
445
446
447
448
449
450
451
452
453
454
455
456
457
458
459
460
461
462
463
464
465
466
467
468
469
470
471
472
473
474
475
476
477
478
479
480
481
482
483
484
485
486
487
488
489
490
491
492
493
494
495
496
497
498
499
500
501
502
503
504
505
506
507
508
509
510
511
512
513
514
515
516
517
518
519
520
521
522
523
524
525
526
527
528
529
530
531
532
533
534
535
536
537
538
539
540
541
542
543
544
545
546
547
548
549
550
551
552
553
554
555
556
557
558
559
560
561
562
563
564
565
566
567
568
569
570
571
572
573
574
575
576
577
578
579
580
581
582
583
584
585
586
587
588
589
590
591
592
593
594
595
596
597
598
599
600
601
602
603
604
605
606
607
608
609
610
611
612
613
614
615
616
617
618
619
620
621
622
623
624
625
626
627
628
629
630
631
632
633
634
635
636
637
638
639
640
641
642
643
644
645
646
647
648
649
650
651
652
653
654
655
656
657
658
659
660
661
662
663
664
665
666
667
668
669
670
671
672
673
674
675
676
677
678
679
680
681
682
683
684
685
686
687
688
689
690
691
692
693
694
695
696
697
698
699
700
701
702
703
704
705
706
707
708
709
710
711
712
713
714
715
716
717
718
719
720
721
722
723
724
725
726
727
728
729
730
731
732
733
734
735
736
737
738
739
740
741
742
743
744
745
746
747
748
749
750
751
752
753
754
755
756
757
758
759
760
761
762
763
764
765
766
767
768
769
770
771
772
773
774
775
776
777
778
779
780
781
782
783
784
785
786
787
788
789
790
791
792
793
794
795
796
797
798
799
800
801
802
803
804
805
806
807
808
809
810
811
812
813
814
815
816
817
818
819
820
821
822
823
824
825
826
827
828
829
830
831
832
833
834
835
836
837
838
839
840
841
842
843
844
845
846
847
848
849
850
851
852
853
854
855
856
857
858
859
860
861
862
863
864
865
866
867
868
869
870
871
872
873
874
875
876
877
878
879
880
881
882
883
884
885
886
887
888
889
890
891
892
893
894
895
896
897
898
899
900
901
902
903
904
905
906
907
908
909
910
911
912
913
914
915
916
917
918
919
920
921
922
923
924
925
926
927
928
929
930
931
932
933
934
935
936
937
938
939
940
941
942
943
944
945
946
947
948
949
950
951
952
953
954
955
956
957
958
959
960
961
962
963
964
965
966
967
968
969
970
971
972
973
974
975
976
977
978
979
980
981
982
983
984
985
986
987
988
989
990
991
992
993
994
995
996
997
998
999
1000
\machine::top.usb650:framing:frm_start
0
1
36
0.000000
0.218750
0.640625
2.703125
2.921875
3.343750
5.406250
5.609375
6.031250
8.093750
8.312500
8.734375
10.796875
11.015625
11.437500
13.484375
13.703125
14.125000
16.187500
16.406250
16.828125
18.890625
19.109375
19.531250
21.593750
21.812500
22.234375
24.281250
24.500000
24.921875
26.984375
27.203125
27.625000
29.687500
29.890625
30.312500
\machine::top.usb650:raw_spectra
0
2
651
36
200	197	201	199	200	203	197	200	207	196	199	203	201	199	201	197	197	206	199	203	201	199	200	200	202	196	203	197	201	201	193	197	203	198	203	201
204	200	205	201	204	209	197	198	210	199	199	206	196	199	212	197	206	212	202	201	212	194	200	211	202	199	206	198	202	208	201	200	211	199	203	211
195	198	202	198	201	206	197	198	206	203	199	204	200	201	197	200	200	203	200	197	202	201	203	206	199	200	201	199	199	200	200	195	201	199	202	198
200	201	202	199	197	203	198	201	204	199	198	206	200	197	202	199	203	204	201	205	202	201	201	206	199	198	204	197	203	201	202	200	204	201	199	201
201	201	208	201	200	207	200	198	210	202	202	210	201	201	208	202	200	209	205	201	210	198	202	211	203	203	214	202	200	200	204	198	205	202	200	205
203	204	210	201	200	221	201	202	215	203	202	213	204	200	218	203	200	214	205	204	220	199	205	212	200	198	215	204	204	213	200	204	210	203	204	210
199	202	206	199	201	206	199	206	214	201	202	211	202	201	215	199	201	217	202	202	213	201	199	213	201	200	211	202	202	212	201	203	207	199	202	208
201	198	200	199	200	202	198	204	208	202	197	201	202	200	204	199	203	204	204	201	203	200	199	208	198	202	206	200	202	203	202	198	200	194	199	201
193	199	218	202	202	224	204	204	221	200	206	222	201	207	220	200	207	224	203	205	223	200	206	226	200	204	225	200	204	216	202	204	216	202	204	216
200	200	195	200	195	211	201	200	210	199	200	208	200	205	208	205	208	211	202	202	208	200	203	211	202	203	210	207	204	204	199	201	201	199	199	201
202	204	205	203	199	215	206	203	214	202	203	211	200	204	208	199	203	212	198	201	212	202	207	209	198	202	213	200	198	202	202	201	201	201	200	206
201	201	202	201	202	207	201	204	210	202	201	208	202	201	209	201	203	205	200	203	208	202	200	209	200	200	210	201	202	196	201	202	198	205	203	205
202	206	216	203	204	227	203	203	225	202	207	223	203	206	224	200	205	224	200	207	226	207	205	226	204	209	225	201	204	220	203	203	217	202	206	219
197	202	202	203	198	204	201	200	204	200	202	209	201	202	203	200	201	207	201	201	206	202	201	207	199	203	206	204	201	200	199	203	200	199	199	203
204	206	212	197	203	225	202	203	219	205	207	220	201	204	225	201	207	225	203	209	217	205	206	223	200	203	216	206	204	218	202	201	212	202	202	216
203	200	204	205	204	209	202	203	213	200	200	212	199	202	214	202	202	213	199	200	214	204	202	211	203	200	210	203	206	207	203	200	206	202	201	204
203	201	203	201	199	208	203	202	213	201	203	210	202	200	211	199	202	209	198	200	207	195	203	211	203	206	212	199	203	202	202	201	206	201	202	201
200	205	202	204	200	210	202	203	210	205	201	213	202	201	211	201	203	210	201	206	211	201	204	207	200	205	208	203	203	202	204	201	203	199	200	204
200	201	199	198	201	211	204	201	207	203	201	209	199	203	206	190	200	211	203	202	210	200	201	208	198	199	207	200	200	206	201	200	207	201	202	204
200	201	202	202	201	212	201	201	213	201	202	215	205	203	212	200	206	210	201	200	212	201	205	210	204	205	215	201	200	207	201	203	202	201	203	203
204	202	206	203	204	212	203	205	217	205	198	215	204	200	210	203	205	216	203	204	219	202	205	212	201	201	213	204	201	204	196	202	206	197	199	203
203	202	201	197	205	212	198	205	213	199	202	210	201	200	209	203	207	210	200	202	214	202	202	216	202	205	215	206	199	200	199	199	198	200	203	201
203	205	206	200	200	222	204	202	226	200	205	224	203	211	224	207	204	222	205	207	225	202	206	228	203	205	223	203	201	206	201	200	212	202	202	209
197	204	204	202	199	224	204	206	220	200	204	223	203	206	224	207	203	224	204	202	225	202	208	224	203	202	221	201	201	210	205	203	205	201	200	209
202	206	208	203	201	218	202	208	217	205	205	223	204	203	221	205	206	216	207	207	221	203	206	218	204	206	226	205	205	209	201	202	210	204	201	215
205	206	224	202	206	238	205	209	241	204	208	240	204	205	236	207	208	236	204	211	238	202	212	239	204	210	237	202	209	224	204	206	225	208	201	221
205	201	203	204	200	226	201	206	220	200	201	224	206	211	224	205	207	224	204	202	223	201	205	227	207	205	224	200	203	204	203	205	204	204	199	200
200	199	209	203	202	227	204	210	223	200	207	233	202	205	230	194	209	232	206	205	231	205	207	233	205	205	229	202	207	207	201	200	206	197	200	205
204	208	224	204	205	245	205	210	249	205	210	251	207	209	247	205	209	248	206	206	246	205	208	248	207	212	252	208	212	222	202	203	225	203	208	223
200	202	206	188	202	227	203	209	235	205	211	232	203	206	229	203	206	230	203	202	230	203	208	235	206	206	232	209	204	207	203	206	206	201	204	206
200	202	208	204	205	237	202	209	237	204	206	241	207	212	244	204	208	236	206	209	242	210	209	241	208	206	242	208	207	205	202	205	207	202	202	205
205	203	208	202	206	237	205	208	238	204	208	236	205	210	238	206	211	242	201	210	237	205	210	240	207	212	238	205	208	203	205	199	203	200	205	207
199	200	210	202	207	251	205	212	251	207	214	253	209	210	248	203	213	251	207	212	249	205	212	254	206	210	249	205	207	207	200	200	206	205	207	206
207	203	220	209	205	277	212	216	270	210	218	272	211	219	265	212	216	272	208	214	274	207	218	273	207	209	272	205	213	217	200	202	212	204	206	214
204	202	203	203	204	280	209	217	280	210	215	277	209	218	277	210	218	272	213	220	276	212	215	277	210	213	280	208	209	203	204	196	203	202	204	205
200	203	212	202	207	284	212	219	284	198	222	287	211	219	287	211	217	284	213	217	282	210	215	284	213	217	287	212	206	208	203	204	205	203	205	208
202	202	211	205	208	288	207	226	284	210	217	280	210	219	284	210	218	282	209	218	282	206	219	290	212	215	282	212	208	203	199	204	201	201	200	204
200	205	212	202	203	291	212	220	294	215	217	294	207	214	288	210	218	287	211	218	291	208	218	294	213	220	290	214	209	210	201	203	208	202	203	209
200	204	204	192	204	256	207	214	257	212	213	260	207	216	263	212	213	261	207	213	261	208	215	262	205	212	261	209	207	204	202	200	201	204	199	203
204	201	204	202	205	239	207	209	238	206	209	235	202	211	242	209	212	240	207	209	244	209	208	239	205	207	237	206	205	200	200	207	197	199	200	202
203	201	210	202	205	238	206	210	234	211	209	231	204	213	237	204	209	238	205	210	238	206	211	239	209	211	236	209	204	201	202	200	205	204	206	202
206	203	209	203	204	243	201	211	243	208	212	247	207	214	244	211	215	244	210	210	250	204	209	246	204	208	247	206	206	206	200	202	205	201	201	207
198	200	204	201	203	258	213	214	262	209	209	262	209	213	261	208	214	261	207	214	266	208	214	262	208	218	260	209	208	202	203	204	203	199	206	207
205	207	208	199	205	262	211	211	267	205	218	270	205	215	267	208	217	270	211	209	269	209	213	265	208	214	271	210	211	204	200	199	203	201	206	201
204	200	218	204	206	298	212	221	298	210	223	302	213	220	297	209	223	300	210	220	295	208	221	300	207	222	302	213	211	211	208	206	210	203	205	211
205	203	205	203	203	263	206	213	262	206	213	268	203	214	269	206	218	262	205	214	260	208	216	264	206	215	262	208	208	204	201	202	203	198	206	206
203	202	204	206	203	252	208	210	251	205	212	254	205	213	256	209	212	256	205	215	255	207	213	251	207	214	253	206	206	205	201	205	201	205	202	203
206	203	209	198	205	244	206	212	246	207	212	246	208	207	249	206	212	245	207	209	251	208	206	253	211	209	250	208	206	206	202	202	206	204	204	204
201	204	203	206	204	240	205	210	243	212	213	239	208	209	244	204	211	241	206	212	248	203	213	243	209	209	249	207	208	201	205	200	200	204	206	198
204	206	210	203	202	259	209	209	257	208	217	260	210	214	257	204	217	253	210	214	260	207	216	259	207	214	254	205	206	205	202	202	206	200	205	210
206	202	208	202	209	296	213	221	300	218	220	295	209	219	301	210	222	295	212	224	292	209	220	295	209	219	306	214	212	198	201	202	204	202	208	205
201	205	204	202	207	316	212	219	315	212	228	321	212	226	326	218	227	321	216	226	327	213	227	326	217	230	327	213	215	202	205	204	204	202	204	201
203	199	210	203	209	296	216	219	308	208	224	315	214	224	301	214	221	304	212	223	300	217	221	305	212	221	305	212	211	206	203	203	209	202	203	204
201	203	210	204	208	349	223	232	366	216	234	358	218	234	363	223	234	355	213	235	352	221	235	357	216	229	361	221	218	209	200	206	208	202	203	211
203	206	211	203	208	388	224	240	393	221	243	392	220	235	392	219	239	392	217	236	392	221	237	393	223	247	398	217	220	208	199	201	209	203	201	210
201	203	212	205	206	325	213	226	328	213	225	325	212	226	322	213	224	328	212	226	323	212	225	330	215	225	326	217	216	206	202	208	210	203	203	211
201	203	207	201	205	345	217	233	349	217	234	350	215	232	362	218	231	352	224	238	358	218	229	356	220	233	360	216	217	204	200	200	203	206	200	205
200	199	206	204	207	384	222	239	397	220	238	397	220	240	393	223	240	389	223	239	390	219	238	387	222	241	393	221	220	203	204	204	207	202	203	205
203	201	208	199	206	314	214	223	314	213	224	307	213	223	315	214	224	305	214	224	310	211	229	309	214	219	316	215	209	204	203	196	204	207	200	205
204	205	207	207	208	314	214	220	312	214	222	314	208	227	305	211	221	309	213	223	314	210	226	308	213	227	315	215	213	210	203	204	196	206	204	211
203	201	205	203	202	317	211	227	315	213	223	320	211	224	320	211	221	318	212	225	316	213	222	322	213	228	312	214	212	202	202	205	202	204	203	200
202	201	203	202	205	276	211	217	270	212	217	274	210	218	278	207	217	276	206	218	274	211	216	278	209	218	278	207	208	200	205	204	203	202	203	203
204	203	201	206	207	302	213	225	294	211	220	305	211	224	306	213	222	298	212	222	300	211	224	307	212	225	298	211	213	210	201	202	203	201	199	211
201	204	205	203	208	303	209	223	300	212	222	300	212	219	295	210	219	296	211	221	298	219	224	297	213	223	298	211	211	207	200	199	209	202	204	212
205	202	209	203	201	286	210	217	285	214	221	289	207	222	291	214	219	290	213	218	294	210	219	291	212	218	291	208	214	204	207	202	206	202	207	203
201	204	212	203	214	596	241	281	598	242	282	600	240	283	613	242	282	597	242	281	610	243	281	596	239	279	605	244	246	213	201	201	212	201	203	212
204	204	214	205	211	471	227	253	483	228	259	478	230	257	481	229	259	477	232	256	478	225	253	479	226	261	476	229	232	206	200	203	211	204	205	209
206	202	216	200	205	357	220	236	364	219	236	374	219	236	367	222	239	362	224	228	365	218	235	364	217	236	374	216	217	212	201	204	209	202	204	211
203	203	213	203	211	492	231	258	499	235	267	509	228	262	499	228	261	503	228	263	499	227	255	491	233	265	494	227	235	213	203	203	212	205	206	212
201	206	218	205	224	1074	287	370	1093	286	377	1096	293	370	1070	284	370	1086	287	373	1086	292	372	1077	283	366	1081	281	290	209	198	199	212	203	204	207
207	210	213	204	215	707	255	301	736	255	311	732	256	303	735	256	303	730	250	303	725	255	308	718	250	309	724	248	256	212	205	203	211	204	203	213
204	200	203	202	207	377	220	237	375	223	240	385	220	241	375	221	242	388	221	236	375	216	235	384	219	233	381	221	217	207	203	204	208	202	200	208
206	204	211	209	208	421	225	247	427	228	248	425	226	240	425	227	245	428	227	246	422	223	243	435	222	245	432	224	224	209	204	204	208	204	203	203
199	206	212	214	211	357	216	233	360	215	234	361	218	232	354	213	233	368	220	237	362	220	231	364	213	234	362	216	216	203	201	204	208	204	203	205
200	202	208	209	206	328	216	225	327	215	224	335	217	224	333	216	228	331	215	230	331	211	230	326	217	226	329	215	218	206	204	202	203	205	207	205
205	207	218	208	221	720	257	308	742	254	307	755	257	304	751	250	309	750	258	303	745	251	311	736	252	307	744	254	256	208	200	206	206	202	203	202
204	202	217	210	218	895	266	347	914	274	344	925	272	345	931	271	344	939	281	347	925	273	345	921	277	343	930	271	276	203	205	205	202	202	202	201
207	208	238	207	220	790	264	323	818	270	322	836	266	317	825	261	320	830	265	328	828	261	330	826	267	333	828	258	263	226	204	209	226	203	206	228
203	206	213	207	209	465	226	257	471	230	253	478	227	254	464	228	255	474	220	250	470	229	257	472	231	256	470	231	228	206	204	203	205	198	208	208
203	206	210	205	211	496	232	257	511	235	261	505	233	265	502	231	264	503	231	258	506	228	263	498	226	259	507	235	228	207	201	204	204	201	206	207
202	208	209	208	205	432	229	248	445	223	247	447	231	249	447	227	250	441	226	252	450	226	248	444	226	252	450	229	228	203	204	204	205	199	203	204
204	199	206	206	211	342	220	231	345	220	240	350	215	227	347	224	227	353	218	232	345	219	230	347	216	230	351	216	217	203	203	206	203	206	204	202
204	210	237	209	216	512	230	263	525	233	265	523	234	268	532	235	264	529	233	271	526	236	267	529	237	264	527	233	237	231	206	209	233	208	206	235
205	204	224	206	218	699	251	306	727	254	306	734	253	304	722	255	306	722	254	305	732	256	303	719	253	308	725	255	249	215	204	206	216	203	205	215
203	201	226	205	233	1891	361	521	2004	358	532	2010	362	532	2007	364	539	2002	369	530	2026	367	538	2024	361	542	2039	365	342	214	205	204	209	202	207	212
209	205	215	207	207	1020	284	373	1059	290	374	1086	294	371	1066	283	370	1079	288	366	1087	289	368	1079	278	369	1083	286	279	209	201	204	210	201	207	205
206	204	220	207	210	609	247	285	631	251	291	640	245	280	629	245	284	633	250	286	644	242	288	637	245	291	643	243	242	215	205	205	215	202	205	214
208	211	243	208	215	532	239	265	551	236	269	560	239	266	560	237	270	551	242	272	554	232	273	550	232	273	558	236	241	241	207	211	242	206	209	241
205	204	216	199	208	392	217	241	401	224	243	404	226	236	406	218	242	404	226	244	402	223	248	415	220	238	412	218	222	208	201	204	206	206	202	210
205	202	212	205	211	551	238	273	580	243	277	580	238	276	574	237	286	583	245	271	585	235	275	574	236	280	589	241	239	204	203	203	205	205	201	202
200	202	214	206	209	463	232	258	484	233	255	486	227	260	486	230	259	491	234	257	488	232	256	490	232	261	483	227	225	208	204	207	206	201	205	208
202	206	217	203	214	476	226	254	468	231	258	477	231	253	485	230	259	480	231	257	484	227	259	478	229	260	485	226	227	211	203	211	211	205	201	211
200	207	210	208	216	1137	289	382	1189	294	391	1198	290	386	1183	293	390	1178	300	396	1209	298	385	1176	291	398	1189	298	284	205	205	202	203	202	204	206
200	205	213	207	210	634	252	298	667	251	295	675	248	297	673	244	302	673	248	290	663	252	295	674	242	298	675	247	244	206	201	204	204	204	199	204
202	204	206	204	208	372	221	234	388	223	239	388	220	237	390	222	237	387	221	239	386	221	243	391	221	239	395	221	220	204	204	201	198	205	198	203
199	204	206	205	204	286	210	223	289	210	220	295	213	215	295	212	220	299	212	221	287	209	216	299	210	221	292	210	212	208	206	204	205	202	206	208
204	205	215	207	207	286	213	222	295	213	221	290	211	219	289	212	221	294	210	222	291	209	218	288	207	220	289	210	218	213	200	205	211	203	205	214
203	203	214	207	209	356	218	232	358	219	233	361	220	232	360	217	231	355	220	234	360	216	233	360	217	232	368	222	216	207	205	206	206	203	206	202
203	203	207	203	210	334	216	225	337	216	229	342	217	232	339	213	228	339	214	230	341	214	234	343	217	227	342	212	214	208	199	206	214	206	203	209
204	202	213	204	209	300	215	219	305	213	223	312	214	227	312	215	227	301	213	220	308	214	223	305	215	220	312	213	214	208	203	208	207	200	202	203
203	205	211	206	212	398	226	244	404	225	244	407	225	244	403	218	239	403	220	242	403	217	245	407	223	247	398	221	223	205	202	201	208	201	200	203
205	205	211	203	212	392	222	239	398	220	244	403	221	237	398	219	245	394	222	238	394	220	238	398	226	243	396	221	222	210	199	206	206	201	202	208
201	199	208	205	207	355	217	229	356	219	232	363	220	232	348	214	236	349	220	228	356	220	231	352	220	231	362	217	220	204	203	204	202	201	204	205
201	206	215	201	209	364	219	238	378	218	233	375	217	235	372	221	233	368	220	236	373	214	232	379	219	238	375	220	223	208	202	204	207	202	208	210
207	203	214	204	214	541	237	271	560	237	274	559	238	271	558	237	275	565	236	272	570	235	277	567	238	273	563	239	236	208	205	203	209	208	206	213
211	204	216	201	210	401	221	244	405	219	243	407	229	246	408	224	245	414	219	241	411	221	244	404	222	244	413	224	226	212	205	200	206	200	200	207
204	200	215	203	214	356	215	236	367	217	228	362	218	232	366	221	232	362	223	235	369	220	230	361	214	234	364	220	220	211	206	203	207	206	202	209
199	204	218	202	209	485	228	256	497	225	264	503	231	257	498	231	259	500	229	258	496	232	259	491	232	265	498	231	232	206	204	203	210	201	204	206
204	203	215	203	217	783	264	321	808	256	323	819	262	317	802	256	325	811	263	313	818	258	323	808	258	324	819	261	255	207	206	201	204	205	205	210
199	202	216	204	211	586	247	282	615	243	282	627	242	284	614	246	291	623	246	277	621	239	287	615	244	288	617	251	232	207	205	205	201	204	203	205
201	205	222	210	215	1092	292	373	1150	293	387	1164	293	384	1144	293	387	1165	299	375	1170	292	385	1165	286	382	1175	294	276	213	202	203	210	203	200	211
200	202	214	203	208	703	253	298	733	260	314	741	254	305	730	255	311	716	258	304	736	256	310	730	256	306	729	254	247	207	204	204	207	198	201	207
204	203	217	204	209	443	225	246	454	226	251	454	225	255	455	229	255	456	228	254	461	230	254	456	225	258	447	228	230	210	203	204	209	204	198	210
204	202	217	203	208	339	218	232	348	217	234	356	214	231	347	218	231	349	215	229	346	212	232	355	215	231	356	215	216	209	205	204	209	201	202	205
206	204	217	202	203	313	214	226	321	210	228	319	214	223	320	213	225	319	215	228	323	217	223	315	214	226	322	212	216	214	206	203	209	203	201	209
206	212	242	206	211	502	234	264	521	234	265	527	233	261	524	234	272	531	234	270	529	229	271	526	236	268	519	229	236	240	207	211	236	207	209	233
206	208	238	213	213	396	224	246	409	220	237	405	224	240	402	227	250	401	218	244	406	216	241	408	225	241	402	221	223	231	207	207	235	205	208	232
204	203	207	203	206	314	218	224	314	214	223	313	214	225	317	214	226	317	209	223	319	214	225	317	217	225	317	212	213	205	200	206	204	203	203	203
193	201	213	201	208	292	213	218	297	211	226	301	215	223	306	210	222	302	210	220	306	208	222	304	209	225	300	214	206	208	204	201	207	205	199	210
202	202	212	203	209	318	215	225	327	220	233	333	214	224	325	215	223	323	216	230	329	206	231	328	216	224	331	212	218	211	206	200	209	202	204	210
205	202	212	203	210	338	214	226	336	220	227	338	220	231	335	216	228	338	216	230	336	218	232	340	217	226	333	213	216	204	204	200	206	203	202	203
201	202	214	203	210	318	217	223	326	214	228	323	219	225	318	212	230	314	217	224	318	213	224	319	215	225	322	215	215	210	198	199	205	205	202	205
202	205	219	207	213	530	235	267	552	235	272	555	236	271	555	234	270	541	236	272	545	236	274	558	233	273	550	236	237	209	200	204	210	202	205	206
198	199	218	202	213	603	242	280	622	245	289	621	246	280	629	247	287	615	245	278	633	242	278	625	246	284	633	243	236	210	204	203	208	202	202	211
196	206	218	201	214	393	219	243	408	222	242	403	218	242	404	217	241	402	225	241	404	223	245	398	223	245	406	219	220	216	198	202	213	201	207	212
200	208	214	203	208	364	218	234	365	218	229	369	214	234	366	215	232	372	222	235	368	216	237	364	218	229	368	214	219	206	201	202	206	204	199	207
202	203	214	204	209	626	245	283	637	247	289	642	245	291	644	238	289	647	245	288	654	247	288	637	242	280	649	240	242	201	201	203	202	205	201	202
202	204	212	203	204	383	218	244	395	220	241	390	225	240	388	220	238	386	221	236	396	227	245	390	214	243	387	219	219	203	206	210	203	203	200	204
205	205	211	207	207	302	212	224	310	211	223	309	215	224	302	211	221	301	212	223	302	208	226	302	212	224	307	209	214	205	202	203	203	203	202	205
202	200	211	202	206	332	214	226	336	212	228	343	216	225	341	219	231	337	216	231	340	219	227	334	217	231	341	213	215	205	198	198	204	199	201	203
201	206	214	209	222	1315	312	416	1390	311	423	1405	313	415	1388	308	426	1388	317	423	1405	320	431	1396	311	430	1405	311	290	210	199	202	209	202	202	207
204	200	212	204	209	580	243	286	625	239	291	626	247	285	612	238	286	624	247	283	628	242	287	627	243	286	626	242	245	206	208	201	208	204	203	204
201	205	214	202	213	374	221	238	371	218	238	382	217	232	379	219	238	377	219	240	384	218	238	384	213	237	379	223	219	207	202	203	208	202	204	207
201	203	215	205	208	305	212	219	314	210	221	310	211	223	307	211	225	312	211	225	310	211	223	311	208	220	315	213	215	204	206	203	210	198	202	209
199	207	215	203	211	494	225	261	516	231	262	519	226	261	501	233	264	511	234	261	514	233	268	517	227	269	516	234	230	210	203	203	208	199	200	208
208	203	216	203	212	479	228	264	490	220	258	492	232	258	486	231	265	491	228	260	494	230	255	489	229	260	490	230	229	207	205	204	204	200	203	203
203	202	221	207	212	487	234	260	505	227	263	510	229	264	505	226	262	507	232	260	509	232	259	510	229	261	494	231	237	212	203	206	209	202	203	209
201	201	222	205	223	1765	354	502	1874	354	513	1891	354	505	1870	355	521	1875	362	502	1890	355	510	1896	351	512	1897	358	330	206	201	200	201	201	202	205
205	203	222	203	225	1377	321	431	1452	316	439	1462	320	436	1447	322	436	1461	327	443	1454	321	435	1460	320	438	1463	315	316	209	204	203	203	206	203	206
199	205	217	204	215	673	251	293	691	251	300	698	252	300	688	245	303	696	246	292	683	254	299	684	247	306	692	247	241	206	200	204	204	203	198	210
200	202	223	206	214	412	224	245	429	220	247	431	224	246	423	224	243	425	227	245	422	224	244	423	220	245	428	219	226	213	201	205	212	206	201	209
200	205	220	205	210	346	217	229	354	216	234	361	216	235	353	219	231	351	217	234	350	218	233	351	213	234	361	217	217	209	206	201	210	203	201	205
201	206	221	205	210	346	217	230	352	218	234	356	221	235	363	217	235	360	214	225	360	219	238	365	214	233	354	219	221	211	201	204	221	204	203	212
201	203	222	202	213	397	221	237	408	218	247	413	222	242	416	224	251	412	224	243	415	225	245	418	225	239	407	226	222	214	202	203	216	204	202	211
200	203	220	205	206	331	217	226	330	214	228	338	220	229	341	210	227	337	211	232	330	216	223	340	213	232	334	213	218	207	203	202	204	199	200	205
203	202	217	205	209	331	215	229	335	217	229	336	215	228	338	215	233	336	214	231	336	218	231	337	212	230	332	217	219	206	202	202	202	205	201	204
203	203	226	205	215	560	239	274	572	238	273	580	239	275	582	241	284	578	235	278	582	236	274	564	235	273	580	239	240	211	204	202	214	204	207	215
202	198	219	204	209	391	226	241	408	226	245	412	222	241	410	226	241	404	219	243	405	221	240	409	220	239	410	225	216	200	201	203	205	202	204	202
200	200	210	201	212	334	214	225	331	214	225	330	217	228	333	218	225	340	219	227	337	214	225	332	218	227	338	216	216	204	200	203	204	204	205	204
202	203	217	207	206	314	216	222	324	214	227	319	215	221	320	213	227	320	217	227	318	214	224	323	213	222	320	216	216	207	203	201	201	200	209	204
202	203	217	202	208	484	236	262	510	235	253	501	228	261	511	234	265	519	231	259	506	231	262	503	231	261	508	231	228	201	204	199	204	203	208	205
203	207	222	203	215	617	242	285	620	245	291	635	240	285	632	247	287	639	248	280	637	245	289	640	243	290	642	245	240	205	199	200	203	206	205	207
211	200	217	205	213	402	223	239	411	215	240	415	224	242	416	222	249	413	219	245	418	222	247	413	220	244	410	223	222	210	205	205	205	203	203	207
198	206	214	206	212	341	216	230	338	216	235	346	215	230	343	220	227	343	214	229	345	215	229	344	216	227	340	211	216	212	202	199	205	200	199	205
203	200	226	203	214	376	222	234	387	217	237	382	219	237	380	218	235	379	222	237	381	220	239	391	216	235	384	216	221	215	200	204	215	203	206	213
202	203	217	209	214	440	226	250	455	229	253	453	226	254	449	223	254	465	230	252	445	223	251	457	224	245	460	226	227	206	200	203	205	205	201	216
205	204	221	202	213	487	230	258	502	230	259	506	234	257	509	231	263	506	228	259	499	232	265	501	234	258	502	232	232	209	202	204	213	201	203	213
205	200	231	207	213	427	229	251	433	222	251	439	225	248	437	227	245	436	226	249	439	222	241	437	225	247	438	229	229	212	204	201	214	202	204	215
202	203	221	205	214	396	223	233	405	221	243	405	221	249	407	223	243	409	226	237	404	219	240	401	221	240	401	221	226	207	205	203	208	203	208	210
201	201	217	204	209	361	218	231	365	217	238	362	216	229	366	219	232	367	218	228	369	218	230	364	215	233	367	217	219	207	200	199	208	202	202	207
202	205	218	205	211	329	213	232	331	212	228	327	214	225	328	212	227	331	217	224	336	215	227	326	217	229	331	213	215	206	200	201	205	201	197	205
205	205	223	207	214	336	216	232	336	212	230	339	213	225	344	213	231	342	213	227	333	214	225	333	214	227	337	212	214	212	206	208	218	204	203	215
206	201	219	203	208	328	211	232	330	213	225	334	211	228	334	214	226	334	214	233	335	215	233	337	213	222	332	211	218	209	203	206	209	198	203	207
202	199	212	203	207	353	216	231	365	217	231	359	216	229	355	218	231	353	220	230	357	216	231	348	217	232	363	211	217	201	205	204	204	203	203	204
205	201	214	201	214	541	242	269	571	236	270	566	235	271	568	240	271	568	239	279	575	240	268	562	234	273	573	234	232	203	203	204	205	201	201	205
199	202	218	206	214	441	229	251	442	224	254	444	224	251	442	227	247	445	225	247	457	216	246	453	220	253	446	228	225	209	206	199	208	201	202	207
204	200	208	202	212	446	224	249	453	232	245	461	227	252	444	226	250	443	231	256	447	224	252	451	227	254	454	223	233	204	201	205	207	203	202	205
204	201	213	205	209	347	220	224	362	217	229	354	214	229	357	222	231	350	216	231	352	212	233	360	215	232	353	221	219	204	199	200	207	203	197	203
204	204	218	202	209	469	229	253	479	228	255	474	227	254	467	230	255	478	224	252	466	229	255	472	225	259	477	231	227	202	203	207	204	199	203	205
206	205	220	205	210	386	219	239	389	221	240	398	220	240	391	218	240	391	221	242	401	221	241	393	217	240	391	224	224	211	205	205	212	200	203	209
202	197	224	205	208	329	214	226	326	218	228	327	211	225	319	217	230	326	215	230	324	215	224	325	214	223	320	211	217	215	205	204	212	203	202	208
202	200	212	204	207	346	212	228	349	222	232	345	216	233	346	216	230	342	217	236	347	215	233	344	221	234	353	213	217	206	206	203	206	203	204	207
210	202	215	204	211	383	219	234	385	226	236	385	219	235	386	220	237	382	220	237	389	221	233	387	216	234	397	217	219	215	199	206	212	204	205	210
205	200	211	203	205	322	216	225	315	214	223	319	213	223	320	214	225	317	215	220	316	212	225	316	210	223	318	214	214	201	201	204	201	199	203	202
202	203	214	203	210	314	213	229	326	217	224	327	213	225	318	218	224	326	213	223	315	213	227	313	209	226	319	210	218	204	204	199	204	200	200	204
205	202	225	206	210	381	221	237	385	216	240	377	216	235	385	216	236	385	219	237	384	220	238	384	219	240	379	220	225	213	201	207	213	205	203	210
203	208	228	206	213	331	220	224	337	212	227	338	217	228	337	217	225	341	216	229	335	214	226	336	217	228	342	212	218	215	201	205	219	202	205	218
201	201	212	201	209	302	214	222	306	212	218	305	210	220	305	217	223	308	210	221	305	211	223	309	210	221	305	212	212	210	201	206	207	198	200	205
204	201	213	206	207	318	212	227	314	211	224	309	210	222	319	214	224	315	210	228	315	211	225	315	216	228	319	212	213	209	204	201	208	205	203	209
208	206	223	205	211	307	216	224	309	214	223	310	213	226	312	211	226	308	215	225	308	211	221	311	215	223	307	210	213	215	204	205	214	202	204	213
204	200	212	202	208	289	212	224	296	211	221	292	209	219	295	208	221	294	211	216	296	215	213	295	210	213	297	211	210	206	202	200	206	204	204	201
201	200	210	200	213	302	212	219	305	213	225	308	211	221	309	212	221	311	209	227	308	209	223	309	212	223	304	213	217	205	203	200	201	204	202	203
207	204	215	204	210	322	212	224	318	214	225	321	211	221	315	212	222	316	208	223	311	212	223	318	216	229	313	212	214	207	201	201	203	200	203	201
201	201	212	208	207	325	215	228	325	215	222	326	214	228	321	211	231	323	217	226	327	211	223	326	213	230	321	212	216	202	200	201	201	202	199	202
204	202	214	205	207	338	213	228	336	218	229	342	214	230	337	217	230	337	215	227	335	212	230	330	211	230	339	215	217	204	200	199	206	201	205	204
204	201	217	200	208	356	220	230	358	217	229	358	217	230	354	216	232	360	216	231	345	212	233	357	219	229	360	216	217	209	201	200	208	192	200	207
199	205	213	206	210	336	217	227	344	212	230	345	215	232	345	217	230	340	210	226	339	212	230	342	215	231	342	216	219	199	205	201	204	203	200	202
201	200	214	205	211	347	218	229	352	216	231	357	216	229	357	214	236	352	217	231	360	215	233	352	216	232	356	217	220	204	202	201	201	204	207	203
201	204	218	208	207	333	216	224	337	217	225	333	209	226	336	213	229	336	211	225	330	214	221	334	216	228	345	216	218	206	202	202	209	202	200	207
198	197	208	204	215	327	215	224	333	218	228	335	210	223	330	211	233	335	211	228	329	214	227	326	212	225	338	220	215	206	203	203	206	200	202	203
205	204	214	206	209	324	213	229	334	216	225	331	211	229	330	210	226	328	212	226	331	216	227	324	215	226	331	211	214	211	201	202	204	198	202	207
201	198	212	203	207	337	216	234	343	217	228	343	215	231	345	216	231	350	215	231	345	214	228	340	218	226	343	217	214	206	202	201	200	201	202	202
202	200	216	203	208	375	222	240	385	223	232	393	216	236	395	217	240	388	220	234	393	222	234	382	223	233	387	217	219	211	203	201	207	206	203	210
199	201	214	202	211	337	219	229	350	216	231	350	216	230	347	218	230	339	214	225	345	215	226	346	216	228	346	214	219	208	197	206	210	204	202	204
199	204	221	206	210	384	224	237	391	217	239	400	217	241	393	219	236	390	208	234	386	217	234	389	218	240	388	221	223	210	204	202	208	204	205	209
202	203	217	201	213	454	228	249	464	230	251	453	222	257	453	226	257	457	229	249	462	224	251	457	223	250	452	222	227	206	199	192	207	200	201	205
201	201	221	209	211	389	220	232	390	217	237	390	220	238	382	219	237	391	220	234	389	220	237	387	215	236	382	220	222	210	203	204	205	203	200	209
202	200	233	206	216	387	219	238	386	221	236	400	223	243	397	219	239	392	222	238	398	215	242	396	220	242	389	218	223	223	204	204	217	207	205	222
202	204	210	204	209	332	214	232	339	213	227	346	213	226	339	214	227	336	216	230	341	210	231	339	215	222	342	211	216	206	199	201	206	199	202	206
202	201	214	205	217	586	241	274	606	241	281	605	241	270	610	243	277	600	240	281	596	235	279	598	242	278	608	241	239	204	200	203	204	203	204	201
203	203	213	203	216	500	232	263	505	228	263	510	231	260	513	233	264	512	230	257	504	236	265	502	234	259	497	229	236	203	199	200	199	202	204	202
202	201	221	207	212	391	217	242	393	222	234	402	217	238	390	219	236	391	218	234	391	216	240	396	218	232	389	215	227	201	202	202	206	200	207	213
200	202	212	203	212	352	218	235	360	215	235	361	212	234	358	221	232	350	219	230	363	213	230	354	210	232	365	217	221	201	203	203	199	201	200	200
202	203	211	207	209	330	216	235	341	219	228	337	215	230	337	214	228	336	216	230	336	217	225	339	212	229	337	213	214	199	205	201	203	203	198	201
202	202	219	204	209	331	212	226	330	217	224	327	215	224	325	214	227	324	215	223	331	215	223	328	208	228	321	215	218	207	205	202	208	203	197	208
201	202	213	205	204	460	229	248	464	227	256	464	231	253	460	228	252	461	223	250	460	225	251	452	228	253	453	224	228	201	199	202	202	201	203	206
202	201	223	203	215	523	235	270	545	229	270	536	230	264	536	235	271	536	235	267	533	231	261	533	235	265	532	234	235	207	205	202	210	202	200	207
198	204	214	202	210	465	228	251	468	226	255	470	227	254	469	225	252	458	226	252	460	222	251	450	222	256	463	227	228	202	202	201	202	201	201	199
200	200	209	203	207	341	219	228	343	212	226	340	214	230	332	217	234	345	214	229	345	217	231	339	213	229	341	212	217	207	200	203	196	200	202	203
202	200	208	202	205	333	217	225	335	213	229	340	205	226	337	216	225	330	215	227	337	214	223	338	212	226	332	213	211	200	201	204	201	203	202	204
203	204	230	207	214	473	229	253	475	229	253	480	230	250	476	232	253	468	228	255	475	228	255	475	229	251	470	227	233	211	203	205	218	202	205	217
205	201	218	204	208	389	220	237	401	220	243	392	219	238	390	220	240	390	222	241	395	215	237	397	218	238	394	217	219	208	202	202	209	203	201	205
201	199	210	207	208	320	216	222	327	213	222	332	216	226	328	207	228	327	213	221	332	216	225	324	212	223	321	216	218	201	202	203	207	196	196	204
208	195	213	202	205	296	211	216	301	211	216	301	208	222	295	215	220	308	213	219	303	213	223	306	214	218	303	209	212	207	202	206	208	201	202	206
200	205	213	207	209	327	215	231	341	215	224	346	215	230	345	213	227	334	212	229	338	215	227	338	215	232	336	210	214	207	202	204	204	205	203	206
201	200	217	205	212	421	225	245	431	219	250	441	225	250	435	223	249	430	223	249	439	225	244	431	220	246	433	222	223	206	201	199	207	201	205	207
199	202	216	203	209	354	219	229	355	211	234	352	215	232	347	214	233	354	217	234	355	213	228	352	213	234	355	216	218	206	204	193	207	204	203	208
204	208	236	205	214	340	212	228	348	219	230	349	214	228	347	214	230	351	218	225	349	215	230	350	212	229	347	218	219	226	206	206	223	202	206	226
199	201	218	191	215	357	217	232	354	218	231	360	214	230	358	215	234	362	220	228	362	212	227	357	216	233	360	218	223	209	198	201	211	201	201	207
201	197	214	207	209	341	216	231	350	210	228	353	213	236	350	214	229	349	215	229	354	217	235	349	215	233	352	215	214	203	201	198	201	201	202	201
203	214	267	205	215	362	215	232	370	219	229	362	216	236	365	216	230	362	217	238	364	215	234	362	216	237	364	219	223	253	201	210	249	205	211	249
207	216	278	209	220	367	216	235	369	215	238	365	217	231	366	218	234	371	217	236	368	217	233	365	218	239	368	221	225	270	207	218	269	206	216	273
203	201	220	203	208	291	213	218	289	211	221	290	210	219	287	213	219	292	210	221	290	204	217	291	212	218	291	206	212	210	199	204	210	203	204	208
201	207	235	205	213	339	211	231	334	214	230	340	211	226	335	212	231	337	218	226	339	213	229	338	212	234	341	215	221	226	207	201	227	206	208	228
201	199	232	203	211	388	219	241	390	220	241	397	226	238	391	217	240	389	217	238	393	221	235	380	219	237	398	221	222	220	201	208	223	202	207	224
201	201	215	206	211	304	208	212	307	206	220	312	211	224	307	207	223	303	211	218	307	209	224	304	212	218	307	212	213	210	207	200	207	202	200	210
200	200	213	201	211	288	212	220	286	206	213	294	210	219	290	204	219	284	210	218	283	211	217	291	210	219	288	206	211	205	203	202	205	201	200	207
200	202	214	207	205	330	213	227	336	211	225	340	209	225	332	216	230	336	214	224	335	217	229	331	212	233	328	215	214	202	199	204	202	205	203	203
203	202	213	200	206	300	212	218	313	213	220	308	212	222	306	208	221	305	211	222	306	214	221	306	209	223	313	215	214	199	200	198	204	200	202	205
201	202	215	202	207	292	211	219	296	211	225	293	211	216	296	208	219	296	212	222	299	210	221	299	209	221	299	212	213	206	202	205	206	204	204	208
200	199	211	204	206	309	211	224	308	210	220	312	206	216	307	211	216	308	209	217	308	210	220	302	212	218	309	216	210	204	203	200	206	208	202	206
199	202	216	206	208	274	216	217	281	209	214	277	205	217	281	206	222	279	205	216	283	209	211	283	207	217	282	207	209	205	198	199	207	203	201	205
204	204	215	202	206	267	207	215	273	208	217	275	208	216	280	211	215	273	211	214	276	201	213	273	209	215	273	205	208	210	203	202	209	202	201	209
201	206	212	201	209	327	213	223	325	211	227	333	212	223	334	212	224	329	215	227	331	211	226	323	210	223	327	212	218	207	200	203	210	204	201	209
201	200	213	199	205	297	212	220	302	208	222	295	212	219	295	210	219	303	212	219	301	212	219	296	208	220	298	209	211	206	199	203	205	203	199	208
203	200	214	206	210	279	212	218	276	205	214	281	211	217	276	209	216	287	209	214	282	208	215	278	205	215	282	205	214	207	201	205	208	201	204	206
208	203	214	203	211	304	216	221	306	214	219	309	212	219	303	210	219	311	209	218	314	212	219	310	210	219	309	208	209	210	207	203	211	198	204	212
198	202	213	199	210	297	209	219	299	212	220	298	209	220	292	212	219	293	211	219	295	207	218	290	210	221	297	214	214	204	202	204	204	199	208	205
202	200	212	205	207	415	217	230	416	225	248	422	223	240	413	223	241	414	222	245	412	227	249	412	222	241	416	223	221	204	200	208	206	202	201	207
198	203	213	205	213	487	229	255	495	229	256	490	232	263	487	230	257	499	224	260	487	225	257	490	230	261	490	227	237	210	200	205	206	200	204	211
202	200	215	202	207	334	216	225	341	216	226	339	214	232	337	213	228	340	216	225	339	211	226	335	210	230	334	212	215	208	201	202	207	202	204	203
199	205	215	202	213	392	217	240	413	223	241	409	222	241	394	219	240	403	218	239	400	223	241	395	219	236	397	222	221	209	206	202	210	198	203	208
204	198	214	199	207	337	212	230	348	217	227	343	215	225	343	215	226	348	213	227	346	213	228	341	219	226	347	215	219	201	199	201	204	197	200	206
198	203	211	205	211	379	217	237	379	221	233	381	221	239	382	218	240	388	220	238	385	215	238	377	216	238	386	220	219	207	205	201	206	205	202	204
200	201	209	205	207	335	211	224	336	213	223	336	215	228	330	218	226	334	213	227	331	211	221	335	215	229	338	213	213	206	203	201	204	200	200	209
198	195	207	203	205	279	205	216	283	207	217	284	213	217	279	215	218	289	209	213	285	204	218	284	212	217	281	211	212	200	200	203	200	201	200	199
202	200	211	202	207	271	210	216	276	208	215	268	208	213	271	209	215	271	207	213	276	211	220	276	210	211	275	208	210	210	200	202	207	201	200	207
200	200	215	202	204	300	212	219	298	213	224	303	214	221	307	209	223	305	213	215	305	211	220	302	209	221	306	213	214	205	199	201	206	200	206	211
204	204	222	203	210	309	211	223	314	211	225	312	216	222	313	210	223	314	210	220	309	211	227	317	211	224	309	213	213	209	202	205	214	202	206	214
202	203	221	202	209	332	211	229	341	215	229	342	211	223	348	213	224	330	216	225	342	217	228	336	215	227	330	213	215	212	202	205	218	201	202	212
200	197	212	199	210	331	213	226	336	217	228	337	214	225	338	213	227	337	213	223	340	213	229	337	215	227	336	214	213	205	197	200	209	200	201	200
201	202	218	204	209	338	216	225	332	212	224	353	218	222	340	217	223	341	217	227	337	213	226	346	218	229	338	213	219	206	202	205	209	200	202	204
201	201	211	200	210	348	222	229	355	214	233	358	213	234	359	216	232	356	217	237	354	215	233	356	214	231	352	215	221	202	197	203	204	199	199	207
203	205	226	203	225	1037	281	371	1055	281	365	1075	277	359	1063	286	366	1049	283	368	1057	280	360	1047	273	365	1053	279	284	214	201	191	215	205	206	210
201	200	217	210	221	792	256	317	816	259	321	794	254	314	801	263	317	794	257	313	794	254	317	790	259	307	788	261	258	203	201	201	203	200	199	202
199	202	219	200	213	540	231	267	532	235	266	533	229	266	540	229	268	523	232	263	527	231	267	523	232	270	530	232	231	209	200	202	212	198	205	209
202	200	214	203	210	453	225	249	443	222	250	450	226	253	447	229	249	448	226	250	455	232	249	450	223	252	457	224	228	208	202	203	204	204	201	205
203	195	213	203	207	311	212	219	317	209	220	318	210	218	310	212	223	313	212	226	317	210	224	313	211	222	312	211	216	206	200	197	203	198	202	208
202	201	207	202	205	264	206	212	274	213	213	273	209	216	278	206	216	274	209	212	269	212	214	269	206	214	271	204	205	205	199	203	201	204	203	203
202	198	209	200	204	289	210	219	291	211	219	293	209	221	294	207	219	291	212	216	291	213	217	292	210	225	292	206	215	202	200	198	202	200	201	193
202	198	211	204	209	396	225	245	401	221	238	397	220	237	396	219	242	397	221	239	398	215	240	398	220	238	405	219	226	201	200	201	203	200	203	206
202	204	215	204	205	471	231	256	484	225	260	483	232	258	490	232	261	491	227	258	492	226	257	482	228	257	482	228	230	207	202	200	204	205	207	209
203	200	216	201	204	404	220	245	414	218	247	416	220	243	414	222	243	409	225	241	415	221	241	424	222	240	411	221	216	204	203	201	208	204	199	209
202	206	221	203	204	319	215	222	326	212	223	323	211	223	322	212	223	327	211	224	326	211	222	319	213	226	324	215	215	212	202	206	214	204	202	212
201	199	212	202	206	319	214	224	328	216	225	325	211	223	323	212	224	326	214	225	322	213	225	327	211	225	329	214	217	205	202	206	199	200	205	200
200	201	209	202	204	338	212	229	345	216	226	340	213	227	341	214	232	346	218	229	339	211	225	345	208	230	345	219	212	205	203	198	203	201	202	204
204	203	209	204	207	307	214	224	319	210	224	314	211	221	312	211	232	312	212	218	310	211	223	312	214	222	316	212	218	205	200	201	207	199	204	206
204	200	209	201	213	506	233	262	525	235	264	513	232	269	521	237	264	523	230	265	515	228	263	517	235	256	514	233	234	201	200	200	202	200	204	203
207	206	227	204	214	371	222	235	375	216	239	374	216	232	381	221	237	383	219	233	372	215	229	373	220	235	375	223	219	222	204	207	225	205	206	222
209	216	291	212	219	364	215	237	363	216	233	369	212	234	369	214	232	362	217	234	362	211	233	363	216	231	361	219	224	292	209	218	292	209	218	287
201	201	215	202	207	266	205	213	272	211	217	277	208	215	269	206	211	275	207	216	270	208	215	271	207	216	272	208	204	209	201	203	208	200	203	209
203	207	229	203	216	367	214	236	368	218	235	372	219	234	370	218	232	370	216	234	372	217	234	368	215	230	364	213	224	221	201	206	218	203	205	220
202	205	210	204	208	331	214	229	332	211	223	336	218	229	333	211	227	329	218	229	331	216	225	332	213	225	330	214	220	207	201	202	207	203	204	206
203	203	211	200	205	270	209	212	274	207	213	269	208	218	270	205	218	269	209	220	268	204	212	267	207	220	269	208	210	203	201	201	203	205	205	201
203	201	211	205	206	315	212	220	311	209	226	311	211	225	315	215	222	313	215	220	316	212	220	312	216	223	312	212	212	201	199	201	204	202	203	202
201	199	207	198	207	310	211	223	315	214	220	324	213	227	313	213	220	312	211	224	307	215	222	318	216	223	315	208	213	201	196	199	199	201	205	200
199	200	209	203	205	288	212	215	292	213	218	292	209	217	290	210	221	283	205	216	296	210	221	286	210	220	286	207	207	206	202	204	200	200	201	208
202	205	213	203	208	276	207	216	285	210	216	278	205	213	277	211	216	283	208	215	279	213	218	281	207	216	274	211	204	200	198	197	201	199	200	203
201	205	217	204	206	287	208	220	291	211	218	285	204	219	288	215	222	295	206	217	284	208	222	288	209	218	282	212	212	212	199	203	208	203	203	210
204	204	226	205	210	311	215	222	320	213	223	316	211	221	323	213	223	319	212	224	317	212	224	324	214	226	321	212	215	222	202	201	220	206	204	220
203	197	209	204	208	353	211	232	361	216	225	365	217	229	369	217	232	358	216	232	364	217	230	354	215	233	360	217	218	202	200	204	199	201	198	202
204	202	217	205	209	368	216	237	379	218	235	373	219	232	376	214	233	375	218	235	378	219	232	367	220	235	369	216	220	212	202	203	209	200	205	209
203	201	210	201	204	284	212	216	288	209	219	283	212	216	279	208	218	285	207	214	281	209	219	282	210	217	288	204	204	205	205	196	205	202	202	209
203	201	213	202	203	267	205	213	265	204	215	269	209	215	266	203	212	259	212	215	265	204	212	270	204	213	264	206	208	211	201	201	211	202	201	214
202	203	211	204	204	254	205	210	252	209	213	255	200	209	255	208	211	244	202	210	257	205	208	256	201	217	256	208	208	205	203	201	209	206	201	205
203	199	218	202	206	262	207	213	259	206	212	262	209	214	259	205	209	260	211	213	259	206	211	260	205	208	259	208	208	215	201	199	215	203	202	212
202	203	208	205	204	277	208	213	274	208	215	270	204	212	271	206	219	274	206	213	272	207	216	271	209	218	278	209	206	217	206	201	216	198	204	221
200	200	211	201	206	290	208	220	293	210	218	287	216	221	290	209	212	283	211	229	289	207	217	292	209	218	287	210	214	204	206	203	204	206	198	204
203	201	216	202	207	291	209	221	296	211	218	292	210	219	290	210	219	291	212	218	292	211	220	286	209	219	292	211	211	214	204	202	209	201	203	207
202	204	209	199	206	283	207	216	291	212	215	291	213	218	286	209	216	288	208	216	289	210	217	284	210	219	293	210	209	204	199	201	202	200	201	205
200	203	228	203	209	300	212	218	300	213	221	306	211	220	301	211	222	305	212	223	303	212	222	297	208	220	305	213	214	222	204	202	223	201	202	224
199	200	214	206	208	353	218	230	357	215	231	362	216	228	357	215	228	361	220	236	370	215	231	355	215	229	354	219	214	207	200	199	203	203	200	209
200	201	214	203	209	484	228	257	497	228	261	502	227	261	488	228	262	494	230	254	491	226	264	488	229	256	497	231	231	210	199	202	204	202	202	204
201	203	217	201	210	318	206	226	328	212	226	326	211	227	326	214	228	324	213	225	330	213	228	324	210	230	325	209	218	209	203	200	210	202	204	209
201	200	214	208	202	282	208	217	282	209	220	280	208	217	282	205	223	280	210	220	279	208	216	276	203	215	280	208	205	208	201	203	206	202	200	209
204	203	216	201	205	266	207	214	269	210	215	266	212	214	266	208	217	273	206	214	264	201	214	268	207	216	268	209	206	204	203	198	203	203	203	201
206	206	227	203	206	292	211	215	293	207	220	288	211	222	289	211	218	294	210	220	296	211	216	284	209	222	295	211	211	220	201	206	220	201	202	224
199	199	210	202	207	282	211	217	288	211	219	283	208	216	289	210	215	278	207	214	281	209	218	277	210	218	287	210	214	206	195	198	207	196	202	203
203	207	206	203	203	273	208	217	281	211	217	281	209	216	280	209	212	275	209	216	284	207	217	288	207	213	285	207	206	203	204	199	204	201	199	204
202	201	212	201	205	274	206	215	274	205	217	277	209	213	275	204	217	274	207	216	273	207	214	272	207	218	275	210	206	205	201	204	206	200	202	206
199	199	207	200	203	255	210	211	257	208	212	259	207	216	256	206	207	254	206	214	254	207	212	254	210	212	257	207	210	196	202	201	200	203	203	202
202	200	206	202	205	251	209	210	249	203	216	254	208	208	251	203	210	255	205	205	250	209	210	251	209	212	250	206	205	203	202	202	203	199	202	202
201	199	206	200	202	254	206	213	253	203	212	252	207	217	250	208	212	251	205	211	250	206	209	253	206	209	253	202	204	205	201	204	206	201	204	206
202	201	204	202	203	247	210	208	257	204	213	255	205	211	255	208	213	255	209	209	254	209	211	250	205	213	252	206	208	202	201	206	200	197	200	201
202	200	220	199	204	294	211	219	294	209	225	293	207	218	297	212	222	293	203	222	296	212	220	289	212	221	292	205	213	213	202	204	215	197	205	216
204	198	208	204	208	271	209	217	268	208	216	274	214	213	272	206	212	267	207	214	269	206	212	269	207	215	266	203	207	208	199	201	206	199	204	210
198	201	221	202	215	483	234	253	494	231	258	495	226	256	485	231	262	489	230	260	489	226	258	487	222	256	488	230	232	210	198	203	208	204	199	210
200	200	222	201	201	442	224	248	438	223	251	451	225	247	440	223	248	439	221	245	447	226	248	450	223	249	445	227	221	212	201	198	208	199	202	210
200	204	218	200	208	305	211	222	305	208	225	308	211	220	312	210	224	305	212	223	308	206	220	308	210	225	303	209	213	215	202	201	213	197	200	211
201	205	217	200	201	261	205	212	257	209	214	257	211	211	261	208	209	261	206	208	255	206	210	262	206	215	260	202	210	210	201	201	205	199	205	217
206	198	212	203	205	271	206	212	274	209	218	270	203	215	282	205	214	283	204	216	271	210	219	277	206	213	278	204	208	205	203	201	208	203	203	205
202	201	206	202	207	278	206	213	278	209	215	282	211	217	278	207	212	275	208	213	281	209	214	277	207	219	281	208	209	206	202	196	202	201	202	201
203	200	206	198	206	240	203	207	244	203	205	239	203	210	241	204	206	241	206	209	244	202	211	240	202	211	236	204	202	201	203	201	202	199	202	203
203	202	204	201	198	231	203	208	235	202	207	234	203	210	235	204	206	229	207	206	230	204	205	232	206	206	231	204	200	203	201	202	199	201	198	201
206	207	247	203	208	371	217	234	375	215	238	379	220	238	381	218	235	379	222	235	384	218	238	378	220	234	387	221	223	243	207	206	237	206	210	243
201	204	214	204	202	349	216	231	360	215	228	354	214	229	356	216	228	355	213	231	349	215	232	357	215	231	356	215	216	211	201	197	212	202	204	211
201	199	210	201	205	292	212	220	297	210	221	299	209	220	289	208	219	289	213	218	289	209	223	297	206	218	293	210	210	204	204	200	203	203	196	206
203	206	223	200	206	290	208	222	296	209	225	303	207	222	297	209	219	295	211	222	299	213	218	294	209	222	294	209	211	219	204	204	216	206	204	223
204	206	230	205	210	334	213	231	342	215	226	347	214	237	338	213	229	337	216	234	345	217	229	346	215	229	344	209	215	227	206	205	226	205	208	229
200	202	204	202	206	314	211	223	320	215	223	311	210	221	319	214	220	312	211	223	313	211	220	318	212	221	320	211	213	203	205	202	204	201	198	199
199	199	210	201	202	265	205	213	265	205	218	256	210	214	268	210	213	267	208	211	260	206	213	261	210	209	262	207	207	200	201	200	199	202	200	202
198	203	207	203	207	241	207	211	248	208	214	238	205	216	247	203	210	245	207	205	245	204	211	249	205	212	247	203	206	197	203	200	205	199	200	201
200	203	206	205	199	251	206	208	253	205	206	254	209	212	259	210	209	257	206	211	246	203	210	249	207	209	258	208	209	205	200	203	203	199	201	203
203	203	214	201	201	254	203	213	250	206	210	257	205	212	257	204	207	256	205	207	253	205	209	256	206	211	253	206	207	209	199	205	208	203	202	210
200	208	204	200	202	245	201	208	242	203	208	241	202	211	241	208	213	242	206	205	241	206	202	245	205	209	246	207	203	204	200	198	210	197	200	202
202	201	211	204	212	486	232	259	499	230	257	496	221	255	496	236	260	491	225	258	492	231	260	494	231	259	497	227	234	211	203	206	206	202	201	210
203	202	219	204	207	544	233	265	555	232	273	556	238	269	547	239	266	546	235	270	557	236	272	551	231	273	546	234	234	207	200	200	207	197	203	209
199	201	207	200	206	328	215	235	334	212	229	336	212	229	334	212	229	338	216	224	334	215	228	332	213	230	335	218	217	207	201	198	205	199	205	208
200	203	203	198	200	251	206	213	258	203	206	251	206	208	258	205	212	253	209	213	254	207	215	254	207	214	257	204	206	209	202	204	205	200	202	208
204	202	210	200	204	236	203	204	238	202	207	233	204	212	236	203	206	238	205	209	232	203	210	236	206	207	237	204	205	206	204	203	204	203	203	206
197	202	213	201	201	234	202	208	228	204	207	238	206	205	235	204	207	238	200	205	237	203	210	240	200	210	237	204	210	216	201	199	209	201	200	212
205	206	224	204	207	251	207	212	254	207	210	249	204	211	248	202	206	250	205	209	249	206	209	256	207	211	253	204	206	225	204	204	223	203	209	225
203	205	239	207	212	254	207	215	265	207	214	266	207	215	262	205	214	264	208	214	267	209	219	261	206	215	265	204	209	233	201	205	235	200	208	234
200	203	210	203	206	240	203	208	244	206	210	248	206	208	244	205	206	246	207	209	243	207	211	247	203	209	244	203	206	210	198	199	208	200	202	209
204	209	246	207	210	274	210	215	271	208	219	275	209	217	272	207	211	273	207	213	273	210	218	279	212	217	276	207	214	243	205	207	245	205	210	242
201	205	237	206	206	270	206	214	263	209	216	266	208	212	267	207	214	269	204	213	269	205	215	267	205	215	270	210	211	236	200	203	234	205	208	238
200	203	210	200	200	238	208	211	244	208	218	250	206	211	239	203	212	245	204	207	240	202	211	246	205	209	240	205	206	200	200	202	209	203	202	201
202	200	209	205	208	412	222	240	416	227	242	418	223	240	423	223	242	409	223	232	419	220	240	418	226	241	417	222	221	203	200	205	204	201	205	201
207	201	206	201	205	387	219	238	392	225	241	401	220	237	384	222	235	392	218	235	393	221	233	384	217	238	391	216	219	203	201	202	203	202	199	206
205	200	209	202	205	345	213	227	354	216	230	351	214	227	351	216	229	351	214	229	353	211	228	353	216	233	352	211	217	206	200	200	204	201	204	206
200	202	207	200	205	264	208	215	271	206	211	264	206	211	269	207	216	267	206	215	269	206	210	269	204	218	268	211	208	207	200	201	204	200	204	204
198	203	212	202	203	255	208	211	252	206	208	252	205	209	250	209	208	247	199	213	252	207	212	249	205	207	251	206	206	209	202	203	211	201	206	214
200	203	212	197	203	244	207	211	242	209	206	250	206	212	245	203	209	243	208	214	243	207	205	237	203	210	242	204	202	203	202	202	206	201	202	204
199	205	206	202	201	250	206	211	250	206	213	260	207	213	252	212	212	253	203	204	252	208	209	250	206	207	251	204	205	204	197	202	203	201	200	204
199	200	206	203	206	375	218	238	378	222	240	390	218	237	376	217	234	386	218	234	380	220	230	379	216	238	386	216	219	200	201	200	206	204	201	203
206	197	203	198	204	326	217	221	323	208	225	325	211	223	319	213	225	319	213	224	325	212	225	329	215	224	326	215	213	204	199	202	202	204	196	203
202	199	216	204	207	531	239	270	546	231	265	543	235	266	547	234	273	544	233	268	542	235	266	547	227	270	546	237	238	210	205	200	207	203	203	210
202	205	246	207	237	1599	335	467	1649	336	475	1642	330	467	1629	336	470	1619	338	458	1626	330	467	1618	336	466	1625	335	338	225	203	205	223	204	207	222
201	203	212	201	212	601	239	287	611	240	284	613	245	285	608	242	286	608	243	284	617	241	279	599	242	277	609	238	243	218	206	201	209	200	203	207
198	201	209	203	208	346	209	234	358	212	225	349	214	234	351	213	231	348	215	230	348	222	232	348	216	230	344	215	214	211	202	203	208	196	204	207
198	201	207	199	200	263	207	211	264	206	210	263	209	211	269	203	214	261	204	212	267	205	210	265	204	220	266	209	209	202	198	201	206	205	199	205
204	198	205	202	202	246	204	212	248	207	208	252	214	212	248	207	206	247	210	214	250	205	210	250	204	215	251	209	205	206	203	202	204	196	201	200
201	203	206	204	205	252	208	212	249	205	215	245	203	212	249	206	214	245	211	211	248	205	216	247	208	210	249	203	207	205	200	203	204	200	203	205
202	203	219	200	207	462	224	255	476	226	255	477	228	250	472	232	255	479	230	252	473	224	252	467	227	256	471	226	227	207	201	199	210	200	203	211
200	203	216	203	208	414	223	240	417	221	243	418	223	247	413	229	242	414	221	247	411	221	240	407	223	241	420	218	223	211	203	202	212	200	200	208
198	200	210	203	206	289	208	217	290	205	220	292	213	219	294	206	220	294	208	220	296	210	221	294	207	217	290	208	211	210	201	200	205	200	202	205
204	198	210	200	208	274	205	218	271	209	216	267	208	212	274	211	219	276	204	216	274	203	210	273	205	211	269	207	210	205	201	203	210	201	198	205
201	199	217	204	226	1107	292	378	1131	282	377	1154	286	373	1144	284	378	1130	291	380	1135	288	374	1132	291	380	1120	294	290	204	204	195	203	200	199	205
199	197	207	198	211	566	237	275	567	235	281	580	237	277	576	235	274	570	234	270	575	238	269	561	232	271	562	236	235	202	201	200	202	200	199	203
200	204	217	199	202	342	217	231	348	215	228	345	211	228	345	216	230	355	215	228	352	214	230	338	216	228	342	216	217	214	203	204	210	203	204	210
203	202	210	203	202	244	207	206	248	205	207	242	202	209	242	205	209	249	204	205	241	208	208	248	206	206	246	207	210	204	202	200	201	201	201	202
202	204	204	202	207	272	206	213	276	208	213	268	207	215	270	212	214	273	209	218	275	208	216	272	206	218	276	208	207	205	202	203	204	201	203	203
203	202	210	200	202	250	210	213	254	205	211	249	202	215	254	202	212	253	209	210	250	206	210	250	204	210	255	204	207	209	199	203	203	200	190	208
202	202	204	201	204	246	205	210	248	207	210	247	202	211	253	204	211	252	202	209	251	205	211	252	205	210	248	207	208	202	200	201	200	200	201	200
198	200	207	200	200	241	201	207	236	205	209	242	208	203	239	202	209	238	201	202	240	208	210	242	208	207	240	203	209	202	198	202	208	203	198	207
201	200	210	201	206	349	214	234	361	217	228	355	214	228	346	212	229	349	214	227	356	217	232	354	214	229	356	217	217	208	202	204	210	200	203	200
201	201	207	202	205	306	213	222	303	212	218	308	209	217	306	212	220	304	213	223	299	213	218	303	211	217	308	208	208	205	203	203	202	198	202	203
201	202	203	201	201	256	209	212	257	212	212	256	203	212	261	209	212	259	207	213	262	204	211	261	207	215	257	205	205	204	200	198	203	200	202	199
202	204	206	204	205	233	205	206	233	203	206	235	202	206	236	201	205	231	204	213	232	204	207	237	202	207	231	201	206	204	198	200	203	199	198	202
202	204	200	205	203	227	203	204	225	201	205	226	205	206	229	204	205	225	202	205	224	201	207	228	203	207	227	203	205	203	198	199	208	201	199	200
200	203	210	201	205	235	204	204	234	207	206	234	206	205	233	207	205	230	203	204	232	199	207	233	207	207	232	203	204	213	201	204	207	201	203	208
197	202	210	205	200	283	208	219	282	210	218	282	206	216	282	210	219	283	209	217	277	207	213	280	205	215	281	206	209	204	204	199	205	199	205	206
199	199	201	208	204	250	208	210	250	207	210	250	208	213	259	210	210	255	201	211	250	207	212	252	202	213	251	202	205	204	202	204	201	199	203	206
198	207	214	203	208	248	207	215	249	207	214	251	206	209	250	208	210	246	204	209	253	207	210	251	206	211	250	205	206	208	202	202	210	198	204	208
200	204	213	199	206	250	209	210	250	207	212	249	207	213	253	208	209	252	203	213	253	203	206	248	207	209	253	202	209	214	201	206	211	202	201	213
210	225	306	210	220	339	217	228	346	212	229	352	215	231	347	215	226	349	216	226	345	215	227	337	214	229	351	210	227	311	211	220	306	212	221	299
200	197	198	201	200	235	204	201	237	200	210	234	205	208	235	206	207	230	202	206	231	205	207	237	205	206	231	203	200	202	199	200	200	203	201	198
202	202	205	200	205	332	214	225	342	220	231	346	216	229	344	212	230	340	215	229	339	213	223	343	216	227	337	214	216	204	197	203	203	203	202	205
203	202	215	204	208	473	228	253	481	226	255	473	222	257	472	229	248	480	225	253	471	223	254	479	224	255	468	231	230	213	204	203	207	203	200	215
198	202	204	201	203	312	207	222	305	202	221	300	212	222	301	211	216	309	212	222	300	206	219	307	212	227	306	214	209	202	201	196	208	201	200	206
201	204	209	198	205	251	206	212	256	209	208	249	204	212	249	207	208	250	207	205	255	199	206	245	206	210	254	205	207	207	204	202	207	206	203	205
201	202	213	200	208	255	206	209	254	204	211	262	204	205	257	203	208	261	210	214	253	206	212	260	207	213	258	208	209	216	199	206	210	204	202	211
203	200	206	199	205	274	204	216	270	207	216	275	205	214	276	209	218	277	206	213	274	205	212	272	208	214	277	203	207	208	204	201	208	198	206	204
202	201	216	208	204	241	202	211	243	203	211	244	207	208	247	204	212	245	208	209	244	206	211	244	205	211	245	205	206	205	201	203	210	205	200	209
200	203	218	201	204	230	204	209	242	204	208	238	203	205	239	205	206	235	202	210	235	202	210	240	204	207	235	202	203	212	201	204	208	205	204	211
203	202	209	201	204	276	211	213	277	208	220	277	209	219	280	210	214	283	205	215	280	211	215	276	211	218	281	208	211	206	199	199	208	198	198	203
198	199	204	206	209	373	224	234	365	219	233	381	217	236	376	220	237	375	218	233	365	218	231	368	217	233	374	217	219	200	197	201	204	203	201	202
198	202	216	204	211	442	223	250	453	220	250	450	225	252	443	221	250	452	228	252	450	226	249	445	223	248	445	222	226	208	200	200	205	201	199	204
200	205	211	198	217	815	259	321	845	259	322	837	260	322	825	256	319	830	263	315	827	265	325	831	260	325	823	258	264	204	197	200	204	201	201	203
202	200	230	208	234	1497	323	447	1518	321	454	1510	324	451	1525	320	448	1499	324	439	1506	320	445	1498	319	452	1522	320	321	217	202	204	213	202	203	216
195	201	211	200	208	612	239	286	632	239	285	633	242	282	629	240	285	634	238	281	630	243	285	627	238	283	627	245	245	208	198	202	204	202	203	207
202	204	204	204	205	348	213	226	355	215	232	353	210	232	351	217	232	361	219	236	353	212	233	360	212	239	365	210	214	196	202	198	198	199	203	202
203	200	206	204	207	279	211	213	281	205	214	278	210	218	282	210	218	274	211	205	275	204	216	274	205	214	280	211	211	206	201	203	209	199	202	209
204	200	205	202	204	271	208	212	269	206	215	275	211	214	272	208	215	273	210	221	270	210	212	282	206	213	271	207	211	207	205	203	203	204	202	207
200	202	203	204	205	308	212	221	319	212	226	320	210	223	317	214	225	317	211	217	308	210	223	319	206	224	310	209	212	200	199	199	198	196	201	198
206	210	245	209	215	309	209	219	305	210	217	305	209	222	311	214	221	307	214	220	305	212	222	307	212	219	310	210	217	247	205	210	252	205	209	248
203	205	201	205	206	229	208	208	233	204	206	232	202	209	228	206	210	234	203	203	236	202	204	233	207	207	231	201	203	204	199	203	198	199	201	200
198	200	203	201	200	233	202	202	232	207	209	231	204	206	229	210	206	229	202	207	235	201	211	234	206	206	231	207	207	201	199	200	202	203	208	196
200	203	204	202	201	232	204	206	238	205	204	247	205	206	238	206	209	237	207	212	233	204	208	237	204	206	243	204	206	207	195	200	202	200	200	202
201	206	215	204	205	275	210	215	274	207	214	281	209	216	279	213	212	279	206	217	274	206	212	272	211	218	276	208	209	206	200	198	209	201	201	208
198	199	214	205	213	750	250	300	770	255	306	771	257	308	763	254	308	765	254	299	763	251	306	762	254	307	767	250	257	204	198	197	206	204	202	205
204	203	249	214	285	3715	540	881	3797	534	898	3816	533	880	3794	530	887	3768	534	868	3787	529	871	3754	526	895	3795	533	548	206	196	199	203	201	202	204
201	199	239	212	268	2924	455	713	2963	447	732	2959	449	707	2947	446	718	2937	454	701	2921	444	698	2903	452	703	2925	448	466	198	200	197	200	198	199	196
200	199	218	202	229	1161	294	388	1185	290	389	1168	296	384	1173	293	388	1177	290	379	1160	294	386	1156	295	383	1181	291	299	203	199	203	204	200	203	204
196	200	207	201	211	461	224	251	463	223	255	467	228	253	461	226	252	467	227	253	459	228	247	456	225	250	469	225	227	198	202	201	202	198	203	206
200	205	207	203	204	266	206	215	267	206	214	268	203	213	264	209	215	266	204	215	268	211	212	268	204	212	269	206	207	204	199	202	207	199	199	208
200	202	204	195	201	241	201	206	234	209	209	240	201	211	236	204	207	236	204	210	236	204	207	235	203	208	234	200	204	204	201	206	207	201	203	207
202	203	212	202	203	241	204	208	244	204	211	242	204	208	244	203	209	244	211	210	238	203	213	236	203	208	241	200	206	212	200	204	219	201	201	211
202	201	226	202	206	252	208	210	249	207	208	251	203	211	251	201	209	249	204	210	248	201	211	247	203	209	245	205	208	216	201	204	219	203	204	221
204	207	221	203	205	254	205	213	255	208	215	250	207	207	260	203	213	254	207	211	249	212	208	255	204	203	255	205	208	222	202	205	221	204	207	224
199	201	215	201	208	246	209	208	251	206	214	244	205	211	250	206	212	251	209	211	250	207	206	248	202	207	249	205	209	213	203	207	212	204	203	212
198	207	199	202	199	236	206	206	233	206	206	232	207	208	237	208	205	238	204	206	237	199	207	237	202	209	239	202	203	199	200	200	202	198	201	198
202	201	212	202	205	259	206	211	266	210	211	262	202	212	263	208	211	263	208	211	255	201	211	253	206	212	255	211	208	213	193	202	214	200	204	217
204	208	240	202	218	505	231	258	512	235	268	519	230	261	525	230	265	511	231	262	511	226	261	503	231	266	509	235	233	241	200	211	238	204	208	235
202	197	266	217	347	4097	777	1353	4096	767	1396	4096	774	1370	4097	775	1377	4096	772	1369	4096	757	1374	4096	758	1392	4096	771	810	204	202	205	199	200	200	204
199	206	233	212	263	4027	447	684	4037	433	684	4039	439	685	4036	441	687	4036	445	676	4034	439	681	4035	433	681	4033	443	453	205	201	201	204	204	203	209
199	200	216	202	226	1079	290	370	1094	284	369	1099	285	375	1102	280	375	1092	282	364	1087	287	369	1083	282	371	1094	287	285	204	200	202	201	200	201	202
202	200	208	203	208	381	219	234	377	221	233	386	217	239	382	218	234	383	216	237	376	218	236	374	218	233	387	223	220	209	204	199	205	203	201	204
201	200	207	200	199	253	200	209	253	207	212	255	201	211	255	203	212	256	203	212	251	203	210	258	207	212	252	206	206	205	202	205	207	202	206	206
202	202	207	202	202	231	203	209	233	207	205	233	202	208	236	203	205	235	204	206	225	204	209	232	205	209	232	205	205	207	202	202	209	200	202	202
197	199	204	199	204	222	204	206	226	202	206	225	207	203	225	204	205	232	203	202	228	200	208	226	204	204	222	203	204	202	200	202	206	199	198	200
205	204	210	201	202	229	203	207	232	204	204	231	206	206	226	205	210	233	203	209	231	204	204	232	203	203	230	203	203	205	203	203	208	203	202	206
204	199	210	204	204	337	217	229	346	212	228	339	215	226	343	215	230	343	218	227	338	211	227	335	219	229	339	217	217	202	200	202	204	202	201	205
193	201	222	208	235	1605	334	463	1629	335	472	1675	333	468	1641	332	468	1645	339	466	1640	332	462	1626	332	468	1640	338	340	202	202	201	208	201	198	201
202	203	212	202	213	726	251	300	733	255	302	729	252	302	731	253	300	730	253	301	733	253	309	713	256	297	721	253	260	202	201	202	201	197	201	197
202	207	230	207	209	427	220	243	427	220	245	432	219	243	419	221	241	423	224	247	421	218	242	416	221	246	417	222	224	231	204	207	228	203	207	223
202	202	209	200	199	254	208	212	249	208	209	250	205	209	255	206	211	248	206	210	250	203	206	253	206	214	254	209	203	207	204	198	207	201	205	206
199	201	204	202	203	240	204	208	241	207	205	239	201	209	243	207	209	240	207	209	239	205	213	238	207	207	243	206	207	202	202	200	199	202	201	205
201	203	212	201	203	356	222	235	368	218	233	355	219	231	370	216	236	372	217	232	365	216	233	368	214	236	370	215	216	208	204	201	207	202	202	204
207	204	230	204	204	291	210	218	291	206	215	301	211	219	297	212	220	295	211	222	299	210	225	299	211	220	295	208	216	228	206	205	229	204	206	229
203	206	205	197	200	237	207	207	238	207	207	239	204	208	242	203	208	238	199	208	245	202	210	237	205	206	239	201	206	193	197	200	205	204	201	204
187	198	204	199	201	219	200	203	227	205	207	221	201	203	222	200	206	215	200	204	222	204	206	220	197	204	220	200	205	201	203	203	203	201	195	200
202	197	203	202	199	219	201	198	223	205	207	222	203	201	219	201	205	222	200	210	224	201	203	217	202	202	222	201	203	200	199	202	209	204	202	203
204	201	207	205	202	219	199	202	220	204	203	216	199	201	219	205	203	220	202	205	222	206	203	219	203	201	217	198	204	204	200	203	203	199	205	203
205	200	204	201	200	220	201	204	219	203	204	223	202	208	224	201	206	225	203	207	229	205	203	224	205	207	225	202	203	209	199	199	205	202	200	208
204	201	203	200	201	226	202	205	226	200	206	229	202	204	229	204	203	225	202	205	230	206	203	226	207	206	224	201	205	208	206	203	204	201	202	203
200	205	213	204	204	234	204	209	239	204	209	240	205	212	234	207	202	237	203	207	234	202	209	242	202	203	233	205	206	205	201	204	205	202	201	208
201	206	211	201	203	236	206	211	248	210	208	244	206	207	247	206	207	241	202	210	245	209	209	246	202	210	243	208	207	209	200	202	208	201	199	209
204	199	205	200	200	238	204	208	241	206	206	240	206	210	231	205	210	242	203	209	234	207	210	235	208	209	234	203	204	205	199	204	205	203	204	204
203	202	224	206	206	266	207	216	267	209	212	268	209	210	264	210	221	265	210	210	261	203	214	269	206	212	267	210	207	218	201	213	225	202	205	222
203	200	208	202	205	280	208	217	277	209	218	279	208	219	281	210	219	283	209	217	277	206	213	283	206	215	280	206	207	204	199	205	210	202	203	204
200	202	210	201	204	252	206	209	259	206	216	257	204	212	257	203	209	247	206	214	253	205	210	252	205	212	253	207	206	207	201	203	207	199	201	201
206	201	203	201	205	248	206	209	245	205	208	245	207	208	244	205	212	244	205	210	242	205	211	242	208	207	244	205	205	202	197	203	199	201	199	203
202	197	202	201	203	237	204	209	236	205	209	237	210	207	237	206	208	236	202	209	239	201	205	238	203	206	235	203	201	204	203	199	199	203	200	205
202	201	203	204	205	241	208	209	247	205	206	240	205	206	243	208	208	237	209	208	238	206	205	237	205	208	244	204	204	208	203	203	204	200	202	207
200	202	213	203	223	1157	300	385	1203	290	386	1191	295	385	1176	294	392	1191	291	386	1178	292	387	1181	292	389	1190	292	297	204	199	203	198	206	202	199
199	203	217	204	228	1219	302	402	1267	295	403	1239	301	403	1236	300	402	1237	297	404	1235	299	395	1230	291	399	1221	298	302	204	201	200	198	203	199	200
200	199	204	203	205	535	235	273	550	237	271	551	235	268	554	237	265	539	236	266	548	237	267	538	229	262	538	238	235	202	203	201	205	204	201	200
205	203	221	202	209	361	216	238	367	216	230	369	215	237	370	215	240	368	216	233	375	216	233	356	218	234	374	217	218	219	204	202	211	203	205	213
199	205	206	203	206	248	206	209	254	209	210	254	209	211	249	210	213	260	203	212	250	202	207	257	207	210	255	207	208	202	201	199	206	202	201	211
200	201	210	206	200	243	206	207	249	207	210	247	203	209	245	203	211	244	206	210	245	205	206	243	207	210	252	208	206	208	203	200	207	201	200	214
201	199	214	204	223	1088	288	375	1117	288	374	1122	283	369	1121	285	374	1104	287	371	1128	283	374	1100	287	367	1101	288	281	205	198	202	204	204	205	204
201	200	231	204	249	2292	397	593	2341	396	604	2345	395	590	2315	402	600	2325	398	591	2323	389	581	2310	389	599	2328	396	406	209	203	201	209	202	205	208
199	208	234	205	230	1141	290	377	1183	295	385	1189	289	387	1177	296	384	1176	283	378	1163	294	381	1167	294	374	1147	294	301	221	203	205	224	204	201	224
200	199	202	200	209	534	231	270	554	235	271	539	231	272	542	235	269	535	236	271	541	235	265	542	230	266	550	231	229	195	200	200	197	198	206	196
203	199	201	200	203	323	215	225	328	212	223	322	208	221	331	212	222	321	213	223	328	214	225	320	213	224	315	210	212	197	200	201	198	198	203	196
196	204	213	202	204	274	206	216	273	209	215	272	210	215	275	204	217	272	206	216	275	209	216	275	208	211	272	209	209	213	203	200	208	204	202	211
198	199	207	201	203	243	209	206	244	204	213	245	201	205	245	206	209	241	207	208	248	204	207	249	203	205	240	206	207	207	201	200	207	205	198	203
202	201	217	205	208	263	205	210	261	208	217	260	202	215	264	204	211	262	206	217	259	203	210	260	203	212	260	201	206	213	205	201	214	202	204	219
201	204	210	201	210	271	212	215	278	206	218	273	204	213	275	208	216	279	207	217	275	210	213	274	206	215	267	206	206	211	200	201	222	204	203	212
204	199	215	202	207	367	217	234	364	218	232	370	215	241	376	215	237	368	215	230	368	215	237	361	216	233	365	220	218	214	199	203	207	206	201	219
199	204	234	206	249	2296	388	584	2370	384	587	2395	393	577	2346	390	582	2337	386	573	2360	384	579	2351	379	576	2370	393	395	203	199	202	206	199	202	209
202	200	378	246	529	4073	1469	2779	4075	1452	2785	4075	1477	2770	4074	1453	2797	4074	1467	2721	4074	1461	2748	4074	1419	2791	4074	1463	1561	210	204	202	209	199	203	205
202	200	304	225	387	4092	885	1633	4092	898	1654	4092	883	1644	4092	917	1639	4092	906	1637	4092	905	1637	4092	889	1635	4092	893	957	214	200	201	210	200	203	212
200	200	247	208	263	4125	439	667	4137	437	671	4137	439	662	4138	436	674	4137	433	659	4138	433	675	4138	429	669	4138	439	451	213	203	199	211	205	204	213
204	204	215	205	225	1121	291	382	1144	289	388	1160	288	383	1159	293	384	1153	294	381	1149	291	376	1152	286	387	1164	293	301	208	200	204	206	203	207	205
200	187	205	202	202	321	219	227	335	213	226	330	210	225	331	214	221	324	214	232	334	209	227	329	210	226	327	211	212	205	198	198	202	198	201	202
199	210	223	203	207	267	206	211	270	208	213	269	204	218	262	208	215	269	209	214	270	206	210	268	207	209	265	207	207	223	206	207	225	207	205	227
199	203	204	198	204	235	205	207	239	200	206	239	205	210	236	201	202	234	199	205	245	203	207	241	204	206	238	204	204	207	203	200	208	204	203	202
201	204	211	203	204	241	203	208	240	207	206	240	205	207	242	205	208	243	208	210	238	206	208	238	205	205	238	207	202	218	204	205	211	202	202	215
202	197	205	204	199	224	197	205	225	207	206	223	201	203	228	203	205	224	202	205	227	205	208	225	200	208	224	203	202	204	204	202	207	200	204	204
196	200	208	197	201	218	202	204	218	201	205	218	205	200	224	202	202	218	202	203	218	201	204	216	199	201	221	204	203	201	204	199	205	203	201	204
202	201	214	199	203	226	204	204	230	205	206	227	202	209	228	203	202	232	195	204	226	204	204	226	204	204	231	206	202	211	203	202	210	203	204	214
206	203	212	204	203	224	203	207	226	200	206	224	207	207	222	203	206	224	205	205	225	204	203	222	201	203	224	203	202	212	204	199	208	197	197	209
200	202	204	201	207	216	199	204	219	204	203	218	202	204	219	199	203	221	201	205	220	202	204	215	202	202	218	203	205	200	202	200	209	201	200	204
204	210	251	204	208	258	205	210	266	208	211	258	203	210	261	207	209	257	205	211	258	208	210	260	208	212	260	209	212	240	208	212	241	207	212	245
199	202	213	200	207	246	204	208	244	203	208	247	207	207	245	203	211	244	200	210	241	200	209	245	201	215	244	208	205	215	203	206	213	201	202	217
200	199	217	204	219	837	265	332	869	270	331	877	264	333	871	263	326	876	262	334	864	265	321	858	260	331	867	263	268	208	202	203	204	201	200	203
199	201	200	207	207	536	237	264	541	237	269	549	232	268	541	231	268	538	238	270	547	231	263	534	229	263	538	231	236	199	201	199	204	202	197	202
203	201	216	203	206	333	213	225	333	215	225	345	210	230	342	214	235	330	211	226	336	215	225	342	212	228	339	214	216	209	199	206	210	202	201	211
191	200	205	202	202	267	204	213	268	209	213	269	206	218	266	207	214	267	207	214	271	210	215	271	212	216	266	205	207	206	202	200	202	201	199	206
202	203	208	207	203	231	199	205	226	203	208	228	204	208	232	206	203	231	202	207	227	199	206	229	203	205	231	205	205	210	202	202	210	203	199	207
204	201	204	198	204	220	201	206	219	200	207	217	207	202	222	205	205	219	201	202	222	204	206	219	202	205	220	201	206	207	203	201	206	200	202	203
201	202	205	201	202	220	203	207	225	202	208	219	204	206	224	200	205	226	201	202	223	201	204	218	204	207	226	205	205	202	202	204	210	203	202	206
197	198	202	201	197	215	204	204	220	202	204	219	202	210	222	200	205	216	202	204	220	198	207	216	199	207	214	205	197	200	204	199	204	204	203	200
202	205	214	209	204	226	202	207	224	199	206	227	203	205	224	204	207	222	205	201	224	200	205	225	200	208	227	204	204	216	200	206	206	200	203	211
200	203	208	199	200	223	199	200	221	204	202	217	203	207	216	204	208	215	201	204	222	205	204	220	203	206	219	203	204	206	199	201	205	199	204	208
199	201	210	202	204	222	202	201	218	202	207	218	200	206	222	204	205	215	202	207	223	204	202	219	205	204	222	201	205	210	202	204	206	205	204	208
201	198	203	204	204	218	200	200	217	202	204	221	201	208	220	203	204	215	200	205	218	200	205	220	203	206	216	195	203	205	204	200	203	203	201	203
206	202	203	201	200	218	202	205	223	205	204	223	204	207	227	202	208	222	204	208	225	200	204	228	199	206	228	201	201	206	198	203	200	202	205	198
198	203	207	203	210	244	206	209	242	206	212	242	206	210	239	209	211	241	207	209	239	207	208	236	207	209	245	206	204	209	200	205	210	197	205	208
201	204	211	205	212	705	245	297	707	253	301	713	252	300	702	250	299	716	246	300	713	251	301	705	247	300	707	252	246	208	201	199	204	205	204	203
200	203	219	205	220	921	273	345	954	272	342	971	270	342	972	272	350	957	273	339	968	272	349	950	273	343	933	275	272	213	202	203	214	201	205	221
201	202	248	211	254	2306	392	591	2371	389	612	2380	394	597	2360	398	588	2374	398	591	2347	396	595	2351	389	596	2331	398	406	220	202	205	230	204	202	224
200	199	217	203	224	1189	298	387	1233	297	399	1248	297	403	1235	299	406	1246	298	388	1237	309	401	1230	300	392	1217	299	301	202	199	200	200	196	205	201
197	205	216	202	213	594	237	275	587	240	280	600	239	282	598	233	281	592	240	276	607	240	273	604	236	276	595	235	236	202	204	198	204	200	201	207
202	199	203	204	203	402	220	237	412	219	242	403	221	244	401	221	239	400	222	244	407	220	242	402	223	239	409	219	218	203	202	198	197	201	203	203
197	206	212	202	202	254	210	213	251	203	215	250	204	212	251	206	207	247	203	208	246	209	210	250	208	209	253	204	206	214	200	204	208	200	203	212
200	199	202	203	203	217	205	203	212	202	204	217	202	204	219	203	205	214	202	204	216	200	202	215	204	204	219	202	204	202	201	200	206	203	205	202
203	197	202	199	198	212	200	200	213	205	203	212	205	203	212	202	199	215	203	204	214	202	200	213	206	204	210	202	202	207	200	200	202	198	202	203
198	203	206	202	204	217	199	204	215	197	204	220	201	205	215	202	202	217	205	203	219	207	203	219	201	201	221	202	203	202	203	204	205	203	204	203
203	200	202	202	201	209	201	206	208	204	199	211	204	201	210	200	201	208	203	202	212	197	205	208	198	203	211	198	200	199	199	197	202	202	199	203
205	201	211	203	206	285	210	219	289	213	221	288	210	219	291	205	216	290	211	220	294	205	218	289	209	218	289	206	207	210	203	204	206	199	200	210
199	202	220	204	210	699	249	297	695	247	297	696	253	298	693	247	300	692	248	300	690	248	293	694	244	301	692	246	246	217	203	200	214	200	202	212
200	200	212	199	203	348	216	233	358	219	232	350	215	237	360	212	229	355	217	232	357	219	235	359	219	232	359	216	217	209	201	204	209	206	201	211
202	203	205	202	200	282	212	217	282	204	213	277	212	216	282	209	210	274	210	216	278	212	213	281	206	212	282	212	210	208	198	203	209	199	203	207
204	207	250	207	210	283	213	222	291	209	213	287	210	219	288	205	217	288	211	214	281	209	218	287	210	219	280	204	214	247	208	207	246	204	211	247
198	200	208	204	204	222	202	203	218	200	207	218	204	206	218	201	204	216	199	206	222	205	206	220	204	205	219	200	202	209	200	203	209	199	202	206
205	205	222	206	204	226	201	203	225	201	205	232	204	209	227	204	202	224	202	204	225	201	204	227	203	208	224	203	206	223	205	199	221	204	203	222
201	201	204	201	203	209	204	200	211	200	204	214	201	203	217	204	206	211	200	195	213	200	204	206	203	202	213	204	199	209	202	197	209	201	206	204
202	201	203	203	200	209	199	199	206	200	203	206	198	204	208	199	203	205	202	204	210	198	200	209	204	201	208	199	198	203	205	198	204	200	203	205
203	204	226	205	207	244	205	208	241	207	212	252	202	211	244	204	207	247	206	209	253	203	208	246	206	209	247	203	206	220	199	205	221	208	206	222
197	200	204	204	199	223	202	200	219	203	203	227	202	210	224	201	203	220	203	208	224	198	204	221	205	202	226	201	203	204	202	201	202	201	202	201
193	198	203	203	204	221	202	204	221	198	207	227	204	202	220	200	205	222	202	203	220	203	205	218	195	204	221	203	200	204	198	202	197	202	197	203
202	203	220	205	204	236	204	206	234	204	210	232	201	208	240	204	206	233	208	207	240	204	205	233	203	204	239	202	210	226	204	204	222	206	205	220
200	200	209	201	207	224	205	207	220	201	204	220	202	207	223	200	204	219	202	207	220	201	204	216	204	205	219	202	205	211	198	203	212	203	198	211
200	205	202	199	201	213	204	200	214	202	202	213	199	205	215	199	204	218	193	206	218	203	200	209	199	200	213	203	201	203	202	202	202	202	202	203
200	204	208	202	200	253	203	212	256	208	215	258	207	209	255	213	211	252	204	212	255	207	209	250	200	209	256	209	207	204	200	200	208	201	203	205
199	204	212	202	203	264	212	215	265	207	215	261	209	214	263	204	214	267	205	214	269	209	211	260	208	216	260	208	208	211	200	206	210	201	201	210
201	200	210	198	205	233	203	206	237	207	208	231	202	205	232	205	203	232	204	208	233	204	207	232	205	206	233	200	200	206	199	207	208	201	206	208
201	203	206	200	202	221	205	205	227	203	204	225	203	207	220	205	205	218	202	202	218	200	204	224	204	204	224	202	202	203	200	201	202	203	201	205
198	201	208	199	203	218	205	202	214	204	208	215	201	202	213	202	200	217	202	202	216	203	204	214	200	201	212	199	201	206	205	198	206	202	204	204
202	203	211	199	202	215	201	208	224	202	202	222	202	202	214	201	207	218	201	206	218	202	202	219	202	201	215	198	204	207	203	203	210	200	203	208
200	200	209	202	203	213	201	203	217	208	204	219	205	203	216	204	207	215	200	207	213	202	201	211	202	204	216	202	202	210	199	203	208	206	200	209
198	205	202	201	200	207	204	203	207	201	202	205	205	203	206	206	203	206	202	204	206	200	203	206	196	203	207	200	200	201	199	198	197	197	198	203
200	200	202	200	202	207	201	198	209	199	204	212	196	202	207	200	203	211	204	199	209	202	205	210	200	202	208	202	201	203	200	200	202	202	202	203
198	202	208	199	199	214	200	204	218	205	201	214	204	202	218	202	207	216	199	207	215	202	205	219	204	200	216	201	201	208	199	205	210	202	201	214
199	203	202	204	200	220	200	204	219	203	201	216	204	202	213	202	206	219	201	202	218	206	210	218	201	203	220	205	205	199	198	198	203	193	199	199
202	199	206	198	198	213	203	201	212	204	201	212	205	201	216	199	201	213	203	203	214	202	202	216	204	203	215	200	201	206	203	198	203	200	203	204
199	201	205	203	197	215	203	205	212	202	204	209	197	202	214	201	206	207	204	201	212	202	206	209	204	203	211	200	205	207	197	200	204	201	205	207
204	201	203	197	204	209	204	202	211	198	206	210	199	206	212	204	201	211	200	202	212	200	204	209	203	204	213	200	203	201	197	202	205	200	202	204
201	200	209	201	202	209	204	200	211	200	202	211	203	202	209	203	203	209	200	204	210	189	198	212	202	204	211	205	205	200	198	201	205	201	203	205
200	200	202	200	198	211	198	203	209	201	205	209	204	203	208	199	202	213	203	201	208	201	204	209	202	205	210	202	206	208	204	198	204	201	205	203
201	203	203	203	201	205	202	197	208	204	200	204	209	202	205	201	202	207	200	201	207	202	202	205	201	203	208	202	202	201	199	205	203	203	198	207
201	202	200	201	202	205	204	202	206	198	200	207	201	201	202	200	201	207	205	199	209	198	199	206	202	204	205	199	199	204	198	204	201	209	203	201
201	202	207	201	198	208	205	204	212	201	201	214	200	203	209	204	204	210	199	203	212	201	202	214	200	202	208	200	201	204	204	201	204	199	201	204
203	203	201	200	201	208	202	202	210	203	202	211	198	207	211	198	200	209	201	202	209	203	203	212	199	206	206	203	205	202	203	200	200	199	202	196
203	205	211	200	205	215	204	201	215	204	205	214	202	201	217	203	204	209	203	204	212	201	202	215	203	204	218	202	208	210	203	198	210	204	202	209
200	204	206	198	203	204	200	198	205	202	202	202	205	205	207	200	206	205	199	202	208	200	201	204	204	199	206	201	204	200	198	205	202	198	203	201
198	201	202	201	203	207	203	198	209	205	202	205	202	202	208	198	201	207	200	197	204	203	198	210	199	200	208	204	194	204	200	203	206	201	201	201
202	200	211	203	204	217	200	202	215	203	203	219	199	203	216	202	204	214	203	201	211	202	201	211	203	198	214	203	206	211	199	203	212	202	201	210
201	206	219	202	208	221	204	201	230	200	205	224	200	205	226	200	208	222	200	205	218	207	209	220	201	204	226	201	201	218	201	203	221	202	206	217
200	203	210	204	203	218	203	209	215	202	204	221	206	207	218	205	203	215	200	204	216	204	203	216	201	206	220	203	205	216	200	204	211	200	202	216
199	201	205	201	204	204	200	203	207	202	200	209	200	203	207	201	201	208	203	205	210	198	202	212	201	201	207	204	201	204	197	200	209	200	203	213
203	198	204	197	204	205	201	202	206	205	200	202	203	201	207	204	202	205	201	199	204	200	199	204	203	199	207	198	200	203	200	199	205	199	202	202
203	207	225	203	205	223	208	207	225	204	208	227	202	203	227	206	208	224	194	207	223	200	208	227	204	205	232	205	209	218	205	205	224	199	202	224
200	202	199	203	202	206	203	205	207	204	198	204	203	203	205	200	201	204	201	202	206	200	203	204	207	201	204	201	202	200	202	198	204	199	201	204
201	201	198	203	200	208	200	204	203	202	198	204	201	201	206	198	204	206	204	198	204	199	204	204	202	203	207	195	199	202	200	202	190	203	199	195
203	203	205	199	200	205	204	202	203	202	204	196	202	205	207	199	203	205	200	203	204	200	198	201	201	202	203	202	202	204	198	203	203	202	201	201
196	198	202	201	200	205	201	202	207	202	203	204	197	200	205	204	204	203	201	205	207	205	198	202	205	199	203	198	202	201	202	199	202	200	200	201
202	204	209	200	201	214	198	205	214	204	204	214	201	202	216	204	206	217	201	203	214	203	205	215	200	200	214	205	203	216	202	205	206	199	202	210
204	201	205	204	202	207	203	204	211	199	201	206	203	202	202	202	202	208	201	200	209	203	202	209	203	203	212	203	204	205	208	205	203	199	201	205
200	204	204	206	202	203	200	202	204	199	201	203	208	202	207	201	204	204	202	203	200	197	204	206	201	199	211	203	202	202	200	202	204	201	202	200
205	207	229	205	203	233	204	208	234	203	209	230	200	206	229	204	203	245	203	206	236	206	210	236	203	207	233	199	208	233	202	203	231	203	209	229
200	198	205	203	205	198	202	205	204	203	201	203	203	204	206	201	199	207	206	201	201	198	205	203	200	201	205	201	202	204	201	202	202	203	205	200
201	199	201	201	203	205	206	200	206	203	206	209	203	203	206	198	202	206	203	206	202	199	201	204	200	199	205	200	202	205	201	200	202	201	202	201
204	203	223	205	207	225	204	206	230	202	204	231	204	205	224	201	206	234	204	207	225	201	208	230	203	209	225	204	206	224	206	204	230	204	207	220
200	200	211	200	206	218	204	202	216	202	205	218	204	202	220	201	209	216	199	206	221	203	206	224	205	207	215	202	200	210	202	202	208	202	202	208
201	201	208	200	202	218	203	209	218	203	201	218	204	204	219	203	201	221	204	200	218	204	203	222	207	208	220	199	203	202	201	203	205	203	200	203
200	201	199	201	199	209	203	202	208	201	201	208	200	202	209	202	202	206	195	201	212	204	205	209	198	203	208	197	200	199	200	199	200	199	205	200
200	202	205	199	201	212	204	201	213	206	203	211	202	202	208	205	202	213	201	202	210	203	203	210	198	204	210	203	199	201	200	202	203	202	201	202
205	201	204	200	202	218	201	201	218	205	207	217	200	202	220	205	205	220	202	201	221	205	205	217	199	206	216	201	202	204	203	202	205	195	199	204
202	201	206	201	205	339	215	226	337	218	227	341	218	228	340	215	226	344	217	227	338	216	230	341	211	223	340	210	215	205	204	202	212	199	202	208
199	200	219	205	224	1144	290	377	1164	290	386	1160	288	387	1157	289	379	1148	287	383	1161	290	383	1153	290	385	1164	286	296	205	202	197	209	197	199	206
202	202	220	201	213	713	245	302	726	243	301	719	247	301	717	250	301	711	254	300	716	252	294	706	250	297	726	247	250	210	205	202	211	204	200	207
203	203	210	200	207	486	227	257	494	233	258	491	230	256	494	229	260	492	223	257	487	222	256	489	224	259	487	236	236	205	198	197	204	200	200	202
203	196	210	206	203	379	218	240	381	214	235	387	216	241	382	216	239	382	221	234	379	217	236	383	213	232	383	221	222	212	202	206	210	200	202	205
202	200	209	201	207	273	210	217	289	206	215	290	208	217	291	210	217	288	211	220	285	212	219	285	207	215	283	211	210	212	201	203	215	202	207	214
202	202	206	203	201	217	205	202	218	204	206	221	205	205	218	203	206	221	202	206	216	200	209	223	201	204	218	202	199	205	202	204	209	202	202	209
205	201	217	202	200	218	199	207	218	201	203	225	206	205	221	202	204	222	201	206	222	201	203	223	204	204	221	203	203	213	200	203	211	200	205	213
196	199	206	200	201	219	203	201	215	201	208	217	202	206	215	202	203	217	200	203	217	196	204	216	203	205	219	206	202	203	204	202	204	197	202	205
207	203	211	203	203	230	205	207	234	204	203	229	203	207	227	203	204	229	206	207	228	202	206	228	203	205	224	202	210	214	205	204	216	201	205	215
197	201	203	197	204	218	207	207	225	200	207	222	203	205	229	204	207	221	207	206	226	201	206	219	206	203	224	200	202	206	199	202	205	200	201	208
201	203	211	206	208	351	218	231	352	218	233	357	214	229	353	217	223	356	210	226	351	219	234	357	216	228	353	215	214	207	200	203	209	196	205	211
200	203	204	202	205	316	212	218	321	209	228	318	208	223	314	210	224	312	216	228	315	212	223	311	212	222	313	210	208	205	203	203	203	200	198	204
198	198	215	202	205	277	201	218	275	205	219	279	209	221	280	209	215	278	208	215	280	210	218	279	205	213	276	201	207	209	205	204	210	203	201	213
202	201	207	198	203	248	204	209	245	206	209	241	203	205	245	207	212	248	207	212	242	204	205	244	204	211	249	204	208	203	203	199	202	201	203	206
202	203	209	199	199	234	203	206	233	206	206	232	207	205	235	198	209	230	199	207	233	200	207	231	206	204	232	205	203	207	201	204	205	197	199	212
199	199	199	202	202	201	200	202	203	198	198	203	200	202	208	202	200	210	202	203	205	200	204	209	201	207	209	201	200	197	198	201	198	198	200	201
198	201	210	200	201	213	202	203	207	198	201	208	200	202	213	203	201	205	198	199	212	200	200	206	200	203	209	204	204	205	199	201	205	201	203	204
202	203	207	199	199	215	201	203	213	203	205	213	202	204	214	204	202	215	198	202	211	203	203	210	202	205	215	201	202	205	202	204	210	196	201	206
201	201	202	199	202	209	205	200	209	204	200	206	203	201	211	200	201	198	203	204	204	200	203	205	200	198	211	196	201	201	198	198	203	204	203	200
205	200	203	204	201	206	200	197	207	203	200	208	204	198	203	197	204	205	201	200	205	204	202	207	197	206	205	202	199	203	202	207	203	204	199	203
204	202	207	200	200	208	201	199	208	203	204	211	200	205	215	203	203	206	197	200	209	201	200	207	201	207	210	201	201	205	201	199	207	203	203	204
200	201	200	202	203	206	200	201	206	200	202	205	204	201	207	201	205	207	201	203	205	204	198	203	202	202	204	199	200	203	200	203	204	207	201	202
200	200	198	205	198	201	201	202	201	203	201	203	200	202	199	200	202	200	201	201	199	200	202	200	200	200	201	199	199	195	202	201	201	200	206	200
200	200	200	202	204	208	205	201	210	201	201	208	201	201	207	206	199	206	202	202	207	204	201	208	200	202	208	200	200	201	197	200	199	203	202	200
200	204	204	202	203	203	197	206	208	203	200	207	203	202	209	204	202	209	202	200	209	201	204	201	204	203	206	199	206	201	199	200	202	202	201	204
202	204	213	203	203	215	204	204	218	202	204	216	202	204	219	201	204	216	203	205	213	201	204	216	200	203	216	202	201	210	205	205	211	205	202	212
202	201	209	199	203	209	200	206	215	206	204	211	201	203	213	202	203	213	204	201	215	204	204	214	200	201	214	202	201	209	202	201	210	202	204	212
198	200	203	200	202	205	203	200	208	205	198	208	203	201	207	195	196	208	200	204	202	200	199	207	201	199	208	204	206	205	200	200	206	198	199	205
206	202	208	204	203	211	202	206	213	205	206	208	202	202	212	200	198	214	203	205	211	201	201	215	200	201	214	201	203	209	199	201	207	200	198	210
202	201	221	200	202	224	203	203	219	203	205	217	204	206	226	201	200	219	202	204	221	202	204	220	203	201	221	201	202	221	199	203	222	203	205	219
198	201	204	202	203	211	202	202	209	200	202	209	200	205	209	202	206	212	203	203	210	201	204	212	202	204	215	206	206	205	199	205	209	200	203	211
204	203	206	199	200	206	201	202	204	198	201	202	202	203	205	202	201	206	198	200	202	201	201	206	196	204	208	199	201	205	197	204	202	202	201	204
208	206	231	205	207	232	206	205	227	202	208	231	203	208	231	207	206	231	205	206	232	198	208	231	202	204	228	206	208	231	202	209	232	207	206	234
201	202	204	202	204	203	202	201	205	201	203	205	198	205	204	201	199	203	200	202	206	201	203	202	201	201	208	203	200	204	197	201	200	201	202	203
202	201	206	195	205	203	201	206	206	202	201	206	202	201	208	201	204	208	202	205	214	202	207	206	203	204	208	200	200	207	189	199	207	201	204	200
203	200	204	202	205	201	202	205	204	200	201	202	205	202	207	201	200	203	200	199	205	202	198	204	201	198	209	201	204	206	201	201	201	199	201	205
197	199	208	200	201	207	201	201	209	198	205	204	202	200	205	201	199	203	202	200	206	198	204	204	202	197	205	202	199	204	199	204	207	204	201	203
203	200	209	205	201	212	196	203	213	200	199	209	197	198	210	200	205	210	201	203	207	206	205	206	202	202	208	200	202	209	201	202	210	204	201	205
204	201	210	204	205	209	204	204	212	200	198	210	205	206	209	200	202	207	200	205	209	199	204	208	202	207	206	200	200	208	202	205	204	197	201	206
199	197	204	202	201	202	204	203	201	204	199	203	195	199	208	200	204	210	199	202	202	196	201	204	210	202	203	195	205	203	200	201	200	200	201	203
200	203	208	202	202	209	200	206	209	200	202	206	202	199	211	200	200	209	201	203	207	204	196	208	199	204	207	203	200	211	202	203	209	202	202	208
201	199	201	199	199	197	200	200	206	205	199	206	203	203	199	203	199	199	198	197	199	200	203	200	201	203	199	202	200	202	200	200	198	198	202	204
198	207	213	201	205	220	202	204	219	202	203	221	205	203	218	204	206	217	202	206	218	206	206	214	204	208	214	200	204	213	200	201	217	204	204	215
199	204	209	203	204	207	198	202	206	204	202	204	202	205	206	197	203	208	203	202	209	199	207	208	201	201	211	207	203	210	200	202	206	201	204	206
202	200	205	198	201	211	201	202	210	197	201	210	200	205	213	197	205	208	207	206	213	200	202	209	200	201	208	201	198	208	204	201	211	204	203	208
202	203	207	201	204	211	201	202	212	204	201	209	199	204	213	203	203	208	201	200	213	203	202	211	204	204	210	201	204	210	201	202	208	193	206	208
201	200	205	201	206	208	200	201	211	202	201	210	201	203	208	203	205	208	198	199	211	205	202	209	200	198	207	203	200	204	199	202	206	202	202	209
204	202	205	202	200	211	201	201	205	204	200	206	201	200	208	202	205	210	201	202	209	203	199	208	205	202	209	199	200	206	199	201	209	200	202	203
205	198	200	200	206	206	204	203	204	202	204	212	198	204	206	198	203	205	203	203	206	201	198	205	205	202	209	206	203	206	203	202	204	200	200	203
202	199	207	203	199	207	201	202	203	202	199	210	201	201	210	200	202	208	200	198	206	203	203	209	204	200	206	201	203	203	200	200	209	199	201	204
203	204	200	199	200	204	197	198	203	199	204	210	200	201	206	202	202	208	200	202	205	199	200	208	200	202	207	202	198	204	201	202	204	202	205	205
203	204	209	204	202	207	201	204	210	197	202	207	201	202	211	203	199	211	203	201	209	197	200	208	199	200	212	202	197	208	200	202	209	203	201	205
200	202	202	199	202	205	201	202	206	201	201	207	202	202	204	200	202	205	202	202	208	202	201	204	201	199	204	198	204	203	200	204	200	206	199	201
203	204	201	201	202	211	202	204	213	202	203	214	199	204	207	203	201	213	202	201	210	200	205	211	199	205	216	201	201	200	196	200	201	201	200	204
200	201	210	201	207	249	208	211	254	205	209	259	207	211	254	206	213	250	207	211	251	207	215	250	206	212	251	203	208	210	204	208	218	200	201	213
202	203	209	201	203	246	204	212	243	208	211	243	209	212	246	206	210	246	203	207	243	209	211	242	202	212	244	210	203	214	198	201	210	206	204	207
203	199	205	199	199	236	207	205	229	203	205	231	203	207	230	205	206	231	204	202	235	205	208	230	200	206	233	206	207	201	201	202	206	200	204	203
199	201	203	205	203	221	197	206	222	202	202	222	205	206	225	203	205	219	201	205	219	204	202	228	199	203	226	205	204	205	201	197	207	198	205	206
204	205	214	202	204	219	205	207	227	202	204	220	202	202	220	204	207	220	201	205	221	204	206	220	203	204	218	203	200	206	204	204	212	204	203	209
206	205	207	202	198	210	199	202	210	205	206	212	200	204	210	202	200	209	200	205	214	201	200	207	202	204	211	204	198	207	201	202	211	201	202	203
201	203	220	204	204	224	202	205	220	202	209	224	203	204	222	199	203	225	202	205	222	204	204	221	204	204	228	202	205	218	197	206	221	198	205	221
199	200	214	205	204	213	203	200	215	206	204	212	204	199	214	206	206	213	203	206	213	201	206	217	201	201	213	199	206	213	203	207	213	199	203	215
201	202	207	205	202	204	200	201	205	204	201	207	203	203	206	203	202	208	202	202	207	207	200	204	201	200	204	202	200	205	203	201	205	199	199	208
202	204	217	203	205	217	202	206	216	201	208	214	203	196	217	201	205	215	202	204	218	204	203	215	201	204	221	200	204	213	201	202	220	202	204	209
201	198	203	197	204	206	197	203	204	202	201	202	199	199	203	201	203	203	205	195	202	197	199	199	198	201	206	199	206	203	200	200	202	203	199	201
203	205	207	202	202	206	201	208	211	201	202	210	207	200	206	201	202	206	201	204	210	206	199	208	199	202	212	197	201	208	199	201	209	202	203	211
204	202	206	205	203	211	204	204	211	199	199	213	202	206	210	198	204	211	201	203	215	202	202	214	204	203	211	198	200	213	202	204	209	202	200	208
201	206	204	202	203	210	200	199	206	199	202	204	202	199	205	201	201	205	200	204	208	206	205	203	201	199	205	202	199	203	202	198	196	202	202	204
199	200	203	198	198	205	205	201	207	207	197	207	200	201	208	205	202	205	202	205	204	201	200	210	202	202	207	197	204	205	200	201	202	204	199	200
198	199	210	202	204	208	200	202	213	201	203	214	202	204	219	197	206	213	203	205	210	201	202	214	201	200	209	204	197	205	203	205	208	206	204	209
205	204	220	205	206	220	201	206	223	203	204	222	203	205	219	202	203	223	204	204	229	200	205	224	202	205	222	201	196	223	204	203	221	202	202	229
200	206	207	197	203	209	202	205	209	205	205	209	198	204	210	200	203	206	203	205	210	204	202	209	199	201	206	201	198	203	201	203	206	201	204	208
199	202	213	205	203	217	203	201	218	202	201	219	202	202	213	202	206	216	203	200	220	201	202	216	206	205	215	201	200	214	200	205	215	202	201	217
202	202	205	204	200	206	200	202	206	203	199	207	198	200	204	200	202	205	202	203	207	202	202	206	203	202	212	197	197	205	199	201	207	202	199	205
205	202	211	200	199	209	200	202	208	201	201	205	196	198	203	197	202	208	200	205	210	202	203	207	200	207	205	203	199	204	199	200	211	200	204	206
198	203	211	204	205	215	202	203	219	199	204	215	202	204	218	201	206	220	198	200	214	200	203	212	205	202	218	204	202	217	198	200	215	203	199	215
196	203	212	201	203	210	196	205	208	201	207	211	202	199	209	200	205	205	200	203	207	200	202	207	201	203	209	206	199	213	203	200	208	196	203	205
198	203	200	204	200	203	203	201	199	201	204	201	203	200	200	199	200	201	199	202	200	198	202	201	203	205	204	198	198	200	200	194	197	205	200	200
201	201	208	203	206	213	198	203	206	197	201	207	200	200	206	205	202	210	202	204	208	202	200	209	198	201	208	205	205	212	205	207	207	207	203	212
198	201	207	203	201	202	204	200	204	201	202	204	199	202	204	200	203	208	203	207	204	202	202	205	199	200	203	202	198	208	200	205	204	199	200	207
201	202	211	204	201	214	200	197	212	201	205	213	201	201	216	198	203	209	198	201	209	202	203	213	198	205	212	201	203	211	202	201	215	206	202	210
197	201	206	200	201	207	201	202	209	199	204	205	201	200	209	201	206	211	200	203	216	199	208	208	202	200	210	198	204	209	199	202	211	197	204	208
202	205	205	203	201	207	205	202	207	199	201	208	201	201	209	202	206	208	204	202	204	201	199	206	202	197	210	203	198	205	200	201	207	201	201	206
199	201	210	205	204	208	205	202	207	201	204	210	203	204	210	202	200	209	201	201	207	202	199	205	204	201	205	199	203	208	199	200	208	201	204	206
204	201	214	201	202	208	201	201	210	199	202	210	204	202	212	203	205	213	198	203	214	200	200	209	202	202	211	200	205	209	201	200	206	201	201	213
201	202	207	195	203	209	199	201	207	203	202	204	203	200	208	203	202	207	203	204	208	201	199	202	205	198	212	202	202	209	202	198	208	201	201	201
202	200	204	201	204	207	204	202	209	200	202	212	200	210	212	202	201	207	200	200	208	202	204	211	196	202	214	203	204	212	204	203	210	199	200	211
200	200	199	199	204	205	195	204	198	204	202	201	197	197	200	201	200	202	199	201	202	202	202	200	199	201	202	201	195	201	203	205	200	198	199	201
\machine::top.usb650:setup:su_maj_r1
0
1
1
8.500000
\machine::top.usb650:setup:su_z1
0
1
1
-1.000000
\machine::top.usb650:setup:su_phi1
0
1
1
157.500000
\machine::top.usb650:setup:su_maj_r2
0
1
1
8.500000
\machine::top.usb650:setup:su_z2
0
1
1
1.000000
\machine::top.usb650:setup:su_phi2
0
1
1
157.500000
\machine::top.usb650:setup:su_ft
1
1
1
50mm, P1000-2-UV/VIS EOS00019, 727-733-2447
\machine::top.usb650:comments
1
1
1
relative to track 2
\machine::top.usb650:framing:frm_int
0
1
36
100
200
1000
100
200
1000
100
200
1000
100
200
1000
100
200
1000
100
200
1000
100
200
1000
100
200
1000
100
200
1000
100
200
1000
100
200
1000
100
200
1000
