\machine::top.usb650:setup:su_pixels
0
1
1
651
\machine::top.usb650:framing:frm_n
0
1
1
36
\machine::top.usb650:calib:wve_spec
0
1
651
350
351
352
353
354
355
356
357
358
359
360
361
362
363
364
365
366
367
368
369
370
371
372
373
374
375
376
377
378
379
380
381
382
383
384
385
386
387
388
389
390
391
392
393
394
395
396
397
398
399
400
401
402
403
404
405
406
407
408
409
410
411
412
413
414
415
416
417
418
419
420
421
422
423
424
425
426
427
428
429
430
431
432
433
434
435
436
437
438
439
440
441
442
443
444
445
446
447
448
449
450
451
452
453
454
455
456
457
458
459
460
461
462
463
464
465
466
467
468
469
470
471
472
473
474
475
476
477
478
479
480
481
482
483
484
485
486
487
488
489
490
491
492
493
494
495
496
497
498
499
500
501
502
503
504
505
506
507
508
509
510
511
512
513
514
515
516
517
518
519
520
521
522
523
524
525
526
527
528
529
530
531
532
533
534
535
536
537
538
539
540
541
542
543
544
545
546
547
548
549
550
551
552
553
554
555
556
557
558
559
560
561
562
563
564
565
566
567
568
569
570
571
572
573
574
575
576
577
578
579
580
581
582
583
584
585
586
587
588
589
590
591
592
593
594
595
596
597
598
599
600
601
602
603
604
605
606
607
608
609
610
611
612
613
614
615
616
617
618
619
620
621
622
623
624
625
626
627
628
629
630
631
632
633
634
635
636
637
638
639
640
641
642
643
644
645
646
647
648
649
650
651
652
653
654
655
656
657
658
659
660
661
662
663
664
665
666
667
668
669
670
671
672
673
674
675
676
677
678
679
680
681
682
683
684
685
686
687
688
689
690
691
692
693
694
695
696
697
698
699
700
701
702
703
704
705
706
707
708
709
710
711
712
713
714
715
716
717
718
719
720
721
722
723
724
725
726
727
728
729
730
731
732
733
734
735
736
737
738
739
740
741
742
743
744
745
746
747
748
749
750
751
752
753
754
755
756
757
758
759
760
761
762
763
764
765
766
767
768
769
770
771
772
773
774
775
776
777
778
779
780
781
782
783
784
785
786
787
788
789
790
791
792
793
794
795
796
797
798
799
800
801
802
803
804
805
806
807
808
809
810
811
812
813
814
815
816
817
818
819
820
821
822
823
824
825
826
827
828
829
830
831
832
833
834
835
836
837
838
839
840
841
842
843
844
845
846
847
848
849
850
851
852
853
854
855
856
857
858
859
860
861
862
863
864
865
866
867
868
869
870
871
872
873
874
875
876
877
878
879
880
881
882
883
884
885
886
887
888
889
890
891
892
893
894
895
896
897
898
899
900
901
902
903
904
905
906
907
908
909
910
911
912
913
914
915
916
917
918
919
920
921
922
923
924
925
926
927
928
929
930
931
932
933
934
935
936
937
938
939
940
941
942
943
944
945
946
947
948
949
950
951
952
953
954
955
956
957
958
959
960
961
962
963
964
965
966
967
968
969
970
971
972
973
974
975
976
977
978
979
980
981
982
983
984
985
986
987
988
989
990
991
992
993
994
995
996
997
998
999
1000
\machine::top.usb650:framing:frm_start
0
1
36
0.000000
0.203125
0.625000
2.687500
2.906250
3.328125
5.390625
5.609375
6.031250
8.078125
8.296875
8.718750
10.781250
11.000000
11.421875
13.484375
13.703125
14.125000
16.171875
16.390625
16.812500
18.875000
19.093750
19.515625
21.578125
21.796875
22.218750
24.265625
24.484375
24.906250
26.968750
27.187500
27.609375
29.656250
29.875000
30.296875
\machine::top.usb650:raw_spectra
0
2
651
36
199	208	203	200	199	208	199	203	210	200	204	207	199	197	207	199	203	206	201	199	207	201	203	209	202	202	207	201	207	207	200	203	202	199	198	202
203	208	212	206	201	211	198	207	214	199	200	211	201	202	213	198	204	215	203	205	213	202	204	214	206	205	214	200	202	206	203	201	206	199	200	211
199	200	200	205	204	207	197	201	207	201	201	205	205	203	206	202	200	204	199	198	208	201	204	206	203	202	205	202	197	197	201	202	203	198	201	203
200	204	201	202	200	211	204	202	210	202	202	209	201	200	209	201	205	210	200	202	213	197	203	207	200	201	207	205	206	202	202	202	203	197	200	202
201	199	208	205	203	216	205	204	218	203	201	218	199	205	220	205	208	219	201	203	217	202	202	218	203	204	216	201	205	207	202	198	206	200	205	203
207	199	210	202	206	228	202	208	229	202	209	227	205	204	228	204	206	213	205	205	230	204	204	227	205	206	230	202	202	210	199	204	211	200	204	210
204	206	206	197	204	228	203	203	223	205	208	230	203	207	229	202	206	224	202	206	224	201	207	225	203	204	228	203	207	206	201	201	208	202	202	207
199	199	202	202	199	217	203	205	221	205	204	221	208	206	223	208	202	223	203	206	223	203	205	225	201	207	222	200	206	202	201	205	201	200	201	199
200	202	216	204	206	243	203	209	241	202	210	241	207	210	243	203	210	241	206	208	244	209	215	238	204	209	232	202	213	219	203	202	218	205	204	214
201	205	202	199	201	219	204	206	222	200	205	220	203	203	220	200	208	224	203	202	217	203	207	217	204	200	219	203	204	208	204	201	206	196	205	203
207	205	206	202	205	221	200	205	228	200	209	219	201	207	223	203	203	220	201	204	223	202	205	220	202	209	220	206	208	204	202	202	204	204	200	202
202	205	202	200	201	220	205	209	215	205	204	216	200	205	214	202	203	212	202	203	219	200	208	212	200	204	215	206	206	206	199	199	200	200	199	201
205	205	217	206	204	234	205	210	232	205	204	231	203	205	231	204	209	236	206	206	236	201	205	232	204	209	232	206	213	216	206	204	221	202	208	221
199	202	201	205	199	217	203	206	218	204	205	218	204	206	214	203	207	215	200	203	218	205	206	219	202	201	218	205	206	202	203	203	205	205	204	205
205	202	217	205	206	231	205	206	234	204	209	233	204	207	235	206	206	232	207	209	230	206	204	233	203	208	234	202	207	215	205	205	223	206	203	216
198	203	206	202	202	224	206	204	219	199	207	220	205	207	219	204	208	225	203	205	220	204	207	229	202	203	219	206	207	208	201	204	205	205	206	205
200	205	206	201	206	216	207	205	223	202	207	220	205	207	218	205	202	218	204	207	223	208	209	220	200	205	221	202	207	206	204	206	203	206	202	200
203	204	202	200	201	219	205	205	221	208	207	210	204	206	222	205	208	220	203	204	222	204	206	217	205	207	220	207	208	202	208	205	201	194	201	201
200	199	204	200	203	219	198	204	220	208	204	218	203	202	223	208	202	221	209	210	220	204	206	213	203	203	219	205	202	201	200	202	205	202	198	203
202	201	208	205	204	219	204	205	223	207	208	224	204	202	223	202	207	224	207	207	224	205	207	220	204	207	224	200	209	205	203	200	206	199	202	207
203	205	204	204	199	227	207	207	232	208	208	233	204	210	226	207	205	227	205	205	228	206	205	230	202	207	230	198	208	205	200	204	210	201	199	214
203	205	205	201	202	232	203	208	232	205	209	236	205	209	231	208	211	236	207	207	231	205	208	236	204	204	234	207	211	201	198	201	203	202	203	203
202	203	207	202	204	259	209	212	257	210	215	262	208	214	261	208	214	264	208	215	258	211	217	261	213	212	266	209	211	208	198	203	209	204	200	211
203	204	195	201	204	248	204	216	255	212	213	253	210	215	254	205	210	259	203	217	257	208	218	257	204	212	255	207	211	208	205	202	205	205	202	211
204	202	211	201	205	231	208	210	240	208	206	237	207	209	243	209	210	241	203	210	239	206	209	237	206	211	234	204	207	211	203	202	212	205	206	211
205	206	224	202	206	268	210	217	270	209	214	272	208	220	268	206	210	270	208	215	270	212	213	268	207	218	265	209	211	223	201	208	229	205	213	226
204	205	205	199	206	268	208	216	268	209	215	267	207	216	271	208	216	273	207	216	270	211	217	273	204	218	272	210	217	201	205	198	202	197	204	206
207	205	212	202	205	275	200	215	280	210	221	284	209	222	283	207	214	278	211	219	274	207	218	278	212	221	279	208	220	203	203	201	202	203	203	208
204	208	225	200	208	285	210	221	295	214	218	292	213	216	297	210	217	290	212	220	291	214	221	287	213	223	295	210	221	226	204	210	220	206	210	226
199	205	207	203	208	265	208	218	273	213	217	272	210	219	276	212	214	272	213	217	280	210	219	274	211	220	272	207	218	209	204	202	205	203	205	205
204	206	201	206	202	294	213	218	293	211	223	303	210	228	298	213	223	298	215	219	294	217	219	294	213	222	301	213	215	208	203	201	203	202	204	202
203	205	206	207	198	276	212	223	281	209	214	282	212	218	286	211	221	285	209	220	285	214	219	288	210	216	281	211	214	206	204	203	207	203	204	204
198	206	209	206	206	297	216	223	300	212	217	304	213	223	298	209	226	300	215	221	298	211	225	299	211	220	296	212	221	212	201	203	211	201	204	204
204	207	216	205	206	320	216	226	323	212	220	326	209	224	328	217	224	325	217	228	328	214	229	324	214	227	328	213	224	215	207	202	215	207	202	215
207	204	205	205	207	366	221	235	370	219	235	374	220	242	376	218	238	382	223	239	379	220	235	386	216	237	377	222	236	202	203	201	200	205	201	207
205	205	207	205	208	363	219	235	374	222	237	376	218	237	375	223	240	381	220	234	382	221	237	377	223	241	370	219	237	210	207	202	205	201	205	205
202	202	202	203	208	362	221	236	374	221	233	362	215	236	373	220	235	365	224	236	375	221	240	364	223	241	363	217	233	208	202	199	206	203	201	206
205	203	208	207	209	359	217	237	367	218	236	372	218	231	371	219	235	369	220	234	369	217	238	368	220	236	364	223	234	212	202	204	211	203	206	213
201	203	204	202	201	314	216	225	315	214	229	318	214	230	315	214	226	315	211	227	317	216	228	322	216	232	318	215	229	204	201	203	200	202	203	205
208	201	201	207	205	281	215	222	282	209	215	282	206	221	290	215	219	292	212	218	286	211	222	283	212	223	288	216	218	203	200	201	204	204	200	209
201	205	203	209	206	272	210	213	274	207	218	275	206	216	273	209	220	274	213	221	273	212	213	278	210	219	278	207	220	208	201	200	205	201	202	205
204	201	212	208	208	294	213	223	302	214	223	302	211	224	307	213	220	307	214	223	308	210	224	301	214	221	302	213	223	209	201	203	205	204	201	211
201	203	205	206	208	362	219	235	369	221	237	374	219	239	371	220	240	374	220	236	369	218	238	378	218	237	375	221	232	212	203	205	203	202	205	201
202	203	206	204	203	368	220	242	380	222	240	383	215	234	377	223	236	382	224	237	376	219	242	386	220	242	382	224	238	201	209	204	207	203	207	207
205	205	210	200	208	410	224	248	421	226	248	424	219	251	429	225	246	426	226	248	426	226	247	424	226	244	422	223	247	212	209	208	212	204	207	210
202	205	205	204	207	335	220	235	339	220	230	336	217	226	340	216	230	337	214	225	345	217	231	345	219	230	342	216	232	208	209	206	206	201	206	205
208	205	206	206	205	333	219	232	335	218	227	340	217	228	339	218	231	339	216	228	333	212	233	336	219	229	337	217	229	212	203	205	204	207	205	207
206	205	205	205	204	311	214	224	323	217	228	323	215	222	324	215	226	320	214	230	314	215	229	321	214	228	315	212	228	207	204	204	204	203	204	205
205	207	204	208	205	306	215	222	316	212	224	307	213	223	307	212	222	310	210	223	311	212	227	315	217	225	316	217	226	208	205	204	205	206	203	204
204	207	207	212	208	339	216	228	343	217	231	346	217	231	343	217	237	357	222	234	346	219	230	342	220	228	342	215	229	214	206	204	206	201	207	213
203	209	207	205	207	457	231	255	472	234	262	476	228	255	471	228	263	480	230	260	485	230	262	473	232	257	484	233	254	205	206	202	205	203	205	206
203	202	204	205	206	521	235	271	552	238	269	559	239	275	558	241	278	562	239	268	561	239	275	558	230	277	552	237	274	212	204	203	204	205	203	203
206	200	208	211	209	434	227	251	450	228	247	462	227	250	464	228	250	452	229	252	460	231	253	448	230	255	458	231	255	214	205	206	208	207	206	207
206	203	207	204	211	571	242	272	583	238	273	578	241	276	582	242	280	581	239	275	589	241	280	587	242	283	586	238	277	217	203	205	208	204	205	210
207	201	210	205	217	647	246	288	665	251	292	675	252	288	678	243	300	674	249	298	676	249	299	676	246	293	682	248	295	221	200	204	208	204	200	205
206	207	212	206	214	483	230	264	495	231	264	494	228	256	502	229	265	505	234	260	506	232	264	500	231	266	504	231	262	218	204	205	212	204	207	207
205	206	205	208	210	659	252	302	696	251	305	689	254	300	702	251	301	708	250	302	704	253	301	712	251	297	710	250	305	212	204	204	211	202	205	202
203	204	207	206	215	788	260	318	825	268	325	829	264	325	840	270	325	834	266	324	843	267	334	855	265	329	863	262	327	217	203	202	204	202	203	205
204	203	210	204	210	500	230	266	517	232	266	513	233	264	522	238	266	521	235	266	530	233	266	520	233	270	525	237	265	211	202	202	203	204	201	207
204	205	208	206	210	494	237	262	501	234	262	507	230	263	517	236	263	523	231	267	514	234	266	519	235	270	518	236	269	214	204	207	208	204	202	210
202	208	203	207	210	548	240	278	564	235	271	563	237	275	565	239	271	575	238	275	571	240	280	566	236	277	569	242	278	206	204	203	206	204	206	206
204	205	203	205	202	374	222	241	387	222	244	392	220	243	394	225	241	392	223	238	395	223	241	390	224	243	388	222	240	202	205	205	206	204	207	204
204	207	205	209	213	479	237	258	496	229	263	496	232	262	502	234	260	502	232	257	492	235	260	491	236	268	491	229	262	215	204	203	211	206	207	206
198	203	205	207	206	458	229	250	480	231	258	470	228	258	484	227	259	479	234	252	486	231	257	475	229	264	469	230	259	212	202	203	209	205	204	205
207	203	207	210	209	381	220	243	392	218	240	388	221	248	387	224	245	390	224	240	393	224	243	392	223	241	390	221	240	210	205	206	214	203	205	207
206	205	211	209	218	948	276	355	976	272	345	973	272	355	964	272	347	971	275	354	968	283	350	969	278	352	969	278	344	232	202	207	210	201	206	212
206	207	209	207	215	706	254	306	724	253	307	715	255	298	724	254	305	727	252	297	710	255	308	718	259	303	710	257	304	220	203	204	213	206	200	206
205	205	215	210	214	502	232	267	513	235	266	516	232	264	518	239	257	522	233	269	504	233	264	517	233	267	509	233	269	219	209	208	208	204	203	213
204	205	209	208	217	748	263	311	760	255	312	766	254	307	757	257	314	756	253	313	771	263	316	764	256	308	768	255	307	222	204	204	209	206	203	210
207	205	208	218	245	1887	365	524	1922	357	510	1926	355	524	1889	362	527	1911	361	511	1923	358	521	1894	358	525	1902	353	519	238	201	206	205	203	206	208
205	203	209	214	224	1208	299	397	1203	295	396	1233	297	395	1212	297	394	1208	298	399	1200	300	388	1195	299	401	1202	297	394	231	202	205	206	204	207	213
203	208	205	208	211	563	238	275	584	240	277	584	242	277	581	239	283	584	238	277	589	240	278	578	240	284	580	239	273	211	208	201	209	204	205	207
203	203	213	210	215	880	277	338	945	271	346	917	273	341	954	269	341	946	273	340	937	273	342	937	275	350	962	275	349	220	205	207	207	206	204	211
206	205	210	207	212	638	251	300	672	253	296	679	249	298	685	250	296	674	249	293	683	254	297	692	256	300	682	249	299	214	205	206	205	204	207	201
207	206	206	206	215	459	229	255	487	224	261	482	230	263	480	233	261	490	228	261	484	234	253	489	230	264	487	230	264	215	206	203	204	204	207	202
203	199	208	211	227	1318	303	417	1354	310	414	1335	309	417	1347	313	422	1349	313	416	1354	309	421	1351	309	414	1355	311	416	227	204	205	207	202	205	209
203	202	208	216	232	1865	359	531	1912	363	520	1928	367	525	1956	366	532	1953	369	521	1956	366	533	1946	363	521	1960	365	523	233	204	201	205	206	205	205
207	211	227	216	233	1840	357	512	1909	356	524	1933	364	524	1930	357	531	1948	362	521	1945	364	533	1946	366	529	1948	355	528	256	208	206	231	209	209	227
203	206	207	208	218	876	271	339	910	269	344	911	271	343	907	276	337	916	271	338	936	271	340	923	273	338	927	274	344	223	204	200	209	204	208	202
202	202	209	210	220	818	263	327	846	267	324	840	266	331	836	268	328	847	262	329	841	270	327	846	265	332	846	263	331	221	202	204	205	203	206	205
205	204	208	207	217	713	252	306	740	256	315	735	251	306	739	259	305	740	258	304	738	260	310	746	253	316	734	260	309	218	201	202	204	204	204	209
205	202	206	208	212	502	234	262	513	232	267	511	232	264	513	233	268	518	238	272	515	235	270	508	236	263	506	234	272	205	200	204	204	203	203	206
206	208	234	210	221	974	279	354	1012	284	348	998	278	358	1017	280	357	1006	277	356	1018	279	365	1030	281	358	1029	279	359	249	203	209	226	210	210	233
203	208	217	212	226	1498	320	453	1558	326	449	1583	322	455	1587	328	458	1595	330	461	1591	328	459	1585	329	455	1598	327	447	234	205	205	213	206	209	217
201	205	207	219	248	4088	732	1342	4090	751	1351	4090	748	1375	4090	751	1370	4090	775	1379	4090	763	1385	4090	768	1401	4090	758	1386	251	200	203	213	201	206	212
201	202	206	213	224	3970	466	739	4241	475	734	4224	471	778	4214	471	767	4211	481	746	4215	481	779	4213	486	776	4208	475	768	233	207	208	210	205	206	207
204	205	216	210	220	1590	336	475	1660	340	475	1652	343	484	1668	343	479	1661	340	474	1673	340	495	1689	335	486	1668	338	481	230	209	209	213	205	205	213
206	211	243	210	220	1253	304	404	1297	307	414	1333	311	417	1318	308	419	1324	304	419	1331	308	423	1321	310	418	1322	313	414	257	205	215	243	206	212	248
204	207	211	210	214	800	262	321	819	263	324	842	265	335	847	260	326	860	263	331	840	271	327	855	270	329	860	267	325	219	208	205	209	204	211	209
204	206	207	207	214	1415	322	439	1501	322	446	1497	323	442	1515	322	457	1532	326	453	1518	323	451	1526	329	457	1517	322	451	219	204	207	206	207	205	211
203	203	210	202	214	1056	292	376	1133	295	377	1138	291	385	1143	289	384	1144	288	378	1137	292	380	1148	296	385	1146	292	384	218	205	204	208	205	201	206
206	206	218	208	208	995	286	365	1050	287	362	1049	280	369	1058	288	364	1071	283	369	1067	282	362	1076	286	376	1074	281	364	221	203	204	213	202	206	216
203	205	204	213	231	3499	511	865	3674	526	856	3690	529	889	3715	516	882	3733	531	866	3761	533	879	3770	527	893	3750	522	882	230	204	202	206	204	200	206
205	205	208	209	216	1747	354	501	1822	357	507	1826	352	518	1859	354	511	1861	358	517	1864	355	506	1860	359	518	1873	353	514	220	204	203	201	205	206	208
204	204	205	207	207	750	258	314	766	262	310	763	257	316	777	258	325	774	259	321	787	262	323	788	256	319	789	258	316	210	203	203	202	209	202	205
204	203	212	202	215	409	226	246	421	225	249	415	221	249	424	224	247	422	220	247	419	227	242	421	224	244	413	224	250	210	206	202	208	209	212	207
205	207	212	207	209	380	218	241	391	225	237	392	216	243	393	223	244	399	223	239	402	221	241	396	217	240	396	221	244	210	203	206	214	204	205	214
211	203	211	205	211	669	246	296	682	246	295	687	251	300	701	250	302	701	248	301	689	249	300	702	249	304	701	248	300	212	205	200	212	202	206	207
204	206	210	207	215	597	248	281	613	243	281	625	249	291	620	244	284	627	248	289	631	239	293	623	249	291	628	240	289	212	202	200	207	203	205	214
203	204	208	210	212	433	230	251	447	231	247	449	233	255	450	227	255	453	226	253	458	226	251	446	228	250	458	226	256	214	201	207	208	205	208	207
202	205	208	208	217	577	240	276	586	240	275	585	234	274	584	241	286	593	240	280	595	240	275	596	240	285	593	244	277	216	201	204	207	202	202	207
204	205	211	209	215	554	237	272	572	240	272	561	236	277	555	240	279	561	236	280	563	236	276	560	242	274	571	234	271	222	204	202	214	204	206	210
211	203	207	209	210	481	232	262	487	233	261	487	232	261	480	232	262	489	237	254	488	231	257	487	230	263	485	231	258	219	205	202	206	203	209	209
205	207	207	206	212	588	236	287	604	243	284	614	245	279	621	248	289	603	243	290	617	241	290	613	250	288	627	249	283	216	205	206	208	207	203	207
204	203	209	209	224	1279	313	417	1349	311	416	1365	307	424	1383	314	422	1384	312	420	1374	311	429	1380	316	427	1388	314	426	223	202	207	208	202	205	208
208	203	210	206	215	692	253	303	732	259	303	739	253	309	739	252	307	729	255	304	733	253	309	741	260	304	740	254	311	219	203	204	208	205	206	210
207	207	213	206	212	527	233	275	552	234	268	556	238	276	555	240	272	561	238	270	549	236	274	554	239	270	548	239	273	224	200	203	213	204	205	211
204	205	209	208	216	990	285	362	1034	282	360	1052	289	363	1048	277	369	1060	287	367	1076	280	365	1078	288	365	1076	284	365	224	204	209	211	208	209	205
206	202	211	212	231	2167	389	582	2248	387	585	2304	393	605	2303	391	598	2305	395	596	2342	394	600	2347	404	608	2333	393	595	229	205	203	205	205	204	210
202	205	205	213	220	1429	330	450	1504	321	450	1526	326	457	1532	324	463	1540	330	460	1537	336	464	1534	335	456	1541	331	469	221	204	201	204	207	204	207
207	208	217	218	234	3361	500	837	3525	510	831	3589	506	848	3597	512	855	3612	513	853	3615	522	863	3598	512	856	3659	510	846	244	206	202	208	201	207	209
205	201	207	208	219	1967	368	544	2069	376	546	2071	379	560	2113	378	565	2120	376	556	2114	376	559	2107	380	568	2137	388	560	226	202	205	209	205	205	207
206	208	213	209	218	894	275	342	912	273	345	942	274	344	945	273	349	943	272	347	943	274	345	943	273	349	954	275	347	219	207	203	212	206	201	212
204	205	211	208	213	551	234	274	584	244	273	579	238	281	575	243	276	585	243	272	580	241	281	579	238	277	583	238	280	216	208	204	212	204	202	212
204	203	214	207	211	440	228	249	441	228	252	456	224	251	453	228	256	455	228	255	451	230	256	446	224	252	453	231	250	217	205	200	215	202	201	211
208	211	237	215	224	1090	296	380	1172	295	372	1160	290	391	1179	297	387	1188	294	384	1183	297	385	1186	292	400	1191	298	388	251	207	210	236	208	212	230
211	209	234	209	216	664	255	295	689	252	304	697	252	298	684	252	304	697	251	301	701	249	303	689	252	299	700	254	303	241	205	209	236	203	206	229
202	203	204	205	208	439	225	254	445	229	255	450	227	254	449	230	254	453	234	252	450	229	255	459	229	253	452	226	255	211	202	202	206	199	200	206
206	199	210	207	211	374	218	242	379	225	238	388	218	240	376	219	235	385	219	236	379	218	242	389	220	236	385	224	236	213	206	202	211	207	203	210
209	207	210	205	212	418	221	248	424	221	248	427	222	247	421	225	243	431	230	242	433	226	249	431	223	247	420	225	249	214	207	203	213	205	206	209
202	203	203	210	211	439	227	252	446	227	253	451	226	246	453	229	252	452	231	255	447	230	256	452	226	251	454	226	251	214	201	204	208	206	205	207
206	204	207	207	212	424	228	243	429	222	253	429	229	246	442	225	251	432	227	254	439	223	254	444	230	252	438	224	247	211	203	206	207	207	202	204
204	206	210	208	214	1290	303	416	1336	306	414	1365	309	420	1387	312	422	1365	305	418	1392	315	427	1373	311	429	1385	310	426	226	207	207	212	205	200	208
203	206	215	209	216	1545	328	474	1645	332	462	1651	342	475	1655	337	484	1668	338	478	1671	334	491	1678	335	479	1682	340	483	227	204	206	212	206	204	212
205	204	211	206	211	703	254	313	732	256	306	737	254	310	752	255	317	756	250	313	747	254	312	747	257	313	758	257	316	222	205	204	212	204	210	213
204	204	210	205	215	599	244	283	621	243	281	624	246	287	626	242	285	627	242	284	626	245	288	620	240	285	628	246	288	214	204	203	205	203	201	204
207	207	210	208	222	1606	332	471	1695	339	470	1685	348	481	1700	336	485	1699	345	488	1691	338	484	1691	339	488	1707	342	483	225	203	201	207	203	201	204
203	207	204	210	210	670	255	310	702	249	297	713	256	301	714	246	307	712	251	306	715	253	304	712	250	308	712	253	303	216	206	203	204	200	202	204
204	205	209	206	208	405	224	245	410	221	247	411	228	246	420	226	247	423	225	246	425	223	244	420	229	243	419	221	245	210	204	203	205	200	202	210
202	207	207	201	211	510	232	259	526	237	262	533	238	266	528	232	269	537	235	266	539	237	267	545	239	268	534	234	268	214	203	204	204	202	201	207
201	204	209	212	233	3919	569	949	4123	578	971	4131	572	1002	4122	565	982	4129	582	979	4130	587	1007	4129	586	1008	4126	592	995	236	205	207	207	204	201	208
204	202	207	208	218	1460	325	450	1559	331	459	1556	334	464	1560	330	463	1580	331	458	1585	326	460	1588	330	466	1586	337	460	218	203	201	209	201	201	209
204	205	211	196	212	618	245	286	633	243	281	637	247	291	644	250	297	649	245	294	661	245	294	645	246	297	664	248	295	217	203	203	209	206	205	212
201	202	211	206	212	385	218	238	396	222	240	394	222	239	394	222	238	385	220	235	398	223	236	396	222	241	388	226	242	217	201	205	208	205	203	212
203	205	214	209	215	1134	296	387	1186	298	395	1173	289	384	1180	292	390	1194	295	394	1192	293	394	1185	294	391	1203	292	384	219	200	203	211	204	204	209
202	206	209	211	217	927	274	342	956	275	345	965	271	352	975	280	343	961	277	351	963	278	354	971	277	344	976	273	347	224	204	205	207	206	203	206
206	205	215	213	220	923	274	344	959	270	343	974	270	345	970	265	356	977	271	349	966	276	349	982	273	356	978	278	351	227	203	208	210	204	204	211
202	203	208	219	251	4412	711	1255	4409	712	1253	4407	699	1299	4406	716	1278	4407	721	1276	4407	723	1307	4408	716	1309	4408	712	1297	252	204	203	206	200	203	205
201	203	208	220	239	4112	583	985	4095	587	1005	4093	588	1011	4089	592	1015	4089	612	1011	4090	603	1026	4089	608	1018	4087	591	1014	245	207	203	207	206	204	206
204	206	208	209	225	1562	336	475	1680	336	478	1676	338	491	1671	332	481	1706	335	484	1689	340	494	1711	343	490	1719	340	483	229	210	207	207	201	201	208
202	206	219	210	214	693	245	309	725	249	310	741	260	308	741	256	316	747	255	312	740	255	308	740	255	308	744	257	305	223	203	205	218	201	204	211
208	205	208	208	215	462	229	261	481	231	260	485	233	258	481	229	262	485	232	258	491	234	252	491	232	255	491	228	264	215	203	205	207	205	204	207
203	209	215	207	217	483	233	267	505	228	260	510	233	262	500	232	262	502	231	259	506	232	263	509	230	259	509	235	265	227	201	205	211	205	206	213
203	204	213	212	215	701	255	308	738	253	304	731	261	302	740	260	308	739	255	303	740	246	302	745	254	305	749	255	310	225	205	210	217	203	207	214
201	201	207	206	214	450	228	250	461	229	251	464	223	252	468	229	254	472	231	253	473	231	252	470	224	259	475	229	259	217	203	199	209	203	202	205
203	206	204	213	212	444	229	253	457	229	252	454	231	251	461	225	253	463	231	253	459	229	251	454	226	255	466	231	253	211	203	200	210	200	199	205
207	205	218	209	217	1318	313	416	1385	312	424	1406	311	424	1396	317	428	1393	312	429	1411	318	432	1403	317	432	1414	314	429	229	204	208	215	201	208	214
197	202	206	208	212	704	255	293	743	255	307	754	260	310	750	258	306	756	257	313	770	254	307	764	259	315	759	259	314	217	210	199	205	205	201	206
204	203	208	208	214	440	225	256	461	229	251	460	225	257	455	233	251	453	230	252	461	228	252	468	229	253	459	231	252	212	202	201	203	203	203	201
203	205	206	206	207	389	220	244	399	219	243	406	228	245	408	221	244	403	220	242	402	217	242	403	225	238	408	226	245	211	204	205	213	203	207	207
205	202	209	211	211	1011	281	361	1083	286	364	1090	285	375	1093	285	371	1098	296	370	1085	279	373	1086	285	371	1088	283	371	218	205	206	204	202	205	209
203	205	206	210	215	1527	335	472	1630	337	468	1628	335	481	1660	340	468	1658	348	479	1669	337	479	1655	347	479	1668	338	476	221	205	202	207	203	202	210
206	202	205	207	214	739	258	307	785	262	314	786	257	321	784	258	318	786	264	317	791	262	316	798	260	322	789	255	321	212	201	205	209	204	205	206
203	205	209	211	211	462	228	256	481	232	261	478	228	257	476	228	257	482	225	255	487	228	258	474	229	258	484	223	257	214	201	201	204	202	205	208
204	209	215	212	218	494	238	260	509	231	263	516	231	264	517	236	266	508	234	267	519	231	262	510	234	264	521	235	266	230	207	205	212	207	201	213
202	204	212	206	223	692	246	303	730	255	309	734	252	301	731	254	308	726	256	303	732	253	306	736	252	310	729	254	311	221	205	202	205	203	206	206
204	205	208	206	219	917	265	345	952	270	346	961	271	342	958	273	356	958	277	347	965	277	349	968	276	358	983	277	347	226	201	192	209	206	205	216
203	208	221	205	218	625	241	289	649	244	290	667	247	299	660	247	293	652	250	294	650	247	295	658	247	296	670	247	293	233	204	207	215	208	208	214
202	201	211	207	213	560	237	276	582	239	275	572	239	282	576	239	274	575	235	279	579	238	281	589	241	274	581	238	274	221	205	205	206	204	207	209
203	205	209	207	218	484	232	259	502	232	262	499	228	257	510	229	267	509	229	264	501	235	268	509	235	263	506	233	265	217	205	205	211	206	205	207
206	206	207	204	212	402	222	249	420	225	245	416	224	251	417	221	246	421	226	245	420	220	243	419	228	249	420	224	250	216	205	202	208	200	201	204
205	202	216	208	215	409	224	242	423	225	247	430	224	246	414	220	247	422	224	243	417	225	246	427	227	248	424	227	247	224	202	208	214	206	206	213
204	203	211	209	210	418	220	245	436	223	244	435	226	254	434	227	250	434	232	251	433	223	251	433	229	247	435	222	250	222	203	206	215	202	204	208
202	203	207	205	209	505	236	267	524	233	269	527	235	273	530	234	270	536	235	267	534	237	268	524	236	271	533	234	275	214	203	203	208	206	202	204
203	204	206	210	215	1231	307	405	1290	302	403	1312	305	413	1322	310	416	1314	309	416	1322	309	413	1318	311	413	1317	307	421	217	204	204	207	204	204	203
202	203	211	209	212	721	255	310	757	256	309	756	256	312	744	258	313	761	256	317	767	261	309	752	259	312	762	254	315	223	206	204	213	202	202	209
205	200	207	206	215	692	251	297	707	253	298	705	253	299	704	252	300	694	254	300	716	250	297	697	254	302	695	247	301	214	202	203	208	204	204	207
202	203	215	205	209	475	228	258	479	228	261	499	235	256	500	231	261	495	228	254	492	228	254	502	230	263	503	232	260	220	202	205	208	205	206	209
204	205	206	209	219	716	252	302	723	253	306	733	250	307	734	255	305	725	252	307	721	255	304	723	249	307	742	252	304	220	203	207	207	204	203	208
206	206	214	208	217	553	237	272	554	237	274	560	237	280	569	235	269	555	237	274	553	237	274	559	243	275	549	236	276	226	203	207	211	203	206	213
205	208	212	203	213	405	224	242	412	226	246	411	226	244	412	230	244	412	227	243	418	223	247	414	226	249	410	224	246	224	205	204	214	203	206	209
200	204	209	207	214	439	227	252	466	225	252	464	228	255	461	227	254	459	225	255	461	230	259	467	228	255	463	231	252	216	202	204	208	200	205	210
205	200	214	207	220	528	237	272	543	233	269	543	230	272	535	235	273	535	236	268	534	234	271	542	235	272	534	237	272	224	200	207	210	206	206	214
200	202	201	210	212	394	224	240	401	223	239	401	219	245	408	224	245	408	218	236	401	217	241	408	221	242	406	223	239	209	200	206	204	204	206	204
200	204	210	203	210	401	221	236	410	222	243	407	221	241	405	222	244	407	224	243	395	219	243	406	220	244	416	220	245	210	202	202	205	206	204	202
201	203	218	207	213	511	237	264	522	239	269	521	232	266	524	233	267	520	236	268	522	237	264	518	234	273	521	232	267	226	205	211	214	204	208	212
205	208	224	207	214	413	225	249	427	226	245	421	223	244	419	225	246	418	219	247	423	227	250	421	224	245	418	224	244	224	205	206	220	205	206	220
202	207	208	206	209	358	218	238	371	219	244	373	223	235	373	218	237	366	216	238	373	221	234	365	219	234	371	218	235	211	205	204	210	203	202	209
201	204	210	206	213	396	221	245	405	222	243	410	223	245	410	224	243	409	222	247	415	223	244	413	224	241	410	225	244	217	207	199	208	201	199	208
199	205	219	209	208	372	216	238	384	224	237	376	221	233	375	222	236	383	221	248	380	218	236	376	217	241	384	218	237	224	206	205	218	204	202	215
200	204	204	206	209	357	219	235	360	213	227	363	217	238	368	219	233	356	211	236	363	216	237	356	221	233	361	219	234	209	204	208	205	201	212	208
199	204	205	203	210	367	220	236	371	221	240	374	227	236	385	221	234	383	216	234	373	220	241	378	220	244	379	223	237	212	204	201	203	200	206	206
203	201	205	207	213	376	222	233	377	213	240	384	223	235	385	218	238	389	218	239	379	223	243	384	224	237	388	221	239	211	203	203	206	200	202	205
205	202	205	209	211	388	217	238	400	223	236	389	217	240	400	222	242	390	223	242	399	219	242	397	220	239	397	218	243	215	202	201	202	202	203	204
205	208	205	208	217	396	224	240	412	222	242	409	224	243	407	222	243	410	223	242	408	223	244	420	222	242	416	221	242	211	201	201	203	205	202	205
208	204	211	208	213	429	226	250	432	223	249	436	224	254	436	227	255	440	222	249	434	222	245	440	230	248	437	229	248	217	204	204	209	203	204	209
202	201	203	208	212	409	226	247	417	222	246	413	219	246	422	221	241	422	226	245	422	225	249	420	228	251	413	225	246	216	206	204	203	207	199	207
205	201	206	208	212	434	229	248	438	221	248	445	227	251	449	228	250	439	224	252	445	225	252	447	227	254	437	226	246	219	204	202	202	203	202	206
203	201	209	207	211	400	223	243	409	220	245	418	220	244	415	221	246	411	224	244	418	224	246	410	225	244	412	222	244	219	205	204	209	200	206	203
206	202	212	204	213	419	228	247	421	225	245	428	224	247	431	225	245	436	224	248	423	227	249	434	225	250	434	224	248	211	196	201	205	202	200	203
199	204	208	206	209	431	225	255	440	222	246	437	222	254	442	230	254	441	225	247	437	226	249	439	227	248	441	231	243	218	205	201	207	203	204	209
203	203	207	208	210	439	229	254	446	226	251	448	223	252	451	225	252	458	229	252	453	230	246	459	231	251	456	225	251	212	197	202	208	205	205	204
205	202	211	209	218	503	232	263	523	234	263	515	239	256	521	232	264	527	232	265	524	231	267	516	232	267	524	235	265	219	201	205	211	204	203	210
205	203	216	206	212	421	227	249	439	228	244	432	222	250	431	221	247	428	224	244	435	221	249	435	225	249	435	226	254	218	204	200	212	202	200	209
205	202	214	208	214	514	230	264	510	231	265	510	231	270	522	235	262	516	229	267	521	231	261	517	234	264	514	233	268	221	202	193	210	209	204	212
204	205	209	205	215	649	253	293	649	249	300	649	247	297	659	244	292	672	251	291	660	245	296	663	245	293	650	244	291	218	202	203	206	203	199	216
204	200	208	204	212	498	231	256	518	230	262	512	232	261	507	230	255	508	233	260	504	233	266	514	228	266	512	234	262	218	200	207	206	205	204	208
207	206	221	204	215	488	229	262	512	234	265	505	238	263	512	231	265	506	234	266	506	236	268	513	233	264	513	230	264	230	201	208	220	201	206	225
199	202	205	205	209	419	222	244	429	226	244	431	227	250	421	223	247	425	222	246	429	225	251	435	227	246	432	221	246	214	202	204	205	203	205	201
204	202	207	213	222	981	277	346	978	272	360	995	276	353	975	275	355	989	278	352	997	274	350	985	274	357	1005	273	357	226	202	203	205	204	203	203
204	201	205	208	220	766	263	327	789	257	319	798	259	318	782	256	310	789	260	316	794	257	319	783	262	317	801	262	325	222	202	206	206	202	201	206
205	202	207	209	213	511	232	260	533	242	269	534	235	274	532	233	268	544	234	266	537	233	268	544	233	264	539	236	268	217	203	204	208	202	204	208
199	204	205	209	214	465	225	259	469	231	251	471	228	259	474	227	258	468	230	253	468	228	257	477	229	249	472	232	251	217	204	201	205	207	201	207
198	200	200	209	213	418	222	246	434	224	244	437	226	247	432	227	248	427	226	251	430	221	243	424	226	244	431	226	241	209	203	196	203	206	202	198
203	203	212	195	211	390	223	240	407	222	239	396	224	240	403	224	247	405	224	240	407	224	241	405	225	244	398	223	243	217	206	204	214	203	204	205
204	199	207	202	217	663	245	288	664	251	296	665	244	293	676	246	294	664	243	285	677	247	295	670	250	288	657	250	291	220	206	204	207	205	203	206
205	200	216	207	222	813	260	333	823	267	323	830	271	322	842	262	322	840	266	322	837	261	328	837	259	324	826	265	318	230	204	202	212	204	207	214
204	202	204	212	214	678	251	299	696	245	298	695	249	303	713	254	298	701	253	302	716	252	307	687	252	301	707	249	296	222	200	202	200	204	198	204
202	199	202	203	214	440	231	256	449	228	251	455	228	255	462	224	249	453	225	251	458	227	254	455	225	256	453	225	250	212	203	201	209	201	200	204
203	204	209	208	212	429	229	245	432	229	243	437	224	251	436	223	247	438	226	244	442	225	247	446	226	253	445	225	250	210	203	207	205	203	205	207
204	208	219	209	217	670	251	295	673	248	294	680	246	295	673	250	295	684	246	293	681	254	295	674	250	302	675	252	290	225	208	206	221	208	202	217
202	203	210	205	214	529	230	271	529	232	267	530	236	266	527	234	273	530	230	269	529	236	267	539	236	270	537	233	263	221	199	201	214	205	201	212
202	201	209	207	209	408	220	240	413	223	245	423	225	243	417	222	243	416	222	242	417	223	242	419	226	245	419	222	249	212	201	202	202	207	200	202
206	206	206	206	208	363	220	235	374	223	237	364	218	234	383	214	235	374	217	234	375	218	235	370	219	240	383	221	239	213	202	197	204	200	200	207
201	204	209	211	209	427	221	246	442	222	243	435	227	247	438	226	250	436	228	247	437	228	245	438	228	247	438	225	250	210	200	205	208	202	202	210
201	200	210	207	215	618	241	287	631	241	286	623	246	289	627	244	287	637	241	289	637	244	284	634	244	282	639	247	285	224	201	201	210	204	206	211
206	202	210	206	211	453	223	250	455	223	254	457	226	257	457	224	252	461	227	249	462	230	249	457	231	259	458	228	257	221	205	202	206	202	203	210
205	208	226	207	218	406	222	244	406	222	250	416	219	242	412	225	245	422	220	245	416	230	243	423	225	243	429	221	247	232	207	207	224	207	207	225
204	203	210	207	209	437	228	249	454	227	250	459	227	256	456	223	250	457	225	253	452	226	250	462	229	255	452	228	252	216	204	206	209	208	199	208
201	203	202	209	213	449	233	250	464	229	256	461	229	254	461	231	255	461	223	256	457	232	249	475	230	254	469	229	256	214	203	205	202	204	203	198
206	214	255	207	218	428	221	245	441	226	251	434	226	247	436	222	251	437	220	244	441	228	248	435	227	253	447	226	245	257	208	210	247	207	213	250
210	217	269	214	223	415	222	244	426	224	245	420	222	247	426	224	244	427	222	240	417	220	245	425	224	243	433	222	246	283	208	212	270	209	215	275
203	205	211	203	208	323	216	230	341	211	226	334	215	229	342	215	226	336	216	225	336	215	227	336	216	227	337	214	226	216	206	206	212	205	203	210
204	210	228	208	208	402	227	246	413	223	246	414	225	245	421	224	238	413	224	243	411	219	242	415	223	243	418	221	246	229	205	207	232	202	208	227
203	207	228	209	216	526	234	267	548	230	268	548	233	266	544	238	270	537	235	265	542	236	265	535	236	267	544	229	268	234	201	200	224	207	208	226
205	202	210	211	208	358	218	233	372	220	234	365	219	235	366	218	234	366	218	234	364	216	236	363	219	233	367	216	234	216	200	205	206	198	202	212
207	202	206	205	205	326	211	226	334	214	227	332	215	233	328	216	228	331	217	228	330	208	226	329	216	231	334	218	229	211	202	203	208	205	199	206
202	200	208	207	208	425	224	247	445	225	243	435	226	247	438	223	246	432	225	246	439	225	249	440	224	248	437	230	246	219	199	201	208	200	201	207
204	202	208	212	211	371	219	234	380	218	237	380	216	236	378	219	237	375	216	239	375	222	233	381	218	234	385	217	235	211	204	200	204	203	203	206
201	205	209	204	211	351	216	229	353	220	232	358	214	229	349	217	230	360	216	234	362	219	232	351	212	237	356	217	235	213	205	200	211	206	208	204
204	204	204	208	208	379	218	235	386	220	239	384	220	233	381	224	239	390	218	238	389	220	236	385	218	237	385	221	242	210	203	202	206	201	199	204
205	202	208	208	204	329	214	227	331	214	228	330	212	226	334	213	227	329	214	230	329	215	227	335	218	222	326	216	227	211	199	205	205	197	204	208
201	202	212	209	209	303	211	225	315	216	222	315	217	218	316	210	222	306	212	224	316	213	223	312	217	220	315	222	229	214	202	202	213	202	208	208
204	202	208	207	206	417	225	244	434	224	248	423	225	251	423	223	247	431	226	240	433	229	245	423	227	242	429	221	245	217	205	203	210	202	204	210
204	201	208	208	206	360	218	231	364	218	240	378	217	235	366	222	234	366	221	235	373	224	237	378	214	232	369	219	236	217	204	205	209	202	202	208
202	204	209	206	208	321	215	226	328	213	227	332	212	228	334	217	230	325	216	228	332	219	233	324	209	230	328	214	228	205	204	199	207	205	205	214
203	204	215	208	210	349	221	230	345	215	232	357	216	232	365	218	234	358	220	232	355	218	235	363	221	229	359	216	231	216	206	204	212	202	203	209
200	202	211	206	211	343	213	234	352	223	229	353	217	234	351	216	230	338	216	235	353	217	233	350	221	233	351	220	231	218	202	203	205	205	205	206
207	203	211	205	210	554	236	275	566	235	274	562	238	273	562	235	271	548	234	278	550	235	275	550	233	266	565	234	270	220	203	201	207	206	204	207
204	206	210	209	219	710	254	308	705	251	296	718	255	304	717	254	301	713	252	303	714	250	306	716	248	303	718	248	306	223	200	206	208	201	205	208
201	203	207	207	215	414	221	244	420	221	238	417	223	246	415	219	245	417	227	243	412	221	244	413	219	242	408	226	240	216	204	204	205	204	206	206
201	204	210	205	208	465	225	256	468	225	257	464	230	254	469	227	254	462	228	249	461	225	253	459	226	257	464	228	257	219	200	206	210	204	203	211
201	203	204	207	213	416	220	246	413	222	248	421	224	249	418	222	242	419	222	245	419	222	242	409	224	247	414	227	242	210	203	204	203	202	204	204
203	201	212	206	213	501	230	263	514	231	263	497	235	266	499	229	259	512	235	265	510	233	262	513	230	262	515	232	261	218	202	205	204	201	199	210
203	201	210	204	211	416	223	245	427	225	239	427	223	244	422	225	250	430	229	243	424	224	245	425	228	248	429	222	251	213	205	206	214	202	202	207
203	200	202	210	210	337	214	230	343	215	230	339	213	223	341	218	230	343	214	223	344	217	228	334	213	230	342	216	231	205	205	199	198	200	197	202
203	208	211	207	208	311	212	224	317	216	225	322	211	224	319	214	227	321	212	227	314	215	224	317	214	225	315	215	222	212	204	201	209	200	200	203
204	199	211	211	209	362	219	233	370	220	232	366	216	235	369	217	236	369	218	239	367	217	231	372	217	235	369	217	234	216	203	205	205	202	206	205
201	198	216	207	208	368	221	239	380	218	234	381	219	240	380	217	234	383	217	235	382	217	235	376	225	234	382	222	238	220	201	205	215	206	204	213
204	202	214	209	205	415	226	244	422	224	245	416	226	242	415	216	245	415	224	244	418	220	245	428	225	247	423	222	244	223	207	206	213	205	202	208
200	199	199	207	208	410	223	244	409	216	245	418	221	244	414	220	246	417	220	247	418	221	251	411	224	243	413	224	246	213	201	206	198	205	201	203
201	203	212	204	212	407	220	239	415	222	243	418	221	243	417	227	250	411	224	240	417	228	247	411	221	242	409	227	242	220	198	202	204	205	201	206
202	201	204	203	210	449	226	253	450	228	250	452	226	251	450	232	259	456	228	248	442	226	254	456	229	250	454	227	251	212	203	204	202	198	204	205
203	201	216	211	240	1825	351	501	1847	352	495	1835	350	504	1824	339	504	1835	356	495	1834	355	507	1826	346	508	1826	348	511	252	205	208	210	203	206	214
201	201	205	214	225	1306	301	417	1328	310	418	1332	297	419	1316	308	413	1323	315	410	1326	315	417	1341	306	420	1335	306	422	232	199	200	205	204	203	201
205	204	215	207	220	796	263	324	799	258	319	806	256	320	802	260	320	802	259	321	801	262	320	786	258	316	799	263	318	227	201	204	212	202	203	203
204	199	210	205	212	648	243	292	656	249	291	667	246	293	637	245	289	655	243	291	652	249	291	660	242	290	657	249	291	215	203	204	207	206	202	206
203	196	211	206	211	372	217	242	370	218	236	381	220	236	383	220	236	381	218	236	380	222	239	380	222	237	378	217	231	209	203	203	207	204	205	206
204	203	204	201	202	304	210	223	317	211	225	314	216	227	317	214	221	316	210	227	311	212	222	313	213	223	307	213	224	205	202	200	201	204	206	204
196	202	205	206	207	350	214	234	344	216	232	354	211	230	353	218	234	348	220	232	359	224	233	348	214	232	357	216	235	207	203	201	200	200	202	207
205	202	207	206	211	561	240	277	567	237	277	571	241	274	568	235	276	576	242	279	561	239	277	566	236	270	581	234	273	212	205	203	210	199	203	206
201	203	206	204	215	933	273	346	962	272	339	960	271	351	988	280	353	979	272	347	976	278	351	981	280	351	969	270	348	216	206	199	209	200	204	214
200	203	214	205	215	761	255	321	786	260	310	783	256	319	801	260	321	800	263	322	818	256	318	802	257	316	809	259	321	220	205	207	208	200	201	210
201	204	214	207	211	442	228	253	453	230	254	450	224	252	447	223	251	446	226	256	457	227	254	447	227	254	447	228	248	221	208	204	214	201	206	218
201	203	206	204	210	424	224	246	431	226	249	429	223	248	439	227	247	430	227	249	428	230	247	431	224	248	427	230	250	206	202	203	201	201	205	205
197	201	203	207	210	455	229	251	457	232	249	454	229	252	453	226	256	461	230	256	459	231	249	458	228	251	459	222	254	219	203	203	205	202	202	203
203	197	210	205	213	397	224	244	400	223	242	399	219	243	401	222	242	405	223	238	402	224	243	406	219	240	409	222	237	210	203	200	202	201	206	206
203	202	200	205	213	959	279	358	1011	275	353	999	279	358	1019	274	358	1012	274	354	1015	278	352	1016	282	361	1015	276	355	215	204	200	208	203	205	204
201	207	223	206	211	557	240	273	591	235	278	589	238	277	587	240	280	590	236	274	588	239	281	581	238	276	587	237	280	230	202	218	229	205	207	222
216	216	290	207	220	425	222	249	432	225	247	431	224	247	435	227	247	437	223	250	437	225	245	433	222	248	442	226	251	293	210	219	285	212	221	298
204	202	208	203	208	322	212	227	333	216	228	329	214	228	319	215	224	331	216	226	326	211	223	324	218	226	331	215	224	213	202	204	208	203	201	209
205	206	221	203	214	492	231	255	501	231	258	491	232	259	494	230	257	486	232	262	492	231	262	496	231	260	491	228	259	230	204	203	221	206	204	219
203	205	209	202	209	435	220	246	436	225	245	439	223	251	432	227	252	442	222	250	434	225	246	436	229	248	438	225	252	212	203	204	205	204	203	209
204	202	207	206	209	315	212	225	318	213	231	320	214	222	319	211	223	326	217	227	320	212	227	322	214	226	315	210	227	209	202	204	207	202	203	205
201	200	209	200	212	449	227	254	455	224	248	458	228	253	454	228	248	459	225	258	463	220	250	458	229	251	450	229	259	214	204	206	208	202	204	209
201	205	207	207	208	424	228	242	438	225	245	429	224	251	440	224	250	429	224	245	438	224	252	441	226	249	443	221	249	216	201	202	201	205	199	208
206	206	205	203	203	341	218	230	349	217	237	352	211	233	349	216	232	344	216	234	351	216	234	344	220	234	345	213	230	204	199	199	203	199	200	201
204	207	202	199	207	308	211	226	320	214	221	319	214	227	317	211	223	317	215	222	326	213	228	317	216	226	318	218	225	210	198	204	203	206	200	208
206	205	214	202	210	319	214	227	331	213	222	340	211	229	331	215	226	334	212	234	336	216	226	327	216	226	332	212	225	219	202	205	205	202	205	216
201	208	215	208	210	368	220	233	383	223	236	383	222	241	379	216	237	385	216	238	381	222	239	379	221	238	379	219	239	226	203	206	215	203	205	222
203	201	205	203	208	485	231	252	486	226	254	486	228	256	485	229	261	484	228	255	484	228	255	485	229	259	486	228	263	206	204	202	200	206	204	201
205	209	210	204	214	496	229	262	498	230	258	499	233	265	505	231	262	500	233	259	505	229	259	502	234	259	507	232	261	223	203	204	209	204	201	213
196	201	207	202	211	336	215	227	332	215	228	335	215	227	340	216	231	329	218	226	340	216	227	339	213	228	326	210	223	210	203	204	206	204	203	206
199	203	211	199	209	303	213	219	304	215	221	301	212	223	301	211	219	297	208	221	303	212	220	306	214	222	301	212	221	217	203	206	207	202	205	209
203	202	208	204	206	277	209	216	286	211	219	284	202	221	280	211	219	284	207	213	280	211	218	287	209	218	286	213	220	212	205	201	203	204	199	206
199	202	212	205	207	284	212	215	290	209	219	287	213	217	284	213	225	286	208	218	289	211	217	286	210	216	290	212	218	218	203	201	213	201	202	213
201	203	219	193	210	304	211	224	302	213	223	306	212	221	309	212	223	312	211	224	315	212	226	306	205	224	315	210	225	223	204	205	219	202	209	218
204	204	202	202	205	340	215	230	338	214	225	351	215	228	349	217	235	336	212	227	341	214	227	348	211	223	349	218	227	209	203	205	206	203	204	206
199	208	211	206	207	329	215	230	328	213	231	333	212	228	330	215	227	338	215	228	338	212	222	336	212	230	334	212	231	214	200	206	206	199	201	212
202	201	207	200	205	326	218	229	334	215	228	335	216	226	335	216	228	340	217	227	328	216	226	335	215	225	336	216	228	209	203	202	207	205	199	205
206	206	225	213	210	359	216	236	359	216	232	360	219	235	368	219	233	366	222	233	365	216	232	362	215	235	363	220	235	225	202	209	221	206	208	221
203	202	207	201	210	454	227	252	457	229	249	465	226	250	465	230	254	469	224	251	462	227	250	466	229	249	463	232	250	218	202	204	211	204	201	201
201	200	206	207	216	695	247	295	705	249	301	707	252	297	704	251	303	706	248	299	709	252	302	707	251	301	707	250	301	216	198	203	205	202	201	209
205	201	210	206	208	383	218	238	392	217	241	395	218	239	391	222	242	395	220	240	389	215	239	395	220	243	390	223	238	220	204	201	213	202	205	207
203	204	209	202	209	312	212	222	319	213	225	316	213	226	320	210	225	325	216	224	325	216	227	323	213	228	315	213	225	211	201	204	211	199	204	209
203	204	208	206	204	291	212	218	297	211	222	298	215	224	299	209	220	305	221	223	299	211	219	302	210	214	302	213	224	211	204	200	209	203	206	206
198	206	220	206	208	312	218	227	320	218	226	321	213	228	323	211	224	322	213	226	316	215	228	321	216	229	315	215	228	224	200	208	223	200	203	221
200	205	209	205	207	307	213	223	310	213	221	314	214	222	307	215	224	309	209	222	314	209	224	311	211	227	311	213	219	208	204	200	205	201	202	203
204	201	204	204	206	333	211	230	338	215	225	342	215	230	343	212	228	330	212	232	335	213	227	339	213	230	344	221	231	210	200	207	201	204	203	205
208	204	209	209	205	314	213	227	327	211	221	320	213	224	327	214	224	321	211	225	323	214	224	322	216	224	323	217	221	211	202	199	214	203	206	207
201	204	203	200	206	281	213	215	283	214	221	284	213	215	286	209	220	288	210	220	286	211	220	285	210	219	284	213	219	207	204	204	204	201	202	202
201	203	206	204	202	279	210	217	279	209	217	281	210	216	281	205	216	278	210	217	281	210	219	280	204	214	284	207	218	208	203	204	206	203	203	205
200	202	205	203	200	277	210	214	280	209	220	275	210	218	283	202	214	279	209	215	285	209	222	278	210	220	275	208	217	208	201	206	207	201	200	203
199	200	203	200	203	275	209	216	279	209	219	280	210	218	278	205	214	280	211	218	281	212	217	280	208	218	275	209	219	207	199	207	204	201	201	202
202	207	215	204	210	346	213	219	344	214	229	347	213	235	342	221	232	348	215	232	346	214	230	341	214	231	342	216	228	218	202	202	215	202	204	212
202	201	204	207	209	299	209	217	305	213	224	299	213	222	306	210	221	302	212	224	301	212	227	299	212	219	302	209	220	211	201	200	204	202	202	207
203	203	205	208	214	788	263	320	825	265	317	818	259	318	840	260	323	841	266	332	838	260	330	856	266	325	846	258	320	221	203	196	209	199	205	213
200	206	211	206	216	695	252	301	725	251	303	735	252	303	723	260	305	735	252	308	731	255	313	728	255	304	728	259	308	225	203	203	210	203	211	211
204	207	211	205	210	407	224	238	420	222	244	426	222	247	418	226	247	427	222	241	426	227	242	421	226	247	428	221	242	215	202	208	213	201	204	212
205	203	212	203	210	290	212	219	298	210	217	302	210	221	298	208	216	297	215	219	303	205	219	301	210	223	301	215	222	213	203	203	210	201	204	214
200	205	212	210	209	320	203	232	323	213	226	316	213	223	320	215	226	328	212	228	321	210	226	323	214	227	321	216	229	218	198	204	206	205	204	209
203	201	210	201	208	327	218	223	331	211	232	336	217	225	340	218	230	336	215	229	334	214	230	343	213	233	333	215	224	212	201	202	206	202	207	203
202	204	203	200	203	264	209	214	267	205	216	273	206	212	272	210	217	271	208	215	264	209	213	264	206	213	273	208	216	203	198	205	204	200	202	201
202	200	200	204	204	253	209	213	252	207	215	258	206	213	256	207	214	257	212	213	254	208	216	263	206	211	258	206	215	202	203	197	199	202	207	201
201	210	245	209	216	637	243	290	671	247	291	665	244	290	670	244	296	673	247	294	676	244	295	674	246	291	676	243	300	241	202	212	242	208	212	243
206	200	213	206	209	612	242	289	644	248	288	655	248	290	658	246	293	652	246	293	645	241	289	650	240	290	653	251	289	217	204	205	207	201	205	209
204	205	210	203	206	397	223	237	402	222	238	402	219	240	406	223	242	403	221	240	409	223	241	397	221	242	403	220	238	210	203	200	206	201	205	206
203	205	223	208	206	363	223	233	368	223	237	373	217	231	374	218	236	373	217	234	366	220	232	376	221	232	372	217	234	223	204	207	219	201	206	222
206	207	231	206	212	476	236	255	476	230	252	485	223	256	480	227	257	487	230	256	475	232	259	493	228	257	483	228	249	231	201	206	229	201	207	221
204	200	208	204	202	478	229	263	498	233	260	499	227	258	507	228	258	510	228	256	491	231	262	498	227	264	504	231	260	212	201	207	205	203	201	202
199	200	203	203	205	309	215	221	318	215	226	331	212	223	321	211	225	324	214	228	324	218	224	325	216	230	321	212	224	209	200	205	206	204	202	204
204	199	202	202	202	268	207	214	269	208	216	266	207	216	269	202	219	267	207	212	274	208	215	272	206	217	268	208	214	207	205	203	207	189	202	202
204	201	200	201	203	275	210	220	274	209	215	279	208	215	277	208	219	276	209	213	278	211	216	284	206	219	277	207	219	208	202	200	205	203	202	204
201	205	212	206	208	277	213	215	277	208	210	274	207	216	277	208	211	277	212	218	275	209	214	273	210	220	280	212	215	214	203	203	210	201	206	210
202	205	201	201	208	259	211	212	262	203	216	263	206	212	264	208	214	263	205	212	264	208	215	263	211	216	259	210	213	207	200	204	202	206	201	203
202	200	214	206	214	724	253	310	750	255	313	735	254	313	743	254	304	740	249	302	752	255	307	744	249	307	748	251	307	217	202	202	207	200	200	207
202	206	211	209	216	877	265	337	867	267	331	878	266	338	873	264	331	872	266	328	854	266	334	870	265	337	870	268	330	220	201	208	212	203	206	210
204	200	209	204	207	414	227	250	424	221	244	428	227	245	432	222	247	427	221	247	419	222	241	425	222	243	426	217	251	214	203	201	207	205	206	206
204	204	213	207	209	286	208	219	287	211	216	281	209	219	283	209	217	287	210	220	290	208	213	289	210	218	286	210	223	204	201	203	207	200	204	203
202	204	211	201	202	256	206	214	260	205	211	256	208	215	257	209	211	257	205	210	257	207	214	259	206	213	257	208	211	211	201	204	211	201	204	206
208	205	219	201	206	249	209	213	253	204	215	250	208	209	254	210	215	255	207	210	251	209	212	251	209	209	255	205	212	212	205	203	213	203	204	213
205	207	228	206	206	268	207	211	271	203	216	266	207	215	268	211	212	264	208	215	267	208	216	269	207	219	267	206	215	228	203	206	223	207	208	225
206	207	235	207	210	282	209	215	284	210	221	279	213	218	283	210	221	279	207	220	283	208	218	281	210	218	281	211	222	239	203	206	234	201	211	234
201	201	210	204	208	267	206	216	268	208	217	262	211	213	262	206	212	264	205	213	263	204	214	267	205	211	264	209	215	213	200	204	209	204	203	205
206	207	248	205	209	286	211	221	292	215	220	289	210	219	293	202	218	290	207	218	288	211	216	290	209	216	293	209	219	250	203	210	246	205	208	244
207	211	237	206	210	288	211	216	287	214	216	288	207	219	285	210	215	290	208	217	281	212	217	287	209	221	287	209	218	237	206	210	235	205	210	234
202	201	201	203	204	279	212	217	288	210	211	287	212	219	283	212	216	287	208	216	287	212	218	286	211	218	287	207	218	208	201	204	206	204	202	205
202	203	204	206	212	605	240	283	617	244	284	607	241	281	610	240	285	606	244	273	616	237	284	610	237	280	609	240	274	212	206	205	208	206	199	203
203	207	204	208	212	549	235	272	552	236	273	563	239	271	552	237	272	560	235	271	550	240	274	558	236	273	562	233	273	210	198	205	203	201	200	201
200	201	207	207	212	481	227	257	488	226	257	495	228	261	483	232	255	487	228	253	484	233	259	478	227	254	488	233	262	210	199	200	209	201	204	206
200	201	204	204	203	315	211	226	312	212	223	314	212	224	316	215	222	313	214	225	316	215	225	312	212	220	315	213	226	211	199	205	209	202	204	204
204	202	213	204	206	264	210	215	269	207	218	274	204	217	271	207	211	272	205	215	277	207	215	272	209	222	269	211	215	213	199	202	212	203	204	212
203	206	206	207	206	262	207	210	262	209	212	261	210	211	262	207	213	260	206	212	259	201	216	267	209	211	262	205	216	211	198	205	207	200	204	205
201	199	206	201	207	276	210	218	275	207	215	275	208	214	272	208	212	275	211	214	278	206	220	273	215	218	277	212	219	207	201	203	202	202	201	206
198	200	201	201	209	522	231	267	526	230	271	525	234	263	526	237	258	524	235	269	522	235	266	524	232	265	518	229	271	207	200	200	200	202	203	204
203	200	206	206	207	404	226	243	409	224	244	412	222	241	410	221	238	408	223	244	420	219	242	412	220	243	414	225	244	211	202	201	202	205	203	199
201	203	210	205	215	749	256	308	750	255	305	759	253	309	759	258	314	746	265	305	751	253	310	760	252	314	755	254	310	221	202	207	217	204	205	208
202	206	223	218	253	2543	417	648	2565	418	644	2575	412	654	2545	426	639	2588	420	633	2558	425	637	2587	420	639	2589	414	645	266	203	206	220	203	206	222
208	201	213	207	218	860	271	329	869	266	333	873	268	329	875	262	332	880	266	337	864	263	328	879	268	331	870	266	325	224	204	200	212	203	203	206
206	202	213	205	209	423	225	248	441	221	246	431	224	247	434	221	246	427	225	249	430	223	251	439	223	245	433	223	247	217	204	200	207	202	203	211
205	202	202	204	206	298	214	218	305	214	220	302	211	222	301	213	218	299	209	225	302	210	218	299	212	220	299	213	223	203	202	203	211	199	202	202
201	203	205	204	203	265	207	214	267	209	214	272	212	213	274	208	214	273	208	214	266	206	215	271	208	217	265	209	215	207	200	200	203	204	203	206
200	201	205	205	206	265	209	210	267	212	211	263	210	216	262	210	212	269	204	213	272	211	210	265	210	217	264	207	218	205	204	201	207	203	203	205
206	202	211	208	216	651	244	292	662	231	290	662	240	295	663	244	290	668	245	289	659	248	291	648	247	288	653	243	288	223	203	204	210	206	205	212
204	206	208	209	208	550	237	276	572	235	274	572	234	272	559	237	275	557	231	272	554	235	270	561	236	279	554	239	269	218	204	203	208	202	202	211
206	199	206	202	205	338	213	233	349	215	231	340	211	234	341	215	233	352	221	226	339	211	230	350	218	231	345	214	231	209	205	204	203	203	200	209
206	205	210	205	204	303	215	223	306	213	221	310	211	223	304	209	219	312	211	220	303	212	221	302	215	224	302	210	229	211	200	201	203	201	202	213
206	204	201	210	234	1793	346	490	1779	353	490	1774	349	502	1778	347	501	1788	343	493	1795	342	494	1750	348	499	1797	342	502	236	202	203	208	201	204	207
202	203	200	210	219	829	262	326	842	262	321	830	261	321	830	261	322	839	265	325	834	260	322	822	267	324	830	259	319	215	205	202	201	201	199	200
204	205	211	206	211	420	221	244	424	225	245	429	222	241	430	223	247	434	223	245	431	225	248	424	219	246	431	229	244	218	205	206	213	203	206	211
203	203	203	202	200	263	212	214	262	210	216	261	208	213	264	206	216	268	208	211	263	207	215	261	208	214	261	206	214	205	208	200	205	202	205	207
200	202	207	204	204	326	215	225	325	214	228	325	217	227	322	215	222	324	212	230	326	215	225	318	219	223	320	212	225	208	201	201	202	201	198	206
202	206	208	204	205	281	209	219	288	210	216	282	212	218	278	209	218	281	212	217	280	209	218	288	208	218	284	214	220	212	205	201	208	203	202	210
202	204	203	204	203	264	206	213	275	209	218	277	209	215	278	208	213	275	209	217	272	207	214	271	211	216	277	210	218	208	204	200	206	199	201	205
203	202	203	207	207	259	208	215	260	208	211	261	211	215	258	206	212	259	206	214	264	207	214	262	206	210	261	209	210	210	204	208	207	202	203	209
204	201	211	205	212	446	222	250	450	229	256	446	226	255	447	226	254	450	223	252	451	228	252	454	224	251	451	230	245	214	204	201	206	204	203	208
202	206	205	203	207	371	222	237	376	220	238	370	222	235	373	219	239	373	220	237	370	220	236	371	220	238	374	220	233	209	202	202	203	202	198	198
202	201	204	206	210	298	212	217	294	207	221	294	208	219	292	211	222	298	214	217	297	215	218	292	209	223	301	210	219	207	202	200	201	202	200	203
203	201	209	199	205	251	206	209	253	204	210	256	209	213	259	209	212	258	209	212	251	211	214	252	208	211	255	205	212	209	202	201	208	200	202	202
201	202	205	201	205	239	206	208	236	203	209	237	203	207	244	206	211	238	202	209	236	205	212	238	208	208	242	203	212	200	202	203	204	200	208	207
205	203	209	204	208	241	204	208	248	207	211	248	207	211	247	203	209	249	204	218	246	206	212	246	208	211	247	202	213	211	200	205	213	202	200	211
204	202	205	204	206	309	212	217	307	212	222	311	212	221	312	210	224	306	211	223	315	216	224	305	214	222	319	212	225	205	203	202	206	204	198	206
203	200	210	205	202	271	206	217	276	208	214	273	208	214	275	211	215	275	206	214	275	209	211	272	209	217	270	206	216	211	201	194	201	201	200	204
202	205	214	205	200	265	208	217	274	208	211	268	211	223	276	207	213	270	208	217	271	209	215	264	212	218	273	208	214	214	204	202	214	205	205	210
202	201	214	206	206	269	205	213	271	208	217	273	208	215	275	213	218	277	209	217	277	208	213	277	211	217	270	210	213	218	201	205	212	203	207	212
213	221	303	217	223	351	215	233	352	217	233	355	216	237	355	216	233	361	215	231	360	217	230	349	215	229	349	219	226	303	211	222	301	212	224	301
202	201	203	207	207	248	205	210	254	207	207	250	203	212	254	208	212	250	205	212	253	205	213	249	204	210	258	207	207	201	198	200	201	201	202	195
203	203	201	202	210	407	223	249	418	224	245	418	222	245	414	213	244	414	220	245	412	222	241	414	223	245	411	227	239	211	202	200	203	202	201	202
202	206	211	206	215	632	244	282	649	246	290	641	246	291	640	245	289	645	247	284	641	244	287	647	243	284	643	246	290	226	205	204	216	203	206	208
203	203	206	200	210	364	214	234	365	218	232	366	220	236	365	214	237	370	216	236	366	217	237	366	216	235	366	218	230	208	200	203	202	201	203	202
201	200	206	201	203	275	208	214	272	209	220	278	211	215	274	206	220	282	210	219	279	211	218	280	210	216	274	210	215	209	205	203	205	203	201	204
202	203	215	203	206	278	206	219	279	206	218	276	207	213	279	211	215	280	212	216	282	204	219	275	205	214	283	211	218	214	203	203	215	202	206	216
200	202	209	204	209	308	213	222	303	216	221	302	214	223	313	209	224	309	211	222	309	213	222	299	209	223	308	213	219	208	200	205	203	202	200	208
204	204	211	203	209	257	207	217	263	210	203	261	205	216	261	205	216	264	210	213	271	208	212	262	205	212	271	210	214	206	203	205	205	199	203	208
200	205	212	208	211	251	207	213	253	205	210	255	207	210	253	208	211	255	206	210	251	210	205	251	204	219	254	207	212	213	204	198	211	203	203	213
204	202	210	202	210	331	212	227	335	215	226	326	211	228	330	218	228	329	220	228	328	215	227	329	214	228	331	215	229	213	200	201	204	205	202	206
200	198	207	204	212	511	231	268	508	234	266	515	232	259	510	232	261	513	233	264	509	230	266	514	223	266	509	230	262	208	205	201	204	201	202	197
206	201	208	207	211	646	241	291	641	247	286	633	239	291	652	244	284	645	243	292	651	246	293	637	242	287	637	244	298	216	203	204	209	203	205	208
205	198	207	211	225	1327	308	409	1317	309	419	1328	314	414	1332	310	419	1332	317	415	1353	308	426	1343	309	413	1343	308	414	229	199	205	206	203	202	208
206	202	220	219	249	2450	414	622	2447	409	623	2459	404	623	2466	405	629	2456	418	612	2452	416	620	2465	409	622	2458	402	626	260	200	201	211	204	205	213
203	206	211	206	219	923	272	342	944	271	344	933	269	346	939	273	346	929	273	337	947	271	344	942	275	343	948	271	342	222	201	207	206	198	201	207
199	208	206	204	209	460	228	254	465	230	250	462	227	254	465	226	252	470	225	253	461	224	255	462	228	255	459	224	256	204	201	201	199	198	201	203
204	200	209	202	208	329	220	223	332	217	229	332	220	228	331	213	229	328	217	230	326	217	233	327	212	225	330	216	226	212	204	202	206	200	201	208
199	207	211	201	208	322	215	226	329	214	225	320	216	231	327	211	231	324	218	224	330	213	222	324	213	228	334	214	230	211	203	204	206	205	204	206
200	201	201	203	203	392	220	245	402	222	243	393	220	247	398	220	240	402	221	242	406	222	240	407	220	245	402	228	240	206	200	200	203	206	199	203
209	210	250	207	213	349	216	234	351	214	232	357	216	228	356	217	231	346	216	232	354	214	227	352	212	232	346	218	231	252	207	207	251	204	211	247
202	199	200	200	198	254	204	211	258	209	211	256	209	214	257	211	217	254	206	214	254	211	210	256	209	211	258	207	211	204	201	200	206	207	203	203
200	201	200	202	204	252	205	214	255	207	216	252	209	213	250	206	212	257	204	212	250	208	210	245	205	213	257	206	210	201	200	200	208	201	204	203
201	202	203	205	205	260	210	207	260	211	211	257	207	212	263	206	213	258	201	214	264	210	217	258	207	215	259	211	209	208	201	204	202	203	202	205
204	199	206	203	207	328	215	231	322	211	227	327	212	227	326	210	225	329	213	227	329	212	229	322	214	229	322	216	224	212	202	204	210	200	203	205
203	203	210	206	217	1104	289	369	1148	286	369	1120	285	365	1118	287	374	1125	288	374	1132	284	374	1130	287	375	1126	283	368	224	203	205	209	203	198	206
204	201	205	242	318	4071	763	1367	4072	767	1356	4071	754	1363	4071	772	1372	4072	766	1361	4072	767	1377	4072	763	1366	4072	748	1358	313	201	201	206	204	202	204
201	204	203	227	292	4055	601	1018	4056	595	998	4056	586	1010	4056	592	1002	4056	593	1014	4056	590	1008	4056	585	1015	4056	598	1004	280	203	203	197	200	200	200
204	203	208	213	239	1565	340	489	1593	343	482	1599	337	499	1578	350	481	1606	344	480	1595	344	482	1583	348	490	1596	347	493	233	204	202	202	200	202	206
200	203	202	202	209	597	239	287	604	243	276	595	241	277	605	238	282	607	239	284	603	242	277	597	243	277	595	239	270	216	198	200	201	201	203	205
201	200	207	206	205	302	211	222	301	215	221	302	215	222	301	212	220	304	213	223	306	208	223	302	211	223	298	215	223	208	202	202	202	205	204	206
201	202	207	202	208	254	204	217	259	210	211	255	203	213	256	210	214	253	209	212	253	205	213	260	207	212	261	208	212	206	202	206	200	206	201	202
204	204	211	204	208	251	205	211	260	206	212	254	204	215	260	209	211	261	205	216	257	208	213	259	205	216	251	208	212	212	201	204	210	203	204	216
205	202	219	202	208	262	207	215	267	204	216	266	208	204	263	206	215	264	209	211	265	208	211	261	207	213	264	204	208	221	201	204	221	199	203	220
208	208	220	209	205	273	203	220	273	205	217	275	212	214	272	210	218	275	209	218	273	207	219	276	210	214	280	203	214	223	207	207	222	203	205	221
202	206	215	205	209	273	212	213	274	209	209	273	207	214	271	209	217	281	212	217	278	211	219	282	205	215	277	210	218	215	204	203	211	202	207	216
199	203	205	203	200	251	208	211	256	207	212	262	208	214	255	203	212	258	208	214	255	214	212	254	203	210	259	211	214	206	203	204	204	202	202	201
202	206	214	206	206	295	211	220	290	215	218	292	208	223	291	209	218	293	212	221	293	207	220	288	211	218	298	206	219	217	204	204	216	198	206	211
203	210	236	207	217	663	247	300	667	250	290	673	251	290	663	242	297	670	250	298	662	233	302	666	248	296	665	248	297	247	206	212	235	207	220	228
202	201	208	269	400	4094	1188	2224	4094	1183	2231	4094	1164	2252	4094	1194	2249	4094	1201	2216	4094	1196	2241	4094	1173	2261	4094	1182	2211	393	201	202	206	202	202	202
204	200	209	228	295	4099	603	1038	4098	620	1025	4098	601	1041	4098	602	1030	4098	608	1024	4098	599	1025	4098	608	1039	4098	611	1025	291	202	201	207	199	205	209
204	208	203	211	230	1640	341	486	1680	339	480	1658	336	489	1648	335	488	1644	341	475	1664	339	491	1674	345	493	1667	340	484	235	198	202	203	204	204	201
202	203	208	202	210	486	230	262	509	230	259	499	229	258	491	228	263	510	234	261	494	229	258	504	230	264	503	234	262	214	202	200	205	201	202	209
205	204	206	204	208	291	210	216	283	211	214	279	211	215	283	212	218	290	212	219	288	211	217	283	206	220	286	207	215	203	204	204	207	205	202	208
200	203	206	204	205	253	211	212	249	205	211	253	206	210	251	207	212	253	207	215	255	205	213	250	209	209	251	209	211	204	201	202	208	202	202	206
204	203	206	203	203	240	201	205	242	205	207	239	205	208	242	207	209	241	208	212	243	207	212	240	207	210	247	207	207	203	201	201	206	203	205	202
200	202	206	205	204	246	209	211	246	205	213	248	203	213	249	208	207	245	210	212	251	208	210	251	205	215	248	203	209	209	200	201	206	203	199	208
205	201	204	206	207	415	219	247	418	225	243	425	223	244	417	223	245	410	223	240	412	225	241	410	223	245	419	220	240	205	204	203	201	203	204	205
203	205	204	217	247	2547	423	645	2566	417	631	2577	415	650	2564	432	642	2559	414	635	2548	421	651	2552	416	654	2580	416	659	253	202	203	208	203	203	208
202	201	203	209	219	1057	289	376	1068	283	366	1091	283	367	1078	285	375	1079	285	367	1073	287	366	1085	287	377	1070	285	362	218	202	202	209	201	201	202
204	203	227	208	211	532	236	272	545	237	271	551	234	268	552	231	269	541	234	265	547	236	267	552	239	265	531	231	270	236	206	208	227	204	206	229
203	205	206	207	206	274	210	216	280	208	218	276	208	214	278	208	214	282	204	217	281	205	216	275	210	211	283	208	215	210	202	206	209	197	201	207
202	200	203	203	204	268	207	215	276	205	218	266	208	221	278	208	211	280	205	218	277	209	214	282	202	212	277	210	217	204	201	200	205	202	202	205
203	204	208	204	203	511	238	279	540	238	275	557	238	267	540	239	271	559	234	269	549	235	266	547	233	268	549	231	268	208	198	203	205	200	205	207
204	207	231	206	208	354	220	243	372	218	236	363	213	235	364	219	233	374	213	237	376	222	230	368	216	236	368	216	238	227	204	205	231	206	208	229
198	207	207	203	202	267	209	216	277	209	219	272	208	215	274	209	218	277	208	220	273	210	212	274	212	214	278	205	217	205	204	203	208	196	201	206
205	204	203	198	205	238	203	208	235	207	209	236	208	207	236	210	209	234	205	208	235	203	209	234	205	211	241	207	203	202	199	205	200	202	203	207
202	201	202	205	205	234	203	210	231	204	206	229	207	207	234	208	207	228	206	209	229	204	207	231	202	208	231	209	209	205	204	202	205	201	204	203
200	201	207	204	204	227	208	209	230	205	204	225	206	208	229	207	206	228	203	206	230	208	206	230	202	209	228	203	208	204	200	202	207	203	204	208
202	202	203	204	203	234	200	210	234	205	207	232	202	207	234	205	207	234	204	210	233	201	205	231	204	205	229	200	204	207	200	199	205	208	202	204
201	203	207	203	205	236	202	208	234	205	211	241	207	208	237	208	209	243	203	206	240	207	207	232	204	208	238	208	205	205	204	205	205	200	205	209
200	205	205	203	204	252	210	216	254	207	212	260	207	214	256	205	209	253	203	216	250	202	212	252	210	212	249	207	211	208	204	198	206	201	205	209
207	201	208	203	205	260	206	213	257	211	216	260	204	211	257	209	214	263	209	216	262	209	212	259	207	212	259	205	215	208	201	200	209	203	203	211
202	204	205	205	207	252	204	211	253	208	216	257	212	214	255	207	211	253	205	213	256	204	214	252	203	213	255	205	210	206	203	204	204	205	202	208
204	204	223	202	206	294	210	217	292	208	217	292	210	220	294	211	219	297	210	218	294	210	221	294	215	218	288	213	221	225	205	205	222	204	204	220
200	203	203	200	202	327	213	225	331	216	229	337	209	228	332	216	225	333	206	232	331	216	228	332	214	230	333	217	228	213	200	205	209	204	200	209
198	206	205	203	205	284	209	214	281	210	217	284	210	215	286	208	217	285	209	216	275	208	220	282	209	212	287	209	215	213	198	199	207	199	204	205
201	204	201	202	207	270	207	214	271	204	216	272	210	213	272	207	216	271	210	218	272	207	216	274	204	215	267	209	218	206	200	201	203	204	203	199
205	202	202	204	203	252	211	210	257	207	213	258	207	212	257	210	208	254	207	215	253	206	212	253	209	212	258	208	213	204	201	197	202	200	200	202
203	203	205	204	202	264	212	217	263	212	213	263	207	213	263	210	213	258	207	212	264	211	210	268	206	214	259	211	211	205	198	203	207	204	207	201
200	201	205	212	233	1808	352	504	1862	352	511	1853	354	513	1844	351	510	1841	359	492	1832	355	510	1839	355	515	1830	348	508	236	201	205	200	198	204	207
200	205	204	211	236	1983	360	530	1969	371	533	1985	363	531	1974	367	538	1973	367	531	1968	365	536	1971	370	527	1968	369	530	233	205	200	202	204	199	203
204	203	203	202	218	771	261	316	775	259	314	780	259	319	772	261	316	781	255	311	781	259	315	772	260	314	774	254	318	212	203	201	204	204	203	215
202	204	214	204	210	458	228	247	466	229	254	467	223	256	478	230	254	470	226	255	465	229	255	464	225	253	471	229	257	224	202	207	216	202	206	216
201	203	209	203	206	281	211	220	280	212	218	275	211	217	281	207	213	277	207	217	281	210	218	283	212	218	267	212	218	209	187	200	209	200	203	211
201	203	210	201	207	268	210	217	263	212	213	265	207	213	266	207	211	267	209	216	266	208	215	269	208	216	260	208	216	213	203	200	206	206	205	206
203	208	205	215	232	1733	342	476	1752	345	482	1748	343	483	1740	343	485	1751	344	481	1741	346	481	1752	347	491	1734	341	491	235	203	202	204	203	208	204
203	203	211	227	263	3660	527	867	3724	529	862	3694	524	862	3672	518	883	3686	530	866	3712	516	879	3687	524	865	3689	522	862	272	205	203	207	203	202	208
203	204	226	216	235	1832	362	517	1853	354	506	1843	357	501	1852	352	512	1835	350	512	1853	351	510	1822	355	511	1848	354	503	252	200	212	222	205	206	224
201	196	199	208	218	769	254	308	780	259	315	778	257	312	771	253	312	769	259	312	765	258	311	768	257	310	779	255	309	209	199	201	198	196	201	199
202	203	200	203	202	387	222	239	397	219	242	404	221	242	404	222	239	407	225	243	412	221	240	404	219	243	402	220	239	205	200	201	200	197	200	198
203	206	211	201	208	315	213	224	323	211	224	312	208	221	314	213	219	318	213	222	319	212	225	316	216	226	315	215	222	216	200	205	216	205	206	213
203	198	205	199	206	266	207	216	273	204	212	274	207	217	269	207	212	273	206	214	269	210	217	274	208	217	274	210	211	205	199	201	202	204	202	206
202	204	216	204	209	289	212	221	292	214	223	290	206	216	284	208	221	288	212	221	291	208	220	291	206	222	291	208	224	217	203	208	219	205	205	218
200	203	213	205	207	311	209	219	307	213	218	312	216	225	311	210	225	311	213	226	309	213	226	313	217	227	315	214	221	214	201	206	214	201	203	211
204	208	217	205	207	445	227	248	447	226	252	452	226	254	444	226	251	446	227	246	446	225	251	448	228	251	445	225	253	219	204	201	211	200	206	214
206	201	206	224	260	3672	497	800	3717	499	802	3697	497	800	3706	497	814	3704	495	808	3704	490	807	3693	492	814	3705	490	819	265	199	200	204	202	201	208
201	203	220	336	617	4099	2191	3955	4099	2219	3947	4099	2186	3955	4099	2181	3967	4099	2195	3947	4099	2200	3959	4099	2203	3965	4099	2191	3963	607	201	202	210	204	203	211
198	199	212	280	442	4095	1321	2505	4095	1343	2498	4095	1328	2526	4095	1320	2559	4095	1314	2518	4095	1328	2556	4095	1321	2555	4095	1315	2523	449	201	204	213	202	203	209
201	208	214	228	281	4091	571	962	4092	571	940	4092	570	950	4092	568	952	4092	562	939	4092	567	943	4092	575	965	4092	563	955	296	201	197	213	200	202	209
203	201	207	209	234	1657	332	477	1674	339	475	1658	337	478	1689	332	478	1666	348	478	1683	346	484	1683	344	485	1698	343	483	240	203	202	208	202	207	202
204	201	205	203	206	392	219	243	404	221	243	408	217	239	403	220	239	398	221	237	407	224	239	400	221	243	404	220	243	208	206	203	200	203	198	201
200	206	230	204	211	286	211	215	293	212	218	289	207	219	289	211	215	291	209	217	291	212	218	296	209	217	294	211	220	228	203	206	227	202	207	223
204	201	204	206	204	253	203	215	256	206	212	255	206	212	264	204	211	263	203	213	261	204	211	255	205	212	261	207	214	209	207	200	201	200	202	205
203	206	213	207	207	258	207	211	258	208	214	264	210	216	266	207	210	257	208	213	258	207	217	263	205	217	261	206	211	215	203	204	211	202	204	212
204	204	209	203	205	238	206	215	234	206	204	239	208	212	242	210	205	233	204	208	240	206	208	238	207	209	239	210	206	208	204	206	210	202	200	206
201	207	207	198	202	228	205	209	232	205	208	227	206	209	238	205	212	232	201	207	236	209	207	231	210	206	240	208	206	204	197	202	201	201	206	203
204	206	219	202	205	236	204	204	239	201	206	238	205	210	240	201	210	241	204	210	239	206	209	238	210	210	235	208	210	216	201	201	210	203	206	214
202	204	209	201	200	229	206	207	237	205	213	235	205	207	236	205	209	237	205	204	234	204	210	238	207	209	238	206	207	213	207	205	214	196	203	214
202	203	201	200	202	228	207	206	226	200	207	226	206	206	230	200	206	229	205	207	225	207	207	226	204	208	229	205	210	204	206	204	203	203	203	203
207	213	246	208	210	268	206	216	268	208	216	269	204	215	268	209	215	269	209	214	266	205	214	270	209	215	266	212	213	242	203	210	243	203	211	248
200	205	213	204	207	263	216	217	267	211	213	266	204	213	271	206	214	264	208	211	260	208	214	266	207	216	265	208	217	216	205	203	213	201	202	214
200	203	209	210	222	1287	302	417	1328	299	409	1319	306	410	1310	307	414	1308	301	411	1306	311	404	1302	309	415	1297	308	404	229	204	204	209	202	207	210
197	203	202	208	214	770	260	311	773	260	318	780	256	315	788	254	311	777	258	314	773	262	312	785	259	317	778	258	309	214	202	205	204	200	200	204
204	204	212	205	208	416	221	244	415	221	242	423	219	244	419	220	245	414	222	245	418	221	243	418	226	249	419	221	245	214	202	203	211	205	207	215
203	202	203	205	204	311	211	223	305	211	224	312	213	222	309	213	221	303	214	219	306	209	219	301	212	224	309	212	223	210	204	205	204	203	205	202
205	205	207	201	203	234	206	209	238	200	207	241	207	208	240	204	211	241	206	210	242	210	212	240	204	212	241	206	209	214	201	206	213	203	205	208
203	202	208	204	209	227	206	208	225	204	210	228	202	206	228	204	207	227	206	203	233	204	208	226	204	208	228	202	207	206	203	200	205	207	204	210
203	199	210	202	204	227	203	210	233	206	211	227	205	201	229	204	208	224	203	207	225	206	206	227	205	207	232	208	204	207	201	201	212	205	203	216
200	206	205	206	203	226	200	209	232	204	204	229	204	204	231	204	208	234	201	211	226	199	205	226	206	208	231	206	204	206	205	200	204	205	201	201
199	204	217	205	209	235	204	206	236	208	205	235	205	209	235	204	206	233	206	210	233	204	208	233	206	207	239	208	204	213	202	209	216	198	206	213
201	201	210	203	203	227	207	206	229	204	209	232	204	208	229	208	206	231	203	206	231	201	210	229	204	207	228	204	208	205	200	203	209	203	202	210
201	203	206	202	205	230	203	209	235	205	210	228	203	212	229	203	205	234	207	213	231	203	207	223	206	207	230	204	206	207	205	201	207	204	204	211
203	204	205	201	204	228	204	205	231	206	210	225	205	205	223	201	206	228	199	210	231	199	207	224	206	202	232	205	205	203	203	200	210	199	201	205
203	204	202	203	202	240	207	211	235	201	207	244	206	211	237	203	208	241	204	212	239	206	215	240	208	206	239	205	209	204	200	204	203	202	203	202
207	205	211	200	202	261	206	215	272	210	216	262	210	216	270	209	215	265	207	212	268	208	216	268	206	208	268	209	214	210	204	202	206	201	202	211
204	201	203	208	222	1039	286	366	1047	286	364	1050	279	368	1063	278	360	1054	278	357	1049	281	362	1060	277	364	1051	275	364	222	200	201	209	197	201	207
203	206	213	212	228	1481	324	453	1493	327	448	1493	321	447	1500	323	454	1529	319	453	1500	327	453	1501	324	449	1495	319	442	238	202	206	216	204	208	208
203	206	220	226	268	3664	531	861	3681	534	864	3678	525	848	3672	522	869	3674	525	858	3670	525	874	3687	529	886	3672	526	844	282	204	206	222	204	205	222
204	200	206	216	232	1968	368	531	1998	365	529	1969	361	530	1975	364	535	1967	375	539	1980	373	535	1970	372	537	1978	358	527	237	207	198	202	203	199	203
206	205	208	206	216	849	263	332	871	271	332	861	266	335	862	262	332	866	267	336	861	264	332	863	271	334	873	262	331	222	204	205	210	202	202	207
202	198	207	204	209	530	231	264	544	231	269	541	233	273	533	234	273	537	237	273	535	234	268	536	234	268	534	233	267	211	199	199	201	200	207	205
203	204	211	205	205	273	214	218	281	207	217	276	211	212	277	206	217	278	210	215	279	207	217	274	207	217	278	206	216	213	201	204	212	203	204	214
199	201	202	200	203	232	205	209	226	204	205	230	203	205	225	205	205	225	204	206	225	203	207	227	202	208	227	204	212	204	201	202	202	199	202	204
202	200	201	203	204	218	200	203	215	202	204	221	203	206	221	201	203	218	206	205	213	200	201	218	204	205	222	199	201	202	201	204	190	204	203	200
203	206	207	201	201	224	204	209	227	205	207	226	203	209	224	207	207	225	204	208	225	204	209	228	203	205	224	205	208	208	203	203	211	202	206	209
200	204	203	203	204	220	205	203	220	203	201	216	205	205	216	203	205	216	202	204	216	201	208	215	199	206	218	205	205	203	201	204	207	202	201	200
200	205	208	207	205	333	212	226	337	214	229	336	218	230	338	217	230	334	214	230	327	216	233	328	214	230	336	219	227	211	203	204	209	200	204	211
207	204	213	211	215	1025	278	357	1036	278	356	1034	285	358	1021	280	368	1033	279	360	1030	283	359	1021	277	363	1047	285	367	228	203	206	212	204	204	208
205	205	210	208	211	450	227	255	452	226	250	462	229	253	455	224	254	459	227	251	450	222	245	454	229	251	457	224	255	215	200	202	210	202	201	208
201	203	213	203	203	336	217	227	332	213	229	329	214	227	319	214	227	328	213	223	312	217	226	325	215	222	331	214	224	211	202	200	209	202	200	211
206	214	250	205	213	308	212	225	316	214	222	316	209	224	311	210	222	312	210	221	316	215	222	310	208	224	312	212	222	249	204	211	249	207	211	246
204	201	210	203	203	224	206	206	227	204	210	228	207	204	227	201	205	228	202	206	227	204	204	229	202	209	227	202	204	211	200	203	209	201	206	212
202	208	222	203	205	232	204	207	236	205	210	235	192	209	233	205	208	232	205	209	229	205	204	231	206	204	227	206	212	220	204	206	226	203	207	224
203	204	207	201	198	217	200	203	218	200	201	221	200	211	217	205	204	213	205	204	223	204	206	218	202	208	218	204	205	210	202	205	210	203	208	213
199	204	202	206	201	214	201	206	213	205	203	215	205	202	217	202	203	216	202	205	215	202	207	212	209	199	214	202	208	205	204	200	206	197	200	202
205	210	225	204	206	266	208	211	266	206	215	265	208	211	261	208	212	268	208	216	270	205	214	266	210	212	269	206	210	220	203	203	224	206	206	222
203	203	208	202	202	242	205	207	239	204	206	239	208	210	240	205	208	235	204	212	239	206	205	238	207	208	238	205	213	204	203	202	204	201	202	206
201	205	202	204	202	233	205	211	234	206	206	234	201	212	237	204	209	241	205	211	233	208	209	238	205	207	231	204	204	203	202	201	200	202	201	202
206	210	225	201	210	244	204	204	243	205	209	243	210	210	238	208	210	246	201	210	239	205	209	243	203	214	240	204	209	223	203	206	222	200	199	225
204	202	217	203	205	225	204	205	225	205	206	218	205	207	227	202	205	224	203	206	224	205	208	227	203	208	225	200	205	215	201	203	214	201	204	211
203	204	207	207	204	212	202	205	220	203	205	217	205	203	217	203	205	218	201	206	219	200	202	220	207	207	213	201	203	209	202	204	205	206	205	205
200	204	205	206	206	278	210	218	276	208	215	278	208	217	285	210	214	277	208	220	276	206	217	282	209	217	277	205	218	208	201	203	203	205	205	205
202	202	209	201	203	296	209	219	296	213	223	298	213	218	297	211	218	299	207	217	295	208	217	303	215	219	293	212	221	215	206	203	210	206	200	213
200	204	205	202	203	246	204	211	251	207	212	250	204	214	248	209	207	246	211	211	248	206	207	241	208	209	244	208	209	207	202	199	208	208	205	207
205	200	207	202	206	226	203	206	224	206	208	229	204	209	229	202	206	230	205	209	232	206	206	227	206	209	225	206	205	202	205	201	206	201	203	205
199	203	207	200	204	224	205	207	219	205	205	221	205	208	218	205	203	225	203	204	225	203	205	218	208	210	224	202	204	206	206	201	204	207	205	205
200	199	213	204	204	222	202	205	221	204	207	223	205	206	223	208	207	221	203	205	221	203	205	219	203	206	222	206	204	208	202	206	213	201	206	211
200	205	208	201	202	215	200	206	218	200	205	216	202	208	217	201	205	218	202	206	218	203	205	217	205	205	218	202	208	212	201	198	212	205	199	212
202	204	206	203	200	213	201	207	210	203	201	210	203	200	214	203	202	211	201	201	212	200	202	212	204	199	212	204	202	200	202	204	204	203	201	196
204	202	202	203	200	209	202	207	210	207	202	214	203	200	215	205	204	216	203	206	213	204	205	215	200	204	209	202	204	204	203	203	206	204	202	203
203	204	213	203	200	223	204	210	214	200	204	225	205	204	223	201	209	220	201	210	221	203	205	222	206	204	220	203	209	213	200	199	209	202	208	210
199	202	202	201	201	231	203	206	232	202	211	237	203	209	234	201	209	236	207	206	233	206	211	233	210	209	232	204	207	199	201	203	204	203	202	203
203	202	206	202	205	220	202	206	223	202	206	221	200	205	222	204	203	219	203	206	226	201	208	222	202	210	223	203	206	206	200	205	207	203	204	203
204	203	209	202	202	215	204	208	212	200	206	217	203	207	217	206	206	217	200	204	218	204	203	220	203	206	220	203	208	207	203	201	206	204	204	207
200	197	206	198	202	215	204	202	220	203	201	221	204	209	216	202	204	218	206	205	220	202	205	219	202	206	217	203	210	208	206	200	207	205	203	203
201	202	209	204	206	220	202	208	218	203	207	215	204	202	215	202	208	217	205	203	217	204	206	215	200	207	213	202	214	206	203	201	205	199	203	201
203	202	208	200	205	216	204	205	214	202	204	213	206	204	209	206	204	214	203	203	213	202	200	212	202	205	218	199	200	208	200	200	207	204	209	205
201	200	205	198	203	213	203	210	211	204	203	207	203	201	213	205	205	213	201	206	213	204	203	213	204	205	208	202	203	203	202	201	203	201	203	207
198	199	202	203	205	205	201	205	206	202	208	208	201	203	207	199	201	207	202	204	205	199	204	213	200	205	209	206	208	206	204	201	200	200	200	206
204	202	206	204	199	217	203	207	213	202	206	213	206	205	218	200	202	214	204	203	214	204	204	220	205	207	214	204	201	207	201	199	206	205	204	202
204	204	203	203	201	214	207	203	218	203	206	214	201	207	219	202	209	222	202	205	214	202	207	221	207	205	219	202	206	205	203	200	204	201	203	202
202	204	211	202	207	217	206	202	226	207	205	221	204	206	220	204	204	219	203	206	219	202	206	221	201	204	220	203	205	208	199	202	212	203	209	208
200	203	207	200	203	207	202	207	211	203	206	213	204	204	214	205	204	211	204	203	212	206	205	212	205	203	212	202	205	204	205	205	203	203	202	207
200	204	207	201	201	210	201	206	214	204	207	209	205	204	211	206	204	211	203	208	211	206	202	213	197	201	208	208	203	205	201	205	210	205	203	203
204	207	214	205	202	218	203	207	220	205	206	220	202	204	220	199	206	215	201	202	219	206	208	219	205	201	219	203	206	213	204	205	215	203	204	211
205	204	224	200	202	228	203	204	230	202	210	225	202	203	224	207	207	221	201	209	224	205	209	230	202	206	229	205	202	219	198	205	221	205	204	219
204	204	216	203	204	223	211	204	215	203	211	218	201	205	219	203	204	217	205	205	221	202	199	216	206	202	220	200	208	212	203	208	213	203	205	212
205	205	204	206	205	210	200	202	209	205	203	215	204	205	209	203	205	211	200	201	215	204	205	208	202	205	209	205	203	209	204	204	204	203	201	203
199	203	208	204	201	210	203	204	205	202	200	211	202	205	206	203	201	206	203	205	209	201	200	210	200	205	204	207	203	202	200	198	206	201	204	202
207	204	219	209	205	233	201	208	230	206	211	225	203	207	226	199	207	224	206	208	230	205	206	227	202	204	225	203	204	227	203	210	225	208	205	226
200	202	199	201	203	208	202	200	207	203	204	205	201	202	204	204	194	202	199	203	207	203	205	209	200	202	208	199	199	201	200	204	197	202	202	198
204	200	199	199	199	205	199	202	204	202	201	206	202	202	206	202	205	209	200	204	207	204	203	206	205	205	209	200	204	201	206	197	199	203	207	199
202	203	205	202	207	214	203	203	214	197	206	203	205	203	207	208	200	212	200	204	208	205	204	212	206	207	209	202	203	201	200	204	207	203	199	202
205	202	206	202	202	207	203	204	207	206	204	208	202	204	212	200	204	204	200	203	208	205	206	211	200	201	208	204	204	203	201	200	203	204	200	206
205	204	214	207	203	219	202	206	217	204	206	223	206	207	218	204	207	221	204	207	217	204	207	219	200	204	222	199	204	212	206	204	212	205	203	212
203	200	206	203	200	213	200	200	211	204	203	216	202	205	208	203	205	213	205	204	212	204	206	212	204	208	214	202	200	210	202	202	207	204	202	209
199	204	208	203	203	208	204	205	211	198	201	213	202	200	213	199	201	210	205	203	215	201	205	209	203	201	208	205	202	200	201	200	204	203	201	200
206	209	231	206	207	236	207	208	239	203	207	237	203	211	237	203	206	235	201	213	236	206	208	238	206	208	235	205	211	232	205	206	231	204	209	226
200	201	204	204	204	210	203	204	211	202	208	212	200	202	206	199	198	211	204	201	209	200	204	209	202	201	208	200	204	204	201	202	202	202	200	199
201	199	204	206	206	208	202	205	207	201	204	209	202	205	209	200	203	211	202	199	209	200	207	205	197	203	208	200	201	206	209	198	204	200	200	206
207	205	228	203	208	230	206	209	228	205	209	235	204	207	236	208	212	231	205	212	231	206	209	236	202	208	230	201	206	226	205	208	229	200	207	224
203	203	213	203	202	229	206	209	226	204	206	227	201	207	221	201	212	227	201	209	224	201	206	225	205	208	226	202	205	213	205	205	210	205	206	211
204	202	210	204	202	234	203	204	229	205	208	220	200	206	232	205	209	228	204	206	234	201	208	231	204	208	230	203	205	206	201	202	209	204	203	210
202	201	199	204	204	218	203	202	214	200	201	218	204	202	219	205	210	215	205	204	218	207	207	217	204	208	216	201	204	202	201	198	196	203	199	201
205	204	201	198	203	223	200	209	223	204	205	218	204	207	223	203	206	218	201	204	219	200	209	220	206	206	220	202	204	203	201	202	201	201	203	202
200	201	208	203	200	231	201	208	227	208	210	226	204	216	229	207	209	235	202	208	234	209	209	233	204	210	227	204	209	206	198	206	204	198	204	207
206	205	208	201	208	413	225	247	422	223	243	422	225	243	421	224	243	418	218	240	426	224	247	427	222	250	420	226	245	211	203	204	209	200	203	211
200	202	208	210	231	1799	354	502	1830	358	497	1820	354	495	1806	351	496	1837	353	499	1836	354	504	1825	352	510	1825	348	498	236	203	200	206	201	201	205
201	203	215	208	216	1067	283	369	1066	282	365	1074	286	370	1069	285	369	1072	287	368	1062	287	378	1085	291	371	1065	279	369	225	198	204	209	199	206	212
201	206	205	208	213	665	245	291	675	250	285	679	244	296	673	250	291	677	248	295	691	251	295	685	250	300	683	252	293	216	200	203	206	196	206	202
202	205	204	203	211	489	233	260	495	228	263	494	229	258	492	228	260	491	227	261	494	231	261	496	230	253	495	226	258	216	200	201	210	202	204	211
205	204	208	202	207	333	214	225	338	213	230	334	212	228	329	213	224	332	217	227	335	215	226	334	220	227	338	219	229	218	207	206	215	203	199	218
200	203	210	201	201	229	210	204	228	202	206	229	205	209	232	205	206	234	202	208	228	203	208	228	203	207	223	204	207	210	203	205	209	198	203	207
208	204	216	204	205	221	206	209	226	203	204	224	202	206	227	207	207	227	204	205	228	206	205	226	205	206	220	206	210	215	203	201	215	201	204	214
200	201	209	198	201	227	207	208	227	201	208	222	205	217	227	202	205	228	199	203	222	210	211	223	204	208	226	199	207	207	203	202	207	202	201	203
201	203	216	206	206	235	203	203	235	204	209	237	203	212	236	203	207	238	205	208	238	203	210	237	197	209	240	204	212	216	201	202	206	201	204	213
206	204	209	201	205	236	204	212	230	204	214	236	205	204	238	201	202	230	204	207	239	207	207	230	209	208	234	205	204	205	200	206	204	200	204	207
203	204	212	203	207	446	225	252	448	225	248	457	226	250	458	228	257	452	223	251	450	234	253	456	223	251	458	222	254	214	199	204	209	201	202	213
199	201	208	205	204	379	218	240	389	220	235	392	218	238	391	222	235	393	222	240	389	217	236	382	220	233	383	218	232	206	200	204	207	202	205	203
202	203	211	206	208	327	212	225	322	214	224	322	212	224	322	214	227	318	214	220	324	217	222	321	215	222	319	213	226	216	198	203	212	204	206	212
200	202	204	207	204	275	207	212	265	206	217	267	206	213	268	210	210	277	208	215	271	204	210	266	212	210	282	208	217	209	201	199	207	205	204	206
200	202	209	200	204	250	206	211	251	200	214	248	204	215	249	204	208	256	207	211	251	209	213	250	208	215	250	206	209	208	198	202	206	202	203	214
205	203	201	207	204	208	201	199	212	202	205	214	202	203	210	204	205	215	205	204	216	204	202	207	204	206	213	201	200	202	204	199	202	200	202	202
200	199	206	201	206	212	203	205	210	204	208	213	205	209	213	199	204	212	204	205	213	204	204	216	205	203	210	203	209	209	203	204	206	203	201	207
202	201	209	201	202	219	201	206	223	204	206	220	206	205	217	200	207	217	202	209	223	203	203	217	203	205	214	206	205	208	202	202	211	202	207	209
204	200	205	205	205	213	205	203	209	201	204	212	201	205	211	200	204	210	203	204	211	204	203	214	203	202	211	200	206	209	203	199	205	202	200	203
200	200	203	198	198	210	202	201	209	199	199	205	200	203	208	203	204	210	203	207	204	202	204	207	205	209	208	204	201	203	205	200	202	206	205	201
204	202	207	202	206	212	203	203	212	205	203	213	201	205	212	200	203	215	202	202	208	201	202	212	202	202	211	202	204	204	203	201	211	201	202	206
201	202	204	204	196	208	199	208	209	202	202	203	203	202	206	201	201	207	204	202	206	202	208	207	199	202	206	205	203	204	207	198	202	197	205	204
203	204	199	201	201	205	200	201	202	204	203	206	201	201	204	201	202	204	202	199	203	200	207	202	201	203	206	202	202	202	202	199	196	202	202	203
203	202	200	199	201	215	202	203	210	203	202	208	202	206	217	205	204	214	203	208	212	204	205	213	203	205	212	202	207	199	202	199	200	202	201	202
200	202	206	203	201	212	206	205	212	205	201	211	201	210	211	205	200	208	204	202	211	204	203	211	199	206	212	201	202	205	205	202	206	203	202	200
204	207	210	202	203	219	200	206	220	205	204	223	202	207	219	203	206	220	203	206	218	203	205	218	201	203	220	203	208	209	204	202	213	202	207	216
203	204	207	204	201	221	207	206	219	202	203	215	206	204	223	206	204	224	204	202	218	205	204	217	205	205	214	202	208	213	201	208	213	200	207	215
196	203	208	200	204	212	206	205	214	206	205	212	201	208	205	201	204	210	205	202	208	201	202	213	199	203	210	205	203	205	201	203	205	201	205	209
202	199	210	202	207	210	206	205	215	201	201	211	205	198	211	202	203	219	204	206	213	206	201	213	206	199	214	202	203	213	201	206	212	205	204	212
203	207	224	204	206	223	202	205	222	207	207	224	203	205	226	204	207	224	207	205	226	203	207	220	202	203	227	205	206	223	204	205	223	207	205	225
200	202	212	200	203	214	206	202	213	204	205	210	205	203	211	200	208	211	201	204	214	205	204	213	200	203	213	203	206	209	202	202	210	202	202	210
204	200	206	205	201	207	202	199	209	202	200	209	207	200	207	201	202	205	204	204	208	202	203	207	202	201	205	203	200	207	207	205	205	205	203	208
206	208	233	205	206	235	202	208	236	209	205	231	206	207	231	203	207	239	202	207	234	211	208	236	205	210	237	206	205	229	205	204	234	206	208	232
204	202	210	203	204	205	202	204	209	201	197	211	198	199	205	203	202	203	200	205	206	200	202	206	199	205	207	205	201	206	204	202	208	204	206	205
206	205	207	200	200	208	205	205	208	204	207	208	199	206	212	205	206	212	203	202	210	205	201	213	202	204	211	200	201	210	204	206	208	206	201	207
199	203	204	201	203	204	200	203	206	202	204	207	204	206	204	205	201	207	201	201	204	204	199	215	202	202	207	205	203	203	202	203	203	207	200	205
202	205	205	202	204	208	207	201	208	201	203	207	202	202	207	203	205	209	205	200	213	202	203	208	203	205	211	203	202	202	202	203	205	201	197	204
204	202	208	205	203	208	199	205	208	202	204	212	203	210	207	204	204	215	201	206	211	204	207	212	202	201	212	201	205	211	200	203	208	200	202	210
202	202	211	199	208	212	202	204	210	201	204	211	205	201	212	203	202	213	200	202	210	203	201	212	199	198	213	201	206	208	200	205	211	201	203	209
199	202	204	198	200	205	205	200	206	202	202	204	202	203	205	199	206	201	203	202	204	202	204	204	204	199	207	198	205	204	205	204	202	203	204	201
201	205	205	205	205	210	204	202	212	203	204	206	201	202	208	201	204	208	199	206	206	200	200	211	204	204	207	204	202	207	204	204	208	201	205	206
202	202	201	204	201	201	201	200	198	200	206	203	203	210	203	205	199	201	202	198	201	204	201	203	206	202	200	202	200	204	199	198	203	200	203	201
204	205	220	201	205	216	209	204	215	200	204	219	203	203	216	205	206	222	204	205	213	205	203	218	200	204	216	202	203	216	201	207	216	203	203	212
202	203	204	205	204	206	199	200	210	203	205	208	201	201	210	204	202	208	202	205	214	201	201	208	204	203	209	202	203	206	206	205	208	204	201	210
203	201	208	200	202	213	205	200	213	199	202	210	205	202	207	203	203	213	199	203	214	202	203	213	201	196	208	203	204	208	203	205	207	203	196	211
204	206	207	204	204	210	200	204	214	199	204	212	205	202	212	206	204	208	201	205	210	204	203	209	199	205	211	204	204	211	202	201	212	200	203	210
202	204	208	201	199	202	205	201	208	200	204	207	201	208	208	203	204	210	204	199	213	200	201	214	202	202	209	200	201	209	204	202	203	203	202	205
203	203	207	203	207	212	204	207	210	206	203	209	200	202	208	204	202	214	204	204	207	204	202	211	203	206	207	201	202	206	199	202	208	207	205	207
203	203	198	203	201	207	201	200	207	202	201	207	205	199	204	200	203	206	202	204	207	198	199	205	202	203	208	201	207	204	203	199	203	203	201	206
198	200	205	205	200	210	203	206	210	197	203	212	201	204	210	202	201	209	204	205	208	202	202	207	201	206	209	202	204	210	204	204	208	205	204	205
201	204	208	203	202	210	204	200	208	201	197	204	200	202	208	200	202	206	202	201	210	204	205	211	203	207	204	198	206	205	204	203	205	205	206	204
201	203	208	204	204	213	201	205	207	206	203	211	201	202	210	203	201	209	204	204	209	203	206	210	201	206	210	204	206	210	197	202	201	202	202	209
203	205	202	202	204	207	199	201	204	202	201	208	200	201	205	204	202	208	195	200	204	199	200	206	201	200	200	202	208	201	202	202	204	199	200	201
198	203	207	207	202	223	200	208	218	204	207	222	202	203	216	201	203	220	207	202	218	208	206	217	207	204	218	201	205	202	205	204	204	204	202	203
199	202	213	202	205	280	210	216	282	207	218	287	210	224	279	212	220	287	211	217	286	212	220	282	210	215	284	210	223	213	205	204	211	202	204	214
202	203	212	206	205	271	205	222	272	213	214	269	205	217	276	208	218	270	207	216	271	209	213	270	210	216	268	205	212	207	201	202	208	201	198	209
205	202	206	201	204	249	206	212	251	204	214	252	205	207	252	206	210	255	208	210	254	211	212	249	204	211	255	210	212	207	205	203	204	203	199	212
201	200	207	208	206	238	203	212	233	202	207	235	203	205	232	206	207	233	206	208	240	201	208	238	204	209	238	202	211	204	202	201	206	202	200	203
202	201	210	205	203	229	205	203	230	204	206	234	205	212	227	200	210	228	203	207	229	207	208	228	200	206	230	207	204	211	204	204	212	200	203	211
204	199	206	203	205	212	200	200	212	199	204	206	200	204	212	205	200	209	205	201	214	201	207	214	201	204	214	202	206	210	202	205	207	207	203	210
204	210	220	205	208	225	204	207	225	204	203	223	206	206	222	200	207	225	208	207	222	205	208	220	204	206	224	205	205	224	206	207	222	199	206	222
200	204	217	201	207	214	204	206	212	203	202	218	198	210	216	206	205	213	198	205	220	206	208	214	205	200	212	204	205	215	201	203	215	204	205	211
203	198	208	202	203	204	203	206	209	208	208	207	202	203	208	200	204	209	201	201	208	203	205	206	208	208	207	202	204	209	203	203	209	205	202	205
202	205	216	205	208	220	204	206	222	206	206	215	198	202	222	203	204	218	203	202	219	208	205	220	202	206	221	201	204	219	200	201	215	200	205	215
201	202	199	199	204	205	203	202	199	198	205	212	202	202	203	197	203	206	201	200	207	199	203	204	204	203	207	201	205	201	203	200	199	203	200	202
202	203	211	202	201	214	204	200	213	200	204	210	198	201	213	206	204	209	202	203	218	201	201	212	206	203	209	203	206	208	202	203	207	202	201	211
204	199	213	199	201	209	202	205	215	204	204	213	201	204	214	203	205	212	206	206	217	201	207	214	200	203	218	199	204	210	204	205	212	198	200	209
202	201	202	202	202	208	206	202	209	202	204	210	204	203	205	201	206	215	202	203	212	205	205	209	202	204	211	204	205	201	202	199	201	203	202	203
199	202	206	205	204	212	203	205	210	202	203	212	203	199	213	201	203	209	199	203	210	205	202	211	201	201	212	201	203	206	198	202	206	200	203	203
202	203	210	197	202	213	205	207	212	199	209	212	206	206	213	203	200	218	201	204	215	206	204	217	205	206	215	201	207	212	201	202	210	199	203	209
205	204	222	204	206	228	206	207	224	205	202	219	202	206	223	204	207	230	198	207	225	216	201	227	206	206	228	207	210	223	205	206	222	207	207	225
201	201	202	199	203	208	203	205	208	202	201	207	203	205	210	206	205	211	203	202	209	202	203	210	201	204	209	204	203	203	202	202	202	201	201	206
203	204	218	207	205	218	202	202	218	203	205	216	206	205	217	201	205	216	198	203	217	204	208	217	198	206	217	204	205	218	204	204	217	207	206	214
202	199	203	207	202	202	204	202	208	203	202	207	203	203	208	204	203	208	200	197	207	206	205	205	200	205	210	204	203	203	204	201	205	204	205	207
199	199	206	198	202	204	204	208	207	200	201	208	202	204	208	202	203	208	207	201	210	205	204	210	202	201	210	200	204	205	202	201	205	203	205	208
199	202	217	201	207	218	202	206	215	204	202	216	204	205	219	202	204	213	202	202	218	205	202	217	203	205	215	201	206	214	203	202	214	204	206	213
205	201	200	207	202	213	202	205	208	204	204	212	207	201	209	199	206	210	206	203	211	203	205	218	205	204	213	203	205	209	202	209	205	198	204	214
201	199	202	201	199	202	202	200	203	205	204	199	201	201	200	201	200	205	201	206	202	206	203	204	201	201	203	204	201	204	200	198	206	199	202	203
204	206	206	201	198	210	204	207	212	204	207	209	203	203	210	203	203	216	203	206	216	204	201	206	204	203	210	202	207	211	203	203	212	201	207	207
203	201	207	201	203	210	200	202	208	200	197	207	203	201	210	204	199	210	204	202	207	202	201	207	200	201	210	205	203	208	200	199	205	202	205	207
202	204	209	204	206	212	205	203	214	203	204	213	205	203	218	200	203	214	200	207	211	204	208	214	206	207	213	202	201	214	204	204	214	206	208	214
202	205	211	201	204	215	206	206	212	202	201	211	199	203	214	206	207	213	202	204	210	204	203	215	205	204	207	204	204	211	203	204	208	201	203	212
202	201	207	202	201	209	202	206	207	200	201	208	206	203	210	201	202	208	200	198	206	204	205	207	202	204	202	201	200	205	204	205	208	200	203	207
197	203	209	201	203	208	202	202	206	201	203	212	205	203	207	201	204	205	202	200	208	202	202	215	205	204	208	194	203	205	203	202	208	205	201	207
203	202	211	204	204	211	202	205	210	207	203	208	200	206	214	202	203	214	204	205	214	202	201	212	206	204	211	203	203	208	204	203	211	205	205	210
201	204	209	203	205	208	202	201	212	199	199	210	198	204	205	204	203	205	207	202	205	201	202	210	204	202	208	206	205	205	201	203	212	204	202	205
203	202	209	204	204	213	205	205	215	201	201	213	202	207	214	198	203	211	204	209	212	201	208	211	203	202	212	202	202	210	201	203	211	205	204	209
203	203	206	203	206	204	200	200	205	200	195	201	203	204	206	204	202	200	205	203	206	203	202	203	208	200	207	204	204	206	204	202	202	200	200	204
\machine::top.usb650:setup:su_maj_r1
0
1
1
16.000000
\machine::top.usb650:setup:su_z1
0
1
1
-1.000000
\machine::top.usb650:setup:su_phi1
0
1
1
157.500000
\machine::top.usb650:setup:su_maj_r2
0
1
1
16.000000
\machine::top.usb650:setup:su_z2
0
1
1
1.000000
\machine::top.usb650:setup:su_phi2
0
1
1
157.500000
\machine::top.usb650:setup:su_ft
1
1
1
50mm, P1000-2-UV/VIS EOS00019, 727-733-2447
\machine::top.usb650:comments
1
1
1
relative to track.
\machine::top.usb650:framing:frm_int
0
1
36
100
200
1000
100
200
1000
100
200
1000
100
200
1000
100
200
1000
100
200
1000
100
200
1000
100
200
1000
100
200
1000
100
200
1000
100
200
1000
100
200
1000
