16242.6
4.19428e-20
4.19321e-20
4.18939e-20
4.1847e-20
4.1792e-20
4.17292e-20
4.16587e-20
4.15805e-20
4.14947e-20
4.14015e-20
4.13008e-20
4.11927e-20
4.10773e-20
4.09545e-20
4.08245e-20
4.06874e-20
4.05432e-20
4.0392e-20
4.02338e-20
4.00688e-20
3.98971e-20
3.97186e-20
3.95336e-20
3.93422e-20
3.91444e-20
3.89403e-20
3.873e-20
3.85138e-20
3.82916e-20
3.80635e-20
3.78298e-20
3.75905e-20
3.73458e-20
3.70958e-20
3.68405e-20
3.65802e-20
3.6315e-20
3.60449e-20
3.57702e-20
3.5491e-20
3.52074e-20
3.49195e-20
3.46276e-20
3.43317e-20
3.40319e-20
3.37285e-20
3.34216e-20
3.31113e-20
3.27977e-20
3.2481e-20
3.21614e-20
3.18391e-20
3.1514e-20
3.11865e-20
3.08566e-20
3.05245e-20
3.01903e-20
2.98542e-20
2.95163e-20
2.91768e-20
2.88358e-20
2.84935e-20
2.815e-20
2.78054e-20
2.74599e-20
2.71136e-20
2.67667e-20
2.64193e-20
2.60715e-20
2.57234e-20
2.53752e-20
2.50271e-20
2.46791e-20
2.43314e-20
2.3984e-20
2.36372e-20
2.3291e-20
2.29455e-20
2.2601e-20
2.22574e-20
2.19149e-20
2.15736e-20
2.12336e-20
2.08949e-20
2.05579e-20
2.02224e-20
1.98886e-20
1.95566e-20
1.92265e-20
1.88983e-20
1.85723e-20
1.82483e-20
1.79266e-20
1.76072e-20
1.72901e-20
1.69755e-20
1.66635e-20
1.6354e-20
1.60471e-20
1.5743e-20
1.54416e-20
1.5143e-20
1.48473e-20
1.45546e-20
1.42648e-20
1.3978e-20
1.36943e-20
1.34137e-20
1.31363e-20
1.2862e-20
1.25909e-20
1.23231e-20
1.20585e-20
1.17972e-20
1.15393e-20
1.12846e-20
1.10334e-20
1.07855e-20
1.05409e-20
1.02998e-20
1.00621e-20
9.82777e-21
9.59688e-21
9.36941e-21
9.14536e-21
8.92474e-21
8.70753e-21
8.49375e-21
8.28339e-21
8.07645e-21
7.87292e-21
7.6728e-21
7.47607e-21
7.28273e-21
7.09276e-21
6.90615e-21
6.72289e-21
6.54296e-21
6.36635e-21
6.19305e-21
6.02305e-21
5.85633e-21
5.69287e-21
5.53266e-21
5.37568e-21
5.2219e-21
5.07129e-21
4.92385e-21
4.77955e-21
4.63838e-21
4.50032e-21
4.36534e-21
4.23341e-21
4.10452e-21
3.97862e-21
3.85569e-21
3.7357e-21
3.61861e-21
3.50439e-21
3.393e-21
3.28441e-21
3.17857e-21
3.07544e-21
2.975e-21
2.87719e-21
2.78197e-21
2.6893e-21
2.59915e-21
2.51146e-21
2.42619e-21
2.3433e-21
2.26275e-21
2.18449e-21
2.10848e-21
2.03468e-21
1.96303e-21
1.89349e-21
1.82603e-21
1.7606e-21
1.69715e-21
1.63563e-21
1.57602e-21
1.51825e-21
1.4623e-21
1.40811e-21
1.35565e-21
1.30488e-21
1.25574e-21
1.20821e-21
1.16223e-21
1.11778e-21
1.07481e-21
1.03329e-21
9.93163e-22
9.54406e-22
9.16979e-22
8.80844e-22
8.45966e-22
8.12309e-22
7.79838e-22
7.48518e-22
7.18318e-22
6.89202e-22
6.6114e-22
6.34099e-22
6.08048e-22
5.82957e-22
5.58797e-22
5.35537e-22
5.1315e-22
4.91608e-22
4.70884e-22
4.50951e-22
4.31782e-22
4.13354e-22
3.95642e-22
3.7862e-22
3.62267e-22
3.46558e-22
3.31473e-22
3.16989e-22
3.03085e-22
2.89742e-22
2.76938e-22
2.64655e-22
2.52874e-22
2.41578e-22
2.30747e-22
2.20365e-22
2.10416e-22
2.00884e-22
1.91752e-22
1.83006e-22
1.74631e-22
1.66612e-22
1.58937e-22
1.51592e-22
1.44564e-22
1.3784e-22
1.31409e-22
1.25259e-22
1.19379e-22
1.13757e-22
1.08385e-22
1.03251e-22
9.83454e-23
9.36596e-23
8.91842e-23
8.49105e-23
8.08302e-23
7.69351e-23
7.32175e-23
6.96698e-23
6.6285e-23
6.3056e-23
5.99761e-23
5.70391e-23
5.42386e-23
5.15688e-23
4.9024e-23
4.65987e-23
4.42877e-23
4.20859e-23
3.99885e-23
3.79908e-23
3.60884e-23
3.42769e-23
3.25524e-23
3.09109e-23
2.93486e-23
2.78619e-23
2.64473e-23
2.51016e-23
2.38215e-23
2.26041e-23
2.14464e-23
2.03456e-23
1.92991e-23
1.83044e-23
1.7359e-23
1.64605e-23
1.56069e-23
1.47958e-23
1.40254e-23
1.32936e-23
1.25987e-23
1.19388e-23
1.13122e-23
1.07174e-23
1.01528e-23
9.61688e-24
9.10833e-24
8.62578e-24
8.16795e-24
7.73363e-24
7.32165e-24
6.93091e-24
6.56037e-24
6.20901e-24
5.87588e-24
5.56007e-24
5.26072e-24
4.97699e-24
4.7081e-24
4.45331e-24
4.2119e-24
3.98319e-24
3.76654e-24
3.56133e-24
3.36698e-24
3.18294e-24
3.00867e-24
2.84368e-24
2.68749e-24
2.53964e-24
2.39971e-24
2.26727e-24
2.14196e-24
2.02338e-24
1.9112e-24
1.80508e-24
1.7047e-24
1.60976e-24
1.51998e-24
1.43508e-24
1.35481e-24
1.27892e-24
1.20719e-24
1.13938e-24
1.0753e-24
1.01474e-24
9.57521e-25
9.03459e-25
8.52388e-25
8.04147e-25
7.58585e-25
7.15558e-25
6.7493e-25
6.36571e-25
6.0036e-25
5.6618e-25
5.33922e-25
5.03482e-25
4.74761e-25
4.47667e-25
4.2211e-25
3.98008e-25
3.75282e-25
3.53856e-25
3.33661e-25
3.14629e-25
2.96697e-25
2.79805e-25
2.63896e-25
2.48918e-25
2.3482e-25
2.21554e-25
2.09075e-25
1.97341e-25
1.86311e-25
1.75949e-25
1.66217e-25
1.57082e-25
1.48514e-25
1.40481e-25
1.32957e-25
1.25914e-25
1.19327e-25
1.13174e-25
1.07433e-25
1.02083e-25
9.71043e-26
9.24798e-26
8.81926e-26
8.42268e-26
8.05689e-26
7.72081e-26
7.4136e-26
7.13408e-26
6.88139e-26
6.65447e-26
6.45267e-26
6.27525e-26
6.12139e-26
5.99034e-26
5.88141e-26
5.79402e-26
5.72762e-26
5.68176e-26
5.65606e-26
5.65018e-26
5.66389e-26
5.69697e-26
5.7493e-26
5.82082e-26
5.9115e-26
6.0214e-26
6.15062e-26
6.29933e-26
6.46775e-26
6.65617e-26
