13262.1
7.29091e-20
7.28946e-20
7.28403e-20
7.27719e-20
7.26902e-20
7.25954e-20
7.24875e-20
7.23669e-20
7.22334e-20
7.20872e-20
7.19285e-20
7.17572e-20
7.15736e-20
7.13777e-20
7.11695e-20
7.09492e-20
7.07169e-20
7.04727e-20
7.02168e-20
6.99492e-20
6.96701e-20
6.93797e-20
6.90781e-20
6.87654e-20
6.84418e-20
6.81075e-20
6.77627e-20
6.74075e-20
6.70421e-20
6.66667e-20
6.62815e-20
6.58866e-20
6.54823e-20
6.50688e-20
6.46463e-20
6.42149e-20
6.3775e-20
6.33267e-20
6.28702e-20
6.24057e-20
6.19336e-20
6.14539e-20
6.0967e-20
6.04731e-20
5.99723e-20
5.9465e-20
5.89514e-20
5.84316e-20
5.7906e-20
5.73748e-20
5.68382e-20
5.62965e-20
5.57499e-20
5.51987e-20
5.4643e-20
5.40832e-20
5.35195e-20
5.29521e-20
5.23812e-20
5.18071e-20
5.12301e-20
5.06504e-20
5.00682e-20
4.94837e-20
4.88972e-20
4.83089e-20
4.77191e-20
4.71279e-20
4.65357e-20
4.59425e-20
4.53488e-20
4.47546e-20
4.41601e-20
4.35657e-20
4.29715e-20
4.23777e-20
4.17845e-20
4.11921e-20
4.06007e-20
4.00106e-20
3.94219e-20
3.88347e-20
3.82494e-20
3.7666e-20
3.70847e-20
3.65057e-20
3.59292e-20
3.53554e-20
3.47843e-20
3.42162e-20
3.36513e-20
3.30895e-20
3.25312e-20
3.19764e-20
3.14253e-20
3.0878e-20
3.03346e-20
2.97953e-20
2.92601e-20
2.87293e-20
2.82028e-20
2.76809e-20
2.71635e-20
2.66508e-20
2.6143e-20
2.564e-20
2.51419e-20
2.46489e-20
2.4161e-20
2.36783e-20
2.32009e-20
2.27287e-20
2.22619e-20
2.18006e-20
2.13447e-20
2.08943e-20
2.04495e-20
2.00103e-20
1.95767e-20
1.91488e-20
1.87266e-20
1.83101e-20
1.78993e-20
1.74943e-20
1.7095e-20
1.67015e-20
1.63138e-20
1.59319e-20
1.55557e-20
1.51853e-20
1.48207e-20
1.44618e-20
1.41087e-20
1.37613e-20
1.34197e-20
1.30837e-20
1.27534e-20
1.24287e-20
1.21097e-20
1.17962e-20
1.14883e-20
1.11859e-20
1.0889e-20
1.05976e-20
1.03115e-20
1.00308e-20
9.75542e-21
9.48531e-21
9.22043e-21
8.96072e-21
8.70614e-21
8.45663e-21
8.21214e-21
7.97262e-21
7.73802e-21
7.50829e-21
7.2834e-21
7.06328e-21
6.8479e-21
6.6372e-21
6.43112e-21
6.22963e-21
6.03264e-21
5.84012e-21
5.65201e-21
5.46825e-21
5.2888e-21
5.11359e-21
4.94257e-21
4.77571e-21
4.61295e-21
4.45426e-21
4.29959e-21
4.14889e-21
4.0021e-21
3.85919e-21
3.72008e-21
3.58473e-21
3.45307e-21
3.32505e-21
3.20064e-21
3.0798e-21
2.96248e-21
2.84863e-21
2.7382e-21
2.63115e-21
2.52741e-21
2.42693e-21
2.32965e-21
2.23552e-21
2.14446e-21
2.05642e-21
1.97134e-21
1.88915e-21
1.80979e-21
1.73318e-21
1.65928e-21
1.588e-21
1.51929e-21
1.45308e-21
1.38931e-21
1.3279e-21
1.26881e-21
1.21195e-21
1.15727e-21
1.10471e-21
1.0542e-21
1.00568e-21
9.59095e-22
9.1438e-22
8.71477e-22
8.30329e-22
7.90878e-22
7.5307e-22
7.16848e-22
6.82159e-22
6.48951e-22
6.17172e-22
5.86771e-22
5.577e-22
5.2991e-22
5.03354e-22
4.77987e-22
4.53763e-22
4.3064e-22
4.08576e-22
3.87529e-22
3.67459e-22
3.48328e-22
3.30097e-22
3.12731e-22
2.96195e-22
2.80453e-22
2.65473e-22
2.51222e-22
2.37671e-22
2.24788e-22
2.12544e-22
2.00913e-22
1.89866e-22
1.79378e-22
1.69424e-22
1.59979e-22
1.51021e-22
1.42527e-22
1.34475e-22
1.26845e-22
1.19617e-22
1.12772e-22
1.06292e-22
1.00159e-22
9.43555e-23
8.88665e-23
8.36762e-23
7.87697e-23
7.41328e-23
6.97521e-23
6.56146e-23
6.17079e-23
5.80202e-23
5.45401e-23
5.1257e-23
4.81605e-23
4.52408e-23
4.24886e-23
3.98949e-23
3.74514e-23
3.51498e-23
3.29826e-23
3.09424e-23
2.90223e-23
2.72157e-23
2.55163e-23
2.39181e-23
2.24154e-23
2.1003e-23
1.96757e-23
1.84287e-23
1.72575e-23
1.61575e-23
1.51249e-23
1.41556e-23
1.32461e-23
1.23927e-23
1.15922e-23
1.08416e-23
1.01378e-23
9.47805e-24
8.85976e-24
8.28044e-24
7.73773e-24
7.22942e-24
6.75344e-24
6.30781e-24
5.89068e-24
5.50031e-24
5.13504e-24
4.79332e-24
4.47371e-24
4.17481e-24
3.89534e-24
3.63409e-24
3.3899e-24
3.1617e-24
2.94848e-24
2.7493e-24
2.56325e-24
2.3895e-24
2.22725e-24
2.07579e-24
1.9344e-24
1.80243e-24
1.67929e-24
1.56438e-24
1.45719e-24
1.3572e-24
1.26394e-24
1.17698e-24
1.09589e-24
1.0203e-24
9.49826e-25
8.84144e-25
8.22932e-25
7.65892e-25
7.12747e-25
6.63235e-25
6.17115e-25
5.74158e-25
5.34151e-25
4.96897e-25
4.62208e-25
4.29912e-25
3.99847e-25
3.71862e-25
3.45814e-25
3.21572e-25
2.99013e-25
2.78022e-25
2.58492e-25
2.40322e-25
2.2342e-25
2.07698e-25
1.93075e-25
1.79476e-25
1.66829e-25
1.55069e-25
1.44135e-25
1.33969e-25
1.24519e-25
1.15734e-25
1.07569e-25
9.99807e-26
9.29286e-26
8.63756e-26
8.02871e-26
7.46307e-26
6.93764e-26
6.44962e-26
5.99639e-26
5.57555e-26
5.18481e-26
4.82206e-26
4.4854e-26
4.17315e-26
3.88367e-26
3.61549e-26
3.36713e-26
3.13736e-26
2.9249e-26
2.72855e-26
2.54723e-26
2.38012e-26
2.22629e-26
2.08485e-26
1.95499e-26
1.83595e-26
1.72703e-26
1.6276e-26
1.53707e-26
1.45489e-26
1.38056e-26
1.31363e-26
1.25369e-26
1.20036e-26
1.15329e-26
1.11218e-26
1.07675e-26
1.04674e-26
1.02195e-26
1.00216e-26
9.87224e-27
9.76988e-27
9.71336e-27
9.70169e-27
9.73413e-27
9.81013e-27
9.92939e-27
1.00918e-26
1.02974e-26
1.05464e-26
1.08395e-26
