13262.1
7.5981e-20
7.59763e-20
7.59488e-20
7.59069e-20
7.58503e-20
7.57789e-20
7.56928e-20
7.55919e-20
7.54763e-20
7.53461e-20
7.52014e-20
7.50423e-20
7.48688e-20
7.4681e-20
7.44791e-20
7.42632e-20
7.40333e-20
7.37897e-20
7.35325e-20
7.32617e-20
7.29777e-20
7.26804e-20
7.23702e-20
7.20471e-20
7.17114e-20
7.13633e-20
7.10029e-20
7.06304e-20
7.02462e-20
6.98502e-20
6.94429e-20
6.90244e-20
6.8595e-20
6.81548e-20
6.77042e-20
6.72433e-20
6.67725e-20
6.6292e-20
6.58019e-20
6.53027e-20
6.47946e-20
6.42777e-20
6.37525e-20
6.32192e-20
6.2678e-20
6.21292e-20
6.15731e-20
6.10101e-20
6.04403e-20
5.9864e-20
5.92817e-20
5.86934e-20
5.80996e-20
5.75005e-20
5.68964e-20
5.62876e-20
5.56744e-20
5.5057e-20
5.44358e-20
5.3811e-20
5.31829e-20
5.25519e-20
5.19181e-20
5.12819e-20
5.06435e-20
5.00033e-20
4.93614e-20
4.87183e-20
4.8074e-20
4.74289e-20
4.67834e-20
4.61375e-20
4.54916e-20
4.48459e-20
4.42007e-20
4.35562e-20
4.29127e-20
4.22703e-20
4.16294e-20
4.09902e-20
4.03528e-20
3.97175e-20
3.90846e-20
3.84541e-20
3.78264e-20
3.72016e-20
3.65799e-20
3.59615e-20
3.53467e-20
3.47355e-20
3.41281e-20
3.35248e-20
3.29256e-20
3.23308e-20
3.17404e-20
3.11548e-20
3.05738e-20
2.99978e-20
2.94269e-20
2.88611e-20
2.83006e-20
2.77455e-20
2.71959e-20
2.6652e-20
2.61138e-20
2.55813e-20
2.50548e-20
2.45343e-20
2.40198e-20
2.35115e-20
2.30093e-20
2.25135e-20
2.20239e-20
2.15407e-20
2.1064e-20
2.05937e-20
2.01299e-20
1.96726e-20
1.92219e-20
1.87778e-20
1.83403e-20
1.79094e-20
1.74852e-20
1.70676e-20
1.66567e-20
1.62523e-20
1.58547e-20
1.54636e-20
1.50792e-20
1.47014e-20
1.43302e-20
1.39655e-20
1.36074e-20
1.32558e-20
1.29107e-20
1.2572e-20
1.22397e-20
1.19138e-20
1.15942e-20
1.12809e-20
1.09738e-20
1.06729e-20
1.03781e-20
1.00894e-20
9.80668e-21
9.52994e-21
9.25909e-21
8.99409e-21
8.73485e-21
8.48132e-21
8.23343e-21
7.99111e-21
7.75429e-21
7.5229e-21
7.29688e-21
7.07614e-21
6.86063e-21
6.65026e-21
6.44496e-21
6.24466e-21
6.04928e-21
5.85875e-21
5.67299e-21
5.49192e-21
5.31547e-21
5.14356e-21
4.97611e-21
4.81306e-21
4.65431e-21
4.49979e-21
4.34944e-21
4.20317e-21
4.06091e-21
3.92258e-21
3.78812e-21
3.65743e-21
3.53046e-21
3.40712e-21
3.28734e-21
3.17104e-21
3.05816e-21
2.94863e-21
2.84237e-21
2.73931e-21
2.63939e-21
2.54254e-21
2.44868e-21
2.35775e-21
2.26968e-21
2.1844e-21
2.10185e-21
2.02196e-21
1.94466e-21
1.8699e-21
1.7976e-21
1.7277e-21
1.66014e-21
1.59486e-21
1.5318e-21
1.4709e-21
1.4121e-21
1.35535e-21
1.30058e-21
1.24773e-21
1.19677e-21
1.14762e-21
1.10025e-21
1.05459e-21
1.0106e-21
9.68218e-22
9.27407e-22
8.88115e-22
8.50295e-22
8.13901e-22
7.78888e-22
7.45213e-22
7.12833e-22
6.81705e-22
6.51789e-22
6.23045e-22
5.95435e-22
5.68919e-22
5.43462e-22
5.19026e-22
4.95578e-22
4.73082e-22
4.51506e-22
4.30817e-22
4.10984e-22
3.91976e-22
3.73763e-22
3.56317e-22
3.39608e-22
3.23611e-22
3.08299e-22
2.93645e-22
2.79626e-22
2.66217e-22
2.53394e-22
2.41135e-22
2.29419e-22
2.18224e-22
2.07529e-22
1.97314e-22
1.87561e-22
1.78251e-22
1.69366e-22
1.60888e-22
1.52801e-22
1.45089e-22
1.37736e-22
1.30728e-22
1.24049e-22
1.17686e-22
1.11625e-22
1.05853e-22
1.00358e-22
9.51282e-23
9.01514e-23
8.54168e-23
8.09136e-23
7.66315e-23
7.25606e-23
6.86915e-23
6.5015e-23
6.15223e-23
5.82051e-23
5.50552e-23
5.2065e-23
4.9227e-23
4.65341e-23
4.39794e-23
4.15564e-23
3.92589e-23
3.70809e-23
3.50166e-23
3.30605e-23
3.12074e-23
2.94523e-23
2.77904e-23
2.6217e-23
2.47278e-23
2.33186e-23
2.19854e-23
2.07243e-23
1.95318e-23
1.84044e-23
1.73387e-23
1.63316e-23
1.538e-23
1.44812e-23
1.36323e-23
1.28307e-23
1.20741e-23
1.13599e-23
1.06861e-23
1.00503e-23
9.45069e-24
8.88522e-24
8.35209e-24
7.84954e-24
7.37592e-24
6.92966e-24
6.50927e-24
6.11331e-24
5.74045e-24
5.38942e-24
5.05899e-24
4.74802e-24
4.45543e-24
4.18018e-24
3.92129e-24
3.67784e-24
3.44896e-24
3.23381e-24
3.0316e-24
2.84161e-24
2.66311e-24
2.49546e-24
2.33801e-24
2.19018e-24
2.05141e-24
1.92117e-24
1.79894e-24
1.68428e-24
1.57671e-24
1.47583e-24
1.38125e-24
1.29257e-24
1.20945e-24
1.13156e-24
1.05858e-24
9.90217e-25
9.2619e-25
8.66238e-25
8.10113e-25
7.57581e-25
7.08424e-25
6.62435e-25
6.1942e-25
5.79197e-25
5.41594e-25
5.0645e-25
4.73613e-25
4.4294e-25
4.14298e-25
3.87562e-25
3.62613e-25
3.39341e-25
3.17642e-25
2.97418e-25
2.7858e-25
2.6104e-25
2.4472e-25
2.29543e-25
2.15441e-25
2.02348e-25
1.90202e-25
1.78946e-25
1.68527e-25
1.58893e-25
1.49998e-25
1.418e-25
1.34263e-25
1.27352e-25
1.21033e-25
1.15275e-25
1.10051e-25
1.05331e-25
1.0109e-25
9.73018e-26
9.39522e-26
9.10203e-26
8.84864e-26
8.63327e-26
8.45428e-26
8.31021e-26
8.19971e-26
8.12161e-26
8.07484e-26
8.05847e-26
8.07168e-26
8.11376e-26
8.18413e-26
8.28229e-26
8.40785e-26
8.56051e-26
8.74007e-26
8.94642e-26
9.17952e-26
9.43944e-26
9.72631e-26
1.00403e-25
1.03818e-25
1.07511e-25
1.11487e-25
1.15751e-25
1.20309e-25
1.25167e-25
1.30333e-25
1.35815e-25
