18661.4
2.81658e-20
2.81612e-20
2.81427e-20
2.81184e-20
2.80886e-20
2.80532e-20
2.80124e-20
2.79662e-20
2.79147e-20
2.78577e-20
2.77954e-20
2.77279e-20
2.76551e-20
2.75771e-20
2.74939e-20
2.74056e-20
2.73122e-20
2.72138e-20
2.71105e-20
2.70022e-20
2.68891e-20
2.67713e-20
2.66487e-20
2.65215e-20
2.63897e-20
2.62534e-20
2.61128e-20
2.59677e-20
2.58185e-20
2.5665e-20
2.55075e-20
2.5346e-20
2.51805e-20
2.50113e-20
2.48383e-20
2.46616e-20
2.44814e-20
2.42978e-20
2.41109e-20
2.39206e-20
2.37273e-20
2.35308e-20
2.33315e-20
2.31293e-20
2.29243e-20
2.27167e-20
2.25066e-20
2.2294e-20
2.20792e-20
2.18621e-20
2.16429e-20
2.14217e-20
2.11986e-20
2.09738e-20
2.07472e-20
2.05191e-20
2.02895e-20
2.00585e-20
1.98263e-20
1.95929e-20
1.93584e-20
1.91231e-20
1.88868e-20
1.86499e-20
1.84123e-20
1.81741e-20
1.79355e-20
1.76966e-20
1.74574e-20
1.72181e-20
1.69787e-20
1.67394e-20
1.65002e-20
1.62612e-20
1.60225e-20
1.57842e-20
1.55464e-20
1.53092e-20
1.50726e-20
1.48368e-20
1.46017e-20
1.43676e-20
1.41344e-20
1.39023e-20
1.36712e-20
1.34414e-20
1.32128e-20
1.29855e-20
1.27596e-20
1.25352e-20
1.23122e-20
1.20908e-20
1.18711e-20
1.1653e-20
1.14366e-20
1.1222e-20
1.10093e-20
1.07984e-20
1.05895e-20
1.03825e-20
1.01775e-20
9.97457e-21
9.77371e-21
9.57497e-21
9.37837e-21
9.18396e-21
8.99175e-21
8.80178e-21
8.61407e-21
8.42865e-21
8.24554e-21
8.06475e-21
7.88631e-21
7.71024e-21
7.53655e-21
7.36526e-21
7.19638e-21
7.02992e-21
6.86588e-21
6.70428e-21
6.54513e-21
6.38842e-21
6.23418e-21
6.08239e-21
5.93306e-21
5.7862e-21
5.6418e-21
5.49985e-21
5.36036e-21
5.22333e-21
5.08874e-21
4.95659e-21
4.82689e-21
4.69961e-21
4.57474e-21
4.45228e-21
4.33221e-21
4.21452e-21
4.09919e-21
3.98621e-21
3.87555e-21
3.7672e-21
3.66114e-21
3.55735e-21
3.4558e-21
3.35647e-21
3.25935e-21
3.1644e-21
3.0716e-21
2.98092e-21
2.89235e-21
2.80585e-21
2.72139e-21
2.63896e-21
2.55851e-21
2.48002e-21
2.40347e-21
2.32882e-21
2.25605e-21
2.18512e-21
2.11601e-21
2.04869e-21
1.98311e-21
1.91927e-21
1.85712e-21
1.79663e-21
1.73778e-21
1.68053e-21
1.62485e-21
1.57072e-21
1.51809e-21
1.46695e-21
1.41727e-21
1.369e-21
1.32213e-21
1.27662e-21
1.23245e-21
1.18957e-21
1.14798e-21
1.10763e-21
1.0685e-21
1.03055e-21
9.93775e-22
9.5813e-22
9.23593e-22
8.90136e-22
8.57733e-22
8.26358e-22
7.95985e-22
7.66587e-22
7.38141e-22
7.10622e-22
6.84004e-22
6.58264e-22
6.33379e-22
6.09325e-22
5.8608e-22
5.63621e-22
5.41925e-22
5.20973e-22
5.00741e-22
4.81211e-22
4.6236e-22
4.44171e-22
4.26622e-22
4.09694e-22
3.9337e-22
3.77631e-22
3.62459e-22
3.47837e-22
3.33747e-22
3.20173e-22
3.07098e-22
2.94507e-22
2.82385e-22
2.70715e-22
2.59484e-22
2.48677e-22
2.38279e-22
2.28279e-22
2.18661e-22
2.09414e-22
2.00525e-22
1.91981e-22
1.8377e-22
1.75882e-22
1.68305e-22
1.61028e-22
1.5404e-22
1.47331e-22
1.40892e-22
1.34712e-22
1.28782e-22
1.23094e-22
1.17637e-22
1.12405e-22
1.07388e-22
1.02578e-22
9.79686e-23
9.35511e-23
8.93185e-23
8.52638e-23
8.13802e-23
7.76613e-23
7.41006e-23
7.06919e-23
6.74294e-23
6.43074e-23
6.13202e-23
5.84627e-23
5.57295e-23
5.31159e-23
5.06168e-23
4.82278e-23
4.59444e-23
4.37623e-23
4.16773e-23
3.96855e-23
3.77829e-23
3.5966e-23
3.42312e-23
3.25749e-23
3.0994e-23
2.94852e-23
2.80456e-23
2.6672e-23
2.53618e-23
2.41123e-23
2.29207e-23
2.17847e-23
2.07017e-23
1.96695e-23
1.86859e-23
1.77487e-23
1.68559e-23
1.60056e-23
1.51957e-23
1.44246e-23
1.36905e-23
1.29918e-23
1.23268e-23
1.1694e-23
1.10919e-23
1.05192e-23
9.97455e-24
9.45659e-24
8.96413e-24
8.49599e-24
8.05103e-24
7.62817e-24
7.2264e-24
6.8447e-24
6.48215e-24
6.13784e-24
5.81089e-24
5.5005e-24
5.20586e-24
4.92623e-24
4.66087e-24
4.40911e-24
4.17029e-24
3.94378e-24
3.72898e-24
3.52531e-24
3.33224e-24
3.14923e-24
2.97581e-24
2.81148e-24
2.6558e-24
2.50834e-24
2.36868e-24
2.23645e-24
2.11125e-24
1.99274e-24
1.88058e-24
1.77445e-24
1.67403e-24
1.57904e-24
1.48921e-24
1.40425e-24
1.32393e-24
1.24799e-24
1.17623e-24
1.1084e-24
1.04432e-24
9.83789e-25
9.26611e-25
8.72615e-25
8.21632e-25
7.73502e-25
7.28072e-25
6.852e-25
6.44748e-25
6.06586e-25
5.70591e-25
5.36645e-25
5.04638e-25
4.74465e-25
4.46024e-25
4.19222e-25
3.93969e-25
3.7018e-25
3.47773e-25
3.26674e-25
3.06808e-25
2.88108e-25
2.70509e-25
2.53949e-25
2.3837e-25
2.23718e-25
2.09939e-25
1.96985e-25
1.8481e-25
1.73369e-25
1.62621e-25
1.52526e-25
1.43048e-25
1.34151e-25
1.25802e-25
1.17971e-25
1.10627e-25
1.03744e-25
9.72947e-26
9.12548e-26
8.56013e-26
8.03122e-26
7.53672e-26
7.07471e-26
6.64337e-26
6.24102e-26
5.86607e-26
5.51703e-26
5.19251e-26
4.89121e-26
4.61193e-26
4.35354e-26
4.11498e-26
3.8953e-26
3.69359e-26
3.50902e-26
3.34083e-26
3.18831e-26
3.05092e-26
2.92816e-26
2.81952e-26
2.72457e-26
2.64293e-26
2.57426e-26
2.51824e-26
2.47458e-26
2.44307e-26
2.42351e-26
2.41579e-26
2.4198e-26
2.43552e-26
2.46296e-26
2.50215e-26
2.55321e-26
2.61626e-26
2.6915e-26
2.77915e-26
