16242.6
4.22528e-20
4.22346e-20
4.21751e-20
4.21062e-20
4.20293e-20
4.19449e-20
4.18531e-20
4.17541e-20
4.1648e-20
4.15349e-20
4.14149e-20
4.1288e-20
4.11542e-20
4.10137e-20
4.08664e-20
4.07125e-20
4.05521e-20
4.03851e-20
4.02117e-20
4.00321e-20
3.98461e-20
3.96541e-20
3.9456e-20
3.9252e-20
3.90421e-20
3.88265e-20
3.86053e-20
3.83786e-20
3.81464e-20
3.7909e-20
3.76663e-20
3.74187e-20
3.7166e-20
3.69086e-20
3.66465e-20
3.63798e-20
3.61086e-20
3.58332e-20
3.55535e-20
3.52698e-20
3.49822e-20
3.46908e-20
3.43957e-20
3.40971e-20
3.37951e-20
3.34899e-20
3.31815e-20
3.28702e-20
3.2556e-20
3.22391e-20
3.19197e-20
3.15978e-20
3.12736e-20
3.09472e-20
3.06189e-20
3.02886e-20
2.99566e-20
2.96229e-20
2.92878e-20
2.89513e-20
2.86137e-20
2.82749e-20
2.79351e-20
2.75946e-20
2.72533e-20
2.69114e-20
2.65692e-20
2.62265e-20
2.58837e-20
2.55408e-20
2.51979e-20
2.48552e-20
2.45128e-20
2.41707e-20
2.38292e-20
2.34882e-20
2.3148e-20
2.28086e-20
2.24701e-20
2.21327e-20
2.17964e-20
2.14613e-20
2.11275e-20
2.07951e-20
2.04643e-20
2.0135e-20
1.98075e-20
1.94817e-20
1.91577e-20
1.88357e-20
1.85157e-20
1.81977e-20
1.78819e-20
1.75684e-20
1.72571e-20
1.69481e-20
1.66416e-20
1.63376e-20
1.60361e-20
1.57372e-20
1.54409e-20
1.51474e-20
1.48565e-20
1.45685e-20
1.42832e-20
1.40009e-20
1.37214e-20
1.34449e-20
1.31714e-20
1.29009e-20
1.26334e-20
1.2369e-20
1.21077e-20
1.18495e-20
1.15944e-20
1.13425e-20
1.10937e-20
1.08482e-20
1.06058e-20
1.03666e-20
1.01307e-20
9.89795e-21
9.66845e-21
9.44217e-21
9.21912e-21
8.99931e-21
8.78272e-21
8.56938e-21
8.35927e-21
8.15241e-21
7.94878e-21
7.74839e-21
7.55122e-21
7.35728e-21
7.16655e-21
6.97903e-21
6.79471e-21
6.61358e-21
6.43564e-21
6.26088e-21
6.0893e-21
5.92091e-21
5.75568e-21
5.59362e-21
5.43469e-21
5.2789e-21
5.12622e-21
4.97665e-21
4.83019e-21
4.68683e-21
4.54656e-21
4.40937e-21
4.27523e-21
4.14414e-21
4.01606e-21
3.89098e-21
3.76887e-21
3.6497e-21
3.53343e-21
3.42005e-21
3.3095e-21
3.20176e-21
3.0968e-21
2.99456e-21
2.89502e-21
2.79814e-21
2.70386e-21
2.61216e-21
2.52298e-21
2.4363e-21
2.35205e-21
2.2702e-21
2.1907e-21
2.11352e-21
2.03859e-21
1.96589e-21
1.89536e-21
1.82696e-21
1.76064e-21
1.69635e-21
1.63407e-21
1.57373e-21
1.51529e-21
1.45871e-21
1.40395e-21
1.35095e-21
1.29969e-21
1.25011e-21
1.20217e-21
1.15583e-21
1.11105e-21
1.06779e-21
1.02601e-21
9.85658e-22
9.46707e-22
9.09114e-22
8.72842e-22
8.37852e-22
8.04109e-22
7.71574e-22
7.40214e-22
7.09992e-22
6.80875e-22
6.52829e-22
6.25821e-22
5.99818e-22
5.7479e-22
5.50705e-22
5.27533e-22
5.05245e-22
4.83811e-22
4.63204e-22
4.43397e-22
4.24362e-22
4.06073e-22
3.88505e-22
3.71634e-22
3.55434e-22
3.39884e-22
3.24959e-22
3.10638e-22
2.96899e-22
2.83721e-22
2.71084e-22
2.58969e-22
2.47355e-22
2.36225e-22
2.2556e-22
2.15344e-22
2.05558e-22
1.96187e-22
1.87215e-22
1.78626e-22
1.70406e-22
1.6254e-22
1.55015e-22
1.47816e-22
1.40932e-22
1.34349e-22
1.28056e-22
1.2204e-22
1.16291e-22
1.10798e-22
1.05549e-22
1.00536e-22
9.5748e-23
9.1176e-23
8.6811e-23
8.26443e-23
7.86675e-23
7.48725e-23
7.12516e-23
6.77974e-23
6.45027e-23
6.13606e-23
5.83645e-23
5.55081e-23
5.27851e-23
5.01899e-23
4.77167e-23
4.53602e-23
4.31151e-23
4.09765e-23
3.89396e-23
3.69999e-23
3.5153e-23
3.33946e-23
3.17208e-23
3.01276e-23
2.86115e-23
2.71688e-23
2.57962e-23
2.44905e-23
2.32485e-23
2.20673e-23
2.0944e-23
1.98759e-23
1.88605e-23
1.78952e-23
1.69777e-23
1.61057e-23
1.52771e-23
1.44897e-23
1.37417e-23
1.30311e-23
1.23561e-23
1.17151e-23
1.11063e-23
1.05283e-23
9.97942e-24
9.45838e-24
8.96378e-24
8.49432e-24
8.04878e-24
7.62597e-24
7.22478e-24
6.84414e-24
6.48303e-24
6.14047e-24
5.81556e-24
5.50741e-24
5.21518e-24
4.93807e-24
4.67533e-24
4.42623e-24
4.19009e-24
3.96624e-24
3.75408e-24
3.55301e-24
3.36247e-24
3.18191e-24
3.01083e-24
2.84875e-24
2.69521e-24
2.54977e-24
2.41201e-24
2.28153e-24
2.15797e-24
2.04097e-24
1.93018e-24
1.82529e-24
1.72599e-24
1.63199e-24
1.54301e-24
1.4588e-24
1.37909e-24
1.30367e-24
1.2323e-24
1.16477e-24
1.10088e-24
1.04044e-24
9.83272e-25
9.29195e-25
8.7805e-25
8.29683e-25
7.83945e-25
7.40699e-25
6.99812e-25
6.61158e-25
6.24621e-25
5.90085e-25
5.57447e-25
5.26604e-25
4.9746e-25
4.69926e-25
4.43915e-25
4.19345e-25
3.96141e-25
3.7423e-25
3.53541e-25
3.3401e-25
3.15575e-25
2.98178e-25
2.81763e-25
2.66277e-25
2.51673e-25
2.37901e-25
2.24919e-25
2.12685e-25
2.01158e-25
1.90302e-25
1.80081e-25
1.70463e-25
1.61416e-25
1.52909e-25
1.44917e-25
1.37411e-25
1.30367e-25
1.23763e-25
1.17576e-25
1.11785e-25
1.06372e-25
1.01318e-25
9.66068e-26
9.22216e-26
8.8149e-26
8.43785e-26
8.09016e-26
7.77064e-26
7.4784e-26
7.21233e-26
6.97178e-26
6.75597e-26
6.56402e-26
6.39511e-26
6.24851e-26
6.12355e-26
6.01963e-26
5.93624e-26
5.87291e-26
5.82925e-26
5.80494e-26
5.7997e-26
5.81333e-26
5.84568e-26
5.89666e-26
5.96624e-26
6.05444e-26
6.16135e-26
6.28711e-26
6.43191e-26
