13262.1
7.42067e-20
7.41984e-20
7.41613e-20
7.41102e-20
7.40451e-20
7.3966e-20
7.38731e-20
7.37664e-20
7.3646e-20
7.35119e-20
7.33643e-20
7.32032e-20
7.30287e-20
7.28408e-20
7.26398e-20
7.24257e-20
7.21987e-20
7.19587e-20
7.17061e-20
7.14409e-20
7.11632e-20
7.08733e-20
7.05712e-20
7.02572e-20
6.99313e-20
6.95939e-20
6.9245e-20
6.88849e-20
6.85137e-20
6.81317e-20
6.7739e-20
6.73359e-20
6.69226e-20
6.64992e-20
6.60661e-20
6.56234e-20
6.51714e-20
6.47103e-20
6.42403e-20
6.37617e-20
6.32747e-20
6.27796e-20
6.22766e-20
6.1766e-20
6.1248e-20
6.07228e-20
6.01909e-20
5.96523e-20
5.91074e-20
5.85564e-20
5.79995e-20
5.74372e-20
5.68695e-20
5.62968e-20
5.57194e-20
5.51374e-20
5.45513e-20
5.39611e-20
5.33673e-20
5.277e-20
5.21696e-20
5.15662e-20
5.09602e-20
5.03518e-20
4.97412e-20
4.91288e-20
4.85147e-20
4.78992e-20
4.72826e-20
4.66651e-20
4.60469e-20
4.54283e-20
4.48095e-20
4.41908e-20
4.35724e-20
4.29545e-20
4.23374e-20
4.17212e-20
4.11061e-20
4.04925e-20
3.98804e-20
3.92701e-20
3.86619e-20
3.80558e-20
3.74521e-20
3.6851e-20
3.62526e-20
3.56571e-20
3.50648e-20
3.44757e-20
3.38901e-20
3.33081e-20
3.27298e-20
3.21554e-20
3.1585e-20
3.10189e-20
3.04571e-20
2.98997e-20
2.93469e-20
2.87988e-20
2.82555e-20
2.77171e-20
2.71838e-20
2.66556e-20
2.61326e-20
2.56149e-20
2.51027e-20
2.45959e-20
2.40947e-20
2.35992e-20
2.31094e-20
2.26253e-20
2.2147e-20
2.16747e-20
2.12082e-20
2.07478e-20
2.02934e-20
1.9845e-20
1.94027e-20
1.89666e-20
1.85365e-20
1.81127e-20
1.7695e-20
1.72835e-20
1.68782e-20
1.64791e-20
1.60863e-20
1.56996e-20
1.53191e-20
1.49449e-20
1.45768e-20
1.42148e-20
1.38591e-20
1.35094e-20
1.31659e-20
1.28284e-20
1.2497e-20
1.21715e-20
1.18521e-20
1.15386e-20
1.1231e-20
1.09293e-20
1.06334e-20
1.03432e-20
1.00588e-20
9.78006e-21
9.50694e-21
9.23938e-21
8.97734e-21
8.72075e-21
8.46956e-21
8.22371e-21
7.98314e-21
7.74779e-21
7.51759e-21
7.2925e-21
7.07244e-21
6.85736e-21
6.64719e-21
6.44188e-21
6.24135e-21
6.04555e-21
5.8544e-21
5.66784e-21
5.4858e-21
5.30822e-21
5.13503e-21
4.96616e-21
4.80155e-21
4.64114e-21
4.48486e-21
4.33266e-21
4.18447e-21
4.04022e-21
3.89986e-21
3.76332e-21
3.63053e-21
3.50143e-21
3.37595e-21
3.25402e-21
3.13559e-21
3.0206e-21
2.90899e-21
2.8007e-21
2.69567e-21
2.59385e-21
2.49516e-21
2.39954e-21
2.30694e-21
2.21728e-21
2.1305e-21
2.04654e-21
1.96534e-21
1.88683e-21
1.81095e-21
1.73763e-21
1.66682e-21
1.59844e-21
1.53244e-21
1.46876e-21
1.40733e-21
1.3481e-21
1.291e-21
1.23597e-21
1.18297e-21
1.13192e-21
1.08278e-21
1.03548e-21
9.89981e-22
9.46217e-22
9.04139e-22
8.63696e-22
8.24835e-22
7.87507e-22
7.51663e-22
7.17254e-22
6.84234e-22
6.52556e-22
6.22176e-22
5.93049e-22
5.65133e-22
5.38385e-22
5.12765e-22
4.88232e-22
4.64748e-22
4.42275e-22
4.20775e-22
4.00214e-22
3.80556e-22
3.61767e-22
3.43815e-22
3.26667e-22
3.10292e-22
2.9466e-22
2.79743e-22
2.65511e-22
2.51936e-22
2.38994e-22
2.26658e-22
2.14902e-22
2.03704e-22
1.93039e-22
1.82886e-22
1.73222e-22
1.64028e-22
1.55281e-22
1.46964e-22
1.39057e-22
1.31543e-22
1.24403e-22
1.17622e-22
1.11183e-22
1.0507e-22
9.92687e-23
9.37647e-23
8.85444e-23
8.35943e-23
7.89019e-23
7.44549e-23
7.02418e-23
6.62512e-23
6.24726e-23
5.88955e-23
5.55103e-23
5.23074e-23
4.92779e-23
4.64131e-23
4.37049e-23
4.11453e-23
3.87268e-23
3.64422e-23
3.42848e-23
3.22479e-23
3.03254e-23
2.85112e-23
2.67996e-23
2.51854e-23
2.36634e-23
2.22286e-23
2.08763e-23
1.96022e-23
1.84021e-23
1.72718e-23
1.62077e-23
1.5206e-23
1.42634e-23
1.33765e-23
1.25423e-23
1.17578e-23
1.10203e-23
1.0327e-23
9.67548e-24
9.06337e-24
8.4884e-24
7.94843e-24
7.44146e-24
6.96557e-24
6.51894e-24
6.09988e-24
5.70676e-24
5.33806e-24
4.99232e-24
4.6682e-24
4.3644e-24
4.07969e-24
3.81295e-24
3.56308e-24
3.32906e-24
3.10993e-24
2.90479e-24
2.71277e-24
2.53307e-24
2.36493e-24
2.20764e-24
2.06053e-24
1.92295e-24
1.79432e-24
1.67407e-24
1.56168e-24
1.45666e-24
1.35853e-24
1.26686e-24
1.18123e-24
1.10127e-24
1.02661e-24
9.56914e-25
8.91854e-25
8.31136e-25
7.74478e-25
7.21617e-25
6.72305e-25
6.26312e-25
5.83421e-25
5.43427e-25
5.06142e-25
4.71386e-25
4.38992e-25
4.08805e-25
3.80677e-25
3.54473e-25
3.30064e-25
3.07331e-25
2.86161e-25
2.66451e-25
2.48101e-25
2.31021e-25
2.15126e-25
2.00335e-25
1.86575e-25
1.73775e-25
1.61872e-25
1.50803e-25
1.40514e-25
1.3095e-25
1.22064e-25
1.13809e-25
1.06143e-25
9.9026e-26
9.24208e-26
8.6293e-26
8.061e-26
7.53416e-26
7.0461e-26
6.5945e-26
6.1771e-26
5.79181e-26
5.43654e-26
5.10957e-26
4.80908e-26
4.53334e-26
4.28077e-26
4.05038e-26
3.84081e-26
3.65079e-26
3.47915e-26
3.32479e-26
3.18674e-26
3.06407e-26
2.95595e-26
2.86163e-26
2.78041e-26
2.71166e-26
2.65482e-26
2.60937e-26
2.57487e-26
2.55091e-26
2.53714e-26
2.53325e-26
2.53898e-26
2.5541e-26
2.57844e-26
2.61187e-26
2.65427e-26
2.70558e-26
2.76578e-26
2.83488e-26
2.91291e-26
2.99994e-26
3.09609e-26
3.20151e-26
3.31635e-26
