18661.4
2.96831e-20
2.96666e-20
2.96139e-20
2.95539e-20
2.94881e-20
2.94168e-20
2.93403e-20
2.92587e-20
2.91721e-20
2.90805e-20
2.89841e-20
2.88827e-20
2.87765e-20
2.86655e-20
2.85498e-20
2.84294e-20
2.83044e-20
2.81749e-20
2.80408e-20
2.79024e-20
2.77596e-20
2.76126e-20
2.74613e-20
2.7306e-20
2.71466e-20
2.69833e-20
2.68161e-20
2.66451e-20
2.64704e-20
2.62921e-20
2.61102e-20
2.59249e-20
2.57363e-20
2.55444e-20
2.53494e-20
2.51513e-20
2.49502e-20
2.47463e-20
2.45395e-20
2.43301e-20
2.41181e-20
2.39037e-20
2.36868e-20
2.34676e-20
2.32463e-20
2.30229e-20
2.27975e-20
2.25702e-20
2.23411e-20
2.21103e-20
2.18779e-20
2.16441e-20
2.14089e-20
2.11723e-20
2.09346e-20
2.06958e-20
2.0456e-20
2.02153e-20
1.99738e-20
1.97315e-20
1.94887e-20
1.92454e-20
1.90016e-20
1.87575e-20
1.85131e-20
1.82686e-20
1.8024e-20
1.77794e-20
1.75349e-20
1.72907e-20
1.70466e-20
1.6803e-20
1.65598e-20
1.6317e-20
1.60749e-20
1.58334e-20
1.55927e-20
1.53528e-20
1.51138e-20
1.48757e-20
1.46386e-20
1.44026e-20
1.41678e-20
1.39342e-20
1.37018e-20
1.34708e-20
1.32412e-20
1.3013e-20
1.27863e-20
1.25612e-20
1.23376e-20
1.21157e-20
1.18955e-20
1.16771e-20
1.14604e-20
1.12455e-20
1.10325e-20
1.08214e-20
1.06122e-20
1.0405e-20
1.01998e-20
9.99665e-21
9.79554e-21
9.59651e-21
9.39959e-21
9.20481e-21
9.01219e-21
8.82174e-21
8.63349e-21
8.44745e-21
8.26365e-21
8.0821e-21
7.90282e-21
7.72583e-21
7.55114e-21
7.37876e-21
7.20871e-21
7.04099e-21
6.87562e-21
6.7126e-21
6.55195e-21
6.39367e-21
6.2378e-21
6.08432e-21
5.93326e-21
5.78462e-21
5.63839e-21
5.49459e-21
5.35323e-21
5.21431e-21
5.07784e-21
4.94384e-21
4.81229e-21
4.68321e-21
4.55659e-21
4.43243e-21
4.31071e-21
4.19143e-21
4.07458e-21
3.96015e-21
3.84812e-21
3.73846e-21
3.63118e-21
3.52624e-21
3.42363e-21
3.32332e-21
3.22529e-21
3.12952e-21
3.03598e-21
2.94464e-21
2.85549e-21
2.76848e-21
2.6836e-21
2.60081e-21
2.52008e-21
2.44138e-21
2.36469e-21
2.28997e-21
2.21719e-21
2.14631e-21
2.07731e-21
2.01016e-21
1.94481e-21
1.88124e-21
1.81942e-21
1.7593e-21
1.70087e-21
1.64408e-21
1.5889e-21
1.5353e-21
1.48325e-21
1.43272e-21
1.38366e-21
1.33606e-21
1.28987e-21
1.24506e-21
1.20161e-21
1.15948e-21
1.11865e-21
1.07907e-21
1.04072e-21
1.00357e-21
9.67593e-22
9.32755e-22
8.99028e-22
8.66385e-22
8.34796e-22
8.04234e-22
7.74671e-22
7.46082e-22
7.18439e-22
6.91716e-22
6.65888e-22
6.4093e-22
6.16817e-22
5.93526e-22
5.71032e-22
5.49312e-22
5.28343e-22
5.08104e-22
4.88573e-22
4.69727e-22
4.51548e-22
4.34013e-22
4.17103e-22
4.008e-22
3.85083e-22
3.69934e-22
3.55336e-22
3.4127e-22
3.2772e-22
3.14668e-22
3.02099e-22
2.89996e-22
2.78345e-22
2.6713e-22
2.56336e-22
2.45949e-22
2.35956e-22
2.26343e-22
2.17097e-22
2.08205e-22
1.99655e-22
1.91434e-22
1.83533e-22
1.75938e-22
1.6864e-22
1.61627e-22
1.5489e-22
1.48418e-22
1.42203e-22
1.36233e-22
1.30501e-22
1.24998e-22
1.19716e-22
1.14645e-22
1.09779e-22
1.05109e-22
1.00629e-22
9.63307e-23
9.22076e-23
8.8253e-23
8.44604e-23
8.08237e-23
7.73368e-23
7.3994e-23
7.07897e-23
6.77184e-23
6.4775e-23
6.19544e-23
5.92518e-23
5.66626e-23
5.41822e-23
5.18063e-23
4.95308e-23
4.73517e-23
4.52649e-23
4.32669e-23
4.13541e-23
3.95229e-23
3.77702e-23
3.60925e-23
3.4487e-23
3.29507e-23
3.14806e-23
3.0074e-23
2.87284e-23
2.74413e-23
2.621e-23
2.50325e-23
2.39063e-23
2.28293e-23
2.17995e-23
2.0815e-23
1.98737e-23
1.89738e-23
1.81136e-23
1.72915e-23
1.65057e-23
1.57547e-23
1.50371e-23
1.43514e-23
1.36962e-23
1.30703e-23
1.24723e-23
1.1901e-23
1.13554e-23
1.08342e-23
1.03365e-23
9.86115e-24
9.40722e-24
8.97377e-24
8.55991e-24
8.16477e-24
7.78753e-24
7.42741e-24
7.08364e-24
6.75551e-24
6.44232e-24
6.14342e-24
5.85815e-24
5.58593e-24
5.32617e-24
5.07831e-24
4.84182e-24
4.61619e-24
4.40094e-24
4.1956e-24
3.99973e-24
3.81289e-24
3.63469e-24
3.46473e-24
3.30264e-24
3.14806e-24
3.00067e-24
2.86012e-24
2.72611e-24
2.59834e-24
2.47653e-24
2.3604e-24
2.24971e-24
2.1442e-24
2.04363e-24
1.94778e-24
1.85643e-24
1.76938e-24
1.68643e-24
1.60739e-24
1.53209e-24
1.46035e-24
1.392e-24
1.3269e-24
1.2649e-24
1.20584e-24
1.14961e-24
1.09606e-24
1.04507e-24
9.96532e-25
9.50327e-25
9.06349e-25
8.64497e-25
8.24672e-25
7.86783e-25
7.50741e-25
7.16462e-25
6.83865e-25
6.52875e-25
6.23418e-25
5.95425e-25
5.6883e-25
5.43571e-25
5.19588e-25
4.96824e-25
4.75225e-25
4.5474e-25
4.3532e-25
4.16919e-25
3.99492e-25
3.82999e-25
3.67399e-25
3.52655e-25
3.38732e-25
3.25597e-25
3.13216e-25
3.01561e-25
2.90603e-25
2.80315e-25
2.70673e-25
2.61653e-25
2.53232e-25
2.4539e-25
2.38107e-25
2.31366e-25
2.25149e-25
2.19441e-25
2.14228e-25
2.09496e-25
2.05233e-25
2.01429e-25
1.98072e-25
1.95155e-25
1.92669e-25
1.90617e-25
1.89005e-25
1.8783e-25
1.87089e-25
1.86787e-25
1.86923e-25
1.87493e-25
1.88494e-25
1.89924e-25
1.91782e-25
1.94068e-25
1.96783e-25
1.99929e-25
2.03507e-25
2.07524e-25
2.11982e-25
2.16888e-25
2.22248e-25
2.28071e-25
