13262.1
7.20455e-20
7.20212e-20
7.19396e-20
7.18434e-20
7.17344e-20
7.16132e-20
7.14799e-20
7.13347e-20
7.11778e-20
7.10093e-20
7.08293e-20
7.0638e-20
7.04353e-20
7.02215e-20
6.99965e-20
6.97606e-20
6.95137e-20
6.9256e-20
6.89876e-20
6.87087e-20
6.84194e-20
6.81198e-20
6.78101e-20
6.74903e-20
6.71607e-20
6.68215e-20
6.64727e-20
6.61146e-20
6.57472e-20
6.53709e-20
6.49857e-20
6.45918e-20
6.41895e-20
6.37789e-20
6.33602e-20
6.29335e-20
6.24992e-20
6.20573e-20
6.16081e-20
6.11518e-20
6.06886e-20
6.02187e-20
5.97422e-20
5.92595e-20
5.87707e-20
5.82761e-20
5.77758e-20
5.72701e-20
5.67591e-20
5.62432e-20
5.57225e-20
5.51972e-20
5.46675e-20
5.41338e-20
5.35961e-20
5.30547e-20
5.25099e-20
5.19618e-20
5.14107e-20
5.08567e-20
5.03001e-20
4.97412e-20
4.918e-20
4.86169e-20
4.8052e-20
4.74856e-20
4.69178e-20
4.63489e-20
4.57791e-20
4.52085e-20
4.46374e-20
4.40659e-20
4.34943e-20
4.29228e-20
4.23514e-20
4.17805e-20
4.12102e-20
4.06407e-20
4.00722e-20
3.95048e-20
3.89387e-20
3.83741e-20
3.78111e-20
3.725e-20
3.66908e-20
3.61338e-20
3.5579e-20
3.50266e-20
3.44768e-20
3.39298e-20
3.33855e-20
3.28443e-20
3.23062e-20
3.17713e-20
3.12398e-20
3.07117e-20
3.01873e-20
2.96665e-20
2.91496e-20
2.86366e-20
2.81276e-20
2.76227e-20
2.7122e-20
2.66257e-20
2.61337e-20
2.56461e-20
2.51631e-20
2.46848e-20
2.4211e-20
2.37421e-20
2.32779e-20
2.28186e-20
2.23643e-20
2.19149e-20
2.14705e-20
2.10312e-20
2.05969e-20
2.01679e-20
1.9744e-20
1.93253e-20
1.89118e-20
1.85036e-20
1.81006e-20
1.7703e-20
1.73106e-20
1.69236e-20
1.65419e-20
1.61655e-20
1.57945e-20
1.54287e-20
1.50684e-20
1.47133e-20
1.43636e-20
1.40191e-20
1.368e-20
1.33461e-20
1.30175e-20
1.26942e-20
1.2376e-20
1.20631e-20
1.17553e-20
1.14526e-20
1.11551e-20
1.08626e-20
1.05752e-20
1.02928e-20
1.00153e-20
9.74279e-21
9.47516e-21
9.21238e-21
8.9544e-21
8.70118e-21
8.45268e-21
8.20885e-21
7.96966e-21
7.73506e-21
7.50505e-21
7.27959e-21
7.05864e-21
6.84216e-21
6.63013e-21
6.42248e-21
6.21919e-21
6.0202e-21
5.82548e-21
5.63499e-21
5.44869e-21
5.26653e-21
5.0885e-21
4.91455e-21
4.74468e-21
4.57886e-21
4.41707e-21
4.25928e-21
4.10545e-21
3.95554e-21
3.80952e-21
3.66732e-21
3.52892e-21
3.39426e-21
3.26334e-21
3.13614e-21
3.01262e-21
2.89277e-21
2.77653e-21
2.66387e-21
2.55475e-21
2.4491e-21
2.34689e-21
2.24805e-21
2.15252e-21
2.06024e-21
1.97116e-21
1.8852e-21
1.80229e-21
1.72238e-21
1.64538e-21
1.57123e-21
1.49987e-21
1.43121e-21
1.36519e-21
1.30174e-21
1.24078e-21
1.18224e-21
1.12606e-21
1.07216e-21
1.02048e-21
9.70943e-22
9.23483e-22
8.78033e-22
8.34527e-22
7.929e-22
7.53088e-22
7.15029e-22
6.78659e-22
6.4392e-22
6.10751e-22
5.79095e-22
5.48895e-22
5.20097e-22
4.92645e-22
4.66488e-22
4.41574e-22
4.17855e-22
3.9528e-22
3.73805e-22
3.53382e-22
3.33968e-22
3.15521e-22
2.97998e-22
2.8136e-22
2.65568e-22
2.50584e-22
2.36373e-22
2.22899e-22
2.10129e-22
1.98031e-22
1.86573e-22
1.75725e-22
1.65459e-22
1.55747e-22
1.46562e-22
1.37878e-22
1.29671e-22
1.21918e-22
1.14595e-22
1.07682e-22
1.01157e-22
9.50015e-23
8.91955e-23
8.37212e-23
7.85614e-23
7.36997e-23
6.91202e-23
6.48079e-23
6.07485e-23
5.69285e-23
5.33347e-23
4.99549e-23
4.67773e-23
4.37906e-23
4.09843e-23
3.83482e-23
3.58728e-23
3.35489e-23
3.13679e-23
2.93216e-23
2.74022e-23
2.56024e-23
2.39152e-23
2.2334e-23
2.08525e-23
1.94648e-23
1.81654e-23
1.69489e-23
1.58104e-23
1.47452e-23
1.37487e-23
1.28168e-23
1.19455e-23
1.11311e-23
1.03701e-23
9.65912e-24
8.99505e-24
8.37496e-24
7.79606e-24
7.25575e-24
6.75157e-24
6.28123e-24
5.84254e-24
5.43347e-24
5.05211e-24
4.69666e-24
4.36543e-24
4.05683e-24
3.76939e-24
3.50171e-24
3.25249e-24
3.02049e-24
2.80458e-24
2.60367e-24
2.41677e-24
2.24292e-24
2.08126e-24
1.93095e-24
1.79122e-24
1.66136e-24
1.54069e-24
1.42857e-24
1.32443e-24
1.2277e-24
1.13789e-24
1.0545e-24
9.77094e-25
9.05253e-25
8.38587e-25
7.76734e-25
7.19355e-25
6.66135e-25
6.1678e-25
5.71016e-25
5.28588e-25
4.89259e-25
4.52807e-25
4.19028e-25
3.87728e-25
3.58731e-25
3.3187e-25
3.06992e-25
2.83952e-25
2.62618e-25
2.42866e-25
2.2458e-25
2.07655e-25
1.9199e-25
1.77493e-25
1.64079e-25
1.51668e-25
1.40186e-25
1.29565e-25
1.19742e-25
1.10657e-25
1.02255e-25
9.44868e-26
8.73042e-26
8.06639e-26
7.45256e-26
6.88518e-26
6.36078e-26
5.87614e-26
5.42829e-26
5.01446e-26
4.63211e-26
4.27887e-26
3.95255e-26
3.65111e-26
3.3727e-26
3.11556e-26
2.8781e-26
2.65883e-26
2.45636e-26
2.26941e-26
2.09684e-26
1.93759e-26
1.7907e-26
1.65524e-26
1.53038e-26
1.41534e-26
1.30939e-26
1.21185e-26
1.12208e-26
1.03959e-26
9.63829e-27
8.94307e-27
8.30562e-27
7.72173e-27
7.18751e-27
6.69938e-27
6.25409e-27
5.84862e-27
5.48022e-27
5.1464e-27
4.84486e-27
4.57352e-27
4.33047e-27
4.11402e-27
3.92261e-27
3.75486e-27
3.60952e-27
3.4855e-27
3.38183e-27
3.29768e-27
3.23232e-27
3.18515e-27
3.15567e-27
3.14351e-27
3.14837e-27
3.17008e-27
3.20857e-27
3.26384e-27
3.33602e-27
