7.5
5e+17
5e+17
49.9994
7.49997
16242.6
4.18878e-20
4.1885e-20
4.1869e-20
4.1845e-20
4.18127e-20
4.17722e-20
4.17235e-20
4.16666e-20
4.16015e-20
4.15282e-20
4.14469e-20
4.13576e-20
4.12602e-20
4.1155e-20
4.10419e-20
4.0921e-20
4.07923e-20
4.0656e-20
4.05121e-20
4.03607e-20
4.02019e-20
4.00359e-20
3.98625e-20
3.96821e-20
3.94947e-20
3.93003e-20
3.90991e-20
3.88913e-20
3.86769e-20
3.8456e-20
3.82289e-20
3.79955e-20
3.77561e-20
3.75107e-20
3.72596e-20
3.70028e-20
3.67404e-20
3.64727e-20
3.61998e-20
3.59218e-20
3.56389e-20
3.53511e-20
3.50588e-20
3.4762e-20
3.44608e-20
3.41555e-20
3.38462e-20
3.3533e-20
3.32161e-20
3.28957e-20
3.25719e-20
3.2245e-20
3.19149e-20
3.1582e-20
3.12464e-20
3.09082e-20
3.05676e-20
3.02247e-20
2.98798e-20
2.9533e-20
2.91843e-20
2.88341e-20
2.84825e-20
2.81295e-20
2.77754e-20
2.74203e-20
2.70644e-20
2.67078e-20
2.63507e-20
2.59932e-20
2.56354e-20
2.52776e-20
2.49198e-20
2.45622e-20
2.42049e-20
2.38481e-20
2.34919e-20
2.31364e-20
2.27818e-20
2.24281e-20
2.20756e-20
2.17243e-20
2.13743e-20
2.10258e-20
2.06789e-20
2.03336e-20
1.99901e-20
1.96486e-20
1.9309e-20
1.89715e-20
1.86362e-20
1.83032e-20
1.79726e-20
1.76444e-20
1.73188e-20
1.69958e-20
1.66755e-20
1.6358e-20
1.60434e-20
1.57316e-20
1.54229e-20
1.51171e-20
1.48145e-20
1.45151e-20
1.42188e-20
1.39259e-20
1.36362e-20
1.33499e-20
1.3067e-20
1.27875e-20
1.25115e-20
1.2239e-20
1.19701e-20
1.17047e-20
1.14429e-20
1.11847e-20
1.09302e-20
1.06793e-20
1.0432e-20
1.01884e-20
9.94854e-21
9.71234e-21
9.47983e-21
9.25102e-21
9.02591e-21
8.80449e-21
8.58677e-21
8.37273e-21
8.16238e-21
7.95569e-21
7.75266e-21
7.55327e-21
7.35752e-21
7.16538e-21
6.97683e-21
6.79185e-21
6.61043e-21
6.43253e-21
6.25815e-21
6.08724e-21
5.91978e-21
5.75575e-21
5.59512e-21
5.43786e-21
5.28393e-21
5.1333e-21
4.98594e-21
4.84181e-21
4.70089e-21
4.56313e-21
4.42849e-21
4.29695e-21
4.16846e-21
4.04299e-21
3.92048e-21
3.80092e-21
3.68424e-21
3.57042e-21
3.45941e-21
3.35116e-21
3.24564e-21
3.1428e-21
3.04259e-21
2.94499e-21
2.84993e-21
2.75738e-21
2.66729e-21
2.57962e-21
2.49432e-21
2.41136e-21
2.33068e-21
2.25224e-21
2.176e-21
2.10191e-21
2.02994e-21
1.96003e-21
1.89215e-21
1.82624e-21
1.76228e-21
1.70021e-21
1.64e-21
1.5816e-21
1.52497e-21
1.47008e-21
1.41687e-21
1.36532e-21
1.31537e-21
1.267e-21
1.22016e-21
1.17482e-21
1.13093e-21
1.08847e-21
1.04739e-21
1.00766e-21
9.69238e-22
9.32098e-22
8.96203e-22
8.61517e-22
8.28009e-22
7.95646e-22
7.64395e-22
7.34226e-22
7.05107e-22
6.77009e-22
6.49901e-22
6.23755e-22
5.98543e-22
5.74236e-22
5.50807e-22
5.2823e-22
5.06479e-22
4.85528e-22
4.65352e-22
4.45926e-22
4.27228e-22
4.09233e-22
3.9192e-22
3.75266e-22
3.59249e-22
3.43849e-22
3.29045e-22
3.14817e-22
3.01146e-22
2.88012e-22
2.75398e-22
2.63286e-22
2.51657e-22
2.40496e-22
2.29786e-22
2.1951e-22
2.09653e-22
2.00201e-22
1.91138e-22
1.8245e-22
1.74124e-22
1.66146e-22
1.58504e-22
1.51184e-22
1.44175e-22
1.37465e-22
1.31042e-22
1.24896e-22
1.19015e-22
1.1339e-22
1.08011e-22
1.02867e-22
9.79503e-23
9.32507e-23
8.87601e-23
8.44698e-23
8.0372e-23
7.64587e-23
7.27224e-23
6.91558e-23
6.57519e-23
6.2504e-23
5.94055e-23
5.64502e-23
5.3632e-23
5.09451e-23
4.83839e-23
4.5943e-23
4.36172e-23
4.14016e-23
3.92914e-23
3.72818e-23
3.53686e-23
3.35475e-23
3.18143e-23
3.01652e-23
2.85963e-23
2.71041e-23
2.56852e-23
2.43361e-23
2.30537e-23
2.18349e-23
2.06768e-23
1.95766e-23
1.85316e-23
1.75392e-23
1.6597e-23
1.57025e-23
1.48536e-23
1.40481e-23
1.32839e-23
1.2559e-23
1.18715e-23
1.12196e-23
1.06016e-23
1.00159e-23
9.46085e-24
8.93496e-24
8.43678e-24
7.96496e-24
7.51818e-24
7.0952e-24
6.69481e-24
6.31589e-24
5.95736e-24
5.61817e-24
5.29735e-24
4.99396e-24
4.7071e-24
4.43593e-24
4.17963e-24
3.93744e-24
3.70862e-24
3.49248e-24
3.28834e-24
3.09558e-24
2.9136e-24
2.74183e-24
2.57973e-24
2.42677e-24
2.28248e-24
2.14638e-24
2.01803e-24
1.89702e-24
1.78295e-24
1.67543e-24
1.57412e-24
1.47866e-24
1.38875e-24
1.30407e-24
1.22433e-24
1.14926e-24
1.0786e-24
1.0121e-24
9.49534e-25
8.90672e-25
8.35309e-25
7.83245e-25
7.34294e-25
6.88278e-25
6.45029e-25
6.04388e-25
5.66205e-25
5.30338e-25
4.96654e-25
4.65024e-25
4.3533e-25
4.07458e-25
3.81301e-25
3.56758e-25
3.33735e-25
3.1214e-25
2.9189e-25
2.72903e-25
2.55105e-25
2.38424e-25
2.22794e-25
2.0815e-25
1.94432e-25
1.81586e-25
1.69557e-25
1.58297e-25
1.47757e-25
1.37893e-25
1.28664e-25
1.20031e-25
1.11957e-25
1.04406e-25
9.73472e-26
9.07487e-26
8.45818e-26
7.88195e-26
7.34362e-26
6.8408e-26
6.37123e-26
5.9328e-26
5.52352e-26
5.14153e-26
4.78506e-26
4.45249e-26
4.14227e-26
3.85294e-26
3.58317e-26
3.33166e-26
3.09723e-26
2.87877e-26
2.67522e-26
2.4856e-26
2.30899e-26
2.14453e-26
1.99141e-26
1.84889e-26
1.71624e-26
1.59282e-26
1.47799e-26
1.37119e-26
1.27187e-26
1.17953e-26
1.09368e-26
1.0139e-26
9.39755e-27
8.70873e-27
8.06889e-27
7.47467e-27
6.92292e-27
6.4107e-27
5.93527e-27
5.49407e-27
5.08471e-27
4.70498e-27
4.35279e-27
4.02622e-27
3.72344e-27
3.4428e-27
3.1827e-27
2.94171e-27
2.71846e-27
2.51168e-27
2.32019e-27
2.1429e-27
1.97879e-27
1.8269e-27
1.68635e-27
1.55633e-27
1.43606e-27
1.32483e-27
1.22199e-27
1.12693e-27
1.03906e-27
9.57865e-28
8.82848e-28
8.13554e-28
7.49558e-28
6.90466e-28
6.35914e-28
5.85561e-28
5.39094e-28
4.96221e-28
4.56673e-28
4.20197e-28
3.86562e-28
3.55553e-28
3.2697e-28
3.00628e-28
2.76357e-28
2.53998e-28
2.33405e-28
2.14441e-28
1.96981e-28
1.8091e-28
1.66119e-28
1.52509e-28
1.39989e-28
1.28473e-28
1.17883e-28
1.08147e-28
9.91978e-29
9.09732e-29
8.34163e-29
7.64744e-29
7.00988e-29
6.42448e-29
5.88709e-29
5.3939e-29
4.94138e-29
4.52629e-29
4.14565e-29
3.7967e-29
3.47691e-29
3.18394e-29
2.91566e-29
2.67007e-29
2.44538e-29
2.23991e-29
2.05214e-29
1.88065e-29
1.72415e-29
1.58148e-29
1.45154e-29
1.33335e-29
1.22601e-29
1.12869e-29
1.04065e-29
9.61193e-30
8.89712e-30
8.25646e-30
7.6849e-30
7.17813e-30
6.73234e-30
6.34396e-30
6.0099e-30
5.72741e-30
5.49428e-30
5.30848e-30
5.16828e-30
5.07231e-30
5.01952e-30
5.00914e-30
5.04071e-30
5.11407e-30
5.2293e-30
5.3868e-30
5.58719e-30
5.8314e-30
6.1206e-30
6.45623e-30
6.84e-30
