2.5
1e+17
5e+17
50
2.49999
9377.69
2.1743e-19
2.1742e-19
2.17352e-19
2.17242e-19
2.1709e-19
2.16894e-19
2.16656e-19
2.16374e-19
2.1605e-19
2.15683e-19
2.15274e-19
2.14823e-19
2.1433e-19
2.13795e-19
2.1322e-19
2.12603e-19
2.11945e-19
2.11248e-19
2.10511e-19
2.09734e-19
2.08919e-19
2.08065e-19
2.07173e-19
2.06244e-19
2.05278e-19
2.04276e-19
2.03238e-19
2.02165e-19
2.01058e-19
1.99916e-19
1.98742e-19
1.97534e-19
1.96295e-19
1.95025e-19
1.93724e-19
1.92394e-19
1.91035e-19
1.89647e-19
1.88232e-19
1.86789e-19
1.85322e-19
1.83828e-19
1.82311e-19
1.8077e-19
1.79206e-19
1.7762e-19
1.76013e-19
1.74386e-19
1.72739e-19
1.71074e-19
1.6939e-19
1.6769e-19
1.65974e-19
1.64243e-19
1.62497e-19
1.60738e-19
1.58965e-19
1.57182e-19
1.55387e-19
1.53581e-19
1.51767e-19
1.49944e-19
1.48113e-19
1.46276e-19
1.44432e-19
1.42583e-19
1.4073e-19
1.38873e-19
1.37013e-19
1.35151e-19
1.33288e-19
1.31424e-19
1.29561e-19
1.27698e-19
1.25837e-19
1.23978e-19
1.22123e-19
1.20271e-19
1.18423e-19
1.16581e-19
1.14744e-19
1.12914e-19
1.11091e-19
1.09275e-19
1.07468e-19
1.05669e-19
1.0388e-19
1.021e-19
1.00331e-19
9.85734e-20
9.68269e-20
9.50923e-20
9.33701e-20
9.16608e-20
8.99649e-20
8.82826e-20
8.66146e-20
8.4961e-20
8.33224e-20
8.16991e-20
8.00914e-20
7.84996e-20
7.69242e-20
7.53653e-20
7.38232e-20
7.22982e-20
7.07906e-20
6.93006e-20
6.78284e-20
6.63742e-20
6.49382e-20
6.35206e-20
6.21216e-20
6.07412e-20
5.93796e-20
5.80369e-20
5.67133e-20
5.54088e-20
5.41235e-20
5.28574e-20
5.16106e-20
5.03832e-20
4.91752e-20
4.79865e-20
4.68172e-20
4.56673e-20
4.45367e-20
4.34254e-20
4.23334e-20
4.12606e-20
4.0207e-20
3.91724e-20
3.81568e-20
3.71602e-20
3.61823e-20
3.52231e-20
3.42825e-20
3.33604e-20
3.24566e-20
3.15709e-20
3.07033e-20
2.98536e-20
2.90215e-20
2.8207e-20
2.74099e-20
2.663e-20
2.58672e-20
2.51211e-20
2.43917e-20
2.36787e-20
2.2982e-20
2.23013e-20
2.16365e-20
2.09873e-20
2.03534e-20
1.97348e-20
1.91312e-20
1.85423e-20
1.79679e-20
1.74079e-20
1.68619e-20
1.63298e-20
1.58113e-20
1.53062e-20
1.48143e-20
1.43353e-20
1.3869e-20
1.34152e-20
1.29737e-20
1.25442e-20
1.21264e-20
1.17203e-20
1.13254e-20
1.09417e-20
1.05689e-20
1.02067e-20
9.85493e-21
9.51339e-21
9.18185e-21
8.86008e-21
8.54788e-21
8.24501e-21
7.95129e-21
7.66648e-21
7.39039e-21
7.12282e-21
6.86355e-21
6.61238e-21
6.36913e-21
6.13359e-21
5.90557e-21
5.68488e-21
5.47134e-21
5.26475e-21
5.06494e-21
4.87173e-21
4.68495e-21
4.50442e-21
4.32996e-21
4.16142e-21
3.99863e-21
3.84143e-21
3.68966e-21
3.54317e-21
3.4018e-21
3.26541e-21
3.13385e-21
3.00697e-21
2.88464e-21
2.76673e-21
2.65309e-21
2.54359e-21
2.43812e-21
2.33654e-21
2.23873e-21
2.14457e-21
2.05394e-21
1.96674e-21
1.88285e-21
1.80217e-21
1.72458e-21
1.65e-21
1.5783e-21
1.50941e-21
1.44322e-21
1.37965e-21
1.3186e-21
1.25998e-21
1.20372e-21
1.14973e-21
1.09792e-21
1.04823e-21
1.00057e-21
9.54878e-22
9.11075e-22
8.69095e-22
8.28871e-22
7.90338e-22
7.53433e-22
7.18096e-22
6.84268e-22
6.51892e-22
6.20912e-22
5.91276e-22
5.62931e-22
5.35828e-22
5.09918e-22
4.85154e-22
4.61491e-22
4.38885e-22
4.17293e-22
3.96676e-22
3.76993e-22
3.58207e-22
3.40281e-22
3.2318e-22
3.0687e-22
2.91318e-22
2.76493e-22
2.62363e-22
2.489e-22
2.36075e-22
2.23861e-22
2.12231e-22
2.01161e-22
1.90625e-22
1.80602e-22
1.71066e-22
1.61999e-22
1.53377e-22
1.45182e-22
1.37395e-22
1.29996e-22
1.22968e-22
1.16294e-22
1.09957e-22
1.03943e-22
9.82359e-23
9.28213e-23
8.76857e-23
8.28158e-23
7.81989e-23
7.38229e-23
6.96763e-23
6.5748e-23
6.20273e-23
5.85042e-23
5.5169e-23
5.20123e-23
4.90253e-23
4.61997e-23
4.35272e-23
4.10002e-23
3.86114e-23
3.63537e-23
3.42204e-23
3.22052e-23
3.0302e-23
2.85049e-23
2.68086e-23
2.52076e-23
2.3697e-23
2.2272e-23
2.09281e-23
1.9661e-23
1.84665e-23
1.73408e-23
1.62802e-23
1.52811e-23
1.43402e-23
1.34543e-23
1.26203e-23
1.18355e-23
1.10971e-23
1.04025e-23
9.74922e-24
9.13502e-24
8.55767e-24
8.01508e-24
7.50527e-24
7.02639e-24
6.57664e-24
6.15437e-24
5.75798e-24
5.38597e-24
5.03692e-24
4.70949e-24
4.40241e-24
4.11448e-24
3.84457e-24
3.59161e-24
3.35459e-24
3.13255e-24
2.92459e-24
2.72987e-24
2.54758e-24
2.37697e-24
2.21732e-24
2.06797e-24
1.92828e-24
1.79765e-24
1.67552e-24
1.56138e-24
1.45471e-24
1.35505e-24
1.26195e-24
1.17502e-24
1.09385e-24
1.01808e-24
9.47372e-25
8.81394e-25
8.19845e-25
7.62441e-25
7.08914e-25
6.59013e-25
6.12502e-25
5.6916e-25
5.2878e-25
4.91167e-25
4.56139e-25
4.23526e-25
3.93166e-25
3.64911e-25
3.3862e-25
3.14162e-25
2.91413e-25
2.70259e-25
2.50591e-25
2.32309e-25
2.15319e-25
1.99533e-25
1.84869e-25
1.71249e-25
1.58602e-25
1.4686e-25
1.35962e-25
1.25848e-25
1.16464e-25
1.07759e-25
9.96857e-26
9.21996e-26
8.52593e-26
7.88264e-26
7.28649e-26
6.73415e-26
6.22249e-26
5.74861e-26
5.30981e-26
4.90358e-26
4.52756e-26
4.17959e-26
3.85762e-26
3.55979e-26
3.28433e-26
3.02961e-26
2.79411e-26
2.57644e-26
2.37527e-26
2.1894e-26
2.01769e-26
1.8591e-26
1.71265e-26
1.57744e-26
1.45263e-26
1.33744e-26
1.23115e-26
1.1331e-26
1.04266e-26
9.59263e-27
8.82367e-27
8.11482e-27
7.46152e-27
6.85952e-27
6.30491e-27
5.79405e-27
5.32359e-27
4.89041e-27
4.49163e-27
4.1246e-27
3.78685e-27
3.47611e-27
3.19027e-27
2.92738e-27
2.68566e-27
2.46344e-27
2.25919e-27
2.07148e-27
1.89902e-27
1.7406e-27
1.59509e-27
1.46149e-27
1.33882e-27
1.22623e-27
1.1229e-27
1.0281e-27
9.41126e-28
8.61356e-28
7.88207e-28
7.21144e-28
6.59673e-28
6.03341e-28
5.5173e-28
5.04457e-28
4.61165e-28
4.2153e-28
3.85251e-28
3.52055e-28
3.21687e-28
2.93915e-28
2.68524e-28
2.45316e-28
2.24112e-28
2.04748e-28
1.87074e-28
1.7095e-28
1.56248e-28
1.4285e-28
1.3065e-28
1.19548e-28
1.09454e-28
1.00287e-28
9.19707e-29
8.44371e-29
7.76236e-29
7.14731e-29
6.59338e-29
6.09587e-29
5.65052e-29
5.25346e-29
4.90121e-29
4.59063e-29
4.31891e-29
4.08353e-29
3.88224e-29
3.71308e-29
3.57431e-29
3.46442e-29
3.38211e-29
3.32628e-29
3.29603e-29
3.29063e-29
3.30951e-29
3.3523e-29
3.41874e-29
3.50876e-29
3.6224e-29
3.75988e-29
3.92154e-29
4.10784e-29
4.31942e-29
4.55703e-29
4.82154e-29
5.11399e-29
5.43554e-29
5.7875e-29
6.17132e-29
6.58858e-29
7.04105e-29
7.53062e-29
8.05937e-29
8.62952e-29
