12.5
1e+16
5e+18
50
12.4999
20969.1
2.85195e-20
2.84322e-20
2.818e-20
2.79158e-20
2.76481e-20
2.73794e-20
2.71107e-20
2.68426e-20
2.65756e-20
2.63099e-20
2.6046e-20
2.57836e-20
2.55226e-20
2.52629e-20
2.50045e-20
2.47471e-20
2.44909e-20
2.42358e-20
2.39818e-20
2.37288e-20
2.34769e-20
2.32259e-20
2.29761e-20
2.27272e-20
2.24794e-20
2.22326e-20
2.19869e-20
2.17421e-20
2.14984e-20
2.12557e-20
2.10141e-20
2.07734e-20
2.05339e-20
2.02953e-20
2.00579e-20
1.98214e-20
1.95861e-20
1.93518e-20
1.91186e-20
1.88865e-20
1.86555e-20
1.84256e-20
1.81968e-20
1.79691e-20
1.77426e-20
1.75172e-20
1.7293e-20
1.70699e-20
1.6848e-20
1.66273e-20
1.64078e-20
1.61895e-20
1.59724e-20
1.57566e-20
1.55419e-20
1.53286e-20
1.51164e-20
1.49056e-20
1.4696e-20
1.44878e-20
1.42808e-20
1.40751e-20
1.38708e-20
1.36677e-20
1.3466e-20
1.32657e-20
1.30667e-20
1.28691e-20
1.26728e-20
1.24779e-20
1.22844e-20
1.20923e-20
1.19015e-20
1.17122e-20
1.15243e-20
1.13378e-20
1.11527e-20
1.0969e-20
1.07867e-20
1.06059e-20
1.04265e-20
1.02486e-20
1.00721e-20
9.897e-21
9.72337e-21
9.55118e-21
9.38043e-21
9.21113e-21
9.04327e-21
8.87686e-21
8.71189e-21
8.54836e-21
8.38627e-21
8.22562e-21
8.06641e-21
7.90864e-21
7.75229e-21
7.59737e-21
7.44388e-21
7.29185e-21
7.14128e-21
6.99218e-21
6.84456e-21
6.69844e-21
6.55381e-21
6.41069e-21
6.2691e-21
6.12907e-21
5.99062e-21
5.8538e-21
5.71864e-21
5.58517e-21
5.4534e-21
5.32336e-21
5.19509e-21
5.06864e-21
4.94407e-21
4.82141e-21
4.70071e-21
4.58198e-21
4.46525e-21
4.35055e-21
4.23787e-21
4.12725e-21
4.01868e-21
3.91217e-21
3.80772e-21
3.70532e-21
3.60498e-21
3.50668e-21
3.41042e-21
3.31618e-21
3.22395e-21
3.13372e-21
3.04547e-21
2.95919e-21
2.87485e-21
2.79243e-21
2.71192e-21
2.63329e-21
2.55651e-21
2.48157e-21
2.40843e-21
2.33708e-21
2.26749e-21
2.19962e-21
2.13346e-21
2.06898e-21
2.00614e-21
1.94493e-21
1.88531e-21
1.82725e-21
1.77073e-21
1.71571e-21
1.66217e-21
1.61008e-21
1.55942e-21
1.51014e-21
1.46223e-21
1.41565e-21
1.37038e-21
1.32639e-21
1.28365e-21
1.24213e-21
1.2018e-21
1.16265e-21
1.12463e-21
1.08773e-21
1.05192e-21
1.01717e-21
9.83455e-22
9.5075e-22
9.19031e-22
8.88273e-22
8.58451e-22
8.29542e-22
8.01522e-22
7.74368e-22
7.48056e-22
7.22566e-22
6.97874e-22
6.73959e-22
6.50801e-22
6.28377e-22
6.06669e-22
5.85655e-22
5.65317e-22
5.45635e-22
5.26592e-22
5.08167e-22
4.90345e-22
4.73106e-22
4.56434e-22
4.40313e-22
4.24726e-22
4.09657e-22
3.9509e-22
3.81011e-22
3.67405e-22
3.54257e-22
3.41554e-22
3.29281e-22
3.17425e-22
3.05974e-22
2.94915e-22
2.84235e-22
2.73922e-22
2.63965e-22
2.54352e-22
2.45073e-22
2.36117e-22
2.27473e-22
2.19131e-22
2.11082e-22
2.03315e-22
1.95823e-22
1.88594e-22
1.81622e-22
1.74896e-22
1.6841e-22
1.62155e-22
1.56124e-22
1.50308e-22
1.44701e-22
1.39295e-22
1.34085e-22
1.29062e-22
1.24221e-22
1.19555e-22
1.15059e-22
1.10726e-22
1.06551e-22
1.02529e-22
9.86532e-23
9.49198e-23
9.13235e-23
8.78594e-23
8.45229e-23
8.13095e-23
7.82148e-23
7.52347e-23
7.2365e-23
6.96018e-23
6.69415e-23
6.43801e-23
6.19143e-23
5.95406e-23
5.72557e-23
5.50564e-23
5.29395e-23
5.09022e-23
4.89415e-23
4.70546e-23
4.52389e-23
4.34917e-23
4.18106e-23
4.01931e-23
3.86369e-23
3.71397e-23
3.56995e-23
3.43139e-23
3.29812e-23
3.16992e-23
3.04662e-23
2.92802e-23
2.81396e-23
2.70427e-23
2.59877e-23
2.49733e-23
2.39978e-23
2.30598e-23
2.21579e-23
2.12907e-23
2.04569e-23
1.96553e-23
1.88846e-23
1.81437e-23
1.74315e-23
1.67468e-23
1.60887e-23
1.54561e-23
1.4848e-23
1.42636e-23
1.37019e-23
1.3162e-23
1.26431e-23
1.21445e-23
1.16652e-23
1.12047e-23
1.07622e-23
1.03369e-23
9.92829e-24
9.53565e-24
9.15837e-24
8.79587e-24
8.44758e-24
8.11295e-24
7.79144e-24
7.48257e-24
7.18582e-24
6.90074e-24
6.62688e-24
6.36379e-24
6.11106e-24
5.86829e-24
5.63508e-24
5.41108e-24
5.19591e-24
4.98924e-24
4.79073e-24
4.60006e-24
4.41693e-24
4.24104e-24
4.07212e-24
3.90988e-24
3.75406e-24
3.60442e-24
3.46071e-24
3.3227e-24
3.19016e-24
3.06288e-24
2.94066e-24
2.82328e-24
2.71058e-24
2.60235e-24
2.49842e-24
2.39863e-24
2.3028e-24
2.21079e-24
2.12244e-24
2.03761e-24
1.95616e-24
1.87796e-24
1.80287e-24
1.73077e-24
1.66155e-24
1.5951e-24
1.53129e-24
1.47003e-24
1.41121e-24
1.35475e-24
1.30053e-24
1.24849e-24
1.19852e-24
1.15055e-24
1.1045e-24
1.06029e-24
1.01785e-24
9.77102e-25
9.37987e-25
9.00438e-25
8.64391e-25
8.29787e-25
7.96568e-25
7.6468e-25
7.34068e-25
7.04683e-25
6.76475e-25
6.49397e-25
6.23404e-25
5.98453e-25
5.74501e-25
5.5151e-25
5.29441e-25
5.08257e-25
4.87922e-25
4.68403e-25
4.49666e-25
4.31681e-25
4.14418e-25
3.97847e-25
3.81942e-25
3.66674e-25
3.52019e-25
3.37952e-25
3.2445e-25
3.1149e-25
2.9905e-25
2.8711e-25
2.75649e-25
2.64648e-25
2.54089e-25
2.43953e-25
2.34225e-25
2.24888e-25
2.15925e-25
2.07322e-25
1.99065e-25
1.9114e-25
1.83533e-25
1.76231e-25
1.69223e-25
1.62497e-25
1.5604e-25
1.49844e-25
1.43896e-25
1.38187e-25
1.32707e-25
1.27448e-25
1.224e-25
1.17555e-25
1.12905e-25
1.08442e-25
1.04159e-25
1.00047e-25
9.61012e-26
9.2314e-26
8.86791e-26
8.51906e-26
8.18425e-26
7.86292e-26
7.55454e-26
7.25858e-26
6.97455e-26
6.70197e-26
6.44039e-26
6.18937e-26
5.94848e-26
5.71733e-26
5.49552e-26
5.28269e-26
5.07847e-26
4.88253e-26
4.69454e-26
4.51418e-26
4.34115e-26
4.17517e-26
4.01595e-26
3.86323e-26
3.71676e-26
3.57628e-26
3.44157e-26
3.31241e-26
3.18857e-26
3.06985e-26
2.95605e-26
2.84699e-26
2.74247e-26
2.64234e-26
2.54642e-26
2.45456e-26
2.36659e-26
2.28238e-26
2.20179e-26
2.12469e-26
2.05094e-26
1.98042e-26
1.91303e-26
1.84864e-26
1.78716e-26
1.72848e-26
1.67251e-26
1.61915e-26
1.56832e-26
1.51994e-26
1.47393e-26
1.43021e-26
1.38872e-26
1.34938e-26
1.31214e-26
1.27693e-26
1.2437e-26
1.2124e-26
1.18297e-26
1.15538e-26
1.12957e-26
1.10552e-26
1.08318e-26
1.06252e-26
1.0435e-26
1.02611e-26
1.01032e-26
9.96092e-27
9.83423e-27
9.72291e-27
9.62682e-27
9.54585e-27
9.47991e-27
9.42894e-27
9.3929e-27
9.37179e-27
9.36562e-27
9.37443e-27
9.3983e-27
9.43733e-27
9.49163e-27
9.56136e-27
9.6467e-27
9.74789e-27
9.86545e-27
1.00004e-26
1.01532e-26
1.03246e-26
1.0515e-26
1.07247e-26
1.09539e-26
1.12031e-26
1.14727e-26
1.1763e-26
1.20745e-26
1.24079e-26
