12.5
5e+16
5e+17
50
12.5001
20969.1
2.29714e-20
2.29502e-20
2.28852e-20
2.28136e-20
2.27373e-20
2.26569e-20
2.25725e-20
2.24844e-20
2.23926e-20
2.22974e-20
2.21988e-20
2.20968e-20
2.19915e-20
2.18829e-20
2.1771e-20
2.16559e-20
2.15376e-20
2.14162e-20
2.12917e-20
2.11643e-20
2.10339e-20
2.09006e-20
2.07645e-20
2.06257e-20
2.04841e-20
2.034e-20
2.01933e-20
2.00441e-20
1.98925e-20
1.97386e-20
1.95824e-20
1.9424e-20
1.92635e-20
1.91009e-20
1.89364e-20
1.87699e-20
1.86017e-20
1.84316e-20
1.82599e-20
1.80866e-20
1.79118e-20
1.77355e-20
1.75578e-20
1.73789e-20
1.71987e-20
1.70173e-20
1.68349e-20
1.66515e-20
1.64671e-20
1.62819e-20
1.60959e-20
1.59092e-20
1.57219e-20
1.5534e-20
1.53456e-20
1.51568e-20
1.49677e-20
1.47782e-20
1.45886e-20
1.43988e-20
1.42089e-20
1.4019e-20
1.38291e-20
1.36394e-20
1.34498e-20
1.32604e-20
1.30714e-20
1.28827e-20
1.26944e-20
1.25066e-20
1.23193e-20
1.21327e-20
1.19466e-20
1.17612e-20
1.15766e-20
1.13927e-20
1.12097e-20
1.10275e-20
1.08463e-20
1.06661e-20
1.04869e-20
1.03087e-20
1.01316e-20
9.95568e-21
9.78092e-21
9.60736e-21
9.43506e-21
9.26403e-21
9.09431e-21
8.92594e-21
8.75894e-21
8.59333e-21
8.42916e-21
8.26644e-21
8.10519e-21
7.94545e-21
7.78723e-21
7.63055e-21
7.47544e-21
7.32193e-21
7.17002e-21
7.01975e-21
6.87113e-21
6.72419e-21
6.57893e-21
6.43538e-21
6.29356e-21
6.15348e-21
6.01517e-21
5.87866e-21
5.74395e-21
5.61107e-21
5.48004e-21
5.35086e-21
5.22356e-21
5.09816e-21
4.97468e-21
4.85315e-21
4.73358e-21
4.61597e-21
4.50034e-21
4.3867e-21
4.27505e-21
4.16539e-21
4.05772e-21
3.95204e-21
3.84835e-21
3.74664e-21
3.64691e-21
3.54914e-21
3.45334e-21
3.35947e-21
3.26754e-21
3.17753e-21
3.08942e-21
3.00319e-21
2.91884e-21
2.83635e-21
2.75568e-21
2.67683e-21
2.59978e-21
2.52449e-21
2.45096e-21
2.37916e-21
2.30906e-21
2.24065e-21
2.1739e-21
2.10878e-21
2.04527e-21
1.98335e-21
1.92298e-21
1.86415e-21
1.80683e-21
1.751e-21
1.69662e-21
1.64367e-21
1.59213e-21
1.54197e-21
1.49316e-21
1.44568e-21
1.39949e-21
1.35459e-21
1.31093e-21
1.26849e-21
1.22725e-21
1.18719e-21
1.14827e-21
1.11047e-21
1.07376e-21
1.03813e-21
1.00354e-21
9.69979e-22
9.37413e-22
9.05822e-22
8.75181e-22
8.45469e-22
8.16661e-22
7.88736e-22
7.61671e-22
7.35444e-22
7.10033e-22
6.85419e-22
6.61578e-22
6.38492e-22
6.1614e-22
5.94502e-22
5.73559e-22
5.53291e-22
5.33681e-22
5.14709e-22
4.96357e-22
4.78609e-22
4.61446e-22
4.44852e-22
4.28811e-22
4.13306e-22
3.98321e-22
3.83842e-22
3.69852e-22
3.56338e-22
3.43284e-22
3.30678e-22
3.18504e-22
3.06751e-22
2.95404e-22
2.84451e-22
2.7388e-22
2.63679e-22
2.53836e-22
2.44339e-22
2.35178e-22
2.26342e-22
2.17819e-22
2.09601e-22
2.01676e-22
1.94036e-22
1.86671e-22
1.79571e-22
1.72729e-22
1.66134e-22
1.5978e-22
1.53658e-22
1.47759e-22
1.42077e-22
1.36604e-22
1.31333e-22
1.26256e-22
1.21368e-22
1.16661e-22
1.1213e-22
1.07767e-22
1.03568e-22
9.95262e-23
9.56362e-23
9.18926e-23
8.82904e-23
8.48243e-23
8.14896e-23
7.82814e-23
7.51954e-23
7.22269e-23
6.93719e-23
6.6626e-23
6.39855e-23
6.14464e-23
5.90049e-23
5.66576e-23
5.44009e-23
5.22315e-23
5.01462e-23
4.81418e-23
4.62153e-23
4.43638e-23
4.25845e-23
4.08747e-23
3.92318e-23
3.76532e-23
3.61366e-23
3.46796e-23
3.32799e-23
3.19353e-23
3.06438e-23
2.94034e-23
2.8212e-23
2.70678e-23
2.5969e-23
2.49138e-23
2.39006e-23
2.29278e-23
2.19937e-23
2.10969e-23
2.0236e-23
1.94095e-23
1.8616e-23
1.78544e-23
1.71234e-23
1.64218e-23
1.57483e-23
1.5102e-23
1.44817e-23
1.38865e-23
1.33153e-23
1.27672e-23
1.22413e-23
1.17367e-23
1.12525e-23
1.0788e-23
1.03424e-23
9.91487e-24
9.50474e-24
9.11132e-24
8.73394e-24
8.37195e-24
8.02474e-24
7.69172e-24
7.37232e-24
7.066e-24
6.77222e-24
6.49048e-24
6.2203e-24
5.96121e-24
5.71277e-24
5.47454e-24
5.24611e-24
5.02709e-24
4.81709e-24
4.61575e-24
4.42272e-24
4.23766e-24
4.06024e-24
3.89016e-24
3.72711e-24
3.57082e-24
3.42099e-24
3.27738e-24
3.13972e-24
3.00778e-24
2.88131e-24
2.7601e-24
2.64393e-24
2.53258e-24
2.42588e-24
2.32361e-24
2.22561e-24
2.1317e-24
2.0417e-24
1.95546e-24
1.87282e-24
1.79363e-24
1.71775e-24
1.64505e-24
1.57539e-24
1.50864e-24
1.4447e-24
1.38343e-24
1.32473e-24
1.2685e-24
1.21462e-24
1.16301e-24
1.11357e-24
1.06621e-24
1.02083e-24
9.77372e-25
9.3574e-25
8.95862e-25
8.57665e-25
8.21079e-25
7.86036e-25
7.52472e-25
7.20326e-25
6.89537e-25
6.60051e-25
6.31811e-25
6.04766e-25
5.78866e-25
5.54063e-25
5.30311e-25
5.07566e-25
4.85785e-25
4.64929e-25
4.44958e-25
4.25835e-25
4.07525e-25
3.89994e-25
3.73208e-25
3.57136e-25
3.41749e-25
3.27017e-25
3.12914e-25
2.99411e-25
2.86484e-25
2.7411e-25
2.62263e-25
2.50923e-25
2.40067e-25
2.29676e-25
2.19729e-25
2.10209e-25
2.01095e-25
1.92373e-25
1.84024e-25
1.76034e-25
1.68386e-25
1.61067e-25
1.54062e-25
1.47359e-25
1.40943e-25
1.34804e-25
1.28929e-25
1.23307e-25
1.17928e-25
1.1278e-25
1.07855e-25
1.03142e-25
9.86329e-26
9.43187e-26
9.0191e-26
8.62419e-26
8.24639e-26
7.88495e-26
7.53918e-26
7.20841e-26
6.892e-26
6.58933e-26
6.29981e-26
6.02289e-26
5.75802e-26
5.50468e-26
5.26239e-26
5.03066e-26
4.80904e-26
4.5971e-26
4.39443e-26
4.20062e-26
4.01529e-26
3.83809e-26
3.66865e-26
3.50665e-26
3.35177e-26
3.20369e-26
3.06213e-26
2.92681e-26
2.79746e-26
2.67381e-26
2.55563e-26
2.44268e-26
2.33473e-26
2.23157e-26
2.13299e-26
2.03879e-26
1.94879e-26
1.86281e-26
1.78067e-26
1.7022e-26
1.62726e-26
1.55568e-26
1.48733e-26
1.42206e-26
1.35974e-26
1.30026e-26
1.24347e-26
1.18928e-26
1.13757e-26
1.08824e-26
1.04118e-26
9.96301e-27
9.53508e-27
9.12715e-27
8.73838e-27
8.36799e-27
8.01519e-27
7.67928e-27
7.35955e-27
7.05536e-27
6.76608e-27
6.4911e-27
6.22986e-27
5.98182e-27
5.74647e-27
5.52333e-27
5.31192e-27
5.11181e-27
4.92258e-27
4.74385e-27
4.57524e-27
4.41639e-27
4.26699e-27
4.12672e-27
3.99529e-27
3.87243e-27
3.75787e-27
3.65139e-27
3.55276e-27
3.46177e-27
3.37824e-27
3.302e-27
3.23288e-27
3.17075e-27
3.11548e-27
3.06695e-27
3.02507e-27
2.98974e-27
2.96091e-27
2.93851e-27
2.92251e-27
2.91286e-27
2.90956e-27
2.9126e-27
2.922e-27
2.93787e-27
2.96044e-27
2.98984e-27
3.02626e-27
3.06975e-27
3.12038e-27
3.17825e-27
3.24346e-27
3.31611e-27
3.39635e-27
3.48433e-27
3.5802e-27
