10
5e+17
5e+18
49.9999
10.0002
18755.4
2.94363e-20
2.94187e-20
2.9363e-20
2.93e-20
2.92311e-20
2.91568e-20
2.90773e-20
2.89927e-20
2.89032e-20
2.88087e-20
2.87095e-20
2.86055e-20
2.84969e-20
2.83836e-20
2.82658e-20
2.81435e-20
2.80166e-20
2.78854e-20
2.77498e-20
2.76099e-20
2.74658e-20
2.73175e-20
2.71651e-20
2.70088e-20
2.68485e-20
2.66844e-20
2.65166e-20
2.6345e-20
2.61699e-20
2.59913e-20
2.58092e-20
2.56238e-20
2.54352e-20
2.52434e-20
2.50486e-20
2.48508e-20
2.46501e-20
2.44467e-20
2.42406e-20
2.40318e-20
2.38206e-20
2.36071e-20
2.33912e-20
2.31731e-20
2.29529e-20
2.27307e-20
2.25066e-20
2.22807e-20
2.20531e-20
2.18239e-20
2.15932e-20
2.13611e-20
2.11276e-20
2.0893e-20
2.06572e-20
2.04204e-20
2.01826e-20
1.9944e-20
1.97047e-20
1.94647e-20
1.92242e-20
1.89832e-20
1.87418e-20
1.85001e-20
1.82582e-20
1.80162e-20
1.77742e-20
1.75323e-20
1.72905e-20
1.70489e-20
1.68076e-20
1.65667e-20
1.63262e-20
1.60863e-20
1.5847e-20
1.56084e-20
1.53706e-20
1.51336e-20
1.48974e-20
1.46623e-20
1.44281e-20
1.41951e-20
1.39632e-20
1.37326e-20
1.35032e-20
1.32751e-20
1.30485e-20
1.28232e-20
1.25995e-20
1.23773e-20
1.21567e-20
1.19377e-20
1.17205e-20
1.15049e-20
1.12911e-20
1.10791e-20
1.0869e-20
1.06607e-20
1.04544e-20
1.025e-20
1.00476e-20
9.84716e-21
9.64878e-21
9.45246e-21
9.25822e-21
9.06609e-21
8.87609e-21
8.68823e-21
8.50254e-21
8.31904e-21
8.13773e-21
7.95865e-21
7.78181e-21
7.60722e-21
7.4349e-21
7.26486e-21
7.09711e-21
6.93167e-21
6.76854e-21
6.60773e-21
6.44925e-21
6.29314e-21
6.13938e-21
5.988e-21
5.83901e-21
5.6924e-21
5.54819e-21
5.40638e-21
5.26697e-21
5.13e-21
4.99546e-21
4.86335e-21
4.73369e-21
4.60646e-21
4.48167e-21
4.35932e-21
4.23939e-21
4.12187e-21
4.00676e-21
3.89404e-21
3.78369e-21
3.6757e-21
3.57005e-21
3.46673e-21
3.3657e-21
3.26695e-21
3.17045e-21
3.07619e-21
2.98413e-21
2.89425e-21
2.80652e-21
2.72092e-21
2.63741e-21
2.55596e-21
2.47656e-21
2.39916e-21
2.32374e-21
2.25026e-21
2.17869e-21
2.10901e-21
2.04118e-21
1.97516e-21
1.91093e-21
1.84845e-21
1.78768e-21
1.72861e-21
1.67119e-21
1.61539e-21
1.56118e-21
1.50852e-21
1.45739e-21
1.40774e-21
1.35956e-21
1.3128e-21
1.26744e-21
1.22344e-21
1.18077e-21
1.1394e-21
1.0993e-21
1.06044e-21
1.02279e-21
9.86313e-22
9.50991e-22
9.1679e-22
8.8368e-22
8.51636e-22
8.20627e-22
7.90627e-22
7.61609e-22
7.33547e-22
7.06414e-22
6.80185e-22
6.54834e-22
6.30337e-22
6.0667e-22
5.83809e-22
5.61731e-22
5.40413e-22
5.19832e-22
4.99966e-22
4.80795e-22
4.62297e-22
4.44452e-22
4.2724e-22
4.10641e-22
3.94636e-22
3.79207e-22
3.64334e-22
3.50002e-22
3.36192e-22
3.22887e-22
3.10071e-22
2.97728e-22
2.85843e-22
2.744e-22
2.63385e-22
2.52782e-22
2.42579e-22
2.32762e-22
2.23317e-22
2.14232e-22
2.05494e-22
1.97091e-22
1.89012e-22
1.81245e-22
1.73779e-22
1.66604e-22
1.59708e-22
1.53083e-22
1.46718e-22
1.40604e-22
1.34731e-22
1.29092e-22
1.23676e-22
1.18477e-22
1.13486e-22
1.08695e-22
1.04098e-22
9.96853e-23
9.54516e-23
9.13899e-23
8.74934e-23
8.3756e-23
8.01715e-23
7.6734e-23
7.3438e-23
7.02778e-23
6.72483e-23
6.43443e-23
6.1561e-23
5.88935e-23
5.63373e-23
5.38881e-23
5.15416e-23
4.92936e-23
4.71403e-23
4.50779e-23
4.31027e-23
4.12111e-23
3.94e-23
3.76659e-23
3.60057e-23
3.44164e-23
3.28952e-23
3.14392e-23
3.00458e-23
2.87123e-23
2.74364e-23
2.62156e-23
2.50476e-23
2.39302e-23
2.28614e-23
2.18391e-23
2.08613e-23
1.99261e-23
1.90319e-23
1.81768e-23
1.73592e-23
1.65775e-23
1.58302e-23
1.51159e-23
1.4433e-23
1.37803e-23
1.31565e-23
1.25603e-23
1.19906e-23
1.14461e-23
1.09259e-23
1.04289e-23
9.95402e-24
9.50035e-24
9.06697e-24
8.65299e-24
8.25756e-24
7.87988e-24
7.51917e-24
7.17468e-24
6.8457e-24
6.53155e-24
6.23158e-24
5.94516e-24
5.67169e-24
5.4106e-24
5.16135e-24
4.9234e-24
4.69626e-24
4.47944e-24
4.27249e-24
4.07497e-24
3.88644e-24
3.70652e-24
3.53482e-24
3.37096e-24
3.2146e-24
3.0654e-24
2.92303e-24
2.7872e-24
2.6576e-24
2.53395e-24
2.41599e-24
2.30345e-24
2.1961e-24
2.0937e-24
1.99601e-24
1.90284e-24
1.81396e-24
1.7292e-24
1.64835e-24
1.57125e-24
1.49772e-24
1.42759e-24
1.36072e-24
1.29694e-24
1.23613e-24
1.17815e-24
1.12286e-24
1.07014e-24
1.01987e-24
9.71948e-25
9.26256e-25
8.82694e-25
8.41165e-25
8.01573e-25
7.6383e-25
7.27851e-25
6.93553e-25
6.60859e-25
6.29695e-25
5.9999e-25
5.71676e-25
5.44688e-25
5.18966e-25
4.9445e-25
4.71085e-25
4.48816e-25
4.27593e-25
4.07367e-25
3.88092e-25
3.69724e-25
3.52219e-25
3.35538e-25
3.19642e-25
3.04495e-25
2.90062e-25
2.76309e-25
2.63205e-25
2.50718e-25
2.38821e-25
2.27485e-25
2.16685e-25
2.06394e-25
1.9659e-25
1.8725e-25
1.78351e-25
1.69872e-25
1.61795e-25
1.54101e-25
1.4677e-25
1.39787e-25
1.33134e-25
1.26797e-25
1.2076e-25
1.15009e-25
1.09532e-25
1.04313e-25
9.9343e-26
9.46086e-26
9.00989e-26
8.58033e-26
8.17119e-26
7.78149e-26
7.41031e-26
7.05678e-26
6.72006e-26
6.39936e-26
6.09392e-26
5.80302e-26
5.52596e-26
5.2621e-26
5.01081e-26
4.77149e-26
4.54358e-26
4.32653e-26
4.11983e-26
3.92298e-26
3.73553e-26
3.55703e-26
3.38704e-26
3.22517e-26
3.07103e-26
2.92426e-26
2.7845e-26
2.65142e-26
2.5247e-26
2.40404e-26
2.28916e-26
2.17977e-26
2.07562e-26
1.97646e-26
1.88205e-26
1.79216e-26
1.70659e-26
1.62512e-26
1.54755e-26
1.47372e-26
1.40342e-26
1.33651e-26
1.27281e-26
1.21218e-26
1.15447e-26
1.09954e-26
1.04725e-26
9.97487e-27
9.50126e-27
9.05053e-27
8.62161e-27
8.21345e-27
7.82507e-27
7.45553e-27
7.10395e-27
6.76948e-27
6.4513e-27
6.14864e-27
5.86079e-27
5.58704e-27
5.32672e-27
5.07922e-27
4.84392e-27
4.62026e-27
4.4077e-27
4.20572e-27
4.01383e-27
3.83156e-27
3.65848e-27
3.49416e-27
3.3382e-27
3.19023e-27
3.04987e-27
2.9168e-27
2.79067e-27
2.6712e-27
2.55808e-27
2.45104e-27
2.34981e-27
2.25415e-27
2.16383e-27
2.07861e-27
1.9983e-27
1.92269e-27
1.85159e-27
1.78484e-27
1.72226e-27
1.6637e-27
1.60901e-27
1.55806e-27
1.51071e-27
1.46686e-27
1.42638e-27
1.38918e-27
1.35516e-27
1.32423e-27
1.29631e-27
1.27133e-27
1.24922e-27
1.22992e-27
1.21338e-27
1.1996e-27
1.18862e-27
1.18045e-27
1.17504e-27
1.17242e-27
1.17258e-27
1.17549e-27
1.18113e-27
1.18949e-27
1.20057e-27
1.21437e-27
1.23089e-27
1.25016e-27
1.27219e-27
1.297e-27
