2.5
1e+17
1e+19
49.9998
2.49991
9377.69
2.13649e-19
2.13639e-19
2.13572e-19
2.13464e-19
2.13314e-19
2.13123e-19
2.12891e-19
2.12617e-19
2.12302e-19
2.11946e-19
2.11548e-19
2.1111e-19
2.10632e-19
2.10113e-19
2.09554e-19
2.08956e-19
2.08318e-19
2.07642e-19
2.06927e-19
2.06174e-19
2.05384e-19
2.04556e-19
2.03692e-19
2.02791e-19
2.01855e-19
2.00884e-19
1.99878e-19
1.98838e-19
1.97764e-19
1.96658e-19
1.95519e-19
1.94349e-19
1.93148e-19
1.91916e-19
1.90655e-19
1.89365e-19
1.88047e-19
1.86701e-19
1.85328e-19
1.8393e-19
1.82506e-19
1.81057e-19
1.79585e-19
1.78089e-19
1.76572e-19
1.75033e-19
1.73473e-19
1.71893e-19
1.70294e-19
1.68677e-19
1.67042e-19
1.65391e-19
1.63724e-19
1.62042e-19
1.60345e-19
1.58635e-19
1.56913e-19
1.55179e-19
1.53433e-19
1.51678e-19
1.49913e-19
1.48139e-19
1.46358e-19
1.4457e-19
1.42775e-19
1.40975e-19
1.3917e-19
1.37362e-19
1.3555e-19
1.33736e-19
1.3192e-19
1.30103e-19
1.28286e-19
1.2647e-19
1.24655e-19
1.22841e-19
1.2103e-19
1.19223e-19
1.17419e-19
1.1562e-19
1.13826e-19
1.12038e-19
1.10256e-19
1.08481e-19
1.06714e-19
1.04955e-19
1.03205e-19
1.01463e-19
9.97319e-20
9.80107e-20
9.63003e-20
9.46011e-20
9.29136e-20
9.12382e-20
8.95754e-20
8.79256e-20
8.62892e-20
8.46665e-20
8.3058e-20
8.14641e-20
7.98849e-20
7.8321e-20
7.67726e-20
7.52399e-20
7.37233e-20
7.22231e-20
7.07394e-20
6.92726e-20
6.78228e-20
6.63902e-20
6.49751e-20
6.35777e-20
6.2198e-20
6.08362e-20
5.94926e-20
5.81671e-20
5.68599e-20
5.55712e-20
5.43009e-20
5.30492e-20
5.18161e-20
5.06017e-20
4.9406e-20
4.8229e-20
4.70707e-20
4.59312e-20
4.48104e-20
4.37082e-20
4.26248e-20
4.156e-20
4.05138e-20
3.94861e-20
3.84768e-20
3.74859e-20
3.65133e-20
3.55588e-20
3.46225e-20
3.37041e-20
3.28035e-20
3.19207e-20
3.10554e-20
3.02076e-20
2.93771e-20
2.85637e-20
2.77673e-20
2.69878e-20
2.62249e-20
2.54784e-20
2.47483e-20
2.40343e-20
2.33362e-20
2.26539e-20
2.19871e-20
2.13356e-20
2.06993e-20
2.00779e-20
1.94713e-20
1.88792e-20
1.83013e-20
1.77376e-20
1.71878e-20
1.66517e-20
1.6129e-20
1.56195e-20
1.5123e-20
1.46394e-20
1.41683e-20
1.37096e-20
1.3263e-20
1.28283e-20
1.24053e-20
1.19938e-20
1.15935e-20
1.12043e-20
1.08259e-20
1.0458e-20
1.01006e-20
9.75333e-21
9.41603e-21
9.08847e-21
8.77044e-21
8.46174e-21
8.16217e-21
7.87151e-21
7.58957e-21
7.31614e-21
7.05103e-21
6.79404e-21
6.54498e-21
6.30366e-21
6.06988e-21
5.84347e-21
5.62424e-21
5.412e-21
5.20659e-21
5.00782e-21
4.81553e-21
4.62953e-21
4.44967e-21
4.27578e-21
4.1077e-21
3.94527e-21
3.78834e-21
3.63674e-21
3.49034e-21
3.34898e-21
3.21252e-21
3.08082e-21
2.95374e-21
2.83114e-21
2.7129e-21
2.59887e-21
2.48894e-21
2.38297e-21
2.28086e-21
2.18247e-21
2.0877e-21
1.99643e-21
1.90855e-21
1.82397e-21
1.74258e-21
1.66428e-21
1.58898e-21
1.51658e-21
1.44699e-21
1.38012e-21
1.31587e-21
1.25417e-21
1.19492e-21
1.13805e-21
1.08347e-21
1.0311e-21
9.80883e-22
9.32731e-22
8.86577e-22
8.42352e-22
7.99989e-22
7.59422e-22
7.20592e-22
6.83439e-22
6.47908e-22
6.13943e-22
5.81488e-22
5.5049e-22
5.20897e-22
4.92658e-22
4.65722e-22
4.40041e-22
4.15566e-22
3.92251e-22
3.70049e-22
3.48916e-22
3.2881e-22
3.09692e-22
2.91525e-22
2.74273e-22
2.579e-22
2.42373e-22
2.27655e-22
2.13714e-22
2.00518e-22
1.88034e-22
1.76231e-22
1.65079e-22
1.54548e-22
1.44611e-22
1.35238e-22
1.26404e-22
1.18083e-22
1.1025e-22
1.0288e-22
9.59507e-23
8.94392e-23
8.3324e-23
7.75846e-23
7.2201e-23
6.71542e-23
6.24261e-23
5.7999e-23
5.38564e-23
4.99822e-23
4.63612e-23
4.29789e-23
3.98215e-23
3.68756e-23
3.41289e-23
3.15693e-23
2.91855e-23
2.69668e-23
2.4903e-23
2.29843e-23
2.12017e-23
1.95465e-23
1.80104e-23
1.65859e-23
1.52654e-23
1.40423e-23
1.29099e-23
1.18622e-23
1.08934e-23
9.99811e-24
9.17125e-24
8.40803e-24
7.70399e-24
7.05491e-24
6.45688e-24
5.9062e-24
5.39943e-24
4.93334e-24
4.50494e-24
4.1114e-24
3.75011e-24
3.41862e-24
3.11466e-24
2.83611e-24
2.581e-24
2.3475e-24
2.1339e-24
1.93863e-24
1.76023e-24
1.59732e-24
1.44867e-24
1.31309e-24
1.18953e-24
1.07697e-24
9.74504e-25
8.81281e-25
7.9652e-25
7.19498e-25
6.4955e-25
5.86067e-25
5.28484e-25
4.76286e-25
4.28996e-25
3.86181e-25
3.47439e-25
3.12405e-25
2.80742e-25
2.52144e-25
2.26329e-25
2.03041e-25
1.82045e-25
1.63127e-25
1.46091e-25
1.3076e-25
1.16971e-25
1.04576e-25
9.3442e-26
8.34458e-26
7.44767e-26
6.6434e-26
5.92263e-26
5.27709e-26
4.69925e-26
4.18234e-26
3.7202e-26
3.30728e-26
2.93855e-26
2.60947e-26
2.31596e-26
2.05433e-26
1.82125e-26
1.61372e-26
1.42906e-26
1.26484e-26
1.11888e-26
9.89233e-27
8.74134e-27
7.72013e-27
6.81458e-27
6.01206e-27
5.30124e-27
4.67201e-27
4.11532e-27
3.62308e-27
3.18807e-27
2.80386e-27
2.4647e-27
2.16548e-27
1.90164e-27
1.66911e-27
1.46431e-27
1.28401e-27
1.12537e-27
9.85865e-28
8.63252e-28
7.5554e-28
6.60969e-28
5.77977e-28
5.05185e-28
4.41372e-28
3.85457e-28
3.36488e-28
2.93623e-28
2.5612e-28
2.23323e-28
1.94655e-28
1.69609e-28
1.47737e-28
1.28645e-28
1.11988e-28
9.7461e-29
8.47978e-29
7.37637e-29
6.41532e-29
5.5786e-29
4.85042e-29
4.21694e-29
3.66607e-29
3.18719e-29
2.77106e-29
2.40958e-29
2.09567e-29
1.82316e-29
1.58666e-29
1.38148e-29
1.2035e-29
1.04916e-29
9.1536e-30
7.99377e-30
6.98857e-30
6.11749e-30
5.3627e-30
4.70867e-30
4.14194e-30
3.65078e-30
3.22502e-30
2.85581e-30
2.53548e-30
2.25733e-30
2.01559e-30
1.80519e-30
1.62174e-30
1.46139e-30
1.32025e-30
1.19426e-30
1.08059e-30
9.77284e-31
8.82746e-31
7.96555e-31
7.17843e-31
6.46542e-31
5.83058e-31
5.25629e-31
4.72727e-31
4.2394e-31
3.8064e-31
3.42219e-31
3.07304e-31
2.74583e-31
2.42795e-31
2.11007e-31
1.83037e-31
1.59953e-31
1.41107e-31
1.2592e-31
1.13906e-31
1.04669e-31
9.78864e-32
9.32988e-32
9.07043e-32
8.99506e-32
9.09304e-32
9.35764e-32
9.78591e-32
1.03784e-31
1.11391e-31
1.20753e-31
1.31976e-31
1.45202e-31
1.60608e-31
1.78411e-31
1.98868e-31
2.22284e-31
2.49014e-31
2.79472e-31
3.14133e-31
3.53548e-31
3.98347e-31
4.49255e-31
5.07105e-31
5.72851e-31
6.47587e-31
7.32565e-31
8.29223e-31
9.39209e-31
1.06441e-30
1.20701e-30
1.36947e-30
1.55467e-30
1.76589e-30
2.0069e-30
2.28203e-30
2.59627e-30
2.95537e-30
3.36594e-30
3.83557e-30
4.37306e-30
4.9885e-30
5.69358e-30
6.50182e-30
