2.5
5e+16
1e+19
50
2.49993
9377.69
2.11812e-19
2.11801e-19
2.11734e-19
2.11626e-19
2.11478e-19
2.1129e-19
2.1106e-19
2.1079e-19
2.10479e-19
2.10127e-19
2.09735e-19
2.09303e-19
2.08832e-19
2.08321e-19
2.0777e-19
2.07181e-19
2.06553e-19
2.05887e-19
2.05183e-19
2.04442e-19
2.03663e-19
2.02848e-19
2.01997e-19
2.0111e-19
2.00189e-19
1.99232e-19
1.98242e-19
1.97218e-19
1.96161e-19
1.95072e-19
1.9395e-19
1.92798e-19
1.91616e-19
1.90403e-19
1.89161e-19
1.87891e-19
1.86593e-19
1.85267e-19
1.83916e-19
1.82538e-19
1.81136e-19
1.79709e-19
1.78259e-19
1.76786e-19
1.7529e-19
1.73774e-19
1.72237e-19
1.70681e-19
1.69106e-19
1.67512e-19
1.65901e-19
1.64274e-19
1.62631e-19
1.60973e-19
1.593e-19
1.57615e-19
1.55916e-19
1.54206e-19
1.52485e-19
1.50754e-19
1.49014e-19
1.47264e-19
1.45507e-19
1.43743e-19
1.41973e-19
1.40197e-19
1.38416e-19
1.36631e-19
1.34843e-19
1.33052e-19
1.31259e-19
1.29466e-19
1.27672e-19
1.25878e-19
1.24085e-19
1.22294e-19
1.20505e-19
1.18719e-19
1.16937e-19
1.15159e-19
1.13386e-19
1.11618e-19
1.09857e-19
1.08102e-19
1.06355e-19
1.04615e-19
1.02884e-19
1.01161e-19
9.94482e-20
9.77451e-20
9.60524e-20
9.43705e-20
9.27e-20
9.10412e-20
8.93947e-20
8.77608e-20
8.61399e-20
8.45324e-20
8.29387e-20
8.13591e-20
7.9794e-20
7.82436e-20
7.67084e-20
7.51886e-20
7.36845e-20
7.21964e-20
7.07244e-20
6.92689e-20
6.78301e-20
6.64081e-20
6.50032e-20
6.36156e-20
6.22454e-20
6.08928e-20
5.95578e-20
5.82407e-20
5.69416e-20
5.56605e-20
5.43976e-20
5.31529e-20
5.19264e-20
5.07183e-20
4.95286e-20
4.83572e-20
4.72043e-20
4.60698e-20
4.49537e-20
4.3856e-20
4.27767e-20
4.17157e-20
4.06731e-20
3.96486e-20
3.86423e-20
3.76542e-20
3.6684e-20
3.57318e-20
3.47974e-20
3.38807e-20
3.29817e-20
3.21001e-20
3.12359e-20
3.03889e-20
2.9559e-20
2.87461e-20
2.79499e-20
2.71704e-20
2.64074e-20
2.56606e-20
2.493e-20
2.42153e-20
2.35164e-20
2.28331e-20
2.21652e-20
2.15125e-20
2.08748e-20
2.02519e-20
1.96436e-20
1.90498e-20
1.84701e-20
1.79044e-20
1.73526e-20
1.68143e-20
1.62893e-20
1.57775e-20
1.52787e-20
1.47925e-20
1.43189e-20
1.38576e-20
1.34083e-20
1.29709e-20
1.25451e-20
1.21308e-20
1.17276e-20
1.13355e-20
1.09541e-20
1.05834e-20
1.02229e-20
9.87264e-21
9.53229e-21
9.20167e-21
8.88058e-21
8.5688e-21
8.26614e-21
7.97239e-21
7.68735e-21
7.41083e-21
7.14263e-21
6.88256e-21
6.63042e-21
6.38604e-21
6.14921e-21
5.91976e-21
5.6975e-21
5.48227e-21
5.27387e-21
5.07214e-21
4.8769e-21
4.68799e-21
4.50524e-21
4.32849e-21
4.15758e-21
3.99235e-21
3.83264e-21
3.6783e-21
3.52919e-21
3.38515e-21
3.24605e-21
3.11175e-21
2.98209e-21
2.85696e-21
2.73621e-21
2.61972e-21
2.50737e-21
2.39902e-21
2.29455e-21
2.19385e-21
2.09681e-21
2.00331e-21
1.91325e-21
1.82653e-21
1.74306e-21
1.66273e-21
1.58547e-21
1.51117e-21
1.43974e-21
1.37109e-21
1.30514e-21
1.2418e-21
1.18099e-21
1.12261e-21
1.06659e-21
1.01286e-21
9.61342e-22
9.11959e-22
8.64644e-22
8.19328e-22
7.75942e-22
7.34422e-22
6.9471e-22
6.5675e-22
6.20486e-22
5.85864e-22
5.5283e-22
5.2133e-22
4.9131e-22
4.62719e-22
4.35505e-22
4.09616e-22
3.85002e-22
3.61614e-22
3.39401e-22
3.18316e-22
2.98314e-22
2.79355e-22
2.61402e-22
2.44417e-22
2.28363e-22
2.13202e-22
1.98899e-22
1.85416e-22
1.72718e-22
1.6077e-22
1.49537e-22
1.38986e-22
1.29084e-22
1.19799e-22
1.11099e-22
1.02956e-22
9.53389e-23
8.82207e-23
8.1574e-23
7.53728e-23
6.95919e-23
6.42074e-23
5.91961e-23
5.4536e-23
5.0206e-23
4.61859e-23
4.24567e-23
3.90001e-23
3.57986e-23
3.2836e-23
3.00965e-23
2.75654e-23
2.52287e-23
2.30731e-23
2.10863e-23
1.92564e-23
1.75725e-23
1.60241e-23
1.46014e-23
1.32952e-23
1.2097e-23
1.09987e-23
9.99276e-24
9.07215e-24
8.2303e-24
7.46107e-24
6.75875e-24
6.11803e-24
5.53396e-24
5.00196e-24
4.51777e-24
4.07743e-24
3.67729e-24
3.31396e-24
2.98432e-24
2.68548e-24
2.41478e-24
2.16975e-24
1.94814e-24
1.74787e-24
1.56702e-24
1.40384e-24
1.25672e-24
1.12418e-24
1.00487e-24
8.97552e-25
8.01101e-25
7.14482e-25
6.36755e-25
5.67061e-25
5.04618e-25
4.48717e-25
3.98712e-25
3.54015e-25
3.14095e-25
2.78468e-25
2.46699e-25
2.18391e-25
1.93187e-25
1.70765e-25
1.50832e-25
1.33127e-25
1.17413e-25
1.03477e-25
9.1127e-26
8.01913e-26
7.05155e-26
6.19612e-26
5.44041e-26
4.77334e-26
4.18495e-26
3.66637e-26
3.20968e-26
2.8078e-26
2.45442e-26
2.14394e-26
1.87135e-26
1.63222e-26
1.4226e-26
1.23899e-26
1.07829e-26
9.37741e-27
8.1492e-27
7.07669e-27
6.14086e-27
5.32492e-27
4.61405e-27
3.99519e-27
3.45684e-27
2.98888e-27
2.58241e-27
2.22963e-27
1.92366e-27
1.6585e-27
1.42888e-27
1.23018e-27
1.05836e-27
9.09905e-28
7.81725e-28
6.71134e-28
5.75789e-28
4.93648e-28
4.22935e-28
3.62103e-28
3.0981e-28
2.64889e-28
2.2633e-28
1.93254e-28
1.64902e-28
1.40617e-28
1.1983e-28
1.02049e-28
8.68506e-29
7.38684e-29
6.27869e-29
5.33342e-29
4.52765e-29
3.84125e-29
3.25692e-29
2.75983e-29
2.33721e-29
1.97816e-29
1.6733e-29
1.41462e-29
1.19527e-29
1.00938e-29
8.51947e-30
7.18697e-30
6.05983e-30
5.10697e-30
4.30191e-30
3.62214e-30
3.04847e-30
2.56462e-30
2.15676e-30
1.81313e-30
1.52378e-30
1.28026e-30
1.07542e-30
9.03192e-31
7.58462e-31
6.36895e-31
5.34831e-31
4.4918e-31
3.77332e-31
3.17089e-31
2.66595e-31
2.2429e-31
1.88856e-31
1.59189e-31
1.34357e-31
1.13577e-31
9.61925e-32
8.16514e-32
6.94901e-32
5.93198e-32
5.08142e-32
4.36998e-32
3.77471e-32
3.27636e-32
2.85877e-32
2.50831e-32
2.21232e-32
1.95854e-32
1.73802e-32
1.54434e-32
1.3723e-32
1.2197e-32
1.08364e-32
9.63284e-33
8.59113e-33
7.66866e-33
6.82846e-33
6.05895e-33
5.39002e-33
4.80823e-33
4.28305e-33
3.78484e-33
3.28427e-33
2.75824e-33
2.29131e-33
1.90828e-33
1.5959e-33
1.34238e-33
1.13799e-33
9.74765e-34
8.46233e-34
7.47152e-34
6.73336e-34
6.21489e-34
5.89076e-34
5.74225e-34
5.75644e-34
5.92562e-34
6.24687e-34
6.72179e-34
7.35639e-34
8.16104e-34
9.15072e-34
1.03452e-33
1.17694e-33
1.34543e-33
1.54372e-33
1.77629e-33
2.04848e-33
2.36661e-33
2.73817e-33
3.17199e-33
3.67847e-33
4.26989e-33
4.96068e-33
5.76785e-33
6.71145e-33
7.81511e-33
9.10667e-33
1.0619e-32
1.23908e-32
1.44679e-32
1.69043e-32
1.9764e-32
2.31225e-32
2.70693e-32
3.17102e-32
3.71708e-32
4.35995e-32
5.11729e-32
6.01003e-32
7.06302e-32
8.30604e-32
