2.5
5e+16
5e+18
49.9998
2.49995
9377.69
2.13742e-19
2.13732e-19
2.13664e-19
2.13556e-19
2.13407e-19
2.13216e-19
2.12983e-19
2.12709e-19
2.12393e-19
2.12037e-19
2.11639e-19
2.11201e-19
2.10722e-19
2.10203e-19
2.09644e-19
2.09045e-19
2.08407e-19
2.0773e-19
2.07015e-19
2.06261e-19
2.0547e-19
2.04642e-19
2.03777e-19
2.02876e-19
2.01939e-19
2.00966e-19
1.9996e-19
1.98919e-19
1.97844e-19
1.96737e-19
1.95598e-19
1.94426e-19
1.93224e-19
1.91992e-19
1.9073e-19
1.89439e-19
1.88119e-19
1.86772e-19
1.85399e-19
1.83999e-19
1.82574e-19
1.81124e-19
1.79651e-19
1.78154e-19
1.76635e-19
1.75095e-19
1.73534e-19
1.71953e-19
1.70353e-19
1.68735e-19
1.67099e-19
1.65446e-19
1.63778e-19
1.62095e-19
1.60397e-19
1.58686e-19
1.56962e-19
1.55226e-19
1.5348e-19
1.51723e-19
1.49957e-19
1.48182e-19
1.464e-19
1.4461e-19
1.42814e-19
1.41013e-19
1.39207e-19
1.37398e-19
1.35585e-19
1.33769e-19
1.31952e-19
1.30134e-19
1.28316e-19
1.26499e-19
1.24682e-19
1.22868e-19
1.21056e-19
1.19247e-19
1.17442e-19
1.15642e-19
1.13847e-19
1.12058e-19
1.10275e-19
1.08499e-19
1.06731e-19
1.04971e-19
1.0322e-19
1.01478e-19
9.97452e-20
9.80231e-20
9.63118e-20
9.46117e-20
9.29234e-20
9.12472e-20
8.95836e-20
8.7933e-20
8.62958e-20
8.46724e-20
8.30632e-20
8.14685e-20
7.98887e-20
7.83241e-20
7.6775e-20
7.52417e-20
7.37245e-20
7.22236e-20
7.07394e-20
6.9272e-20
6.78217e-20
6.63886e-20
6.4973e-20
6.35751e-20
6.21949e-20
6.08327e-20
5.94886e-20
5.81628e-20
5.68552e-20
5.55661e-20
5.42955e-20
5.30434e-20
5.181e-20
5.05953e-20
4.93993e-20
4.8222e-20
4.70635e-20
4.59237e-20
4.48027e-20
4.37004e-20
4.26168e-20
4.15518e-20
4.05054e-20
3.94775e-20
3.84681e-20
3.74771e-20
3.65044e-20
3.55498e-20
3.46134e-20
3.36949e-20
3.27943e-20
3.19114e-20
3.10461e-20
3.01983e-20
2.93678e-20
2.85544e-20
2.7758e-20
2.69785e-20
2.62156e-20
2.54692e-20
2.47391e-20
2.40252e-20
2.33271e-20
2.26448e-20
2.19781e-20
2.13267e-20
2.06905e-20
2.00692e-20
1.94627e-20
1.88707e-20
1.8293e-20
1.77294e-20
1.71797e-20
1.66436e-20
1.6121e-20
1.56117e-20
1.51154e-20
1.46319e-20
1.41609e-20
1.37023e-20
1.32559e-20
1.28213e-20
1.23985e-20
1.19871e-20
1.1587e-20
1.11979e-20
1.08197e-20
1.0452e-20
1.00947e-20
9.74762e-21
9.41047e-21
9.08307e-21
8.7652e-21
8.45666e-21
8.15725e-21
7.86675e-21
7.58497e-21
7.3117e-21
7.04674e-21
6.78991e-21
6.54101e-21
6.29984e-21
6.06622e-21
5.83996e-21
5.62088e-21
5.40879e-21
5.20353e-21
5.00491e-21
4.81276e-21
4.6269e-21
4.44719e-21
4.27344e-21
4.1055e-21
3.9432e-21
3.7864e-21
3.63494e-21
3.48866e-21
3.34743e-21
3.2111e-21
3.07952e-21
2.95256e-21
2.83008e-21
2.71195e-21
2.59804e-21
2.48822e-21
2.38237e-21
2.28036e-21
2.18208e-21
2.08741e-21
1.99624e-21
1.90846e-21
1.82397e-21
1.74267e-21
1.66446e-21
1.58925e-21
1.51693e-21
1.44742e-21
1.38062e-21
1.31645e-21
1.25482e-21
1.19564e-21
1.13883e-21
1.08431e-21
1.03201e-21
9.81845e-22
9.33746e-22
8.87641e-22
8.43462e-22
8.01142e-22
7.60616e-22
7.21823e-22
6.84704e-22
6.49204e-22
6.15266e-22
5.82836e-22
5.51859e-22
5.22284e-22
4.9406e-22
4.67137e-22
4.41465e-22
4.16996e-22
3.93685e-22
3.71484e-22
3.50351e-22
3.30241e-22
3.11116e-22
2.92941e-22
2.75679e-22
2.59294e-22
2.43751e-22
2.29017e-22
2.15058e-22
2.01842e-22
1.89336e-22
1.7751e-22
1.66333e-22
1.55776e-22
1.45812e-22
1.36412e-22
1.27549e-22
1.19199e-22
1.11335e-22
1.03935e-22
9.69743e-23
9.04315e-23
8.4285e-23
7.8514e-23
7.3099e-23
6.80209e-23
6.32616e-23
5.88036e-23
5.46304e-23
5.07261e-23
4.70753e-23
4.36638e-23
4.04777e-23
3.75037e-23
3.47295e-23
3.21431e-23
2.97332e-23
2.74891e-23
2.54005e-23
2.34579e-23
2.16521e-23
1.99744e-23
1.84167e-23
1.69712e-23
1.56306e-23
1.43881e-23
1.32371e-23
1.21715e-23
1.11856e-23
1.02739e-23
9.43132e-24
8.65311e-24
7.93476e-24
7.27204e-24
6.66101e-24
6.09797e-24
5.57945e-24
5.10221e-24
4.66323e-24
4.25966e-24
3.88888e-24
3.54841e-24
3.23597e-24
2.94941e-24
2.68675e-24
2.44612e-24
2.22582e-24
2.02425e-24
1.83991e-24
1.67144e-24
1.51756e-24
1.37708e-24
1.24893e-24
1.13207e-24
1.02559e-24
9.28609e-25
8.40339e-25
7.60043e-25
6.87042e-25
6.20714e-25
5.60483e-25
5.0582e-25
4.56239e-25
4.11295e-25
3.70577e-25
3.33709e-25
3.00346e-25
2.70174e-25
2.42901e-25
2.18264e-25
1.96021e-25
1.75951e-25
1.57852e-25
1.41539e-25
1.26845e-25
1.13616e-25
1.01714e-25
9.10106e-26
8.13914e-26
7.2751e-26
6.49943e-26
5.80348e-26
5.1794e-26
4.62009e-26
4.11908e-26
3.67056e-26
3.26925e-26
2.91036e-26
2.5896e-26
2.30306e-26
2.04723e-26
1.81894e-26
1.61534e-26
1.43385e-26
1.27215e-26
1.12816e-26
1e-26
8.86004e-27
7.84647e-27
6.94575e-27
6.14572e-27
5.43547e-27
4.80524e-27
4.24629e-27
3.75079e-27
3.31175e-27
2.92292e-27
2.57872e-27
2.27416e-27
2.0048e-27
1.76669e-27
1.55628e-27
1.37044e-27
1.20637e-27
1.06158e-27
9.33858e-28
8.21236e-28
7.2197e-28
6.3451e-28
5.57482e-28
4.89667e-28
4.29985e-28
3.7748e-28
3.31306e-28
2.90712e-28
2.55037e-28
2.23694e-28
1.96166e-28
1.71997e-28
1.50782e-28
1.32166e-28
1.15835e-28
1.01513e-28
8.89545e-29
7.79462e-29
6.82988e-29
5.98457e-29
5.24408e-29
4.59552e-29
4.0276e-29
3.53036e-29
3.09508e-29
2.71409e-29
2.38067e-29
2.0889e-29
1.83361e-29
1.61025e-29
1.41485e-29
1.2439e-29
1.09435e-29
9.63526e-30
8.49069e-30
7.48927e-30
6.61299e-30
5.84607e-30
5.17473e-30
4.58686e-30
4.07188e-30
3.62053e-30
3.22468e-30
2.87722e-30
2.5719e-30
2.30321e-30
2.06583e-30
1.85443e-30
1.66503e-30
1.49462e-30
1.34066e-30
1.20185e-30
1.07656e-30
9.6401e-31
8.63953e-31
7.74142e-31
6.92621e-31
6.18552e-31
5.52849e-31
4.94581e-31
4.42126e-31
3.93955e-31
3.48625e-31
3.05029e-31
2.66623e-31
2.34255e-31
2.07154e-31
1.84629e-31
1.661e-31
1.51081e-31
1.39171e-31
1.3004e-31
1.23422e-31
1.19109e-31
1.16941e-31
1.16807e-31
1.18636e-31
1.22396e-31
1.28094e-31
1.35773e-31
1.45512e-31
1.57428e-31
1.71675e-31
1.88449e-31
2.07987e-31
2.30575e-31
2.56549e-31
2.86304e-31
3.20297e-31
3.59057e-31
4.03196e-31
4.53416e-31
5.10524e-31
5.75444e-31
6.4924e-31
7.33128e-31
8.28501e-31
9.3696e-31
1.06033e-30
1.20072e-30
1.36054e-30
1.54254e-30
1.74991e-30
1.98626e-30
2.2558e-30
2.56331e-30
2.91433e-30
3.31519e-30
3.7732e-30
4.29677e-30
4.89557e-30
5.58077e-30
6.36529e-30
