10
1e+16
5e+17
49.9881
10
18755.4
3.22877e-20
3.22388e-20
3.20939e-20
3.19384e-20
3.17771e-20
3.16112e-20
3.14413e-20
3.12678e-20
3.10908e-20
3.09107e-20
3.07276e-20
3.05417e-20
3.0353e-20
3.01616e-20
2.99675e-20
2.97706e-20
2.9571e-20
2.93687e-20
2.91639e-20
2.89566e-20
2.87468e-20
2.85347e-20
2.83202e-20
2.81034e-20
2.78845e-20
2.76634e-20
2.74403e-20
2.72153e-20
2.69883e-20
2.67595e-20
2.6529e-20
2.62967e-20
2.60629e-20
2.58275e-20
2.55907e-20
2.53525e-20
2.51129e-20
2.48722e-20
2.46302e-20
2.43872e-20
2.41432e-20
2.38982e-20
2.36523e-20
2.34057e-20
2.31583e-20
2.29102e-20
2.26616e-20
2.24125e-20
2.21629e-20
2.1913e-20
2.16627e-20
2.14123e-20
2.11616e-20
2.09109e-20
2.06601e-20
2.04094e-20
2.01588e-20
1.99083e-20
1.96581e-20
1.94082e-20
1.91586e-20
1.89094e-20
1.86607e-20
1.84125e-20
1.81649e-20
1.7918e-20
1.76717e-20
1.74262e-20
1.71816e-20
1.69377e-20
1.66948e-20
1.64529e-20
1.62119e-20
1.5972e-20
1.57332e-20
1.54956e-20
1.52591e-20
1.50239e-20
1.47899e-20
1.45573e-20
1.4326e-20
1.4096e-20
1.38676e-20
1.36405e-20
1.3415e-20
1.3191e-20
1.29685e-20
1.27477e-20
1.25284e-20
1.23108e-20
1.20948e-20
1.18806e-20
1.1668e-20
1.14572e-20
1.12482e-20
1.1041e-20
1.08355e-20
1.06319e-20
1.043e-20
1.02301e-20
1.0032e-20
9.83577e-21
9.64144e-21
9.44901e-21
9.25849e-21
9.06989e-21
8.88322e-21
8.69848e-21
8.51568e-21
8.33483e-21
8.15594e-21
7.97904e-21
7.80414e-21
7.63126e-21
7.4604e-21
7.29157e-21
7.12478e-21
6.96005e-21
6.79739e-21
6.63681e-21
6.47835e-21
6.32203e-21
6.16788e-21
6.01592e-21
5.86617e-21
5.71865e-21
5.57336e-21
5.43034e-21
5.28962e-21
5.15123e-21
5.01521e-21
4.88157e-21
4.75035e-21
4.62154e-21
4.49517e-21
4.37124e-21
4.24974e-21
4.13069e-21
4.01407e-21
3.89989e-21
3.78812e-21
3.67876e-21
3.57179e-21
3.4672e-21
3.36497e-21
3.26507e-21
3.1675e-21
3.07221e-21
2.9792e-21
2.88842e-21
2.79986e-21
2.71349e-21
2.62927e-21
2.54718e-21
2.46719e-21
2.38926e-21
2.31336e-21
2.23946e-21
2.16753e-21
2.09753e-21
2.02943e-21
1.96319e-21
1.89878e-21
1.83617e-21
1.77531e-21
1.71618e-21
1.65874e-21
1.60295e-21
1.54879e-21
1.49621e-21
1.44518e-21
1.39567e-21
1.34764e-21
1.30105e-21
1.25588e-21
1.2121e-21
1.16966e-21
1.12853e-21
1.08869e-21
1.0501e-21
1.01273e-21
9.76549e-22
9.41523e-22
9.07625e-22
8.74825e-22
8.43092e-22
8.12398e-22
7.82715e-22
7.54015e-22
7.2627e-22
6.99454e-22
6.73539e-22
6.48501e-22
6.24314e-22
6.00953e-22
5.78393e-22
5.56612e-22
5.35585e-22
5.15289e-22
4.95704e-22
4.76806e-22
4.58575e-22
4.4099e-22
4.2403e-22
4.07676e-22
3.91909e-22
3.7671e-22
3.62061e-22
3.47944e-22
3.34341e-22
3.21235e-22
3.08611e-22
2.96453e-22
2.84744e-22
2.7347e-22
2.62615e-22
2.52167e-22
2.4211e-22
2.32432e-22
2.23119e-22
2.1416e-22
2.0554e-22
1.97249e-22
1.89276e-22
1.81608e-22
1.74235e-22
1.67146e-22
1.60332e-22
1.53782e-22
1.47487e-22
1.41438e-22
1.35626e-22
1.30041e-22
1.24677e-22
1.19524e-22
1.14574e-22
1.09821e-22
1.05257e-22
1.00875e-22
9.66674e-23
9.26285e-23
8.87517e-23
8.50309e-23
8.146e-23
7.80335e-23
7.47456e-23
7.15912e-23
6.85651e-23
6.56624e-23
6.28782e-23
6.02079e-23
5.76472e-23
5.51916e-23
5.28372e-23
5.05799e-23
4.84159e-23
4.63416e-23
4.43532e-23
4.24476e-23
4.06213e-23
3.88711e-23
3.71941e-23
3.55874e-23
3.40479e-23
3.25732e-23
3.11605e-23
2.98074e-23
2.85113e-23
2.72701e-23
2.60814e-23
2.49432e-23
2.38533e-23
2.28098e-23
2.18107e-23
2.08543e-23
1.99388e-23
1.90624e-23
1.82236e-23
1.74208e-23
1.66526e-23
1.59173e-23
1.52138e-23
1.45406e-23
1.38966e-23
1.32804e-23
1.26908e-23
1.21269e-23
1.15875e-23
1.10715e-23
1.0578e-23
1.0106e-23
9.65465e-24
9.223e-24
8.81024e-24
8.41557e-24
8.0382e-24
7.67741e-24
7.33247e-24
7.00272e-24
6.6875e-24
6.38619e-24
6.09818e-24
5.8229e-24
5.5598e-24
5.30836e-24
5.06807e-24
4.83845e-24
4.61903e-24
4.40938e-24
4.20906e-24
4.01767e-24
3.83482e-24
3.66014e-24
3.49327e-24
3.33386e-24
3.1816e-24
3.03617e-24
2.89726e-24
2.76459e-24
2.63789e-24
2.51689e-24
2.40134e-24
2.29101e-24
2.18565e-24
2.08506e-24
1.98901e-24
1.89731e-24
1.80976e-24
1.72618e-24
1.6464e-24
1.57024e-24
1.49754e-24
1.42815e-24
1.36192e-24
1.29871e-24
1.23838e-24
1.18081e-24
1.12586e-24
1.07344e-24
1.02341e-24
9.75668e-25
9.3012e-25
8.86662e-25
8.452e-25
8.05644e-25
7.67907e-25
7.31909e-25
6.97569e-25
6.64814e-25
6.3357e-25
6.0377e-25
5.75348e-25
5.48241e-25
5.2239e-25
4.97737e-25
4.74228e-25
4.5181e-25
4.30434e-25
4.10052e-25
3.90619e-25
3.72091e-25
3.54427e-25
3.37588e-25
3.21534e-25
3.06232e-25
2.91644e-25
2.7774e-25
2.64488e-25
2.51856e-25
2.39818e-25
2.28345e-25
2.17412e-25
2.06993e-25
1.97064e-25
1.87604e-25
1.7859e-25
1.70001e-25
1.61818e-25
1.54023e-25
1.46596e-25
1.39521e-25
1.32781e-25
1.26362e-25
1.20247e-25
1.14423e-25
1.08875e-25
1.03593e-25
9.85614e-26
9.37702e-26
8.92078e-26
8.48634e-26
8.07268e-26
7.67882e-26
7.30383e-26
6.94682e-26
6.60695e-26
6.2834e-26
5.97541e-26
5.68225e-26
5.40321e-26
5.13762e-26
4.88485e-26
4.64428e-26
4.41535e-26
4.1975e-26
3.9902e-26
3.79295e-26
3.60528e-26
3.42672e-26
3.25684e-26
3.09523e-26
2.9415e-26
2.79526e-26
2.65615e-26
2.52385e-26
2.39802e-26
2.27834e-26
2.16453e-26
2.05631e-26
1.9534e-26
1.85555e-26
1.76251e-26
1.67405e-26
1.58996e-26
1.51002e-26
1.43403e-26
1.3618e-26
1.29315e-26
1.2279e-26
1.16589e-26
1.10696e-26
1.05097e-26
9.97759e-27
9.47208e-27
8.99181e-27
8.53556e-27
8.10216e-27
7.69049e-27
7.2995e-27
6.92817e-27
6.57554e-27
6.24071e-27
5.92279e-27
5.62096e-27
5.33444e-27
5.06248e-27
4.80436e-27
4.5594e-27
4.32696e-27
4.10643e-27
3.89723e-27
3.6988e-27
3.51062e-27
3.33218e-27
3.16302e-27
3.00267e-27
2.85071e-27
2.70674e-27
2.57036e-27
2.44121e-27
2.31894e-27
2.20323e-27
2.09375e-27
1.99021e-27
1.89233e-27
1.79984e-27
1.71249e-27
1.63005e-27
1.55227e-27
1.47896e-27
1.40991e-27
1.34493e-27
1.28384e-27
1.22647e-27
1.17267e-27
1.12227e-27
1.07515e-27
1.03117e-27
9.90201e-28
9.52139e-28
9.16873e-28
8.84304e-28
8.54339e-28
8.26894e-28
8.01891e-28
7.79261e-28
7.58964e-28
7.40991e-28
7.25307e-28
7.11866e-28
7.00657e-28
6.91641e-28
6.84784e-28
6.80056e-28
6.77436e-28
6.76907e-28
6.78458e-28
6.82083e-28
6.87786e-28
6.95572e-28
7.05455e-28
