12.5
5e+17
5e+19
49.9998
12.4997
20969.1
2.73418e-20
2.72712e-20
2.70662e-20
2.68501e-20
2.66299e-20
2.64076e-20
2.6184e-20
2.59595e-20
2.57347e-20
2.55097e-20
2.52848e-20
2.506e-20
2.48353e-20
2.46104e-20
2.43855e-20
2.41604e-20
2.39352e-20
2.371e-20
2.34846e-20
2.32592e-20
2.30337e-20
2.28082e-20
2.25828e-20
2.23573e-20
2.21319e-20
2.19066e-20
2.16814e-20
2.14563e-20
2.12314e-20
2.10066e-20
2.07821e-20
2.05579e-20
2.03339e-20
2.01102e-20
1.98869e-20
1.96639e-20
1.94414e-20
1.92192e-20
1.89975e-20
1.87763e-20
1.85556e-20
1.83355e-20
1.81159e-20
1.78969e-20
1.76786e-20
1.74609e-20
1.72439e-20
1.70276e-20
1.6812e-20
1.65972e-20
1.63832e-20
1.617e-20
1.59577e-20
1.57462e-20
1.55357e-20
1.5326e-20
1.51174e-20
1.49096e-20
1.47029e-20
1.44972e-20
1.42926e-20
1.4089e-20
1.38865e-20
1.3685e-20
1.34848e-20
1.32856e-20
1.30877e-20
1.28909e-20
1.26953e-20
1.25009e-20
1.23078e-20
1.21159e-20
1.19253e-20
1.1736e-20
1.1548e-20
1.13613e-20
1.11759e-20
1.09919e-20
1.08092e-20
1.06278e-20
1.04479e-20
1.02693e-20
1.00921e-20
9.91632e-21
9.74194e-21
9.56898e-21
9.39744e-21
9.22733e-21
9.05866e-21
8.89142e-21
8.72564e-21
8.5613e-21
8.39841e-21
8.23698e-21
8.077e-21
7.91849e-21
7.76143e-21
7.60583e-21
7.45171e-21
7.29907e-21
7.14794e-21
6.99831e-21
6.85021e-21
6.70365e-21
6.55862e-21
6.41515e-21
6.27326e-21
6.13296e-21
5.99429e-21
5.85729e-21
5.72198e-21
5.58839e-21
5.45654e-21
5.32644e-21
5.19815e-21
5.0717e-21
4.94715e-21
4.82452e-21
4.70385e-21
4.58517e-21
4.46849e-21
4.35384e-21
4.24122e-21
4.13065e-21
4.02213e-21
3.91567e-21
3.81126e-21
3.7089e-21
3.60859e-21
3.51031e-21
3.41407e-21
3.31985e-21
3.22763e-21
3.1374e-21
3.04915e-21
2.96285e-21
2.87849e-21
2.79605e-21
2.71551e-21
2.63684e-21
2.56002e-21
2.48503e-21
2.41185e-21
2.34044e-21
2.27079e-21
2.20286e-21
2.13663e-21
2.07208e-21
2.00917e-21
1.94788e-21
1.88818e-21
1.83005e-21
1.77344e-21
1.71834e-21
1.66472e-21
1.61255e-21
1.5618e-21
1.51243e-21
1.46444e-21
1.41777e-21
1.37241e-21
1.32834e-21
1.28551e-21
1.24391e-21
1.2035e-21
1.16426e-21
1.12616e-21
1.08918e-21
1.05329e-21
1.01846e-21
9.84671e-22
9.51891e-22
9.20099e-22
8.8927e-22
8.59379e-22
8.30402e-22
8.02316e-22
7.75098e-22
7.48724e-22
7.23174e-22
6.98424e-22
6.74453e-22
6.5124e-22
6.28764e-22
6.07006e-22
5.85944e-22
5.65559e-22
5.45833e-22
5.26747e-22
5.08282e-22
4.9042e-22
4.73145e-22
4.56438e-22
4.40283e-22
4.24664e-22
4.09565e-22
3.9497e-22
3.80864e-22
3.67233e-22
3.54061e-22
3.41335e-22
3.29042e-22
3.17167e-22
3.05697e-22
2.94621e-22
2.83925e-22
2.73598e-22
2.63628e-22
2.54003e-22
2.44713e-22
2.35747e-22
2.27094e-22
2.18744e-22
2.10687e-22
2.02914e-22
1.95416e-22
1.88183e-22
1.81206e-22
1.74478e-22
1.67989e-22
1.61733e-22
1.557e-22
1.49884e-22
1.44276e-22
1.38871e-22
1.33661e-22
1.2864e-22
1.23801e-22
1.19137e-22
1.14643e-22
1.10314e-22
1.06142e-22
1.02123e-22
9.82516e-23
9.45224e-23
9.09305e-23
8.7471e-23
8.41393e-23
8.09309e-23
7.78414e-23
7.48665e-23
7.20023e-23
6.92447e-23
6.659e-23
6.40344e-23
6.15745e-23
5.92067e-23
5.69277e-23
5.47344e-23
5.26236e-23
5.05923e-23
4.86377e-23
4.67569e-23
4.49472e-23
4.32061e-23
4.1531e-23
3.99195e-23
3.83693e-23
3.68781e-23
3.54437e-23
3.40641e-23
3.27371e-23
3.14609e-23
3.02335e-23
2.90532e-23
2.79181e-23
2.68267e-23
2.57772e-23
2.47681e-23
2.37978e-23
2.2865e-23
2.19682e-23
2.1106e-23
2.02772e-23
1.94804e-23
1.87145e-23
1.79783e-23
1.72706e-23
1.65905e-23
1.59368e-23
1.53085e-23
1.47046e-23
1.41243e-23
1.35667e-23
1.30308e-23
1.25158e-23
1.20209e-23
1.15454e-23
1.10885e-23
1.06495e-23
1.02277e-23
9.82247e-24
9.43312e-24
9.05906e-24
8.6997e-24
8.35446e-24
8.02281e-24
7.70421e-24
7.39815e-24
7.10417e-24
6.82177e-24
6.55051e-24
6.28996e-24
6.03971e-24
5.79934e-24
5.56847e-24
5.34674e-24
5.13378e-24
4.92925e-24
4.73282e-24
4.54418e-24
4.36302e-24
4.18904e-24
4.02197e-24
3.86153e-24
3.70746e-24
3.55951e-24
3.41744e-24
3.28102e-24
3.15003e-24
3.02424e-24
2.90347e-24
2.7875e-24
2.67615e-24
2.56924e-24
2.46659e-24
2.36804e-24
2.27341e-24
2.18256e-24
2.09533e-24
2.01158e-24
1.93118e-24
1.85399e-24
1.77988e-24
1.70874e-24
1.64043e-24
1.57486e-24
1.51191e-24
1.45148e-24
1.39346e-24
1.33777e-24
1.2843e-24
1.23297e-24
1.1837e-24
1.1364e-24
1.091e-24
1.04741e-24
1.00557e-24
9.65405e-25
9.26849e-25
8.89839e-25
8.54312e-25
8.2021e-25
7.87474e-25
7.5605e-25
7.25887e-25
6.96933e-25
6.6914e-25
6.42462e-25
6.16854e-25
5.92273e-25
5.68678e-25
5.4603e-25
5.2429e-25
5.03423e-25
4.83392e-25
4.64166e-25
4.45711e-25
4.27996e-25
4.10992e-25
3.94671e-25
3.79004e-25
3.63966e-25
3.49531e-25
3.35676e-25
3.22377e-25
3.09611e-25
2.97357e-25
2.85595e-25
2.74305e-25
2.63468e-25
2.53066e-25
2.43081e-25
2.33496e-25
2.24297e-25
2.15466e-25
2.06989e-25
1.98852e-25
1.91042e-25
1.83545e-25
1.76348e-25
1.69441e-25
1.6281e-25
1.56445e-25
1.50335e-25
1.4447e-25
1.38841e-25
1.33437e-25
1.2825e-25
1.23271e-25
1.18491e-25
1.13903e-25
1.095e-25
1.05272e-25
1.01215e-25
9.73198e-26
9.35811e-26
8.99926e-26
8.6548e-26
8.32417e-26
8.00682e-26
7.70222e-26
7.40986e-26
7.12925e-26
6.85993e-26
6.60145e-26
6.35338e-26
6.11531e-26
5.88683e-26
5.66758e-26
5.45719e-26
5.25531e-26
5.06161e-26
4.87576e-26
4.69746e-26
4.52642e-26
4.36234e-26
4.20497e-26
4.05404e-26
3.90931e-26
3.77053e-26
3.63747e-26
3.50993e-26
3.38769e-26
3.27055e-26
3.15832e-26
3.05081e-26
2.94786e-26
2.84929e-26
2.75494e-26
2.66466e-26
2.5783e-26
2.49573e-26
2.41681e-26
2.34142e-26
2.26942e-26
2.20072e-26
2.13519e-26
2.07273e-26
2.01324e-26
1.95664e-26
1.90282e-26
1.85171e-26
1.80322e-26
1.75728e-26
1.71382e-26
1.67276e-26
1.63405e-26
1.59762e-26
1.56343e-26
1.53141e-26
1.50153e-26
1.47373e-26
1.44797e-26
1.42422e-26
1.40244e-26
1.38261e-26
1.36468e-26
1.34865e-26
1.33449e-26
1.32217e-26
1.31169e-26
1.30304e-26
1.29619e-26
1.29116e-26
1.28793e-26
1.28651e-26
1.2869e-26
1.28911e-26
1.29314e-26
1.29902e-26
1.30674e-26
1.31635e-26
1.32784e-26
1.34126e-26
1.35663e-26
1.37398e-26
1.39335e-26
1.41478e-26
1.43836e-26
1.46423e-26
1.4925e-26
1.52327e-26
1.55659e-26
1.59252e-26
1.6311e-26
1.67239e-26
1.71645e-26
1.76335e-26
1.81315e-26
1.86594e-26
