12.5
1e+17
5e+18
50
12.5
20969.1
2.61613e-20
2.61061e-20
2.59443e-20
2.57725e-20
2.55962e-20
2.5417e-20
2.52354e-20
2.50518e-20
2.48667e-20
2.46801e-20
2.44925e-20
2.43036e-20
2.41136e-20
2.39224e-20
2.37299e-20
2.35363e-20
2.33415e-20
2.31455e-20
2.29485e-20
2.27504e-20
2.25513e-20
2.23512e-20
2.21502e-20
2.19484e-20
2.17457e-20
2.15422e-20
2.1338e-20
2.11331e-20
2.09276e-20
2.07215e-20
2.05148e-20
2.03076e-20
2.01e-20
1.9892e-20
1.96836e-20
1.9475e-20
1.92661e-20
1.90569e-20
1.88476e-20
1.86382e-20
1.84288e-20
1.82193e-20
1.80098e-20
1.78004e-20
1.75911e-20
1.7382e-20
1.71731e-20
1.69644e-20
1.6756e-20
1.65479e-20
1.63403e-20
1.6133e-20
1.59262e-20
1.57199e-20
1.55141e-20
1.5309e-20
1.51044e-20
1.49005e-20
1.46972e-20
1.44947e-20
1.4293e-20
1.40921e-20
1.38919e-20
1.36927e-20
1.34943e-20
1.32969e-20
1.31004e-20
1.2905e-20
1.27105e-20
1.25171e-20
1.23247e-20
1.21335e-20
1.19433e-20
1.17544e-20
1.15666e-20
1.138e-20
1.11946e-20
1.10104e-20
1.08275e-20
1.06459e-20
1.04656e-20
1.02866e-20
1.0109e-20
9.93265e-21
9.7577e-21
9.58414e-21
9.41197e-21
9.2412e-21
9.07186e-21
8.90394e-21
8.73746e-21
8.57244e-21
8.40887e-21
8.24677e-21
8.08614e-21
7.927e-21
7.76934e-21
7.61317e-21
7.45851e-21
7.30537e-21
7.15377e-21
7.00373e-21
6.85525e-21
6.70834e-21
6.56302e-21
6.4193e-21
6.2772e-21
6.13675e-21
5.99796e-21
5.86088e-21
5.72553e-21
5.59193e-21
5.4601e-21
5.33006e-21
5.20185e-21
5.07551e-21
4.95107e-21
4.82857e-21
4.70804e-21
4.5895e-21
4.47296e-21
4.35845e-21
4.24597e-21
4.13552e-21
4.02713e-21
3.92078e-21
3.81648e-21
3.71421e-21
3.61399e-21
3.51579e-21
3.41962e-21
3.32545e-21
3.23327e-21
3.14308e-21
3.05485e-21
2.96857e-21
2.88421e-21
2.80176e-21
2.7212e-21
2.6425e-21
2.56565e-21
2.49062e-21
2.41738e-21
2.34592e-21
2.2762e-21
2.2082e-21
2.14189e-21
2.07726e-21
2.01426e-21
1.95287e-21
1.89308e-21
1.83484e-21
1.77813e-21
1.72292e-21
1.66918e-21
1.6169e-21
1.56603e-21
1.51655e-21
1.46843e-21
1.42164e-21
1.37617e-21
1.33197e-21
1.28902e-21
1.24729e-21
1.20676e-21
1.1674e-21
1.12919e-21
1.09209e-21
1.05608e-21
1.02113e-21
9.87229e-22
9.54337e-22
9.22435e-22
8.91497e-22
8.61499e-22
8.32417e-22
8.04229e-22
7.76911e-22
7.5044e-22
7.24794e-22
6.99951e-22
6.7589e-22
6.5259e-22
6.30029e-22
6.08188e-22
5.87046e-22
5.66584e-22
5.46784e-22
5.27625e-22
5.0909e-22
4.91162e-22
4.73822e-22
4.57053e-22
4.40838e-22
4.25162e-22
4.10008e-22
3.95361e-22
3.81205e-22
3.67525e-22
3.54308e-22
3.41538e-22
3.29203e-22
3.17289e-22
3.05782e-22
2.9467e-22
2.8394e-22
2.73581e-22
2.63581e-22
2.53928e-22
2.44611e-22
2.3562e-22
2.26943e-22
2.18572e-22
2.10494e-22
2.02702e-22
1.95186e-22
1.87937e-22
1.80945e-22
1.74202e-22
1.67701e-22
1.61432e-22
1.55389e-22
1.49563e-22
1.43947e-22
1.38533e-22
1.33317e-22
1.28289e-22
1.23444e-22
1.18776e-22
1.14278e-22
1.09945e-22
1.05771e-22
1.0175e-22
9.78771e-23
9.41469e-23
9.05546e-23
8.70951e-23
8.37639e-23
8.05564e-23
7.74682e-23
7.44951e-23
7.16329e-23
6.88776e-23
6.62256e-23
6.36729e-23
6.12161e-23
5.88518e-23
5.65764e-23
5.43869e-23
5.22801e-23
5.0253e-23
4.83027e-23
4.64263e-23
4.46213e-23
4.28848e-23
4.12145e-23
3.96079e-23
3.80626e-23
3.65764e-23
3.5147e-23
3.37724e-23
3.24506e-23
3.11795e-23
2.99572e-23
2.8782e-23
2.76521e-23
2.65658e-23
2.55214e-23
2.45174e-23
2.35522e-23
2.26245e-23
2.17326e-23
2.08754e-23
2.00515e-23
1.92596e-23
1.84985e-23
1.77671e-23
1.70642e-23
1.63887e-23
1.57396e-23
1.51158e-23
1.45165e-23
1.39406e-23
1.33872e-23
1.28556e-23
1.23448e-23
1.18541e-23
1.13827e-23
1.09298e-23
1.04947e-23
1.00767e-23
9.67525e-24
9.28961e-24
8.91917e-24
8.56337e-24
8.22162e-24
7.89338e-24
7.57813e-24
7.27535e-24
6.98456e-24
6.7053e-24
6.43711e-24
6.17956e-24
5.93223e-24
5.69472e-24
5.46665e-24
5.24765e-24
5.03735e-24
4.83543e-24
4.64154e-24
4.45538e-24
4.27664e-24
4.10502e-24
3.94024e-24
3.78205e-24
3.63016e-24
3.48435e-24
3.34435e-24
3.20996e-24
3.08094e-24
2.95707e-24
2.83817e-24
2.72402e-24
2.61445e-24
2.50926e-24
2.40829e-24
2.31137e-24
2.21833e-24
2.12902e-24
2.0433e-24
1.96102e-24
1.88204e-24
1.80623e-24
1.73347e-24
1.66363e-24
1.5966e-24
1.53227e-24
1.47052e-24
1.41125e-24
1.35437e-24
1.29978e-24
1.24738e-24
1.1971e-24
1.14884e-24
1.10252e-24
1.05807e-24
1.01541e-24
9.74466e-25
9.35175e-25
8.97468e-25
8.61281e-25
8.26554e-25
7.93228e-25
7.61246e-25
7.30554e-25
7.01101e-25
6.72836e-25
6.45712e-25
6.19684e-25
5.94706e-25
5.70737e-25
5.47735e-25
5.25663e-25
5.04482e-25
4.84157e-25
4.64653e-25
4.45937e-25
4.27978e-25
4.10744e-25
3.94206e-25
3.78338e-25
3.6311e-25
3.48498e-25
3.34477e-25
3.21022e-25
3.08112e-25
2.95723e-25
2.83836e-25
2.72429e-25
2.61483e-25
2.50981e-25
2.40902e-25
2.31232e-25
2.21953e-25
2.13048e-25
2.04505e-25
1.96306e-25
1.8844e-25
1.80891e-25
1.73648e-25
1.66698e-25
1.60029e-25
1.5363e-25
1.4749e-25
1.41599e-25
1.35945e-25
1.30521e-25
1.25316e-25
1.20322e-25
1.15529e-25
1.10931e-25
1.06519e-25
1.02286e-25
9.8224e-26
9.43266e-26
9.0587e-26
8.69989e-26
8.35562e-26
8.02531e-26
7.70838e-26
7.4043e-26
7.11256e-26
6.83265e-26
6.5641e-26
6.30646e-26
6.05928e-26
5.82215e-26
5.59466e-26
5.37643e-26
5.16708e-26
4.96626e-26
4.77363e-26
4.58887e-26
4.41165e-26
4.24168e-26
4.07867e-26
3.92234e-26
3.77243e-26
3.62869e-26
3.49087e-26
3.35874e-26
3.23207e-26
3.11066e-26
2.99429e-26
2.88277e-26
2.77592e-26
2.67355e-26
2.57548e-26
2.48157e-26
2.39164e-26
2.30554e-26
2.22314e-26
2.14429e-26
2.06887e-26
1.99674e-26
1.92778e-26
1.86188e-26
1.79894e-26
1.73884e-26
1.68148e-26
1.62678e-26
1.57463e-26
1.52496e-26
1.47768e-26
1.43272e-26
1.38999e-26
1.34944e-26
1.31099e-26
1.27458e-26
1.24016e-26
1.20766e-26
1.17704e-26
1.14824e-26
1.12122e-26
1.09594e-26
1.07236e-26
1.05043e-26
1.03014e-26
1.01144e-26
9.94306e-27
9.78715e-27
9.64643e-27
9.5207e-27
9.40979e-27
9.31353e-27
9.23182e-27
9.16455e-27
9.11165e-27
9.07307e-27
9.04879e-27
9.03881e-27
9.04317e-27
9.06191e-27
9.09511e-27
9.14288e-27
9.20535e-27
9.28268e-27
9.37505e-27
9.48269e-27
9.60615e-27
9.74635e-27
9.90386e-27
1.00794e-26
1.02733e-26
1.04859e-26
1.07174e-26
1.09682e-26
1.12387e-26
1.15294e-26
1.18407e-26
1.21732e-26
