5
5e+17
1e+17
49.9999
4.99998
13262.1
7.69441e-20
7.69407e-20
7.69163e-20
7.68773e-20
7.68232e-20
7.67538e-20
7.66692e-20
7.65694e-20
7.64545e-20
7.63245e-20
7.61796e-20
7.60197e-20
7.5845e-20
7.56555e-20
7.54515e-20
7.5233e-20
7.50001e-20
7.47531e-20
7.44919e-20
7.42168e-20
7.3928e-20
7.36256e-20
7.33097e-20
7.29807e-20
7.26386e-20
7.22836e-20
7.1916e-20
7.1536e-20
7.11438e-20
7.07396e-20
7.03236e-20
6.98961e-20
6.94573e-20
6.90075e-20
6.85469e-20
6.80758e-20
6.75944e-20
6.7103e-20
6.66018e-20
6.60912e-20
6.55714e-20
6.50427e-20
6.45053e-20
6.39597e-20
6.34059e-20
6.28444e-20
6.22754e-20
6.16993e-20
6.11162e-20
6.05266e-20
5.99307e-20
5.93288e-20
5.87211e-20
5.81082e-20
5.74901e-20
5.68672e-20
5.62398e-20
5.56083e-20
5.49728e-20
5.43338e-20
5.36914e-20
5.3046e-20
5.2398e-20
5.17475e-20
5.10948e-20
5.04403e-20
4.97843e-20
4.91269e-20
4.84686e-20
4.78095e-20
4.715e-20
4.64902e-20
4.58306e-20
4.51712e-20
4.45125e-20
4.38546e-20
4.31978e-20
4.25423e-20
4.18884e-20
4.12363e-20
4.05862e-20
3.99385e-20
3.92931e-20
3.86505e-20
3.80108e-20
3.73743e-20
3.6741e-20
3.61113e-20
3.54852e-20
3.48631e-20
3.4245e-20
3.36311e-20
3.30216e-20
3.24168e-20
3.18166e-20
3.12213e-20
3.0631e-20
3.00459e-20
2.9466e-20
2.88916e-20
2.83227e-20
2.77595e-20
2.7202e-20
2.66504e-20
2.61047e-20
2.55651e-20
2.50317e-20
2.45045e-20
2.39836e-20
2.34691e-20
2.2961e-20
2.24595e-20
2.19645e-20
2.14761e-20
2.09944e-20
2.05194e-20
2.00511e-20
1.95896e-20
1.91349e-20
1.8687e-20
1.82459e-20
1.78117e-20
1.73844e-20
1.69639e-20
1.65503e-20
1.61435e-20
1.57435e-20
1.53505e-20
1.49642e-20
1.45847e-20
1.4212e-20
1.38461e-20
1.34869e-20
1.31344e-20
1.27885e-20
1.24493e-20
1.21166e-20
1.17904e-20
1.14708e-20
1.11576e-20
1.08507e-20
1.05502e-20
1.02559e-20
9.96789e-21
9.686e-21
9.4102e-21
9.14042e-21
8.87659e-21
8.61866e-21
8.36654e-21
8.12017e-21
7.87947e-21
7.64438e-21
7.41481e-21
7.1907e-21
6.97196e-21
6.75852e-21
6.5503e-21
6.34722e-21
6.14921e-21
5.95617e-21
5.76804e-21
5.58473e-21
5.40616e-21
5.23224e-21
5.06291e-21
4.89807e-21
4.73765e-21
4.58156e-21
4.42972e-21
4.28205e-21
4.13847e-21
3.9989e-21
3.86327e-21
3.73148e-21
3.60346e-21
3.47914e-21
3.35843e-21
3.24125e-21
3.12753e-21
3.0172e-21
2.91017e-21
2.80637e-21
2.70573e-21
2.60818e-21
2.51364e-21
2.42203e-21
2.3333e-21
2.24736e-21
2.16415e-21
2.08361e-21
2.00565e-21
1.93023e-21
1.85727e-21
1.78671e-21
1.71848e-21
1.65252e-21
1.58878e-21
1.52719e-21
1.46769e-21
1.41022e-21
1.35473e-21
1.30117e-21
1.24947e-21
1.19958e-21
1.15145e-21
1.10504e-21
1.06027e-21
1.01712e-21
9.7553e-22
9.35451e-22
8.96837e-22
8.59645e-22
8.23829e-22
7.89347e-22
7.56156e-22
7.24215e-22
6.93483e-22
6.63922e-22
6.35494e-22
6.0816e-22
5.81885e-22
5.56633e-22
5.3237e-22
5.09063e-22
4.86678e-22
4.65183e-22
4.44549e-22
4.24744e-22
4.05741e-22
3.87509e-22
3.70023e-22
3.53254e-22
3.37178e-22
3.21769e-22
3.07002e-22
2.92854e-22
2.79302e-22
2.66324e-22
2.53898e-22
2.42003e-22
2.30619e-22
2.19726e-22
2.09306e-22
1.9934e-22
1.8981e-22
1.807e-22
1.71992e-22
1.63672e-22
1.55722e-22
1.48129e-22
1.40878e-22
1.33955e-22
1.27347e-22
1.2104e-22
1.15023e-22
1.09283e-22
1.03809e-22
9.8589e-23
9.36129e-23
8.88701e-23
8.43507e-23
8.00452e-23
7.59442e-23
7.2039e-23
6.83208e-23
6.47817e-23
6.14136e-23
5.82089e-23
5.51605e-23
5.22613e-23
4.95045e-23
4.68839e-23
4.4393e-23
4.20262e-23
3.97776e-23
3.76417e-23
3.56135e-23
3.36878e-23
3.18599e-23
3.01252e-23
2.84792e-23
2.69179e-23
2.5437e-23
2.40328e-23
2.27017e-23
2.14399e-23
2.02443e-23
1.91116e-23
1.80386e-23
1.70225e-23
1.60604e-23
1.51497e-23
1.42878e-23
1.34723e-23
1.27007e-23
1.1971e-23
1.1281e-23
1.06286e-23
1.0012e-23
9.42924e-24
8.87866e-24
8.35857e-24
7.86738e-24
7.40359e-24
6.96576e-24
6.55251e-24
6.16256e-24
5.79467e-24
5.44766e-24
5.12041e-24
4.81187e-24
4.52102e-24
4.24692e-24
3.98863e-24
3.74532e-24
3.51615e-24
3.30035e-24
3.09717e-24
2.90593e-24
2.72596e-24
2.55663e-24
2.39734e-24
2.24753e-24
2.10667e-24
1.97424e-24
1.84977e-24
1.7328e-24
1.62291e-24
1.51969e-24
1.42275e-24
1.33173e-24
1.24629e-24
1.16609e-24
1.09085e-24
1.02025e-24
9.54035e-25
8.91941e-25
8.33723e-25
7.7915e-25
7.28005e-25
6.80083e-25
6.3519e-25
5.93142e-25
5.53768e-25
5.16906e-25
4.82402e-25
4.50111e-25
4.19899e-25
3.91638e-25
3.65206e-25
3.4049e-25
3.17384e-25
2.95788e-25
2.75606e-25
2.56751e-25
2.39138e-25
2.22689e-25
2.07331e-25
1.92994e-25
1.79612e-25
1.67125e-25
1.55475e-25
1.44609e-25
1.34476e-25
1.25028e-25
1.1622e-25
1.08012e-25
1.00363e-25
9.32378e-26
8.66011e-26
8.04208e-26
7.46668e-26
6.93107e-26
6.43261e-26
5.96881e-26
5.53735e-26
5.13606e-26
4.76291e-26
4.41599e-26
4.09353e-26
3.79386e-26
3.51543e-26
3.25679e-26
3.01658e-26
2.79353e-26
2.58646e-26
2.39427e-26
2.21591e-26
2.05044e-26
1.89694e-26
1.75459e-26
1.6226e-26
1.50024e-26
1.38683e-26
1.28174e-26
1.18438e-26
1.09419e-26
1.01067e-26
9.33347e-27
8.61764e-27
7.95513e-27
7.3421e-27
6.77496e-27
6.25039e-27
5.76529e-27
5.31678e-27
4.90219e-27
4.51903e-27
4.16499e-27
3.83793e-27
3.53584e-27
3.25689e-27
2.99935e-27
2.76162e-27
2.54223e-27
2.33981e-27
2.15307e-27
1.98085e-27
1.82203e-27
1.67562e-27
1.54067e-27
1.4163e-27
1.30172e-27
1.19617e-27
1.09895e-27
1.00944e-27
9.27036e-28
8.51189e-28
7.81392e-28
7.17175e-28
6.58106e-28
6.03781e-28
5.53831e-28
5.07913e-28
4.65709e-28
4.26927e-28
3.91298e-28
3.58571e-28
3.28516e-28
3.0092e-28
2.75589e-28
2.5234e-28
2.31007e-28
2.11436e-28
1.93485e-28
1.77024e-28
1.61932e-28
1.48099e-28
1.35421e-28
1.23805e-28
1.13165e-28
1.0342e-28
9.44973e-29
8.63295e-29
7.88544e-29
7.2015e-29
6.57588e-29
6.00375e-29
5.4807e-29
5.00266e-29
4.5659e-29
4.16698e-29
3.80277e-29
3.4704e-29
3.1672e-29
2.89078e-29
2.63892e-29
2.40958e-29
2.20092e-29
2.01124e-29
1.83901e-29
1.68282e-29
1.5414e-29
1.41357e-29
1.29828e-29
1.19457e-29
1.10159e-29
1.01855e-29
9.44753e-30
8.79571e-30
8.22448e-30
7.72889e-30
7.30464e-30
6.94794e-30
6.65556e-30
6.42479e-30
6.25336e-30
6.13946e-30
6.08172e-30
6.07917e-30
6.13123e-30
6.23772e-30
6.3988e-30
6.615e-30
6.88721e-30
7.21664e-30
7.60487e-30
8.05377e-30
8.56559e-30
9.14287e-30
