12.5
1e+17
5e+17
50
12.5001
20969.1
2.19019e-20
2.18892e-20
2.18488e-20
2.18028e-20
2.17522e-20
2.16974e-20
2.16386e-20
2.15757e-20
2.1509e-20
2.14384e-20
2.13641e-20
2.12861e-20
2.12044e-20
2.1119e-20
2.103e-20
2.09375e-20
2.08414e-20
2.07418e-20
2.06388e-20
2.05324e-20
2.04228e-20
2.03098e-20
2.01937e-20
2.00744e-20
1.99521e-20
1.98267e-20
1.96984e-20
1.95673e-20
1.94333e-20
1.92966e-20
1.91572e-20
1.90153e-20
1.88708e-20
1.87238e-20
1.85745e-20
1.84229e-20
1.82691e-20
1.81131e-20
1.79551e-20
1.77951e-20
1.76331e-20
1.74694e-20
1.73038e-20
1.71366e-20
1.69678e-20
1.67975e-20
1.66258e-20
1.64526e-20
1.62782e-20
1.61026e-20
1.59259e-20
1.57481e-20
1.55694e-20
1.53897e-20
1.52093e-20
1.50281e-20
1.48462e-20
1.46638e-20
1.44808e-20
1.42974e-20
1.41137e-20
1.39297e-20
1.37454e-20
1.3561e-20
1.33765e-20
1.3192e-20
1.30075e-20
1.28232e-20
1.26391e-20
1.24552e-20
1.22717e-20
1.20885e-20
1.19058e-20
1.17235e-20
1.15419e-20
1.13608e-20
1.11804e-20
1.10008e-20
1.08219e-20
1.06439e-20
1.04667e-20
1.02905e-20
1.01152e-20
9.94103e-21
9.76789e-21
9.59586e-21
9.42499e-21
9.25532e-21
9.08688e-21
8.91972e-21
8.75387e-21
8.58936e-21
8.42624e-21
8.26452e-21
8.10425e-21
7.94544e-21
7.78814e-21
7.63236e-21
7.47813e-21
7.32548e-21
7.17443e-21
7.02502e-21
6.87725e-21
6.73115e-21
6.58675e-21
6.44406e-21
6.30309e-21
6.16388e-21
6.02644e-21
5.89078e-21
5.75694e-21
5.62492e-21
5.49475e-21
5.36642e-21
5.23996e-21
5.11538e-21
4.99271e-21
4.87195e-21
4.75312e-21
4.63623e-21
4.52128e-21
4.40827e-21
4.29721e-21
4.1881e-21
4.08094e-21
3.97573e-21
3.87246e-21
3.77113e-21
3.67173e-21
3.57424e-21
3.47867e-21
3.38501e-21
3.29323e-21
3.20333e-21
3.11529e-21
3.0291e-21
2.94474e-21
2.86219e-21
2.78145e-21
2.70248e-21
2.62528e-21
2.54981e-21
2.47607e-21
2.40402e-21
2.33366e-21
2.26495e-21
2.19788e-21
2.13242e-21
2.06855e-21
2.00624e-21
1.94548e-21
1.88623e-21
1.82848e-21
1.7722e-21
1.71736e-21
1.66394e-21
1.61192e-21
1.56127e-21
1.51196e-21
1.46398e-21
1.41729e-21
1.37187e-21
1.3277e-21
1.28475e-21
1.24299e-21
1.20241e-21
1.16298e-21
1.12466e-21
1.08745e-21
1.05131e-21
1.01622e-21
9.8216e-22
9.49102e-22
9.17025e-22
8.85906e-22
8.55721e-22
8.26449e-22
7.98067e-22
7.70554e-22
7.43887e-22
7.18047e-22
6.93011e-22
6.6876e-22
6.45272e-22
6.22528e-22
6.00509e-22
5.79194e-22
5.58566e-22
5.38605e-22
5.19293e-22
5.00612e-22
4.82544e-22
4.65073e-22
4.48182e-22
4.31853e-22
4.1607e-22
4.00819e-22
3.86082e-22
3.71846e-22
3.58094e-22
3.44814e-22
3.31989e-22
3.19608e-22
3.07655e-22
2.96118e-22
2.84985e-22
2.74241e-22
2.63876e-22
2.53878e-22
2.44234e-22
2.34933e-22
2.25965e-22
2.17318e-22
2.08982e-22
2.00948e-22
1.93204e-22
1.85742e-22
1.78552e-22
1.71626e-22
1.64953e-22
1.58526e-22
1.52337e-22
1.46377e-22
1.40638e-22
1.35113e-22
1.29795e-22
1.24676e-22
1.1975e-22
1.15009e-22
1.10448e-22
1.06059e-22
1.01837e-22
9.77762e-23
9.38702e-23
9.01138e-23
8.65016e-23
8.30284e-23
7.96891e-23
7.6479e-23
7.33932e-23
7.04272e-23
6.75768e-23
6.48375e-23
6.22053e-23
5.96762e-23
5.72464e-23
5.49122e-23
5.267e-23
5.05164e-23
4.8448e-23
4.64616e-23
4.45542e-23
4.27226e-23
4.09641e-23
3.92759e-23
3.76552e-23
3.60994e-23
3.46062e-23
3.3173e-23
3.17975e-23
3.04776e-23
2.9211e-23
2.79957e-23
2.68296e-23
2.57109e-23
2.46378e-23
2.36083e-23
2.26208e-23
2.16736e-23
2.07652e-23
1.9894e-23
1.90586e-23
1.82574e-23
1.74892e-23
1.67527e-23
1.60465e-23
1.53694e-23
1.47204e-23
1.40982e-23
1.35017e-23
1.29301e-23
1.23821e-23
1.1857e-23
1.13537e-23
1.08713e-23
1.04091e-23
9.96621e-24
9.54181e-24
9.13517e-24
8.74556e-24
8.37229e-24
8.01469e-24
7.67211e-24
7.34393e-24
7.02956e-24
6.72844e-24
6.44001e-24
6.16376e-24
5.89918e-24
5.64578e-24
5.4031e-24
5.1707e-24
4.94815e-24
4.73504e-24
4.53097e-24
4.33558e-24
4.14849e-24
3.96936e-24
3.79787e-24
3.63367e-24
3.47649e-24
3.32601e-24
3.18195e-24
3.04406e-24
2.91206e-24
2.78571e-24
2.66477e-24
2.54902e-24
2.43823e-24
2.33219e-24
2.23071e-24
2.13358e-24
2.04064e-24
1.95169e-24
1.86657e-24
1.78512e-24
1.70718e-24
1.6326e-24
1.56124e-24
1.49296e-24
1.42763e-24
1.36513e-24
1.30533e-24
1.24812e-24
1.19338e-24
1.14102e-24
1.09093e-24
1.04301e-24
9.97168e-25
9.5332e-25
9.11377e-25
8.71257e-25
8.32883e-25
7.96179e-25
7.61074e-25
7.27498e-25
6.95386e-25
6.64674e-25
6.35303e-25
6.07214e-25
5.80353e-25
5.54666e-25
5.30102e-25
5.06613e-25
4.84152e-25
4.62676e-25
4.4214e-25
4.22506e-25
4.03732e-25
3.85783e-25
3.68622e-25
3.52215e-25
3.3653e-25
3.21534e-25
3.07199e-25
2.93495e-25
2.80394e-25
2.67872e-25
2.55901e-25
2.44459e-25
2.33522e-25
2.23069e-25
2.13077e-25
2.03527e-25
1.944e-25
1.85678e-25
1.77341e-25
1.69374e-25
1.61761e-25
1.54485e-25
1.47533e-25
1.40889e-25
1.34541e-25
1.28475e-25
1.22679e-25
1.17141e-25
1.1185e-25
1.06795e-25
1.01965e-25
9.73509e-26
9.2943e-26
8.87321e-26
8.47095e-26
8.0867e-26
7.71965e-26
7.36905e-26
7.03417e-26
6.71432e-26
6.40883e-26
6.11707e-26
5.83843e-26
5.57232e-26
5.31819e-26
5.07552e-26
4.84379e-26
4.62251e-26
4.41123e-26
4.20949e-26
4.01688e-26
3.83299e-26
3.65743e-26
3.48982e-26
3.32983e-26
3.17709e-26
3.03131e-26
2.89215e-26
2.75933e-26
2.63257e-26
2.51159e-26
2.39613e-26
2.28596e-26
2.18083e-26
2.08051e-26
1.9848e-26
1.89349e-26
1.80637e-26
1.72327e-26
1.644e-26
1.56839e-26
1.49627e-26
1.4275e-26
1.36192e-26
1.29939e-26
1.23978e-26
1.18294e-26
1.12877e-26
1.07713e-26
1.02792e-26
9.81031e-27
9.36357e-27
8.93799e-27
8.53265e-27
8.14666e-27
7.77914e-27
7.4293e-27
7.09635e-27
6.77956e-27
6.47821e-27
6.19164e-27
5.91921e-27
5.66031e-27
5.41435e-27
5.18079e-27
4.9591e-27
4.74877e-27
4.54935e-27
4.36036e-27
4.1814e-27
4.01204e-27
3.85192e-27
3.70065e-27
3.5579e-27
3.42334e-27
3.29666e-27
3.17758e-27
3.06581e-27
2.9611e-27
2.86321e-27
2.77191e-27
2.68699e-27
2.60826e-27
2.53551e-27
2.4686e-27
2.40736e-27
2.35164e-27
2.30131e-27
2.25625e-27
2.21636e-27
2.18153e-27
2.15168e-27
2.12674e-27
2.10664e-27
2.09133e-27
2.08076e-27
2.07491e-27
2.07376e-27
2.0773e-27
2.08552e-27
2.09843e-27
2.11614e-27
2.13879e-27
2.16649e-27
2.19937e-27
2.23748e-27
2.28088e-27
2.32965e-27
2.38385e-27
2.44358e-27
2.50895e-27
2.58007e-27
2.65707e-27
