12.5
1e+16
1e+18
49.9838
12.5
20969.1
2.71393e-20
2.70714e-20
2.68735e-20
2.66647e-20
2.64518e-20
2.62366e-20
2.60199e-20
2.58022e-20
2.55838e-20
2.53651e-20
2.51464e-20
2.49275e-20
2.47084e-20
2.44891e-20
2.42695e-20
2.40495e-20
2.38293e-20
2.36089e-20
2.33881e-20
2.31672e-20
2.2946e-20
2.27247e-20
2.25032e-20
2.22816e-20
2.20599e-20
2.18381e-20
2.16163e-20
2.13946e-20
2.11728e-20
2.09511e-20
2.07296e-20
2.05081e-20
2.02868e-20
2.00657e-20
1.98449e-20
1.96243e-20
1.9404e-20
1.9184e-20
1.89644e-20
1.87451e-20
1.85263e-20
1.83079e-20
1.80901e-20
1.78727e-20
1.76559e-20
1.74397e-20
1.72241e-20
1.70091e-20
1.67948e-20
1.65812e-20
1.63683e-20
1.61562e-20
1.59448e-20
1.57343e-20
1.55246e-20
1.53158e-20
1.51079e-20
1.49009e-20
1.46949e-20
1.44898e-20
1.42858e-20
1.40827e-20
1.38807e-20
1.36798e-20
1.34799e-20
1.32812e-20
1.30836e-20
1.28872e-20
1.26919e-20
1.24978e-20
1.2305e-20
1.21133e-20
1.1923e-20
1.17338e-20
1.1546e-20
1.13594e-20
1.11742e-20
1.09903e-20
1.08077e-20
1.06264e-20
1.04466e-20
1.02681e-20
1.00909e-20
9.91519e-21
9.74086e-21
9.56794e-21
9.39643e-21
9.22635e-21
9.0577e-21
8.89049e-21
8.72472e-21
8.56039e-21
8.39752e-21
8.23611e-21
8.07615e-21
7.91765e-21
7.76061e-21
7.60504e-21
7.45095e-21
7.29834e-21
7.14724e-21
6.99766e-21
6.8496e-21
6.70308e-21
6.55811e-21
6.4147e-21
6.27287e-21
6.13263e-21
5.99404e-21
5.85711e-21
5.72188e-21
5.58837e-21
5.45661e-21
5.3266e-21
5.19839e-21
5.07204e-21
4.94757e-21
4.82503e-21
4.70445e-21
4.58585e-21
4.46926e-21
4.35469e-21
4.24215e-21
4.13165e-21
4.02321e-21
3.91681e-21
3.81246e-21
3.71016e-21
3.60991e-21
3.51169e-21
3.41549e-21
3.32132e-21
3.22914e-21
3.13895e-21
3.05073e-21
2.96446e-21
2.88013e-21
2.79772e-21
2.71719e-21
2.63854e-21
2.56174e-21
2.48676e-21
2.41359e-21
2.34219e-21
2.27254e-21
2.20461e-21
2.13838e-21
2.07383e-21
2.01091e-21
1.94962e-21
1.88991e-21
1.83176e-21
1.77514e-21
1.72003e-21
1.66639e-21
1.6142e-21
1.56343e-21
1.51405e-21
1.46603e-21
1.41934e-21
1.37396e-21
1.32986e-21
1.28701e-21
1.24538e-21
1.20495e-21
1.16569e-21
1.12756e-21
1.09055e-21
1.05464e-21
1.01978e-21
9.8596e-22
9.53153e-22
9.21333e-22
8.90475e-22
8.60556e-22
8.31551e-22
8.03437e-22
7.76191e-22
7.4979e-22
7.24212e-22
6.99434e-22
6.75436e-22
6.52196e-22
6.29694e-22
6.07909e-22
5.86821e-22
5.66411e-22
5.46659e-22
5.27548e-22
5.09058e-22
4.91173e-22
4.73873e-22
4.57143e-22
4.40965e-22
4.25323e-22
4.10202e-22
3.95586e-22
3.81459e-22
3.67806e-22
3.54614e-22
3.41869e-22
3.29555e-22
3.17661e-22
3.06173e-22
2.95079e-22
2.84365e-22
2.74021e-22
2.64034e-22
2.54393e-22
2.45087e-22
2.36105e-22
2.27437e-22
2.19072e-22
2.11001e-22
2.03215e-22
1.95703e-22
1.88457e-22
1.81467e-22
1.74727e-22
1.68226e-22
1.61958e-22
1.55914e-22
1.50086e-22
1.44469e-22
1.39053e-22
1.33834e-22
1.28803e-22
1.23954e-22
1.19282e-22
1.14779e-22
1.10441e-22
1.06262e-22
1.02235e-22
9.83561e-23
9.46197e-23
9.10208e-23
8.75546e-23
8.42165e-23
8.10019e-23
7.79064e-23
7.49258e-23
7.20561e-23
6.92932e-23
6.66334e-23
6.40729e-23
6.16083e-23
5.9236e-23
5.69528e-23
5.47553e-23
5.26405e-23
5.06055e-23
4.86472e-23
4.6763e-23
4.495e-23
4.32058e-23
4.15277e-23
3.99134e-23
3.83604e-23
3.68666e-23
3.54298e-23
3.40478e-23
3.27186e-23
3.14403e-23
3.02109e-23
2.90287e-23
2.78919e-23
2.67988e-23
2.57477e-23
2.47371e-23
2.37654e-23
2.28313e-23
2.19332e-23
2.10699e-23
2.024e-23
1.94422e-23
1.86754e-23
1.79383e-23
1.72299e-23
1.6549e-23
1.58946e-23
1.52657e-23
1.46613e-23
1.40805e-23
1.35224e-23
1.2986e-23
1.24707e-23
1.19755e-23
1.14998e-23
1.10427e-23
1.06035e-23
1.01815e-23
9.77616e-24
9.38674e-24
9.01263e-24
8.65325e-24
8.30804e-24
7.97643e-24
7.6579e-24
7.35195e-24
7.05808e-24
6.77583e-24
6.50475e-24
6.24439e-24
5.99434e-24
5.7542e-24
5.52358e-24
5.30211e-24
5.08943e-24
4.88519e-24
4.68907e-24
4.50075e-24
4.31992e-24
4.14628e-24
3.97956e-24
3.81948e-24
3.66578e-24
3.51821e-24
3.37653e-24
3.24051e-24
3.10992e-24
2.98454e-24
2.86418e-24
2.74863e-24
2.6377e-24
2.53122e-24
2.429e-24
2.33087e-24
2.23668e-24
2.14626e-24
2.05947e-24
1.97616e-24
1.8962e-24
1.81945e-24
1.74579e-24
1.67508e-24
1.60722e-24
1.54208e-24
1.47957e-24
1.41958e-24
1.362e-24
1.30673e-24
1.2537e-24
1.20281e-24
1.15396e-24
1.10709e-24
1.06211e-24
1.01894e-24
9.7752e-25
9.37771e-25
8.99628e-25
8.63027e-25
8.27905e-25
7.94204e-25
7.61867e-25
7.30839e-25
7.01066e-25
6.72499e-25
6.4509e-25
6.18791e-25
5.93558e-25
5.69348e-25
5.4612e-25
5.23835e-25
5.02454e-25
4.8194e-25
4.6226e-25
4.43379e-25
4.25265e-25
4.07887e-25
3.91216e-25
3.75223e-25
3.5988e-25
3.45161e-25
3.31041e-25
3.17496e-25
3.04503e-25
2.92039e-25
2.80082e-25
2.68613e-25
2.57611e-25
2.47058e-25
2.36936e-25
2.27226e-25
2.17913e-25
2.08979e-25
2.00411e-25
1.92192e-25
1.8431e-25
1.76749e-25
1.69497e-25
1.62542e-25
1.55872e-25
1.49474e-25
1.43338e-25
1.37453e-25
1.3181e-25
1.26397e-25
1.21206e-25
1.16228e-25
1.11454e-25
1.06876e-25
1.02486e-25
9.82757e-26
9.42385e-26
9.03671e-26
8.66547e-26
8.30949e-26
7.96815e-26
7.64085e-26
7.32702e-26
7.02611e-26
6.7376e-26
6.46097e-26
6.19576e-26
5.94148e-26
5.6977e-26
5.46398e-26
5.23993e-26
5.02514e-26
4.81924e-26
4.62186e-26
4.43266e-26
4.25131e-26
4.07749e-26
3.91089e-26
3.75122e-26
3.5982e-26
3.45156e-26
3.31104e-26
3.17638e-26
3.04737e-26
2.92376e-26
2.80534e-26
2.6919e-26
2.58323e-26
2.47916e-26
2.37949e-26
2.28405e-26
2.19267e-26
2.10518e-26
2.02143e-26
1.94128e-26
1.86459e-26
1.79121e-26
1.72101e-26
1.65388e-26
1.5897e-26
1.52834e-26
1.46971e-26
1.41369e-26
1.36019e-26
1.30912e-26
1.26038e-26
1.21389e-26
1.16957e-26
1.12734e-26
1.08711e-26
1.04884e-26
1.01243e-26
9.77843e-27
9.45003e-27
9.13857e-27
8.8435e-27
8.56431e-27
8.30051e-27
8.05164e-27
7.81728e-27
7.59702e-27
7.39049e-27
7.19732e-27
7.01721e-27
6.84983e-27
6.69491e-27
6.5522e-27
6.42146e-27
6.30248e-27
6.19507e-27
6.09907e-27
6.01432e-27
5.94071e-27
5.87812e-27
5.82648e-27
5.78573e-27
5.75582e-27
5.73674e-27
5.72848e-27
5.73107e-27
5.74455e-27
5.76899e-27
5.80466e-27
5.85205e-27
5.91145e-27
5.98324e-27
6.06756e-27
6.16457e-27
6.27443e-27
6.39733e-27
6.5335e-27
6.68319e-27
6.84668e-27
7.02426e-27
