10
1e+16
5e+19
49.7496
10.0001
18755.4
3.71063e-20
3.69937e-20
3.66687e-20
3.63286e-20
3.59845e-20
3.56394e-20
3.52945e-20
3.49506e-20
3.4608e-20
3.42673e-20
3.39288e-20
3.35926e-20
3.32588e-20
3.29272e-20
3.25975e-20
3.22697e-20
3.19436e-20
3.16192e-20
3.12964e-20
3.09752e-20
3.06556e-20
3.03376e-20
3.00211e-20
2.97061e-20
2.93925e-20
2.90805e-20
2.87699e-20
2.84607e-20
2.8153e-20
2.78468e-20
2.75419e-20
2.72385e-20
2.69365e-20
2.66359e-20
2.63367e-20
2.60389e-20
2.57426e-20
2.54476e-20
2.5154e-20
2.48619e-20
2.45712e-20
2.42819e-20
2.3994e-20
2.37075e-20
2.34225e-20
2.3139e-20
2.28568e-20
2.25761e-20
2.22969e-20
2.20192e-20
2.17429e-20
2.14681e-20
2.11948e-20
2.0923e-20
2.06527e-20
2.03839e-20
2.01166e-20
1.98509e-20
1.95868e-20
1.93242e-20
1.90631e-20
1.88037e-20
1.85458e-20
1.82895e-20
1.80348e-20
1.77817e-20
1.75303e-20
1.72805e-20
1.70323e-20
1.67858e-20
1.65409e-20
1.62977e-20
1.60562e-20
1.58164e-20
1.55782e-20
1.53417e-20
1.5107e-20
1.48739e-20
1.46426e-20
1.4413e-20
1.41851e-20
1.39589e-20
1.37345e-20
1.35118e-20
1.32909e-20
1.30717e-20
1.28542e-20
1.26385e-20
1.24246e-20
1.22124e-20
1.2002e-20
1.17933e-20
1.15863e-20
1.13812e-20
1.11777e-20
1.09761e-20
1.07762e-20
1.0578e-20
1.03816e-20
1.01869e-20
9.99399e-21
9.80279e-21
9.61333e-21
9.4256e-21
9.23959e-21
9.05529e-21
8.87271e-21
8.69183e-21
8.51266e-21
8.33518e-21
8.15942e-21
7.98538e-21
7.8131e-21
7.64257e-21
7.47381e-21
7.30682e-21
7.14161e-21
6.97821e-21
6.81661e-21
6.65685e-21
6.49897e-21
6.34301e-21
6.18902e-21
6.03702e-21
5.88706e-21
5.73915e-21
5.59332e-21
5.44961e-21
5.30808e-21
5.16878e-21
5.03178e-21
4.89711e-21
4.76481e-21
4.6349e-21
4.50741e-21
4.38236e-21
4.25975e-21
4.13959e-21
4.0219e-21
3.90665e-21
3.79386e-21
3.6835e-21
3.57558e-21
3.47007e-21
3.36697e-21
3.26625e-21
3.16788e-21
3.07186e-21
2.97814e-21
2.88672e-21
2.79755e-21
2.71062e-21
2.62588e-21
2.54332e-21
2.46289e-21
2.38457e-21
2.30831e-21
2.2341e-21
2.16189e-21
2.09164e-21
2.02332e-21
1.9569e-21
1.89234e-21
1.82961e-21
1.76865e-21
1.70945e-21
1.65197e-21
1.59616e-21
1.54199e-21
1.48942e-21
1.43843e-21
1.38896e-21
1.341e-21
1.2945e-21
1.24942e-21
1.20574e-21
1.16342e-21
1.12242e-21
1.08271e-21
1.04426e-21
1.00704e-21
9.71007e-22
9.3614e-22
9.02404e-22
8.69769e-22
8.38204e-22
8.0768e-22
7.78169e-22
7.4964e-22
7.22068e-22
6.95423e-22
6.6968e-22
6.44812e-22
6.20794e-22
5.97599e-22
5.75204e-22
5.53585e-22
5.32717e-22
5.12578e-22
4.93146e-22
4.74398e-22
4.56313e-22
4.38871e-22
4.2205e-22
4.05832e-22
3.90196e-22
3.75124e-22
3.60598e-22
3.466e-22
3.33112e-22
3.20118e-22
3.07601e-22
2.95545e-22
2.83935e-22
2.72756e-22
2.61992e-22
2.51631e-22
2.41658e-22
2.32059e-22
2.22822e-22
2.13934e-22
2.05383e-22
1.97157e-22
1.89245e-22
1.81636e-22
1.74318e-22
1.67282e-22
1.60517e-22
1.54013e-22
1.47761e-22
1.41753e-22
1.35978e-22
1.30429e-22
1.25097e-22
1.19974e-22
1.15053e-22
1.10326e-22
1.05786e-22
1.01425e-22
9.72379e-23
9.32171e-23
8.93566e-23
8.56503e-23
8.20924e-23
7.86773e-23
7.53995e-23
7.22537e-23
6.92348e-23
6.63381e-23
6.35587e-23
6.08922e-23
5.83341e-23
5.58803e-23
5.35266e-23
5.12692e-23
4.91042e-23
4.70281e-23
4.50373e-23
4.31285e-23
4.12984e-23
3.95439e-23
3.7862e-23
3.62498e-23
3.47045e-23
3.32234e-23
3.1804e-23
3.04438e-23
2.91403e-23
2.78914e-23
2.66948e-23
2.55483e-23
2.445e-23
2.33979e-23
2.239e-23
2.14247e-23
2.05001e-23
1.96145e-23
1.87665e-23
1.79544e-23
1.71767e-23
1.64321e-23
1.57191e-23
1.50365e-23
1.4383e-23
1.37574e-23
1.31585e-23
1.25852e-23
1.20365e-23
1.15113e-23
1.10086e-23
1.05275e-23
1.00671e-23
9.62647e-24
9.20486e-24
8.80142e-24
8.4154e-24
8.04605e-24
7.69268e-24
7.3546e-24
7.03117e-24
6.72177e-24
6.42579e-24
6.14267e-24
5.87185e-24
5.61282e-24
5.36507e-24
5.12812e-24
4.9015e-24
4.68477e-24
4.47751e-24
4.27931e-24
4.08979e-24
3.90856e-24
3.73527e-24
3.56958e-24
3.41116e-24
3.25969e-24
3.11488e-24
2.97644e-24
2.84409e-24
2.71756e-24
2.59661e-24
2.48099e-24
2.37047e-24
2.26482e-24
2.16385e-24
2.06733e-24
1.97508e-24
1.88691e-24
1.80265e-24
1.72212e-24
1.64515e-24
1.5716e-24
1.50131e-24
1.43414e-24
1.36995e-24
1.30862e-24
1.25001e-24
1.194e-24
1.14049e-24
1.08936e-24
1.04051e-24
9.93833e-25
9.49237e-25
9.06629e-25
8.65923e-25
8.27033e-25
7.89879e-25
7.54385e-25
7.20477e-25
6.88084e-25
6.5714e-25
6.27581e-25
5.99344e-25
5.72371e-25
5.46606e-25
5.21995e-25
4.98488e-25
4.76034e-25
4.54587e-25
4.34102e-25
4.14536e-25
3.95849e-25
3.78e-25
3.60954e-25
3.44673e-25
3.29124e-25
3.14273e-25
3.00091e-25
2.86546e-25
2.73611e-25
2.61258e-25
2.49461e-25
2.38195e-25
2.27436e-25
2.17162e-25
2.07351e-25
1.97982e-25
1.89036e-25
1.80492e-25
1.72334e-25
1.64544e-25
1.57106e-25
1.50003e-25
1.4322e-25
1.36744e-25
1.3056e-25
1.24656e-25
1.19018e-25
1.13635e-25
1.08495e-25
1.03587e-25
9.8901e-26
9.44269e-26
9.01551e-26
8.60764e-26
8.21822e-26
7.84641e-26
7.49142e-26
7.15249e-26
6.8289e-26
6.51995e-26
6.22498e-26
5.94337e-26
5.67451e-26
5.41782e-26
5.17276e-26
4.93879e-26
4.71543e-26
4.50218e-26
4.2986e-26
4.10424e-26
3.91869e-26
3.74155e-26
3.57244e-26
3.411e-26
3.25688e-26
3.10976e-26
2.9693e-26
2.83522e-26
2.70722e-26
2.58503e-26
2.46839e-26
2.35705e-26
2.25076e-26
2.1493e-26
2.05246e-26
1.96001e-26
1.87177e-26
1.78754e-26
1.70714e-26
1.63041e-26
1.55717e-26
1.48726e-26
1.42054e-26
1.35687e-26
1.2961e-26
1.23811e-26
1.18276e-26
1.12995e-26
1.07956e-26
1.03147e-26
9.85595e-27
9.41824e-27
9.00067e-27
8.60232e-27
8.22236e-27
7.85995e-27
7.51432e-27
7.18474e-27
6.87048e-27
6.57087e-27
6.28527e-27
6.01307e-27
5.75368e-27
5.50654e-27
5.27113e-27
5.04693e-27
4.83347e-27
4.63029e-27
4.43695e-27
4.25304e-27
4.07816e-27
3.91194e-27
3.75403e-27
3.60408e-27
3.46177e-27
3.32681e-27
3.1989e-27
3.07777e-27
2.96316e-27
2.85483e-27
2.75254e-27
2.65609e-27
2.56525e-27
2.47985e-27
2.3997e-27
2.32462e-27
2.25447e-27
2.1891e-27
2.12836e-27
2.07213e-27
2.02029e-27
1.97273e-27
1.92935e-27
1.89008e-27
1.85488e-27
1.82382e-27
1.79688e-27
1.77399e-27
1.75519e-27
1.74042e-27
1.72963e-27
1.72279e-27
1.71986e-27
1.72081e-27
1.72564e-27
1.73434e-27
1.74691e-27
1.76337e-27
1.78373e-27
