7.5
1e+17
5e+18
49.9998
7.49999
16242.6
4.35087e-20
4.34711e-20
4.33562e-20
4.323e-20
4.30959e-20
4.29548e-20
4.28071e-20
4.26531e-20
4.24929e-20
4.23268e-20
4.21548e-20
4.19772e-20
4.17941e-20
4.16055e-20
4.14115e-20
4.12123e-20
4.10077e-20
4.07979e-20
4.0583e-20
4.03631e-20
4.01381e-20
3.99083e-20
3.96737e-20
3.94344e-20
3.91905e-20
3.8942e-20
3.86892e-20
3.84321e-20
3.81707e-20
3.79053e-20
3.76359e-20
3.73626e-20
3.70855e-20
3.68048e-20
3.65205e-20
3.62328e-20
3.59418e-20
3.56476e-20
3.53503e-20
3.505e-20
3.47468e-20
3.44409e-20
3.41324e-20
3.38213e-20
3.35078e-20
3.31921e-20
3.28742e-20
3.25543e-20
3.22324e-20
3.19087e-20
3.15833e-20
3.12563e-20
3.09278e-20
3.0598e-20
3.0267e-20
2.99348e-20
2.96016e-20
2.92675e-20
2.89326e-20
2.8597e-20
2.82608e-20
2.79242e-20
2.75872e-20
2.72499e-20
2.69125e-20
2.65751e-20
2.62377e-20
2.59004e-20
2.55634e-20
2.52267e-20
2.48905e-20
2.45548e-20
2.42198e-20
2.38854e-20
2.35519e-20
2.32193e-20
2.28876e-20
2.2557e-20
2.22276e-20
2.18994e-20
2.15725e-20
2.1247e-20
2.09229e-20
2.06004e-20
2.02795e-20
1.99603e-20
1.96428e-20
1.93271e-20
1.90132e-20
1.87013e-20
1.83914e-20
1.80835e-20
1.77778e-20
1.74741e-20
1.71727e-20
1.68736e-20
1.65767e-20
1.62822e-20
1.59901e-20
1.57004e-20
1.54132e-20
1.51285e-20
1.48464e-20
1.45668e-20
1.42898e-20
1.40155e-20
1.37439e-20
1.34749e-20
1.32087e-20
1.29452e-20
1.26845e-20
1.24265e-20
1.21714e-20
1.19191e-20
1.16696e-20
1.14229e-20
1.11791e-20
1.09382e-20
1.07002e-20
1.0465e-20
1.02327e-20
1.00033e-20
9.77676e-21
9.55313e-21
9.33238e-21
9.11452e-21
8.89955e-21
8.68749e-21
8.47833e-21
8.2721e-21
8.06879e-21
7.8684e-21
7.67094e-21
7.4764e-21
7.28478e-21
7.09609e-21
6.91032e-21
6.72748e-21
6.54758e-21
6.37064e-21
6.19668e-21
6.0257e-21
5.85772e-21
5.69274e-21
5.53075e-21
5.37177e-21
5.21577e-21
5.06278e-21
4.91283e-21
4.76594e-21
4.6221e-21
4.48133e-21
4.34362e-21
4.20898e-21
4.07738e-21
3.94883e-21
3.8233e-21
3.70077e-21
3.58122e-21
3.46463e-21
3.35096e-21
3.24019e-21
3.13228e-21
3.02721e-21
2.92492e-21
2.82538e-21
2.72856e-21
2.63442e-21
2.5429e-21
2.45398e-21
2.36759e-21
2.28371e-21
2.20228e-21
2.12326e-21
2.0466e-21
1.97225e-21
1.90017e-21
1.83031e-21
1.76263e-21
1.69706e-21
1.63358e-21
1.57212e-21
1.51264e-21
1.4551e-21
1.39945e-21
1.34564e-21
1.29362e-21
1.24335e-21
1.19479e-21
1.14789e-21
1.1026e-21
1.05888e-21
1.01669e-21
9.75987e-22
9.36725e-22
8.98866e-22
8.62367e-22
8.2719e-22
7.93295e-22
7.60643e-22
7.29197e-22
6.98919e-22
6.69773e-22
6.41725e-22
6.14737e-22
5.88778e-22
5.63813e-22
5.3981e-22
5.16737e-22
4.94564e-22
4.73259e-22
4.52794e-22
4.33139e-22
4.14268e-22
3.96152e-22
3.78764e-22
3.6208e-22
3.46075e-22
3.30722e-22
3.16001e-22
3.01886e-22
2.88356e-22
2.75389e-22
2.62965e-22
2.51062e-22
2.39662e-22
2.28745e-22
2.18293e-22
2.08287e-22
1.98711e-22
1.89547e-22
1.8078e-22
1.72394e-22
1.64374e-22
1.56705e-22
1.49373e-22
1.42365e-22
1.35667e-22
1.29266e-22
1.23152e-22
1.17311e-22
1.11732e-22
1.06405e-22
1.01319e-22
9.64643e-23
9.18304e-23
8.74083e-23
8.31888e-23
7.91635e-23
7.53239e-23
7.16619e-23
6.817e-23
6.48407e-23
6.16668e-23
5.86416e-23
5.57585e-23
5.30113e-23
5.03938e-23
4.79003e-23
4.55252e-23
4.32633e-23
4.11095e-23
3.90587e-23
3.71064e-23
3.52481e-23
3.34794e-23
3.17963e-23
3.01948e-23
2.86712e-23
2.72218e-23
2.58432e-23
2.45321e-23
2.32853e-23
2.20998e-23
2.09727e-23
1.99014e-23
1.8883e-23
1.79152e-23
1.69955e-23
1.61216e-23
1.52913e-23
1.45026e-23
1.37533e-23
1.30418e-23
1.2366e-23
1.17243e-23
1.11149e-23
1.05365e-23
9.98733e-24
9.46607e-24
8.97133e-24
8.50181e-24
8.05626e-24
7.63349e-24
7.23239e-24
6.85187e-24
6.49091e-24
6.14853e-24
5.82381e-24
5.51586e-24
5.22384e-24
4.94695e-24
4.68442e-24
4.43554e-24
4.19962e-24
3.97598e-24
3.76402e-24
3.56314e-24
3.37277e-24
3.19238e-24
3.02146e-24
2.85952e-24
2.70611e-24
2.56077e-24
2.42311e-24
2.29271e-24
2.16922e-24
2.05226e-24
1.9415e-24
1.83663e-24
1.73733e-24
1.64331e-24
1.5543e-24
1.47004e-24
1.39028e-24
1.31478e-24
1.24332e-24
1.17568e-24
1.11168e-24
1.05111e-24
9.93793e-25
9.39561e-25
8.88248e-25
8.39701e-25
7.93773e-25
7.50325e-25
7.09225e-25
6.70349e-25
6.33578e-25
5.98799e-25
5.65908e-25
5.34801e-25
5.05386e-25
4.7757e-25
4.51268e-25
4.26398e-25
4.02885e-25
3.80655e-25
3.59638e-25
3.3977e-25
3.20989e-25
3.03235e-25
2.86454e-25
2.70593e-25
2.55602e-25
2.41433e-25
2.28043e-25
2.15389e-25
2.03431e-25
1.92131e-25
1.81454e-25
1.71364e-25
1.61832e-25
1.52825e-25
1.44316e-25
1.36276e-25
1.28682e-25
1.21507e-25
1.14729e-25
1.08327e-25
1.0228e-25
9.65673e-26
9.11719e-26
8.6076e-26
8.1263e-26
7.67174e-26
7.24245e-26
6.83704e-26
6.45418e-26
6.09264e-26
5.75123e-26
5.42885e-26
5.12444e-26
4.83701e-26
4.56561e-26
4.30937e-26
4.06743e-26
3.83902e-26
3.62337e-26
3.41978e-26
3.22758e-26
3.04613e-26
2.87484e-26
2.71315e-26
2.56052e-26
2.41644e-26
2.28044e-26
2.15206e-26
2.03089e-26
1.91653e-26
1.80858e-26
1.7067e-26
1.61054e-26
1.51979e-26
1.43414e-26
1.3533e-26
1.27702e-26
1.20503e-26
1.13709e-26
1.07298e-26
1.01248e-26
9.55386e-27
9.01513e-27
8.50678e-27
8.0271e-27
7.57449e-27
7.14742e-27
6.74446e-27
6.36425e-27
6.00553e-27
5.66707e-27
5.34775e-27
5.04648e-27
4.76226e-27
4.49412e-27
4.24115e-27
4.00252e-27
3.7774e-27
3.56503e-27
3.36471e-27
3.17575e-27
2.99752e-27
2.8294e-27
2.67084e-27
2.52129e-27
2.38024e-27
2.24723e-27
2.12179e-27
2.0035e-27
1.89197e-27
1.78681e-27
1.68766e-27
1.59419e-27
1.50608e-27
1.42303e-27
1.34475e-27
1.27099e-27
1.2015e-27
1.13602e-27
1.07435e-27
1.01627e-27
9.6158e-28
9.101e-28
8.61653e-28
8.16073e-28
7.73206e-28
7.32905e-28
6.95032e-28
6.5946e-28
6.26067e-28
5.94739e-28
5.65369e-28
5.37858e-28
5.12112e-28
4.88044e-28
4.65571e-28
4.44618e-28
4.25112e-28
4.06989e-28
3.90186e-28
3.74646e-28
3.60316e-28
3.47149e-28
3.351e-28
3.24127e-28
3.14194e-28
3.05268e-28
2.97319e-28
2.9032e-28
2.84248e-28
2.79081e-28
2.74834e-28
2.71529e-28
2.69159e-28
2.6773e-28
2.67241e-28
2.67717e-28
2.69157e-28
2.71565e-28
2.74944e-28
2.79304e-28
2.84655e-28
2.91014e-28
2.98399e-28
3.06832e-28
3.16341e-28
3.26954e-28
3.38705e-28
3.51633e-28
3.65778e-28
3.81186e-28
