10
5e+17
1e+19
49.9997
10.0001
18755.4
3.06141e-20
3.05844e-20
3.0494e-20
3.0395e-20
3.02901e-20
3.01799e-20
3.0065e-20
2.99454e-20
2.98214e-20
2.96931e-20
2.95606e-20
2.94241e-20
2.92836e-20
2.91391e-20
2.89907e-20
2.88384e-20
2.86823e-20
2.85224e-20
2.83588e-20
2.81916e-20
2.80208e-20
2.78465e-20
2.76688e-20
2.74877e-20
2.73033e-20
2.71158e-20
2.69252e-20
2.67315e-20
2.65349e-20
2.63355e-20
2.61332e-20
2.59283e-20
2.57208e-20
2.55107e-20
2.52982e-20
2.50834e-20
2.48663e-20
2.46471e-20
2.44258e-20
2.42025e-20
2.39772e-20
2.37502e-20
2.35215e-20
2.32911e-20
2.30592e-20
2.28259e-20
2.25912e-20
2.23552e-20
2.2118e-20
2.18797e-20
2.16404e-20
2.14002e-20
2.11592e-20
2.09174e-20
2.06749e-20
2.04318e-20
2.01883e-20
1.99443e-20
1.97e-20
1.94555e-20
1.92108e-20
1.89659e-20
1.87211e-20
1.84763e-20
1.82317e-20
1.79873e-20
1.77431e-20
1.74994e-20
1.7256e-20
1.70132e-20
1.67709e-20
1.65292e-20
1.62883e-20
1.60481e-20
1.58087e-20
1.55702e-20
1.53327e-20
1.50961e-20
1.48607e-20
1.46263e-20
1.43932e-20
1.41612e-20
1.39305e-20
1.37012e-20
1.34732e-20
1.32466e-20
1.30216e-20
1.2798e-20
1.25759e-20
1.23555e-20
1.21367e-20
1.19195e-20
1.17041e-20
1.14903e-20
1.12784e-20
1.10682e-20
1.08599e-20
1.06534e-20
1.04488e-20
1.02461e-20
1.00454e-20
9.84659e-21
9.64977e-21
9.45493e-21
9.26211e-21
9.07131e-21
8.88255e-21
8.69585e-21
8.51121e-21
8.32866e-21
8.14821e-21
7.96989e-21
7.79369e-21
7.61965e-21
7.44777e-21
7.27806e-21
7.11054e-21
6.94521e-21
6.7821e-21
6.6212e-21
6.46254e-21
6.30614e-21
6.15203e-21
6.00021e-21
5.8507e-21
5.70351e-21
5.55865e-21
5.41613e-21
5.27598e-21
5.13822e-21
5.00286e-21
4.86992e-21
4.73942e-21
4.61135e-21
4.48572e-21
4.36254e-21
4.24179e-21
4.12347e-21
4.00758e-21
3.8941e-21
3.78302e-21
3.67433e-21
3.568e-21
3.46403e-21
3.36239e-21
3.26307e-21
3.16603e-21
3.07125e-21
2.97872e-21
2.8884e-21
2.80026e-21
2.71428e-21
2.63043e-21
2.54868e-21
2.469e-21
2.39136e-21
2.31572e-21
2.24206e-21
2.17034e-21
2.10052e-21
2.03259e-21
1.96649e-21
1.9022e-21
1.83969e-21
1.77892e-21
1.71986e-21
1.66247e-21
1.60672e-21
1.55257e-21
1.5e-21
1.44896e-21
1.39943e-21
1.35137e-21
1.30475e-21
1.25953e-21
1.21568e-21
1.17318e-21
1.13198e-21
1.09206e-21
1.05339e-21
1.01593e-21
9.79654e-22
9.44532e-22
9.10534e-22
8.77631e-22
8.45793e-22
8.14993e-22
7.85203e-22
7.56395e-22
7.28542e-22
7.01617e-22
6.75595e-22
6.50449e-22
6.26156e-22
6.02689e-22
5.80026e-22
5.58142e-22
5.37015e-22
5.16622e-22
4.9694e-22
4.77948e-22
4.59626e-22
4.41952e-22
4.24907e-22
4.0847e-22
3.92622e-22
3.77345e-22
3.62621e-22
3.48431e-22
3.34759e-22
3.21588e-22
3.089e-22
2.96681e-22
2.84914e-22
2.73585e-22
2.62679e-22
2.52181e-22
2.42078e-22
2.32355e-22
2.23001e-22
2.14002e-22
2.05347e-22
1.97022e-22
1.89016e-22
1.81319e-22
1.73918e-22
1.66805e-22
1.59967e-22
1.53396e-22
1.47082e-22
1.41015e-22
1.35187e-22
1.29589e-22
1.24212e-22
1.19048e-22
1.14089e-22
1.09328e-22
1.04757e-22
1.00369e-22
9.61577e-23
9.21157e-23
8.82368e-23
8.45149e-23
8.0944e-23
7.75182e-23
7.4232e-23
7.108e-23
6.8057e-23
6.5158e-23
6.23782e-23
5.97129e-23
5.71577e-23
5.47082e-23
5.23602e-23
5.01098e-23
4.7953e-23
4.58862e-23
4.39057e-23
4.20082e-23
4.01902e-23
3.84486e-23
3.67804e-23
3.51824e-23
3.3652e-23
3.21864e-23
3.07828e-23
2.94389e-23
2.81521e-23
2.69201e-23
2.57407e-23
2.46117e-23
2.3531e-23
2.24966e-23
2.15066e-23
2.05592e-23
1.96526e-23
1.87851e-23
1.7955e-23
1.71608e-23
1.6401e-23
1.56741e-23
1.49788e-23
1.43137e-23
1.36775e-23
1.30691e-23
1.24872e-23
1.19308e-23
1.13986e-23
1.08898e-23
1.04033e-23
9.93812e-24
9.49338e-24
9.06821e-24
8.66177e-24
8.27324e-24
7.90185e-24
7.54687e-24
7.20759e-24
6.88332e-24
6.57342e-24
6.27727e-24
5.99426e-24
5.72383e-24
5.46543e-24
5.21853e-24
4.98263e-24
4.75726e-24
4.54194e-24
4.33624e-24
4.13974e-24
3.95203e-24
3.77272e-24
3.60146e-24
3.43787e-24
3.28163e-24
3.13241e-24
2.9899e-24
2.8538e-24
2.72383e-24
2.59971e-24
2.48119e-24
2.36802e-24
2.25996e-24
2.15678e-24
2.05826e-24
1.9642e-24
1.8744e-24
1.78867e-24
1.70682e-24
1.62868e-24
1.55409e-24
1.48289e-24
1.41492e-24
1.35004e-24
1.28811e-24
1.229e-24
1.17258e-24
1.11873e-24
1.06734e-24
1.01829e-24
9.71476e-25
9.268e-25
8.84164e-25
8.43476e-25
8.04648e-25
7.67595e-25
7.32238e-25
6.98499e-25
6.66305e-25
6.35586e-25
6.06275e-25
5.78307e-25
5.51623e-25
5.26162e-25
5.01871e-25
4.78695e-25
4.56584e-25
4.35488e-25
4.15363e-25
3.96163e-25
3.77846e-25
3.60372e-25
3.43703e-25
3.27801e-25
3.12632e-25
2.98162e-25
2.84358e-25
2.71191e-25
2.58632e-25
2.46651e-25
2.35224e-25
2.24324e-25
2.13928e-25
2.04011e-25
1.94553e-25
1.85532e-25
1.76927e-25
1.68721e-25
1.60894e-25
1.53429e-25
1.4631e-25
1.3952e-25
1.33044e-25
1.26868e-25
1.20978e-25
1.15361e-25
1.10004e-25
1.04895e-25
1.00024e-25
9.53775e-26
9.09469e-26
8.67218e-26
8.26927e-26
7.88505e-26
7.51866e-26
7.16928e-26
6.83611e-26
6.51841e-26
6.21547e-26
5.92659e-26
5.65114e-26
5.38848e-26
5.13803e-26
4.89922e-26
4.67151e-26
4.45439e-26
4.24737e-26
4.04997e-26
3.86176e-26
3.6823e-26
3.5112e-26
3.34806e-26
3.19252e-26
3.04421e-26
2.90282e-26
2.76801e-26
2.63948e-26
2.51695e-26
2.40012e-26
2.28874e-26
2.18256e-26
2.08133e-26
1.98482e-26
1.89282e-26
1.80511e-26
1.7215e-26
1.6418e-26
1.56583e-26
1.4934e-26
1.42437e-26
1.35856e-26
1.29584e-26
1.23606e-26
1.17908e-26
1.12477e-26
1.07301e-26
1.02369e-26
9.76686e-27
9.31894e-27
8.89214e-27
8.48547e-27
8.09801e-27
7.72888e-27
7.37724e-27
7.04228e-27
6.72324e-27
6.4194e-27
6.13006e-27
5.85456e-27
5.59228e-27
5.34261e-27
5.10499e-27
4.87887e-27
4.66375e-27
4.45911e-27
4.26451e-27
4.0795e-27
3.90365e-27
3.73656e-27
3.57786e-27
3.42717e-27
3.28415e-27
3.14849e-27
3.01986e-27
2.89797e-27
2.78255e-27
2.67333e-27
2.57006e-27
2.4725e-27
2.38044e-27
2.29365e-27
2.21195e-27
2.13514e-27
2.06305e-27
1.99551e-27
1.93237e-27
1.87348e-27
1.81871e-27
1.76793e-27
1.72102e-27
1.67787e-27
1.63839e-27
1.60248e-27
1.57005e-27
1.54104e-27
1.51538e-27
1.49306e-27
1.47413e-27
1.45858e-27
1.44637e-27
1.43753e-27
1.43203e-27
1.42982e-27
1.43089e-27
1.43521e-27
1.44278e-27
1.45358e-27
1.46763e-27
1.48493e-27
1.5055e-27
1.52937e-27
