10
5e+17
5e+17
49.9998
10.0001
18755.4
2.76184e-20
2.76152e-20
2.76011e-20
2.75814e-20
2.75563e-20
2.75257e-20
2.74897e-20
2.74483e-20
2.74015e-20
2.73494e-20
2.7292e-20
2.72293e-20
2.71614e-20
2.70883e-20
2.701e-20
2.69266e-20
2.68381e-20
2.67447e-20
2.66462e-20
2.65429e-20
2.64348e-20
2.63218e-20
2.62042e-20
2.60818e-20
2.5955e-20
2.58236e-20
2.56878e-20
2.55476e-20
2.54031e-20
2.52545e-20
2.51018e-20
2.4945e-20
2.47843e-20
2.46197e-20
2.44514e-20
2.42795e-20
2.41039e-20
2.39249e-20
2.37425e-20
2.35568e-20
2.3368e-20
2.3176e-20
2.29811e-20
2.27833e-20
2.25827e-20
2.23794e-20
2.21736e-20
2.19653e-20
2.17547e-20
2.15418e-20
2.13267e-20
2.11097e-20
2.08906e-20
2.06698e-20
2.04472e-20
2.02231e-20
1.99974e-20
1.97703e-20
1.95419e-20
1.93123e-20
1.90816e-20
1.885e-20
1.86174e-20
1.83841e-20
1.81501e-20
1.79155e-20
1.76805e-20
1.7445e-20
1.72093e-20
1.69734e-20
1.67374e-20
1.65015e-20
1.62656e-20
1.60299e-20
1.57944e-20
1.55594e-20
1.53248e-20
1.50907e-20
1.48573e-20
1.46245e-20
1.43926e-20
1.41614e-20
1.39313e-20
1.37021e-20
1.34741e-20
1.32472e-20
1.30215e-20
1.27971e-20
1.2574e-20
1.23524e-20
1.21323e-20
1.19137e-20
1.16967e-20
1.14814e-20
1.12678e-20
1.10559e-20
1.08459e-20
1.06377e-20
1.04314e-20
1.02271e-20
1.00247e-20
9.82441e-21
9.62616e-21
9.43001e-21
9.23599e-21
9.04414e-21
8.85449e-21
8.66706e-21
8.48188e-21
8.29897e-21
8.11836e-21
7.94007e-21
7.76412e-21
7.59053e-21
7.4193e-21
7.25046e-21
7.08401e-21
6.91998e-21
6.75835e-21
6.59916e-21
6.44239e-21
6.28806e-21
6.13617e-21
5.98673e-21
5.83973e-21
5.69517e-21
5.55305e-21
5.41337e-21
5.27612e-21
5.1413e-21
5.0089e-21
4.87892e-21
4.75135e-21
4.62617e-21
4.50337e-21
4.38294e-21
4.26487e-21
4.14915e-21
4.03574e-21
3.92465e-21
3.81584e-21
3.70931e-21
3.60502e-21
3.50296e-21
3.40311e-21
3.30544e-21
3.20993e-21
3.11656e-21
3.0253e-21
2.93612e-21
2.84901e-21
2.76393e-21
2.68086e-21
2.59977e-21
2.52063e-21
2.44342e-21
2.36811e-21
2.29466e-21
2.22306e-21
2.15326e-21
2.08524e-21
2.01898e-21
1.95444e-21
1.89159e-21
1.83041e-21
1.77086e-21
1.71291e-21
1.65654e-21
1.60171e-21
1.54839e-21
1.49656e-21
1.44619e-21
1.39724e-21
1.34969e-21
1.30351e-21
1.25866e-21
1.21513e-21
1.17287e-21
1.13187e-21
1.0921e-21
1.05352e-21
1.01611e-21
9.79851e-22
9.44703e-22
9.10644e-22
8.77648e-22
8.45689e-22
8.14742e-22
7.8478e-22
7.5578e-22
7.27716e-22
7.00564e-22
6.74301e-22
6.48903e-22
6.24346e-22
6.00609e-22
5.77668e-22
5.55502e-22
5.3409e-22
5.1341e-22
4.93441e-22
4.74164e-22
4.55557e-22
4.37602e-22
4.2028e-22
4.03572e-22
3.87458e-22
3.71923e-22
3.56947e-22
3.42514e-22
3.28606e-22
3.15209e-22
3.02305e-22
2.89878e-22
2.77915e-22
2.66399e-22
2.55316e-22
2.44653e-22
2.34395e-22
2.24528e-22
2.15041e-22
2.0592e-22
1.97152e-22
1.88726e-22
1.8063e-22
1.72853e-22
1.65383e-22
1.58209e-22
1.51322e-22
1.44711e-22
1.38367e-22
1.32278e-22
1.26438e-22
1.20836e-22
1.15463e-22
1.10312e-22
1.05374e-22
1.00641e-22
9.6105e-23
9.17593e-23
8.75965e-23
8.36095e-23
7.97916e-23
7.61363e-23
7.26373e-23
6.92885e-23
6.6084e-23
6.30182e-23
6.00856e-23
5.72808e-23
5.45988e-23
5.20347e-23
4.95836e-23
4.72411e-23
4.50026e-23
4.2864e-23
4.0821e-23
3.88698e-23
3.70066e-23
3.52276e-23
3.35294e-23
3.19085e-23
3.03618e-23
2.88859e-23
2.7478e-23
2.6135e-23
2.48543e-23
2.3633e-23
2.24687e-23
2.13589e-23
2.03011e-23
1.92932e-23
1.83328e-23
1.74179e-23
1.65464e-23
1.57165e-23
1.49263e-23
1.41739e-23
1.34577e-23
1.27761e-23
1.21274e-23
1.15101e-23
1.09229e-23
1.03644e-23
9.83313e-24
9.32795e-24
8.84761e-24
8.39097e-24
7.95691e-24
7.54437e-24
7.15235e-24
6.77986e-24
6.426e-24
6.08987e-24
5.77062e-24
5.46746e-24
5.1796e-24
4.90632e-24
4.6469e-24
4.40069e-24
4.16703e-24
3.94531e-24
3.73496e-24
3.53541e-24
3.34614e-24
3.16664e-24
2.99642e-24
2.83503e-24
2.68202e-24
2.53699e-24
2.39953e-24
2.26926e-24
2.14582e-24
2.02887e-24
1.91808e-24
1.81314e-24
1.71375e-24
1.61963e-24
1.5305e-24
1.44613e-24
1.36625e-24
1.29065e-24
1.2191e-24
1.15138e-24
1.08732e-24
1.0267e-24
9.69359e-25
9.15121e-25
8.63825e-25
8.15316e-25
7.69448e-25
7.26083e-25
6.85088e-25
6.46338e-25
6.09714e-25
5.75105e-25
5.42401e-25
5.11503e-25
4.82313e-25
4.54741e-25
4.28699e-25
4.04105e-25
3.80881e-25
3.58953e-25
3.38252e-25
3.1871e-25
3.00266e-25
2.82858e-25
2.66431e-25
2.50932e-25
2.36308e-25
2.22513e-25
2.095e-25
1.97228e-25
1.85654e-25
1.74741e-25
1.64451e-25
1.5475e-25
1.45606e-25
1.36987e-25
1.28865e-25
1.21211e-25
1.13999e-25
1.07204e-25
1.00803e-25
9.47742e-26
8.9096e-26
8.37487e-26
7.87136e-26
7.3973e-26
6.95102e-26
6.53093e-26
6.13554e-26
5.76345e-26
5.41331e-26
5.08387e-26
4.77393e-26
4.48238e-26
4.20816e-26
3.95027e-26
3.70775e-26
3.47972e-26
3.26535e-26
3.06382e-26
2.8744e-26
2.69638e-26
2.52909e-26
2.3719e-26
2.22422e-26
2.08549e-26
1.95518e-26
1.8328e-26
1.71787e-26
1.60996e-26
1.50865e-26
1.41355e-26
1.32428e-26
1.2405e-26
1.16188e-26
1.08812e-26
1.01891e-26
9.53994e-27
8.93104e-27
8.35999e-27
7.8245e-27
7.32243e-27
6.85175e-27
6.41054e-27
5.99702e-27
5.6095e-27
5.24638e-27
4.90618e-27
4.58749e-27
4.28899e-27
4.00943e-27
3.74765e-27
3.50254e-27
3.27309e-27
3.0583e-27
2.85729e-27
2.66918e-27
2.49318e-27
2.32852e-27
2.1745e-27
2.03046e-27
1.89575e-27
1.76981e-27
1.65207e-27
1.54202e-27
1.43916e-27
1.34306e-27
1.25327e-27
1.1694e-27
1.09106e-27
1.01792e-27
9.49623e-28
8.85875e-28
8.26382e-28
7.70869e-28
7.19082e-28
6.7078e-28
6.25741e-28
5.83753e-28
5.4462e-28
5.08158e-28
4.74194e-28
4.42567e-28
4.13127e-28
3.85731e-28
3.60248e-28
3.36555e-28
3.14535e-28
2.94082e-28
2.75094e-28
2.57478e-28
2.41145e-28
2.26014e-28
2.12008e-28
1.99057e-28
1.87093e-28
1.76055e-28
1.65885e-28
1.5653e-28
1.4794e-28
1.40069e-28
1.32873e-28
1.26314e-28
1.20355e-28
1.1496e-28
1.101e-28
1.05745e-28
1.01868e-28
9.84451e-29
9.54536e-29
9.2873e-29
9.06848e-29
8.88721e-29
8.74195e-29
8.63134e-29
8.55416e-29
8.50932e-29
8.49587e-29
8.513e-29
8.56001e-29
8.63633e-29
8.74149e-29
8.87544e-29
9.0385e-29
9.23073e-29
9.45204e-29
9.70283e-29
9.98317e-29
1.02932e-28
1.06332e-28
1.10034e-28
1.14043e-28
1.18364e-28
1.23004e-28
1.27968e-28
1.33266e-28
1.38905e-28
