12.5
1e+17
1e+18
50
12.5002
20969.1
2.30239e-20
2.30023e-20
2.29363e-20
2.28636e-20
2.27861e-20
2.27045e-20
2.2619e-20
2.25297e-20
2.24369e-20
2.23405e-20
2.22408e-20
2.21377e-20
2.20314e-20
2.19217e-20
2.18088e-20
2.16927e-20
2.15734e-20
2.1451e-20
2.13256e-20
2.11971e-20
2.10658e-20
2.09316e-20
2.07946e-20
2.06549e-20
2.05125e-20
2.03675e-20
2.02199e-20
2.00699e-20
1.99175e-20
1.97628e-20
1.96058e-20
1.94467e-20
1.92854e-20
1.91221e-20
1.89569e-20
1.87897e-20
1.86208e-20
1.84501e-20
1.82777e-20
1.81038e-20
1.79283e-20
1.77515e-20
1.75732e-20
1.73937e-20
1.72129e-20
1.7031e-20
1.68481e-20
1.66642e-20
1.64793e-20
1.62937e-20
1.61072e-20
1.59201e-20
1.57323e-20
1.5544e-20
1.53552e-20
1.5166e-20
1.49765e-20
1.47866e-20
1.45966e-20
1.44065e-20
1.42162e-20
1.4026e-20
1.38358e-20
1.36458e-20
1.34559e-20
1.32663e-20
1.3077e-20
1.28881e-20
1.26995e-20
1.25115e-20
1.2324e-20
1.21371e-20
1.19508e-20
1.17652e-20
1.15804e-20
1.13963e-20
1.12131e-20
1.10308e-20
1.08494e-20
1.0669e-20
1.04896e-20
1.03113e-20
1.01341e-20
9.95802e-21
9.78313e-21
9.60945e-21
9.43702e-21
9.26587e-21
9.09603e-21
8.92755e-21
8.76044e-21
8.59473e-21
8.43045e-21
8.26763e-21
8.10629e-21
7.94645e-21
7.78814e-21
7.63137e-21
7.47617e-21
7.32256e-21
7.17057e-21
7.02021e-21
6.87151e-21
6.72448e-21
6.57914e-21
6.43551e-21
6.29361e-21
6.15345e-21
6.01506e-21
5.87847e-21
5.74369e-21
5.61073e-21
5.47963e-21
5.35037e-21
5.223e-21
5.09754e-21
4.97399e-21
4.8524e-21
4.73276e-21
4.61509e-21
4.49941e-21
4.38571e-21
4.27401e-21
4.1643e-21
4.05658e-21
3.95086e-21
3.84714e-21
3.74539e-21
3.64562e-21
3.54783e-21
3.45199e-21
3.3581e-21
3.26614e-21
3.17611e-21
3.08798e-21
3.00174e-21
2.91738e-21
2.83487e-21
2.7542e-21
2.67534e-21
2.59829e-21
2.523e-21
2.44947e-21
2.37767e-21
2.30758e-21
2.23917e-21
2.17243e-21
2.10732e-21
2.04382e-21
1.98191e-21
1.92156e-21
1.86274e-21
1.80544e-21
1.74962e-21
1.69526e-21
1.64233e-21
1.59081e-21
1.54067e-21
1.49188e-21
1.44442e-21
1.39826e-21
1.35337e-21
1.30974e-21
1.26733e-21
1.22611e-21
1.18607e-21
1.14717e-21
1.1094e-21
1.07272e-21
1.03711e-21
1.00255e-21
9.69012e-22
9.36472e-22
9.04906e-22
8.7429e-22
8.44603e-22
8.1582e-22
7.87919e-22
7.60879e-22
7.34676e-22
7.0929e-22
6.84699e-22
6.60883e-22
6.3782e-22
6.15491e-22
5.93875e-22
5.72954e-22
5.52708e-22
5.33119e-22
5.14168e-22
4.95837e-22
4.78109e-22
4.60966e-22
4.44392e-22
4.2837e-22
4.12883e-22
3.97917e-22
3.83455e-22
3.69482e-22
3.55985e-22
3.42948e-22
3.30357e-22
3.18199e-22
3.06461e-22
2.95129e-22
2.8419e-22
2.73633e-22
2.63446e-22
2.53615e-22
2.44131e-22
2.34982e-22
2.26158e-22
2.17647e-22
2.09439e-22
2.01525e-22
1.93896e-22
1.8654e-22
1.7945e-22
1.72617e-22
1.66032e-22
1.59686e-22
1.53572e-22
1.47681e-22
1.42007e-22
1.36541e-22
1.31277e-22
1.26207e-22
1.21325e-22
1.16625e-22
1.12099e-22
1.07742e-22
1.03548e-22
9.95118e-23
9.56267e-23
9.18879e-23
8.82901e-23
8.48283e-23
8.14977e-23
7.82934e-23
7.5211e-23
7.22461e-23
6.93943e-23
6.66516e-23
6.4014e-23
6.14777e-23
5.90389e-23
5.6694e-23
5.44396e-23
5.22724e-23
5.01891e-23
4.81866e-23
4.62619e-23
4.4412e-23
4.26343e-23
4.09259e-23
3.92843e-23
3.7707e-23
3.61915e-23
3.47354e-23
3.33367e-23
3.19929e-23
3.07022e-23
2.94624e-23
2.82716e-23
2.71279e-23
2.60296e-23
2.49748e-23
2.39619e-23
2.29893e-23
2.20554e-23
2.11587e-23
2.02978e-23
1.94713e-23
1.86779e-23
1.79162e-23
1.71851e-23
1.64833e-23
1.58097e-23
1.51631e-23
1.45426e-23
1.39471e-23
1.33755e-23
1.28271e-23
1.23008e-23
1.17958e-23
1.13112e-23
1.08462e-23
1.04001e-23
9.97206e-24
9.56142e-24
9.16747e-24
8.78953e-24
8.42698e-24
8.07919e-24
7.74558e-24
7.42558e-24
7.11864e-24
6.82424e-24
6.54187e-24
6.27106e-24
6.01133e-24
5.76224e-24
5.52335e-24
5.29427e-24
5.07459e-24
4.86392e-24
4.66192e-24
4.46822e-24
4.28249e-24
4.1044e-24
3.93365e-24
3.76994e-24
3.61297e-24
3.46248e-24
3.31821e-24
3.17989e-24
3.04729e-24
2.92016e-24
2.7983e-24
2.68148e-24
2.5695e-24
2.46215e-24
2.35925e-24
2.26062e-24
2.16608e-24
2.07546e-24
1.98861e-24
1.90536e-24
1.82557e-24
1.7491e-24
1.67581e-24
1.60556e-24
1.53824e-24
1.47372e-24
1.41189e-24
1.35264e-24
1.29585e-24
1.24144e-24
1.18929e-24
1.13932e-24
1.09143e-24
1.04555e-24
1.00158e-24
9.59449e-25
9.19078e-25
8.80396e-25
8.43331e-25
8.07817e-25
7.7379e-25
7.41187e-25
7.0995e-25
6.80021e-25
6.51347e-25
6.23874e-25
5.97554e-25
5.72337e-25
5.48179e-25
5.25034e-25
5.02862e-25
4.8162e-25
4.61271e-25
4.41776e-25
4.23101e-25
4.05211e-25
3.88074e-25
3.71657e-25
3.55932e-25
3.40868e-25
3.26438e-25
3.12616e-25
2.99376e-25
2.86694e-25
2.74547e-25
2.62912e-25
2.51767e-25
2.41093e-25
2.30869e-25
2.21076e-25
2.11697e-25
2.02714e-25
1.9411e-25
1.8587e-25
1.77978e-25
1.7042e-25
1.63181e-25
1.56249e-25
1.4961e-25
1.43252e-25
1.37163e-25
1.31332e-25
1.25747e-25
1.204e-25
1.15279e-25
1.10376e-25
1.0568e-25
1.01183e-25
9.68776e-26
9.27548e-26
8.8807e-26
8.50269e-26
8.14075e-26
7.79419e-26
7.46238e-26
7.14467e-26
6.8405e-26
6.54927e-26
6.27045e-26
6.00351e-26
5.74795e-26
5.50329e-26
5.26907e-26
5.04485e-26
4.83021e-26
4.62474e-26
4.42806e-26
4.2398e-26
4.0596e-26
3.88712e-26
3.72203e-26
3.56403e-26
3.41282e-26
3.2681e-26
3.12961e-26
2.99708e-26
2.87027e-26
2.74893e-26
2.63283e-26
2.52175e-26
2.41548e-26
2.31383e-26
2.21659e-26
2.12358e-26
2.03462e-26
1.94956e-26
1.86821e-26
1.79044e-26
1.71608e-26
1.645e-26
1.57707e-26
1.51215e-26
1.45012e-26
1.39086e-26
1.33426e-26
1.28022e-26
1.22861e-26
1.17936e-26
1.13236e-26
1.08752e-26
1.04476e-26
1.004e-26
9.6515e-27
9.28149e-27
8.9292e-27
8.59396e-27
8.27514e-27
7.97212e-27
7.68431e-27
7.41117e-27
7.15218e-27
6.90684e-27
6.67467e-27
6.45524e-27
6.24813e-27
6.05293e-27
5.86928e-27
5.69683e-27
5.53524e-27
5.38421e-27
5.24345e-27
5.1127e-27
4.99171e-27
4.88024e-27
4.7781e-27
4.68508e-27
4.60101e-27
4.52575e-27
4.45914e-27
4.40107e-27
4.35143e-27
4.31014e-27
4.27711e-27
4.25231e-27
4.23568e-27
4.2272e-27
4.22687e-27
4.23469e-27
4.2507e-27
4.27492e-27
4.30744e-27
4.34845e-27
4.39833e-27
4.4573e-27
4.52567e-27
4.60355e-27
4.69107e-27
4.78837e-27
4.8956e-27
5.01294e-27
5.1406e-27
5.2788e-27
5.42777e-27
