12.5
1e+16
5e+17
50
12.5
20969.1
2.59976e-20
2.59441e-20
2.57874e-20
2.56208e-20
2.54498e-20
2.52756e-20
2.5099e-20
2.49203e-20
2.474e-20
2.45581e-20
2.43749e-20
2.41904e-20
2.40047e-20
2.38176e-20
2.36291e-20
2.34394e-20
2.32483e-20
2.30561e-20
2.28626e-20
2.2668e-20
2.24722e-20
2.22754e-20
2.20775e-20
2.18787e-20
2.1679e-20
2.14783e-20
2.12769e-20
2.10747e-20
2.08717e-20
2.06681e-20
2.04638e-20
2.02589e-20
2.00536e-20
1.98477e-20
1.96414e-20
1.94347e-20
1.92277e-20
1.90205e-20
1.88129e-20
1.86052e-20
1.83974e-20
1.81895e-20
1.79815e-20
1.77736e-20
1.75657e-20
1.73578e-20
1.71502e-20
1.69427e-20
1.67355e-20
1.65285e-20
1.63219e-20
1.61157e-20
1.59098e-20
1.57044e-20
1.54995e-20
1.52951e-20
1.50913e-20
1.48882e-20
1.46856e-20
1.44838e-20
1.42827e-20
1.40823e-20
1.38828e-20
1.3684e-20
1.34862e-20
1.32892e-20
1.30932e-20
1.28981e-20
1.2704e-20
1.2511e-20
1.2319e-20
1.2128e-20
1.19382e-20
1.17495e-20
1.1562e-20
1.13756e-20
1.11904e-20
1.10065e-20
1.08238e-20
1.06424e-20
1.04622e-20
1.02834e-20
1.01059e-20
9.92973e-21
9.75492e-21
9.58148e-21
9.40943e-21
9.23878e-21
9.06954e-21
8.90173e-21
8.73535e-21
8.57042e-21
8.40695e-21
8.24494e-21
8.08441e-21
7.92536e-21
7.76779e-21
7.61172e-21
7.45715e-21
7.30411e-21
7.15261e-21
7.00266e-21
6.85428e-21
6.70747e-21
6.56226e-21
6.41865e-21
6.27666e-21
6.13631e-21
5.99764e-21
5.86068e-21
5.72544e-21
5.59196e-21
5.46025e-21
5.33034e-21
5.20224e-21
5.07602e-21
4.9517e-21
4.82931e-21
4.70889e-21
4.59045e-21
4.47402e-21
4.35961e-21
4.24722e-21
4.13688e-21
4.02857e-21
3.9223e-21
3.81808e-21
3.71589e-21
3.61573e-21
3.5176e-21
3.42149e-21
3.32737e-21
3.23525e-21
3.1451e-21
3.05691e-21
2.97067e-21
2.88634e-21
2.80392e-21
2.72339e-21
2.64471e-21
2.56788e-21
2.49286e-21
2.41964e-21
2.34818e-21
2.27846e-21
2.21046e-21
2.14416e-21
2.07952e-21
2.01651e-21
1.95512e-21
1.89531e-21
1.83705e-21
1.78033e-21
1.7251e-21
1.67134e-21
1.61904e-21
1.56814e-21
1.51864e-21
1.47049e-21
1.42368e-21
1.37817e-21
1.33394e-21
1.29097e-21
1.24921e-21
1.20865e-21
1.16926e-21
1.13101e-21
1.09387e-21
1.05783e-21
1.02285e-21
9.88906e-22
9.55979e-22
9.2404e-22
8.93065e-22
8.63031e-22
8.33914e-22
8.05689e-22
7.78335e-22
7.51828e-22
7.26147e-22
7.01268e-22
6.77172e-22
6.53836e-22
6.31241e-22
6.09365e-22
5.88189e-22
5.67694e-22
5.4786e-22
5.28668e-22
5.10101e-22
4.92141e-22
4.74769e-22
4.57969e-22
4.41725e-22
4.26019e-22
4.10835e-22
3.96159e-22
3.81975e-22
3.68268e-22
3.55023e-22
3.42227e-22
3.29866e-22
3.17926e-22
3.06394e-22
2.95258e-22
2.84505e-22
2.74123e-22
2.641e-22
2.54425e-22
2.45086e-22
2.36074e-22
2.27377e-22
2.18986e-22
2.10889e-22
2.03079e-22
1.95544e-22
1.88277e-22
1.81268e-22
1.74509e-22
1.67991e-22
1.61707e-22
1.55648e-22
1.49807e-22
1.44177e-22
1.3875e-22
1.33519e-22
1.28479e-22
1.23621e-22
1.18941e-22
1.14432e-22
1.10087e-22
1.05902e-22
1.01871e-22
9.79878e-23
9.42479e-23
9.06461e-23
8.71776e-23
8.38377e-23
8.06218e-23
7.75255e-23
7.45447e-23
7.1675e-23
6.89127e-23
6.62538e-23
6.36946e-23
6.12315e-23
5.88612e-23
5.65801e-23
5.43851e-23
5.22731e-23
5.0241e-23
4.82859e-23
4.6405e-23
4.45956e-23
4.28551e-23
4.11809e-23
3.95705e-23
3.80218e-23
3.65322e-23
3.50997e-23
3.37222e-23
3.23975e-23
3.11238e-23
2.98991e-23
2.87216e-23
2.75895e-23
2.65011e-23
2.54549e-23
2.44491e-23
2.34823e-23
2.2553e-23
2.16598e-23
2.08013e-23
1.99762e-23
1.91832e-23
1.84212e-23
1.76889e-23
1.69852e-23
1.6309e-23
1.56593e-23
1.5035e-23
1.44352e-23
1.3859e-23
1.33054e-23
1.27735e-23
1.22626e-23
1.17718e-23
1.13003e-23
1.08474e-23
1.04124e-23
9.99461e-24
9.59332e-24
9.2079e-24
8.83775e-24
8.48226e-24
8.14087e-24
7.81303e-24
7.49821e-24
7.1959e-24
6.90561e-24
6.62688e-24
6.35925e-24
6.10228e-24
5.85556e-24
5.61869e-24
5.39128e-24
5.17295e-24
4.96336e-24
4.76215e-24
4.56899e-24
4.38357e-24
4.20559e-24
4.03474e-24
3.87075e-24
3.71335e-24
3.56227e-24
3.41727e-24
3.27809e-24
3.14452e-24
3.01633e-24
2.89331e-24
2.77524e-24
2.66194e-24
2.55321e-24
2.44887e-24
2.34875e-24
2.25267e-24
2.16048e-24
2.07202e-24
1.98715e-24
1.90571e-24
1.82757e-24
1.7526e-24
1.68067e-24
1.61167e-24
1.54546e-24
1.48195e-24
1.42102e-24
1.36256e-24
1.30649e-24
1.25269e-24
1.20109e-24
1.15159e-24
1.10411e-24
1.05857e-24
1.01488e-24
9.72983e-25
9.32794e-25
8.94246e-25
8.57275e-25
8.21816e-25
7.87809e-25
7.55193e-25
7.23914e-25
6.93917e-25
6.65149e-25
6.37561e-25
6.11106e-25
5.85737e-25
5.61409e-25
5.38082e-25
5.15713e-25
4.94265e-25
4.73699e-25
4.5398e-25
4.35073e-25
4.16945e-25
3.99565e-25
3.82901e-25
3.66925e-25
3.51608e-25
3.36924e-25
3.22847e-25
3.09352e-25
2.96414e-25
2.84013e-25
2.72124e-25
2.60728e-25
2.49804e-25
2.39333e-25
2.29296e-25
2.19676e-25
2.10455e-25
2.01617e-25
1.93146e-25
1.85027e-25
1.77247e-25
1.69789e-25
1.62643e-25
1.55794e-25
1.4923e-25
1.4294e-25
1.36913e-25
1.31137e-25
1.25602e-25
1.20299e-25
1.15217e-25
1.10348e-25
1.05683e-25
1.01213e-25
9.69299e-26
9.28266e-26
8.88954e-26
8.51292e-26
8.15211e-26
7.80646e-26
7.47534e-26
7.15815e-26
6.85431e-26
6.56327e-26
6.28449e-26
6.01747e-26
5.76172e-26
5.51677e-26
5.28217e-26
5.05749e-26
4.84232e-26
4.63627e-26
4.43895e-26
4.25e-26
4.06907e-26
3.89583e-26
3.72997e-26
3.57116e-26
3.41913e-26
3.27358e-26
3.13425e-26
3.00088e-26
2.87322e-26
2.75103e-26
2.63409e-26
2.52218e-26
2.41508e-26
2.31261e-26
2.21457e-26
2.12077e-26
2.03104e-26
1.94521e-26
1.86312e-26
1.78461e-26
1.70955e-26
1.63778e-26
1.56917e-26
1.5036e-26
1.44093e-26
1.38106e-26
1.32386e-26
1.26923e-26
1.21707e-26
1.16728e-26
1.11976e-26
1.07442e-26
1.03118e-26
9.89952e-27
9.50663e-27
9.13237e-27
8.77601e-27
8.43689e-27
8.11437e-27
7.80782e-27
7.51667e-27
7.24037e-27
6.97838e-27
6.73023e-27
6.49542e-27
6.27353e-27
6.06413e-27
5.86682e-27
5.68124e-27
5.50704e-27
5.34389e-27
5.19148e-27
5.04953e-27
4.91779e-27
4.796e-27
4.68394e-27
4.58142e-27
4.48825e-27
4.40425e-27
4.32929e-27
4.26324e-27
4.20598e-27
4.15743e-27
4.1175e-27
4.08614e-27
4.06331e-27
4.04899e-27
4.04317e-27
4.04588e-27
4.05725e-27
4.07762e-27
4.10714e-27
4.14607e-27
4.19448e-27
4.25247e-27
4.32014e-27
4.39761e-27
4.48505e-27
4.58261e-27
4.69049e-27
4.80891e-27
