7.5
1e+16
5e+17
50
7.50001
16242.6
4.33866e-20
4.33511e-20
4.32426e-20
4.31229e-20
4.29952e-20
4.28605e-20
4.27191e-20
4.25712e-20
4.24171e-20
4.22568e-20
4.20906e-20
4.19186e-20
4.17409e-20
4.15576e-20
4.13687e-20
4.11744e-20
4.09747e-20
4.07696e-20
4.05592e-20
4.03436e-20
4.01228e-20
3.98971e-20
3.96664e-20
3.94308e-20
3.91905e-20
3.89456e-20
3.8696e-20
3.84421e-20
3.81838e-20
3.79213e-20
3.76547e-20
3.7384e-20
3.71094e-20
3.68311e-20
3.6549e-20
3.62635e-20
3.59744e-20
3.5682e-20
3.53864e-20
3.50877e-20
3.4786e-20
3.44815e-20
3.41742e-20
3.38643e-20
3.35518e-20
3.3237e-20
3.29199e-20
3.26007e-20
3.22794e-20
3.19562e-20
3.16312e-20
3.13046e-20
3.09763e-20
3.06467e-20
3.03157e-20
2.99834e-20
2.96501e-20
2.93158e-20
2.89807e-20
2.86447e-20
2.83082e-20
2.79711e-20
2.76335e-20
2.72957e-20
2.69576e-20
2.66195e-20
2.62813e-20
2.59432e-20
2.56054e-20
2.52678e-20
2.49307e-20
2.4594e-20
2.42579e-20
2.39225e-20
2.35879e-20
2.32542e-20
2.29214e-20
2.25897e-20
2.22591e-20
2.19297e-20
2.16016e-20
2.12748e-20
2.09495e-20
2.06258e-20
2.03036e-20
1.99831e-20
1.96643e-20
1.93474e-20
1.90323e-20
1.87191e-20
1.84079e-20
1.80988e-20
1.77918e-20
1.7487e-20
1.71843e-20
1.6884e-20
1.6586e-20
1.62903e-20
1.5997e-20
1.57062e-20
1.54179e-20
1.51321e-20
1.48489e-20
1.45683e-20
1.42903e-20
1.4015e-20
1.37424e-20
1.34725e-20
1.32054e-20
1.29411e-20
1.26795e-20
1.24208e-20
1.21649e-20
1.19118e-20
1.16616e-20
1.14143e-20
1.11699e-20
1.09284e-20
1.06898e-20
1.04541e-20
1.02213e-20
9.99149e-21
9.76457e-21
9.54058e-21
9.31952e-21
9.10138e-21
8.88617e-21
8.6739e-21
8.46457e-21
8.25821e-21
8.0548e-21
7.85435e-21
7.65686e-21
7.46233e-21
7.27075e-21
7.08213e-21
6.89647e-21
6.71376e-21
6.53403e-21
6.35728e-21
6.18352e-21
6.01278e-21
5.84505e-21
5.68034e-21
5.51865e-21
5.35997e-21
5.2043e-21
5.05165e-21
4.90205e-21
4.7555e-21
4.61203e-21
4.47162e-21
4.33428e-21
4.2e-21
4.06877e-21
3.94058e-21
3.81541e-21
3.69324e-21
3.57404e-21
3.4578e-21
3.34447e-21
3.23403e-21
3.12645e-21
3.02169e-21
2.91971e-21
2.82047e-21
2.72395e-21
2.63009e-21
2.53884e-21
2.45018e-21
2.36406e-21
2.28042e-21
2.19923e-21
2.12044e-21
2.044e-21
1.96986e-21
1.89799e-21
1.82832e-21
1.76082e-21
1.69543e-21
1.63211e-21
1.57082e-21
1.51149e-21
1.4541e-21
1.39858e-21
1.3449e-21
1.29301e-21
1.24286e-21
1.19441e-21
1.14761e-21
1.10242e-21
1.0588e-21
1.01669e-21
9.76071e-22
9.36886e-22
8.99098e-22
8.62666e-22
8.2755e-22
7.93712e-22
7.61113e-22
7.29716e-22
6.99484e-22
6.7038e-22
6.42369e-22
6.15416e-22
5.89488e-22
5.64552e-22
5.40574e-22
5.17524e-22
4.9537e-22
4.74083e-22
4.53634e-22
4.33992e-22
4.15132e-22
3.97024e-22
3.79645e-22
3.62966e-22
3.46964e-22
3.31615e-22
3.16894e-22
3.02779e-22
2.89247e-22
2.76278e-22
2.6385e-22
2.51942e-22
2.40536e-22
2.29613e-22
2.19153e-22
2.09139e-22
1.99554e-22
1.90381e-22
1.81604e-22
1.73208e-22
1.65177e-22
1.57496e-22
1.50153e-22
1.43132e-22
1.36422e-22
1.30009e-22
1.23882e-22
1.18028e-22
1.12437e-22
1.07096e-22
1.01997e-22
9.71287e-23
9.24814e-23
8.80458e-23
8.38129e-23
7.97741e-23
7.5921e-23
7.22457e-23
6.87405e-23
6.53979e-23
6.22109e-23
5.91726e-23
5.62766e-23
5.35166e-23
5.08864e-23
4.83804e-23
4.5993e-23
4.37189e-23
4.15529e-23
3.94903e-23
3.75263e-23
3.56565e-23
3.38765e-23
3.21822e-23
3.05698e-23
2.90354e-23
2.75754e-23
2.61864e-23
2.48652e-23
2.36084e-23
2.24132e-23
2.12766e-23
2.01958e-23
1.91683e-23
1.81916e-23
1.72631e-23
1.63807e-23
1.5542e-23
1.47452e-23
1.3988e-23
1.32686e-23
1.25853e-23
1.19362e-23
1.13197e-23
1.07343e-23
1.01783e-23
9.6504e-24
9.14922e-24
8.67342e-24
8.22178e-24
7.79309e-24
7.38622e-24
7.00011e-24
6.63372e-24
6.28607e-24
5.95624e-24
5.64333e-24
5.3465e-24
5.06495e-24
4.79791e-24
4.54465e-24
4.30449e-24
4.07675e-24
3.86083e-24
3.6561e-24
3.46202e-24
3.27804e-24
3.10365e-24
2.93836e-24
2.7817e-24
2.63324e-24
2.49256e-24
2.35925e-24
2.23294e-24
2.11328e-24
1.99991e-24
1.89251e-24
1.79079e-24
1.69443e-24
1.60317e-24
1.51674e-24
1.43489e-24
1.35739e-24
1.284e-24
1.21451e-24
1.14872e-24
1.08644e-24
1.02748e-24
9.71668e-25
9.18839e-25
8.68836e-25
8.21512e-25
7.76725e-25
7.34341e-25
6.94235e-25
6.56284e-25
6.20377e-25
5.86404e-25
5.54263e-25
5.23857e-25
4.95094e-25
4.67887e-25
4.42152e-25
4.17811e-25
3.94791e-25
3.7302e-25
3.52432e-25
3.32963e-25
3.14554e-25
2.97148e-25
2.80691e-25
2.65132e-25
2.50423e-25
2.36518e-25
2.23374e-25
2.1095e-25
1.99206e-25
1.88107e-25
1.77618e-25
1.67704e-25
1.58336e-25
1.49484e-25
1.4112e-25
1.33216e-25
1.25749e-25
1.18695e-25
1.1203e-25
1.05734e-25
9.97874e-26
9.41699e-26
8.8864e-26
8.38527e-26
7.912e-26
7.46504e-26
7.04296e-26
6.6444e-26
6.26807e-26
5.91273e-26
5.57725e-26
5.26052e-26
4.96151e-26
4.67924e-26
4.4128e-26
4.1613e-26
3.92393e-26
3.69989e-26
3.48846e-26
3.28893e-26
3.10064e-26
2.92297e-26
2.75532e-26
2.59715e-26
2.44792e-26
2.30714e-26
2.17433e-26
2.04905e-26
1.93088e-26
1.81943e-26
1.71431e-26
1.61517e-26
1.52167e-26
1.43351e-26
1.35038e-26
1.27199e-26
1.19809e-26
1.12842e-26
1.06273e-26
1.00081e-26
9.42446e-27
8.87433e-27
8.35582e-27
7.86715e-27
7.40663e-27
6.97266e-27
6.56374e-27
6.17845e-27
5.81543e-27
5.47343e-27
5.15125e-27
4.84776e-27
4.56189e-27
4.29263e-27
4.03904e-27
3.80022e-27
3.57533e-27
3.36356e-27
3.16417e-27
2.97644e-27
2.79971e-27
2.63334e-27
2.47673e-27
2.32933e-27
2.1906e-27
2.06005e-27
1.93719e-27
1.82159e-27
1.71283e-27
1.61051e-27
1.51426e-27
1.42372e-27
1.33857e-27
1.25849e-27
1.18319e-27
1.1124e-27
1.04584e-27
9.8328e-28
9.24482e-28
8.69228e-28
8.17313e-28
7.68543e-28
7.22736e-28
6.79721e-28
6.39337e-28
6.0143e-28
5.6586e-28
5.32491e-28
5.01197e-28
4.7186e-28
4.44368e-28
4.18617e-28
3.94508e-28
3.7195e-28
3.50857e-28
3.31147e-28
3.12744e-28
2.95579e-28
2.79585e-28
2.647e-28
2.50866e-28
2.38031e-28
2.26144e-28
2.1516e-28
2.05035e-28
1.9573e-28
1.8721e-28
1.7944e-28
1.72391e-28
1.66034e-28
1.60359e-28
1.5536e-28
1.51019e-28
1.47325e-28
1.44265e-28
1.4184e-28
1.40038e-28
1.38851e-28
1.38273e-28
1.383e-28
1.38931e-28
1.40168e-28
1.42015e-28
1.44478e-28
1.47565e-28
1.51289e-28
1.55662e-28
1.60703e-28
1.66431e-28
1.72867e-28
