7.5
5e+16
5e+17
50
7.49998
16242.6
4.19393e-20
4.19288e-20
4.18912e-20
4.18449e-20
4.17904e-20
4.17282e-20
4.16581e-20
4.15804e-20
4.1495e-20
4.14021e-20
4.13017e-20
4.11939e-20
4.10787e-20
4.09563e-20
4.08266e-20
4.06898e-20
4.05459e-20
4.03951e-20
4.02372e-20
4.00726e-20
3.99011e-20
3.9723e-20
3.95383e-20
3.93471e-20
3.91496e-20
3.89458e-20
3.87358e-20
3.85197e-20
3.82978e-20
3.80699e-20
3.78364e-20
3.75973e-20
3.73528e-20
3.71029e-20
3.68478e-20
3.65876e-20
3.63225e-20
3.60526e-20
3.5778e-20
3.54988e-20
3.52153e-20
3.49275e-20
3.46356e-20
3.43397e-20
3.404e-20
3.37366e-20
3.34296e-20
3.31193e-20
3.28057e-20
3.2489e-20
3.21694e-20
3.1847e-20
3.15219e-20
3.11942e-20
3.08643e-20
3.05321e-20
3.01978e-20
2.98616e-20
2.95236e-20
2.9184e-20
2.88429e-20
2.85004e-20
2.81567e-20
2.7812e-20
2.74664e-20
2.71199e-20
2.67728e-20
2.64252e-20
2.60772e-20
2.5729e-20
2.53807e-20
2.50323e-20
2.46841e-20
2.43362e-20
2.39887e-20
2.36417e-20
2.32953e-20
2.29496e-20
2.26048e-20
2.22611e-20
2.19183e-20
2.15768e-20
2.12366e-20
2.08978e-20
2.05605e-20
2.02248e-20
1.98908e-20
1.95587e-20
1.92283e-20
1.89e-20
1.85737e-20
1.82496e-20
1.79277e-20
1.76081e-20
1.72909e-20
1.69761e-20
1.66639e-20
1.63542e-20
1.60472e-20
1.57429e-20
1.54413e-20
1.51426e-20
1.48468e-20
1.45539e-20
1.4264e-20
1.39771e-20
1.36932e-20
1.34125e-20
1.31349e-20
1.28605e-20
1.25894e-20
1.23214e-20
1.20568e-20
1.17954e-20
1.15373e-20
1.12826e-20
1.10313e-20
1.07833e-20
1.05387e-20
1.02975e-20
1.00598e-20
9.82541e-21
9.59448e-21
9.36698e-21
9.14291e-21
8.92226e-21
8.70505e-21
8.49126e-21
8.2809e-21
8.07396e-21
7.87044e-21
7.67033e-21
7.47363e-21
7.28031e-21
7.09037e-21
6.90379e-21
6.72057e-21
6.54068e-21
6.36412e-21
6.19088e-21
6.02093e-21
5.85427e-21
5.69087e-21
5.53073e-21
5.37381e-21
5.2201e-21
5.06956e-21
4.92219e-21
4.77797e-21
4.63687e-21
4.49888e-21
4.36398e-21
4.23213e-21
4.1033e-21
3.97748e-21
3.85463e-21
3.73471e-21
3.61769e-21
3.50353e-21
3.39221e-21
3.28368e-21
3.17791e-21
3.07484e-21
2.97446e-21
2.8767e-21
2.78154e-21
2.68893e-21
2.59882e-21
2.51118e-21
2.42596e-21
2.34312e-21
2.26261e-21
2.18439e-21
2.10842e-21
2.03465e-21
1.96304e-21
1.89354e-21
1.82611e-21
1.7607e-21
1.69727e-21
1.63579e-21
1.57619e-21
1.51845e-21
1.46252e-21
1.40835e-21
1.3559e-21
1.30514e-21
1.25602e-21
1.2085e-21
1.16254e-21
1.1181e-21
1.07514e-21
1.03362e-21
9.93498e-22
9.54747e-22
9.17323e-22
8.81191e-22
8.46315e-22
8.12659e-22
7.80189e-22
7.48869e-22
7.18667e-22
6.8955e-22
6.61486e-22
6.34442e-22
6.08388e-22
5.83293e-22
5.59128e-22
5.35864e-22
5.13472e-22
4.91925e-22
4.71195e-22
4.51255e-22
4.32081e-22
4.13647e-22
3.95927e-22
3.78899e-22
3.62539e-22
3.46824e-22
3.31731e-22
3.1724e-22
3.03329e-22
2.89979e-22
2.77168e-22
2.64878e-22
2.5309e-22
2.41786e-22
2.30949e-22
2.2056e-22
2.10604e-22
2.01065e-22
1.91927e-22
1.83174e-22
1.74792e-22
1.66768e-22
1.59086e-22
1.51735e-22
1.44701e-22
1.37971e-22
1.31534e-22
1.25379e-22
1.19493e-22
1.13867e-22
1.08489e-22
1.0335e-22
9.84403e-23
9.37499e-23
8.927e-23
8.4992e-23
8.09075e-23
7.70084e-23
7.32869e-23
6.97355e-23
6.6347e-23
6.31146e-23
6.00314e-23
5.70911e-23
5.42876e-23
5.16149e-23
4.90672e-23
4.66392e-23
4.43256e-23
4.21213e-23
4.00215e-23
3.80216e-23
3.6117e-23
3.43035e-23
3.25771e-23
3.09337e-23
2.93696e-23
2.78812e-23
2.6465e-23
2.51178e-23
2.38363e-23
2.26175e-23
2.14585e-23
2.03565e-23
1.93089e-23
1.83131e-23
1.73666e-23
1.64672e-23
1.56126e-23
1.48007e-23
1.40295e-23
1.3297e-23
1.26013e-23
1.19407e-23
1.13135e-23
1.07181e-23
1.0153e-23
9.61661e-24
9.10759e-24
8.6246e-24
8.16636e-24
7.73166e-24
7.31933e-24
6.92828e-24
6.55743e-24
6.2058e-24
5.87242e-24
5.55638e-24
5.25681e-24
4.97289e-24
4.70383e-24
4.44888e-24
4.20732e-24
3.97848e-24
3.76171e-24
3.5564e-24
3.36195e-24
3.17783e-24
3.00349e-24
2.83843e-24
2.68218e-24
2.53428e-24
2.3943e-24
2.26183e-24
2.13648e-24
2.01788e-24
1.90567e-24
1.79953e-24
1.69913e-24
1.60418e-24
1.51439e-24
1.42948e-24
1.3492e-24
1.2733e-24
1.20156e-24
1.13374e-24
1.06965e-24
1.00909e-24
9.51856e-25
8.97783e-25
8.46698e-25
7.98441e-25
7.5286e-25
7.09811e-25
6.69157e-25
6.30769e-25
5.94525e-25
5.60307e-25
5.28005e-25
4.97517e-25
4.68741e-25
4.41586e-25
4.15962e-25
3.91785e-25
3.68976e-25
3.4746e-25
3.27165e-25
3.08024e-25
2.89974e-25
2.72953e-25
2.56905e-25
2.41775e-25
2.27513e-25
2.1407e-25
2.014e-25
1.89461e-25
1.78211e-25
1.67611e-25
1.57625e-25
1.48218e-25
1.39358e-25
1.31014e-25
1.23156e-25
1.15757e-25
1.08791e-25
1.02233e-25
9.60601e-26
9.02502e-26
8.47824e-26
7.96373e-26
7.47962e-26
7.02417e-26
6.59573e-26
6.19274e-26
5.81373e-26
5.45732e-26
5.12218e-26
4.80709e-26
4.51087e-26
4.23244e-26
3.97074e-26
3.7248e-26
3.49371e-26
3.27657e-26
3.07259e-26
2.88097e-26
2.70099e-26
2.53197e-26
2.37325e-26
2.22423e-26
2.08432e-26
1.95298e-26
1.82971e-26
1.71402e-26
1.60546e-26
1.50359e-26
1.40803e-26
1.31838e-26
1.2343e-26
1.15544e-26
1.08149e-26
1.01215e-26
9.47152e-27
8.86218e-27
8.29105e-27
7.7558e-27
7.25424e-27
6.7843e-27
6.34404e-27
5.93164e-27
5.54537e-27
5.18364e-27
4.84492e-27
4.52778e-27
4.23089e-27
3.95299e-27
3.6929e-27
3.4495e-27
3.22175e-27
3.00868e-27
2.80936e-27
2.62292e-27
2.44857e-27
2.28552e-27
2.13308e-27
1.99057e-27
1.85735e-27
1.73285e-27
1.6165e-27
1.50778e-27
1.40621e-27
1.31133e-27
1.22271e-27
1.13995e-27
1.06267e-27
9.90521e-28
9.23168e-28
8.60303e-28
8.01635e-28
7.46891e-28
6.95817e-28
6.48174e-28
6.03738e-28
5.62299e-28
5.23662e-28
4.87644e-28
4.54073e-28
4.22787e-28
3.93638e-28
3.66484e-28
3.41195e-28
3.17646e-28
2.95725e-28
2.75323e-28
2.5634e-28
2.38682e-28
2.22263e-28
2.07001e-28
1.92819e-28
1.79646e-28
1.67417e-28
1.5607e-28
1.45548e-28
1.35796e-28
1.26765e-28
1.18408e-28
1.10684e-28
1.03551e-28
9.69732e-29
9.09158e-29
8.53471e-29
8.02379e-29
7.5561e-29
7.12915e-29
6.74067e-29
6.38856e-29
6.0709e-29
5.78592e-29
5.53248e-29
5.30962e-29
5.11611e-29
4.951e-29
4.81336e-29
4.70269e-29
4.61825e-29
4.55941e-29
4.52568e-29
4.51669e-29
4.53219e-29
4.57207e-29
4.63632e-29
4.72505e-29
4.83852e-29
4.97708e-29
5.1412e-29
5.3315e-29
5.54869e-29
5.79362e-29
