5
5e+17
1e+18
49.9996
4.99989
13262.1
7.64939e-20
7.64899e-20
7.64643e-20
7.64242e-20
7.63692e-20
7.62991e-20
7.6214e-20
7.61139e-20
7.59989e-20
7.5869e-20
7.57243e-20
7.5565e-20
7.5391e-20
7.52025e-20
7.49997e-20
7.47825e-20
7.45512e-20
7.43059e-20
7.40467e-20
7.37738e-20
7.34873e-20
7.31874e-20
7.28743e-20
7.25482e-20
7.22092e-20
7.18575e-20
7.14934e-20
7.1117e-20
7.07286e-20
7.03283e-20
6.99165e-20
6.94932e-20
6.90589e-20
6.86136e-20
6.81577e-20
6.76914e-20
6.7215e-20
6.67287e-20
6.62328e-20
6.57275e-20
6.52132e-20
6.469e-20
6.41583e-20
6.36184e-20
6.30705e-20
6.25149e-20
6.1952e-20
6.13819e-20
6.0805e-20
6.02216e-20
5.9632e-20
5.90364e-20
5.84352e-20
5.78286e-20
5.7217e-20
5.66007e-20
5.59798e-20
5.53548e-20
5.4726e-20
5.40935e-20
5.34577e-20
5.2819e-20
5.21775e-20
5.15336e-20
5.08875e-20
5.02396e-20
4.95901e-20
4.89393e-20
4.82874e-20
4.76348e-20
4.69816e-20
4.63283e-20
4.56749e-20
4.50219e-20
4.43693e-20
4.37176e-20
4.30669e-20
4.24174e-20
4.17695e-20
4.11233e-20
4.0479e-20
3.9837e-20
3.91973e-20
3.85603e-20
3.79261e-20
3.72949e-20
3.66669e-20
3.60424e-20
3.54214e-20
3.48043e-20
3.41911e-20
3.35821e-20
3.29773e-20
3.2377e-20
3.17813e-20
3.11904e-20
3.06044e-20
3.00234e-20
2.94476e-20
2.88772e-20
2.83121e-20
2.77526e-20
2.71987e-20
2.66506e-20
2.61083e-20
2.5572e-20
2.50417e-20
2.45176e-20
2.39996e-20
2.34879e-20
2.29825e-20
2.24836e-20
2.1991e-20
2.1505e-20
2.10256e-20
2.05527e-20
2.00865e-20
1.96269e-20
1.9174e-20
1.87278e-20
1.82884e-20
1.78557e-20
1.74298e-20
1.70106e-20
1.65982e-20
1.61926e-20
1.57937e-20
1.54015e-20
1.50161e-20
1.46374e-20
1.42654e-20
1.39e-20
1.35413e-20
1.31892e-20
1.28437e-20
1.25047e-20
1.21722e-20
1.18462e-20
1.15266e-20
1.12133e-20
1.09064e-20
1.06057e-20
1.03112e-20
1.00229e-20
9.74067e-21
9.46446e-21
9.19421e-21
8.92987e-21
8.67136e-21
8.41863e-21
8.17159e-21
7.93018e-21
7.69433e-21
7.46396e-21
7.239e-21
7.01938e-21
6.80503e-21
6.59586e-21
6.3918e-21
6.19278e-21
5.99871e-21
5.80952e-21
5.62513e-21
5.44545e-21
5.27042e-21
5.09995e-21
4.93396e-21
4.77237e-21
4.6151e-21
4.46208e-21
4.31322e-21
4.16846e-21
4.0277e-21
3.89087e-21
3.75789e-21
3.62869e-21
3.50319e-21
3.38131e-21
3.26298e-21
3.14812e-21
3.03665e-21
2.92851e-21
2.82361e-21
2.7219e-21
2.62328e-21
2.52771e-21
2.43509e-21
2.34537e-21
2.25848e-21
2.17434e-21
2.09289e-21
2.01406e-21
1.93779e-21
1.86401e-21
1.79265e-21
1.72366e-21
1.65698e-21
1.59253e-21
1.53026e-21
1.47012e-21
1.41204e-21
1.35596e-21
1.30183e-21
1.2496e-21
1.19921e-21
1.1506e-21
1.10373e-21
1.05854e-21
1.01499e-21
9.73016e-22
9.32582e-22
8.93638e-22
8.56137e-22
8.20035e-22
7.85288e-22
7.51852e-22
7.19686e-22
6.8875e-22
6.59002e-22
6.30404e-22
6.02919e-22
5.76509e-22
5.51138e-22
5.26771e-22
5.03374e-22
4.80914e-22
4.59357e-22
4.38673e-22
4.18831e-22
3.99801e-22
3.81554e-22
3.64062e-22
3.47298e-22
3.31235e-22
3.15848e-22
3.01111e-22
2.87001e-22
2.73493e-22
2.60566e-22
2.48197e-22
2.36364e-22
2.25048e-22
2.14228e-22
2.03884e-22
1.93999e-22
1.84554e-22
1.75531e-22
1.66914e-22
1.58686e-22
1.50832e-22
1.43336e-22
1.36183e-22
1.2936e-22
1.22853e-22
1.16649e-22
1.10734e-22
1.05097e-22
9.97259e-23
9.46092e-23
8.97361e-23
8.50961e-23
8.06789e-23
7.64749e-23
7.24747e-23
6.86693e-23
6.505e-23
6.16085e-23
5.83369e-23
5.52274e-23
5.22727e-23
4.94657e-23
4.67996e-23
4.4268e-23
4.18646e-23
3.95835e-23
3.74188e-23
3.53652e-23
3.34173e-23
3.15702e-23
2.9819e-23
2.81591e-23
2.65861e-23
2.50958e-23
2.36841e-23
2.23473e-23
2.10815e-23
1.98834e-23
1.87496e-23
1.76768e-23
1.66619e-23
1.57021e-23
1.47946e-23
1.39368e-23
1.3126e-23
1.23598e-23
1.16361e-23
1.09525e-23
1.0307e-23
9.69754e-24
9.12233e-24
8.57952e-24
8.0674e-24
7.58434e-24
7.12878e-24
6.69926e-24
6.29437e-24
5.91278e-24
5.55323e-24
5.21452e-24
4.89551e-24
4.59512e-24
4.31231e-24
4.04613e-24
3.79563e-24
3.55996e-24
3.33827e-24
3.12979e-24
2.93376e-24
2.74948e-24
2.57629e-24
2.41354e-24
2.26065e-24
2.11704e-24
1.98218e-24
1.85556e-24
1.7367e-24
1.62515e-24
1.52048e-24
1.42229e-24
1.3302e-24
1.24383e-24
1.16286e-24
1.08696e-24
1.01583e-24
9.49178e-25
8.8674e-25
8.28258e-25
7.73493e-25
7.22219e-25
6.74223e-25
6.29303e-25
5.87272e-25
5.4795e-25
5.1117e-25
4.76775e-25
4.44616e-25
4.14554e-25
3.86456e-25
3.602e-25
3.35669e-25
3.12755e-25
2.91355e-25
2.71372e-25
2.52716e-25
2.35303e-25
2.19052e-25
2.03889e-25
1.89743e-25
1.76549e-25
1.64245e-25
1.52773e-25
1.42078e-25
1.3211e-25
1.22821e-25
1.14166e-25
1.06103e-25
9.85935e-26
9.16005e-26
8.50895e-26
7.90283e-26
7.3387e-26
6.81373e-26
6.32528e-26
5.8709e-26
5.44828e-26
5.05527e-26
4.68985e-26
4.35015e-26
4.03441e-26
3.74099e-26
3.46836e-26
3.21509e-26
2.97983e-26
2.76136e-26
2.55849e-26
2.37016e-26
2.19534e-26
2.0331e-26
1.88255e-26
1.74288e-26
1.61332e-26
1.49315e-26
1.38172e-26
1.27841e-26
1.18264e-26
1.09387e-26
1.01161e-26
9.35384e-27
8.64773e-27
7.99368e-27
7.38796e-27
6.82709e-27
6.30783e-27
5.82717e-27
5.38231e-27
4.97065e-27
4.58979e-27
4.23746e-27
3.91158e-27
3.61022e-27
3.33158e-27
3.07398e-27
2.83588e-27
2.61584e-27
2.41251e-27
2.22467e-27
2.05115e-27
1.89089e-27
1.74291e-27
1.60629e-27
1.48017e-27
1.36377e-27
1.25635e-27
1.15725e-27
1.06583e-27
9.81506e-28
9.0375e-28
8.32059e-28
7.65973e-28
7.05064e-28
6.48937e-28
5.97228e-28
5.49597e-28
5.05732e-28
4.65344e-28
4.28165e-28
3.93948e-28
3.62464e-28
3.33502e-28
3.06867e-28
2.82378e-28
2.5987e-28
2.39188e-28
2.20191e-28
2.02748e-28
1.86737e-28
1.72047e-28
1.58577e-28
1.4623e-28
1.34919e-28
1.24565e-28
1.15092e-28
1.06434e-28
9.85256e-29
9.13108e-29
8.47359e-29
7.87521e-29
7.33145e-29
6.83821e-29
6.39169e-29
5.98844e-29
5.62528e-29
5.29932e-29
5.00789e-29
4.74857e-29
4.51916e-29
4.31764e-29
4.14219e-29
3.99114e-29
3.86294e-29
3.75634e-29
3.67039e-29
3.60418e-29
3.55683e-29
3.5275e-29
3.51554e-29
3.52023e-29
3.5412e-29
3.57802e-29
3.63023e-29
3.69739e-29
3.77919e-29
3.87536e-29
3.98569e-29
4.11007e-29
4.24842e-29
4.40073e-29
4.56704e-29
4.74745e-29
4.9421e-29
5.15119e-29
5.37495e-29
5.61367e-29
5.86768e-29
6.13735e-29
6.42309e-29
6.72536e-29
7.04466e-29
7.38151e-29
7.7365e-29
8.11024e-29
