12.5
1e+17
1e+19
49.9443
12.4999
20969.1
2.72601e-20
2.71907e-20
2.69886e-20
2.67756e-20
2.65585e-20
2.63391e-20
2.61184e-20
2.58968e-20
2.56747e-20
2.54523e-20
2.523e-20
2.50077e-20
2.47853e-20
2.45628e-20
2.43401e-20
2.41172e-20
2.38941e-20
2.36708e-20
2.34474e-20
2.32238e-20
2.30001e-20
2.27763e-20
2.25525e-20
2.23287e-20
2.21048e-20
2.18809e-20
2.16571e-20
2.14334e-20
2.12098e-20
2.09863e-20
2.0763e-20
2.05399e-20
2.0317e-20
2.00944e-20
1.98721e-20
1.96501e-20
1.94284e-20
1.92071e-20
1.89863e-20
1.87659e-20
1.85459e-20
1.83265e-20
1.81076e-20
1.78893e-20
1.76715e-20
1.74544e-20
1.72379e-20
1.70221e-20
1.68071e-20
1.65927e-20
1.63792e-20
1.61664e-20
1.59544e-20
1.57433e-20
1.55331e-20
1.53238e-20
1.51154e-20
1.49079e-20
1.47014e-20
1.4496e-20
1.42915e-20
1.40881e-20
1.38858e-20
1.36845e-20
1.34844e-20
1.32854e-20
1.30875e-20
1.28909e-20
1.26954e-20
1.25011e-20
1.2308e-20
1.21162e-20
1.19257e-20
1.17364e-20
1.15484e-20
1.13617e-20
1.11764e-20
1.09923e-20
1.08096e-20
1.06283e-20
1.04483e-20
1.02698e-20
1.00926e-20
9.91676e-21
9.74237e-21
9.56938e-21
9.39783e-21
9.22769e-21
9.059e-21
8.89174e-21
8.72592e-21
8.56156e-21
8.39865e-21
8.23719e-21
8.07719e-21
7.91865e-21
7.76158e-21
7.60596e-21
7.45182e-21
7.29917e-21
7.14802e-21
6.99838e-21
6.85028e-21
6.7037e-21
6.55867e-21
6.4152e-21
6.27331e-21
6.13302e-21
5.99435e-21
5.85736e-21
5.72206e-21
5.58848e-21
5.45665e-21
5.32657e-21
5.19829e-21
5.07187e-21
4.94733e-21
4.82472e-21
4.70407e-21
4.58541e-21
4.46875e-21
4.35412e-21
4.24152e-21
4.13097e-21
4.02246e-21
3.91601e-21
3.81162e-21
3.70927e-21
3.60897e-21
3.51071e-21
3.41448e-21
3.32027e-21
3.22806e-21
3.13784e-21
3.04959e-21
2.9633e-21
2.87894e-21
2.79651e-21
2.71597e-21
2.6373e-21
2.56048e-21
2.4855e-21
2.41231e-21
2.3409e-21
2.27125e-21
2.20332e-21
2.13709e-21
2.07254e-21
2.00962e-21
1.94833e-21
1.88863e-21
1.83048e-21
1.77387e-21
1.71877e-21
1.66514e-21
1.61296e-21
1.5622e-21
1.51283e-21
1.46483e-21
1.41816e-21
1.37279e-21
1.32871e-21
1.28587e-21
1.24426e-21
1.20385e-21
1.1646e-21
1.12649e-21
1.0895e-21
1.0536e-21
1.01877e-21
9.84967e-22
9.5218e-22
9.2038e-22
8.89542e-22
8.59643e-22
8.30658e-22
8.02564e-22
7.75338e-22
7.48957e-22
7.23399e-22
6.98642e-22
6.74663e-22
6.51443e-22
6.2896e-22
6.07195e-22
5.86126e-22
5.65735e-22
5.46003e-22
5.2691e-22
5.08438e-22
4.90571e-22
4.73289e-22
4.56577e-22
4.40416e-22
4.24792e-22
4.09687e-22
3.95087e-22
3.80976e-22
3.6734e-22
3.54164e-22
3.41433e-22
3.29135e-22
3.17255e-22
3.05782e-22
2.94701e-22
2.84002e-22
2.73671e-22
2.63697e-22
2.54069e-22
2.44775e-22
2.35806e-22
2.27149e-22
2.18797e-22
2.10737e-22
2.02961e-22
1.9546e-22
1.88225e-22
1.81246e-22
1.74515e-22
1.68024e-22
1.61765e-22
1.5573e-22
1.49912e-22
1.44303e-22
1.38896e-22
1.33684e-22
1.28661e-22
1.2382e-22
1.19155e-22
1.14659e-22
1.10328e-22
1.06155e-22
1.02135e-22
9.82624e-23
9.4532e-23
9.09389e-23
8.74783e-23
8.41456e-23
8.09362e-23
7.78458e-23
7.48701e-23
7.2005e-23
6.92466e-23
6.65912e-23
6.40349e-23
6.15743e-23
5.92059e-23
5.69263e-23
5.47324e-23
5.26211e-23
5.05893e-23
4.86342e-23
4.6753e-23
4.49429e-23
4.32014e-23
4.1526e-23
3.99142e-23
3.83637e-23
3.68722e-23
3.54375e-23
3.40576e-23
3.27304e-23
3.1454e-23
3.02264e-23
2.90459e-23
2.79107e-23
2.68191e-23
2.57695e-23
2.47602e-23
2.37899e-23
2.2857e-23
2.19601e-23
2.10978e-23
2.02689e-23
1.94721e-23
1.87061e-23
1.79699e-23
1.72622e-23
1.6582e-23
1.59283e-23
1.53e-23
1.46962e-23
1.41159e-23
1.35582e-23
1.30223e-23
1.25074e-23
1.20125e-23
1.15371e-23
1.10802e-23
1.06412e-23
1.02195e-23
9.81428e-24
9.42498e-24
9.05097e-24
8.69166e-24
8.34648e-24
8.01488e-24
7.69635e-24
7.39036e-24
7.09643e-24
6.8141e-24
6.54291e-24
6.28243e-24
6.03225e-24
5.79195e-24
5.56115e-24
5.33949e-24
5.12661e-24
4.92215e-24
4.7258e-24
4.53723e-24
4.35615e-24
4.18224e-24
4.01525e-24
3.85488e-24
3.70089e-24
3.55301e-24
3.41102e-24
3.27468e-24
3.14376e-24
3.01805e-24
2.89735e-24
2.78146e-24
2.67018e-24
2.56335e-24
2.46077e-24
2.36228e-24
2.26773e-24
2.17695e-24
2.08979e-24
2.00612e-24
1.92579e-24
1.84866e-24
1.77463e-24
1.70355e-24
1.63531e-24
1.56981e-24
1.50692e-24
1.44655e-24
1.3886e-24
1.33297e-24
1.27957e-24
1.2283e-24
1.17909e-24
1.13185e-24
1.08651e-24
1.04298e-24
1.0012e-24
9.61095e-25
9.22597e-25
8.85643e-25
8.50173e-25
8.16125e-25
7.83444e-25
7.52074e-25
7.21964e-25
6.93063e-25
6.65322e-25
6.38694e-25
6.13137e-25
5.88605e-25
5.65059e-25
5.42459e-25
5.20767e-25
4.99946e-25
4.79962e-25
4.60781e-25
4.42371e-25
4.247e-25
4.0774e-25
3.91461e-25
3.75837e-25
3.6084e-25
3.46447e-25
3.32632e-25
3.19372e-25
3.06645e-25
2.9443e-25
2.82706e-25
2.71453e-25
2.60653e-25
2.50287e-25
2.40337e-25
2.30788e-25
2.21622e-25
2.12825e-25
2.04382e-25
1.96278e-25
1.88499e-25
1.81034e-25
1.73868e-25
1.66991e-25
1.6039e-25
1.54055e-25
1.47974e-25
1.42137e-25
1.36536e-25
1.31159e-25
1.25999e-25
1.21046e-25
1.16292e-25
1.1173e-25
1.07351e-25
1.03148e-25
9.91141e-26
9.52425e-26
9.15267e-26
8.79604e-26
8.45377e-26
8.12528e-26
7.81001e-26
7.50744e-26
7.21707e-26
6.9384e-26
6.67097e-26
6.41433e-26
6.16805e-26
5.93171e-26
5.70493e-26
5.48732e-26
5.27852e-26
5.07818e-26
4.88596e-26
4.70155e-26
4.52464e-26
4.35493e-26
4.19213e-26
4.03599e-26
3.88623e-26
3.74261e-26
3.6049e-26
3.47285e-26
3.34626e-26
3.22491e-26
3.1086e-26
2.99715e-26
2.89035e-26
2.78805e-26
2.69007e-26
2.59624e-26
2.50642e-26
2.42046e-26
2.33821e-26
2.25955e-26
2.18433e-26
2.11245e-26
2.04377e-26
1.9782e-26
1.91562e-26
1.85593e-26
1.79904e-26
1.74485e-26
1.69328e-26
1.64424e-26
1.59766e-26
1.55346e-26
1.51156e-26
1.47192e-26
1.43445e-26
1.3991e-26
1.36583e-26
1.33457e-26
1.30527e-26
1.2779e-26
1.25241e-26
1.22876e-26
1.20692e-26
1.18685e-26
1.16852e-26
1.15192e-26
1.13701e-26
1.12378e-26
1.11221e-26
1.10228e-26
1.09398e-26
1.08731e-26
1.08225e-26
1.07881e-26
1.07698e-26
1.07676e-26
1.07817e-26
1.0812e-26
1.08587e-26
1.0922e-26
1.10019e-26
1.10987e-26
1.12126e-26
1.13439e-26
1.14928e-26
1.16601e-26
1.18469e-26
1.2054e-26
1.22821e-26
1.25318e-26
1.28034e-26
1.30973e-26
1.3414e-26
1.37538e-26
1.41174e-26
1.45054e-26
1.49182e-26
