10
5e+16
1e+19
49.9998
10.0001
18755.4
3.52669e-20
3.51804e-20
3.49292e-20
3.46645e-20
3.43946e-20
3.4122e-20
3.38477e-20
3.35722e-20
3.32959e-20
3.30191e-20
3.27422e-20
3.24654e-20
3.21886e-20
3.19118e-20
3.16349e-20
3.13579e-20
3.10807e-20
3.08033e-20
3.05257e-20
3.0248e-20
2.99702e-20
2.96923e-20
2.94142e-20
2.91362e-20
2.88581e-20
2.85799e-20
2.83019e-20
2.80239e-20
2.77459e-20
2.74682e-20
2.71905e-20
2.69131e-20
2.66358e-20
2.63589e-20
2.60822e-20
2.58059e-20
2.55299e-20
2.52543e-20
2.49791e-20
2.47044e-20
2.44302e-20
2.41565e-20
2.38833e-20
2.36108e-20
2.33389e-20
2.30677e-20
2.27972e-20
2.25274e-20
2.22583e-20
2.19901e-20
2.17227e-20
2.14562e-20
2.11906e-20
2.09259e-20
2.06622e-20
2.03994e-20
2.01377e-20
1.98771e-20
1.96175e-20
1.9359e-20
1.91017e-20
1.88456e-20
1.85907e-20
1.8337e-20
1.80845e-20
1.78334e-20
1.75835e-20
1.7335e-20
1.70879e-20
1.68421e-20
1.65977e-20
1.63548e-20
1.61133e-20
1.58733e-20
1.56348e-20
1.53978e-20
1.51624e-20
1.49284e-20
1.46961e-20
1.44653e-20
1.42362e-20
1.40087e-20
1.37828e-20
1.35585e-20
1.3336e-20
1.3115e-20
1.28958e-20
1.26783e-20
1.24625e-20
1.22484e-20
1.20361e-20
1.18254e-20
1.16166e-20
1.14094e-20
1.12041e-20
1.10005e-20
1.07986e-20
1.05986e-20
1.04003e-20
1.02038e-20
1.00091e-20
9.81616e-21
9.62501e-21
9.43565e-21
9.24808e-21
9.06229e-21
8.87828e-21
8.69606e-21
8.51561e-21
8.33694e-21
8.16007e-21
7.98502e-21
7.8118e-21
7.64042e-21
7.47088e-21
7.30321e-21
7.1374e-21
6.97348e-21
6.81145e-21
6.65134e-21
6.49318e-21
6.33702e-21
6.18289e-21
6.03082e-21
5.88084e-21
5.73298e-21
5.58724e-21
5.44367e-21
5.30231e-21
5.16323e-21
5.02647e-21
4.89206e-21
4.76003e-21
4.6304e-21
4.5032e-21
4.37844e-21
4.25613e-21
4.13627e-21
4.01886e-21
3.90389e-21
3.79137e-21
3.68129e-21
3.57363e-21
3.46837e-21
3.3655e-21
3.265e-21
3.16686e-21
3.07104e-21
2.97752e-21
2.88627e-21
2.79727e-21
2.7105e-21
2.62591e-21
2.54348e-21
2.46318e-21
2.38497e-21
2.30882e-21
2.2347e-21
2.16257e-21
2.0924e-21
2.02415e-21
1.95779e-21
1.89328e-21
1.83058e-21
1.76967e-21
1.7105e-21
1.65304e-21
1.59724e-21
1.54309e-21
1.49053e-21
1.43954e-21
1.39008e-21
1.34211e-21
1.29559e-21
1.25051e-21
1.20681e-21
1.16447e-21
1.12345e-21
1.08372e-21
1.04525e-21
1.008e-21
9.7194e-22
9.37044e-22
9.03278e-22
8.70612e-22
8.39016e-22
8.0846e-22
7.78916e-22
7.50355e-22
7.22749e-22
6.96072e-22
6.70296e-22
6.45396e-22
6.21345e-22
5.98118e-22
5.75692e-22
5.54041e-22
5.33143e-22
5.12974e-22
4.93513e-22
4.74736e-22
4.56624e-22
4.39154e-22
4.22308e-22
4.06064e-22
3.90403e-22
3.75308e-22
3.60759e-22
3.46739e-22
3.3323e-22
3.20215e-22
3.07679e-22
2.95605e-22
2.83977e-22
2.72781e-22
2.62001e-22
2.51625e-22
2.41637e-22
2.32025e-22
2.22775e-22
2.13875e-22
2.05313e-22
1.97076e-22
1.89154e-22
1.81535e-22
1.74209e-22
1.67164e-22
1.60392e-22
1.53881e-22
1.47623e-22
1.41609e-22
1.35829e-22
1.30275e-22
1.24939e-22
1.19813e-22
1.14888e-22
1.10158e-22
1.05615e-22
1.01253e-22
9.70635e-23
9.30412e-23
8.91796e-23
8.54724e-23
8.1914e-23
7.84986e-23
7.52207e-23
7.20752e-23
6.90568e-23
6.61607e-23
6.33822e-23
6.07167e-23
5.81598e-23
5.57074e-23
5.33552e-23
5.10994e-23
4.89362e-23
4.6862e-23
4.48732e-23
4.29665e-23
4.11385e-23
3.93863e-23
3.77067e-23
3.60969e-23
3.4554e-23
3.30754e-23
3.16585e-23
3.03009e-23
2.9e-23
2.77537e-23
2.65597e-23
2.54158e-23
2.43202e-23
2.32707e-23
2.22655e-23
2.13027e-23
2.03808e-23
1.94979e-23
1.86524e-23
1.78429e-23
1.70678e-23
1.63257e-23
1.56153e-23
1.49351e-23
1.42841e-23
1.36609e-23
1.30644e-23
1.24935e-23
1.19471e-23
1.14241e-23
1.09237e-23
1.04448e-23
9.98661e-24
9.54816e-24
9.12865e-24
8.72728e-24
8.34328e-24
7.97592e-24
7.6245e-24
7.28833e-24
6.96676e-24
6.65918e-24
6.36499e-24
6.08362e-24
5.81451e-24
5.55715e-24
5.31102e-24
5.07566e-24
4.85059e-24
4.63538e-24
4.4296e-24
4.23284e-24
4.04472e-24
3.86486e-24
3.6929e-24
3.52851e-24
3.37135e-24
3.22111e-24
3.0775e-24
2.94022e-24
2.809e-24
2.68358e-24
2.5637e-24
2.44912e-24
2.33961e-24
2.23495e-24
2.13492e-24
2.03934e-24
1.94799e-24
1.86069e-24
1.77728e-24
1.69757e-24
1.6214e-24
1.54862e-24
1.47908e-24
1.41264e-24
1.34916e-24
1.28851e-24
1.23056e-24
1.1752e-24
1.12232e-24
1.07179e-24
1.02352e-24
9.77413e-25
9.33366e-25
8.9129e-25
8.51098e-25
8.12707e-25
7.76035e-25
7.41008e-25
7.07552e-25
6.75597e-25
6.45076e-25
6.15926e-25
5.88085e-25
5.61496e-25
5.36102e-25
5.1185e-25
4.88689e-25
4.6657e-25
4.45447e-25
4.25276e-25
4.06013e-25
3.87618e-25
3.70053e-25
3.5328e-25
3.37264e-25
3.2197e-25
3.07367e-25
2.93423e-25
2.80109e-25
2.67396e-25
2.55258e-25
2.43669e-25
2.32604e-25
2.22039e-25
2.11953e-25
2.02323e-25
1.93128e-25
1.84351e-25
1.7597e-25
1.6797e-25
1.60331e-25
1.5304e-25
1.46078e-25
1.39433e-25
1.33088e-25
1.27032e-25
1.21251e-25
1.15731e-25
1.10463e-25
1.05434e-25
1.00633e-25
9.60499e-26
9.16753e-26
8.74995e-26
8.35135e-26
7.97088e-26
7.6077e-26
7.26105e-26
6.93016e-26
6.61433e-26
6.31287e-26
6.02513e-26
5.7505e-26
5.48836e-26
5.23817e-26
4.99937e-26
4.77145e-26
4.55392e-26
4.3463e-26
4.14815e-26
3.95903e-26
3.77853e-26
3.60627e-26
3.44187e-26
3.28497e-26
3.13523e-26
2.99233e-26
2.85595e-26
2.7258e-26
2.6016e-26
2.48307e-26
2.36996e-26
2.26202e-26
2.15902e-26
2.06073e-26
1.96694e-26
1.87744e-26
1.79205e-26
1.71056e-26
1.63281e-26
1.55863e-26
1.48785e-26
1.42032e-26
1.35589e-26
1.29442e-26
1.23578e-26
1.17984e-26
1.12648e-26
1.07558e-26
1.02702e-26
9.80713e-27
9.36545e-27
8.94422e-27
8.54253e-27
8.1595e-27
7.79429e-27
7.44611e-27
7.11418e-27
6.79778e-27
6.49623e-27
6.20887e-27
5.93505e-27
5.6742e-27
5.42572e-27
5.1891e-27
4.96379e-27
4.74932e-27
4.54521e-27
4.35101e-27
4.16631e-27
3.99069e-27
3.82378e-27
3.66521e-27
3.51463e-27
3.37172e-27
3.23616e-27
3.10765e-27
2.98592e-27
2.87069e-27
2.76173e-27
2.65879e-27
2.56164e-27
2.47008e-27
2.3839e-27
2.30293e-27
2.22697e-27
2.15588e-27
2.08949e-27
2.02765e-27
1.97025e-27
1.91714e-27
1.86823e-27
1.8234e-27
1.78255e-27
1.74561e-27
1.71255e-27
1.68342e-27
1.6582e-27
1.63683e-27
1.61933e-27
1.60566e-27
1.59577e-27
1.58962e-27
1.58717e-27
1.58841e-27
1.59333e-27
1.60192e-27
1.61418e-27
1.63013e-27
1.64979e-27
