2.5
1e+16
1e+19
50
2.49996
9377.69
2.06367e-19
2.06356e-19
2.06288e-19
2.06183e-19
2.06038e-19
2.05856e-19
2.05634e-19
2.05374e-19
2.05075e-19
2.04738e-19
2.04363e-19
2.0395e-19
2.03499e-19
2.03011e-19
2.02485e-19
2.01922e-19
2.01323e-19
2.00688e-19
2.00016e-19
1.99309e-19
1.98567e-19
1.9779e-19
1.96979e-19
1.96134e-19
1.95256e-19
1.94344e-19
1.934e-19
1.92424e-19
1.91417e-19
1.90379e-19
1.89311e-19
1.88212e-19
1.87085e-19
1.85929e-19
1.84745e-19
1.83534e-19
1.82296e-19
1.81032e-19
1.79743e-19
1.78428e-19
1.7709e-19
1.75729e-19
1.74344e-19
1.72938e-19
1.71511e-19
1.70063e-19
1.68595e-19
1.67108e-19
1.65602e-19
1.64079e-19
1.6254e-19
1.60983e-19
1.59412e-19
1.57826e-19
1.56225e-19
1.54612e-19
1.52986e-19
1.51348e-19
1.497e-19
1.48041e-19
1.46373e-19
1.44696e-19
1.4301e-19
1.41318e-19
1.39619e-19
1.37914e-19
1.36204e-19
1.3449e-19
1.32772e-19
1.3105e-19
1.29327e-19
1.27602e-19
1.25876e-19
1.24149e-19
1.22423e-19
1.20698e-19
1.18974e-19
1.17253e-19
1.15534e-19
1.13819e-19
1.12108e-19
1.10402e-19
1.087e-19
1.07005e-19
1.05316e-19
1.03634e-19
1.01959e-19
1.00292e-19
9.86334e-20
9.69838e-20
9.53435e-20
9.3713e-20
9.20928e-20
9.04833e-20
8.88848e-20
8.7298e-20
8.5723e-20
8.41603e-20
8.26103e-20
8.10733e-20
7.95496e-20
7.80396e-20
7.65436e-20
7.50619e-20
7.35947e-20
7.21423e-20
7.07051e-20
6.92831e-20
6.78767e-20
6.64861e-20
6.51115e-20
6.3753e-20
6.24108e-20
6.10851e-20
5.97761e-20
5.84838e-20
5.72085e-20
5.59501e-20
5.47089e-20
5.34849e-20
5.22781e-20
5.10887e-20
4.99167e-20
4.87622e-20
4.76251e-20
4.65055e-20
4.54034e-20
4.43188e-20
4.32517e-20
4.22021e-20
4.11699e-20
4.01551e-20
3.91577e-20
3.81777e-20
3.72148e-20
3.62691e-20
3.53406e-20
3.4429e-20
3.35343e-20
3.26564e-20
3.17953e-20
3.09507e-20
3.01226e-20
2.93108e-20
2.85152e-20
2.77357e-20
2.69721e-20
2.62243e-20
2.54921e-20
2.47753e-20
2.40738e-20
2.33874e-20
2.2716e-20
2.20594e-20
2.14174e-20
2.07898e-20
2.01764e-20
1.9577e-20
1.89916e-20
1.84198e-20
1.78614e-20
1.73164e-20
1.67844e-20
1.62653e-20
1.57588e-20
1.52649e-20
1.47832e-20
1.43136e-20
1.38559e-20
1.34099e-20
1.29753e-20
1.2552e-20
1.21398e-20
1.17384e-20
1.13477e-20
1.09674e-20
1.05974e-20
1.02374e-20
9.88729e-21
9.54684e-21
9.21585e-21
8.89412e-21
8.58146e-21
8.27768e-21
7.98259e-21
7.696e-21
7.41772e-21
7.14756e-21
6.88534e-21
6.63088e-21
6.384e-21
6.14453e-21
5.91228e-21
5.68708e-21
5.46877e-21
5.25717e-21
5.05212e-21
4.85346e-21
4.66102e-21
4.47464e-21
4.29417e-21
4.11946e-21
3.95035e-21
3.7867e-21
3.62836e-21
3.47519e-21
3.32704e-21
3.18378e-21
3.04527e-21
2.91138e-21
2.78199e-21
2.65695e-21
2.53615e-21
2.41947e-21
2.30678e-21
2.19796e-21
2.09292e-21
1.99156e-21
1.8938e-21
1.79958e-21
1.70882e-21
1.62146e-21
1.53742e-21
1.45663e-21
1.379e-21
1.30447e-21
1.23294e-21
1.16433e-21
1.09855e-21
1.03553e-21
9.75173e-22
9.1742e-22
8.62195e-22
8.0943e-22
7.59053e-22
7.10995e-22
6.65184e-22
6.21554e-22
5.80055e-22
5.40643e-22
5.03268e-22
4.67877e-22
4.34412e-22
4.02814e-22
3.73022e-22
3.44971e-22
3.18595e-22
2.93826e-22
2.70593e-22
2.48828e-22
2.28459e-22
2.09416e-22
1.91635e-22
1.75064e-22
1.59656e-22
1.45361e-22
1.32128e-22
1.19903e-22
1.08633e-22
9.82651e-23
8.8745e-23
8.00208e-23
7.20413e-23
6.47568e-23
5.8119e-23
5.20817e-23
4.66004e-23
4.16329e-23
3.71388e-23
3.30803e-23
2.94214e-23
2.61284e-23
2.31696e-23
2.05157e-23
1.81392e-23
1.60146e-23
1.41183e-23
1.24286e-23
1.09252e-23
9.58992e-24
8.40574e-24
7.35725e-24
6.43035e-24
5.61223e-24
4.89125e-24
4.25685e-24
3.6995e-24
3.21059e-24
2.78237e-24
2.40788e-24
2.08088e-24
1.79577e-24
1.54755e-24
1.33179e-24
1.14451e-24
9.82204e-25
8.41743e-25
7.20369e-25
6.15643e-25
5.25415e-25
4.47792e-25
3.8111e-25
3.23912e-25
2.7492e-25
2.33017e-25
1.9723e-25
1.66711e-25
1.40721e-25
1.18621e-25
9.98551e-26
8.39433e-26
7.04709e-26
5.90803e-26
4.94635e-26
4.13558e-26
3.45302e-26
2.87921e-26
2.3975e-26
1.99369e-26
1.65565e-26
1.37308e-26
1.1372e-26
9.40572e-27
7.76898e-27
6.40845e-27
5.27909e-27
4.34293e-27
3.56801e-27
2.92745e-27
2.39868e-27
1.9628e-27
1.604e-27
1.30904e-27
1.0669e-27
8.68402e-28
7.05898e-28
5.73045e-28
4.64582e-28
3.76152e-28
3.04154e-28
2.45613e-28
1.9808e-28
1.59536e-28
1.28325e-28
1.03085e-28
8.27014e-29
6.62621e-29
5.30216e-29
4.23718e-29
3.38173e-29
2.6955e-29
2.14574e-29
1.70592e-29
1.3545e-29
1.0741e-29
8.50652e-30
6.72829e-30
5.315e-30
4.19323e-30
3.30401e-30
2.60006e-30
2.04351e-30
1.60406e-30
1.25753e-30
9.84623e-31
7.69973e-31
6.01365e-31
4.69093e-31
3.65459e-31
2.84366e-31
2.20993e-31
1.71531e-31
1.32975e-31
1.02958e-31
7.96201e-32
6.14966e-32
4.74405e-32
3.65526e-32
2.81293e-32
2.16208e-32
1.65982e-32
1.27271e-32
9.74707e-33
7.45591e-33
5.69651e-33
4.3471e-33
3.31341e-33
2.52253e-33
1.91816e-33
1.45688e-33
1.10523e-33
8.37473e-34
6.33847e-34
4.79174e-34
3.61826e-34
2.72901e-34
2.05595e-34
1.54711e-34
1.16288e-34
8.73083e-35
6.54764e-35
4.90484e-35
3.67009e-35
2.74312e-35
2.048e-35
1.52733e-35
1.13778e-35
8.4665e-36
6.29327e-36
4.67279e-36
3.46582e-36
2.56784e-36
1.90047e-36
1.40505e-36
1.03767e-36
7.65538e-37
5.64177e-37
4.15343e-37
3.05454e-37
2.24405e-37
1.64691e-37
1.20744e-37
8.84347e-38
6.47053e-38
4.72955e-38
3.45355e-38
2.5193e-38
1.83597e-38
1.33668e-38
9.72242e-39
7.06495e-39
5.12905e-39
3.72018e-39
2.69586e-39
1.95185e-39
1.41196e-39
1.02057e-39
7.37069e-40
5.31906e-40
3.83564e-40
2.76399e-40
1.99051e-40
1.43279e-40
1.03093e-40
7.41504e-41
5.33174e-41
3.83435e-41
2.75905e-41
1.98686e-41
1.43173e-41
1.03128e-41
7.40337e-42
5.3045e-42
3.79925e-42
2.72045e-42
1.9476e-42
1.39412e-42
9.9791e-43
7.14375e-43
5.11542e-43
3.66501e-43
2.62848e-43
1.88831e-43
1.36045e-43
9.84879e-44
7.18702e-44
5.31379e-44
4.01232e-44
3.12945e-44
2.55815e-44
2.225e-44
2.08136e-44
2.09736e-44
2.25783e-44
2.55973e-44
3.01074e-44
3.62891e-44
4.44295e-44
5.49354e-44
6.8353e-44
8.53972e-44
1.06993e-43
1.34325e-43
1.68914e-43
2.12699e-43
2.68158e-43
3.38457e-43
4.27641e-43
5.40887e-43
6.84815e-43
8.67912e-43
1.10105e-42
1.3982e-42
1.77728e-42
2.26134e-42
2.88003e-42
3.67152e-42
4.68505e-42
5.9841e-42
7.65079e-42
9.79306e-42
