5
5e+17
1e+19
49.9997
4.99956
13262.1
7.39925e-20
7.39837e-20
7.39454e-20
7.38931e-20
7.38269e-20
7.37468e-20
7.3653e-20
7.35455e-20
7.34243e-20
7.32896e-20
7.31415e-20
7.29799e-20
7.28051e-20
7.2617e-20
7.24159e-20
7.22019e-20
7.1975e-20
7.17354e-20
7.14832e-20
7.12185e-20
7.09415e-20
7.06524e-20
7.03512e-20
7.00382e-20
6.97135e-20
6.93773e-20
6.90298e-20
6.86711e-20
6.83015e-20
6.79211e-20
6.75302e-20
6.71289e-20
6.67175e-20
6.62962e-20
6.58651e-20
6.54246e-20
6.49748e-20
6.45161e-20
6.40485e-20
6.35724e-20
6.3088e-20
6.25955e-20
6.20952e-20
6.15873e-20
6.10721e-20
6.05499e-20
6.00208e-20
5.94852e-20
5.89433e-20
5.83954e-20
5.78417e-20
5.72825e-20
5.6718e-20
5.61485e-20
5.55743e-20
5.49957e-20
5.44128e-20
5.3826e-20
5.32355e-20
5.26416e-20
5.20445e-20
5.14445e-20
5.08419e-20
5.02369e-20
4.96297e-20
4.90207e-20
4.841e-20
4.77979e-20
4.71847e-20
4.65705e-20
4.59557e-20
4.53405e-20
4.47251e-20
4.41097e-20
4.34946e-20
4.28799e-20
4.2266e-20
4.1653e-20
4.10411e-20
4.04306e-20
3.98217e-20
3.92145e-20
3.86093e-20
3.80062e-20
3.74055e-20
3.68072e-20
3.62117e-20
3.56191e-20
3.50296e-20
3.44432e-20
3.38603e-20
3.32809e-20
3.27052e-20
3.21333e-20
3.15654e-20
3.10017e-20
3.04422e-20
2.98872e-20
2.93366e-20
2.87907e-20
2.82495e-20
2.77132e-20
2.71819e-20
2.66557e-20
2.61346e-20
2.56188e-20
2.51083e-20
2.46033e-20
2.41037e-20
2.36098e-20
2.31215e-20
2.26389e-20
2.2162e-20
2.1691e-20
2.12259e-20
2.07667e-20
2.03134e-20
1.98662e-20
1.94249e-20
1.89898e-20
1.85607e-20
1.81377e-20
1.77209e-20
1.73102e-20
1.69056e-20
1.65072e-20
1.61149e-20
1.57288e-20
1.53488e-20
1.4975e-20
1.46073e-20
1.42458e-20
1.38903e-20
1.35409e-20
1.31976e-20
1.28602e-20
1.25289e-20
1.22036e-20
1.18842e-20
1.15707e-20
1.1263e-20
1.09612e-20
1.06652e-20
1.03749e-20
1.00903e-20
9.81128e-21
9.53788e-21
9.27002e-21
9.00764e-21
8.75068e-21
8.4991e-21
8.25282e-21
8.01179e-21
7.77596e-21
7.54525e-21
7.31962e-21
7.09901e-21
6.88335e-21
6.67259e-21
6.46666e-21
6.26551e-21
6.06906e-21
5.87724e-21
5.69001e-21
5.50728e-21
5.329e-21
5.1551e-21
4.98552e-21
4.82018e-21
4.65904e-21
4.50203e-21
4.3491e-21
4.20017e-21
4.0552e-21
3.91411e-21
3.77684e-21
3.64333e-21
3.51352e-21
3.38732e-21
3.2647e-21
3.14558e-21
3.02991e-21
2.91764e-21
2.8087e-21
2.70304e-21
2.6006e-21
2.50131e-21
2.40511e-21
2.31194e-21
2.22173e-21
2.13443e-21
2.04997e-21
1.96828e-21
1.8893e-21
1.81297e-21
1.73923e-21
1.668e-21
1.59924e-21
1.53287e-21
1.46884e-21
1.40708e-21
1.34753e-21
1.29014e-21
1.23484e-21
1.18157e-21
1.13028e-21
1.08091e-21
1.03341e-21
9.87709e-22
9.43766e-22
9.01523e-22
8.60929e-22
8.2193e-22
7.84478e-22
7.48522e-22
7.14013e-22
6.80905e-22
6.4915e-22
6.18702e-22
5.89518e-22
5.61554e-22
5.34768e-22
5.09118e-22
4.84563e-22
4.61065e-22
4.38584e-22
4.17085e-22
3.9653e-22
3.76884e-22
3.58112e-22
3.40182e-22
3.23062e-22
3.06719e-22
2.91123e-22
2.76245e-22
2.62055e-22
2.48527e-22
2.35634e-22
2.23349e-22
2.11647e-22
2.00505e-22
1.89898e-22
1.79804e-22
1.70201e-22
1.61067e-22
1.52384e-22
1.4413e-22
1.36287e-22
1.28837e-22
1.21762e-22
1.15045e-22
1.08671e-22
1.02622e-22
9.68855e-23
9.14456e-23
8.62888e-23
8.14017e-23
7.67717e-23
7.23865e-23
6.82342e-23
6.43038e-23
6.05844e-23
5.70656e-23
5.37377e-23
5.05911e-23
4.76168e-23
4.48062e-23
4.2151e-23
3.96433e-23
3.72756e-23
3.50407e-23
3.29317e-23
3.09421e-23
2.90656e-23
2.72963e-23
2.56286e-23
2.40569e-23
2.25763e-23
2.11817e-23
1.98685e-23
1.86324e-23
1.74691e-23
1.63745e-23
1.5345e-23
1.43769e-23
1.34667e-23
1.26112e-23
1.18074e-23
1.10524e-23
1.03432e-23
9.67739e-24
9.0524e-24
8.46588e-24
7.91561e-24
7.39946e-24
6.91546e-24
6.4617e-24
6.0364e-24
5.63787e-24
5.26452e-24
4.91485e-24
4.58742e-24
4.2809e-24
3.99402e-24
3.72559e-24
3.47447e-24
3.23961e-24
3.02001e-24
2.81472e-24
2.62284e-24
2.44356e-24
2.27607e-24
2.11964e-24
1.97357e-24
1.83721e-24
1.70993e-24
1.59116e-24
1.48035e-24
1.377e-24
1.28062e-24
1.19075e-24
1.10699e-24
1.02893e-24
9.56189e-25
8.88431e-25
8.25323e-25
7.66559e-25
7.11851e-25
6.60928e-25
6.1354e-25
5.69449e-25
5.28434e-25
4.90288e-25
4.54817e-25
4.2184e-25
3.91188e-25
3.62703e-25
3.36235e-25
3.11647e-25
2.8881e-25
2.67603e-25
2.47913e-25
2.29635e-25
2.12671e-25
1.96929e-25
1.82324e-25
1.68776e-25
1.56211e-25
1.44559e-25
1.33757e-25
1.23743e-25
1.14462e-25
1.05862e-25
9.78934e-26
9.0512e-26
8.36753e-26
7.73442e-26
7.14823e-26
6.60555e-26
6.10325e-26
5.63838e-26
5.20824e-26
4.81027e-26
4.44214e-26
4.10166e-26
3.78679e-26
3.49566e-26
3.22651e-26
2.97772e-26
2.74779e-26
2.5353e-26
2.33898e-26
2.1576e-26
1.99007e-26
1.83533e-26
1.69244e-26
1.5605e-26
1.43869e-26
1.32625e-26
1.22247e-26
1.12669e-26
1.03831e-26
9.56773e-27
8.81548e-27
8.12159e-27
7.48161e-27
6.89141e-27
6.34719e-27
5.84542e-27
5.38284e-27
4.95643e-27
4.56342e-27
4.20122e-27
3.86745e-27
3.55991e-27
3.27657e-27
3.01555e-27
2.77511e-27
2.55366e-27
2.34971e-27
2.1619e-27
1.98897e-27
1.82975e-27
1.68317e-27
1.54823e-27
1.42402e-27
1.3097e-27
1.20449e-27
1.10767e-27
1.01858e-27
9.36608e-28
8.61188e-28
7.91805e-28
7.27978e-28
6.69267e-28
6.15265e-28
5.65599e-28
5.19922e-28
4.77917e-28
4.39291e-28
4.03775e-28
3.7112e-28
3.41096e-28
3.13494e-28
2.8812e-28
2.64794e-28
2.43353e-28
2.23645e-28
2.05531e-28
1.88883e-28
1.73582e-28
1.59521e-28
1.46599e-28
1.34725e-28
1.23814e-28
1.13788e-28
1.04576e-28
9.61115e-29
8.83349e-29
8.11903e-29
7.46265e-29
6.85965e-29
6.3057e-29
5.79684e-29
5.3294e-29
4.90004e-29
4.50566e-29
4.14343e-29
3.81074e-29
3.50519e-29
3.22458e-29
2.96689e-29
2.73026e-29
2.51299e-29
2.31349e-29
2.13034e-29
1.96221e-29
1.80787e-29
1.66623e-29
1.53624e-29
1.41697e-29
1.30756e-29
1.20721e-29
1.11519e-29
1.03084e-29
9.53534e-30
8.82722e-30
8.17884e-30
7.58548e-30
7.04271e-30
6.54674e-30
6.09436e-30
5.68259e-30
5.30854e-30
4.96953e-30
4.66321e-30
4.38723e-30
4.13983e-30
3.91928e-30
3.72376e-30
3.55163e-30
3.4014e-30
3.27174e-30
3.16143e-30
3.06942e-30
2.99474e-30
2.93656e-30
2.89416e-30
2.86688e-30
2.85421e-30
2.85568e-30
2.87092e-30
2.89966e-30
2.94168e-30
2.99685e-30
3.0651e-30
3.14645e-30
3.24096e-30
3.34879e-30
3.47013e-30
3.60527e-30
