10
1e+17
1e+19
49.9998
10.0001
18755.4
3.40525e-20
3.39822e-20
3.37764e-20
3.35583e-20
3.33346e-20
3.31073e-20
3.28772e-20
3.26447e-20
3.24103e-20
3.21742e-20
3.19366e-20
3.16977e-20
3.14577e-20
3.12164e-20
3.09739e-20
3.073e-20
3.04848e-20
3.02384e-20
2.99907e-20
2.97418e-20
2.94918e-20
2.92407e-20
2.89885e-20
2.87353e-20
2.84812e-20
2.82261e-20
2.79702e-20
2.77135e-20
2.7456e-20
2.71979e-20
2.6939e-20
2.66796e-20
2.64196e-20
2.61592e-20
2.58983e-20
2.5637e-20
2.53753e-20
2.51134e-20
2.48513e-20
2.4589e-20
2.43265e-20
2.4064e-20
2.38015e-20
2.3539e-20
2.32766e-20
2.30143e-20
2.27522e-20
2.24903e-20
2.22288e-20
2.19675e-20
2.17067e-20
2.14462e-20
2.11863e-20
2.09269e-20
2.0668e-20
2.04098e-20
2.01522e-20
1.98953e-20
1.96392e-20
1.93839e-20
1.91294e-20
1.88758e-20
1.86231e-20
1.83714e-20
1.81207e-20
1.7871e-20
1.76224e-20
1.73749e-20
1.71286e-20
1.68834e-20
1.66394e-20
1.63967e-20
1.61553e-20
1.59152e-20
1.56765e-20
1.54391e-20
1.52032e-20
1.49686e-20
1.47355e-20
1.4504e-20
1.42739e-20
1.40453e-20
1.38183e-20
1.35929e-20
1.33691e-20
1.31469e-20
1.29264e-20
1.27075e-20
1.24903e-20
1.22748e-20
1.20609e-20
1.18489e-20
1.16385e-20
1.14299e-20
1.12231e-20
1.1018e-20
1.08147e-20
1.06132e-20
1.04135e-20
1.02156e-20
1.00195e-20
9.82529e-21
9.63286e-21
9.44227e-21
9.2535e-21
9.06658e-21
8.88149e-21
8.69824e-21
8.51683e-21
8.33727e-21
8.15957e-21
7.98375e-21
7.80982e-21
7.6378e-21
7.46769e-21
7.29951e-21
7.13327e-21
6.96897e-21
6.80663e-21
6.64628e-21
6.48794e-21
6.33165e-21
6.17744e-21
6.02535e-21
5.87539e-21
5.72759e-21
5.58196e-21
5.43852e-21
5.29735e-21
5.15846e-21
5.02192e-21
4.88774e-21
4.75596e-21
4.62659e-21
4.49965e-21
4.37515e-21
4.25309e-21
4.13349e-21
4.01633e-21
3.90162e-21
3.78935e-21
3.6795e-21
3.57206e-21
3.46702e-21
3.36436e-21
3.26407e-21
3.16611e-21
3.07047e-21
2.97711e-21
2.88603e-21
2.79718e-21
2.71054e-21
2.62608e-21
2.54377e-21
2.46358e-21
2.38547e-21
2.30941e-21
2.23537e-21
2.16331e-21
2.09321e-21
2.02502e-21
1.95871e-21
1.89424e-21
1.83159e-21
1.7707e-21
1.71156e-21
1.65411e-21
1.59834e-21
1.54419e-21
1.49164e-21
1.44065e-21
1.39118e-21
1.34321e-21
1.29669e-21
1.25159e-21
1.20787e-21
1.16551e-21
1.12447e-21
1.08472e-21
1.04623e-21
1.00895e-21
9.72868e-22
9.37944e-22
9.04149e-22
8.71454e-22
8.39827e-22
8.09241e-22
7.79665e-22
7.51073e-22
7.23436e-22
6.96727e-22
6.7092e-22
6.45988e-22
6.21906e-22
5.98649e-22
5.76192e-22
5.54511e-22
5.33584e-22
5.13387e-22
4.93897e-22
4.75093e-22
4.56954e-22
4.39459e-22
4.22587e-22
4.06318e-22
3.90635e-22
3.75516e-22
3.60945e-22
3.46904e-22
3.33374e-22
3.2034e-22
3.07785e-22
2.95693e-22
2.84048e-22
2.72835e-22
2.6204e-22
2.51649e-22
2.41647e-22
2.32021e-22
2.22759e-22
2.13847e-22
2.05273e-22
1.97026e-22
1.89094e-22
1.81466e-22
1.74131e-22
1.67078e-22
1.60298e-22
1.53781e-22
1.47517e-22
1.41497e-22
1.35711e-22
1.30153e-22
1.24812e-22
1.19682e-22
1.14754e-22
1.1002e-22
1.05475e-22
1.0111e-22
9.69182e-23
9.28942e-23
8.90311e-23
8.53229e-23
8.17636e-23
7.83476e-23
7.50693e-23
7.19237e-23
6.89054e-23
6.60096e-23
6.32316e-23
6.05668e-23
5.80108e-23
5.55593e-23
5.32083e-23
5.09538e-23
4.8792e-23
4.67193e-23
4.47321e-23
4.28271e-23
4.1001e-23
3.92506e-23
3.7573e-23
3.59652e-23
3.44244e-23
3.29479e-23
3.15332e-23
3.01777e-23
2.88791e-23
2.7635e-23
2.64433e-23
2.53017e-23
2.42084e-23
2.31612e-23
2.21583e-23
2.11978e-23
2.02782e-23
1.93976e-23
1.85544e-23
1.77471e-23
1.69743e-23
1.62344e-23
1.55262e-23
1.48483e-23
1.41994e-23
1.35783e-23
1.29839e-23
1.24151e-23
1.18707e-23
1.13498e-23
1.08514e-23
1.03745e-23
9.91818e-24
9.48162e-24
9.06396e-24
8.66441e-24
8.2822e-24
7.91659e-24
7.56688e-24
7.23239e-24
6.91247e-24
6.60649e-24
6.31387e-24
6.03403e-24
5.76642e-24
5.51052e-24
5.26583e-24
5.03186e-24
4.80815e-24
4.59426e-24
4.38977e-24
4.19427e-24
4.00737e-24
3.8287e-24
3.6579e-24
3.49464e-24
3.33858e-24
3.18942e-24
3.04684e-24
2.91057e-24
2.78033e-24
2.65586e-24
2.5369e-24
2.42322e-24
2.31458e-24
2.21077e-24
2.11157e-24
2.01677e-24
1.9262e-24
1.83965e-24
1.75696e-24
1.67795e-24
1.60247e-24
1.53035e-24
1.46145e-24
1.39563e-24
1.33274e-24
1.27267e-24
1.21529e-24
1.16047e-24
1.10811e-24
1.05809e-24
1.01031e-24
9.64679e-25
9.21091e-25
8.79459e-25
8.39696e-25
8.01719e-25
7.65448e-25
7.30808e-25
6.97726e-25
6.66132e-25
6.35959e-25
6.07146e-25
5.7963e-25
5.53354e-25
5.28262e-25
5.04302e-25
4.81423e-25
4.59576e-25
4.38716e-25
4.18797e-25
3.99778e-25
3.81619e-25
3.6428e-25
3.47726e-25
3.3192e-25
3.1683e-25
3.02422e-25
2.88667e-25
2.75535e-25
2.62998e-25
2.51028e-25
2.39602e-25
2.28693e-25
2.18279e-25
2.08338e-25
1.98848e-25
1.89788e-25
1.8114e-25
1.72884e-25
1.65004e-25
1.57482e-25
1.50301e-25
1.43447e-25
1.36904e-25
1.30659e-25
1.24698e-25
1.19008e-25
1.13578e-25
1.08394e-25
1.03446e-25
9.87241e-26
9.42169e-26
8.9915e-26
8.58091e-26
8.18903e-26
7.81502e-26
7.45805e-26
7.11737e-26
6.79222e-26
6.48191e-26
6.18575e-26
5.90311e-26
5.63337e-26
5.37594e-26
5.13027e-26
4.89582e-26
4.67208e-26
4.45855e-26
4.25479e-26
4.06034e-26
3.87478e-26
3.6977e-26
3.52872e-26
3.36747e-26
3.21359e-26
3.06676e-26
2.92665e-26
2.79295e-26
2.66538e-26
2.54364e-26
2.42749e-26
2.31666e-26
2.21091e-26
2.11001e-26
2.01373e-26
1.92188e-26
1.83424e-26
1.75062e-26
1.67085e-26
1.59474e-26
1.52213e-26
1.45287e-26
1.38679e-26
1.32375e-26
1.26362e-26
1.20626e-26
1.15155e-26
1.09937e-26
1.0496e-26
1.00213e-26
9.56864e-27
9.13696e-27
8.72533e-27
8.33285e-27
7.95864e-27
7.6019e-27
7.26183e-27
6.93769e-27
6.62877e-27
6.33438e-27
6.05388e-27
5.78666e-27
5.53212e-27
5.28971e-27
5.05888e-27
4.83915e-27
4.63001e-27
4.43102e-27
4.24173e-27
4.06173e-27
3.89062e-27
3.72803e-27
3.5736e-27
3.42698e-27
3.28787e-27
3.15595e-27
3.03093e-27
2.91253e-27
2.80051e-27
2.69461e-27
2.59459e-27
2.50025e-27
2.41138e-27
2.32777e-27
2.24925e-27
2.17565e-27
2.1068e-27
2.04255e-27
1.98276e-27
1.92731e-27
1.87608e-27
1.82894e-27
1.7858e-27
1.74657e-27
1.71116e-27
1.67956e-27
1.65181e-27
1.62789e-27
1.60776e-27
1.59142e-27
1.57884e-27
1.56997e-27
1.56477e-27
1.56322e-27
1.56528e-27
1.57096e-27
1.58025e-27
1.59315e-27
1.60968e-27
1.62985e-27
