12.5
1e+17
1e+17
49.9999
12.5
20969.1
2.02379e-20
2.02343e-20
2.02202e-20
2.02018e-20
2.01794e-20
2.0153e-20
2.01226e-20
2.00882e-20
2.00498e-20
2.00076e-20
1.99615e-20
1.99115e-20
1.98578e-20
1.98002e-20
1.97388e-20
1.96738e-20
1.9605e-20
1.95326e-20
1.94566e-20
1.9377e-20
1.92939e-20
1.92073e-20
1.91174e-20
1.9024e-20
1.89273e-20
1.88274e-20
1.87243e-20
1.8618e-20
1.85086e-20
1.83962e-20
1.82809e-20
1.81627e-20
1.80416e-20
1.79178e-20
1.77912e-20
1.76621e-20
1.75304e-20
1.73962e-20
1.72596e-20
1.71207e-20
1.69795e-20
1.68361e-20
1.66906e-20
1.6543e-20
1.63935e-20
1.62422e-20
1.6089e-20
1.59341e-20
1.57775e-20
1.56194e-20
1.54597e-20
1.52987e-20
1.51363e-20
1.49727e-20
1.48078e-20
1.46419e-20
1.4475e-20
1.43071e-20
1.41383e-20
1.39688e-20
1.37985e-20
1.36276e-20
1.34561e-20
1.32841e-20
1.31118e-20
1.2939e-20
1.27661e-20
1.25929e-20
1.24195e-20
1.22462e-20
1.20728e-20
1.18995e-20
1.17264e-20
1.15535e-20
1.13808e-20
1.12085e-20
1.10366e-20
1.08651e-20
1.06942e-20
1.05239e-20
1.03542e-20
1.01852e-20
1.00169e-20
9.8495e-21
9.68291e-21
9.51722e-21
9.3525e-21
9.18878e-21
9.0261e-21
8.86453e-21
8.70409e-21
8.54483e-21
8.38679e-21
8.23001e-21
8.07453e-21
7.92038e-21
7.7676e-21
7.61622e-21
7.46627e-21
7.31779e-21
7.1708e-21
7.02533e-21
6.88141e-21
6.73907e-21
6.59831e-21
6.45918e-21
6.32169e-21
6.18586e-21
6.05171e-21
5.91926e-21
5.78852e-21
5.65951e-21
5.53225e-21
5.40674e-21
5.283e-21
5.16104e-21
5.04087e-21
4.9225e-21
4.80594e-21
4.69119e-21
4.57825e-21
4.46714e-21
4.35784e-21
4.25037e-21
4.14472e-21
4.04089e-21
3.93887e-21
3.83867e-21
3.74027e-21
3.64367e-21
3.54886e-21
3.45584e-21
3.36459e-21
3.2751e-21
3.18737e-21
3.10138e-21
3.01712e-21
2.93458e-21
2.85373e-21
2.77458e-21
2.69709e-21
2.62127e-21
2.54708e-21
2.47451e-21
2.40355e-21
2.33417e-21
2.26636e-21
2.2001e-21
2.13537e-21
2.07215e-21
2.01042e-21
1.95016e-21
1.89135e-21
1.83396e-21
1.77798e-21
1.72339e-21
1.67016e-21
1.61827e-21
1.5677e-21
1.51843e-21
1.47043e-21
1.42369e-21
1.37819e-21
1.33389e-21
1.29077e-21
1.24883e-21
1.20803e-21
1.16834e-21
1.12976e-21
1.09225e-21
1.0558e-21
1.02039e-21
9.85982e-22
9.52568e-22
9.20122e-22
8.88625e-22
8.58054e-22
8.2839e-22
7.99611e-22
7.71697e-22
7.44629e-22
7.18386e-22
6.92948e-22
6.68296e-22
6.44411e-22
6.21273e-22
5.98865e-22
5.77167e-22
5.56162e-22
5.35831e-22
5.16158e-22
4.97124e-22
4.78712e-22
4.60907e-22
4.43691e-22
4.27048e-22
4.10962e-22
3.95419e-22
3.80402e-22
3.65896e-22
3.51888e-22
3.38361e-22
3.25304e-22
3.12701e-22
3.00539e-22
2.88805e-22
2.77486e-22
2.66569e-22
2.56043e-22
2.45894e-22
2.36112e-22
2.26685e-22
2.17601e-22
2.0885e-22
2.00421e-22
1.92304e-22
1.84488e-22
1.76964e-22
1.69722e-22
1.62752e-22
1.56046e-22
1.49596e-22
1.43391e-22
1.37424e-22
1.31686e-22
1.26171e-22
1.20869e-22
1.15775e-22
1.10879e-22
1.06176e-22
1.01659e-22
9.73203e-23
9.31543e-23
8.91546e-23
8.53153e-23
8.16304e-23
7.80943e-23
7.47016e-23
7.14469e-23
6.83251e-23
6.53312e-23
6.24605e-23
5.97082e-23
5.707e-23
5.45414e-23
5.21182e-23
4.97965e-23
4.75722e-23
4.54417e-23
4.34012e-23
4.14472e-23
3.95764e-23
3.77854e-23
3.60711e-23
3.44304e-23
3.28605e-23
3.13583e-23
2.99213e-23
2.85467e-23
2.72321e-23
2.5975e-23
2.47731e-23
2.3624e-23
2.25256e-23
2.14758e-23
2.04726e-23
1.9514e-23
1.85982e-23
1.77234e-23
1.68878e-23
1.60898e-23
1.53278e-23
1.46002e-23
1.39057e-23
1.32427e-23
1.26099e-23
1.2006e-23
1.14298e-23
1.08801e-23
1.03557e-23
9.85546e-24
9.37838e-24
8.92343e-24
8.48963e-24
8.07605e-24
7.68179e-24
7.30599e-24
6.94783e-24
6.60652e-24
6.2813e-24
5.97146e-24
5.67629e-24
5.39514e-24
5.12736e-24
4.87236e-24
4.62955e-24
4.39837e-24
4.1783e-24
3.96881e-24
3.76942e-24
3.57967e-24
3.39912e-24
3.22732e-24
3.06389e-24
2.90842e-24
2.76054e-24
2.61991e-24
2.48617e-24
2.35901e-24
2.23812e-24
2.12319e-24
2.01395e-24
1.91013e-24
1.81146e-24
1.71771e-24
1.62863e-24
1.54401e-24
1.46362e-24
1.38727e-24
1.31476e-24
1.2459e-24
1.18052e-24
1.11845e-24
1.05953e-24
1.0036e-24
9.50521e-25
9.00148e-25
8.5235e-25
8.07001e-25
7.6398e-25
7.23171e-25
6.84466e-25
6.47759e-25
6.12952e-25
5.7995e-25
5.48662e-25
5.19004e-25
4.90892e-25
4.6425e-25
4.39004e-25
4.15083e-25
3.9242e-25
3.70951e-25
3.50616e-25
3.31357e-25
3.13119e-25
2.95851e-25
2.79501e-25
2.64024e-25
2.49375e-25
2.3551e-25
2.22389e-25
2.09974e-25
1.98228e-25
1.87117e-25
1.76607e-25
1.66667e-25
1.57268e-25
1.4838e-25
1.39977e-25
1.32034e-25
1.24527e-25
1.17431e-25
1.10726e-25
1.04391e-25
9.84058e-26
9.27522e-26
8.74123e-26
8.23694e-26
7.76076e-26
7.31117e-26
6.88675e-26
6.48613e-26
6.10803e-26
5.75123e-26
5.41457e-26
5.09695e-26
4.79734e-26
4.51475e-26
4.24825e-26
3.99695e-26
3.76002e-26
3.53667e-26
3.32615e-26
3.12774e-26
2.94077e-26
2.76461e-26
2.59866e-26
2.44234e-26
2.29511e-26
2.15646e-26
2.02592e-26
1.90302e-26
1.78734e-26
1.67846e-26
1.57599e-26
1.47958e-26
1.38887e-26
1.30355e-26
1.2233e-26
1.14783e-26
1.07687e-26
1.01016e-26
9.47447e-27
8.88505e-27
8.33114e-27
7.81067e-27
7.3217e-27
6.86239e-27
6.43099e-27
6.02587e-27
5.64548e-27
5.28836e-27
4.95315e-27
4.63853e-27
4.34329e-27
4.06628e-27
3.8064e-27
3.56264e-27
3.33402e-27
3.11964e-27
2.91864e-27
2.73022e-27
2.55361e-27
2.3881e-27
2.23301e-27
2.08771e-27
1.95161e-27
1.82413e-27
1.70476e-27
1.59299e-27
1.48836e-27
1.39043e-27
1.29878e-27
1.21302e-27
1.1328e-27
1.05775e-27
9.87572e-28
9.2195e-28
8.60601e-28
8.03257e-28
7.49668e-28
6.99597e-28
6.52823e-28
6.09138e-28
5.68347e-28
5.30266e-28
4.94724e-28
4.6156e-28
4.30623e-28
4.01772e-28
3.74873e-28
3.49804e-28
3.26447e-28
3.04694e-28
2.84442e-28
2.65597e-28
2.48069e-28
2.31774e-28
2.16635e-28
2.02579e-28
1.89538e-28
1.77448e-28
1.6625e-28
1.55889e-28
1.46314e-28
1.37476e-28
1.29331e-28
1.21838e-28
1.14959e-28
1.08657e-28
1.029e-28
9.76568e-29
9.29003e-29
8.86042e-29
8.47446e-29
8.12999e-29
7.82501e-29
7.55772e-29
7.32646e-29
7.12978e-29
6.96634e-29
6.83496e-29
6.73463e-29
6.66442e-29
6.62359e-29
6.61148e-29
6.62758e-29
6.67149e-29
6.74309e-29
6.84257e-29
6.97e-29
7.12566e-29
7.30965e-29
7.52218e-29
7.76356e-29
8.0342e-29
8.33464e-29
8.6655e-29
9.02751e-29
9.42152e-29
