7.5
1e+17
1e+19
49.9999
7.50001
16242.6
4.51975e-20
4.51382e-20
4.49616e-20
4.47716e-20
4.45738e-20
4.43697e-20
4.416e-20
4.39451e-20
4.37253e-20
4.35007e-20
4.32716e-20
4.30382e-20
4.28007e-20
4.25592e-20
4.23137e-20
4.20643e-20
4.1811e-20
4.15538e-20
4.12928e-20
4.1028e-20
4.07596e-20
4.04876e-20
4.02121e-20
3.99332e-20
3.9651e-20
3.93655e-20
3.90768e-20
3.87851e-20
3.84904e-20
3.81929e-20
3.78925e-20
3.75895e-20
3.72838e-20
3.69757e-20
3.66652e-20
3.63523e-20
3.60372e-20
3.57201e-20
3.54009e-20
3.50797e-20
3.47568e-20
3.44321e-20
3.41058e-20
3.3778e-20
3.34487e-20
3.31181e-20
3.27863e-20
3.24533e-20
3.21193e-20
3.17843e-20
3.14484e-20
3.11118e-20
3.07746e-20
3.04367e-20
3.00984e-20
2.97596e-20
2.94206e-20
2.90814e-20
2.8742e-20
2.84026e-20
2.80632e-20
2.7724e-20
2.7385e-20
2.70464e-20
2.67081e-20
2.63702e-20
2.6033e-20
2.56963e-20
2.53604e-20
2.50253e-20
2.4691e-20
2.43576e-20
2.40253e-20
2.3694e-20
2.33639e-20
2.3035e-20
2.27073e-20
2.2381e-20
2.20562e-20
2.17328e-20
2.14109e-20
2.10906e-20
2.07719e-20
2.0455e-20
2.01398e-20
1.98265e-20
1.95149e-20
1.92053e-20
1.88977e-20
1.8592e-20
1.82884e-20
1.79869e-20
1.76876e-20
1.73903e-20
1.70953e-20
1.68026e-20
1.65121e-20
1.62239e-20
1.59381e-20
1.56546e-20
1.53735e-20
1.50949e-20
1.48187e-20
1.4545e-20
1.42738e-20
1.40051e-20
1.3739e-20
1.34753e-20
1.32143e-20
1.29559e-20
1.27e-20
1.24468e-20
1.21962e-20
1.19482e-20
1.17028e-20
1.14601e-20
1.12201e-20
1.09827e-20
1.07479e-20
1.05158e-20
1.02864e-20
1.00596e-20
9.83551e-21
9.61406e-21
9.39525e-21
9.17908e-21
8.96557e-21
8.75473e-21
8.54657e-21
8.3411e-21
8.13833e-21
7.93827e-21
7.74092e-21
7.54627e-21
7.35434e-21
7.16514e-21
6.97866e-21
6.79493e-21
6.61396e-21
6.43578e-21
6.26044e-21
6.08794e-21
5.91832e-21
5.75158e-21
5.58774e-21
5.4268e-21
5.26876e-21
5.11367e-21
4.96156e-21
4.81247e-21
4.66642e-21
4.52343e-21
4.38352e-21
4.24668e-21
4.11291e-21
3.98222e-21
3.85459e-21
3.73001e-21
3.60846e-21
3.48992e-21
3.37436e-21
3.26176e-21
3.15209e-21
3.04531e-21
2.94138e-21
2.84028e-21
2.74196e-21
2.64637e-21
2.55349e-21
2.46326e-21
2.37564e-21
2.29059e-21
2.20805e-21
2.12799e-21
2.05034e-21
1.97507e-21
1.90213e-21
1.83146e-21
1.76301e-21
1.69675e-21
1.63261e-21
1.57055e-21
1.51052e-21
1.45247e-21
1.39635e-21
1.34211e-21
1.2897e-21
1.23909e-21
1.19021e-21
1.14303e-21
1.09749e-21
1.05355e-21
1.01118e-21
9.70308e-22
9.30909e-22
8.92936e-22
8.56346e-22
8.21098e-22
7.87151e-22
7.54466e-22
7.23003e-22
6.92724e-22
6.63592e-22
6.35569e-22
6.0862e-22
5.8271e-22
5.57805e-22
5.3387e-22
5.10874e-22
4.88784e-22
4.6757e-22
4.47201e-22
4.27648e-22
4.08882e-22
3.90876e-22
3.73602e-22
3.57033e-22
3.41145e-22
3.25913e-22
3.11312e-22
2.97319e-22
2.83912e-22
2.71068e-22
2.58766e-22
2.46985e-22
2.35706e-22
2.2491e-22
2.14576e-22
2.04688e-22
1.95229e-22
1.8618e-22
1.77525e-22
1.6925e-22
1.61339e-22
1.53776e-22
1.46549e-22
1.39643e-22
1.33044e-22
1.26741e-22
1.20722e-22
1.14973e-22
1.09485e-22
1.04245e-22
9.92441e-23
9.44715e-23
8.99176e-23
8.55729e-23
8.14286e-23
7.74759e-23
7.37066e-23
7.01126e-23
6.66863e-23
6.34203e-23
6.03076e-23
5.73414e-23
5.45151e-23
5.18226e-23
4.92578e-23
4.6815e-23
4.44887e-23
4.22737e-23
4.01648e-23
3.81574e-23
3.62466e-23
3.44281e-23
3.26977e-23
3.10512e-23
2.94849e-23
2.79949e-23
2.65777e-23
2.523e-23
2.39483e-23
2.27298e-23
2.15713e-23
2.04701e-23
1.94233e-23
1.84285e-23
1.74832e-23
1.6585e-23
1.57316e-23
1.49208e-23
1.41507e-23
1.34193e-23
1.27247e-23
1.2065e-23
1.14387e-23
1.0844e-23
1.02795e-23
9.74364e-24
9.23501e-24
8.7523e-24
8.29421e-24
7.85953e-24
7.4471e-24
7.05582e-24
6.68464e-24
6.33255e-24
5.99859e-24
5.68187e-24
5.38151e-24
5.0967e-24
4.82665e-24
4.57062e-24
4.32789e-24
4.0978e-24
3.87971e-24
3.673e-24
3.47709e-24
3.29144e-24
3.11552e-24
2.94883e-24
2.7909e-24
2.64127e-24
2.49953e-24
2.36527e-24
2.2381e-24
2.11765e-24
2.00358e-24
1.89555e-24
1.79326e-24
1.6964e-24
1.60469e-24
1.51786e-24
1.43566e-24
1.35785e-24
1.28419e-24
1.21447e-24
1.14849e-24
1.08604e-24
1.02694e-24
9.71007e-25
9.18085e-25
8.68009e-25
8.2063e-25
7.75804e-25
7.33396e-25
6.93278e-25
6.55328e-25
6.19431e-25
5.85477e-25
5.53363e-25
5.22991e-25
4.94267e-25
4.67104e-25
4.41417e-25
4.17128e-25
3.94161e-25
3.72447e-25
3.51916e-25
3.32506e-25
3.14156e-25
2.96809e-25
2.80411e-25
2.64911e-25
2.5026e-25
2.36412e-25
2.23323e-25
2.10953e-25
1.99262e-25
1.88214e-25
1.77774e-25
1.67908e-25
1.58585e-25
1.49776e-25
1.41453e-25
1.33589e-25
1.26159e-25
1.19139e-25
1.12507e-25
1.06242e-25
1.00324e-25
9.47328e-26
8.94516e-26
8.4463e-26
7.97509e-26
7.53003e-26
7.10966e-26
6.71263e-26
6.33765e-26
5.98351e-26
5.64907e-26
5.33322e-26
5.03496e-26
4.75329e-26
4.48732e-26
4.23617e-26
3.99902e-26
3.77509e-26
3.56365e-26
3.36402e-26
3.17553e-26
2.99757e-26
2.82956e-26
2.67093e-26
2.52117e-26
2.3798e-26
2.24633e-26
2.12033e-26
2.00138e-26
1.8891e-26
1.78311e-26
1.68306e-26
1.58862e-26
1.49947e-26
1.41533e-26
1.3359e-26
1.26094e-26
1.19018e-26
1.12339e-26
1.06036e-26
1.00087e-26
9.44723e-27
8.91732e-27
8.4172e-27
7.94521e-27
7.49977e-27
7.0794e-27
6.6827e-27
6.30832e-27
5.95503e-27
5.62164e-27
5.30703e-27
5.01016e-27
4.73002e-27
4.46568e-27
4.21625e-27
3.98089e-27
3.75882e-27
3.54929e-27
3.35159e-27
3.16506e-27
2.98908e-27
2.82305e-27
2.66641e-27
2.51864e-27
2.37924e-27
2.24775e-27
2.12371e-27
2.00672e-27
1.89637e-27
1.7923e-27
1.69416e-27
1.60161e-27
1.51435e-27
1.43208e-27
1.35452e-27
1.28141e-27
1.21251e-27
1.14758e-27
1.08641e-27
1.02878e-27
9.74513e-28
9.23417e-28
8.75321e-28
8.30064e-28
7.87493e-28
7.47467e-28
7.09849e-28
6.74514e-28
6.41343e-28
6.10225e-28
5.81055e-28
5.53736e-28
5.28177e-28
5.04291e-28
4.81999e-28
4.61227e-28
4.41905e-28
4.23969e-28
4.07359e-28
3.9202e-28
3.77901e-28
3.64955e-28
3.53139e-28
3.42416e-28
3.32748e-28
3.24106e-28
3.1646e-28
3.09786e-28
3.04062e-28
2.99269e-28
2.95427e-28
2.92566e-28
2.9068e-28
2.8978e-28
2.89867e-28
2.90973e-28
2.93099e-28
2.96251e-28
3.00434e-28
3.0566e-28
3.11945e-28
3.19305e-28
3.27763e-28
3.37345e-28
3.4808e-28
3.60002e-28
3.73148e-28
3.87561e-28
4.03285e-28
4.20372e-28
