10
1e+17
5e+18
49.9999
10.0001
18755.4
3.24962e-20
3.24451e-20
3.22939e-20
3.2132e-20
3.19642e-20
3.17919e-20
3.16158e-20
3.1436e-20
3.12531e-20
3.1067e-20
3.08782e-20
3.06867e-20
3.04925e-20
3.02958e-20
3.00964e-20
2.98944e-20
2.96899e-20
2.94829e-20
2.92734e-20
2.90615e-20
2.88473e-20
2.86309e-20
2.84122e-20
2.81914e-20
2.79685e-20
2.77437e-20
2.75169e-20
2.72882e-20
2.70578e-20
2.68256e-20
2.65918e-20
2.63565e-20
2.61196e-20
2.58813e-20
2.56416e-20
2.54007e-20
2.51585e-20
2.49152e-20
2.46708e-20
2.44255e-20
2.41792e-20
2.3932e-20
2.36841e-20
2.34355e-20
2.31862e-20
2.29363e-20
2.2686e-20
2.24352e-20
2.2184e-20
2.19326e-20
2.16809e-20
2.14291e-20
2.11772e-20
2.09252e-20
2.06733e-20
2.04215e-20
2.01698e-20
1.99184e-20
1.96672e-20
1.94164e-20
1.9166e-20
1.89161e-20
1.86667e-20
1.84179e-20
1.81697e-20
1.79222e-20
1.76754e-20
1.74294e-20
1.71843e-20
1.69401e-20
1.66968e-20
1.64545e-20
1.62133e-20
1.59731e-20
1.57341e-20
1.54962e-20
1.52596e-20
1.50242e-20
1.47901e-20
1.45573e-20
1.43259e-20
1.40959e-20
1.38674e-20
1.36403e-20
1.34148e-20
1.31908e-20
1.29683e-20
1.27475e-20
1.25282e-20
1.23107e-20
1.20948e-20
1.18806e-20
1.16681e-20
1.14573e-20
1.12484e-20
1.10412e-20
1.08358e-20
1.06322e-20
1.04305e-20
1.02306e-20
1.00325e-20
9.83639e-21
9.64212e-21
9.44974e-21
9.25927e-21
9.07071e-21
8.88407e-21
8.69936e-21
8.51659e-21
8.33575e-21
8.15687e-21
7.97997e-21
7.80506e-21
7.63215e-21
7.46126e-21
7.29239e-21
7.12556e-21
6.96077e-21
6.79805e-21
6.6374e-21
6.47885e-21
6.32245e-21
6.1682e-21
6.01614e-21
5.86629e-21
5.71866e-21
5.57326e-21
5.43011e-21
5.28927e-21
5.15076e-21
5.01462e-21
4.88087e-21
4.74952e-21
4.62061e-21
4.49412e-21
4.37008e-21
4.24848e-21
4.12933e-21
4.01262e-21
3.89834e-21
3.78649e-21
3.67705e-21
3.57e-21
3.46534e-21
3.36305e-21
3.26309e-21
3.16546e-21
3.07013e-21
2.97707e-21
2.88625e-21
2.79766e-21
2.71126e-21
2.62701e-21
2.5449e-21
2.4649e-21
2.38695e-21
2.31105e-21
2.23715e-21
2.16522e-21
2.09522e-21
2.02712e-21
1.9609e-21
1.8965e-21
1.8339e-21
1.77307e-21
1.71396e-21
1.65654e-21
1.60078e-21
1.54664e-21
1.49409e-21
1.4431e-21
1.39362e-21
1.34562e-21
1.29907e-21
1.25394e-21
1.21019e-21
1.16779e-21
1.12671e-21
1.08691e-21
1.04836e-21
1.01103e-21
9.74892e-22
9.3991e-22
9.06055e-22
8.73297e-22
8.41608e-22
8.10957e-22
7.81318e-22
7.5266e-22
7.24958e-22
6.98184e-22
6.72312e-22
6.47316e-22
6.2317e-22
5.9985e-22
5.7733e-22
5.55589e-22
5.34601e-22
5.14344e-22
4.94797e-22
4.75936e-22
4.57742e-22
4.40192e-22
4.23268e-22
4.06949e-22
3.91216e-22
3.76049e-22
3.61432e-22
3.47346e-22
3.33774e-22
3.20698e-22
3.08103e-22
2.95973e-22
2.84291e-22
2.73044e-22
2.62215e-22
2.51792e-22
2.4176e-22
2.32105e-22
2.22815e-22
2.13878e-22
2.05279e-22
1.97009e-22
1.89055e-22
1.81407e-22
1.74052e-22
1.66981e-22
1.60184e-22
1.53651e-22
1.47372e-22
1.41338e-22
1.3554e-22
1.2997e-22
1.24619e-22
1.19478e-22
1.14541e-22
1.098e-22
1.05247e-22
1.00875e-22
9.66779e-23
9.26487e-23
8.87811e-23
8.5069e-23
8.15064e-23
7.80876e-23
7.48072e-23
7.16598e-23
6.86403e-23
6.57437e-23
6.29653e-23
6.03006e-23
5.77449e-23
5.52942e-23
5.29443e-23
5.06911e-23
4.8531e-23
4.64602e-23
4.44752e-23
4.25725e-23
4.0749e-23
3.90014e-23
3.73267e-23
3.57219e-23
3.41844e-23
3.27112e-23
3.13e-23
2.99481e-23
2.86531e-23
2.74127e-23
2.62248e-23
2.50871e-23
2.39976e-23
2.29543e-23
2.19554e-23
2.0999e-23
2.00833e-23
1.92067e-23
1.83675e-23
1.75642e-23
1.67954e-23
1.60595e-23
1.53552e-23
1.46812e-23
1.40362e-23
1.3419e-23
1.28284e-23
1.22634e-23
1.17228e-23
1.12056e-23
1.07108e-23
1.02374e-23
9.78467e-24
9.35159e-24
8.93736e-24
8.54118e-24
8.16228e-24
7.79993e-24
7.45341e-24
7.12205e-24
6.8052e-24
6.50224e-24
6.21256e-24
5.93561e-24
5.67083e-24
5.41769e-24
5.1757e-24
4.94437e-24
4.72324e-24
4.51188e-24
4.30984e-24
4.11675e-24
3.93219e-24
3.7558e-24
3.58724e-24
3.42614e-24
3.2722e-24
3.12509e-24
2.98452e-24
2.8502e-24
2.72186e-24
2.59924e-24
2.48208e-24
2.37015e-24
2.26321e-24
2.16105e-24
2.06345e-24
1.97021e-24
1.88115e-24
1.79607e-24
1.71481e-24
1.63719e-24
1.56304e-24
1.49223e-24
1.4246e-24
1.36e-24
1.29831e-24
1.23939e-24
1.18312e-24
1.12939e-24
1.07807e-24
1.02907e-24
9.82279e-25
9.37598e-25
8.94934e-25
8.54196e-25
8.15299e-25
7.7816e-25
7.427e-25
7.08845e-25
6.76521e-25
6.45662e-25
6.162e-25
5.88073e-25
5.61222e-25
5.35589e-25
5.11118e-25
4.87759e-25
4.6546e-25
4.44174e-25
4.23856e-25
4.04462e-25
3.85949e-25
3.68279e-25
3.51413e-25
3.35315e-25
3.1995e-25
3.05286e-25
2.91289e-25
2.77931e-25
2.65182e-25
2.53015e-25
2.41403e-25
2.30322e-25
2.19746e-25
2.09654e-25
2.00022e-25
1.90831e-25
1.82061e-25
1.73691e-25
1.65704e-25
1.58083e-25
1.50811e-25
1.43872e-25
1.37251e-25
1.30933e-25
1.24904e-25
1.19152e-25
1.13664e-25
1.08428e-25
1.03432e-25
9.86646e-26
9.41165e-26
8.97773e-26
8.56373e-26
8.16876e-26
7.79193e-26
7.43243e-26
7.08945e-26
6.76225e-26
6.4501e-26
6.15231e-26
5.86823e-26
5.59722e-26
5.3387e-26
5.09208e-26
4.85682e-26
4.6324e-26
4.41833e-26
4.21413e-26
4.01934e-26
3.83354e-26
3.65631e-26
3.48727e-26
3.32602e-26
3.17223e-26
3.02553e-26
2.88562e-26
2.75217e-26
2.62489e-26
2.5035e-26
2.38773e-26
2.27731e-26
2.172e-26
2.07158e-26
1.9758e-26
1.88446e-26
1.79736e-26
1.7143e-26
1.6351e-26
1.55957e-26
1.48755e-26
1.41888e-26
1.3534e-26
1.29098e-26
1.23145e-26
1.17471e-26
1.12061e-26
1.06903e-26
1.01987e-26
9.73003e-27
9.28332e-27
8.85756e-27
8.45178e-27
8.06508e-27
7.69658e-27
7.34545e-27
7.01091e-27
6.6922e-27
6.3886e-27
6.09943e-27
5.82405e-27
5.56182e-27
5.31216e-27
5.0745e-27
4.84832e-27
4.63309e-27
4.42833e-27
4.23358e-27
4.04841e-27
3.87239e-27
3.70512e-27
3.54623e-27
3.39536e-27
3.25217e-27
3.11633e-27
2.98754e-27
2.8655e-27
2.74994e-27
2.6406e-27
2.53723e-27
2.4396e-27
2.34748e-27
2.26067e-27
2.17897e-27
2.1022e-27
2.03018e-27
1.96275e-27
1.89976e-27
1.84107e-27
1.78653e-27
1.73603e-27
1.68946e-27
1.6467e-27
1.60767e-27
1.57227e-27
1.54043e-27
1.51212e-27
1.48739e-27
1.46622e-27
1.44856e-27
1.43442e-27
1.42376e-27
1.41654e-27
1.41273e-27
1.41229e-27
1.41522e-27
1.4215e-27
1.43114e-27
1.44413e-27
1.46049e-27
1.48024e-27
