12.5
5e+16
1e+19
49.9261
12.4998
20969.1
2.79877e-20
2.79082e-20
2.76777e-20
2.74357e-20
2.71898e-20
2.69424e-20
2.66944e-20
2.64463e-20
2.61986e-20
2.59515e-20
2.57054e-20
2.54602e-20
2.52157e-20
2.49719e-20
2.47286e-20
2.4486e-20
2.42438e-20
2.40022e-20
2.37611e-20
2.35206e-20
2.32806e-20
2.30412e-20
2.28023e-20
2.25639e-20
2.23262e-20
2.2089e-20
2.18525e-20
2.16165e-20
2.13812e-20
2.11465e-20
2.09125e-20
2.06792e-20
2.04466e-20
2.02146e-20
1.99834e-20
1.9753e-20
1.95233e-20
1.92944e-20
1.90663e-20
1.8839e-20
1.86125e-20
1.83869e-20
1.81622e-20
1.79384e-20
1.77154e-20
1.74934e-20
1.72723e-20
1.70522e-20
1.68331e-20
1.6615e-20
1.63979e-20
1.61818e-20
1.59668e-20
1.57529e-20
1.554e-20
1.53282e-20
1.51176e-20
1.49081e-20
1.46998e-20
1.44926e-20
1.42866e-20
1.40818e-20
1.38783e-20
1.36759e-20
1.34748e-20
1.3275e-20
1.30764e-20
1.28791e-20
1.26831e-20
1.24884e-20
1.22951e-20
1.2103e-20
1.19123e-20
1.1723e-20
1.1535e-20
1.13484e-20
1.11632e-20
1.09793e-20
1.07968e-20
1.06158e-20
1.04361e-20
1.02579e-20
1.00811e-20
9.90566e-21
9.73169e-21
9.55915e-21
9.38804e-21
9.21837e-21
9.05015e-21
8.88336e-21
8.71802e-21
8.55413e-21
8.39168e-21
8.23068e-21
8.07113e-21
7.91302e-21
7.75635e-21
7.60113e-21
7.44735e-21
7.29505e-21
7.14422e-21
6.99489e-21
6.84705e-21
6.70073e-21
6.55592e-21
6.41264e-21
6.27091e-21
6.13076e-21
5.99221e-21
5.8553e-21
5.72007e-21
5.58654e-21
5.45473e-21
5.32466e-21
5.19638e-21
5.06993e-21
4.94536e-21
4.82271e-21
4.70202e-21
4.5833e-21
4.4666e-21
4.35191e-21
4.23926e-21
4.12866e-21
4.02011e-21
3.91361e-21
3.80918e-21
3.70679e-21
3.60646e-21
3.50817e-21
3.41192e-21
3.31768e-21
3.22546e-21
3.13523e-21
3.04698e-21
2.96069e-21
2.87634e-21
2.79391e-21
2.71338e-21
2.63474e-21
2.55794e-21
2.48298e-21
2.40982e-21
2.33845e-21
2.26883e-21
2.20094e-21
2.13475e-21
2.07024e-21
2.00737e-21
1.94613e-21
1.88647e-21
1.82838e-21
1.77183e-21
1.71678e-21
1.6632e-21
1.61108e-21
1.56038e-21
1.51107e-21
1.46312e-21
1.4165e-21
1.3712e-21
1.32717e-21
1.28439e-21
1.24284e-21
1.20248e-21
1.16329e-21
1.12524e-21
1.08831e-21
1.05246e-21
1.01768e-21
9.83934e-22
9.51199e-22
9.1945e-22
8.88662e-22
8.58812e-22
8.29875e-22
8.01828e-22
7.74648e-22
7.48311e-22
7.22796e-22
6.98081e-22
6.74143e-22
6.50962e-22
6.28517e-22
6.06788e-22
5.85755e-22
5.65399e-22
5.45699e-22
5.26638e-22
5.08197e-22
4.90359e-22
4.73105e-22
4.56419e-22
4.40285e-22
4.24685e-22
4.09604e-22
3.95026e-22
3.80936e-22
3.6732e-22
3.54163e-22
3.4145e-22
3.29169e-22
3.17306e-22
3.05847e-22
2.94781e-22
2.84095e-22
2.73777e-22
2.63815e-22
2.54197e-22
2.44914e-22
2.35954e-22
2.27307e-22
2.18962e-22
2.1091e-22
2.03141e-22
1.95646e-22
1.88416e-22
1.81442e-22
1.74716e-22
1.68229e-22
1.61974e-22
1.55942e-22
1.50126e-22
1.44519e-22
1.39114e-22
1.33904e-22
1.28882e-22
1.24042e-22
1.19377e-22
1.14882e-22
1.10551e-22
1.06378e-22
1.02357e-22
9.84833e-23
9.47518e-23
9.11575e-23
8.76955e-23
8.43611e-23
8.115e-23
7.80576e-23
7.50798e-23
7.22125e-23
6.94518e-23
6.67939e-23
6.42351e-23
6.17718e-23
5.94007e-23
5.71184e-23
5.49217e-23
5.28074e-23
5.07727e-23
4.88146e-23
4.69303e-23
4.51172e-23
4.33727e-23
4.16941e-23
4.00792e-23
3.85256e-23
3.70309e-23
3.55932e-23
3.42102e-23
3.28799e-23
3.16003e-23
3.03697e-23
2.91862e-23
2.80479e-23
2.69533e-23
2.59007e-23
2.48885e-23
2.39152e-23
2.29794e-23
2.20796e-23
2.12145e-23
2.03828e-23
1.95833e-23
1.88146e-23
1.80757e-23
1.73654e-23
1.66826e-23
1.60264e-23
1.53956e-23
1.47893e-23
1.42066e-23
1.36465e-23
1.31083e-23
1.25911e-23
1.2094e-23
1.16164e-23
1.11574e-23
1.07163e-23
1.02925e-23
9.88526e-24
9.49399e-24
9.11805e-24
8.75686e-24
8.40984e-24
8.07644e-24
7.75615e-24
7.44844e-24
7.15284e-24
6.86888e-24
6.5961e-24
6.33406e-24
6.08236e-24
5.84058e-24
5.60834e-24
5.38528e-24
5.17102e-24
4.96523e-24
4.76758e-24
4.57775e-24
4.39543e-24
4.22033e-24
4.05217e-24
3.89067e-24
3.73557e-24
3.58663e-24
3.44359e-24
3.30623e-24
3.17433e-24
3.04766e-24
2.92603e-24
2.80923e-24
2.69708e-24
2.58939e-24
2.48599e-24
2.3867e-24
2.29136e-24
2.19982e-24
2.11193e-24
2.02754e-24
1.94652e-24
1.86872e-24
1.79403e-24
1.72232e-24
1.65347e-24
1.58737e-24
1.52391e-24
1.46298e-24
1.40449e-24
1.34833e-24
1.29442e-24
1.24266e-24
1.19298e-24
1.14527e-24
1.09948e-24
1.05552e-24
1.01332e-24
9.72804e-25
9.33912e-25
8.96577e-25
8.60737e-25
8.26332e-25
7.93304e-25
7.616e-25
7.31165e-25
7.0195e-25
6.73905e-25
6.46984e-25
6.21142e-25
5.96336e-25
5.72524e-25
5.49667e-25
5.27726e-25
5.06665e-25
4.86448e-25
4.67042e-25
4.48414e-25
4.30533e-25
4.1337e-25
3.96895e-25
3.81081e-25
3.65901e-25
3.5133e-25
3.37343e-25
3.23918e-25
3.11031e-25
2.98662e-25
2.86788e-25
2.75391e-25
2.64452e-25
2.53951e-25
2.43871e-25
2.34196e-25
2.24909e-25
2.15995e-25
2.07439e-25
1.99225e-25
1.91342e-25
1.83774e-25
1.76511e-25
1.69538e-25
1.62846e-25
1.56422e-25
1.50256e-25
1.44337e-25
1.38656e-25
1.33202e-25
1.27968e-25
1.22944e-25
1.18121e-25
1.13492e-25
1.09049e-25
1.04784e-25
1.0069e-25
9.67606e-26
9.29891e-26
8.93691e-26
8.58945e-26
8.25596e-26
7.93587e-26
7.62865e-26
7.33379e-26
7.05078e-26
6.77918e-26
6.5185e-26
6.26834e-26
6.02825e-26
5.79785e-26
5.57676e-26
5.36459e-26
5.16101e-26
4.96566e-26
4.77824e-26
4.59841e-26
4.42589e-26
4.26039e-26
4.10164e-26
3.94937e-26
3.80332e-26
3.66326e-26
3.52896e-26
3.40019e-26
3.27674e-26
3.15841e-26
3.045e-26
2.93632e-26
2.8322e-26
2.73247e-26
2.63695e-26
2.5455e-26
2.45797e-26
2.3742e-26
2.29407e-26
2.21745e-26
2.1442e-26
2.07421e-26
2.00737e-26
1.94357e-26
1.8827e-26
1.82467e-26
1.76938e-26
1.71675e-26
1.66668e-26
1.61911e-26
1.57395e-26
1.53114e-26
1.4906e-26
1.45227e-26
1.41609e-26
1.38201e-26
1.34997e-26
1.31993e-26
1.29183e-26
1.26564e-26
1.24131e-26
1.21881e-26
1.19811e-26
1.17917e-26
1.16197e-26
1.14649e-26
1.1327e-26
1.12058e-26
1.11013e-26
1.10133e-26
1.09416e-26
1.08862e-26
1.08472e-26
1.08244e-26
1.08179e-26
1.08277e-26
1.08539e-26
1.08967e-26
1.09561e-26
1.10322e-26
1.11254e-26
1.12358e-26
1.13636e-26
1.15092e-26
1.16732e-26
1.18569e-26
1.20608e-26
1.2286e-26
1.25328e-26
1.28016e-26
1.30928e-26
1.34067e-26
1.3744e-26
1.41052e-26
1.44907e-26
1.49012e-26
