10
1e+16
5e+18
49.9407
10.0001
18755.4
3.6272e-20
3.61715e-20
3.58807e-20
3.55754e-20
3.52656e-20
3.49539e-20
3.46415e-20
3.4329e-20
3.40169e-20
3.37055e-20
3.33951e-20
3.30861e-20
3.27783e-20
3.24717e-20
3.2166e-20
3.18613e-20
3.15574e-20
3.12543e-20
3.0952e-20
3.06504e-20
3.03497e-20
3.00497e-20
2.97505e-20
2.94521e-20
2.91545e-20
2.88577e-20
2.85617e-20
2.82664e-20
2.79721e-20
2.76785e-20
2.73858e-20
2.70939e-20
2.6803e-20
2.65129e-20
2.62237e-20
2.59354e-20
2.56481e-20
2.53617e-20
2.50763e-20
2.47918e-20
2.45084e-20
2.4226e-20
2.39446e-20
2.36643e-20
2.33851e-20
2.31069e-20
2.28299e-20
2.2554e-20
2.22792e-20
2.20057e-20
2.17333e-20
2.14621e-20
2.11922e-20
2.09235e-20
2.0656e-20
2.03899e-20
2.01251e-20
1.98616e-20
1.95994e-20
1.93386e-20
1.90792e-20
1.88212e-20
1.85646e-20
1.83095e-20
1.80558e-20
1.78035e-20
1.75528e-20
1.73036e-20
1.70558e-20
1.68096e-20
1.6565e-20
1.63219e-20
1.60804e-20
1.58405e-20
1.56022e-20
1.53656e-20
1.51305e-20
1.48971e-20
1.46653e-20
1.44353e-20
1.42068e-20
1.39801e-20
1.3755e-20
1.35317e-20
1.33101e-20
1.30901e-20
1.28719e-20
1.26555e-20
1.24407e-20
1.22277e-20
1.20165e-20
1.1807e-20
1.15992e-20
1.13932e-20
1.1189e-20
1.09865e-20
1.07858e-20
1.05868e-20
1.03896e-20
1.01942e-20
1.00005e-20
9.80854e-21
9.61837e-21
9.42995e-21
9.24328e-21
9.05835e-21
8.87517e-21
8.69372e-21
8.51401e-21
8.33603e-21
8.1598e-21
7.98534e-21
7.81266e-21
7.64177e-21
7.47269e-21
7.30541e-21
7.13995e-21
6.97633e-21
6.81455e-21
6.65465e-21
6.49665e-21
6.34061e-21
6.18656e-21
6.03453e-21
5.88457e-21
5.73668e-21
5.59089e-21
5.44724e-21
5.30579e-21
5.16658e-21
5.02968e-21
4.89512e-21
4.76294e-21
4.63315e-21
4.50579e-21
4.38086e-21
4.25837e-21
4.13834e-21
4.02076e-21
3.90564e-21
3.79296e-21
3.68272e-21
3.57491e-21
3.46951e-21
3.3665e-21
3.26587e-21
3.1676e-21
3.07166e-21
2.97803e-21
2.88667e-21
2.79758e-21
2.71071e-21
2.62604e-21
2.54353e-21
2.46315e-21
2.38487e-21
2.30866e-21
2.23448e-21
2.16231e-21
2.09209e-21
2.0238e-21
1.9574e-21
1.89286e-21
1.83014e-21
1.7692e-21
1.71001e-21
1.65253e-21
1.59673e-21
1.54256e-21
1.49e-21
1.43901e-21
1.38954e-21
1.34157e-21
1.29506e-21
1.24998e-21
1.20629e-21
1.16396e-21
1.12295e-21
1.08323e-21
1.04477e-21
1.00753e-21
9.71488e-22
9.36607e-22
9.02857e-22
8.70206e-22
8.38626e-22
8.08087e-22
7.7856e-22
7.50016e-22
7.22428e-22
6.95767e-22
6.70009e-22
6.45125e-22
6.21091e-22
5.97881e-22
5.75471e-22
5.53837e-22
5.32954e-22
5.12801e-22
4.93355e-22
4.74593e-22
4.56495e-22
4.3904e-22
4.22207e-22
4.05976e-22
3.90328e-22
3.75245e-22
3.60708e-22
3.46699e-22
3.332e-22
3.20196e-22
3.0767e-22
2.95604e-22
2.83986e-22
2.72798e-22
2.62026e-22
2.51657e-22
2.41676e-22
2.32071e-22
2.22827e-22
2.13933e-22
2.05376e-22
1.97145e-22
1.89227e-22
1.81613e-22
1.7429e-22
1.67249e-22
1.6048e-22
1.53973e-22
1.47717e-22
1.41705e-22
1.35928e-22
1.30376e-22
1.25041e-22
1.19916e-22
1.14993e-22
1.10263e-22
1.05721e-22
1.01359e-22
9.71702e-23
9.31481e-23
8.92864e-23
8.55791e-23
8.20204e-23
7.86045e-23
7.53261e-23
7.21798e-23
6.91606e-23
6.62637e-23
6.34842e-23
6.08176e-23
5.82596e-23
5.58058e-23
5.34524e-23
5.11952e-23
4.90306e-23
4.69549e-23
4.49646e-23
4.30564e-23
4.12269e-23
3.9473e-23
3.77918e-23
3.61803e-23
3.46358e-23
3.31555e-23
3.1737e-23
3.03776e-23
2.90751e-23
2.7827e-23
2.66313e-23
2.54858e-23
2.43885e-23
2.33373e-23
2.23304e-23
2.13661e-23
2.04425e-23
1.9558e-23
1.87109e-23
1.78998e-23
1.71232e-23
1.63795e-23
1.56676e-23
1.4986e-23
1.43335e-23
1.37088e-23
1.31109e-23
1.25386e-23
1.19909e-23
1.14666e-23
1.09649e-23
1.04847e-23
1.00253e-23
9.58558e-24
9.16487e-24
8.76234e-24
8.3772e-24
8.00873e-24
7.65622e-24
7.31899e-24
6.99639e-24
6.68781e-24
6.39264e-24
6.11031e-24
5.84027e-24
5.58201e-24
5.33501e-24
5.09879e-24
4.8729e-24
4.65688e-24
4.45032e-24
4.2528e-24
4.06394e-24
3.88337e-24
3.71072e-24
3.54566e-24
3.38785e-24
3.23699e-24
3.09277e-24
2.9549e-24
2.82311e-24
2.69713e-24
2.57672e-24
2.46162e-24
2.35161e-24
2.24647e-24
2.14598e-24
2.04994e-24
1.95816e-24
1.87045e-24
1.78663e-24
1.70653e-24
1.62999e-24
1.55685e-24
1.48696e-24
1.42018e-24
1.35637e-24
1.29541e-24
1.23716e-24
1.18151e-24
1.12835e-24
1.07755e-24
1.02903e-24
9.82671e-25
9.38385e-25
8.9608e-25
8.55668e-25
8.17065e-25
7.80191e-25
7.44968e-25
7.11325e-25
6.7919e-25
6.48497e-25
6.19181e-25
5.91182e-25
5.6444e-25
5.389e-25
5.14508e-25
4.91213e-25
4.68966e-25
4.47721e-25
4.27432e-25
4.08056e-25
3.89554e-25
3.71886e-25
3.55015e-25
3.38904e-25
3.23521e-25
3.08831e-25
2.94805e-25
2.81413e-25
2.68626e-25
2.56417e-25
2.44759e-25
2.33629e-25
2.23003e-25
2.12857e-25
2.03171e-25
1.93923e-25
1.85094e-25
1.76666e-25
1.68619e-25
1.60937e-25
1.53603e-25
1.46603e-25
1.39919e-25
1.3354e-25
1.27449e-25
1.21636e-25
1.16086e-25
1.10789e-25
1.05732e-25
1.00905e-25
9.62979e-26
9.19002e-26
8.77025e-26
8.36959e-26
7.98716e-26
7.62215e-26
7.27375e-26
6.94123e-26
6.62386e-26
6.32096e-26
6.03186e-26
5.75594e-26
5.49261e-26
5.24129e-26
5.00144e-26
4.77254e-26
4.55409e-26
4.34561e-26
4.14666e-26
3.9568e-26
3.77561e-26
3.6027e-26
3.43771e-26
3.28026e-26
3.13001e-26
2.98664e-26
2.84983e-26
2.71928e-26
2.59472e-26
2.47586e-26
2.36245e-26
2.25425e-26
2.151e-26
2.05249e-26
1.95851e-26
1.86884e-26
1.78329e-26
1.70167e-26
1.62381e-26
1.54953e-26
1.47867e-26
1.41107e-26
1.34659e-26
1.28508e-26
1.22642e-26
1.17046e-26
1.11709e-26
1.06619e-26
1.01765e-26
9.7136e-27
9.27219e-27
8.85131e-27
8.45002e-27
8.06744e-27
7.70274e-27
7.35509e-27
7.02374e-27
6.70796e-27
6.40705e-27
6.12035e-27
5.84722e-27
5.58706e-27
5.3393e-27
5.10339e-27
4.8788e-27
4.66505e-27
4.46166e-27
4.26818e-27
4.08418e-27
3.90926e-27
3.74302e-27
3.58511e-27
3.43518e-27
3.29288e-27
3.15792e-27
3.02998e-27
2.90879e-27
2.79408e-27
2.6856e-27
2.5831e-27
2.48636e-27
2.39518e-27
2.30933e-27
2.22865e-27
2.15294e-27
2.08205e-27
2.01581e-27
1.95409e-27
1.89674e-27
1.84365e-27
1.79468e-27
1.74975e-27
1.70875e-27
1.67159e-27
1.63825e-27
1.60877e-27
1.58313e-27
1.56126e-27
1.54319e-27
1.52886e-27
1.51822e-27
1.51124e-27
1.50789e-27
1.50813e-27
1.51197e-27
1.51939e-27
1.5304e-27
1.54501e-27
1.56323e-27
