5
1e+16
1e+18
50
4.9998
13262.1
7.19889e-20
7.19645e-20
7.18826e-20
7.17863e-20
7.16773e-20
7.15561e-20
7.14229e-20
7.12779e-20
7.11211e-20
7.09527e-20
7.07726e-20
7.05811e-20
7.03782e-20
7.0164e-20
6.99389e-20
6.9703e-20
6.94564e-20
6.9199e-20
6.89311e-20
6.86526e-20
6.83637e-20
6.80645e-20
6.77552e-20
6.74358e-20
6.71066e-20
6.67679e-20
6.64198e-20
6.60622e-20
6.56955e-20
6.53198e-20
6.49351e-20
6.45419e-20
6.41403e-20
6.37304e-20
6.33124e-20
6.28864e-20
6.24527e-20
6.20115e-20
6.15631e-20
6.11075e-20
6.0645e-20
6.01757e-20
5.97e-20
5.92181e-20
5.873e-20
5.82361e-20
5.77365e-20
5.72315e-20
5.67214e-20
5.62061e-20
5.56862e-20
5.51617e-20
5.46328e-20
5.40998e-20
5.35629e-20
5.30222e-20
5.24781e-20
5.19308e-20
5.13805e-20
5.08273e-20
5.02715e-20
4.97133e-20
4.9153e-20
4.85907e-20
4.80267e-20
4.74611e-20
4.68941e-20
4.63261e-20
4.57571e-20
4.51873e-20
4.46171e-20
4.40464e-20
4.34756e-20
4.29049e-20
4.23344e-20
4.17643e-20
4.11947e-20
4.0626e-20
4.00583e-20
3.94916e-20
3.89263e-20
3.83624e-20
3.78002e-20
3.72397e-20
3.66812e-20
3.61249e-20
3.55707e-20
3.5019e-20
3.44699e-20
3.39234e-20
3.33798e-20
3.28392e-20
3.23017e-20
3.17674e-20
3.12364e-20
3.07089e-20
3.0185e-20
2.96648e-20
2.91484e-20
2.86358e-20
2.81273e-20
2.76229e-20
2.71227e-20
2.66267e-20
2.61352e-20
2.5648e-20
2.51654e-20
2.46874e-20
2.4214e-20
2.37454e-20
2.32816e-20
2.28226e-20
2.23685e-20
2.19194e-20
2.14753e-20
2.10362e-20
2.06022e-20
2.01733e-20
1.97496e-20
1.93311e-20
1.89178e-20
1.85098e-20
1.8107e-20
1.77095e-20
1.73172e-20
1.69303e-20
1.65487e-20
1.61724e-20
1.58015e-20
1.54358e-20
1.50755e-20
1.47205e-20
1.43708e-20
1.40264e-20
1.36872e-20
1.33534e-20
1.30248e-20
1.27014e-20
1.23832e-20
1.20703e-20
1.17624e-20
1.14597e-20
1.11622e-20
1.08696e-20
1.05821e-20
1.02996e-20
1.00221e-20
9.7495e-21
9.48177e-21
9.21888e-21
8.9608e-21
8.70747e-21
8.45885e-21
8.21491e-21
7.97559e-21
7.74087e-21
7.51073e-21
7.28514e-21
7.06405e-21
6.84744e-21
6.63525e-21
6.42746e-21
6.22402e-21
6.02488e-21
5.83001e-21
5.63936e-21
5.45291e-21
5.2706e-21
5.09241e-21
4.91831e-21
4.74829e-21
4.58232e-21
4.42038e-21
4.26244e-21
4.10845e-21
3.9584e-21
3.81223e-21
3.66989e-21
3.53133e-21
3.39653e-21
3.26547e-21
3.13813e-21
3.01448e-21
2.89448e-21
2.77812e-21
2.66533e-21
2.55607e-21
2.45031e-21
2.34798e-21
2.24902e-21
2.15338e-21
2.061e-21
1.97181e-21
1.88575e-21
1.80275e-21
1.72274e-21
1.64565e-21
1.57142e-21
1.49998e-21
1.43124e-21
1.36515e-21
1.30162e-21
1.2406e-21
1.182e-21
1.12576e-21
1.07181e-21
1.02007e-21
9.70484e-22
9.22978e-22
8.77485e-22
8.3394e-22
7.92276e-22
7.52431e-22
7.1434e-22
6.77942e-22
6.43178e-22
6.09986e-22
5.7831e-22
5.48092e-22
5.19278e-22
4.91813e-22
4.65645e-22
4.40722e-22
4.16995e-22
3.94416e-22
3.72937e-22
3.52512e-22
3.33098e-22
3.14652e-22
2.97131e-22
2.80497e-22
2.6471e-22
2.49732e-22
2.35528e-22
2.22062e-22
2.09302e-22
1.97213e-22
1.85766e-22
1.7493e-22
1.64676e-22
1.54976e-22
1.45804e-22
1.37133e-22
1.28941e-22
1.21202e-22
1.13894e-22
1.06995e-22
1.00486e-22
9.43452e-23
8.85545e-23
8.30957e-23
7.79514e-23
7.31052e-23
6.85412e-23
6.42445e-23
6.02006e-23
5.63959e-23
5.28173e-23
4.94526e-23
4.62899e-23
4.33181e-23
4.05264e-23
3.79047e-23
3.54435e-23
3.31336e-23
3.09663e-23
2.89335e-23
2.70274e-23
2.52405e-23
2.35659e-23
2.19971e-23
2.05277e-23
1.91519e-23
1.7864e-23
1.66587e-23
1.55311e-23
1.44765e-23
1.34904e-23
1.25685e-23
1.1707e-23
1.09021e-23
1.01503e-23
9.4482e-24
8.79277e-24
8.18103e-24
7.61021e-24
7.07771e-24
6.58108e-24
6.11801e-24
5.68636e-24
5.28408e-24
4.90926e-24
4.56011e-24
4.23495e-24
3.93221e-24
3.65039e-24
3.38812e-24
3.14409e-24
2.91709e-24
2.70598e-24
2.50967e-24
2.32719e-24
2.15758e-24
1.99998e-24
1.85356e-24
1.71757e-24
1.59128e-24
1.47402e-24
1.36517e-24
1.26415e-24
1.17042e-24
1.08346e-24
1.0028e-24
9.27996e-25
8.5864e-25
7.94345e-25
7.34753e-25
6.7953e-25
6.28365e-25
5.80968e-25
5.3707e-25
4.96418e-25
4.58779e-25
4.23936e-25
3.91685e-25
3.61841e-25
3.34226e-25
3.08679e-25
2.8505e-25
2.63196e-25
2.42987e-25
2.24303e-25
2.07031e-25
1.91067e-25
1.76314e-25
1.62681e-25
1.50086e-25
1.38452e-25
1.27706e-25
1.17781e-25
1.08617e-25
1.00155e-25
9.23441e-26
8.5134e-26
7.84795e-26
7.23385e-26
6.66722e-26
6.14442e-26
5.66214e-26
5.21727e-26
4.80696e-26
4.42857e-26
4.07965e-26
3.75793e-26
3.46134e-26
3.18793e-26
2.93591e-26
2.70363e-26
2.48956e-26
2.29229e-26
2.11053e-26
1.94306e-26
1.78878e-26
1.64666e-26
1.51575e-26
1.39517e-26
1.28412e-26
1.18185e-26
1.08768e-26
1.00096e-26
9.21119e-27
8.47611e-27
7.79939e-27
7.17644e-27
6.60301e-27
6.07519e-27
5.58938e-27
5.14226e-27
4.73077e-27
4.35208e-27
4.00361e-27
3.68295e-27
3.3879e-27
3.11642e-27
2.86665e-27
2.63685e-27
2.42543e-27
2.23093e-27
2.052e-27
1.8874e-27
1.73598e-27
1.5967e-27
1.46858e-27
1.35073e-27
1.24234e-27
1.14264e-27
1.05094e-27
9.66599e-28
8.89027e-28
8.1768e-28
7.52061e-28
6.9171e-28
6.36205e-28
5.85158e-28
5.38211e-28
4.95034e-28
4.55326e-28
4.18808e-28
3.85224e-28
3.54337e-28
3.2593e-28
2.99804e-28
2.75777e-28
2.53679e-28
2.33356e-28
2.14664e-28
1.97473e-28
1.81662e-28
1.67121e-28
1.53747e-28
1.41446e-28
1.30132e-28
1.19726e-28
1.10154e-28
1.0135e-28
9.32513e-29
8.5802e-29
7.89496e-29
7.26464e-29
6.68482e-29
6.15144e-29
5.66077e-29
5.2094e-29
4.79416e-29
4.41214e-29
4.06067e-29
3.73731e-29
3.4398e-29
3.16607e-29
2.91422e-29
2.68248e-29
2.46926e-29
2.27306e-29
2.09253e-29
1.92641e-29
1.77355e-29
1.63288e-29
1.50344e-29
1.38432e-29
1.27469e-29
1.1738e-29
1.08095e-29
9.95499e-30
9.16853e-30
8.44472e-30
7.77856e-30
7.16546e-30
6.6012e-30
6.0819e-30
5.60397e-30
5.16414e-30
4.75938e-30
4.3869e-30
4.04411e-30
3.72867e-30
3.4384e-30
3.17132e-30
2.9256e-30
2.69956e-30
2.49161e-30
2.30038e-30
2.12464e-30
1.96334e-30
1.81535e-30
1.67967e-30
1.55543e-30
1.44175e-30
1.33794e-30
1.24333e-30
1.15724e-30
1.07906e-30
1.00823e-30
9.44237e-31
8.86619e-31
8.34958e-31
7.88876e-31
7.48031e-31
7.12119e-31
6.80868e-31
6.54039e-31
6.3142e-31
6.12829e-31
5.98109e-31
5.87131e-31
5.79787e-31
5.75994e-31
5.75692e-31
5.78844e-31
5.85432e-31
5.95462e-31
6.08961e-31
