20
5e+17
2e+17
50
19.9999
26524.1
1.04854e-20
1.04827e-20
1.04729e-20
1.04608e-20
1.04465e-20
1.043e-20
1.04114e-20
1.03906e-20
1.03679e-20
1.0343e-20
1.03161e-20
1.02872e-20
1.02563e-20
1.02233e-20
1.01884e-20
1.01515e-20
1.01127e-20
1.00719e-20
1.00293e-20
9.98481e-21
9.93847e-21
9.89031e-21
9.84038e-21
9.78868e-21
9.73527e-21
9.68016e-21
9.62339e-21
9.565e-21
9.50501e-21
9.44347e-21
9.38041e-21
9.31586e-21
9.24987e-21
9.18247e-21
9.11369e-21
9.04357e-21
8.97217e-21
8.8995e-21
8.82562e-21
8.75056e-21
8.67436e-21
8.59707e-21
8.51873e-21
8.43937e-21
8.35905e-21
8.2778e-21
8.19566e-21
8.11268e-21
8.0289e-21
7.94435e-21
7.8591e-21
7.77316e-21
7.6866e-21
7.59945e-21
7.51175e-21
7.42354e-21
7.33487e-21
7.24578e-21
7.15631e-21
7.0665e-21
6.97639e-21
6.88602e-21
6.79544e-21
6.70467e-21
6.61377e-21
6.52276e-21
6.43169e-21
6.3406e-21
6.24952e-21
6.15848e-21
6.06753e-21
5.9767e-21
5.88602e-21
5.79553e-21
5.70526e-21
5.61525e-21
5.52552e-21
5.43611e-21
5.34704e-21
5.25836e-21
5.17008e-21
5.08224e-21
4.99487e-21
4.90798e-21
4.82162e-21
4.73581e-21
4.65057e-21
4.56592e-21
4.4819e-21
4.39852e-21
4.31581e-21
4.2338e-21
4.15249e-21
4.07192e-21
3.99211e-21
3.91307e-21
3.83482e-21
3.75739e-21
3.68077e-21
3.605e-21
3.53008e-21
3.45603e-21
3.38286e-21
3.31059e-21
3.23921e-21
3.16875e-21
3.09921e-21
3.0306e-21
2.96292e-21
2.89619e-21
2.83041e-21
2.76559e-21
2.70172e-21
2.63882e-21
2.57688e-21
2.51591e-21
2.45591e-21
2.39688e-21
2.33882e-21
2.28173e-21
2.22561e-21
2.17046e-21
2.11627e-21
2.06305e-21
2.01078e-21
1.95947e-21
1.90911e-21
1.8597e-21
1.81122e-21
1.76368e-21
1.71707e-21
1.67139e-21
1.62662e-21
1.58276e-21
1.53979e-21
1.49772e-21
1.45654e-21
1.41623e-21
1.37679e-21
1.3382e-21
1.30046e-21
1.26356e-21
1.22749e-21
1.19224e-21
1.15779e-21
1.12414e-21
1.09128e-21
1.05919e-21
1.02786e-21
9.97294e-22
9.67464e-22
9.38366e-22
9.09986e-22
8.82315e-22
8.55339e-22
8.29047e-22
8.03428e-22
7.7847e-22
7.5416e-22
7.30489e-22
7.07443e-22
6.85012e-22
6.63182e-22
6.41943e-22
6.21283e-22
6.0119e-22
5.81654e-22
5.62662e-22
5.44204e-22
5.26269e-22
5.08844e-22
4.91919e-22
4.75482e-22
4.59523e-22
4.44032e-22
4.28996e-22
4.14407e-22
4.00254e-22
3.86525e-22
3.73212e-22
3.60303e-22
3.47789e-22
3.3566e-22
3.23907e-22
3.1252e-22
3.0149e-22
2.90807e-22
2.80463e-22
2.70449e-22
2.60755e-22
2.51374e-22
2.42296e-22
2.33514e-22
2.25019e-22
2.16804e-22
2.08861e-22
2.01181e-22
1.93759e-22
1.86586e-22
1.79654e-22
1.72958e-22
1.6649e-22
1.60243e-22
1.5421e-22
1.48386e-22
1.42765e-22
1.37339e-22
1.32103e-22
1.27051e-22
1.22178e-22
1.17478e-22
1.12945e-22
1.08574e-22
1.04359e-22
1.00297e-22
9.6382e-23
9.26091e-23
8.89738e-23
8.54716e-23
8.20982e-23
7.88494e-23
7.57209e-23
7.27087e-23
6.9809e-23
6.70179e-23
6.43316e-23
6.17465e-23
5.92592e-23
5.68663e-23
5.45645e-23
5.23507e-23
5.02217e-23
4.81746e-23
4.62064e-23
4.43145e-23
4.2496e-23
4.07484e-23
3.9069e-23
3.74555e-23
3.59054e-23
3.44163e-23
3.2986e-23
3.16124e-23
3.02933e-23
2.90268e-23
2.78108e-23
2.66436e-23
2.55232e-23
2.44479e-23
2.3416e-23
2.24259e-23
2.14759e-23
2.05646e-23
1.96905e-23
1.88521e-23
1.8048e-23
1.7277e-23
1.65376e-23
1.58287e-23
1.51492e-23
1.44977e-23
1.38733e-23
1.32748e-23
1.27012e-23
1.21517e-23
1.16251e-23
1.11205e-23
1.06372e-23
1.01743e-23
9.73081e-24
9.3061e-24
8.89938e-24
8.50991e-24
8.137e-24
7.77996e-24
7.43816e-24
7.11094e-24
6.79771e-24
6.4979e-24
6.21094e-24
5.93632e-24
5.67351e-24
5.42204e-24
5.18142e-24
4.95121e-24
4.73097e-24
4.52029e-24
4.31876e-24
4.126e-24
3.94164e-24
3.76533e-24
3.59672e-24
3.43549e-24
3.28133e-24
3.13393e-24
2.99301e-24
2.85829e-24
2.72951e-24
2.60641e-24
2.48873e-24
2.37625e-24
2.26875e-24
2.16601e-24
2.06782e-24
1.974e-24
1.88434e-24
1.79867e-24
1.71682e-24
1.63862e-24
1.56391e-24
1.49254e-24
1.42436e-24
1.35924e-24
1.29704e-24
1.23763e-24
1.18089e-24
1.12671e-24
1.07496e-24
1.02555e-24
9.78369e-25
9.33319e-25
8.90306e-25
8.4924e-25
8.10035e-25
7.72606e-25
7.36873e-25
7.02763e-25
6.70201e-25
6.39121e-25
6.09454e-25
5.81139e-25
5.54116e-25
5.28325e-25
5.03713e-25
4.80226e-25
4.57814e-25
4.36428e-25
4.16023e-25
3.96555e-25
3.77981e-25
3.6026e-25
3.43355e-25
3.27229e-25
3.11846e-25
2.97173e-25
2.83177e-25
2.69829e-25
2.57098e-25
2.44956e-25
2.33378e-25
2.22336e-25
2.11807e-25
2.01768e-25
1.92196e-25
1.83068e-25
1.74366e-25
1.66069e-25
1.58158e-25
1.50617e-25
1.43428e-25
1.36576e-25
1.30044e-25
1.23817e-25
1.17883e-25
1.12228e-25
1.06838e-25
1.01701e-25
9.68063e-26
9.21421e-26
8.76979e-26
8.34634e-26
7.94291e-26
7.55856e-26
7.1924e-26
6.84361e-26
6.51136e-26
6.19489e-26
5.89346e-26
5.60638e-26
5.33298e-26
5.07262e-26
4.8247e-26
4.58862e-26
4.36384e-26
4.14983e-26
3.94608e-26
3.75211e-26
3.56747e-26
3.39172e-26
3.22443e-26
3.0652e-26
2.91365e-26
2.76942e-26
2.63216e-26
2.50155e-26
2.37727e-26
2.25901e-26
2.14651e-26
2.03947e-26
1.93765e-26
1.8408e-26
1.74867e-26
1.66105e-26
1.57772e-26
1.49848e-26
1.42313e-26
1.35148e-26
1.28337e-26
1.21861e-26
1.15705e-26
1.09853e-26
1.04292e-26
9.90062e-27
9.39833e-27
8.92104e-27
8.46754e-27
8.0367e-27
7.62741e-27
7.23863e-27
6.86937e-27
6.51869e-27
6.18568e-27
5.86949e-27
5.5693e-27
5.28433e-27
5.01384e-27
4.75713e-27
4.51353e-27
4.28239e-27
4.06311e-27
3.85511e-27
3.65784e-27
3.47078e-27
3.29342e-27
3.12529e-27
2.96594e-27
2.81493e-27
2.67185e-27
2.53632e-27
2.40796e-27
2.28644e-27
2.17142e-27
2.06257e-27
1.95961e-27
1.86224e-27
1.7702e-27
1.68322e-27
1.60107e-27
1.5235e-27
1.45031e-27
1.38129e-27
1.31622e-27
1.25494e-27
1.19726e-27
1.14301e-27
1.09203e-27
1.04418e-27
9.99303e-28
9.57276e-28
9.17968e-28
8.8126e-28
8.47037e-28
8.15195e-28
7.85631e-28
7.58253e-28
7.32971e-28
7.09702e-28
6.88369e-28
6.68898e-28
6.51222e-28
6.35278e-28
6.21006e-28
6.08353e-28
5.97267e-28
5.87702e-28
5.79616e-28
5.72969e-28
5.67727e-28
5.63858e-28
5.61333e-28
5.60126e-28
5.60217e-28
5.61585e-28
5.64215e-28
5.68093e-28
5.7321e-28
5.79558e-28
5.87133e-28
5.95931e-28
6.05954e-28
6.17201e-28
6.29678e-28
6.43393e-28
6.58358e-28
6.74616e-28
6.92188e-28
7.11104e-28
7.31381e-28
7.5304e-28
7.76102e-28
8.00591e-28
