10
2e+18
5e+17
49.9988
9.99998
18755.4
2.73391e-20
2.73373e-20
2.73273e-20
2.73119e-20
2.72912e-20
2.7265e-20
2.72335e-20
2.71966e-20
2.71543e-20
2.71066e-20
2.70537e-20
2.69954e-20
2.69319e-20
2.68632e-20
2.67893e-20
2.67103e-20
2.66263e-20
2.65371e-20
2.6443e-20
2.6344e-20
2.62401e-20
2.61314e-20
2.6018e-20
2.58999e-20
2.57771e-20
2.56499e-20
2.55181e-20
2.5382e-20
2.52416e-20
2.50969e-20
2.49481e-20
2.47952e-20
2.46383e-20
2.44775e-20
2.4313e-20
2.41447e-20
2.39728e-20
2.37973e-20
2.36185e-20
2.34363e-20
2.32508e-20
2.30623e-20
2.28707e-20
2.26761e-20
2.24787e-20
2.22786e-20
2.20759e-20
2.18707e-20
2.1663e-20
2.1453e-20
2.12408e-20
2.10265e-20
2.08103e-20
2.05921e-20
2.03722e-20
2.01506e-20
1.99274e-20
1.97027e-20
1.94767e-20
1.92495e-20
1.90211e-20
1.87916e-20
1.85613e-20
1.83301e-20
1.80981e-20
1.78655e-20
1.76324e-20
1.73989e-20
1.7165e-20
1.69309e-20
1.66966e-20
1.64623e-20
1.62281e-20
1.5994e-20
1.57601e-20
1.55265e-20
1.52933e-20
1.50607e-20
1.48286e-20
1.45972e-20
1.43665e-20
1.41366e-20
1.39076e-20
1.36796e-20
1.34527e-20
1.32269e-20
1.30022e-20
1.27789e-20
1.25568e-20
1.23362e-20
1.2117e-20
1.18993e-20
1.16832e-20
1.14687e-20
1.12559e-20
1.10448e-20
1.08356e-20
1.06281e-20
1.04226e-20
1.0219e-20
1.00173e-20
9.8177e-21
9.62012e-21
9.42462e-21
9.23125e-21
9.04003e-21
8.851e-21
8.66417e-21
8.4796e-21
8.29728e-21
8.11726e-21
7.93955e-21
7.76416e-21
7.59113e-21
7.42046e-21
7.25217e-21
7.08627e-21
6.92277e-21
6.76168e-21
6.60302e-21
6.44677e-21
6.29296e-21
6.14158e-21
5.99264e-21
5.84613e-21
5.70205e-21
5.56041e-21
5.42119e-21
5.28439e-21
5.15001e-21
5.01804e-21
4.88847e-21
4.76128e-21
4.63647e-21
4.51403e-21
4.39394e-21
4.27618e-21
4.16075e-21
4.04762e-21
3.93678e-21
3.8282e-21
3.72188e-21
3.61778e-21
3.51589e-21
3.41619e-21
3.31864e-21
3.22324e-21
3.12996e-21
3.03877e-21
2.94964e-21
2.86256e-21
2.7775e-21
2.69442e-21
2.61331e-21
2.53413e-21
2.45686e-21
2.38148e-21
2.30795e-21
2.23624e-21
2.16633e-21
2.09818e-21
2.03178e-21
1.96709e-21
1.90408e-21
1.84272e-21
1.78298e-21
1.72484e-21
1.66827e-21
1.61322e-21
1.55969e-21
1.50764e-21
1.45703e-21
1.40784e-21
1.36005e-21
1.31362e-21
1.26852e-21
1.22473e-21
1.18222e-21
1.14095e-21
1.10092e-21
1.06207e-21
1.0244e-21
9.87868e-22
9.52452e-22
9.18125e-22
8.84862e-22
8.52637e-22
8.21424e-22
7.91199e-22
7.61937e-22
7.33614e-22
7.06206e-22
6.79689e-22
6.5404e-22
6.29236e-22
6.05255e-22
5.82075e-22
5.59674e-22
5.3803e-22
5.17123e-22
4.96932e-22
4.77437e-22
4.58617e-22
4.40455e-22
4.2293e-22
4.06024e-22
3.89718e-22
3.73995e-22
3.58838e-22
3.44228e-22
3.3015e-22
3.16587e-22
3.03523e-22
2.90943e-22
2.7883e-22
2.67171e-22
2.5595e-22
2.45154e-22
2.34769e-22
2.24781e-22
2.15176e-22
2.05944e-22
1.9707e-22
1.88542e-22
1.8035e-22
1.72481e-22
1.64924e-22
1.57668e-22
1.50704e-22
1.4402e-22
1.37606e-22
1.31454e-22
1.25553e-22
1.19895e-22
1.1447e-22
1.09271e-22
1.04288e-22
9.95137e-23
9.49405e-23
9.05607e-23
8.6367e-23
8.23523e-23
7.85097e-23
7.48327e-23
7.13147e-23
6.79496e-23
6.47315e-23
6.16545e-23
5.8713e-23
5.59017e-23
5.32153e-23
5.06488e-23
4.81972e-23
4.58561e-23
4.36207e-23
4.14869e-23
3.94503e-23
3.75069e-23
3.56529e-23
3.38844e-23
3.21979e-23
3.05898e-23
2.90569e-23
2.75958e-23
2.62036e-23
2.48772e-23
2.36137e-23
2.24104e-23
2.12647e-23
2.01741e-23
1.91359e-23
1.8148e-23
1.72081e-23
1.6314e-23
1.54637e-23
1.46551e-23
1.38864e-23
1.31557e-23
1.24613e-23
1.18015e-23
1.11748e-23
1.05794e-23
1.00141e-23
9.47733e-24
8.9678e-24
8.48421e-24
8.02532e-24
7.58996e-24
7.17698e-24
6.78533e-24
6.41396e-24
6.06189e-24
5.72817e-24
5.4119e-24
5.11224e-24
4.82835e-24
4.55946e-24
4.30483e-24
4.06373e-24
3.83549e-24
3.61947e-24
3.41504e-24
3.22162e-24
3.03866e-24
2.8656e-24
2.70196e-24
2.54724e-24
2.40098e-24
2.26274e-24
2.13211e-24
2.00869e-24
1.89211e-24
1.782e-24
1.67802e-24
1.57985e-24
1.48718e-24
1.39972e-24
1.31718e-24
1.23931e-24
1.16586e-24
1.09658e-24
1.03125e-24
9.69652e-25
9.11587e-25
8.56861e-25
8.05289e-25
7.56699e-25
7.10927e-25
6.67815e-25
6.27216e-25
5.88991e-25
5.53007e-25
5.19138e-25
4.87264e-25
4.57274e-25
4.29061e-25
4.02524e-25
3.77567e-25
3.54101e-25
3.3204e-25
3.11304e-25
2.91816e-25
2.73504e-25
2.563e-25
2.4014e-25
2.24963e-25
2.10711e-25
1.97331e-25
1.8477e-25
1.72982e-25
1.6192e-25
1.5154e-25
1.41804e-25
1.32671e-25
1.24107e-25
1.16077e-25
1.0855e-25
1.01494e-25
9.48812e-26
8.86853e-26
8.28807e-26
7.74436e-26
7.23515e-26
6.75833e-26
6.31193e-26
5.89406e-26
5.50297e-26
5.13699e-26
4.79458e-26
4.47427e-26
4.17468e-26
3.89452e-26
3.63257e-26
3.38769e-26
3.1588e-26
2.9449e-26
2.74504e-26
2.55832e-26
2.38391e-26
2.22104e-26
2.06895e-26
1.92696e-26
1.79442e-26
1.67073e-26
1.5553e-26
1.44761e-26
1.34716e-26
1.25347e-26
1.1661e-26
1.08465e-26
1.00871e-26
9.37942e-27
8.71991e-27
8.10542e-27
7.53299e-27
6.99982e-27
6.50332e-27
6.04102e-27
5.61066e-27
5.2101e-27
4.83733e-27
4.49049e-27
4.16782e-27
3.86771e-27
3.58861e-27
3.3291e-27
3.08785e-27
2.86361e-27
2.65522e-27
2.4616e-27
2.28172e-27
2.11464e-27
1.95948e-27
1.81542e-27
1.68168e-27
1.55754e-27
1.44235e-27
1.33547e-27
1.23632e-27
1.14437e-27
1.0591e-27
9.80042e-28
9.06761e-28
8.38847e-28
7.7592e-28
7.17626e-28
6.63633e-28
6.13636e-28
5.67349e-28
5.24507e-28
4.8486e-28
4.4818e-28
4.14253e-28
3.8288e-28
3.53877e-28
3.27072e-28
3.02305e-28
2.79429e-28
2.58306e-28
2.38809e-28
2.20819e-28
2.04226e-28
1.88928e-28
1.74831e-28
1.61846e-28
1.49894e-28
1.38898e-28
1.28788e-28
1.19501e-28
1.10976e-28
1.03159e-28
9.59969e-29
8.94438e-29
8.34557e-29
7.79922e-29
7.30161e-29
6.84932e-29
6.43915e-29
6.06819e-29
5.73377e-29
5.43341e-29
5.16485e-29
4.92601e-29
4.71499e-29
4.53005e-29
4.36959e-29
4.23218e-29
4.11648e-29
4.0213e-29
3.94556e-29
3.88829e-29
3.84861e-29
3.82573e-29
3.81896e-29
3.82768e-29
3.85136e-29
3.88954e-29
3.94182e-29
4.00785e-29
4.08738e-29
4.18019e-29
4.28611e-29
4.40504e-29
4.53691e-29
4.68172e-29
4.83947e-29
5.01036e-29
5.19463e-29
5.39249e-29
5.60412e-29
5.82985e-29
6.06993e-29
6.32463e-29
6.59426e-29
6.87917e-29
7.17975e-29
7.49643e-29
7.82965e-29
8.17992e-29
8.54777e-29
8.93375e-29
