5
2e+16
1e+17
50
4.99998
13262.1
7.61196e-20
7.6115e-20
7.60877e-20
7.60459e-20
7.59893e-20
7.59179e-20
7.58317e-20
7.57307e-20
7.5615e-20
7.54846e-20
7.53395e-20
7.518e-20
7.50061e-20
7.48178e-20
7.46154e-20
7.43989e-20
7.41684e-20
7.39241e-20
7.36661e-20
7.33946e-20
7.31096e-20
7.28115e-20
7.25003e-20
7.21762e-20
7.18395e-20
7.14903e-20
7.11287e-20
7.07551e-20
7.03696e-20
6.99724e-20
6.95638e-20
6.91439e-20
6.87131e-20
6.82715e-20
6.78194e-20
6.7357e-20
6.68847e-20
6.64025e-20
6.59109e-20
6.54101e-20
6.49002e-20
6.43817e-20
6.38548e-20
6.33197e-20
6.27767e-20
6.22262e-20
6.16683e-20
6.11034e-20
6.05318e-20
5.99537e-20
5.93695e-20
5.87794e-20
5.81837e-20
5.75826e-20
5.69766e-20
5.63659e-20
5.57507e-20
5.51315e-20
5.45083e-20
5.38816e-20
5.32516e-20
5.26186e-20
5.19829e-20
5.13448e-20
5.07045e-20
5.00624e-20
4.94187e-20
4.87736e-20
4.81275e-20
4.74805e-20
4.68331e-20
4.61854e-20
4.55377e-20
4.48902e-20
4.42432e-20
4.35969e-20
4.29517e-20
4.23076e-20
4.1665e-20
4.10241e-20
4.0385e-20
3.97481e-20
3.91135e-20
3.84815e-20
3.78522e-20
3.72259e-20
3.66027e-20
3.59828e-20
3.53665e-20
3.47538e-20
3.41451e-20
3.35404e-20
3.29399e-20
3.23437e-20
3.17521e-20
3.11652e-20
3.0583e-20
3.00058e-20
2.94337e-20
2.88668e-20
2.83052e-20
2.77491e-20
2.71985e-20
2.66535e-20
2.61143e-20
2.5581e-20
2.50536e-20
2.45322e-20
2.40169e-20
2.35077e-20
2.30048e-20
2.25082e-20
2.20179e-20
2.15341e-20
2.10566e-20
2.05857e-20
2.01213e-20
1.96635e-20
1.92123e-20
1.87677e-20
1.83297e-20
1.78984e-20
1.74737e-20
1.70557e-20
1.66444e-20
1.62397e-20
1.58418e-20
1.54504e-20
1.50658e-20
1.46877e-20
1.43163e-20
1.39514e-20
1.35931e-20
1.32414e-20
1.28961e-20
1.25573e-20
1.2225e-20
1.1899e-20
1.15793e-20
1.1266e-20
1.09589e-20
1.0658e-20
1.03633e-20
1.00746e-20
9.79196e-21
9.51529e-21
9.24454e-21
8.97964e-21
8.72053e-21
8.46713e-21
8.21939e-21
7.97723e-21
7.74059e-21
7.50938e-21
7.28355e-21
7.06302e-21
6.84772e-21
6.63758e-21
6.43251e-21
6.23245e-21
6.03732e-21
5.84704e-21
5.66154e-21
5.48074e-21
5.30456e-21
5.13292e-21
4.96576e-21
4.80298e-21
4.64452e-21
4.49029e-21
4.34023e-21
4.19425e-21
4.05229e-21
3.91426e-21
3.78008e-21
3.64969e-21
3.52301e-21
3.39996e-21
3.28047e-21
3.16446e-21
3.05187e-21
2.94262e-21
2.83664e-21
2.73386e-21
2.63421e-21
2.53762e-21
2.44403e-21
2.35335e-21
2.26554e-21
2.18051e-21
2.0982e-21
2.01854e-21
1.94147e-21
1.86693e-21
1.79485e-21
1.72516e-21
1.65781e-21
1.59273e-21
1.52987e-21
1.46915e-21
1.41054e-21
1.35395e-21
1.29935e-21
1.24667e-21
1.19586e-21
1.14687e-21
1.09964e-21
1.05412e-21
1.01026e-21
9.68006e-22
9.27316e-22
8.88139e-22
8.50428e-22
8.14139e-22
7.79225e-22
7.45644e-22
7.13352e-22
6.82308e-22
6.52471e-22
6.23802e-22
5.9626e-22
5.6981e-22
5.44413e-22
5.20034e-22
4.96638e-22
4.74191e-22
4.5266e-22
4.32012e-22
4.12216e-22
3.93241e-22
3.75058e-22
3.57639e-22
3.40955e-22
3.24979e-22
3.09684e-22
2.95046e-22
2.81039e-22
2.6764e-22
2.54825e-22
2.42572e-22
2.30859e-22
2.19665e-22
2.08969e-22
1.98752e-22
1.88994e-22
1.79678e-22
1.70784e-22
1.62298e-22
1.542e-22
1.46476e-22
1.3911e-22
1.32087e-22
1.25392e-22
1.19013e-22
1.12934e-22
1.07144e-22
1.0163e-22
9.63805e-23
9.13833e-23
8.66277e-23
8.2103e-23
7.77989e-23
7.37057e-23
6.98139e-23
6.61144e-23
6.25985e-23
5.92578e-23
5.60844e-23
5.30704e-23
5.02086e-23
4.74919e-23
4.49134e-23
4.24667e-23
4.01455e-23
3.79439e-23
3.58561e-23
3.38768e-23
3.20006e-23
3.02227e-23
2.85381e-23
2.69423e-23
2.5431e-23
2.4e-23
2.26453e-23
2.13631e-23
2.01498e-23
1.90019e-23
1.79161e-23
1.68893e-23
1.59184e-23
1.50007e-23
1.41332e-23
1.33136e-23
1.25392e-23
1.18077e-23
1.1117e-23
1.04648e-23
9.84906e-24
9.26795e-24
8.7196e-24
8.20225e-24
7.71424e-24
7.254e-24
6.82003e-24
6.41091e-24
6.0253e-24
5.66189e-24
5.31949e-24
4.99694e-24
4.69314e-24
4.40706e-24
4.13771e-24
3.88416e-24
3.64552e-24
3.42097e-24
3.2097e-24
3.01098e-24
2.82407e-24
2.64833e-24
2.4831e-24
2.32779e-24
2.18183e-24
2.04467e-24
1.91582e-24
1.79479e-24
1.68112e-24
1.57438e-24
1.47418e-24
1.38012e-24
1.29185e-24
1.20903e-24
1.13132e-24
1.05843e-24
9.90075e-25
9.25978e-25
8.65886e-25
8.09559e-25
7.56771e-25
7.07306e-25
6.60964e-25
6.17555e-25
5.76901e-25
5.38833e-25
5.03193e-25
4.69832e-25
4.38609e-25
4.09393e-25
3.82059e-25
3.56491e-25
3.32577e-25
3.10216e-25
2.89309e-25
2.69767e-25
2.51502e-25
2.34434e-25
2.18488e-25
2.03592e-25
1.8968e-25
1.76688e-25
1.64559e-25
1.53236e-25
1.42668e-25
1.32807e-25
1.23606e-25
1.15023e-25
1.07018e-25
9.95534e-26
9.25934e-26
8.61053e-26
8.00581e-26
7.4423e-26
6.91727e-26
6.42817e-26
5.97264e-26
5.54844e-26
5.15349e-26
4.78582e-26
4.44362e-26
4.12518e-26
3.8289e-26
3.55329e-26
3.29694e-26
3.05857e-26
2.83693e-26
2.63091e-26
2.43942e-26
2.26148e-26
2.09616e-26
1.94258e-26
1.79994e-26
1.66749e-26
1.54451e-26
1.43036e-26
1.32441e-26
1.22609e-26
1.13488e-26
1.05027e-26
9.71793e-27
8.99025e-27
8.3156e-27
7.69024e-27
7.11065e-27
6.57359e-27
6.07603e-27
5.61514e-27
5.1883e-27
4.79307e-27
4.42716e-27
4.08848e-27
3.77503e-27
3.485e-27
3.21668e-27
2.9685e-27
2.73898e-27
2.52676e-27
2.33057e-27
2.14924e-27
1.98166e-27
1.82682e-27
1.68379e-27
1.55168e-27
1.42968e-27
1.31704e-27
1.21306e-27
1.11709e-27
1.02852e-27
9.46816e-28
8.71443e-28
8.01929e-28
7.37828e-28
6.7873e-28
6.24256e-28
5.74051e-28
5.27791e-28
4.85172e-28
4.45915e-28
4.09762e-28
3.76474e-28
3.45828e-28
3.17621e-28
2.91663e-28
2.67779e-28
2.45809e-28
2.25601e-28
2.07019e-28
1.89935e-28
1.7423e-28
1.59797e-28
1.46535e-28
1.34351e-28
1.2316e-28
1.12883e-28
1.03448e-28
9.4786e-29
8.68368e-29
7.9543e-29
7.28521e-29
6.67156e-29
6.10891e-29
5.59314e-29
5.12048e-29
4.68746e-29
4.29088e-29
3.92777e-29
3.59543e-29
3.29139e-29
3.01335e-29
2.75921e-29
2.52706e-29
2.31512e-29
2.12177e-29
1.94558e-29
1.78527e-29
1.63958e-29
1.50737e-29
1.38765e-29
1.27947e-29
1.182e-29
1.0945e-29
1.01626e-29
9.46625e-30
8.85032e-30
8.30963e-30
7.83962e-30
7.43624e-30
7.09596e-30
6.81568e-30
6.59279e-30
6.42507e-30
6.31069e-30
6.2482e-30
6.23653e-30
6.27491e-30
6.36296e-30
6.50056e-30
6.68796e-30
6.92566e-30
7.2145e-30
7.55561e-30
7.95039e-30
8.40055e-30
