10
2e+17
5e+18
49.9854
9.99979
18755.4
3.09986e-20
3.09647e-20
3.08626e-20
3.07516e-20
3.06349e-20
3.05134e-20
3.03872e-20
3.02566e-20
3.01217e-20
2.99826e-20
2.98393e-20
2.9692e-20
2.95409e-20
2.93862e-20
2.92279e-20
2.90658e-20
2.89001e-20
2.87308e-20
2.8558e-20
2.83816e-20
2.82017e-20
2.80187e-20
2.78325e-20
2.76432e-20
2.74508e-20
2.72554e-20
2.70572e-20
2.68562e-20
2.66526e-20
2.64462e-20
2.62373e-20
2.60259e-20
2.58121e-20
2.55961e-20
2.53778e-20
2.51573e-20
2.49349e-20
2.47105e-20
2.44842e-20
2.42561e-20
2.40263e-20
2.37949e-20
2.35619e-20
2.33276e-20
2.30919e-20
2.28549e-20
2.26168e-20
2.23775e-20
2.21373e-20
2.18961e-20
2.16541e-20
2.14113e-20
2.11679e-20
2.09238e-20
2.06792e-20
2.04341e-20
2.01888e-20
1.99431e-20
1.96972e-20
1.94512e-20
1.92051e-20
1.89591e-20
1.87132e-20
1.84675e-20
1.8222e-20
1.79768e-20
1.7732e-20
1.74876e-20
1.72438e-20
1.70005e-20
1.67579e-20
1.6516e-20
1.62749e-20
1.60346e-20
1.57952e-20
1.55567e-20
1.53193e-20
1.50829e-20
1.48476e-20
1.46135e-20
1.43806e-20
1.4149e-20
1.39187e-20
1.36897e-20
1.34621e-20
1.3236e-20
1.30114e-20
1.27883e-20
1.25668e-20
1.23469e-20
1.21286e-20
1.1912e-20
1.16971e-20
1.1484e-20
1.12726e-20
1.1063e-20
1.08553e-20
1.06494e-20
1.04454e-20
1.02432e-20
1.0043e-20
9.84474e-21
9.64843e-21
9.45409e-21
9.26174e-21
9.0714e-21
8.88308e-21
8.69679e-21
8.51253e-21
8.33032e-21
8.15019e-21
7.97213e-21
7.79618e-21
7.62235e-21
7.45065e-21
7.28109e-21
7.11368e-21
6.94843e-21
6.78535e-21
6.62447e-21
6.46579e-21
6.30934e-21
6.15515e-21
6.00324e-21
5.85362e-21
5.7063e-21
5.56129e-21
5.4186e-21
5.27826e-21
5.1403e-21
5.00475e-21
4.87161e-21
4.7409e-21
4.61264e-21
4.4868e-21
4.36341e-21
4.24245e-21
4.12394e-21
4.00786e-21
3.89419e-21
3.78293e-21
3.67407e-21
3.56759e-21
3.46346e-21
3.36168e-21
3.26222e-21
3.16506e-21
3.07017e-21
2.97752e-21
2.88711e-21
2.79888e-21
2.71282e-21
2.62889e-21
2.54708e-21
2.46734e-21
2.38964e-21
2.31396e-21
2.24026e-21
2.16851e-21
2.09867e-21
2.03072e-21
1.96461e-21
1.90032e-21
1.83781e-21
1.77704e-21
1.71798e-21
1.66061e-21
1.60487e-21
1.55075e-21
1.4982e-21
1.44718e-21
1.39768e-21
1.34966e-21
1.30307e-21
1.25788e-21
1.21408e-21
1.17161e-21
1.13046e-21
1.09058e-21
1.05195e-21
1.01453e-21
9.78296e-22
9.43218e-22
9.09267e-22
8.7641e-22
8.44617e-22
8.13862e-22
7.84117e-22
7.55354e-22
7.27548e-22
7.00669e-22
6.74691e-22
6.4959e-22
6.2534e-22
6.01917e-22
5.79298e-22
5.57457e-22
5.3637e-22
5.16016e-22
4.96374e-22
4.77421e-22
4.59136e-22
4.41499e-22
4.24487e-22
4.08083e-22
3.92267e-22
3.77022e-22
3.62328e-22
3.48168e-22
3.34524e-22
3.21379e-22
3.08717e-22
2.96522e-22
2.84778e-22
2.73472e-22
2.62588e-22
2.5211e-22
2.42026e-22
2.32322e-22
2.22984e-22
2.14001e-22
2.05361e-22
1.9705e-22
1.89059e-22
1.81375e-22
1.73987e-22
1.66884e-22
1.60057e-22
1.53496e-22
1.47191e-22
1.41133e-22
1.35313e-22
1.29722e-22
1.24352e-22
1.19194e-22
1.1424e-22
1.09484e-22
1.04918e-22
1.00534e-22
9.63262e-23
9.22874e-23
8.84111e-23
8.46912e-23
8.11218e-23
7.76972e-23
7.44119e-23
7.12606e-23
6.82382e-23
6.53396e-23
6.25597e-23
5.9894e-23
5.73379e-23
5.48874e-23
5.25381e-23
5.02862e-23
4.81279e-23
4.60594e-23
4.40773e-23
4.2178e-23
4.03581e-23
3.86144e-23
3.69438e-23
3.53435e-23
3.38105e-23
3.23423e-23
3.09362e-23
2.95896e-23
2.83002e-23
2.70657e-23
2.58836e-23
2.47518e-23
2.36683e-23
2.2631e-23
2.16381e-23
2.06878e-23
1.97783e-23
1.89079e-23
1.8075e-23
1.72781e-23
1.65156e-23
1.5786e-23
1.50879e-23
1.44201e-23
1.37812e-23
1.317e-23
1.25855e-23
1.20263e-23
1.14916e-23
1.09802e-23
1.04912e-23
1.00236e-23
9.57656e-24
9.14906e-24
8.7403e-24
8.34948e-24
7.97585e-24
7.61865e-24
7.2772e-24
6.95081e-24
6.63884e-24
6.34067e-24
6.05571e-24
5.78338e-24
5.52314e-24
5.27443e-24
5.03675e-24
4.80962e-24
4.59259e-24
4.38521e-24
4.18708e-24
3.99777e-24
3.81692e-24
3.64415e-24
3.4791e-24
3.32145e-24
3.17086e-24
3.02703e-24
2.88966e-24
2.75844e-24
2.63311e-24
2.51341e-24
2.39908e-24
2.2899e-24
2.18563e-24
2.08605e-24
1.99097e-24
1.90018e-24
1.81349e-24
1.73072e-24
1.65169e-24
1.57624e-24
1.50421e-24
1.43545e-24
1.3698e-24
1.30712e-24
1.24729e-24
1.19016e-24
1.13563e-24
1.08358e-24
1.03389e-24
9.86458e-25
9.41188e-25
8.97979e-25
8.56739e-25
8.1738e-25
7.79818e-25
7.43971e-25
7.09762e-25
6.77118e-25
6.45963e-25
6.1623e-25
5.87856e-25
5.60777e-25
5.34937e-25
5.1028e-25
4.86751e-25
4.643e-25
4.42877e-25
4.22438e-25
4.02936e-25
3.84329e-25
3.66577e-25
3.49641e-25
3.33485e-25
3.18071e-25
3.03367e-25
2.89339e-25
2.75955e-25
2.63186e-25
2.51004e-25
2.39383e-25
2.28297e-25
2.17721e-25
2.07633e-25
1.98009e-25
1.8883e-25
1.80074e-25
1.71722e-25
1.63756e-25
1.56158e-25
1.48911e-25
1.41999e-25
1.35407e-25
1.2912e-25
1.23125e-25
1.17406e-25
1.11952e-25
1.06749e-25
1.01788e-25
9.70555e-26
9.25423e-26
8.82381e-26
8.41332e-26
8.02185e-26
7.64852e-26
7.2925e-26
6.953e-26
6.62925e-26
6.32053e-26
6.02614e-26
5.74544e-26
5.47778e-26
5.22257e-26
4.97922e-26
4.74721e-26
4.526e-26
4.31509e-26
4.11397e-26
3.92221e-26
3.73936e-26
3.56501e-26
3.39877e-26
3.24027e-26
3.08915e-26
2.94507e-26
2.8077e-26
2.67673e-26
2.55187e-26
2.43283e-26
2.31936e-26
2.21118e-26
2.10805e-26
2.00974e-26
1.91603e-26
1.82671e-26
1.74157e-26
1.66041e-26
1.58306e-26
1.50934e-26
1.43908e-26
1.37211e-26
1.30828e-26
1.24744e-26
1.18945e-26
1.13419e-26
1.08152e-26
1.03133e-26
9.83509e-27
9.37939e-27
8.94519e-27
8.53151e-27
8.1374e-27
7.76195e-27
7.40433e-27
7.0637e-27
6.73929e-27
6.43035e-27
6.13619e-27
5.85612e-27
5.58951e-27
5.33575e-27
5.09424e-27
4.86445e-27
4.64583e-27
4.4379e-27
4.24017e-27
4.05219e-27
3.87349e-27
3.70366e-27
3.54232e-27
3.38909e-27
3.24363e-27
3.10559e-27
2.97467e-27
2.85055e-27
2.73297e-27
2.62164e-27
2.51631e-27
2.41673e-27
2.32268e-27
2.23395e-27
2.15032e-27
2.07161e-27
1.99763e-27
1.92821e-27
1.86319e-27
1.80242e-27
1.74577e-27
1.69309e-27
1.64428e-27
1.59921e-27
1.55778e-27
1.51989e-27
1.48547e-27
1.45441e-27
1.42665e-27
1.40218e-27
1.38102e-27
1.36316e-27
1.34853e-27
1.33716e-27
1.32902e-27
1.32406e-27
1.32225e-27
1.32358e-27
1.32802e-27
1.33556e-27
1.34621e-27
1.35998e-27
1.37687e-27
1.3969e-27
