10
1e+16
1e+18
49.967
10
18755.4
3.38639e-20
3.37958e-20
3.35965e-20
3.33857e-20
3.31699e-20
3.29506e-20
3.27287e-20
3.25042e-20
3.22775e-20
3.20486e-20
3.18175e-20
3.15845e-20
3.13502e-20
3.11145e-20
3.08774e-20
3.06388e-20
3.03987e-20
3.0157e-20
2.99137e-20
2.96688e-20
2.94224e-20
2.91749e-20
2.89263e-20
2.86766e-20
2.84256e-20
2.81736e-20
2.79207e-20
2.76669e-20
2.74123e-20
2.71568e-20
2.69005e-20
2.66435e-20
2.6386e-20
2.61278e-20
2.5869e-20
2.56098e-20
2.53502e-20
2.50901e-20
2.48297e-20
2.45691e-20
2.43083e-20
2.40472e-20
2.37862e-20
2.35251e-20
2.32639e-20
2.3003e-20
2.27421e-20
2.24814e-20
2.22209e-20
2.19608e-20
2.17009e-20
2.14414e-20
2.11823e-20
2.09237e-20
2.06656e-20
2.0408e-20
2.01511e-20
1.98948e-20
1.96393e-20
1.93844e-20
1.91304e-20
1.88772e-20
1.86249e-20
1.83735e-20
1.81232e-20
1.78737e-20
1.76254e-20
1.73781e-20
1.71319e-20
1.68868e-20
1.66429e-20
1.64003e-20
1.61589e-20
1.59189e-20
1.56801e-20
1.54427e-20
1.52067e-20
1.49721e-20
1.4739e-20
1.45073e-20
1.42771e-20
1.40484e-20
1.38213e-20
1.35957e-20
1.33716e-20
1.31493e-20
1.29285e-20
1.27095e-20
1.24921e-20
1.22764e-20
1.20624e-20
1.18501e-20
1.16396e-20
1.14308e-20
1.12238e-20
1.10185e-20
1.0815e-20
1.06134e-20
1.04136e-20
1.02155e-20
1.00193e-20
9.82493e-21
9.63239e-21
9.44167e-21
9.2528e-21
9.0658e-21
8.88064e-21
8.69734e-21
8.51586e-21
8.33623e-21
8.15848e-21
7.98261e-21
7.80864e-21
7.63659e-21
7.46645e-21
7.29824e-21
7.13199e-21
6.96767e-21
6.80533e-21
6.64498e-21
6.48664e-21
6.33036e-21
6.17617e-21
6.02411e-21
5.87419e-21
5.72643e-21
5.58086e-21
5.43748e-21
5.29636e-21
5.15754e-21
5.02107e-21
4.88697e-21
4.75526e-21
4.62598e-21
4.49911e-21
4.37468e-21
4.2527e-21
4.13318e-21
4.01609e-21
3.90145e-21
3.78924e-21
3.67946e-21
3.57209e-21
3.46712e-21
3.36452e-21
3.26429e-21
3.1664e-21
3.07081e-21
2.97751e-21
2.88649e-21
2.79769e-21
2.7111e-21
2.62668e-21
2.54441e-21
2.46426e-21
2.38618e-21
2.31015e-21
2.23614e-21
2.16412e-21
2.09404e-21
2.02587e-21
1.95958e-21
1.89514e-21
1.8325e-21
1.77163e-21
1.71249e-21
1.65505e-21
1.59929e-21
1.54514e-21
1.49259e-21
1.4416e-21
1.39213e-21
1.34416e-21
1.29763e-21
1.25252e-21
1.2088e-21
1.16643e-21
1.12539e-21
1.08562e-21
1.04711e-21
1.00982e-21
9.73718e-22
9.38778e-22
9.04969e-22
8.72257e-22
8.40612e-22
8.10006e-22
7.80411e-22
7.51801e-22
7.24148e-22
6.97421e-22
6.71595e-22
6.46644e-22
6.22543e-22
5.99268e-22
5.76795e-22
5.55098e-22
5.34152e-22
5.13936e-22
4.94428e-22
4.75608e-22
4.57452e-22
4.3994e-22
4.2305e-22
4.06764e-22
3.91062e-22
3.75927e-22
3.6134e-22
3.47283e-22
3.33738e-22
3.20688e-22
3.08117e-22
2.96009e-22
2.84349e-22
2.73122e-22
2.62314e-22
2.51909e-22
2.41893e-22
2.32254e-22
2.22978e-22
2.14053e-22
2.05467e-22
1.97209e-22
1.89266e-22
1.81627e-22
1.74281e-22
1.67218e-22
1.60428e-22
1.53901e-22
1.47627e-22
1.41599e-22
1.35805e-22
1.30239e-22
1.2489e-22
1.19752e-22
1.14817e-22
1.10076e-22
1.05524e-22
1.01153e-22
9.69559e-23
9.29262e-23
8.90575e-23
8.53437e-23
8.1779e-23
7.83578e-23
7.50747e-23
7.19245e-23
6.89021e-23
6.60025e-23
6.32207e-23
6.05522e-23
5.79925e-23
5.55375e-23
5.31832e-23
5.09255e-23
4.87608e-23
4.66854e-23
4.46959e-23
4.27888e-23
4.09606e-23
3.92082e-23
3.75286e-23
3.5919e-23
3.43764e-23
3.28984e-23
3.14822e-23
3.01255e-23
2.88258e-23
2.75808e-23
2.63882e-23
2.52458e-23
2.41516e-23
2.31037e-23
2.21001e-23
2.11391e-23
2.02189e-23
1.93379e-23
1.84945e-23
1.7687e-23
1.69141e-23
1.61742e-23
1.54659e-23
1.4788e-23
1.41391e-23
1.35181e-23
1.29238e-23
1.23552e-23
1.1811e-23
1.12904e-23
1.07923e-23
1.03157e-23
9.85989e-24
9.42379e-24
9.00659e-24
8.60752e-24
8.22579e-24
7.86068e-24
7.51148e-24
7.17753e-24
6.85817e-24
6.55279e-24
6.26079e-24
5.98161e-24
5.71468e-24
5.45946e-24
5.21543e-24
4.98212e-24
4.75908e-24
4.54585e-24
4.34203e-24
4.1472e-24
3.96097e-24
3.78299e-24
3.61288e-24
3.45032e-24
3.29497e-24
3.14652e-24
3.00467e-24
2.86912e-24
2.73959e-24
2.61582e-24
2.49755e-24
2.38456e-24
2.2766e-24
2.17346e-24
2.07493e-24
1.9808e-24
1.89089e-24
1.80501e-24
1.72298e-24
1.64464e-24
1.56981e-24
1.49835e-24
1.4301e-24
1.36491e-24
1.30265e-24
1.2432e-24
1.18642e-24
1.1322e-24
1.08042e-24
1.03098e-24
9.83782e-25
9.38714e-25
8.95685e-25
8.54606e-25
8.1539e-25
7.77954e-25
7.42218e-25
7.08107e-25
6.75542e-25
6.44456e-25
6.14782e-25
5.86456e-25
5.59419e-25
5.33613e-25
5.08982e-25
4.85475e-25
4.6304e-25
4.4163e-25
4.21198e-25
4.01701e-25
3.83096e-25
3.65344e-25
3.48406e-25
3.32245e-25
3.16826e-25
3.02113e-25
2.88075e-25
2.74681e-25
2.61902e-25
2.4971e-25
2.38078e-25
2.26982e-25
2.16396e-25
2.06299e-25
1.96666e-25
1.87479e-25
1.78715e-25
1.70357e-25
1.62385e-25
1.54782e-25
1.47531e-25
1.40616e-25
1.34022e-25
1.27734e-25
1.21737e-25
1.16018e-25
1.10565e-25
1.05364e-25
1.00405e-25
9.56764e-26
9.11677e-26
8.68688e-26
8.27701e-26
7.88624e-26
7.5137e-26
7.15854e-26
6.81996e-26
6.49721e-26
6.18956e-26
5.89631e-26
5.61679e-26
5.35038e-26
5.09646e-26
4.85447e-26
4.62385e-26
4.40407e-26
4.19461e-26
3.99498e-26
3.80473e-26
3.62342e-26
3.45065e-26
3.28601e-26
3.12914e-26
2.97966e-26
2.83723e-26
2.70153e-26
2.57225e-26
2.44908e-26
2.33175e-26
2.21997e-26
2.1135e-26
2.01208e-26
1.91547e-26
1.82347e-26
1.73584e-26
1.65238e-26
1.57291e-26
1.49722e-26
1.42516e-26
1.35653e-26
1.29118e-26
1.22895e-26
1.16969e-26
1.11328e-26
1.05956e-26
1.00843e-26
9.5975e-27
9.13414e-27
8.6931e-27
8.27333e-27
7.87384e-27
7.49367e-27
7.13193e-27
6.78774e-27
6.46029e-27
6.14879e-27
5.8525e-27
5.5707e-27
5.30271e-27
5.04791e-27
4.80566e-27
4.57538e-27
4.35653e-27
4.14856e-27
3.95098e-27
3.7633e-27
3.58504e-27
3.41578e-27
3.25509e-27
3.10259e-27
2.9579e-27
2.82068e-27
2.69059e-27
2.5673e-27
2.45053e-27
2.33998e-27
2.23538e-27
2.13648e-27
2.04302e-27
1.95479e-27
1.87157e-27
1.79315e-27
1.71933e-27
1.64994e-27
1.5848e-27
1.52375e-27
1.46664e-27
1.41333e-27
1.36369e-27
1.3176e-27
1.27493e-27
1.23559e-27
1.19947e-27
1.16649e-27
1.13656e-27
1.10964e-27
1.08574e-27
1.06481e-27
1.0468e-27
1.03171e-27
1.01948e-27
1.01008e-27
1.00347e-27
9.99624e-28
9.98517e-28
1.00014e-27
1.00448e-27
1.01154e-27
1.02132e-27
1.03385e-27
