20
5e+17
1e+17
49.9999
19.9999
26524.1
1.00948e-20
1.00932e-20
1.00867e-20
1.00781e-20
1.00673e-20
1.00546e-20
1.00398e-20
1.0023e-20
1.00042e-20
9.98346e-21
9.96071e-21
9.936e-21
9.90934e-21
9.88074e-21
9.85022e-21
9.8178e-21
9.78351e-21
9.74735e-21
9.70936e-21
9.66956e-21
9.62796e-21
9.58459e-21
9.53948e-21
9.49266e-21
9.44414e-21
9.39397e-21
9.34217e-21
9.28877e-21
9.2338e-21
9.1773e-21
9.11929e-21
9.05981e-21
8.99889e-21
8.93657e-21
8.87288e-21
8.80786e-21
8.74154e-21
8.67396e-21
8.60516e-21
8.53517e-21
8.46404e-21
8.39179e-21
8.31848e-21
8.24414e-21
8.1688e-21
8.09251e-21
8.01531e-21
7.93724e-21
7.85833e-21
7.77863e-21
7.69818e-21
7.61702e-21
7.53519e-21
7.45272e-21
7.36966e-21
7.28605e-21
7.20193e-21
7.11734e-21
7.03232e-21
6.9469e-21
6.86114e-21
6.77505e-21
6.6887e-21
6.6021e-21
6.51531e-21
6.42835e-21
6.34127e-21
6.2541e-21
6.16688e-21
6.07965e-21
5.99243e-21
5.90526e-21
5.81819e-21
5.73123e-21
5.64443e-21
5.55781e-21
5.47141e-21
5.38527e-21
5.2994e-21
5.21384e-21
5.12862e-21
5.04377e-21
4.95932e-21
4.87529e-21
4.79171e-21
4.70861e-21
4.62601e-21
4.54394e-21
4.46241e-21
4.38147e-21
4.30112e-21
4.22139e-21
4.1423e-21
4.06387e-21
3.98613e-21
3.90908e-21
3.83276e-21
3.75717e-21
3.68234e-21
3.60827e-21
3.53499e-21
3.4625e-21
3.39082e-21
3.31997e-21
3.24995e-21
3.18077e-21
3.11245e-21
3.04499e-21
2.9784e-21
2.9127e-21
2.84788e-21
2.78395e-21
2.72093e-21
2.6588e-21
2.59759e-21
2.53728e-21
2.47789e-21
2.41942e-21
2.36186e-21
2.30523e-21
2.24951e-21
2.19471e-21
2.14084e-21
2.08787e-21
2.03583e-21
1.9847e-21
1.93447e-21
1.88516e-21
1.83675e-21
1.78924e-21
1.74262e-21
1.69689e-21
1.65204e-21
1.60808e-21
1.56498e-21
1.52275e-21
1.48138e-21
1.44086e-21
1.40118e-21
1.36234e-21
1.32432e-21
1.28712e-21
1.25074e-21
1.21515e-21
1.18035e-21
1.14634e-21
1.1131e-21
1.08062e-21
1.0489e-21
1.01792e-21
9.87668e-22
9.58142e-22
9.29327e-22
9.01214e-22
8.73791e-22
8.47047e-22
8.20973e-22
7.95556e-22
7.70787e-22
7.46654e-22
7.23146e-22
7.00253e-22
6.77962e-22
6.56263e-22
6.35145e-22
6.14598e-22
5.94609e-22
5.75169e-22
5.56267e-22
5.37891e-22
5.20031e-22
5.02676e-22
4.85815e-22
4.69438e-22
4.53534e-22
4.38094e-22
4.23106e-22
4.08562e-22
3.94449e-22
3.8076e-22
3.67482e-22
3.54608e-22
3.42127e-22
3.30029e-22
3.18306e-22
3.06948e-22
2.95947e-22
2.85292e-22
2.74975e-22
2.64988e-22
2.55321e-22
2.45967e-22
2.36917e-22
2.28163e-22
2.19697e-22
2.11511e-22
2.03598e-22
1.95949e-22
1.88558e-22
1.81417e-22
1.74519e-22
1.67856e-22
1.61423e-22
1.55212e-22
1.49217e-22
1.43432e-22
1.37849e-22
1.32464e-22
1.2727e-22
1.22261e-22
1.17431e-22
1.12775e-22
1.08288e-22
1.03964e-22
9.97973e-23
9.57838e-23
9.19182e-23
8.81957e-23
8.46118e-23
8.11618e-23
7.78413e-23
7.4646e-23
7.15718e-23
6.86145e-23
6.57702e-23
6.30349e-23
6.0405e-23
5.78768e-23
5.54467e-23
5.31114e-23
5.08676e-23
4.87119e-23
4.66413e-23
4.46527e-23
4.27433e-23
4.09101e-23
3.91503e-23
3.74614e-23
3.58407e-23
3.42857e-23
3.27939e-23
3.1363e-23
2.99907e-23
2.86748e-23
2.74131e-23
2.62037e-23
2.50446e-23
2.39337e-23
2.28693e-23
2.18496e-23
2.08728e-23
1.99373e-23
1.90414e-23
1.81836e-23
1.73623e-23
1.65763e-23
1.58239e-23
1.5104e-23
1.44151e-23
1.3756e-23
1.31255e-23
1.25225e-23
1.19459e-23
1.13945e-23
1.08673e-23
1.03634e-23
9.88169e-24
9.42136e-24
8.98148e-24
8.5612e-24
8.1597e-24
7.77619e-24
7.4099e-24
7.06012e-24
6.72612e-24
6.40725e-24
6.10285e-24
5.81229e-24
5.53498e-24
5.27034e-24
5.01784e-24
4.77693e-24
4.54711e-24
4.32791e-24
4.11884e-24
3.91948e-24
3.72938e-24
3.54815e-24
3.37537e-24
3.21069e-24
3.05374e-24
2.90417e-24
2.76165e-24
2.62586e-24
2.4965e-24
2.37328e-24
2.25592e-24
2.14416e-24
2.03773e-24
1.93639e-24
1.8399e-24
1.74806e-24
1.66063e-24
1.57742e-24
1.49823e-24
1.42288e-24
1.35119e-24
1.28298e-24
1.2181e-24
1.15639e-24
1.09769e-24
1.04187e-24
9.88797e-25
9.38334e-25
8.9036e-25
8.44756e-25
8.0141e-25
7.60215e-25
7.21066e-25
6.83868e-25
6.48525e-25
6.14949e-25
5.83054e-25
5.5276e-25
5.23988e-25
4.96664e-25
4.70718e-25
4.46083e-25
4.22694e-25
4.00492e-25
3.79418e-25
3.59417e-25
3.40435e-25
3.22424e-25
3.05334e-25
2.8912e-25
2.7374e-25
2.59151e-25
2.45315e-25
2.32193e-25
2.19751e-25
2.07954e-25
1.96769e-25
1.86167e-25
1.76118e-25
1.66593e-25
1.57567e-25
1.49015e-25
1.40911e-25
1.33235e-25
1.25962e-25
1.19075e-25
1.12551e-25
1.06374e-25
1.00525e-25
9.49864e-26
8.97433e-26
8.47801e-26
8.00825e-26
7.56367e-26
7.14296e-26
6.74488e-26
6.36826e-26
6.01199e-26
5.67499e-26
5.35626e-26
5.05485e-26
4.76985e-26
4.50038e-26
4.24564e-26
4.00485e-26
3.77727e-26
3.56219e-26
3.35896e-26
3.16695e-26
2.98555e-26
2.8142e-26
2.65237e-26
2.49953e-26
2.35522e-26
2.21896e-26
2.09033e-26
1.96892e-26
1.85432e-26
1.74618e-26
1.64414e-26
1.54787e-26
1.45706e-26
1.3714e-26
1.29061e-26
1.21443e-26
1.14259e-26
1.07487e-26
1.01103e-26
9.50856e-27
8.94147e-27
8.40711e-27
7.90364e-27
7.42935e-27
6.9826e-27
6.56185e-27
6.16563e-27
5.79257e-27
5.44137e-27
5.11077e-27
4.79963e-27
4.50683e-27
4.23133e-27
3.97215e-27
3.72834e-27
3.49904e-27
3.28341e-27
3.08066e-27
2.89005e-27
2.71088e-27
2.54248e-27
2.38424e-27
2.23556e-27
2.09589e-27
1.9647e-27
1.84149e-27
1.72579e-27
1.61717e-27
1.51521e-27
1.41951e-27
1.32971e-27
1.24545e-27
1.16641e-27
1.09227e-27
1.02275e-27
9.57566e-28
8.9646e-28
8.39189e-28
7.85521e-28
7.3524e-28
6.88142e-28
6.44032e-28
6.02732e-28
5.6407e-28
5.27887e-28
4.94033e-28
4.62367e-28
4.32754e-28
4.05071e-28
3.79199e-28
3.55029e-28
3.32456e-28
3.11383e-28
2.9172e-28
2.73379e-28
2.56281e-28
2.4035e-28
2.25515e-28
2.11709e-28
1.98872e-28
1.86943e-28
1.75869e-28
1.65599e-28
1.56085e-28
1.47282e-28
1.39148e-28
1.31645e-28
1.24737e-28
1.18389e-28
1.1257e-28
1.0725e-28
1.02403e-28
9.80035e-29
9.40273e-29
9.0453e-29
8.72607e-29
8.44318e-29
8.19494e-29
7.97978e-29
7.79629e-29
7.64316e-29
7.51921e-29
7.42338e-29
7.35471e-29
7.31236e-29
7.29556e-29
7.30367e-29
7.33611e-29
7.3924e-29
7.47216e-29
7.57506e-29
7.70086e-29
7.84942e-29
8.02063e-29
8.21448e-29
8.43098e-29
8.67024e-29
8.93247e-29
9.21792e-29
9.52726e-29
9.86094e-29
1.02195e-28
1.06035e-28
1.10135e-28
1.14499e-28
1.19135e-28
