5
2e+16
5e+18
50
4.99963
13262.1
7.24486e-20
7.23993e-20
7.22472e-20
7.20788e-20
7.18984e-20
7.1707e-20
7.15052e-20
7.12931e-20
7.1071e-20
7.08389e-20
7.05969e-20
7.03453e-20
7.00839e-20
6.98131e-20
6.95336e-20
6.92454e-20
6.89485e-20
6.86428e-20
6.83285e-20
6.80056e-20
6.76741e-20
6.73341e-20
6.69857e-20
6.6629e-20
6.62645e-20
6.58923e-20
6.55126e-20
6.51253e-20
6.47306e-20
6.43285e-20
6.39192e-20
6.35031e-20
6.30803e-20
6.2651e-20
6.22152e-20
6.17731e-20
6.13247e-20
6.08705e-20
6.04107e-20
5.99452e-20
5.94743e-20
5.8998e-20
5.85168e-20
5.80307e-20
5.75399e-20
5.70446e-20
5.6545e-20
5.60414e-20
5.55337e-20
5.50223e-20
5.45073e-20
5.3989e-20
5.34674e-20
5.29427e-20
5.24152e-20
5.1885e-20
5.13523e-20
5.08174e-20
5.02804e-20
4.97414e-20
4.92007e-20
4.86585e-20
4.81148e-20
4.757e-20
4.70241e-20
4.64774e-20
4.59299e-20
4.5382e-20
4.48337e-20
4.42851e-20
4.37366e-20
4.31881e-20
4.264e-20
4.20922e-20
4.1545e-20
4.09986e-20
4.0453e-20
3.99085e-20
3.93652e-20
3.88232e-20
3.82827e-20
3.77437e-20
3.72066e-20
3.66713e-20
3.61379e-20
3.56067e-20
3.50778e-20
3.45512e-20
3.40271e-20
3.35057e-20
3.2987e-20
3.24711e-20
3.19582e-20
3.14483e-20
3.09415e-20
3.04379e-20
2.99377e-20
2.94409e-20
2.89476e-20
2.84579e-20
2.79719e-20
2.74896e-20
2.70111e-20
2.65366e-20
2.6066e-20
2.55994e-20
2.5137e-20
2.46787e-20
2.42246e-20
2.37747e-20
2.33292e-20
2.2888e-20
2.24513e-20
2.20189e-20
2.15911e-20
2.11677e-20
2.07489e-20
2.03347e-20
1.99251e-20
1.95202e-20
1.91199e-20
1.87243e-20
1.83333e-20
1.79471e-20
1.75655e-20
1.71887e-20
1.68167e-20
1.64493e-20
1.60867e-20
1.57289e-20
1.53757e-20
1.50273e-20
1.46836e-20
1.43447e-20
1.40104e-20
1.36808e-20
1.33559e-20
1.30357e-20
1.27201e-20
1.24091e-20
1.21027e-20
1.18009e-20
1.15036e-20
1.12108e-20
1.09225e-20
1.06387e-20
1.03593e-20
1.00843e-20
9.81372e-21
9.54742e-21
9.28542e-21
9.02767e-21
8.77415e-21
8.52481e-21
8.27964e-21
8.03863e-21
7.8018e-21
7.56912e-21
7.34059e-21
7.11619e-21
6.89591e-21
6.67972e-21
6.46759e-21
6.25951e-21
6.05546e-21
5.85542e-21
5.65938e-21
5.46733e-21
5.27924e-21
5.09515e-21
4.91508e-21
4.73903e-21
4.56702e-21
4.39906e-21
4.23513e-21
4.07522e-21
3.9193e-21
3.76736e-21
3.61934e-21
3.47525e-21
3.3351e-21
3.19892e-21
3.06671e-21
2.93845e-21
2.81414e-21
2.69374e-21
2.57723e-21
2.46456e-21
2.35568e-21
2.25055e-21
2.1491e-21
2.05127e-21
1.957e-21
1.86622e-21
1.77884e-21
1.6948e-21
1.61402e-21
1.53642e-21
1.46192e-21
1.39043e-21
1.32188e-21
1.25617e-21
1.19324e-21
1.13298e-21
1.07533e-21
1.02019e-21
9.67493e-22
9.17146e-22
8.69071e-22
8.23191e-22
7.79427e-22
7.37701e-22
6.97939e-22
6.60066e-22
6.2401e-22
5.897e-22
5.57067e-22
5.26043e-22
4.96562e-22
4.68561e-22
4.41978e-22
4.1675e-22
3.92821e-22
3.70134e-22
3.48632e-22
3.28264e-22
3.08977e-22
2.90722e-22
2.73451e-22
2.57117e-22
2.41676e-22
2.27086e-22
2.13304e-22
2.00292e-22
1.88011e-22
1.76425e-22
1.65499e-22
1.55199e-22
1.45492e-22
1.3635e-22
1.2774e-22
1.19637e-22
1.12012e-22
1.04841e-22
9.80986e-23
9.17613e-23
8.58073e-23
8.02152e-23
7.4965e-23
7.00375e-23
6.54145e-23
6.10785e-23
5.70133e-23
5.32033e-23
4.96335e-23
4.629e-23
4.31595e-23
4.02293e-23
3.74876e-23
3.4923e-23
3.25249e-23
3.02832e-23
2.81884e-23
2.62313e-23
2.44037e-23
2.26973e-23
2.11047e-23
1.96187e-23
1.82326e-23
1.694e-23
1.57351e-23
1.46122e-23
1.3566e-23
1.25915e-23
1.16842e-23
1.08395e-23
1.00535e-23
9.3222e-24
8.64204e-24
8.00959e-24
7.42167e-24
6.8753e-24
6.36766e-24
5.89615e-24
5.4583e-24
5.05182e-24
4.67456e-24
4.3245e-24
3.99977e-24
3.69861e-24
3.41938e-24
3.16055e-24
2.92068e-24
2.69845e-24
2.4926e-24
2.30197e-24
2.12547e-24
1.96211e-24
1.81093e-24
1.67107e-24
1.54169e-24
1.42205e-24
1.31144e-24
1.20919e-24
1.1147e-24
1.02739e-24
9.46747e-25
8.72264e-25
8.03491e-25
7.40003e-25
6.81406e-25
6.27334e-25
5.77449e-25
5.31435e-25
4.89001e-25
4.49875e-25
4.13808e-25
3.80566e-25
3.49935e-25
3.21714e-25
2.9572e-25
2.7178e-25
2.49737e-25
2.29444e-25
2.10765e-25
1.93576e-25
1.77761e-25
1.63212e-25
1.4983e-25
1.37524e-25
1.26209e-25
1.15808e-25
1.06247e-25
9.74613e-26
8.93888e-26
8.19729e-26
7.51613e-26
6.89059e-26
6.3162e-26
5.78887e-26
5.30482e-26
4.86057e-26
4.45292e-26
4.07889e-26
3.73579e-26
3.42109e-26
3.13248e-26
2.86785e-26
2.62524e-26
2.40284e-26
2.199e-26
2.0122e-26
1.84104e-26
1.68423e-26
1.54059e-26
1.40904e-26
1.28856e-26
1.17824e-26
1.07725e-26
9.84792e-27
9.0017e-27
8.22727e-27
7.51863e-27
6.87026e-27
6.27713e-27
5.73458e-27
5.23837e-27
4.78458e-27
4.36964e-27
3.99028e-27
3.64347e-27
3.32648e-27
3.03676e-27
2.772e-27
2.53009e-27
2.30906e-27
2.10713e-27
1.92269e-27
1.75422e-27
1.60037e-27
1.45988e-27
1.33161e-27
1.21449e-27
1.10758e-27
1.01e-27
9.20938e-28
8.39658e-28
7.65488e-28
6.97812e-28
6.36068e-28
5.79741e-28
5.28361e-28
4.81497e-28
4.38757e-28
3.99781e-28
3.64241e-28
3.31836e-28
3.02293e-28
2.7536e-28
2.50809e-28
2.28432e-28
2.08037e-28
1.8945e-28
1.72513e-28
1.5708e-28
1.43019e-28
1.30208e-28
1.18538e-28
1.07908e-28
9.82251e-29
8.94059e-29
8.1374e-29
7.40595e-29
6.73989e-29
6.1334e-29
5.5812e-29
5.07846e-29
4.62078e-29
4.20415e-29
3.8249e-29
3.47972e-29
3.16554e-29
2.8796e-29
2.61937e-29
2.38256e-29
2.16707e-29
1.971e-29
1.79259e-29
1.63028e-29
1.48261e-29
1.34826e-29
1.22606e-29
1.11489e-29
1.01378e-29
9.21805e-30
8.38152e-30
7.62069e-30
6.92875e-30
6.29948e-30
5.72722e-30
5.20683e-30
4.73363e-30
4.30336e-30
3.91213e-30
3.55642e-30
3.23301e-30
2.93897e-30
2.67166e-30
2.42863e-30
2.2077e-30
2.00685e-30
1.82428e-30
1.65831e-30
1.50744e-30
1.37031e-30
1.24566e-30
1.13236e-30
1.02939e-30
9.35797e-31
8.50736e-31
7.7343e-31
7.03175e-31
6.3933e-31
5.81308e-31
5.28579e-31
4.80664e-31
4.37123e-31
3.9756e-31
3.61611e-31
3.28947e-31
2.9927e-31
2.7232e-31
2.47859e-31
2.25664e-31
2.05532e-31
1.87282e-31
1.70747e-31
1.55782e-31
1.42252e-31
1.30033e-31
1.1901e-31
1.0908e-31
1.00149e-31
9.21347e-32
8.4961e-32
7.85606e-32
7.28728e-32
6.78439e-32
6.34259e-32
5.95766e-32
5.62589e-32
5.34404e-32
5.10936e-32
4.91949e-32
4.77249e-32
4.66679e-32
4.60122e-32
4.57494e-32
4.58746e-32
4.63864e-32
4.72867e-32
