10
5e+16
2e+18
49.972
9.99988
18755.4
3.19178e-20
3.18736e-20
3.17417e-20
3.16001e-20
3.14529e-20
3.13012e-20
3.11454e-20
3.09857e-20
3.08222e-20
3.06551e-20
3.04844e-20
3.03101e-20
3.01329e-20
2.99527e-20
2.97694e-20
2.95831e-20
2.93937e-20
2.92014e-20
2.9006e-20
2.88077e-20
2.86065e-20
2.84027e-20
2.81964e-20
2.79876e-20
2.77762e-20
2.75624e-20
2.73464e-20
2.71282e-20
2.69079e-20
2.66854e-20
2.64609e-20
2.62346e-20
2.60064e-20
2.57764e-20
2.55447e-20
2.53114e-20
2.50766e-20
2.48404e-20
2.46027e-20
2.43637e-20
2.41235e-20
2.38822e-20
2.36398e-20
2.33964e-20
2.31522e-20
2.29071e-20
2.26613e-20
2.24147e-20
2.21676e-20
2.192e-20
2.16719e-20
2.14234e-20
2.11746e-20
2.09256e-20
2.06763e-20
2.0427e-20
2.01776e-20
1.99283e-20
1.96791e-20
1.943e-20
1.91812e-20
1.89327e-20
1.86845e-20
1.84368e-20
1.81897e-20
1.7943e-20
1.76969e-20
1.74515e-20
1.72068e-20
1.69629e-20
1.67198e-20
1.64777e-20
1.62364e-20
1.59962e-20
1.5757e-20
1.55189e-20
1.52819e-20
1.50461e-20
1.48116e-20
1.45783e-20
1.43463e-20
1.41157e-20
1.38865e-20
1.36586e-20
1.34323e-20
1.32075e-20
1.29842e-20
1.27625e-20
1.25424e-20
1.2324e-20
1.21072e-20
1.1892e-20
1.16787e-20
1.1467e-20
1.12572e-20
1.10491e-20
1.08428e-20
1.06384e-20
1.04358e-20
1.02351e-20
1.00363e-20
9.83935e-21
9.64434e-21
9.45124e-21
9.26009e-21
9.0709e-21
8.88366e-21
8.69838e-21
8.51507e-21
8.33373e-21
8.1544e-21
7.97708e-21
7.80178e-21
7.62854e-21
7.45735e-21
7.28822e-21
7.12117e-21
6.95621e-21
6.79334e-21
6.63259e-21
6.47398e-21
6.31754e-21
6.1633e-21
6.01128e-21
5.8615e-21
5.71397e-21
5.5687e-21
5.42571e-21
5.28504e-21
5.14672e-21
5.01079e-21
4.87725e-21
4.74613e-21
4.61745e-21
4.4912e-21
4.36738e-21
4.24602e-21
4.1271e-21
4.01061e-21
3.89655e-21
3.78491e-21
3.67569e-21
3.56885e-21
3.46438e-21
3.36227e-21
3.26251e-21
3.16505e-21
3.06988e-21
2.97698e-21
2.88632e-21
2.79787e-21
2.7116e-21
2.62748e-21
2.54549e-21
2.46559e-21
2.38774e-21
2.31192e-21
2.2381e-21
2.16625e-21
2.09632e-21
2.02829e-21
1.96212e-21
1.89777e-21
1.83521e-21
1.77441e-21
1.71533e-21
1.65793e-21
1.6022e-21
1.54807e-21
1.49553e-21
1.44453e-21
1.39505e-21
1.34705e-21
1.3005e-21
1.25536e-21
1.21159e-21
1.16917e-21
1.12807e-21
1.08825e-21
1.04967e-21
1.01232e-21
9.76146e-22
9.41133e-22
9.07248e-22
8.74458e-22
8.42734e-22
8.12048e-22
7.82373e-22
7.53681e-22
7.25946e-22
6.99137e-22
6.73229e-22
6.48197e-22
6.24015e-22
6.00661e-22
5.78109e-22
5.56334e-22
5.35312e-22
5.15022e-22
4.95441e-22
4.76549e-22
4.58324e-22
4.40744e-22
4.23789e-22
4.07439e-22
3.91676e-22
3.76481e-22
3.61837e-22
3.47725e-22
3.34127e-22
3.21026e-22
3.08406e-22
2.96251e-22
2.84547e-22
2.73278e-22
2.62429e-22
2.51985e-22
2.41933e-22
2.32259e-22
2.22951e-22
2.13995e-22
2.0538e-22
1.97094e-22
1.89126e-22
1.81463e-22
1.74095e-22
1.67012e-22
1.60202e-22
1.53657e-22
1.47368e-22
1.41324e-22
1.35517e-22
1.29938e-22
1.24578e-22
1.1943e-22
1.14485e-22
1.09737e-22
1.05178e-22
1.00801e-22
9.65985e-23
9.25645e-23
8.86923e-23
8.49759e-23
8.14092e-23
7.79868e-23
7.47031e-23
7.15529e-23
6.8531e-23
6.56325e-23
6.28523e-23
6.01858e-23
5.76286e-23
5.51765e-23
5.28254e-23
5.05713e-23
4.84105e-23
4.63393e-23
4.43542e-23
4.24517e-23
4.06284e-23
3.88811e-23
3.72067e-23
3.56024e-23
3.40654e-23
3.2593e-23
3.11826e-23
2.98317e-23
2.85378e-23
2.72988e-23
2.61121e-23
2.49757e-23
2.38876e-23
2.28456e-23
2.18481e-23
2.08931e-23
1.99788e-23
1.91038e-23
1.82662e-23
1.74646e-23
1.66975e-23
1.59633e-23
1.52607e-23
1.45884e-23
1.3945e-23
1.33295e-23
1.27406e-23
1.21772e-23
1.16382e-23
1.11227e-23
1.06296e-23
1.0158e-23
9.70699e-24
9.27561e-24
8.86305e-24
8.46851e-24
8.09122e-24
7.73045e-24
7.38549e-24
7.05568e-24
6.74036e-24
6.43892e-24
6.15076e-24
5.87532e-24
5.61204e-24
5.36036e-24
5.11979e-24
4.88985e-24
4.67007e-24
4.46003e-24
4.25929e-24
4.06746e-24
3.88415e-24
3.70899e-24
3.54163e-24
3.38172e-24
3.22895e-24
3.083e-24
2.94357e-24
2.81036e-24
2.68309e-24
2.56152e-24
2.44538e-24
2.33443e-24
2.22846e-24
2.12724e-24
2.03057e-24
1.93823e-24
1.85005e-24
1.76584e-24
1.68542e-24
1.60863e-24
1.5353e-24
1.46528e-24
1.39842e-24
1.33458e-24
1.27362e-24
1.21541e-24
1.15983e-24
1.10676e-24
1.0561e-24
1.00773e-24
9.61556e-25
9.17477e-25
8.75399e-25
8.35234e-25
7.96896e-25
7.60303e-25
7.25376e-25
6.92042e-25
6.60224e-25
6.29853e-25
6.00866e-25
5.73199e-25
5.46793e-25
5.21592e-25
4.97542e-25
4.74591e-25
4.52689e-25
4.31788e-25
4.11845e-25
3.92815e-25
3.74657e-25
3.57333e-25
3.40803e-25
3.25033e-25
3.09987e-25
2.95632e-25
2.81935e-25
2.68866e-25
2.56398e-25
2.44503e-25
2.33154e-25
2.22328e-25
2.12e-25
2.02147e-25
1.92749e-25
1.83784e-25
1.75233e-25
1.67076e-25
1.59297e-25
1.51877e-25
1.448e-25
1.3805e-25
1.31614e-25
1.25475e-25
1.1962e-25
1.14036e-25
1.0871e-25
1.03631e-25
9.87872e-26
9.41677e-26
8.97624e-26
8.55614e-26
8.15554e-26
7.77354e-26
7.4093e-26
7.06198e-26
6.73082e-26
6.41508e-26
6.11403e-26
5.82702e-26
5.55338e-26
5.29251e-26
5.04382e-26
4.80674e-26
4.58074e-26
4.3653e-26
4.15992e-26
3.96412e-26
3.77746e-26
3.59952e-26
3.4299e-26
3.26822e-26
3.1141e-26
2.96719e-26
2.82717e-26
2.69371e-26
2.56651e-26
2.44528e-26
2.32975e-26
2.21964e-26
2.11471e-26
2.01472e-26
1.91944e-26
1.82865e-26
1.74213e-26
1.65971e-26
1.58117e-26
1.50635e-26
1.43506e-26
1.36714e-26
1.30243e-26
1.24078e-26
1.18205e-26
1.1261e-26
1.0728e-26
1.02203e-26
9.73675e-27
9.27619e-27
8.83757e-27
8.41986e-27
8.02209e-27
7.64335e-27
7.28275e-27
6.93945e-27
6.61264e-27
6.30158e-27
6.00552e-27
5.72378e-27
5.4557e-27
5.20065e-27
4.95803e-27
4.72728e-27
4.50784e-27
4.29921e-27
4.10089e-27
3.91242e-27
3.73331e-27
3.56316e-27
3.40156e-27
3.24812e-27
3.1025e-27
2.96433e-27
2.8333e-27
2.7091e-27
2.59143e-27
2.48001e-27
2.37458e-27
2.2749e-27
2.18071e-27
2.09181e-27
2.00798e-27
1.92901e-27
1.85472e-27
1.78494e-27
1.7195e-27
1.65824e-27
1.60101e-27
1.54769e-27
1.49813e-27
1.45223e-27
1.40988e-27
1.37096e-27
1.33539e-27
1.30309e-27
1.27396e-27
1.248e-27
1.2252e-27
1.20553e-27
1.18895e-27
1.17547e-27
1.16503e-27
1.1576e-27
1.15315e-27
1.15164e-27
1.15307e-27
1.15742e-27
1.16468e-27
1.17486e-27
1.18798e-27
1.20403e-27
