10
1e+18
1e+19
49.9993
9.99966
18755.4
2.94826e-20
2.94646e-20
2.94078e-20
2.93438e-20
2.92741e-20
2.9199e-20
2.91187e-20
2.90334e-20
2.8943e-20
2.88477e-20
2.87475e-20
2.86425e-20
2.85329e-20
2.84188e-20
2.83e-20
2.81768e-20
2.8049e-20
2.79168e-20
2.77802e-20
2.76393e-20
2.74942e-20
2.73449e-20
2.71916e-20
2.70343e-20
2.68731e-20
2.67081e-20
2.65393e-20
2.63669e-20
2.6191e-20
2.60115e-20
2.58286e-20
2.56424e-20
2.5453e-20
2.52605e-20
2.50649e-20
2.48664e-20
2.4665e-20
2.44609e-20
2.42541e-20
2.40448e-20
2.38329e-20
2.36187e-20
2.34022e-20
2.31836e-20
2.29629e-20
2.27402e-20
2.25156e-20
2.22892e-20
2.20612e-20
2.18315e-20
2.16004e-20
2.13679e-20
2.1134e-20
2.0899e-20
2.06628e-20
2.04257e-20
2.01876e-20
1.99487e-20
1.97091e-20
1.94688e-20
1.9228e-20
1.89867e-20
1.87451e-20
1.85032e-20
1.82611e-20
1.80189e-20
1.77767e-20
1.75346e-20
1.72926e-20
1.70508e-20
1.68094e-20
1.65683e-20
1.63278e-20
1.60877e-20
1.58483e-20
1.56096e-20
1.53717e-20
1.51345e-20
1.48983e-20
1.46631e-20
1.44289e-20
1.41958e-20
1.39638e-20
1.37331e-20
1.35037e-20
1.32755e-20
1.30488e-20
1.28236e-20
1.25998e-20
1.23776e-20
1.21569e-20
1.1938e-20
1.17207e-20
1.15051e-20
1.12913e-20
1.10793e-20
1.08691e-20
1.06609e-20
1.04545e-20
1.02501e-20
1.00477e-20
9.84731e-21
9.64893e-21
9.45261e-21
9.25838e-21
9.06625e-21
8.87626e-21
8.68841e-21
8.50272e-21
8.3192e-21
8.13789e-21
7.9588e-21
7.78194e-21
7.60734e-21
7.435e-21
7.26494e-21
7.09717e-21
6.9317e-21
6.76853e-21
6.60769e-21
6.44917e-21
6.29301e-21
6.13921e-21
5.9878e-21
5.83876e-21
5.69211e-21
5.54786e-21
5.406e-21
5.26655e-21
5.12953e-21
4.99495e-21
4.86281e-21
4.73311e-21
4.60585e-21
4.48103e-21
4.35864e-21
4.23867e-21
4.12113e-21
4.00599e-21
3.89324e-21
3.78287e-21
3.67486e-21
3.56919e-21
3.46585e-21
3.36481e-21
3.26605e-21
3.16954e-21
3.07527e-21
2.98321e-21
2.89332e-21
2.80559e-21
2.71999e-21
2.63648e-21
2.55504e-21
2.47564e-21
2.39825e-21
2.32283e-21
2.24936e-21
2.17781e-21
2.10814e-21
2.04031e-21
1.97431e-21
1.9101e-21
1.84763e-21
1.78688e-21
1.72782e-21
1.67042e-21
1.61464e-21
1.56044e-21
1.5078e-21
1.45669e-21
1.40706e-21
1.3589e-21
1.31216e-21
1.26681e-21
1.22283e-21
1.18018e-21
1.13883e-21
1.09874e-21
1.0599e-21
1.02226e-21
9.85809e-22
9.50504e-22
9.16321e-22
8.83229e-22
8.51201e-22
8.20208e-22
7.90224e-22
7.61223e-22
7.33178e-22
7.06062e-22
6.79848e-22
6.54513e-22
6.30031e-22
6.0638e-22
5.83535e-22
5.61471e-22
5.40167e-22
5.19599e-22
4.99747e-22
4.8059e-22
4.62105e-22
4.44273e-22
4.27072e-22
4.10484e-22
3.94489e-22
3.7907e-22
3.64208e-22
3.49886e-22
3.36086e-22
3.2279e-22
3.09983e-22
2.97648e-22
2.8577e-22
2.74335e-22
2.63327e-22
2.52732e-22
2.42536e-22
2.32724e-22
2.23285e-22
2.14205e-22
2.05473e-22
1.97075e-22
1.89002e-22
1.81239e-22
1.73778e-22
1.66606e-22
1.59715e-22
1.53093e-22
1.46731e-22
1.40621e-22
1.34752e-22
1.29115e-22
1.23703e-22
1.18506e-22
1.13518e-22
1.08729e-22
1.04133e-22
9.97229e-23
9.54913e-23
9.14312e-23
8.75362e-23
8.37999e-23
8.02164e-23
7.67798e-23
7.34846e-23
7.03252e-23
6.72964e-23
6.43932e-23
6.16104e-23
5.89433e-23
5.63873e-23
5.39381e-23
5.15916e-23
4.93435e-23
4.71901e-23
4.51276e-23
4.31523e-23
4.12608e-23
3.94494e-23
3.7715e-23
3.60545e-23
3.44648e-23
3.29431e-23
3.14866e-23
3.00926e-23
2.87587e-23
2.74823e-23
2.6261e-23
2.50925e-23
2.39746e-23
2.29051e-23
2.18821e-23
2.09036e-23
1.99677e-23
1.90728e-23
1.8217e-23
1.73987e-23
1.66164e-23
1.58685e-23
1.51534e-23
1.44699e-23
1.38165e-23
1.31919e-23
1.2595e-23
1.20245e-23
1.14794e-23
1.09584e-23
1.04607e-23
9.98515e-24
9.53084e-24
9.09684e-24
8.68223e-24
8.28616e-24
7.90783e-24
7.54646e-24
7.20133e-24
6.87171e-24
6.55693e-24
6.25634e-24
5.96933e-24
5.69528e-24
5.43364e-24
5.18385e-24
4.94536e-24
4.71768e-24
4.50032e-24
4.29283e-24
4.09477e-24
3.90572e-24
3.72528e-24
3.55307e-24
3.38872e-24
3.23188e-24
3.08222e-24
2.93941e-24
2.80314e-24
2.67313e-24
2.54907e-24
2.4307e-24
2.31777e-24
2.21002e-24
2.10722e-24
2.00915e-24
1.9156e-24
1.82637e-24
1.74125e-24
1.66006e-24
1.58262e-24
1.50876e-24
1.43832e-24
1.37115e-24
1.30709e-24
1.24599e-24
1.18773e-24
1.13216e-24
1.07918e-24
1.02865e-24
9.80464e-25
9.34521e-25
8.90715e-25
8.48948e-25
8.09126e-25
7.7116e-25
7.34964e-25
7.00457e-25
6.67562e-25
6.36204e-25
6.06312e-25
5.77814e-25
5.50648e-25
5.2475e-25
5.00062e-25
4.76529e-25
4.54097e-25
4.32716e-25
4.12335e-25
3.9291e-25
3.74396e-25
3.5675e-25
3.39932e-25
3.23904e-25
3.0863e-25
2.94073e-25
2.80201e-25
2.66982e-25
2.54383e-25
2.42376e-25
2.30934e-25
2.20029e-25
2.09637e-25
1.99734e-25
1.90297e-25
1.81305e-25
1.72736e-25
1.64571e-25
1.56791e-25
1.49378e-25
1.42314e-25
1.35584e-25
1.29172e-25
1.23062e-25
1.17242e-25
1.11696e-25
1.06413e-25
1.01379e-25
9.65823e-26
9.20123e-26
8.76581e-26
8.35095e-26
7.9557e-26
7.57912e-26
7.22035e-26
6.87855e-26
6.55292e-26
6.24269e-26
5.94715e-26
5.66561e-26
5.3974e-26
5.14189e-26
4.89849e-26
4.66664e-26
4.44577e-26
4.23539e-26
4.03499e-26
3.8441e-26
3.66227e-26
3.48906e-26
3.32406e-26
3.16687e-26
3.01714e-26
2.8745e-26
2.73863e-26
2.60921e-26
2.48593e-26
2.3685e-26
2.25664e-26
2.15011e-26
2.04863e-26
1.95198e-26
1.85992e-26
1.77224e-26
1.68874e-26
1.60921e-26
1.53348e-26
1.46135e-26
1.39266e-26
1.32725e-26
1.26496e-26
1.20565e-26
1.14917e-26
1.09538e-26
1.04415e-26
9.9538e-27
9.48938e-27
9.04719e-27
8.62618e-27
8.22536e-27
7.84379e-27
7.48056e-27
7.13482e-27
6.80575e-27
6.49258e-27
6.19455e-27
5.91098e-27
5.64118e-27
5.38452e-27
5.14039e-27
4.90822e-27
4.68746e-27
4.47757e-27
4.27808e-27
4.08849e-27
3.90837e-27
3.73728e-27
3.57482e-27
3.4206e-27
3.27424e-27
3.13538e-27
3.00369e-27
2.87887e-27
2.76061e-27
2.64864e-27
2.54268e-27
2.4425e-27
2.34784e-27
2.25849e-27
2.17422e-27
2.09485e-27
2.02018e-27
1.95002e-27
1.88422e-27
1.82262e-27
1.76506e-27
1.71141e-27
1.66154e-27
1.61532e-27
1.57265e-27
1.53341e-27
1.49752e-27
1.46489e-27
1.43542e-27
1.40905e-27
1.38572e-27
1.36535e-27
1.34789e-27
1.33335e-27
1.32177e-27
1.31314e-27
1.30743e-27
1.30467e-27
1.30483e-27
1.3079e-27
1.31385e-27
1.32267e-27
1.33436e-27
1.34891e-27
1.36632e-27
1.38663e-27
1.40983e-27
1.43597e-27
