2
5e+17
5e+18
49.9996
1.99999
8387.66
3.0402e-19
3.04006e-19
3.03911e-19
3.03757e-19
3.03544e-19
3.03271e-19
3.02937e-19
3.02544e-19
3.0209e-19
3.01577e-19
3.01005e-19
3.00374e-19
2.99684e-19
2.98937e-19
2.98131e-19
2.97269e-19
2.96349e-19
2.95374e-19
2.94342e-19
2.93256e-19
2.92116e-19
2.90921e-19
2.89674e-19
2.88374e-19
2.87023e-19
2.85621e-19
2.8417e-19
2.82669e-19
2.8112e-19
2.79523e-19
2.7788e-19
2.76191e-19
2.74458e-19
2.72682e-19
2.70862e-19
2.69001e-19
2.671e-19
2.65158e-19
2.63179e-19
2.61162e-19
2.59108e-19
2.5702e-19
2.54897e-19
2.52741e-19
2.50554e-19
2.48336e-19
2.46088e-19
2.43812e-19
2.41508e-19
2.39179e-19
2.36825e-19
2.34447e-19
2.32046e-19
2.29625e-19
2.27183e-19
2.24722e-19
2.22243e-19
2.19748e-19
2.17238e-19
2.14713e-19
2.12175e-19
2.09625e-19
2.07065e-19
2.04495e-19
2.01916e-19
1.9933e-19
1.96738e-19
1.94141e-19
1.9154e-19
1.88936e-19
1.8633e-19
1.83723e-19
1.81117e-19
1.78512e-19
1.75909e-19
1.7331e-19
1.70714e-19
1.68125e-19
1.65541e-19
1.62964e-19
1.60396e-19
1.57836e-19
1.55286e-19
1.52747e-19
1.5022e-19
1.47704e-19
1.45202e-19
1.42714e-19
1.4024e-19
1.37782e-19
1.35339e-19
1.32914e-19
1.30505e-19
1.28115e-19
1.25744e-19
1.23391e-19
1.21059e-19
1.18747e-19
1.16455e-19
1.14186e-19
1.11938e-19
1.09712e-19
1.07509e-19
1.05329e-19
1.03173e-19
1.01041e-19
9.89331e-20
9.68498e-20
9.47914e-20
9.27583e-20
9.07506e-20
8.87686e-20
8.68126e-20
8.48827e-20
8.29791e-20
8.1102e-20
7.92515e-20
7.74277e-20
7.56308e-20
7.38609e-20
7.2118e-20
7.04021e-20
6.87133e-20
6.70516e-20
6.5417e-20
6.38095e-20
6.22291e-20
6.06757e-20
5.91492e-20
5.76497e-20
5.61769e-20
5.47308e-20
5.33113e-20
5.19182e-20
5.05514e-20
4.92107e-20
4.78961e-20
4.66072e-20
4.5344e-20
4.41061e-20
4.28935e-20
4.17059e-20
4.05431e-20
3.94048e-20
3.82908e-20
3.72009e-20
3.61348e-20
3.50922e-20
3.40728e-20
3.30765e-20
3.21029e-20
3.11517e-20
3.02227e-20
2.93155e-20
2.84298e-20
2.75654e-20
2.6722e-20
2.58991e-20
2.50966e-20
2.43141e-20
2.35512e-20
2.28078e-20
2.20834e-20
2.13777e-20
2.06905e-20
2.00213e-20
1.93699e-20
1.87359e-20
1.81191e-20
1.7519e-20
1.69355e-20
1.63681e-20
1.58166e-20
1.52805e-20
1.47597e-20
1.42538e-20
1.37625e-20
1.32854e-20
1.28224e-20
1.23729e-20
1.19369e-20
1.15139e-20
1.11037e-20
1.07059e-20
1.03203e-20
9.94665e-21
9.58458e-21
9.23383e-21
8.89414e-21
8.56523e-21
8.24682e-21
7.93866e-21
7.64048e-21
7.35203e-21
7.07305e-21
6.80329e-21
6.5425e-21
6.29045e-21
6.04689e-21
5.81159e-21
5.58433e-21
5.36487e-21
5.15301e-21
4.94851e-21
4.75117e-21
4.56079e-21
4.37715e-21
4.20006e-21
4.02932e-21
3.86474e-21
3.70614e-21
3.55333e-21
3.40613e-21
3.26437e-21
3.12787e-21
2.99648e-21
2.87002e-21
2.74834e-21
2.63129e-21
2.51871e-21
2.41046e-21
2.30639e-21
2.20637e-21
2.11025e-21
2.01791e-21
1.92921e-21
1.84404e-21
1.76227e-21
1.68377e-21
1.60844e-21
1.53617e-21
1.46684e-21
1.40035e-21
1.3366e-21
1.27548e-21
1.21691e-21
1.16078e-21
1.10702e-21
1.05552e-21
1.0062e-21
9.58993e-22
9.13804e-22
8.7056e-22
8.29187e-22
7.89612e-22
7.51765e-22
7.1558e-22
6.8099e-22
6.47934e-22
6.16349e-22
5.86177e-22
5.57362e-22
5.29848e-22
5.03583e-22
4.78514e-22
4.54594e-22
4.31774e-22
4.10009e-22
3.89255e-22
3.69468e-22
3.50608e-22
3.32637e-22
3.15515e-22
2.99206e-22
2.83675e-22
2.68889e-22
2.54815e-22
2.41421e-22
2.28679e-22
2.16559e-22
2.05033e-22
1.94076e-22
1.83661e-22
1.73764e-22
1.64361e-22
1.5543e-22
1.4695e-22
1.38899e-22
1.31258e-22
1.24007e-22
1.17128e-22
1.10603e-22
1.04417e-22
9.85517e-23
9.29933e-23
8.77268e-23
8.27382e-23
7.80141e-23
7.35416e-23
6.93083e-23
6.53027e-23
6.15133e-23
5.79295e-23
5.45411e-23
5.13381e-23
4.83113e-23
4.54516e-23
4.27507e-23
4.02003e-23
3.77927e-23
3.55204e-23
3.33765e-23
3.13542e-23
2.94471e-23
2.76491e-23
2.59544e-23
2.43576e-23
2.28532e-23
2.14365e-23
2.01026e-23
1.88469e-23
1.76653e-23
1.65537e-23
1.55081e-23
1.45249e-23
1.36006e-23
1.2732e-23
1.19159e-23
1.11492e-23
1.04293e-23
9.75346e-24
9.1191e-24
8.52386e-24
7.96548e-24
7.4418e-24
6.95081e-24
6.49058e-24
6.0593e-24
5.65526e-24
5.27683e-24
4.92249e-24
4.59079e-24
4.28036e-24
3.98992e-24
3.71826e-24
3.46422e-24
3.22672e-24
3.00476e-24
2.79736e-24
2.60362e-24
2.42269e-24
2.25377e-24
2.0961e-24
1.94898e-24
1.81172e-24
1.68371e-24
1.56436e-24
1.4531e-24
1.34941e-24
1.25282e-24
1.16285e-24
1.07907e-24
1.00107e-24
9.28486e-25
8.60949e-25
7.98127e-25
7.39706e-25
6.85391e-25
6.34908e-25
5.87998e-25
5.4442e-25
5.03948e-25
4.66371e-25
4.31489e-25
3.99119e-25
3.69088e-25
3.41233e-25
3.15404e-25
2.91459e-25
2.69267e-25
2.48705e-25
2.29657e-25
2.12018e-25
1.95687e-25
1.8057e-25
1.66582e-25
1.53641e-25
1.41672e-25
1.30604e-25
1.20373e-25
1.10917e-25
1.0218e-25
9.411e-26
8.6657e-26
7.97758e-26
7.34241e-26
6.75627e-26
6.21551e-26
5.71673e-26
5.25679e-26
4.83277e-26
4.44196e-26
4.08184e-26
3.75009e-26
3.44454e-26
3.16319e-26
2.90419e-26
2.66582e-26
2.44649e-26
2.24472e-26
2.05915e-26
1.88852e-26
1.73167e-26
1.58751e-26
1.45505e-26
1.33337e-26
1.22162e-26
1.119e-26
1.0248e-26
9.38344e-27
8.5901e-27
7.86231e-27
7.19479e-27
6.58268e-27
6.02152e-27
5.50717e-27
5.03582e-27
4.60399e-27
4.20843e-27
3.84617e-27
3.5145e-27
3.21089e-27
2.93303e-27
2.6788e-27
2.44625e-27
2.23357e-27
2.03913e-27
1.86138e-27
1.69894e-27
1.55053e-27
1.41496e-27
1.29117e-27
1.17816e-27
1.07502e-27
9.8092e-28
8.95087e-28
8.16819e-28
7.45471e-28
6.80469e-28
6.21272e-28
5.67391e-28
5.18372e-28
4.73799e-28
4.33292e-28
3.96504e-28
3.63115e-28
3.32836e-28
3.05401e-28
2.80568e-28
2.58114e-28
2.37838e-28
2.19556e-28
2.03099e-28
1.88314e-28
1.75063e-28
1.63217e-28
1.52662e-28
1.43292e-28
1.35012e-28
1.27735e-28
1.21383e-28
1.15885e-28
1.11177e-28
1.07199e-28
1.03901e-28
1.01234e-28
9.91572e-29
9.76314e-29
9.66231e-29
9.6102e-29
9.60414e-29
9.64174e-29
9.72093e-29
9.83989e-29
9.99706e-29
1.01911e-28
1.04209e-28
1.06854e-28
1.0984e-28
1.1316e-28
1.1681e-28
1.20787e-28
1.2509e-28
1.29718e-28
1.34672e-28
1.39954e-28
1.45568e-28
1.51518e-28
1.57808e-28
1.64445e-28
1.71436e-28
1.78788e-28
1.86511e-28
1.94613e-28
2.03106e-28
2.11999e-28
2.21306e-28
2.31038e-28
2.41209e-28
2.51833e-28
2.62924e-28
