5
2e+17
1e+19
49.9999
4.99957
13262.1
7.25379e-20
7.25221e-20
7.24643e-20
7.23926e-20
7.23077e-20
7.22099e-20
7.20994e-20
7.19763e-20
7.18406e-20
7.16924e-20
7.15317e-20
7.13588e-20
7.11736e-20
7.09762e-20
7.0767e-20
7.0546e-20
7.03133e-20
7.0069e-20
6.98132e-20
6.95459e-20
6.92674e-20
6.89778e-20
6.86771e-20
6.83656e-20
6.80434e-20
6.77108e-20
6.73678e-20
6.70147e-20
6.66516e-20
6.62786e-20
6.5896e-20
6.5504e-20
6.51028e-20
6.46925e-20
6.42734e-20
6.38456e-20
6.34094e-20
6.29649e-20
6.25125e-20
6.20522e-20
6.15844e-20
6.11092e-20
6.06269e-20
6.01377e-20
5.96418e-20
5.91394e-20
5.86309e-20
5.81164e-20
5.75961e-20
5.70703e-20
5.65392e-20
5.60031e-20
5.54622e-20
5.49167e-20
5.43669e-20
5.3813e-20
5.32552e-20
5.26938e-20
5.2129e-20
5.15611e-20
5.09902e-20
5.04167e-20
4.98407e-20
4.92625e-20
4.86823e-20
4.81004e-20
4.75169e-20
4.69321e-20
4.63462e-20
4.57594e-20
4.5172e-20
4.4584e-20
4.39959e-20
4.34077e-20
4.28197e-20
4.22321e-20
4.16451e-20
4.10588e-20
4.04735e-20
3.98894e-20
3.93066e-20
3.87254e-20
3.81459e-20
3.75682e-20
3.69926e-20
3.64193e-20
3.58483e-20
3.52799e-20
3.47143e-20
3.41515e-20
3.35917e-20
3.30351e-20
3.24818e-20
3.19319e-20
3.13856e-20
3.0843e-20
3.03043e-20
2.97695e-20
2.92387e-20
2.87122e-20
2.81899e-20
2.7672e-20
2.71586e-20
2.66498e-20
2.61457e-20
2.56463e-20
2.51518e-20
2.46622e-20
2.41776e-20
2.36981e-20
2.32237e-20
2.27545e-20
2.22905e-20
2.18319e-20
2.13786e-20
2.09307e-20
2.04882e-20
2.00513e-20
1.96198e-20
1.91939e-20
1.87736e-20
1.83589e-20
1.79498e-20
1.75464e-20
1.71485e-20
1.67564e-20
1.63699e-20
1.59891e-20
1.5614e-20
1.52445e-20
1.48808e-20
1.45226e-20
1.41702e-20
1.38233e-20
1.34821e-20
1.31465e-20
1.28164e-20
1.24919e-20
1.2173e-20
1.18595e-20
1.15515e-20
1.1249e-20
1.09518e-20
1.06601e-20
1.03736e-20
1.00924e-20
9.81651e-21
9.54579e-21
9.28022e-21
9.01977e-21
8.76438e-21
8.51399e-21
8.26857e-21
8.02806e-21
7.79242e-21
7.5616e-21
7.33556e-21
7.11426e-21
6.89764e-21
6.68567e-21
6.47829e-21
6.27545e-21
6.0771e-21
5.88318e-21
5.69364e-21
5.50843e-21
5.32751e-21
5.15081e-21
4.9783e-21
4.80993e-21
4.64566e-21
4.48545e-21
4.32927e-21
4.17706e-21
4.02877e-21
3.88436e-21
3.74378e-21
3.60696e-21
3.47385e-21
3.34441e-21
3.2186e-21
3.09638e-21
2.9777e-21
2.86254e-21
2.75084e-21
2.64254e-21
2.5376e-21
2.43596e-21
2.33756e-21
2.24234e-21
2.15025e-21
2.06122e-21
1.97519e-21
1.8921e-21
1.81187e-21
1.73445e-21
1.65977e-21
1.58776e-21
1.51836e-21
1.4515e-21
1.38711e-21
1.32514e-21
1.2655e-21
1.20815e-21
1.15301e-21
1.10003e-21
1.04912e-21
1.00025e-21
9.53335e-22
9.08324e-22
8.65155e-22
8.23768e-22
7.84105e-22
7.4611e-22
7.09726e-22
6.749e-22
6.41576e-22
6.09701e-22
5.79226e-22
5.50098e-22
5.2227e-22
4.95692e-22
4.70319e-22
4.46104e-22
4.23003e-22
4.00974e-22
3.79973e-22
3.59961e-22
3.40898e-22
3.22744e-22
3.05464e-22
2.89021e-22
2.73379e-22
2.58506e-22
2.44368e-22
2.30933e-22
2.18172e-22
2.06055e-22
1.94552e-22
1.83638e-22
1.73284e-22
1.63466e-22
1.5416e-22
1.4534e-22
1.36986e-22
1.29075e-22
1.21585e-22
1.14497e-22
1.07792e-22
1.01451e-22
9.54556e-23
8.97894e-23
8.44359e-23
7.93796e-23
7.46053e-23
7.00989e-23
6.58466e-23
6.18354e-23
5.80528e-23
5.44868e-23
5.11262e-23
4.796e-23
4.49779e-23
4.21701e-23
3.95272e-23
3.70403e-23
3.47007e-23
3.25006e-23
3.0432e-23
2.84879e-23
2.66611e-23
2.49452e-23
2.33339e-23
2.18211e-23
2.04014e-23
1.90693e-23
1.78198e-23
1.66482e-23
1.55498e-23
1.45203e-23
1.35558e-23
1.26523e-23
1.18062e-23
1.10141e-23
1.02728e-23
9.5791e-24
8.93021e-24
8.32336e-24
7.75597e-24
7.22563e-24
6.73005e-24
6.26705e-24
5.83461e-24
5.43081e-24
5.05385e-24
4.70203e-24
4.37376e-24
4.06754e-24
3.78195e-24
3.51567e-24
3.26745e-24
3.03613e-24
2.82059e-24
2.61982e-24
2.43285e-24
2.25876e-24
2.09671e-24
1.94589e-24
1.80557e-24
1.67503e-24
1.55363e-24
1.44075e-24
1.33582e-24
1.23829e-24
1.14766e-24
1.06347e-24
9.85271e-25
9.12653e-25
8.45233e-25
7.82651e-25
7.24572e-25
6.70684e-25
6.20692e-25
5.74326e-25
5.31331e-25
4.9147e-25
4.54521e-25
4.20279e-25
3.88551e-25
3.59158e-25
3.31934e-25
3.06722e-25
2.8338e-25
2.61772e-25
2.41772e-25
2.23266e-25
2.06144e-25
1.90305e-25
1.75656e-25
1.6211e-25
1.49586e-25
1.38009e-25
1.27309e-25
1.17422e-25
1.08286e-25
9.98472e-26
9.20529e-26
8.4855e-26
7.8209e-26
7.20736e-26
6.64104e-26
6.11839e-26
5.63612e-26
5.19118e-26
4.78074e-26
4.40219e-26
4.05309e-26
3.7312e-26
3.43445e-26
3.1609e-26
2.90879e-26
2.67646e-26
2.4624e-26
2.26519e-26
2.08353e-26
1.91622e-26
1.76215e-26
1.62028e-26
1.48967e-26
1.36943e-26
1.25877e-26
1.15692e-26
1.0632e-26
9.7698e-27
8.97656e-27
8.2469e-27
7.5758e-27
6.95862e-27
6.39111e-27
5.86932e-27
5.38962e-27
4.94868e-27
4.54341e-27
4.17095e-27
3.8287e-27
3.51423e-27
3.22532e-27
2.95991e-27
2.71612e-27
2.49221e-27
2.28658e-27
2.09775e-27
1.92437e-27
1.76519e-27
1.61906e-27
1.48492e-27
1.36181e-27
1.24881e-27
1.14512e-27
1.04996e-27
9.62653e-28
8.82549e-28
8.09062e-28
7.4165e-28
6.79816e-28
6.23103e-28
5.71091e-28
5.23393e-28
4.79655e-28
4.39551e-28
4.02779e-28
3.69067e-28
3.38161e-28
3.0983e-28
2.8386e-28
2.60057e-28
2.38241e-28
2.18247e-28
1.99924e-28
1.83134e-28
1.67748e-28
1.53651e-28
1.40734e-28
1.289e-28
1.18058e-28
1.08125e-28
9.90256e-29
9.06904e-29
8.30553e-29
7.60619e-29
6.96564e-29
6.37897e-29
5.84166e-29
5.34958e-29
4.89892e-29
4.48621e-29
4.10826e-29
3.76215e-29
3.44521e-29
3.155e-29
2.88925e-29
2.64592e-29
2.42312e-29
2.21912e-29
2.03234e-29
1.86133e-29
1.70476e-29
1.56142e-29
1.43018e-29
1.31002e-29
1.20002e-29
1.09931e-29
1.00711e-29
9.227e-30
8.45429e-30
7.74691e-30
7.09937e-30
6.50661e-30
5.96402e-30
5.46737e-30
5.01279e-30
4.59674e-30
4.21598e-30
3.8675e-30
3.5486e-30
3.25679e-30
2.9898e-30
2.74554e-30
2.52212e-30
2.31776e-30
2.13091e-30
1.96019e-30
1.80441e-30
1.66231e-30
1.53282e-30
1.41495e-30
1.30778e-30
1.21055e-30
1.12251e-30
1.04296e-30
9.71246e-31
9.06786e-31
8.49047e-31
7.97549e-31
7.5186e-31
7.11593e-31
6.764e-31
6.45974e-31
6.20043e-31
5.98368e-31
5.8074e-31
5.66981e-31
5.56942e-31
5.50497e-31
5.4755e-31
5.48026e-31
5.51875e-31
5.5907e-31
5.69605e-31
5.83498e-31
6.00789e-31
