10
2e+16
2e+18
49.9661
10
18755.4
3.39192e-20
3.38506e-20
3.36495e-20
3.34368e-20
3.32192e-20
3.29982e-20
3.27745e-20
3.25483e-20
3.232e-20
3.20894e-20
3.18568e-20
3.16222e-20
3.13864e-20
3.11493e-20
3.09108e-20
3.06709e-20
3.04294e-20
3.01864e-20
2.99419e-20
2.96958e-20
2.94483e-20
2.91996e-20
2.89499e-20
2.86991e-20
2.84472e-20
2.81941e-20
2.79402e-20
2.76856e-20
2.74301e-20
2.71737e-20
2.69165e-20
2.66588e-20
2.64004e-20
2.61415e-20
2.5882e-20
2.56221e-20
2.53618e-20
2.51012e-20
2.48401e-20
2.45789e-20
2.43175e-20
2.4056e-20
2.37944e-20
2.35328e-20
2.32712e-20
2.30098e-20
2.27485e-20
2.24874e-20
2.22265e-20
2.1966e-20
2.17058e-20
2.14459e-20
2.11866e-20
2.09276e-20
2.06692e-20
2.04114e-20
2.01542e-20
1.98977e-20
1.96419e-20
1.93869e-20
1.91326e-20
1.88792e-20
1.86267e-20
1.83752e-20
1.81247e-20
1.78752e-20
1.76267e-20
1.73792e-20
1.71329e-20
1.68877e-20
1.66438e-20
1.64011e-20
1.61596e-20
1.59195e-20
1.56807e-20
1.54432e-20
1.52072e-20
1.49725e-20
1.47393e-20
1.45076e-20
1.42774e-20
1.40486e-20
1.38215e-20
1.35959e-20
1.33718e-20
1.31495e-20
1.29287e-20
1.27096e-20
1.24922e-20
1.22765e-20
1.20625e-20
1.18502e-20
1.16397e-20
1.14309e-20
1.12239e-20
1.10187e-20
1.08152e-20
1.06136e-20
1.04137e-20
1.02157e-20
1.00195e-20
9.82512e-21
9.63258e-21
9.44187e-21
9.253e-21
9.066e-21
8.88084e-21
8.69753e-21
8.51605e-21
8.33642e-21
8.15867e-21
7.98279e-21
7.8088e-21
7.63675e-21
7.46659e-21
7.29837e-21
7.1321e-21
6.96777e-21
6.80541e-21
6.64504e-21
6.48668e-21
6.33036e-21
6.17615e-21
6.02407e-21
5.87412e-21
5.72633e-21
5.58073e-21
5.43732e-21
5.29617e-21
5.15733e-21
5.02083e-21
4.8867e-21
4.75497e-21
4.62565e-21
4.49876e-21
4.37431e-21
4.2523e-21
4.13276e-21
4.01565e-21
3.90098e-21
3.78876e-21
3.67897e-21
3.57158e-21
3.46659e-21
3.36398e-21
3.26374e-21
3.16583e-21
3.07023e-21
2.97693e-21
2.88589e-21
2.79709e-21
2.71049e-21
2.62607e-21
2.5438e-21
2.46364e-21
2.38556e-21
2.30953e-21
2.23552e-21
2.1635e-21
2.09343e-21
2.02526e-21
1.95898e-21
1.89454e-21
1.8319e-21
1.77104e-21
1.71191e-21
1.65448e-21
1.59872e-21
1.54458e-21
1.49204e-21
1.44106e-21
1.3916e-21
1.34363e-21
1.29712e-21
1.25202e-21
1.20831e-21
1.16595e-21
1.12491e-21
1.08516e-21
1.04666e-21
1.00938e-21
9.73288e-22
9.38359e-22
9.04561e-22
8.7186e-22
8.40226e-22
8.09631e-22
7.80047e-22
7.51448e-22
7.23806e-22
6.9709e-22
6.71275e-22
6.46334e-22
6.22244e-22
5.9898e-22
5.76517e-22
5.54829e-22
5.33894e-22
5.13688e-22
4.9419e-22
4.75378e-22
4.57233e-22
4.39729e-22
4.22848e-22
4.06571e-22
3.90878e-22
3.75751e-22
3.61172e-22
3.47123e-22
3.33586e-22
3.20544e-22
3.0798e-22
2.95879e-22
2.84226e-22
2.73007e-22
2.62205e-22
2.51806e-22
2.41797e-22
2.32164e-22
2.22894e-22
2.13975e-22
2.05394e-22
1.97141e-22
1.89204e-22
1.8157e-22
1.74229e-22
1.67171e-22
1.60385e-22
1.53862e-22
1.47593e-22
1.41568e-22
1.35779e-22
1.30216e-22
1.24871e-22
1.19736e-22
1.14804e-22
1.10067e-22
1.05517e-22
1.01149e-22
9.69547e-23
9.29276e-23
8.90613e-23
8.53498e-23
8.17874e-23
7.83684e-23
7.50873e-23
7.1939e-23
6.89184e-23
6.60205e-23
6.32404e-23
6.05734e-23
5.80151e-23
5.55615e-23
5.32084e-23
5.09519e-23
4.87883e-23
4.67139e-23
4.47253e-23
4.28191e-23
4.09918e-23
3.92401e-23
3.75612e-23
3.59522e-23
3.44102e-23
3.29327e-23
3.1517e-23
3.01606e-23
2.88613e-23
2.76166e-23
2.64243e-23
2.52821e-23
2.41881e-23
2.31403e-23
2.21368e-23
2.11759e-23
2.02558e-23
1.93747e-23
1.85313e-23
1.77238e-23
1.69508e-23
1.62108e-23
1.55023e-23
1.48242e-23
1.41752e-23
1.3554e-23
1.29595e-23
1.23905e-23
1.18461e-23
1.13252e-23
1.08268e-23
1.035e-23
9.89381e-24
9.45738e-24
9.03984e-24
8.64041e-24
8.25832e-24
7.89283e-24
7.54326e-24
7.20892e-24
6.88917e-24
6.58339e-24
6.29098e-24
6.01138e-24
5.74404e-24
5.4884e-24
5.24395e-24
5.01022e-24
4.78675e-24
4.5731e-24
4.36885e-24
4.17359e-24
3.98693e-24
3.80852e-24
3.63799e-24
3.47499e-24
3.31922e-24
3.17035e-24
3.02808e-24
2.8921e-24
2.76216e-24
2.63797e-24
2.51929e-24
2.40588e-24
2.29752e-24
2.19398e-24
2.09504e-24
2.00052e-24
1.91022e-24
1.82395e-24
1.74154e-24
1.66281e-24
1.58761e-24
1.51578e-24
1.44716e-24
1.38161e-24
1.319e-24
1.25919e-24
1.20206e-24
1.1475e-24
1.09539e-24
1.04562e-24
9.98091e-25
9.527e-25
9.09355e-25
8.67964e-25
8.28441e-25
7.90703e-25
7.5467e-25
7.20267e-25
6.87417e-25
6.56049e-25
6.26098e-25
5.975e-25
5.70197e-25
5.44128e-25
5.19241e-25
4.95481e-25
4.72799e-25
4.51147e-25
4.30477e-25
4.10747e-25
3.91914e-25
3.73939e-25
3.56781e-25
3.40406e-25
3.24777e-25
3.09859e-25
2.9562e-25
2.82029e-25
2.69057e-25
2.56676e-25
2.4486e-25
2.33583e-25
2.22821e-25
2.12551e-25
2.0275e-25
1.93397e-25
1.84473e-25
1.75957e-25
1.67831e-25
1.60078e-25
1.52681e-25
1.45623e-25
1.3889e-25
1.32466e-25
1.26336e-25
1.20488e-25
1.14907e-25
1.09583e-25
1.04504e-25
9.9658e-26
9.50349e-26
9.06244e-26
8.64169e-26
8.24033e-26
7.85745e-26
7.49223e-26
7.14386e-26
6.81156e-26
6.49461e-26
6.19231e-26
5.90398e-26
5.62899e-26
5.36673e-26
5.11662e-26
4.8781e-26
4.65064e-26
4.4337e-26
4.22679e-26
4.02947e-26
3.84129e-26
3.66183e-26
3.49069e-26
3.32749e-26
3.17186e-26
3.02347e-26
2.88197e-26
2.74705e-26
2.61841e-26
2.49576e-26
2.37882e-26
2.26733e-26
2.16105e-26
2.05972e-26
1.96313e-26
1.87106e-26
1.78329e-26
1.69963e-26
1.61989e-26
1.54389e-26
1.47144e-26
1.40239e-26
1.33658e-26
1.27384e-26
1.21406e-26
1.15708e-26
1.10278e-26
1.05104e-26
1.00174e-26
9.54764e-27
9.10007e-27
8.67368e-27
8.26748e-27
7.88055e-27
7.512e-27
7.161e-27
6.82673e-27
6.50844e-27
6.20539e-27
5.91688e-27
5.64225e-27
5.38087e-27
5.13214e-27
4.89548e-27
4.67035e-27
4.45623e-27
4.25262e-27
4.05902e-27
3.87498e-27
3.70007e-27
3.5339e-27
3.37608e-27
3.22625e-27
3.08404e-27
2.94915e-27
2.82125e-27
2.70005e-27
2.58527e-27
2.47663e-27
2.3739e-27
2.27682e-27
2.18518e-27
2.09875e-27
2.01735e-27
1.94078e-27
1.86885e-27
1.80142e-27
1.73831e-27
1.67938e-27
1.62449e-27
1.57352e-27
1.52635e-27
1.48287e-27
1.44297e-27
1.40657e-27
1.37357e-27
1.34394e-27
1.31771e-27
1.29482e-27
1.27523e-27
1.25894e-27
1.2459e-27
1.23607e-27
1.22941e-27
1.22588e-27
1.22548e-27
1.22818e-27
1.23397e-27
1.24286e-27
1.25486e-27
1.26998e-27
