5
2e+17
5e+17
49.9997
4.99993
13262.1
7.64114e-20
7.64073e-20
7.63815e-20
7.63411e-20
7.62858e-20
7.62155e-20
7.61303e-20
7.60301e-20
7.5915e-20
7.57851e-20
7.56405e-20
7.54812e-20
7.53073e-20
7.5119e-20
7.49163e-20
7.46994e-20
7.44683e-20
7.42233e-20
7.39645e-20
7.36919e-20
7.34058e-20
7.31064e-20
7.27938e-20
7.24681e-20
7.21297e-20
7.17786e-20
7.14151e-20
7.10393e-20
7.06516e-20
7.0252e-20
6.98409e-20
6.94184e-20
6.89849e-20
6.85405e-20
6.80854e-20
6.762e-20
6.71445e-20
6.66591e-20
6.61641e-20
6.56598e-20
6.51465e-20
6.46243e-20
6.40937e-20
6.35548e-20
6.3008e-20
6.24535e-20
6.18917e-20
6.13227e-20
6.0747e-20
6.01647e-20
5.95762e-20
5.89818e-20
5.83818e-20
5.77765e-20
5.7166e-20
5.65509e-20
5.59313e-20
5.53075e-20
5.46798e-20
5.40486e-20
5.34141e-20
5.27765e-20
5.21363e-20
5.14936e-20
5.08488e-20
5.02021e-20
4.95538e-20
4.89042e-20
4.82535e-20
4.76021e-20
4.69502e-20
4.6298e-20
4.56459e-20
4.4994e-20
4.43426e-20
4.3692e-20
4.30424e-20
4.23941e-20
4.17473e-20
4.11022e-20
4.04591e-20
3.98181e-20
3.91795e-20
3.85435e-20
3.79103e-20
3.72802e-20
3.66532e-20
3.60296e-20
3.54097e-20
3.47935e-20
3.41812e-20
3.3573e-20
3.29692e-20
3.23698e-20
3.17749e-20
3.11848e-20
3.05996e-20
3.00195e-20
2.94444e-20
2.88747e-20
2.83104e-20
2.77515e-20
2.71983e-20
2.66509e-20
2.61093e-20
2.55736e-20
2.50439e-20
2.45203e-20
2.40029e-20
2.34917e-20
2.29869e-20
2.24884e-20
2.19963e-20
2.15108e-20
2.10317e-20
2.05593e-20
2.00934e-20
1.96342e-20
1.91817e-20
1.87358e-20
1.82967e-20
1.78643e-20
1.74386e-20
1.70197e-20
1.66075e-20
1.62021e-20
1.58034e-20
1.54114e-20
1.50262e-20
1.46476e-20
1.42757e-20
1.39105e-20
1.35518e-20
1.31998e-20
1.28544e-20
1.25154e-20
1.2183e-20
1.1857e-20
1.15373e-20
1.12241e-20
1.09171e-20
1.06164e-20
1.03219e-20
1.00335e-20
9.75115e-21
9.47486e-21
9.20452e-21
8.94007e-21
8.68145e-21
8.42858e-21
8.18141e-21
7.93985e-21
7.70385e-21
7.47332e-21
7.24819e-21
7.0284e-21
6.81386e-21
6.6045e-21
6.40025e-21
6.20102e-21
6.00674e-21
5.81734e-21
5.63273e-21
5.45284e-21
5.27758e-21
5.10688e-21
4.94066e-21
4.77884e-21
4.62134e-21
4.46808e-21
4.31899e-21
4.17398e-21
4.03298e-21
3.89592e-21
3.76271e-21
3.63328e-21
3.50754e-21
3.38543e-21
3.26687e-21
3.15178e-21
3.04009e-21
2.93173e-21
2.82662e-21
2.72469e-21
2.62587e-21
2.53009e-21
2.43728e-21
2.34736e-21
2.26028e-21
2.17596e-21
2.09434e-21
2.01534e-21
1.93891e-21
1.86497e-21
1.79346e-21
1.72433e-21
1.6575e-21
1.59293e-21
1.53053e-21
1.47027e-21
1.41207e-21
1.35588e-21
1.30165e-21
1.24932e-21
1.19884e-21
1.15015e-21
1.10319e-21
1.05793e-21
1.0143e-21
9.72268e-22
9.31774e-22
8.92773e-22
8.5522e-22
8.19071e-22
7.8428e-22
7.50805e-22
7.18604e-22
6.87636e-22
6.57861e-22
6.29239e-22
6.01733e-22
5.75305e-22
5.49919e-22
5.2554e-22
5.02134e-22
4.79667e-22
4.58107e-22
4.37421e-22
4.1758e-22
3.98552e-22
3.8031e-22
3.62825e-22
3.46069e-22
3.30016e-22
3.1464e-22
2.99916e-22
2.8582e-22
2.72328e-22
2.59417e-22
2.47065e-22
2.3525e-22
2.23953e-22
2.13152e-22
2.02829e-22
1.92965e-22
1.83541e-22
1.7454e-22
1.65945e-22
1.5774e-22
1.49908e-22
1.42435e-22
1.35306e-22
1.28506e-22
1.22022e-22
1.1584e-22
1.09948e-22
1.04334e-22
9.89856e-23
9.38915e-23
8.90407e-23
8.44227e-23
8.00273e-23
7.58448e-23
7.18658e-23
6.80812e-23
6.44824e-23
6.1061e-23
5.78091e-23
5.47189e-23
5.17831e-23
4.89947e-23
4.63467e-23
4.38327e-23
4.14465e-23
3.91821e-23
3.70338e-23
3.4996e-23
3.30636e-23
3.12314e-23
2.94947e-23
2.78489e-23
2.62896e-23
2.48125e-23
2.34136e-23
2.20891e-23
2.08353e-23
1.96487e-23
1.85259e-23
1.74638e-23
1.64593e-23
1.55094e-23
1.46115e-23
1.37627e-23
1.29607e-23
1.2203e-23
1.14874e-23
1.08116e-23
1.01735e-23
9.57119e-24
9.00279e-24
8.46649e-24
7.96059e-24
7.48347e-24
7.03358e-24
6.60946e-24
6.20972e-24
5.83303e-24
5.47815e-24
5.14388e-24
4.82908e-24
4.5327e-24
4.25369e-24
3.99112e-24
3.74404e-24
3.51161e-24
3.29298e-24
3.0874e-24
2.89411e-24
2.71243e-24
2.54168e-24
2.38124e-24
2.23053e-24
2.08897e-24
1.95604e-24
1.83123e-24
1.71408e-24
1.60414e-24
1.50098e-24
1.4042e-24
1.31343e-24
1.22831e-24
1.1485e-24
1.07369e-24
1.00358e-24
9.37877e-25
8.76325e-25
8.1867e-25
7.64677e-25
7.1412e-25
6.66792e-25
6.22493e-25
5.81037e-25
5.4225e-25
5.05967e-25
4.72031e-25
4.40296e-25
4.10626e-25
3.82892e-25
3.5697e-25
3.32748e-25
3.10117e-25
2.88978e-25
2.69235e-25
2.50799e-25
2.33587e-25
2.17521e-25
2.02526e-25
1.88534e-25
1.7548e-25
1.63304e-25
1.51947e-25
1.41357e-25
1.31484e-25
1.22281e-25
1.13703e-25
1.0571e-25
9.82635e-26
9.13264e-26
8.48654e-26
7.88489e-26
7.32471e-26
6.80324e-26
6.31788e-26
5.86621e-26
5.44596e-26
5.055e-26
4.69137e-26
4.35319e-26
4.03875e-26
3.74642e-26
3.47469e-26
3.22216e-26
2.98751e-26
2.7695e-26
2.567e-26
2.37892e-26
2.20427e-26
2.04211e-26
1.89159e-26
1.75187e-26
1.62222e-26
1.50192e-26
1.39032e-26
1.28681e-26
1.19082e-26
1.10181e-26
1.01929e-26
9.42794e-27
8.71903e-27
8.06213e-27
7.45353e-27
6.88975e-27
6.3676e-27
5.88408e-27
5.43639e-27
5.02197e-27
4.63838e-27
4.28341e-27
3.95497e-27
3.65112e-27
3.37008e-27
3.11016e-27
2.86983e-27
2.64765e-27
2.44227e-27
2.25247e-27
2.07708e-27
1.91504e-27
1.76536e-27
1.62713e-27
1.49948e-27
1.38162e-27
1.27283e-27
1.17242e-27
1.07977e-27
9.9428e-28
9.15422e-28
8.4269e-28
7.75621e-28
7.13785e-28
6.56784e-28
6.04249e-28
5.5584e-28
5.11239e-28
4.70157e-28
4.32321e-28
3.97482e-28
3.65409e-28
3.35889e-28
3.08724e-28
2.83731e-28
2.60742e-28
2.39602e-28
2.20166e-28
2.02301e-28
1.85885e-28
1.70804e-28
1.56954e-28
1.44239e-28
1.32569e-28
1.21862e-28
1.12043e-28
1.03043e-28
9.47968e-29
8.72455e-29
8.03348e-29
7.40147e-29
6.82391e-29
6.29657e-29
5.81556e-29
5.37731e-29
4.97853e-29
4.61621e-29
4.28756e-29
3.99004e-29
3.72135e-29
3.47938e-29
3.26219e-29
3.06803e-29
2.89525e-29
2.74245e-29
2.60847e-29
2.49231e-29
2.39286e-29
2.30918e-29
2.24046e-29
2.18589e-29
2.14494e-29
2.11704e-29
2.10163e-29
2.09822e-29
2.10638e-29
2.12576e-29
2.15607e-29
2.19708e-29
2.24862e-29
2.31056e-29
2.38284e-29
2.46543e-29
2.55836e-29
2.66169e-29
2.77554e-29
2.90006e-29
3.03544e-29
3.18192e-29
3.33976e-29
3.50926e-29
3.69078e-29
3.8847e-29
4.09142e-29
4.3114e-29
