10
5e+17
5e+18
49.9999
9.99962
18755.4
2.94422e-20
2.94246e-20
2.9369e-20
2.93061e-20
2.92374e-20
2.91635e-20
2.90843e-20
2.90001e-20
2.89109e-20
2.88167e-20
2.87175e-20
2.86136e-20
2.8505e-20
2.83918e-20
2.82741e-20
2.81518e-20
2.8025e-20
2.78938e-20
2.77581e-20
2.76181e-20
2.74738e-20
2.73254e-20
2.7173e-20
2.70165e-20
2.68561e-20
2.66918e-20
2.65238e-20
2.63522e-20
2.6177e-20
2.59982e-20
2.5816e-20
2.56305e-20
2.54417e-20
2.52498e-20
2.50548e-20
2.48569e-20
2.46561e-20
2.44525e-20
2.42463e-20
2.40374e-20
2.38261e-20
2.36123e-20
2.33963e-20
2.31781e-20
2.29578e-20
2.27355e-20
2.25113e-20
2.22853e-20
2.20576e-20
2.18283e-20
2.15974e-20
2.13652e-20
2.11316e-20
2.08969e-20
2.0661e-20
2.0424e-20
2.01862e-20
1.99475e-20
1.97081e-20
1.9468e-20
1.92273e-20
1.89862e-20
1.87447e-20
1.8503e-20
1.8261e-20
1.80189e-20
1.77768e-20
1.75348e-20
1.72929e-20
1.70512e-20
1.68098e-20
1.65688e-20
1.63283e-20
1.60882e-20
1.58489e-20
1.56102e-20
1.53722e-20
1.51351e-20
1.48989e-20
1.46637e-20
1.44295e-20
1.41963e-20
1.39644e-20
1.37336e-20
1.35041e-20
1.3276e-20
1.30493e-20
1.2824e-20
1.26002e-20
1.23779e-20
1.21572e-20
1.19382e-20
1.17209e-20
1.15052e-20
1.12914e-20
1.10794e-20
1.08692e-20
1.06609e-20
1.04545e-20
1.025e-20
1.00476e-20
9.84712e-21
9.64871e-21
9.45235e-21
9.25808e-21
9.06593e-21
8.87591e-21
8.68803e-21
8.50232e-21
8.31879e-21
8.13746e-21
7.95836e-21
7.78149e-21
7.60688e-21
7.43454e-21
7.26448e-21
7.09671e-21
6.93124e-21
6.76809e-21
6.60726e-21
6.44877e-21
6.29262e-21
6.13885e-21
5.98746e-21
5.83845e-21
5.69183e-21
5.54761e-21
5.40578e-21
5.26637e-21
5.12938e-21
4.99484e-21
4.86273e-21
4.73307e-21
4.60584e-21
4.48106e-21
4.3587e-21
4.23877e-21
4.12126e-21
4.00615e-21
3.89343e-21
3.78309e-21
3.67511e-21
3.56947e-21
3.46615e-21
3.36513e-21
3.26639e-21
3.16991e-21
3.07566e-21
2.98361e-21
2.89374e-21
2.80603e-21
2.72044e-21
2.63694e-21
2.55552e-21
2.47612e-21
2.39874e-21
2.32333e-21
2.24986e-21
2.17831e-21
2.10864e-21
2.04082e-21
1.97482e-21
1.9106e-21
1.84814e-21
1.78739e-21
1.72833e-21
1.67092e-21
1.61513e-21
1.56093e-21
1.50828e-21
1.45716e-21
1.40753e-21
1.35936e-21
1.31261e-21
1.26725e-21
1.22326e-21
1.1806e-21
1.13924e-21
1.09915e-21
1.06029e-21
1.02265e-21
9.86182e-22
9.50866e-22
9.16672e-22
8.83569e-22
8.51529e-22
8.20525e-22
7.9053e-22
7.61518e-22
7.33461e-22
7.06334e-22
6.80109e-22
6.54763e-22
6.3027e-22
6.06608e-22
5.83753e-22
5.61679e-22
5.40364e-22
5.19787e-22
4.99925e-22
4.80757e-22
4.62263e-22
4.44422e-22
4.27212e-22
4.10615e-22
3.94612e-22
3.79185e-22
3.64315e-22
3.49985e-22
3.36177e-22
3.22874e-22
3.10059e-22
2.97718e-22
2.85834e-22
2.74392e-22
2.63379e-22
2.52778e-22
2.42576e-22
2.32759e-22
2.23314e-22
2.1423e-22
2.05493e-22
1.97091e-22
1.89013e-22
1.81247e-22
1.73781e-22
1.66606e-22
1.59711e-22
1.53086e-22
1.46722e-22
1.40608e-22
1.34736e-22
1.29097e-22
1.23683e-22
1.18484e-22
1.13493e-22
1.08702e-22
1.04105e-22
9.9693e-23
9.54599e-23
9.13985e-23
8.75022e-23
8.37648e-23
8.01802e-23
7.67427e-23
7.34466e-23
7.02865e-23
6.72571e-23
6.43533e-23
6.157e-23
5.89025e-23
5.63462e-23
5.38968e-23
5.15501e-23
4.93019e-23
4.71485e-23
4.50859e-23
4.31107e-23
4.12193e-23
3.9408e-23
3.76738e-23
3.60135e-23
3.44241e-23
3.29027e-23
3.14465e-23
3.00529e-23
2.87194e-23
2.74433e-23
2.62225e-23
2.50545e-23
2.3937e-23
2.2868e-23
2.18455e-23
2.08675e-23
1.99322e-23
1.90378e-23
1.81826e-23
1.73649e-23
1.65831e-23
1.58358e-23
1.51213e-23
1.44383e-23
1.37855e-23
1.31615e-23
1.25652e-23
1.19953e-23
1.14507e-23
1.09304e-23
1.04332e-23
9.95824e-24
9.5045e-24
9.07107e-24
8.65702e-24
8.2615e-24
7.88372e-24
7.5229e-24
7.1783e-24
6.84921e-24
6.53496e-24
6.23489e-24
5.94838e-24
5.67484e-24
5.41369e-24
5.16439e-24
4.92638e-24
4.69916e-24
4.48227e-24
4.27523e-24
4.07762e-24
3.889e-24
3.709e-24
3.53721e-24
3.37327e-24
3.21683e-24
3.06756e-24
2.92514e-24
2.78925e-24
2.65961e-24
2.53591e-24
2.4179e-24
2.30531e-24
2.1979e-24
2.09543e-24
1.99769e-24
1.90445e-24
1.81552e-24
1.7307e-24
1.64981e-24
1.57265e-24
1.49908e-24
1.42891e-24
1.362e-24
1.2982e-24
1.23736e-24
1.17934e-24
1.12401e-24
1.07125e-24
1.02095e-24
9.7299e-25
9.27262e-25
8.83665e-25
8.42102e-25
8.02478e-25
7.64704e-25
7.28696e-25
6.94372e-25
6.61654e-25
6.30469e-25
6.00745e-25
5.72411e-25
5.45403e-25
5.19659e-25
4.95122e-25
4.71734e-25
4.49444e-25
4.282e-25
4.07954e-25
3.88659e-25
3.7027e-25
3.52747e-25
3.36049e-25
3.20137e-25
3.04975e-25
2.90527e-25
2.76761e-25
2.63645e-25
2.51146e-25
2.39237e-25
2.27888e-25
2.17075e-25
2.06772e-25
1.96955e-25
1.87602e-25
1.78691e-25
1.70201e-25
1.62113e-25
1.54407e-25
1.47066e-25
1.40072e-25
1.3341e-25
1.27064e-25
1.21018e-25
1.1526e-25
1.09774e-25
1.04549e-25
9.95719e-26
9.48304e-26
9.03137e-26
8.60111e-26
8.19127e-26
7.80088e-26
7.42903e-26
7.07484e-26
6.73747e-26
6.41614e-26
6.11009e-26
5.8186e-26
5.54098e-26
5.27658e-26
5.02476e-26
4.78495e-26
4.55656e-26
4.33906e-26
4.13194e-26
3.9347e-26
3.74687e-26
3.56801e-26
3.39768e-26
3.23547e-26
3.08098e-26
2.93387e-26
2.79378e-26
2.66037e-26
2.53334e-26
2.41237e-26
2.29718e-26
2.1875e-26
2.08307e-26
1.98363e-26
1.88896e-26
1.79881e-26
1.71299e-26
1.63129e-26
1.5535e-26
1.47944e-26
1.40895e-26
1.34184e-26
1.27795e-26
1.21715e-26
1.15927e-26
1.10417e-26
1.05172e-26
1.0018e-26
9.5428e-27
9.09053e-27
8.6601e-27
8.25046e-27
7.86065e-27
7.48971e-27
7.13676e-27
6.80095e-27
6.48148e-27
6.17758e-27
5.88851e-27
5.61358e-27
5.35213e-27
5.10352e-27
4.86716e-27
4.64247e-27
4.42893e-27
4.22599e-27
4.03319e-27
3.85004e-27
3.67612e-27
3.51099e-27
3.35425e-27
3.20553e-27
3.06444e-27
2.93063e-27
2.80379e-27
2.6836e-27
2.56978e-27
2.46204e-27
2.36013e-27
2.26379e-27
2.1728e-27
2.08692e-27
2.00595e-27
1.9297e-27
1.85796e-27
1.79058e-27
1.72737e-27
1.66819e-27
1.61289e-27
1.56134e-27
1.51339e-27
1.46894e-27
1.42787e-27
1.39009e-27
1.35548e-27
1.32397e-27
1.29548e-27
1.26993e-27
1.24725e-27
1.22738e-27
1.21026e-27
1.1959e-27
1.18432e-27
1.17552e-27
1.16947e-27
1.16618e-27
1.16564e-27
1.16781e-27
1.17269e-27
1.18025e-27
1.19049e-27
1.20342e-27
1.21903e-27
1.23734e-27
1.25837e-27
1.28214e-27
