5
1e+18
5e+17
49.9996
4.99993
13262.1
7.68572e-20
7.68536e-20
7.68291e-20
7.67898e-20
7.67356e-20
7.66661e-20
7.65814e-20
7.64816e-20
7.63667e-20
7.62368e-20
7.60919e-20
7.59321e-20
7.57576e-20
7.55684e-20
7.53646e-20
7.51464e-20
7.49138e-20
7.46671e-20
7.44064e-20
7.41317e-20
7.38434e-20
7.35414e-20
7.32262e-20
7.28977e-20
7.25562e-20
7.22019e-20
7.1835e-20
7.14557e-20
7.10642e-20
7.06607e-20
7.02456e-20
6.98189e-20
6.9381e-20
6.89321e-20
6.84724e-20
6.80022e-20
6.75218e-20
6.70313e-20
6.65312e-20
6.60216e-20
6.55029e-20
6.49752e-20
6.4439e-20
6.38944e-20
6.33418e-20
6.27814e-20
6.22136e-20
6.16386e-20
6.10567e-20
6.04683e-20
5.98736e-20
5.92729e-20
5.86665e-20
5.80548e-20
5.74379e-20
5.68163e-20
5.61902e-20
5.55599e-20
5.49257e-20
5.42879e-20
5.36468e-20
5.30027e-20
5.23559e-20
5.17067e-20
5.10553e-20
5.0402e-20
4.97472e-20
4.90911e-20
4.8434e-20
4.77762e-20
4.71179e-20
4.64594e-20
4.58009e-20
4.51428e-20
4.44852e-20
4.38285e-20
4.31728e-20
4.25185e-20
4.18657e-20
4.12148e-20
4.05658e-20
3.99191e-20
3.92749e-20
3.86333e-20
3.79947e-20
3.73591e-20
3.67269e-20
3.60981e-20
3.54731e-20
3.48519e-20
3.42347e-20
3.36218e-20
3.30132e-20
3.24092e-20
3.18099e-20
3.12154e-20
3.06259e-20
3.00416e-20
2.94625e-20
2.88888e-20
2.83207e-20
2.77581e-20
2.72013e-20
2.66504e-20
2.61054e-20
2.55664e-20
2.50336e-20
2.4507e-20
2.39866e-20
2.34726e-20
2.29651e-20
2.2464e-20
2.19695e-20
2.14816e-20
2.10003e-20
2.05257e-20
2.00578e-20
1.95967e-20
1.91423e-20
1.86947e-20
1.8254e-20
1.78201e-20
1.7393e-20
1.69727e-20
1.65593e-20
1.61528e-20
1.5753e-20
1.53601e-20
1.4974e-20
1.45947e-20
1.42221e-20
1.38563e-20
1.34972e-20
1.31448e-20
1.2799e-20
1.24598e-20
1.21271e-20
1.1801e-20
1.14814e-20
1.11681e-20
1.08613e-20
1.05607e-20
1.02664e-20
9.97832e-21
9.69637e-21
9.42049e-21
9.15062e-21
8.8867e-21
8.62866e-21
8.37642e-21
8.12993e-21
7.8891e-21
7.65386e-21
7.42415e-21
7.19988e-21
6.98097e-21
6.76736e-21
6.55897e-21
6.35571e-21
6.1575e-21
5.96427e-21
5.77594e-21
5.59243e-21
5.41365e-21
5.23953e-21
5.06998e-21
4.90493e-21
4.74429e-21
4.58798e-21
4.43592e-21
4.28803e-21
4.14423e-21
4.00444e-21
3.86858e-21
3.73657e-21
3.60833e-21
3.48378e-21
3.36285e-21
3.24546e-21
3.13153e-21
3.02098e-21
2.91374e-21
2.80974e-21
2.7089e-21
2.61115e-21
2.51641e-21
2.42461e-21
2.33569e-21
2.24958e-21
2.16619e-21
2.08547e-21
2.00736e-21
1.93177e-21
1.85866e-21
1.78794e-21
1.71957e-21
1.65347e-21
1.5896e-21
1.52788e-21
1.46825e-21
1.41067e-21
1.35507e-21
1.30139e-21
1.24959e-21
1.1996e-21
1.15138e-21
1.10488e-21
1.06003e-21
1.0168e-21
9.75136e-22
9.34987e-22
8.96308e-22
8.59054e-22
8.23181e-22
7.88646e-22
7.55405e-22
7.23419e-22
6.92645e-22
6.63046e-22
6.34582e-22
6.07217e-22
5.80913e-22
5.55636e-22
5.3135e-22
5.08022e-22
4.8562e-22
4.64111e-22
4.43464e-22
4.2365e-22
4.04638e-22
3.86401e-22
3.68911e-22
3.52141e-22
3.36064e-22
3.20657e-22
3.05893e-22
2.9175e-22
2.78204e-22
2.65233e-22
2.52816e-22
2.4093e-22
2.29557e-22
2.18676e-22
2.08269e-22
1.98316e-22
1.88801e-22
1.79706e-22
1.71014e-22
1.62709e-22
1.54777e-22
1.47201e-22
1.39967e-22
1.33062e-22
1.26472e-22
1.20184e-22
1.14185e-22
1.08464e-22
1.03009e-22
9.78076e-23
9.28504e-23
8.81267e-23
8.36262e-23
7.93396e-23
7.52574e-23
7.13708e-23
6.76712e-23
6.41504e-23
6.08005e-23
5.76139e-23
5.45832e-23
5.17015e-23
4.89621e-23
4.63584e-23
4.38844e-23
4.1534e-23
3.93015e-23
3.71816e-23
3.51689e-23
3.32585e-23
3.14455e-23
2.97253e-23
2.80936e-23
2.65462e-23
2.50789e-23
2.3688e-23
2.23697e-23
2.11206e-23
1.99372e-23
1.88163e-23
1.77549e-23
1.675e-23
1.57989e-23
1.48987e-23
1.40471e-23
1.32414e-23
1.24795e-23
1.17591e-23
1.10781e-23
1.04344e-23
9.8262e-24
9.25159e-24
8.70884e-24
8.19631e-24
7.71242e-24
7.25565e-24
6.82458e-24
6.41785e-24
6.03416e-24
5.67229e-24
5.33107e-24
5.00939e-24
4.70619e-24
4.42046e-24
4.15127e-24
3.8977e-24
3.6589e-24
3.43406e-24
3.2224e-24
3.02319e-24
2.83575e-24
2.6594e-24
2.49353e-24
2.33755e-24
2.1909e-24
2.05304e-24
1.92349e-24
1.80176e-24
1.6874e-24
1.58e-24
1.47914e-24
1.38446e-24
1.29558e-24
1.21217e-24
1.13391e-24
1.0605e-24
9.91653e-25
9.27093e-25
8.66569e-25
8.0984e-25
7.56678e-25
7.0687e-25
6.60213e-25
6.16517e-25
5.75603e-25
5.373e-25
5.01449e-25
4.67901e-25
4.36513e-25
4.07153e-25
3.79695e-25
3.54021e-25
3.30019e-25
3.07586e-25
2.86623e-25
2.67038e-25
2.48743e-25
2.31658e-25
2.15705e-25
2.00812e-25
1.86912e-25
1.73941e-25
1.61839e-25
1.5055e-25
1.40022e-25
1.30206e-25
1.21055e-25
1.12525e-25
1.04577e-25
9.71715e-26
9.02733e-26
8.38489e-26
7.7867e-26
7.2298e-26
6.71146e-26
6.2291e-26
5.78031e-26
5.36284e-26
4.97458e-26
4.61355e-26
4.2779e-26
3.96593e-26
3.67601e-26
3.40664e-26
3.1564e-26
2.924e-26
2.70819e-26
2.50784e-26
2.32186e-26
2.14927e-26
1.98913e-26
1.84058e-26
1.70279e-26
1.57503e-26
1.45657e-26
1.34676e-26
1.245e-26
1.15071e-26
1.06336e-26
9.8245e-27
9.07526e-27
8.38157e-27
7.73943e-27
7.14514e-27
6.59522e-27
6.08648e-27
5.61592e-27
5.18075e-27
4.7784e-27
4.40646e-27
4.06271e-27
3.74506e-27
3.45159e-27
3.18052e-27
2.93019e-27
2.69905e-27
2.48567e-27
2.28874e-27
2.10701e-27
1.93935e-27
1.7847e-27
1.64208e-27
1.51057e-27
1.38934e-27
1.27761e-27
1.17465e-27
1.07979e-27
9.92421e-28
9.11957e-28
8.37872e-28
7.69674e-28
7.06908e-28
6.49155e-28
5.96026e-28
5.47161e-28
5.02228e-28
4.6092e-28
4.22953e-28
3.88067e-28
3.56019e-28
3.26585e-28
2.9956e-28
2.74753e-28
2.5199e-28
2.31108e-28
2.11959e-28
1.94404e-28
1.78317e-28
1.63582e-28
1.5009e-28
1.37744e-28
1.26451e-28
1.16129e-28
1.06699e-28
9.80913e-29
9.02409e-29
8.30879e-29
7.65773e-29
7.06589e-29
6.52865e-29
6.04179e-29
5.60144e-29
5.20406e-29
4.84641e-29
4.52552e-29
4.23872e-29
3.98353e-29
3.75775e-29
3.55935e-29
3.38649e-29
3.23752e-29
3.11096e-29
3.00554e-29
2.92015e-29
2.8537e-29
2.80528e-29
2.77407e-29
2.75933e-29
2.76051e-29
2.77709e-29
2.80861e-29
2.85469e-29
2.91503e-29
2.98941e-29
3.07767e-29
3.17973e-29
3.29556e-29
3.4252e-29
3.56873e-29
3.72631e-29
3.89815e-29
4.08448e-29
4.28562e-29
4.50191e-29
4.73375e-29
4.98159e-29
5.24591e-29
5.52724e-29
5.82616e-29
6.1433e-29
6.47931e-29
6.8349e-29
