5
5e+16
1e+18
49.9999
4.99987
13262.1
7.41767e-20
7.41684e-20
7.41313e-20
7.40801e-20
7.40151e-20
7.39361e-20
7.38433e-20
7.37367e-20
7.36164e-20
7.34824e-20
7.33349e-20
7.31738e-20
7.29993e-20
7.28115e-20
7.26106e-20
7.23966e-20
7.21697e-20
7.19299e-20
7.16775e-20
7.14125e-20
7.1135e-20
7.08453e-20
7.05434e-20
7.02296e-20
6.9904e-20
6.95669e-20
6.92183e-20
6.88584e-20
6.84876e-20
6.81058e-20
6.77134e-20
6.73106e-20
6.68976e-20
6.64746e-20
6.60418e-20
6.55995e-20
6.51478e-20
6.4687e-20
6.42174e-20
6.37391e-20
6.32525e-20
6.27577e-20
6.22551e-20
6.17448e-20
6.12272e-20
6.07024e-20
6.01708e-20
5.96326e-20
5.90881e-20
5.85375e-20
5.7981e-20
5.74191e-20
5.68518e-20
5.62795e-20
5.57024e-20
5.51209e-20
5.45351e-20
5.39454e-20
5.33519e-20
5.2755e-20
5.2155e-20
5.1552e-20
5.09464e-20
5.03384e-20
4.97282e-20
4.91161e-20
4.85025e-20
4.78874e-20
4.72712e-20
4.66541e-20
4.60363e-20
4.54181e-20
4.47997e-20
4.41814e-20
4.35634e-20
4.29459e-20
4.23291e-20
4.17132e-20
4.10986e-20
4.04853e-20
3.98736e-20
3.92636e-20
3.86557e-20
3.805e-20
3.74466e-20
3.68458e-20
3.62478e-20
3.56526e-20
3.50606e-20
3.44718e-20
3.38865e-20
3.33047e-20
3.27267e-20
3.21526e-20
3.15826e-20
3.10167e-20
3.04551e-20
2.9898e-20
2.93454e-20
2.87976e-20
2.82545e-20
2.77164e-20
2.71832e-20
2.66553e-20
2.61325e-20
2.5615e-20
2.5103e-20
2.45964e-20
2.40954e-20
2.36e-20
2.31103e-20
2.26264e-20
2.21483e-20
2.16761e-20
2.12098e-20
2.07495e-20
2.02952e-20
1.98469e-20
1.94048e-20
1.89687e-20
1.85388e-20
1.8115e-20
1.76974e-20
1.7286e-20
1.68808e-20
1.64818e-20
1.6089e-20
1.57024e-20
1.5322e-20
1.49478e-20
1.45797e-20
1.42179e-20
1.38621e-20
1.35125e-20
1.3169e-20
1.28315e-20
1.25001e-20
1.21747e-20
1.18553e-20
1.15418e-20
1.12342e-20
1.09325e-20
1.06366e-20
1.03464e-20
1.0062e-20
9.78325e-21
9.51011e-21
9.24253e-21
8.98047e-21
8.72386e-21
8.47264e-21
8.22676e-21
7.98616e-21
7.75077e-21
7.52054e-21
7.29541e-21
7.07531e-21
6.86019e-21
6.64998e-21
6.44463e-21
6.24405e-21
6.0482e-21
5.857e-21
5.67039e-21
5.4883e-21
5.31067e-21
5.13742e-21
4.9685e-21
4.80383e-21
4.64336e-21
4.48703e-21
4.33477e-21
4.18652e-21
4.04222e-21
3.90181e-21
3.76521e-21
3.63236e-21
3.5032e-21
3.37765e-21
3.25567e-21
3.13718e-21
3.02213e-21
2.91046e-21
2.80212e-21
2.69703e-21
2.59515e-21
2.4964e-21
2.40073e-21
2.30807e-21
2.21836e-21
2.13153e-21
2.04752e-21
1.96627e-21
1.88771e-21
1.81177e-21
1.73841e-21
1.66755e-21
1.59912e-21
1.53308e-21
1.46935e-21
1.40788e-21
1.3486e-21
1.29146e-21
1.2364e-21
1.18335e-21
1.13226e-21
1.08308e-21
1.03575e-21
9.90216e-22
9.46418e-22
9.04308e-22
8.63833e-22
8.24942e-22
7.87585e-22
7.51713e-22
7.17278e-22
6.84232e-22
6.5253e-22
6.22126e-22
5.92977e-22
5.65039e-22
5.38271e-22
5.12631e-22
4.8808e-22
4.64579e-22
4.4209e-22
4.20575e-22
4e-22
3.80329e-22
3.61527e-22
3.43563e-22
3.26405e-22
3.1002e-22
2.94379e-22
2.79453e-22
2.65213e-22
2.51632e-22
2.38683e-22
2.26341e-22
2.14581e-22
2.03378e-22
1.9271e-22
1.82554e-22
1.72888e-22
1.63691e-22
1.54943e-22
1.46625e-22
1.38718e-22
1.31204e-22
1.24064e-22
1.17284e-22
1.10846e-22
1.04734e-22
9.8935e-23
9.34333e-23
8.82155e-23
8.32682e-23
7.85789e-23
7.41353e-23
6.99257e-23
6.5939e-23
6.21644e-23
5.85916e-23
5.52107e-23
5.20123e-23
4.89875e-23
4.61275e-23
4.34242e-23
4.08696e-23
3.84562e-23
3.61768e-23
3.40246e-23
3.1993e-23
3.00757e-23
2.82669e-23
2.65607e-23
2.49519e-23
2.34352e-23
2.20058e-23
2.06589e-23
1.93902e-23
1.81954e-23
1.70704e-23
1.60116e-23
1.50151e-23
1.40776e-23
1.31959e-23
1.23667e-23
1.15872e-23
1.08546e-23
1.01662e-23
9.51945e-24
8.91204e-24
8.3417e-24
7.80628e-24
7.30376e-24
6.83224e-24
6.38991e-24
5.97504e-24
5.58603e-24
5.22135e-24
4.87954e-24
4.55925e-24
4.25919e-24
3.97814e-24
3.71495e-24
3.46855e-24
3.23791e-24
3.02206e-24
2.8201e-24
2.63119e-24
2.4545e-24
2.28929e-24
2.13483e-24
1.99046e-24
1.85555e-24
1.7295e-24
1.61175e-24
1.50177e-24
1.39908e-24
1.30321e-24
1.21372e-24
1.1302e-24
1.05227e-24
9.79568e-25
9.11754e-25
8.48512e-25
7.89544e-25
7.3457e-25
6.83329e-25
6.35574e-25
5.91076e-25
5.4962e-25
5.11004e-25
4.7504e-25
4.4155e-25
4.1037e-25
3.81345e-25
3.54329e-25
3.29187e-25
3.05793e-25
2.84028e-25
2.63782e-25
2.44951e-25
2.2744e-25
2.11157e-25
1.9602e-25
1.81948e-25
1.68869e-25
1.56714e-25
1.45419e-25
1.34925e-25
1.25176e-25
1.16121e-25
1.0771e-25
9.99e-26
9.26477e-26
8.59143e-26
7.96633e-26
7.38608e-26
6.84752e-26
6.34771e-26
5.88391e-26
5.45358e-26
5.05432e-26
4.68394e-26
4.34037e-26
4.02171e-26
3.72617e-26
3.45211e-26
3.19798e-26
2.96236e-26
2.74392e-26
2.54142e-26
2.35371e-26
2.17973e-26
2.01848e-26
1.86904e-26
1.73056e-26
1.60225e-26
1.48337e-26
1.37322e-26
1.27118e-26
1.17667e-26
1.08911e-26
1.00802e-26
9.32922e-27
8.63368e-27
7.98959e-27
7.39316e-27
6.8409e-27
6.32958e-27
5.85619e-27
5.41794e-27
5.01224e-27
4.6367e-27
4.2891e-27
3.96736e-27
3.66958e-27
3.394e-27
3.13896e-27
2.90295e-27
2.68456e-27
2.48248e-27
2.29551e-27
2.12253e-27
1.9625e-27
1.81445e-27
1.67749e-27
1.55081e-27
1.43362e-27
1.32523e-27
1.22498e-27
1.13226e-27
1.04651e-27
9.67213e-28
8.93885e-28
8.26079e-28
7.63384e-28
7.05416e-28
6.51822e-28
6.02273e-28
5.56465e-28
5.14119e-28
4.74974e-28
4.38791e-28
4.05347e-28
3.74435e-28
3.45867e-28
3.19465e-28
2.95067e-28
2.72522e-28
2.5169e-28
2.32442e-28
2.14658e-28
1.98228e-28
1.83049e-28
1.69027e-28
1.56075e-28
1.44111e-28
1.33062e-28
1.22857e-28
1.13433e-28
1.0473e-28
9.66951e-29
8.92764e-29
8.24275e-29
7.6105e-29
7.02689e-29
6.48823e-29
5.99109e-29
5.53232e-29
5.10902e-29
4.71849e-29
4.35823e-29
4.02596e-29
3.71954e-29
3.43701e-29
3.17657e-29
2.93653e-29
2.71536e-29
2.51163e-29
2.32401e-29
2.15128e-29
1.9923e-29
1.84605e-29
1.71158e-29
1.58799e-29
1.4745e-29
1.37032e-29
1.27479e-29
1.18737e-29
1.10757e-29
1.03485e-29
9.68736e-30
9.0881e-30
8.54652e-30
8.05959e-30
7.62414e-30
7.23692e-30
6.89495e-30
6.59554e-30
6.33625e-30
6.1149e-30
5.92954e-30
5.77843e-30
5.66004e-30
5.57304e-30
5.51628e-30
5.48877e-30
5.48971e-30
5.51843e-30
5.57443e-30
5.65735e-30
5.76697e-30
5.90321e-30
6.06611e-30
6.25586e-30
6.47276e-30
6.71725e-30
6.9899e-30
