5
2e+18
2e+18
49.9994
4.99977
13262.1
7.67172e-20
7.67135e-20
7.66886e-20
7.66491e-20
7.65945e-20
7.65248e-20
7.644e-20
7.63401e-20
7.62252e-20
7.60953e-20
7.59505e-20
7.5791e-20
7.56167e-20
7.54277e-20
7.52243e-20
7.50065e-20
7.47745e-20
7.45283e-20
7.42682e-20
7.39943e-20
7.37066e-20
7.34055e-20
7.30911e-20
7.27635e-20
7.2423e-20
7.20697e-20
7.17039e-20
7.13257e-20
7.09354e-20
7.05332e-20
7.01194e-20
6.9694e-20
6.92575e-20
6.881e-20
6.83518e-20
6.78831e-20
6.74042e-20
6.69154e-20
6.64169e-20
6.59089e-20
6.53919e-20
6.4866e-20
6.43315e-20
6.37887e-20
6.32379e-20
6.26794e-20
6.21134e-20
6.15403e-20
6.09604e-20
6.03739e-20
5.97811e-20
5.91824e-20
5.8578e-20
5.79683e-20
5.73534e-20
5.67338e-20
5.61097e-20
5.54815e-20
5.48493e-20
5.42136e-20
5.35745e-20
5.29325e-20
5.22877e-20
5.16405e-20
5.09912e-20
5.034e-20
4.96872e-20
4.90332e-20
4.83781e-20
4.77222e-20
4.70659e-20
4.64093e-20
4.57528e-20
4.50967e-20
4.4441e-20
4.37862e-20
4.31325e-20
4.248e-20
4.18291e-20
4.11799e-20
4.05328e-20
3.98879e-20
3.92454e-20
3.86056e-20
3.79686e-20
3.73347e-20
3.67041e-20
3.6077e-20
3.54535e-20
3.48338e-20
3.42182e-20
3.36067e-20
3.29996e-20
3.2397e-20
3.17991e-20
3.1206e-20
3.06179e-20
3.00348e-20
2.9457e-20
2.88845e-20
2.83175e-20
2.77562e-20
2.72005e-20
2.66506e-20
2.61067e-20
2.55687e-20
2.50369e-20
2.45112e-20
2.39917e-20
2.34786e-20
2.29719e-20
2.24716e-20
2.19779e-20
2.14907e-20
2.10101e-20
2.05362e-20
2.00689e-20
1.96083e-20
1.91545e-20
1.87075e-20
1.82673e-20
1.78338e-20
1.74072e-20
1.69873e-20
1.65743e-20
1.61681e-20
1.57687e-20
1.53761e-20
1.49902e-20
1.46111e-20
1.42388e-20
1.38731e-20
1.35142e-20
1.31619e-20
1.28162e-20
1.2477e-20
1.21445e-20
1.18184e-20
1.14987e-20
1.11855e-20
1.08786e-20
1.0578e-20
1.02836e-20
9.99544e-21
9.71338e-21
9.43737e-21
9.16736e-21
8.90327e-21
8.64505e-21
8.39263e-21
8.14592e-21
7.90487e-21
7.6694e-21
7.43944e-21
7.2149e-21
6.99573e-21
6.78183e-21
6.57314e-21
6.36958e-21
6.17106e-21
5.97751e-21
5.78885e-21
5.605e-21
5.42588e-21
5.25141e-21
5.08151e-21
4.9161e-21
4.7551e-21
4.59842e-21
4.44599e-21
4.29774e-21
4.15357e-21
4.01341e-21
3.87718e-21
3.7448e-21
3.6162e-21
3.49129e-21
3.36999e-21
3.25224e-21
3.13796e-21
3.02706e-21
2.91947e-21
2.81513e-21
2.71395e-21
2.61587e-21
2.52081e-21
2.42871e-21
2.33948e-21
2.25306e-21
2.16939e-21
2.08839e-21
2.01e-21
1.93415e-21
1.86078e-21
1.78982e-21
1.72121e-21
1.65489e-21
1.59079e-21
1.52886e-21
1.46904e-21
1.41126e-21
1.35548e-21
1.30163e-21
1.24966e-21
1.19951e-21
1.15114e-21
1.10449e-21
1.05952e-21
1.01616e-21
9.74374e-22
9.34113e-22
8.9533e-22
8.57979e-22
8.22016e-22
7.87396e-22
7.54078e-22
7.2202e-22
6.91182e-22
6.61523e-22
6.33005e-22
6.05591e-22
5.79244e-22
5.53928e-22
5.29609e-22
5.06252e-22
4.83824e-22
4.62295e-22
4.41631e-22
4.21804e-22
4.02783e-22
3.84539e-22
3.67046e-22
3.50276e-22
3.34203e-22
3.18801e-22
3.04045e-22
2.89913e-22
2.7638e-22
2.63424e-22
2.51023e-22
2.39156e-22
2.27803e-22
2.16944e-22
2.06559e-22
1.96631e-22
1.87141e-22
1.78072e-22
1.69408e-22
1.61132e-22
1.53228e-22
1.45682e-22
1.38478e-22
1.31604e-22
1.25045e-22
1.18788e-22
1.12821e-22
1.07131e-22
1.01707e-22
9.65384e-23
9.1613e-23
8.6921e-23
8.24522e-23
7.8197e-23
7.41461e-23
7.02905e-23
6.66216e-23
6.31312e-23
5.98113e-23
5.66543e-23
5.36529e-23
5.08e-23
4.8089e-23
4.55132e-23
4.30665e-23
4.0743e-23
3.85369e-23
3.64428e-23
3.44553e-23
3.25696e-23
3.07808e-23
2.90843e-23
2.74756e-23
2.59506e-23
2.45052e-23
2.31356e-23
2.18381e-23
2.06092e-23
1.94454e-23
1.83436e-23
1.73007e-23
1.63138e-23
1.53801e-23
1.44968e-23
1.36615e-23
1.28717e-23
1.21251e-23
1.14195e-23
1.07528e-23
1.0123e-23
9.52814e-24
8.96642e-24
8.43612e-24
7.93558e-24
7.46324e-24
7.0176e-24
6.59725e-24
6.20084e-24
5.82707e-24
5.47474e-24
5.14269e-24
4.82981e-24
4.53506e-24
4.25746e-24
3.99605e-24
3.74994e-24
3.5183e-24
3.30031e-24
3.09522e-24
2.90229e-24
2.72086e-24
2.55027e-24
2.3899e-24
2.23917e-24
2.09754e-24
1.96449e-24
1.83951e-24
1.72215e-24
1.61197e-24
1.50854e-24
1.41147e-24
1.32039e-24
1.23495e-24
1.15481e-24
1.07967e-24
1.00922e-24
9.43189e-25
8.81308e-25
8.23329e-25
7.69017e-25
7.18151e-25
6.70522e-25
6.25932e-25
5.84197e-25
5.45141e-25
5.08601e-25
4.7442e-25
4.42453e-25
4.12562e-25
3.84619e-25
3.58501e-25
3.34094e-25
3.11291e-25
2.89991e-25
2.70097e-25
2.51522e-25
2.34181e-25
2.17996e-25
2.02892e-25
1.88799e-25
1.75653e-25
1.63393e-25
1.51961e-25
1.41303e-25
1.31368e-25
1.2211e-25
1.13484e-25
1.05448e-25
9.79637e-26
9.09941e-26
8.45053e-26
7.84651e-26
7.28436e-26
6.76129e-26
6.27466e-26
5.82202e-26
5.40108e-26
5.00969e-26
4.64585e-26
4.30767e-26
3.99341e-26
3.70143e-26
3.4302e-26
3.17829e-26
2.94437e-26
2.72719e-26
2.5256e-26
2.3385e-26
2.16489e-26
2.00383e-26
1.85443e-26
1.71588e-26
1.58741e-26
1.46831e-26
1.35792e-26
1.25561e-26
1.16082e-26
1.07301e-26
9.9167e-27
9.16347e-27
8.46605e-27
7.82042e-27
7.22285e-27
6.66986e-27
6.15821e-27
5.6849e-27
5.24714e-27
4.84232e-27
4.46804e-27
4.12205e-27
3.80227e-27
3.50678e-27
3.23376e-27
2.98157e-27
2.74866e-27
2.53359e-27
2.33503e-27
2.15174e-27
1.9826e-27
1.82653e-27
1.68255e-27
1.54975e-27
1.42728e-27
1.31437e-27
1.2103e-27
1.11438e-27
1.026e-27
9.44589e-28
8.69609e-28
8.00571e-28
7.37019e-28
6.78532e-28
6.24721e-28
5.75226e-28
5.29715e-28
4.8788e-28
4.49437e-28
4.14123e-28
3.81697e-28
3.51934e-28
3.2463e-28
2.99592e-28
2.76647e-28
2.5563e-28
2.36394e-28
2.18801e-28
2.02724e-28
1.88045e-28
1.74658e-28
1.62463e-28
1.51369e-28
1.41292e-28
1.32155e-28
1.23889e-28
1.16427e-28
1.0971e-28
1.03684e-28
9.82996e-29
9.351e-29
8.92739e-29
8.55531e-29
8.23129e-29
7.95216e-29
7.71503e-29
7.51718e-29
7.35626e-29
7.23013e-29
7.13687e-29
7.07475e-29
7.04222e-29
7.0378e-29
7.0604e-29
7.10929e-29
7.18397e-29
7.28354e-29
7.40732e-29
7.55489e-29
7.72566e-29
7.91955e-29
8.13635e-29
8.37573e-29
8.63748e-29
8.92144e-29
9.22756e-29
9.55585e-29
9.90641e-29
1.02794e-28
1.0675e-28
1.10936e-28
1.15355e-28
1.20012e-28
1.2491e-28
1.30055e-28
1.35453e-28
1.4111e-28
1.47034e-28
1.53231e-28
1.59708e-28
1.66476e-28
1.73541e-28
1.80914e-28
1.88605e-28
