5
2e+17
1e+17
49.9997
4.99998
13262.1
7.68805e-20
7.6877e-20
7.68525e-20
7.68133e-20
7.6759e-20
7.66895e-20
7.66048e-20
7.6505e-20
7.639e-20
7.626e-20
7.61151e-20
7.59553e-20
7.57806e-20
7.55913e-20
7.53875e-20
7.51691e-20
7.49365e-20
7.46896e-20
7.44287e-20
7.4154e-20
7.38655e-20
7.35634e-20
7.32479e-20
7.29193e-20
7.25776e-20
7.22231e-20
7.1856e-20
7.14765e-20
7.10848e-20
7.06811e-20
7.02657e-20
6.98388e-20
6.94007e-20
6.89515e-20
6.84916e-20
6.80211e-20
6.75404e-20
6.70497e-20
6.65493e-20
6.60395e-20
6.55204e-20
6.49925e-20
6.4456e-20
6.39111e-20
6.33582e-20
6.27975e-20
6.22294e-20
6.16541e-20
6.10719e-20
6.04832e-20
5.98882e-20
5.92871e-20
5.86805e-20
5.80684e-20
5.74512e-20
5.68293e-20
5.62028e-20
5.55722e-20
5.49377e-20
5.42996e-20
5.36582e-20
5.30137e-20
5.23666e-20
5.17171e-20
5.10654e-20
5.04118e-20
4.97567e-20
4.91003e-20
4.84429e-20
4.77847e-20
4.71261e-20
4.64672e-20
4.58085e-20
4.51501e-20
4.44922e-20
4.38352e-20
4.31792e-20
4.25246e-20
4.18716e-20
4.12203e-20
4.05711e-20
3.99241e-20
3.92796e-20
3.86378e-20
3.79989e-20
3.73631e-20
3.67306e-20
3.61016e-20
3.54763e-20
3.48549e-20
3.42375e-20
3.36243e-20
3.30155e-20
3.24113e-20
3.18117e-20
3.12171e-20
3.06274e-20
3.00429e-20
2.94636e-20
2.88897e-20
2.83214e-20
2.77587e-20
2.72017e-20
2.66506e-20
2.61054e-20
2.55663e-20
2.50333e-20
2.45066e-20
2.39861e-20
2.3472e-20
2.29643e-20
2.24631e-20
2.19685e-20
2.14804e-20
2.09991e-20
2.05243e-20
2.00564e-20
1.95951e-20
1.91407e-20
1.8693e-20
1.82522e-20
1.78182e-20
1.73911e-20
1.69707e-20
1.65573e-20
1.61507e-20
1.57509e-20
1.53579e-20
1.49718e-20
1.45924e-20
1.42198e-20
1.3854e-20
1.34948e-20
1.31424e-20
1.27965e-20
1.24573e-20
1.21247e-20
1.17985e-20
1.14789e-20
1.11656e-20
1.08588e-20
1.05582e-20
1.02639e-20
9.97586e-21
9.69391e-21
9.41805e-21
9.14819e-21
8.88429e-21
8.62627e-21
8.37405e-21
8.12758e-21
7.88678e-21
7.65157e-21
7.42188e-21
7.19764e-21
6.97877e-21
6.7652e-21
6.55683e-21
6.35361e-21
6.15544e-21
5.96225e-21
5.77396e-21
5.59049e-21
5.41176e-21
5.23768e-21
5.06817e-21
4.90316e-21
4.74257e-21
4.5863e-21
4.43429e-21
4.28644e-21
4.14269e-21
4.00295e-21
3.86713e-21
3.73517e-21
3.60698e-21
3.48248e-21
3.3616e-21
3.24425e-21
3.13036e-21
3.01986e-21
2.91267e-21
2.80871e-21
2.70792e-21
2.61021e-21
2.51551e-21
2.42376e-21
2.33488e-21
2.2488e-21
2.16546e-21
2.08478e-21
2.0067e-21
1.93116e-21
1.85808e-21
1.7874e-21
1.71906e-21
1.653e-21
1.58916e-21
1.52747e-21
1.46788e-21
1.41033e-21
1.35476e-21
1.30111e-21
1.24934e-21
1.19938e-21
1.15118e-21
1.1047e-21
1.05988e-21
1.01668e-21
9.75033e-22
9.34905e-22
8.96247e-22
8.59014e-22
8.2316e-22
7.88643e-22
7.5542e-22
7.2345e-22
6.92693e-22
6.63109e-22
6.34659e-22
6.07308e-22
5.81017e-22
5.55752e-22
5.31478e-22
5.08161e-22
4.85769e-22
4.64269e-22
4.43632e-22
4.23826e-22
4.04822e-22
3.86592e-22
3.69109e-22
3.52344e-22
3.36274e-22
3.20871e-22
3.06112e-22
2.91973e-22
2.78431e-22
2.65463e-22
2.53048e-22
2.41165e-22
2.29794e-22
2.18915e-22
2.08509e-22
1.98557e-22
1.89042e-22
1.79947e-22
1.71255e-22
1.6295e-22
1.55017e-22
1.4744e-22
1.40206e-22
1.33299e-22
1.26707e-22
1.20418e-22
1.14417e-22
1.08693e-22
1.03236e-22
9.8032e-23
9.30722e-23
8.83456e-23
8.38422e-23
7.95525e-23
7.54671e-23
7.15772e-23
6.78743e-23
6.435e-23
6.09966e-23
5.78064e-23
5.47721e-23
5.18867e-23
4.91435e-23
4.65361e-23
4.40582e-23
4.1704e-23
3.94677e-23
3.73439e-23
3.53274e-23
3.34131e-23
3.15963e-23
2.98723e-23
2.82368e-23
2.66855e-23
2.52145e-23
2.38199e-23
2.24979e-23
2.12451e-23
2.0058e-23
1.89336e-23
1.78687e-23
1.68603e-23
1.59057e-23
1.50022e-23
1.41472e-23
1.33383e-23
1.25732e-23
1.18496e-23
1.11655e-23
1.05188e-23
9.90758e-24
9.33007e-24
8.78449e-24
8.26918e-24
7.78258e-24
7.32317e-24
6.88953e-24
6.48029e-24
6.09417e-24
5.72992e-24
5.3864e-24
5.06247e-24
4.75709e-24
4.46926e-24
4.19802e-24
3.94247e-24
3.70175e-24
3.47505e-24
3.26159e-24
3.06065e-24
2.87152e-24
2.69356e-24
2.52612e-24
2.36864e-24
2.22053e-24
2.08128e-24
1.95039e-24
1.82736e-24
1.71176e-24
1.60317e-24
1.50116e-24
1.40538e-24
1.31544e-24
1.23102e-24
1.1518e-24
1.07746e-24
1.00772e-24
9.42317e-25
8.80983e-25
8.2348e-25
7.6958e-25
7.19067e-25
6.71738e-25
6.27402e-25
5.85878e-25
5.46995e-25
5.10593e-25
4.7652e-25
4.44634e-25
4.148e-25
3.86893e-25
3.60792e-25
3.36387e-25
3.13571e-25
2.92245e-25
2.72317e-25
2.53698e-25
2.36305e-25
2.20062e-25
2.04895e-25
1.90736e-25
1.77521e-25
1.65189e-25
1.53684e-25
1.42952e-25
1.32944e-25
1.23611e-25
1.14912e-25
1.06804e-25
9.92482e-26
9.22091e-26
8.56524e-26
7.95463e-26
7.38611e-26
6.85688e-26
6.36431e-26
5.90598e-26
5.47957e-26
5.08295e-26
4.71412e-26
4.37119e-26
4.05241e-26
3.75615e-26
3.48085e-26
3.22511e-26
2.98756e-26
2.76697e-26
2.56216e-26
2.37205e-26
2.19561e-26
2.0319e-26
1.88002e-26
1.73916e-26
1.60853e-26
1.48742e-26
1.37516e-26
1.27112e-26
1.17473e-26
1.08543e-26
1.00272e-26
9.26127e-27
8.5522e-27
7.89586e-27
7.28846e-27
6.72646e-27
6.20657e-27
5.72574e-27
5.28112e-27
4.87007e-27
4.49013e-27
4.13901e-27
3.8146e-27
3.51493e-27
3.23816e-27
2.98259e-27
2.74665e-27
2.52888e-27
2.32792e-27
2.14251e-27
1.97147e-27
1.81373e-27
1.66829e-27
1.5342e-27
1.41061e-27
1.29673e-27
1.1918e-27
1.09515e-27
1.00614e-27
9.24176e-28
8.48726e-28
7.79282e-28
7.15379e-28
6.56587e-28
6.02508e-28
5.52774e-28
5.07046e-28
4.65009e-28
4.26374e-28
3.90871e-28
3.58255e-28
3.28296e-28
3.00783e-28
2.75522e-28
2.52333e-28
2.31051e-28
2.11523e-28
1.93608e-28
1.77176e-28
1.62108e-28
1.48293e-28
1.3563e-28
1.24025e-28
1.13392e-28
1.03652e-28
9.47323e-29
8.65651e-29
7.90889e-29
7.2247e-29
6.59872e-29
6.02614e-29
5.50256e-29
5.02392e-29
4.58652e-29
4.18693e-29
3.82203e-29
3.48894e-29
3.18503e-29
2.90789e-29
2.65531e-29
2.42527e-29
2.21591e-29
2.02555e-29
1.85266e-29
1.69585e-29
1.55382e-29
1.42542e-29
1.30959e-29
1.20538e-29
1.11192e-29
1.02843e-29
9.54227e-30
8.88664e-30
8.31186e-30
7.81297e-30
7.38561e-30
7.02599e-30
6.73085e-30
6.49742e-30
6.32341e-30
6.20697e-30
6.1467e-30
6.14158e-30
6.19099e-30
6.29469e-30
6.45281e-30
6.66584e-30
6.93459e-30
7.26023e-30
7.64426e-30
8.08852e-30
8.59516e-30
9.16668e-30
