10
1e+16
1e+19
49.9998
10.0001
18755.4
3.66882e-20
3.65815e-20
3.62736e-20
3.5952e-20
3.5627e-20
3.53013e-20
3.49756e-20
3.46505e-20
3.4326e-20
3.40022e-20
3.36792e-20
3.33571e-20
3.30369e-20
3.27184e-20
3.24013e-20
3.20856e-20
3.1771e-20
3.14574e-20
3.11447e-20
3.08328e-20
3.05217e-20
3.0212e-20
2.99036e-20
2.95963e-20
2.929e-20
2.89847e-20
2.86807e-20
2.83781e-20
2.80766e-20
2.77761e-20
2.74766e-20
2.71784e-20
2.68814e-20
2.65856e-20
2.62908e-20
2.59973e-20
2.5705e-20
2.54139e-20
2.51238e-20
2.4835e-20
2.45474e-20
2.4261e-20
2.3976e-20
2.36922e-20
2.34097e-20
2.31285e-20
2.28487e-20
2.25701e-20
2.22929e-20
2.20171e-20
2.17425e-20
2.14693e-20
2.11976e-20
2.09271e-20
2.0658e-20
2.03903e-20
2.01241e-20
1.98594e-20
1.9596e-20
1.93342e-20
1.90738e-20
1.88149e-20
1.85575e-20
1.83017e-20
1.80475e-20
1.77947e-20
1.75436e-20
1.72939e-20
1.70458e-20
1.67993e-20
1.65544e-20
1.63112e-20
1.60696e-20
1.58296e-20
1.55912e-20
1.53546e-20
1.51196e-20
1.48863e-20
1.46546e-20
1.44247e-20
1.41964e-20
1.39699e-20
1.3745e-20
1.35219e-20
1.33004e-20
1.30808e-20
1.28628e-20
1.26467e-20
1.24323e-20
1.22196e-20
1.20087e-20
1.17995e-20
1.15921e-20
1.13865e-20
1.11826e-20
1.09805e-20
1.07801e-20
1.05816e-20
1.03847e-20
1.01897e-20
9.99637e-21
9.80479e-21
9.61499e-21
9.42691e-21
9.24058e-21
9.05601e-21
8.87316e-21
8.69205e-21
8.51262e-21
8.3349e-21
8.15893e-21
7.98469e-21
7.81221e-21
7.64152e-21
7.47259e-21
7.30544e-21
7.14011e-21
6.97658e-21
6.81487e-21
6.65503e-21
6.49706e-21
6.34103e-21
6.18697e-21
6.03496e-21
5.88497e-21
5.73706e-21
5.59125e-21
5.44755e-21
5.30604e-21
5.16678e-21
5.02984e-21
4.89522e-21
4.76298e-21
4.63315e-21
4.50573e-21
4.38073e-21
4.25819e-21
4.13811e-21
4.02048e-21
3.90531e-21
3.79258e-21
3.68231e-21
3.57445e-21
3.46902e-21
3.36598e-21
3.26533e-21
3.16704e-21
3.07108e-21
2.97743e-21
2.88608e-21
2.79697e-21
2.71009e-21
2.62541e-21
2.54291e-21
2.46253e-21
2.38425e-21
2.30804e-21
2.23387e-21
2.1617e-21
2.0915e-21
2.02322e-21
1.95684e-21
1.89231e-21
1.82961e-21
1.76868e-21
1.70951e-21
1.65204e-21
1.59626e-21
1.54211e-21
1.48956e-21
1.43858e-21
1.38913e-21
1.34118e-21
1.29469e-21
1.24963e-21
1.20595e-21
1.16363e-21
1.12264e-21
1.08294e-21
1.04449e-21
1.00727e-21
9.71235e-22
9.36367e-22
9.02632e-22
8.69995e-22
8.38427e-22
8.07899e-22
7.78383e-22
7.49852e-22
7.22278e-22
6.95631e-22
6.69883e-22
6.4501e-22
6.20987e-22
5.97789e-22
5.75392e-22
5.53768e-22
5.32896e-22
5.12752e-22
4.93315e-22
4.74563e-22
4.56475e-22
4.39028e-22
4.22202e-22
4.05977e-22
3.90335e-22
3.75258e-22
3.60727e-22
3.46725e-22
3.33232e-22
3.20233e-22
3.0771e-22
2.95649e-22
2.84034e-22
2.7285e-22
2.62083e-22
2.51717e-22
2.41739e-22
2.32135e-22
2.22893e-22
2.14e-22
2.05445e-22
1.97216e-22
1.89301e-22
1.81688e-22
1.74367e-22
1.67327e-22
1.60558e-22
1.54051e-22
1.47797e-22
1.41785e-22
1.36009e-22
1.30458e-22
1.25124e-22
1.19998e-22
1.15075e-22
1.10346e-22
1.05803e-22
1.01441e-22
9.72528e-23
9.32306e-23
8.93684e-23
8.56605e-23
8.21009e-23
7.86842e-23
7.54049e-23
7.22578e-23
6.9238e-23
6.63405e-23
6.35602e-23
6.08927e-23
5.83335e-23
5.58786e-23
5.35238e-23
5.12654e-23
4.90996e-23
4.70228e-23
4.50315e-23
4.31223e-23
4.12918e-23
3.95368e-23
3.78544e-23
3.62417e-23
3.46959e-23
3.32144e-23
3.17946e-23
3.04341e-23
2.91305e-23
2.78815e-23
2.66848e-23
2.55382e-23
2.44397e-23
2.33874e-23
2.23793e-23
2.14138e-23
2.04891e-23
1.96035e-23
1.87554e-23
1.79433e-23
1.71658e-23
1.64212e-23
1.57083e-23
1.50257e-23
1.43722e-23
1.37465e-23
1.31477e-23
1.25744e-23
1.20257e-23
1.15005e-23
1.0998e-23
1.0517e-23
1.00568e-23
9.61636e-24
9.19489e-24
8.79157e-24
8.40567e-24
8.03643e-24
7.68317e-24
7.34521e-24
7.0219e-24
6.71263e-24
6.41681e-24
6.13386e-24
5.86324e-24
5.60438e-24
5.35679e-24
5.11998e-24
4.89349e-24
4.67689e-24
4.46975e-24
4.27167e-24
4.08226e-24
3.90115e-24
3.72799e-24
3.56244e-24
3.40416e-24
3.25285e-24
3.1082e-24
2.9699e-24
2.83769e-24
2.7113e-24
2.59047e-24
2.47497e-24
2.36456e-24
2.25903e-24
2.15816e-24
2.06176e-24
1.96962e-24
1.88156e-24
1.79742e-24
1.717e-24
1.64016e-24
1.56673e-24
1.49656e-24
1.42951e-24
1.36543e-24
1.30419e-24
1.24568e-24
1.18977e-24
1.13635e-24
1.08532e-24
1.03655e-24
9.89964e-25
9.45457e-25
9.02938e-25
8.6232e-25
8.23519e-25
7.86456e-25
7.51053e-25
7.17232e-25
6.84922e-25
6.54058e-25
6.24574e-25
5.96411e-25
5.69509e-25
5.43813e-25
5.1927e-25
4.95828e-25
4.73439e-25
4.52055e-25
4.31633e-25
4.1213e-25
3.93504e-25
3.75717e-25
3.58731e-25
3.42511e-25
3.2702e-25
3.12226e-25
2.98098e-25
2.84605e-25
2.71719e-25
2.59414e-25
2.47664e-25
2.36444e-25
2.25729e-25
2.15498e-25
2.05729e-25
1.96402e-25
1.87496e-25
1.78992e-25
1.70873e-25
1.63122e-25
1.55721e-25
1.48656e-25
1.41911e-25
1.35471e-25
1.29321e-25
1.2345e-25
1.17844e-25
1.12492e-25
1.07382e-25
1.02503e-25
9.78457e-26
9.3399e-26
8.91538e-26
8.51011e-26
8.12321e-26
7.75387e-26
7.4013e-26
7.06473e-26
6.74345e-26
6.43676e-26
6.14402e-26
5.86458e-26
5.59786e-26
5.34328e-26
5.10029e-26
4.86832e-26
4.64689e-26
4.43551e-26
4.23373e-26
4.04113e-26
3.85727e-26
3.68178e-26
3.51427e-26
3.35438e-26
3.20177e-26
3.0561e-26
2.91707e-26
2.78438e-26
2.65773e-26
2.53686e-26
2.42151e-26
2.31141e-26
2.20635e-26
2.10609e-26
2.01041e-26
1.9191e-26
1.83197e-26
1.74884e-26
1.66949e-26
1.59378e-26
1.52152e-26
1.45257e-26
1.38677e-26
1.32399e-26
1.26408e-26
1.20692e-26
1.15239e-26
1.10036e-26
1.05073e-26
1.00338e-26
9.58215e-27
9.15135e-27
8.74047e-27
8.34862e-27
7.97495e-27
7.61864e-27
7.27892e-27
6.95506e-27
6.64635e-27
6.35213e-27
6.07174e-27
5.80459e-27
5.55009e-27
5.30769e-27
5.07686e-27
4.85706e-27
4.64781e-27
4.44866e-27
4.25918e-27
4.07896e-27
3.9076e-27
3.74474e-27
3.59002e-27
3.44311e-27
3.30369e-27
3.17146e-27
3.04614e-27
2.92745e-27
2.81513e-27
2.70895e-27
2.60867e-27
2.51408e-27
2.42498e-27
2.34117e-27
2.26248e-27
2.18872e-27
2.11976e-27
2.05544e-27
1.99561e-27
1.94016e-27
1.88897e-27
1.84193e-27
1.79894e-27
1.75989e-27
1.72478e-27
1.69363e-27
1.66641e-27
1.64306e-27
1.62359e-27
1.60796e-27
1.59611e-27
1.58801e-27
1.5836e-27
1.58288e-27
1.58583e-27
1.59243e-27
1.60269e-27
1.61661e-27
1.63422e-27
