10
1e+17
5e+17
50
9.9996
18755.4
2.85488e-20
2.85392e-20
2.85063e-20
2.84672e-20
2.84224e-20
2.83721e-20
2.83165e-20
2.82556e-20
2.81894e-20
2.8118e-20
2.80414e-20
2.79596e-20
2.78729e-20
2.77811e-20
2.76845e-20
2.75829e-20
2.74765e-20
2.73652e-20
2.72493e-20
2.71286e-20
2.70032e-20
2.68734e-20
2.67391e-20
2.66004e-20
2.64574e-20
2.63101e-20
2.61587e-20
2.60032e-20
2.58438e-20
2.56804e-20
2.55131e-20
2.53422e-20
2.51676e-20
2.49894e-20
2.48078e-20
2.46228e-20
2.44346e-20
2.42431e-20
2.40486e-20
2.38511e-20
2.36507e-20
2.34475e-20
2.32417e-20
2.30333e-20
2.28224e-20
2.26091e-20
2.23936e-20
2.21759e-20
2.19561e-20
2.17344e-20
2.15108e-20
2.12854e-20
2.10584e-20
2.08299e-20
2.05999e-20
2.03685e-20
2.01359e-20
1.99022e-20
1.96674e-20
1.94317e-20
1.91952e-20
1.89579e-20
1.872e-20
1.84815e-20
1.82426e-20
1.80033e-20
1.77638e-20
1.7524e-20
1.72843e-20
1.70445e-20
1.68048e-20
1.65654e-20
1.63262e-20
1.60873e-20
1.5849e-20
1.56111e-20
1.53739e-20
1.51373e-20
1.49015e-20
1.46666e-20
1.44325e-20
1.41995e-20
1.39675e-20
1.37366e-20
1.35069e-20
1.32785e-20
1.30514e-20
1.28256e-20
1.26013e-20
1.23786e-20
1.21573e-20
1.19377e-20
1.17197e-20
1.15034e-20
1.12889e-20
1.10762e-20
1.08653e-20
1.06564e-20
1.04493e-20
1.02442e-20
1.00411e-20
9.84009e-21
9.64112e-21
9.44424e-21
9.24949e-21
9.0569e-21
8.86649e-21
8.67829e-21
8.49232e-21
8.30858e-21
8.12713e-21
7.94795e-21
7.77109e-21
7.59655e-21
7.42435e-21
7.2545e-21
7.08701e-21
6.92189e-21
6.75915e-21
6.59881e-21
6.44087e-21
6.28534e-21
6.13223e-21
5.98154e-21
5.83329e-21
5.68747e-21
5.54408e-21
5.40312e-21
5.2646e-21
5.12852e-21
4.99489e-21
4.8637e-21
4.73494e-21
4.60861e-21
4.48471e-21
4.36321e-21
4.24412e-21
4.12742e-21
4.0131e-21
3.90113e-21
3.79151e-21
3.68421e-21
3.57921e-21
3.4765e-21
3.37606e-21
3.27785e-21
3.18186e-21
3.08806e-21
2.99643e-21
2.90694e-21
2.81956e-21
2.73427e-21
2.65104e-21
2.56984e-21
2.49064e-21
2.41342e-21
2.33813e-21
2.26476e-21
2.19327e-21
2.12363e-21
2.05581e-21
1.98979e-21
1.92552e-21
1.86297e-21
1.80212e-21
1.74294e-21
1.68539e-21
1.62943e-21
1.57505e-21
1.5222e-21
1.47086e-21
1.421e-21
1.37258e-21
1.32557e-21
1.27995e-21
1.23568e-21
1.19273e-21
1.15107e-21
1.11067e-21
1.0715e-21
1.03354e-21
9.96756e-22
9.61116e-22
9.26594e-22
8.93162e-22
8.60792e-22
8.29458e-22
7.99133e-22
7.69791e-22
7.41406e-22
7.13953e-22
6.87405e-22
6.61739e-22
6.36931e-22
6.12957e-22
5.89794e-22
5.67417e-22
5.45805e-22
5.24936e-22
5.04789e-22
4.85341e-22
4.66574e-22
4.48465e-22
4.30996e-22
4.14146e-22
3.97897e-22
3.82231e-22
3.67129e-22
3.52574e-22
3.38548e-22
3.25035e-22
3.12018e-22
2.99481e-22
2.87409e-22
2.75786e-22
2.64598e-22
2.5383e-22
2.43468e-22
2.33498e-22
2.23907e-22
2.14683e-22
2.05813e-22
1.97285e-22
1.89086e-22
1.81206e-22
1.73632e-22
1.66355e-22
1.59364e-22
1.52648e-22
1.46198e-22
1.40004e-22
1.34057e-22
1.28348e-22
1.22868e-22
1.17608e-22
1.12561e-22
1.07719e-22
1.03074e-22
9.86183e-23
9.43452e-23
9.02476e-23
8.63187e-23
8.25521e-23
7.89417e-23
7.54814e-23
7.21654e-23
6.89882e-23
6.59444e-23
6.30288e-23
6.0236e-23
5.75614e-23
5.50002e-23
5.25479e-23
5.02003e-23
4.7953e-23
4.58022e-23
4.37439e-23
4.17743e-23
3.98899e-23
3.80871e-23
3.63626e-23
3.4713e-23
3.31355e-23
3.16269e-23
3.01844e-23
2.88054e-23
2.74871e-23
2.6227e-23
2.50227e-23
2.38717e-23
2.27719e-23
2.17209e-23
2.07169e-23
1.97577e-23
1.88414e-23
1.79663e-23
1.71306e-23
1.63325e-23
1.55705e-23
1.4843e-23
1.41484e-23
1.34853e-23
1.28524e-23
1.22483e-23
1.16717e-23
1.11215e-23
1.05966e-23
1.00957e-23
9.61784e-24
9.162e-24
8.7272e-24
8.3125e-24
7.91697e-24
7.53975e-24
7.18004e-24
6.83703e-24
6.51e-24
6.19821e-24
5.90098e-24
5.61766e-24
5.34761e-24
5.09023e-24
4.84495e-24
4.61122e-24
4.38849e-24
4.17626e-24
3.97404e-24
3.78139e-24
3.59786e-24
3.42303e-24
3.2565e-24
3.0979e-24
2.94684e-24
2.80299e-24
2.66602e-24
2.53559e-24
2.41141e-24
2.29318e-24
2.18062e-24
2.07347e-24
1.97147e-24
1.87437e-24
1.78196e-24
1.69401e-24
1.6103e-24
1.53065e-24
1.45485e-24
1.38273e-24
1.31412e-24
1.24884e-24
1.18674e-24
1.12766e-24
1.07147e-24
1.01803e-24
9.67189e-25
9.18839e-25
8.72856e-25
8.29127e-25
7.87544e-25
7.48005e-25
7.10412e-25
6.7467e-25
6.40691e-25
6.08389e-25
5.77685e-25
5.485e-25
5.20761e-25
4.94399e-25
4.69346e-25
4.45536e-25
4.2291e-25
4.0141e-25
3.8098e-25
3.6157e-25
3.43128e-25
3.25608e-25
3.08965e-25
2.93155e-25
2.78139e-25
2.63876e-25
2.50331e-25
2.37467e-25
2.25251e-25
2.13652e-25
2.02639e-25
1.92182e-25
1.82254e-25
1.72828e-25
1.6388e-25
1.55385e-25
1.47321e-25
1.39668e-25
1.32403e-25
1.25509e-25
1.18967e-25
1.12758e-25
1.06867e-25
1.01277e-25
9.59743e-26
9.09432e-26
8.61705e-26
8.16432e-26
7.7349e-26
7.32762e-26
6.94136e-26
6.57502e-26
6.22761e-26
5.89815e-26
5.58576e-26
5.28955e-26
5.00872e-26
4.74247e-26
4.49008e-26
4.25083e-26
4.02406e-26
3.80913e-26
3.60543e-26
3.4124e-26
3.22948e-26
3.05616e-26
2.89195e-26
2.73638e-26
2.589e-26
2.44939e-26
2.31716e-26
2.19192e-26
2.07331e-26
1.96098e-26
1.8546e-26
1.75387e-26
1.6585e-26
1.56819e-26
1.4827e-26
1.40177e-26
1.32516e-26
1.25265e-26
1.18403e-26
1.11909e-26
1.05763e-26
9.99483e-27
9.44467e-27
8.92418e-27
8.43181e-27
7.96608e-27
7.52558e-27
7.10899e-27
6.71504e-27
6.34252e-27
5.99032e-27
5.65734e-27
5.34255e-27
5.04498e-27
4.7637e-27
4.49786e-27
4.24662e-27
4.00923e-27
3.78492e-27
3.57301e-27
3.37283e-27
3.18376e-27
3.00519e-27
2.83657e-27
2.67736e-27
2.52706e-27
2.38519e-27
2.25129e-27
2.12494e-27
2.00573e-27
1.89328e-27
1.78723e-27
1.68722e-27
1.59294e-27
1.50408e-27
1.42034e-27
1.34146e-27
1.26717e-27
1.19722e-27
1.13139e-27
1.06945e-27
1.01119e-27
9.56415e-28
9.04951e-28
8.56618e-28
8.11256e-28
7.68709e-28
7.28832e-28
6.9149e-28
6.56554e-28
6.23904e-28
5.93426e-28
5.65014e-28
5.3857e-28
5.13999e-28
4.91215e-28
4.70137e-28
4.50688e-28
4.32798e-28
4.16402e-28
4.01439e-28
3.87853e-28
3.75593e-28
3.64612e-28
3.54866e-28
3.46316e-28
3.38927e-28
3.32665e-28
3.27516e-28
3.23475e-28
3.20528e-28
3.18655e-28
3.17856e-28
3.18118e-28
3.19429e-28
3.21781e-28
3.2517e-28
3.29592e-28
3.3505e-28
3.41549e-28
3.49095e-28
3.577e-28
3.67377e-28
