5
5e+17
2e+18
49.9992
4.99979
13262.1
7.60647e-20
7.60602e-20
7.60332e-20
7.59918e-20
7.59357e-20
7.58647e-20
7.57789e-20
7.56784e-20
7.55631e-20
7.54331e-20
7.52886e-20
7.51296e-20
7.49562e-20
7.47684e-20
7.45665e-20
7.43505e-20
7.41206e-20
7.38768e-20
7.36194e-20
7.33484e-20
7.30641e-20
7.27665e-20
7.24559e-20
7.21324e-20
7.17963e-20
7.14476e-20
7.10867e-20
7.07137e-20
7.03288e-20
6.99322e-20
6.95242e-20
6.9105e-20
6.86748e-20
6.82338e-20
6.77824e-20
6.73207e-20
6.68489e-20
6.63675e-20
6.58765e-20
6.53763e-20
6.48671e-20
6.43492e-20
6.3823e-20
6.32885e-20
6.27462e-20
6.21963e-20
6.16391e-20
6.10748e-20
6.05038e-20
5.99264e-20
5.93428e-20
5.87533e-20
5.81582e-20
5.75578e-20
5.69524e-20
5.63423e-20
5.57278e-20
5.51091e-20
5.44865e-20
5.38604e-20
5.3231e-20
5.25986e-20
5.19635e-20
5.1326e-20
5.06863e-20
5.00447e-20
4.94015e-20
4.8757e-20
4.81114e-20
4.7465e-20
4.68181e-20
4.61709e-20
4.55237e-20
4.48767e-20
4.42302e-20
4.35844e-20
4.29396e-20
4.2296e-20
4.16539e-20
4.10134e-20
4.03748e-20
3.97383e-20
3.91042e-20
3.84725e-20
3.78437e-20
3.72177e-20
3.65949e-20
3.59755e-20
3.53595e-20
3.47472e-20
3.41388e-20
3.35345e-20
3.29343e-20
3.23385e-20
3.17472e-20
3.11606e-20
3.05787e-20
3.00018e-20
2.943e-20
2.88634e-20
2.83021e-20
2.77462e-20
2.71958e-20
2.66511e-20
2.61122e-20
2.55791e-20
2.50519e-20
2.45307e-20
2.40156e-20
2.35067e-20
2.30039e-20
2.25075e-20
2.20174e-20
2.15337e-20
2.10565e-20
2.05857e-20
2.01215e-20
1.96638e-20
1.92127e-20
1.87683e-20
1.83304e-20
1.78992e-20
1.74747e-20
1.70568e-20
1.66456e-20
1.62411e-20
1.58432e-20
1.5452e-20
1.50674e-20
1.46894e-20
1.43181e-20
1.39533e-20
1.35951e-20
1.32434e-20
1.28982e-20
1.25595e-20
1.22272e-20
1.19012e-20
1.15817e-20
1.12684e-20
1.09613e-20
1.06605e-20
1.03658e-20
1.00772e-20
9.79456e-21
9.51794e-21
9.24723e-21
8.98236e-21
8.72328e-21
8.46992e-21
8.22221e-21
7.98008e-21
7.74346e-21
7.51229e-21
7.28649e-21
7.06598e-21
6.85071e-21
6.64058e-21
6.43554e-21
6.2355e-21
6.04039e-21
5.85014e-21
5.66465e-21
5.48387e-21
5.30771e-21
5.13609e-21
4.96894e-21
4.80618e-21
4.64773e-21
4.49352e-21
4.34347e-21
4.1975e-21
4.05555e-21
3.91752e-21
3.78335e-21
3.65297e-21
3.52629e-21
3.40324e-21
3.28374e-21
3.16773e-21
3.05513e-21
2.94587e-21
2.83988e-21
2.73708e-21
2.63742e-21
2.54081e-21
2.44719e-21
2.35649e-21
2.26864e-21
2.18358e-21
2.10123e-21
2.02154e-21
1.94443e-21
1.86984e-21
1.79771e-21
1.72798e-21
1.66057e-21
1.59544e-21
1.53252e-21
1.47174e-21
1.41306e-21
1.35642e-21
1.30175e-21
1.24901e-21
1.19813e-21
1.14907e-21
1.10177e-21
1.05617e-21
1.01224e-21
9.69916e-22
9.29152e-22
8.89901e-22
8.52116e-22
8.15752e-22
7.80764e-22
7.47109e-22
7.14743e-22
6.83625e-22
6.53715e-22
6.24973e-22
5.9736e-22
5.70838e-22
5.45371e-22
5.20923e-22
4.97459e-22
4.74945e-22
4.53347e-22
4.32635e-22
4.12776e-22
3.93739e-22
3.75496e-22
3.58018e-22
3.41277e-22
3.25245e-22
3.09897e-22
2.95207e-22
2.81149e-22
2.67702e-22
2.5484e-22
2.42541e-22
2.30785e-22
2.19549e-22
2.08813e-22
1.98558e-22
1.88764e-22
1.79413e-22
1.70487e-22
1.61969e-22
1.53842e-22
1.46091e-22
1.38699e-22
1.31652e-22
1.24935e-22
1.18534e-22
1.12436e-22
1.06629e-22
1.01098e-22
9.58337e-23
9.08232e-23
8.60555e-23
8.15202e-23
7.72068e-23
7.31055e-23
6.92069e-23
6.55017e-23
6.19814e-23
5.86373e-23
5.54615e-23
5.24462e-23
4.95841e-23
4.68679e-23
4.42909e-23
4.18464e-23
3.95283e-23
3.73305e-23
3.52472e-23
3.32731e-23
3.14027e-23
2.96311e-23
2.79534e-23
2.63651e-23
2.48617e-23
2.3439e-23
2.2093e-23
2.08199e-23
1.9616e-23
1.84778e-23
1.74019e-23
1.63853e-23
1.54248e-23
1.45175e-23
1.36608e-23
1.28519e-23
1.20884e-23
1.13679e-23
1.06881e-23
1.00469e-23
9.44223e-24
8.87213e-24
8.33473e-24
7.82829e-24
7.35113e-24
6.90164e-24
6.47833e-24
6.07976e-24
5.70456e-24
5.35145e-24
5.01918e-24
4.70662e-24
4.41264e-24
4.1362e-24
3.87632e-24
3.63206e-24
3.40252e-24
3.18687e-24
2.98431e-24
2.79408e-24
2.61547e-24
2.44781e-24
2.29047e-24
2.14283e-24
2.00432e-24
1.87442e-24
1.75261e-24
1.6384e-24
1.53136e-24
1.43104e-24
1.33705e-24
1.249e-24
1.16654e-24
1.08933e-24
1.01704e-24
9.4938e-25
8.86062e-25
8.2682e-25
7.71403e-25
7.19573e-25
6.71109e-25
6.258e-25
5.83449e-25
5.4387e-25
5.0689e-25
4.72344e-25
4.40078e-25
4.09947e-25
3.81816e-25
3.55556e-25
3.31047e-25
3.08178e-25
2.86841e-25
2.66939e-25
2.48377e-25
2.3107e-25
2.14934e-25
1.99894e-25
1.85877e-25
1.72816e-25
1.60648e-25
1.49313e-25
1.38758e-25
1.28928e-25
1.19778e-25
1.1126e-25
1.03332e-25
9.59556e-26
8.90924e-26
8.27081e-26
7.67702e-26
7.12483e-26
6.61143e-26
6.13415e-26
5.69053e-26
5.27826e-26
4.89518e-26
4.53928e-26
4.20868e-26
3.90163e-26
3.61649e-26
3.35175e-26
3.10597e-26
2.87783e-26
2.66611e-26
2.46964e-26
2.28735e-26
2.11825e-26
1.9614e-26
1.81593e-26
1.68104e-26
1.55598e-26
1.44004e-26
1.33258e-26
1.23299e-26
1.1407e-26
1.05519e-26
9.75973e-27
9.02598e-27
8.34641e-27
7.71709e-27
7.1344e-27
6.59494e-27
6.09557e-27
5.63337e-27
5.20563e-27
4.80983e-27
4.44364e-27
4.10487e-27
3.79151e-27
3.50171e-27
3.2337e-27
2.9859e-27
2.7568e-27
2.54501e-27
2.34926e-27
2.16834e-27
2.00116e-27
1.8467e-27
1.70399e-27
1.57217e-27
1.45042e-27
1.33799e-27
1.23416e-27
1.1383e-27
1.04981e-27
9.68123e-28
8.92732e-28
8.23161e-28
7.58967e-28
6.99744e-28
6.45113e-28
5.94726e-28
5.4826e-28
5.05415e-28
4.65915e-28
4.29505e-28
3.95947e-28
3.65024e-28
3.36533e-28
3.10287e-28
2.86115e-28
2.63857e-28
2.43365e-28
2.24504e-28
2.07148e-28
1.91182e-28
1.76498e-28
1.62997e-28
1.50588e-28
1.39188e-28
1.28717e-28
1.19105e-28
1.10286e-28
1.02198e-28
9.47851e-29
8.79966e-29
8.17845e-29
7.61051e-29
7.0918e-29
6.61863e-29
6.18759e-29
5.79554e-29
5.43962e-29
5.11718e-29
4.82581e-29
4.5632e-29
4.32731e-29
4.1163e-29
3.92846e-29
3.76227e-29
3.61631e-29
3.48919e-29
3.37988e-29
3.28764e-29
3.21195e-29
3.15186e-29
3.10666e-29
3.07578e-29
3.05857e-29
3.05475e-29
3.06394e-29
3.08566e-29
3.11946e-29
3.16499e-29
3.22193e-29
3.29002e-29
3.36906e-29
3.4589e-29
3.55944e-29
3.67062e-29
3.79241e-29
3.92485e-29
4.068e-29
4.22195e-29
4.38684e-29
4.56285e-29
4.75018e-29
4.94906e-29
5.15978e-29
5.38263e-29
5.61795e-29
5.8661e-29
6.1275e-29
