2
2e+17
5e+17
50
2
8387.66
3.04279e-19
3.04266e-19
3.0417e-19
3.04016e-19
3.03803e-19
3.03529e-19
3.03195e-19
3.02801e-19
3.02347e-19
3.01833e-19
3.0126e-19
3.00628e-19
2.99938e-19
2.99189e-19
2.98382e-19
2.97518e-19
2.96597e-19
2.9562e-19
2.94587e-19
2.935e-19
2.92357e-19
2.91161e-19
2.89912e-19
2.8861e-19
2.87257e-19
2.85853e-19
2.84399e-19
2.82896e-19
2.81345e-19
2.79746e-19
2.781e-19
2.76409e-19
2.74674e-19
2.72894e-19
2.71072e-19
2.69208e-19
2.67304e-19
2.6536e-19
2.63378e-19
2.61358e-19
2.59301e-19
2.5721e-19
2.55084e-19
2.52925e-19
2.50735e-19
2.48513e-19
2.46262e-19
2.43983e-19
2.41676e-19
2.39344e-19
2.36986e-19
2.34605e-19
2.32201e-19
2.29776e-19
2.27331e-19
2.24867e-19
2.22385e-19
2.19887e-19
2.17373e-19
2.14845e-19
2.12303e-19
2.0975e-19
2.07186e-19
2.04613e-19
2.02031e-19
1.99442e-19
1.96847e-19
1.94246e-19
1.91642e-19
1.89035e-19
1.86426e-19
1.83816e-19
1.81206e-19
1.78598e-19
1.75992e-19
1.7339e-19
1.70792e-19
1.68199e-19
1.65612e-19
1.63033e-19
1.60461e-19
1.57899e-19
1.55346e-19
1.52804e-19
1.50274e-19
1.47756e-19
1.45251e-19
1.4276e-19
1.40284e-19
1.37823e-19
1.35379e-19
1.32951e-19
1.3054e-19
1.28147e-19
1.25774e-19
1.23419e-19
1.21085e-19
1.1877e-19
1.16477e-19
1.14205e-19
1.11955e-19
1.09728e-19
1.07523e-19
1.05341e-19
1.03184e-19
1.0105e-19
9.89402e-20
9.68553e-20
9.47954e-20
9.27608e-20
9.07517e-20
8.87683e-20
8.68109e-20
8.48798e-20
8.29749e-20
8.10966e-20
7.9245e-20
7.74202e-20
7.56223e-20
7.38513e-20
7.21074e-20
7.03906e-20
6.8701e-20
6.70385e-20
6.54031e-20
6.37949e-20
6.22138e-20
6.06597e-20
5.91326e-20
5.76325e-20
5.61591e-20
5.47125e-20
5.32925e-20
5.1899e-20
5.05318e-20
4.91908e-20
4.78758e-20
4.65866e-20
4.53231e-20
4.4085e-20
4.28722e-20
4.16844e-20
4.05214e-20
3.9383e-20
3.82689e-20
3.71789e-20
3.61128e-20
3.50701e-20
3.40508e-20
3.30545e-20
3.20809e-20
3.11298e-20
3.02008e-20
2.92937e-20
2.84082e-20
2.75439e-20
2.67005e-20
2.58779e-20
2.50755e-20
2.42932e-20
2.35305e-20
2.27873e-20
2.20631e-20
2.13577e-20
2.06707e-20
2.00017e-20
1.93506e-20
1.87169e-20
1.81003e-20
1.75006e-20
1.69173e-20
1.63502e-20
1.5799e-20
1.52633e-20
1.47428e-20
1.42372e-20
1.37462e-20
1.32695e-20
1.28067e-20
1.23576e-20
1.19219e-20
1.14993e-20
1.10894e-20
1.06919e-20
1.03067e-20
9.93334e-21
9.5716e-21
9.22119e-21
8.88183e-21
8.55325e-21
8.23517e-21
7.92734e-21
7.62949e-21
7.34136e-21
7.0627e-21
6.79326e-21
6.53278e-21
6.28104e-21
6.03779e-21
5.8028e-21
5.57584e-21
5.35669e-21
5.14512e-21
4.94091e-21
4.74386e-21
4.55376e-21
4.3704e-21
4.19359e-21
4.02312e-21
3.85881e-21
3.70046e-21
3.54791e-21
3.40096e-21
3.25945e-21
3.1232e-21
2.99204e-21
2.86582e-21
2.74437e-21
2.62755e-21
2.51519e-21
2.40715e-21
2.30329e-21
2.20347e-21
2.10756e-21
2.01541e-21
1.92691e-21
1.84192e-21
1.76033e-21
1.68202e-21
1.60686e-21
1.53476e-21
1.46559e-21
1.39927e-21
1.33567e-21
1.27471e-21
1.21629e-21
1.16031e-21
1.10668e-21
1.05532e-21
1.00614e-21
9.59055e-22
9.13992e-22
8.7087e-22
8.29614e-22
7.90154e-22
7.52417e-22
7.16338e-22
6.81851e-22
6.48893e-22
6.17403e-22
5.87321e-22
5.58592e-22
5.31161e-22
5.04973e-22
4.7998e-22
4.5613e-22
4.33377e-22
4.11675e-22
3.9098e-22
3.7125e-22
3.52443e-22
3.3452e-22
3.17444e-22
3.01178e-22
2.85686e-22
2.70936e-22
2.56894e-22
2.43531e-22
2.30814e-22
2.18717e-22
2.07211e-22
1.9627e-22
1.85868e-22
1.75982e-22
1.66586e-22
1.5766e-22
1.49181e-22
1.41129e-22
1.33484e-22
1.26227e-22
1.1934e-22
1.12805e-22
1.06606e-22
1.00726e-22
9.51511e-23
8.9866e-23
8.48567e-23
8.01101e-23
7.56133e-23
7.13541e-23
6.73208e-23
6.35024e-23
5.98882e-23
5.64679e-23
5.3232e-23
5.01711e-23
4.72765e-23
4.45397e-23
4.19526e-23
3.95077e-23
3.71975e-23
3.50152e-23
3.29542e-23
3.10081e-23
2.91709e-23
2.74369e-23
2.58007e-23
2.42571e-23
2.28011e-23
2.14282e-23
2.01338e-23
1.89137e-23
1.77639e-23
1.66805e-23
1.56601e-23
1.4699e-23
1.37942e-23
1.29424e-23
1.21407e-23
1.13863e-23
1.06767e-23
1.00092e-23
9.38155e-24
8.79148e-24
8.23684e-24
7.71563e-24
7.22594e-24
6.76595e-24
6.33396e-24
5.92835e-24
5.5476e-24
5.19025e-24
4.85493e-24
4.54037e-24
4.24532e-24
3.96865e-24
3.70927e-24
3.46614e-24
3.23829e-24
3.02481e-24
2.82484e-24
2.63756e-24
2.4622e-24
2.29804e-24
2.14439e-24
2.00061e-24
1.8661e-24
1.74029e-24
1.62263e-24
1.51263e-24
1.4098e-24
1.3137e-24
1.22391e-24
1.14002e-24
1.06168e-24
9.88515e-25
9.20214e-25
8.5646e-25
7.96965e-25
7.41455e-25
6.89675e-25
6.41382e-25
5.96353e-25
5.54374e-25
5.15249e-25
4.78789e-25
4.44821e-25
4.1318e-25
3.83714e-25
3.56279e-25
3.30739e-25
3.06969e-25
2.84851e-25
2.64275e-25
2.45136e-25
2.27338e-25
2.1079e-25
1.95408e-25
1.81112e-25
1.67829e-25
1.5549e-25
1.44029e-25
1.33386e-25
1.23506e-25
1.14334e-25
1.05823e-25
9.79254e-26
9.05996e-26
8.38052e-26
7.75049e-26
7.16641e-26
6.62503e-26
6.12333e-26
5.65851e-26
5.22793e-26
4.82916e-26
4.45992e-26
4.11809e-26
3.80171e-26
3.50894e-26
3.23808e-26
2.98753e-26
2.75582e-26
2.54157e-26
2.34352e-26
2.16047e-26
1.99133e-26
1.83506e-26
1.69072e-26
1.55743e-26
1.43436e-26
1.32075e-26
1.2159e-26
1.11915e-26
1.02989e-26
9.47567e-27
8.7165e-27
8.01656e-27
7.37136e-27
6.77675e-27
6.22886e-27
5.72413e-27
5.25926e-27
4.83118e-27
4.43706e-27
4.07429e-27
3.74043e-27
3.43325e-27
3.15067e-27
2.89077e-27
2.65179e-27
2.43208e-27
2.23013e-27
2.04455e-27
1.87404e-27
1.7174e-27
1.57355e-27
1.44146e-27
1.32019e-27
1.20889e-27
1.10675e-27
1.01304e-27
9.27088e-28
8.48257e-28
7.75976e-28
7.09714e-28
6.48984e-28
5.93334e-28
5.42351e-28
4.95652e-28
4.52887e-28
4.13733e-28
3.77892e-28
3.45092e-28
3.1508e-28
2.87627e-28
2.62519e-28
2.39563e-28
2.18578e-28
1.994e-28
1.81879e-28
1.65875e-28
1.51262e-28
1.37924e-28
1.25753e-28
1.14651e-28
1.04529e-28
9.53048e-29
8.69034e-29
7.9256e-29
7.22999e-29
6.59779e-29
6.02378e-29
5.50319e-29
5.0317e-29
4.60538e-29
4.22066e-29
3.8743e-29
3.5634e-29
3.28533e-29
3.03773e-29
2.81849e-29
2.62575e-29
2.45785e-29
2.31335e-29
2.19097e-29
2.08966e-29
2.00849e-29
1.94672e-29
1.90376e-29
1.87917e-29
1.87263e-29
1.88397e-29
1.91316e-29
1.96028e-29
2.02554e-29
2.10927e-29
2.21192e-29
2.33406e-29
2.47637e-29
2.63967e-29
