10
2e+16
1e+17
50
9.99975
18755.4
2.84275e-20
2.84183e-20
2.83867e-20
2.83488e-20
2.83054e-20
2.82565e-20
2.82022e-20
2.81427e-20
2.80779e-20
2.80079e-20
2.79327e-20
2.78524e-20
2.77671e-20
2.76768e-20
2.75816e-20
2.74815e-20
2.73766e-20
2.72668e-20
2.71523e-20
2.70332e-20
2.69093e-20
2.6781e-20
2.66482e-20
2.6511e-20
2.63695e-20
2.62238e-20
2.60739e-20
2.59199e-20
2.5762e-20
2.56001e-20
2.54344e-20
2.52649e-20
2.50918e-20
2.49151e-20
2.4735e-20
2.45515e-20
2.43647e-20
2.41747e-20
2.39817e-20
2.37856e-20
2.35867e-20
2.3385e-20
2.31805e-20
2.29735e-20
2.2764e-20
2.25521e-20
2.2338e-20
2.21216e-20
2.19032e-20
2.16828e-20
2.14606e-20
2.12365e-20
2.10108e-20
2.07835e-20
2.05548e-20
2.03247e-20
2.00934e-20
1.98609e-20
1.96273e-20
1.93928e-20
1.91574e-20
1.89213e-20
1.86845e-20
1.84472e-20
1.82093e-20
1.79712e-20
1.77327e-20
1.7494e-20
1.72553e-20
1.70165e-20
1.67779e-20
1.65394e-20
1.63012e-20
1.60633e-20
1.58258e-20
1.55889e-20
1.53525e-20
1.51168e-20
1.48819e-20
1.46478e-20
1.44146e-20
1.41823e-20
1.39511e-20
1.3721e-20
1.34921e-20
1.32644e-20
1.3038e-20
1.2813e-20
1.25894e-20
1.23673e-20
1.21467e-20
1.19277e-20
1.17103e-20
1.14947e-20
1.12808e-20
1.10686e-20
1.08583e-20
1.06499e-20
1.04434e-20
1.02388e-20
1.00363e-20
9.83572e-21
9.63723e-21
9.44082e-21
9.24654e-21
9.0544e-21
8.86443e-21
8.67665e-21
8.49109e-21
8.30777e-21
8.1267e-21
7.94791e-21
7.77142e-21
7.59725e-21
7.4254e-21
7.25589e-21
7.08874e-21
6.92394e-21
6.76152e-21
6.60149e-21
6.44384e-21
6.2886e-21
6.13576e-21
5.98535e-21
5.83735e-21
5.69178e-21
5.54863e-21
5.4079e-21
5.2696e-21
5.13373e-21
5.00029e-21
4.86928e-21
4.7407e-21
4.61454e-21
4.49078e-21
4.36943e-21
4.25047e-21
4.13389e-21
4.01968e-21
3.90781e-21
3.79828e-21
3.69106e-21
3.58613e-21
3.48348e-21
3.38308e-21
3.28491e-21
3.18895e-21
3.09517e-21
3.00355e-21
2.91406e-21
2.82668e-21
2.74138e-21
2.65813e-21
2.5769e-21
2.49766e-21
2.42039e-21
2.34506e-21
2.27163e-21
2.20008e-21
2.13038e-21
2.06249e-21
1.99638e-21
1.93203e-21
1.8694e-21
1.80846e-21
1.74918e-21
1.69153e-21
1.63548e-21
1.58099e-21
1.52804e-21
1.47659e-21
1.42662e-21
1.37808e-21
1.33096e-21
1.28522e-21
1.24083e-21
1.19776e-21
1.15598e-21
1.11546e-21
1.07617e-21
1.03809e-21
1.00118e-21
9.65412e-22
9.30767e-22
8.97212e-22
8.6472e-22
8.33264e-22
8.02818e-22
7.73356e-22
7.44852e-22
7.1728e-22
6.90615e-22
6.64833e-22
6.39911e-22
6.15823e-22
5.92548e-22
5.70062e-22
5.48341e-22
5.27366e-22
5.07113e-22
4.87563e-22
4.68695e-22
4.50487e-22
4.3292e-22
4.15975e-22
3.99633e-22
3.83876e-22
3.68685e-22
3.54043e-22
3.39933e-22
3.26337e-22
3.13239e-22
3.00624e-22
2.88476e-22
2.76779e-22
2.65519e-22
2.54681e-22
2.44252e-22
2.34217e-22
2.24563e-22
2.15277e-22
2.06348e-22
1.97762e-22
1.89508e-22
1.81575e-22
1.7395e-22
1.66624e-22
1.59585e-22
1.52823e-22
1.46329e-22
1.40094e-22
1.34107e-22
1.28359e-22
1.22842e-22
1.17548e-22
1.12467e-22
1.07593e-22
1.02918e-22
9.84332e-23
9.41329e-23
9.00094e-23
8.6056e-23
8.22664e-23
7.86342e-23
7.51535e-23
7.18183e-23
6.86232e-23
6.55626e-23
6.26313e-23
5.98241e-23
5.7136e-23
5.45624e-23
5.20988e-23
4.97407e-23
4.7484e-23
4.53245e-23
4.32585e-23
4.12821e-23
3.93916e-23
3.75835e-23
3.58544e-23
3.42011e-23
3.26204e-23
3.11093e-23
2.9665e-23
2.82847e-23
2.69657e-23
2.57055e-23
2.45015e-23
2.33514e-23
2.22529e-23
2.12038e-23
2.02019e-23
1.92453e-23
1.83321e-23
1.74604e-23
1.66283e-23
1.58342e-23
1.50765e-23
1.43536e-23
1.36638e-23
1.30058e-23
1.23782e-23
1.17796e-23
1.12088e-23
1.06645e-23
1.01455e-23
9.65084e-24
9.17932e-24
8.72992e-24
8.30166e-24
7.8936e-24
7.50479e-24
7.13437e-24
6.78152e-24
6.44543e-24
6.12534e-24
5.82054e-24
5.53032e-24
5.25401e-24
4.99099e-24
4.74063e-24
4.50236e-24
4.27562e-24
4.05986e-24
3.85457e-24
3.65926e-24
3.47348e-24
3.29677e-24
3.12871e-24
2.9689e-24
2.81694e-24
2.67248e-24
2.53515e-24
2.40461e-24
2.28056e-24
2.16267e-24
2.05065e-24
1.94422e-24
1.84311e-24
1.74706e-24
1.65584e-24
1.5692e-24
1.48693e-24
1.40881e-24
1.33465e-24
1.26425e-24
1.19743e-24
1.13402e-24
1.07384e-24
1.01674e-24
9.62577e-25
9.11193e-25
8.62453e-25
8.16225e-25
7.72385e-25
7.30815e-25
6.91402e-25
6.54039e-25
6.18623e-25
5.85056e-25
5.53246e-25
5.23104e-25
4.94547e-25
4.67495e-25
4.4187e-25
4.17602e-25
3.9462e-25
3.7286e-25
3.52257e-25
3.32753e-25
3.1429e-25
2.96816e-25
2.80279e-25
2.64631e-25
2.49827e-25
2.35822e-25
2.22575e-25
2.10046e-25
1.98199e-25
1.86997e-25
1.76407e-25
1.66396e-25
1.56934e-25
1.47992e-25
1.39543e-25
1.31559e-25
1.24017e-25
1.16892e-25
1.10163e-25
1.03808e-25
9.78067e-26
9.2141e-26
8.67925e-26
8.1744e-26
7.69794e-26
7.24833e-26
6.82411e-26
6.42391e-26
6.0464e-26
5.69035e-26
5.35459e-26
5.038e-26
4.73952e-26
4.45817e-26
4.19296e-26
3.94302e-26
3.70749e-26
3.48557e-26
3.2765e-26
3.07956e-26
2.89408e-26
2.71941e-26
2.55495e-26
2.40012e-26
2.25437e-26
2.11719e-26
1.98809e-26
1.86662e-26
1.75234e-26
1.64484e-26
1.54373e-26
1.44864e-26
1.35923e-26
1.27518e-26
1.19616e-26
1.12189e-26
1.05209e-26
9.86499e-27
9.24872e-27
8.66977e-27
8.12596e-27
7.61523e-27
7.13563e-27
6.68532e-27
6.26258e-27
5.86577e-27
5.49336e-27
5.1439e-27
4.81601e-27
4.50842e-27
4.21989e-27
3.9493e-27
3.69556e-27
3.45766e-27
3.23464e-27
3.0256e-27
2.82969e-27
2.64612e-27
2.47412e-27
2.313e-27
2.16207e-27
2.02072e-27
1.88835e-27
1.76442e-27
1.64841e-27
1.53981e-27
1.43819e-27
1.34309e-27
1.25412e-27
1.17089e-27
1.09305e-27
1.02026e-27
9.522e-28
8.88573e-28
8.29101e-28
7.73522e-28
7.21589e-28
6.73073e-28
6.27756e-28
5.85435e-28
5.45919e-28
5.09031e-28
4.74601e-28
4.42473e-28
4.125e-28
3.84544e-28
3.58474e-28
3.34169e-28
3.11515e-28
2.90407e-28
2.70746e-28
2.52439e-28
2.35399e-28
2.19545e-28
2.048e-28
1.91096e-28
1.78364e-28
1.66544e-28
1.55578e-28
1.45412e-28
1.35996e-28
1.27285e-28
1.19234e-28
1.11803e-28
1.04956e-28
9.86568e-29
9.28745e-29
8.75792e-29
8.27438e-29
7.83431e-29
7.43541e-29
7.07557e-29
6.75288e-29
6.46559e-29
6.21206e-29
5.99114e-29
5.80184e-29
5.64319e-29
5.51416e-29
5.41418e-29
5.34251e-29
5.29853e-29
5.28175e-29
5.29182e-29
5.32849e-29
5.39167e-29
5.48134e-29
5.59764e-29
5.74081e-29
5.9112e-29
