5
5e+16
5e+18
49.9999
4.99969
13262.1
7.18975e-20
7.18719e-20
7.17869e-20
7.16874e-20
7.15753e-20
7.14511e-20
7.1315e-20
7.11672e-20
7.10077e-20
7.08367e-20
7.06542e-20
7.04604e-20
7.02553e-20
7.0039e-20
6.9812e-20
6.95743e-20
6.9326e-20
6.90671e-20
6.87977e-20
6.85179e-20
6.82279e-20
6.79276e-20
6.76173e-20
6.72971e-20
6.69672e-20
6.66279e-20
6.62793e-20
6.59214e-20
6.55545e-20
6.51786e-20
6.47939e-20
6.44008e-20
6.39994e-20
6.35897e-20
6.31721e-20
6.27467e-20
6.23136e-20
6.18731e-20
6.14254e-20
6.09707e-20
6.05092e-20
6.0041e-20
5.95664e-20
5.90856e-20
5.85989e-20
5.81063e-20
5.76082e-20
5.71048e-20
5.65962e-20
5.60827e-20
5.55644e-20
5.50417e-20
5.45147e-20
5.39836e-20
5.34486e-20
5.291e-20
5.2368e-20
5.18228e-20
5.12746e-20
5.07236e-20
5.01701e-20
4.96142e-20
4.90562e-20
4.84962e-20
4.79345e-20
4.73713e-20
4.68068e-20
4.62412e-20
4.56747e-20
4.51074e-20
4.45396e-20
4.39715e-20
4.34032e-20
4.2835e-20
4.2267e-20
4.16994e-20
4.11324e-20
4.05661e-20
4.00009e-20
3.94367e-20
3.88739e-20
3.83124e-20
3.77527e-20
3.71947e-20
3.66386e-20
3.60846e-20
3.55329e-20
3.49835e-20
3.44367e-20
3.38926e-20
3.33513e-20
3.28129e-20
3.22776e-20
3.17454e-20
3.12166e-20
3.06912e-20
3.01694e-20
2.96512e-20
2.91368e-20
2.86262e-20
2.81196e-20
2.7617e-20
2.71186e-20
2.66245e-20
2.61346e-20
2.56492e-20
2.51682e-20
2.46918e-20
2.422e-20
2.37529e-20
2.32905e-20
2.28329e-20
2.23802e-20
2.19323e-20
2.14895e-20
2.10516e-20
2.06187e-20
2.0191e-20
1.97683e-20
1.93508e-20
1.89385e-20
1.85313e-20
1.81294e-20
1.77326e-20
1.73412e-20
1.69549e-20
1.6574e-20
1.61983e-20
1.58279e-20
1.54627e-20
1.51028e-20
1.47482e-20
1.43989e-20
1.40548e-20
1.37159e-20
1.33823e-20
1.30539e-20
1.27306e-20
1.24125e-20
1.20996e-20
1.17918e-20
1.1489e-20
1.11913e-20
1.08987e-20
1.0611e-20
1.03283e-20
1.00506e-20
9.77767e-21
9.50963e-21
9.24639e-21
8.98792e-21
8.73417e-21
8.4851e-21
8.24067e-21
8.00083e-21
7.76557e-21
7.53486e-21
7.30867e-21
7.08696e-21
6.8697e-21
6.65685e-21
6.44838e-21
6.24423e-21
6.04438e-21
5.84877e-21
5.65738e-21
5.47017e-21
5.2871e-21
5.10814e-21
4.93326e-21
4.76246e-21
4.59571e-21
4.43298e-21
4.27426e-21
4.11951e-21
3.96869e-21
3.82176e-21
3.67868e-21
3.53939e-21
3.40387e-21
3.2721e-21
3.14407e-21
3.01974e-21
2.8991e-21
2.7821e-21
2.66871e-21
2.55888e-21
2.45255e-21
2.34969e-21
2.25023e-21
2.15411e-21
2.06127e-21
1.97165e-21
1.88519e-21
1.80181e-21
1.72145e-21
1.64403e-21
1.5695e-21
1.49777e-21
1.42877e-21
1.36244e-21
1.2987e-21
1.23748e-21
1.1787e-21
1.1223e-21
1.06821e-21
1.01635e-21
9.6666e-22
9.19064e-22
8.73495e-22
8.29889e-22
7.88177e-22
7.48295e-22
7.10181e-22
6.7377e-22
6.39003e-22
6.05818e-22
5.74157e-22
5.43964e-22
5.15181e-22
4.87754e-22
4.61631e-22
4.36758e-22
4.13087e-22
3.90568e-22
3.69153e-22
3.48797e-22
3.29454e-22
3.11082e-22
2.93639e-22
2.77083e-22
2.61377e-22
2.46481e-22
2.3236e-22
2.18978e-22
2.06302e-22
1.94298e-22
1.82936e-22
1.72184e-22
1.62014e-22
1.52398e-22
1.43308e-22
1.3472e-22
1.26608e-22
1.18949e-22
1.11719e-22
1.04898e-22
9.84639e-23
9.23974e-23
8.66793e-23
8.12914e-23
7.62164e-23
7.14377e-23
6.69396e-23
6.27069e-23
5.87252e-23
5.4981e-23
5.14612e-23
4.81533e-23
4.50458e-23
4.21273e-23
3.93872e-23
3.68153e-23
3.44022e-23
3.21388e-23
3.00163e-23
2.80266e-23
2.6162e-23
2.44151e-23
2.2779e-23
2.12471e-23
1.98132e-23
1.84714e-23
1.72162e-23
1.60423e-23
1.49447e-23
1.39188e-23
1.29602e-23
1.20648e-23
1.12284e-23
1.04476e-23
9.71878e-24
9.03867e-24
8.40421e-24
7.81248e-24
7.26074e-24
6.74643e-24
6.26714e-24
5.82059e-24
5.40466e-24
5.01734e-24
4.65676e-24
4.32116e-24
4.00887e-24
3.71836e-24
3.44817e-24
3.19694e-24
2.96339e-24
2.74634e-24
2.54467e-24
2.35732e-24
2.18332e-24
2.02176e-24
1.87178e-24
1.73259e-24
1.60344e-24
1.48362e-24
1.3725e-24
1.26945e-24
1.17392e-24
1.08538e-24
1.00333e-24
9.27306e-25
8.56889e-25
7.91677e-25
7.31295e-25
6.75399e-25
6.23665e-25
5.75794e-25
5.31505e-25
4.90539e-25
4.52654e-25
4.17624e-25
3.8524e-25
3.55309e-25
3.2765e-25
3.02095e-25
2.78488e-25
2.56686e-25
2.36553e-25
2.17965e-25
2.00807e-25
1.84971e-25
1.70358e-25
1.56876e-25
1.4444e-25
1.3297e-25
1.22393e-25
1.12641e-25
1.03652e-25
9.53663e-26
8.77308e-26
8.06956e-26
7.42144e-26
6.82446e-26
6.27467e-26
5.76842e-26
5.30232e-26
4.87325e-26
4.47833e-26
4.11489e-26
3.78048e-26
3.47282e-26
3.18982e-26
2.92952e-26
2.69015e-26
2.47005e-26
2.2677e-26
2.08168e-26
1.91071e-26
1.75359e-26
1.60921e-26
1.47655e-26
1.35469e-26
1.24276e-26
1.13996e-26
1.04555e-26
9.58865e-27
8.79279e-27
8.06219e-27
7.39159e-27
6.77612e-27
6.21133e-27
5.69309e-27
5.21762e-27
4.78143e-27
4.38132e-27
4.01434e-27
3.67779e-27
3.36917e-27
3.08619e-27
2.82676e-27
2.58893e-27
2.37092e-27
2.17112e-27
1.988e-27
1.82019e-27
1.66643e-27
1.52555e-27
1.39648e-27
1.27825e-27
1.16995e-27
1.07076e-27
9.79911e-28
8.96719e-28
8.20542e-28
7.50793e-28
6.86933e-28
6.2847e-28
5.74951e-28
5.25962e-28
4.81122e-28
4.40083e-28
4.02526e-28
3.68156e-28
3.36706e-28
3.0793e-28
2.81601e-28
2.57514e-28
2.35477e-28
2.15319e-28
1.96878e-28
1.80011e-28
1.64583e-28
1.50473e-28
1.37568e-28
1.25767e-28
1.14975e-28
1.05106e-28
9.60828e-29
8.7832e-29
8.0288e-29
7.33906e-29
6.70845e-29
6.13192e-29
5.60486e-29
5.12304e-29
4.68259e-29
4.27996e-29
3.91192e-29
3.57552e-29
3.26803e-29
2.98698e-29
2.73011e-29
2.49532e-29
2.28073e-29
2.08461e-29
1.90536e-29
1.74153e-29
1.59181e-29
1.45498e-29
1.32993e-29
1.21564e-29
1.1112e-29
1.01576e-29
9.28536e-30
8.48826e-30
7.75983e-30
7.09414e-30
6.48578e-30
5.92981e-30
5.42173e-30
4.95741e-30
4.53309e-30
4.14531e-30
3.79093e-30
3.46708e-30
3.17113e-30
2.90067e-30
2.65351e-30
2.42766e-30
2.22127e-30
2.03267e-30
1.86032e-30
1.70283e-30
1.55892e-30
1.42742e-30
1.30727e-30
1.1975e-30
1.0972e-30
1.00559e-30
9.21949e-31
8.45659e-31
7.76094e-31
7.12698e-31
6.54976e-31
6.02456e-31
5.54745e-31
5.11468e-31
4.7227e-31
4.36822e-31
4.04831e-31
3.76029e-31
3.50173e-31
3.27048e-31
3.06456e-31
2.88223e-31
2.72192e-31
2.58224e-31
2.46196e-31
2.36001e-31
2.27545e-31
2.2075e-31
2.15549e-31
2.11887e-31
2.09721e-31
2.0902e-31
2.09763e-31
2.11941e-31
2.15555e-31
2.20615e-31
