10
1e+17
1e+19
49.9998
10
18755.4
3.40431e-20
3.39729e-20
3.37675e-20
3.35504e-20
3.33283e-20
3.31031e-20
3.28752e-20
3.26449e-20
3.24125e-20
3.21781e-20
3.19417e-20
3.17035e-20
3.14641e-20
3.12236e-20
3.09817e-20
3.07385e-20
3.04939e-20
3.02478e-20
3.00004e-20
2.97514e-20
2.95011e-20
2.92498e-20
2.89975e-20
2.87442e-20
2.84898e-20
2.82344e-20
2.79783e-20
2.77215e-20
2.74639e-20
2.72056e-20
2.69465e-20
2.66869e-20
2.64267e-20
2.61661e-20
2.59049e-20
2.56435e-20
2.53817e-20
2.51196e-20
2.48572e-20
2.45947e-20
2.43321e-20
2.40693e-20
2.38066e-20
2.35439e-20
2.32813e-20
2.30189e-20
2.27567e-20
2.24947e-20
2.22331e-20
2.19718e-20
2.17108e-20
2.14503e-20
2.11903e-20
2.09307e-20
2.06718e-20
2.04134e-20
2.01558e-20
1.98988e-20
1.96426e-20
1.93872e-20
1.91325e-20
1.88789e-20
1.86261e-20
1.83743e-20
1.81235e-20
1.78738e-20
1.76251e-20
1.73775e-20
1.7131e-20
1.68857e-20
1.66417e-20
1.63989e-20
1.61573e-20
1.59171e-20
1.56783e-20
1.54408e-20
1.52047e-20
1.49701e-20
1.47369e-20
1.45052e-20
1.42751e-20
1.40464e-20
1.38193e-20
1.35937e-20
1.33698e-20
1.31475e-20
1.29268e-20
1.27078e-20
1.24905e-20
1.22749e-20
1.2061e-20
1.18488e-20
1.16384e-20
1.14297e-20
1.12228e-20
1.10177e-20
1.08143e-20
1.06128e-20
1.0413e-20
1.02151e-20
1.0019e-20
9.82472e-21
9.63227e-21
9.44165e-21
9.25287e-21
9.06595e-21
8.88086e-21
8.69762e-21
8.51621e-21
8.33663e-21
8.15893e-21
7.9831e-21
7.80915e-21
7.63713e-21
7.46701e-21
7.29881e-21
7.13255e-21
6.96823e-21
6.80587e-21
6.6455e-21
6.48713e-21
6.33081e-21
6.17657e-21
6.02447e-21
5.87449e-21
5.72668e-21
5.58105e-21
5.4376e-21
5.29641e-21
5.15753e-21
5.02099e-21
4.88682e-21
4.75505e-21
4.62569e-21
4.49876e-21
4.37426e-21
4.25222e-21
4.13263e-21
4.01549e-21
3.90079e-21
3.78853e-21
3.6787e-21
3.57128e-21
3.46626e-21
3.36363e-21
3.26336e-21
3.16543e-21
3.06981e-21
2.97648e-21
2.88543e-21
2.79661e-21
2.71e-21
2.62556e-21
2.54328e-21
2.46311e-21
2.38502e-21
2.30899e-21
2.23497e-21
2.16294e-21
2.09286e-21
2.0247e-21
1.95841e-21
1.89397e-21
1.83134e-21
1.77047e-21
1.71135e-21
1.65392e-21
1.59817e-21
1.54404e-21
1.4915e-21
1.44052e-21
1.39107e-21
1.34311e-21
1.29661e-21
1.25152e-21
1.20781e-21
1.16547e-21
1.12444e-21
1.0847e-21
1.0462e-21
1.00893e-21
9.72856e-22
9.37938e-22
9.04151e-22
8.71461e-22
8.39838e-22
8.09254e-22
7.79682e-22
7.51094e-22
7.23463e-22
6.96758e-22
6.70954e-22
6.46025e-22
6.21945e-22
5.98692e-22
5.7624e-22
5.54562e-22
5.33637e-22
5.13441e-22
4.93953e-22
4.75152e-22
4.57016e-22
4.39522e-22
4.2265e-22
4.06382e-22
3.90698e-22
3.7558e-22
3.61009e-22
3.46969e-22
3.3344e-22
3.20405e-22
3.07849e-22
2.95756e-22
2.8411e-22
2.72897e-22
2.62102e-22
2.5171e-22
2.41707e-22
2.3208e-22
2.22816e-22
2.13902e-22
2.05328e-22
1.9708e-22
1.89148e-22
1.81519e-22
1.74183e-22
1.67129e-22
1.60347e-22
1.53829e-22
1.47563e-22
1.41542e-22
1.35757e-22
1.30198e-22
1.24856e-22
1.19725e-22
1.14796e-22
1.10061e-22
1.05515e-22
1.01149e-22
9.69574e-23
9.29327e-23
8.90687e-23
8.53594e-23
8.1799e-23
7.83819e-23
7.51027e-23
7.19561e-23
6.89372e-23
6.60409e-23
6.32622e-23
6.05965e-23
5.80395e-23
5.55871e-23
5.3235e-23
5.09796e-23
4.88169e-23
4.67434e-23
4.47556e-23
4.28502e-23
4.10235e-23
3.92724e-23
3.75941e-23
3.59855e-23
3.4444e-23
3.29669e-23
3.15515e-23
3.01954e-23
2.88963e-23
2.76519e-23
2.64597e-23
2.53177e-23
2.42237e-23
2.3176e-23
2.21725e-23
2.12116e-23
2.02914e-23
1.94103e-23
1.85667e-23
1.77591e-23
1.6986e-23
1.62458e-23
1.55372e-23
1.48589e-23
1.42096e-23
1.35881e-23
1.29934e-23
1.24241e-23
1.18794e-23
1.13582e-23
1.08595e-23
1.03824e-23
9.92585e-24
9.48907e-24
9.07118e-24
8.67138e-24
8.28892e-24
7.92306e-24
7.5731e-24
7.23837e-24
6.91823e-24
6.61205e-24
6.31925e-24
6.03925e-24
5.7715e-24
5.51545e-24
5.2706e-24
5.03646e-24
4.81258e-24
4.59852e-24
4.39386e-24
4.19819e-24
4.01113e-24
3.8323e-24
3.66136e-24
3.49797e-24
3.34179e-24
3.19252e-24
3.04986e-24
2.91349e-24
2.78315e-24
2.65857e-24
2.53951e-24
2.42572e-24
2.31698e-24
2.21307e-24
2.11376e-24
2.01888e-24
1.92821e-24
1.84158e-24
1.75882e-24
1.67974e-24
1.6042e-24
1.53203e-24
1.46307e-24
1.39719e-24
1.33425e-24
1.27412e-24
1.21668e-24
1.1618e-24
1.10938e-24
1.05931e-24
1.01148e-24
9.65798e-25
9.22163e-25
8.80488e-25
8.40686e-25
8.02673e-25
7.6637e-25
7.31702e-25
6.9859e-25
6.66966e-25
6.36763e-25
6.07919e-25
5.80373e-25
5.54066e-25
5.28945e-25
5.04956e-25
4.82049e-25
4.60176e-25
4.3929e-25
4.19348e-25
4.00307e-25
3.82128e-25
3.64771e-25
3.482e-25
3.3238e-25
3.17274e-25
3.02851e-25
2.8908e-25
2.75932e-25
2.63379e-25
2.51395e-25
2.39953e-25
2.29029e-25
2.18601e-25
2.08645e-25
1.99142e-25
1.90069e-25
1.81409e-25
1.73142e-25
1.65251e-25
1.57719e-25
1.50529e-25
1.43667e-25
1.37117e-25
1.30865e-25
1.24896e-25
1.19199e-25
1.1376e-25
1.08569e-25
1.03614e-25
9.88843e-26
9.43698e-26
9.00609e-26
8.59482e-26
8.20229e-26
7.82764e-26
7.47008e-26
7.12882e-26
6.80313e-26
6.49231e-26
6.19567e-26
5.91259e-26
5.64244e-26
5.38464e-26
5.13862e-26
4.90386e-26
4.67981e-26
4.46597e-26
4.2619e-26
4.06714e-26
3.88127e-26
3.70389e-26
3.53462e-26
3.37308e-26
3.21893e-26
3.07183e-26
2.93146e-26
2.79751e-26
2.66969e-26
2.54773e-26
2.43136e-26
2.32032e-26
2.21438e-26
2.1133e-26
2.01685e-26
1.92484e-26
1.83705e-26
1.75331e-26
1.67341e-26
1.59718e-26
1.52445e-26
1.45506e-26
1.38886e-26
1.3257e-26
1.26545e-26
1.20798e-26
1.15316e-26
1.10086e-26
1.05098e-26
1.00341e-26
9.58039e-27
9.14771e-27
8.73511e-27
8.34169e-27
7.96659e-27
7.60898e-27
7.26808e-27
6.94314e-27
6.63345e-27
6.33833e-27
6.05714e-27
5.78925e-27
5.53408e-27
5.29107e-27
5.05968e-27
4.83941e-27
4.62973e-27
4.43019e-27
4.24034e-27
4.05978e-27
3.8881e-27
3.72494e-27
3.56993e-27
3.42273e-27
3.28303e-27
3.15052e-27
3.02491e-27
2.90592e-27
2.79329e-27
2.68678e-27
2.58616e-27
2.4912e-27
2.40171e-27
2.31747e-27
2.23832e-27
2.16407e-27
2.09458e-27
2.02967e-27
1.96923e-27
1.91311e-27
1.86119e-27
1.81336e-27
1.76952e-27
1.72958e-27
1.69343e-27
1.66107e-27
1.63253e-27
1.60777e-27
1.58674e-27
1.56946e-27
1.55589e-27
1.54596e-27
1.53964e-27
1.53691e-27
1.53774e-27
1.54211e-27
1.55002e-27
1.56147e-27
1.57647e-27
1.59504e-27
