10
2e+16
1e+19
49.9999
10.0001
18755.4
3.62686e-20
3.61681e-20
3.58773e-20
3.55731e-20
3.52651e-20
3.4956e-20
3.46464e-20
3.43368e-20
3.40274e-20
3.37182e-20
3.34093e-20
3.31007e-20
3.27936e-20
3.24876e-20
3.21827e-20
3.18785e-20
3.15751e-20
3.12722e-20
3.09699e-20
3.06679e-20
3.03664e-20
3.00659e-20
2.97663e-20
2.94674e-20
2.91692e-20
2.88716e-20
2.85751e-20
2.82795e-20
2.79848e-20
2.76908e-20
2.73975e-20
2.71052e-20
2.68139e-20
2.65234e-20
2.62337e-20
2.5945e-20
2.56574e-20
2.53706e-20
2.50847e-20
2.47999e-20
2.4516e-20
2.42332e-20
2.39514e-20
2.36708e-20
2.33912e-20
2.31128e-20
2.28356e-20
2.25594e-20
2.22845e-20
2.20108e-20
2.17383e-20
2.1467e-20
2.11969e-20
2.0928e-20
2.06604e-20
2.03941e-20
2.01291e-20
1.98655e-20
1.96032e-20
1.93422e-20
1.90826e-20
1.88245e-20
1.85678e-20
1.83126e-20
1.80588e-20
1.78065e-20
1.75556e-20
1.73063e-20
1.70584e-20
1.68121e-20
1.65673e-20
1.63241e-20
1.60825e-20
1.58424e-20
1.5604e-20
1.53672e-20
1.51321e-20
1.48986e-20
1.46667e-20
1.44365e-20
1.4208e-20
1.39811e-20
1.37559e-20
1.35324e-20
1.33106e-20
1.30906e-20
1.28722e-20
1.26557e-20
1.24408e-20
1.22278e-20
1.20164e-20
1.18068e-20
1.1599e-20
1.13929e-20
1.11886e-20
1.0986e-20
1.07853e-20
1.05863e-20
1.0389e-20
1.01936e-20
9.99984e-21
9.80788e-21
9.6177e-21
9.42926e-21
9.24257e-21
9.05767e-21
8.8745e-21
8.69308e-21
8.51336e-21
8.33538e-21
8.15916e-21
7.98469e-21
7.81199e-21
7.64111e-21
7.472e-21
7.3047e-21
7.13924e-21
6.97559e-21
6.81378e-21
6.65386e-21
6.49583e-21
6.33974e-21
6.18566e-21
6.03362e-21
5.88363e-21
5.73572e-21
5.58993e-21
5.44626e-21
5.30478e-21
5.16557e-21
5.02868e-21
4.89412e-21
4.76193e-21
4.63216e-21
4.5048e-21
4.37987e-21
4.25739e-21
4.13737e-21
4.0198e-21
3.90468e-21
3.79202e-21
3.6818e-21
3.574e-21
3.46862e-21
3.36563e-21
3.26504e-21
3.16679e-21
3.07087e-21
2.97726e-21
2.88595e-21
2.79688e-21
2.71003e-21
2.62539e-21
2.54291e-21
2.46256e-21
2.3843e-21
2.30812e-21
2.23396e-21
2.16182e-21
2.09163e-21
2.02336e-21
1.95699e-21
1.89248e-21
1.82979e-21
1.76887e-21
1.7097e-21
1.65224e-21
1.59646e-21
1.54231e-21
1.48977e-21
1.43879e-21
1.38934e-21
1.34139e-21
1.2949e-21
1.24983e-21
1.20615e-21
1.16383e-21
1.12284e-21
1.08313e-21
1.04467e-21
1.00745e-21
9.71409e-22
9.36535e-22
9.02795e-22
8.70152e-22
8.38577e-22
8.08043e-22
7.78521e-22
7.49983e-22
7.22403e-22
6.95748e-22
6.69994e-22
6.45115e-22
6.21085e-22
5.97881e-22
5.75478e-22
5.53848e-22
5.3297e-22
5.1282e-22
4.93377e-22
4.74619e-22
4.56526e-22
4.39073e-22
4.22242e-22
4.06013e-22
3.90366e-22
3.75284e-22
3.60749e-22
3.46742e-22
3.33246e-22
3.20242e-22
3.07716e-22
2.95651e-22
2.84032e-22
2.72845e-22
2.62075e-22
2.51706e-22
2.41726e-22
2.32119e-22
2.22875e-22
2.1398e-22
2.05423e-22
1.97191e-22
1.89275e-22
1.8166e-22
1.74337e-22
1.67296e-22
1.60526e-22
1.54018e-22
1.47762e-22
1.4175e-22
1.35973e-22
1.30421e-22
1.25086e-22
1.1996e-22
1.15036e-22
1.10306e-22
1.05764e-22
1.01401e-22
9.72126e-23
9.31902e-23
8.9328e-23
8.56201e-23
8.20606e-23
7.86439e-23
7.53648e-23
7.22179e-23
6.91983e-23
6.63011e-23
6.35211e-23
6.08539e-23
5.82951e-23
5.58406e-23
5.34863e-23
5.12283e-23
4.9063e-23
4.69866e-23
4.49958e-23
4.30872e-23
4.12573e-23
3.95028e-23
3.7821e-23
3.62088e-23
3.46636e-23
3.31827e-23
3.17636e-23
3.04037e-23
2.91007e-23
2.78523e-23
2.66562e-23
2.55102e-23
2.44123e-23
2.33606e-23
2.23531e-23
2.13882e-23
2.04641e-23
1.95791e-23
1.87316e-23
1.79201e-23
1.71431e-23
1.63991e-23
1.56867e-23
1.50047e-23
1.43517e-23
1.37266e-23
1.31283e-23
1.25555e-23
1.20073e-23
1.14827e-23
1.09806e-23
1.05002e-23
1.00404e-23
9.60043e-24
9.17941e-24
8.77655e-24
8.39108e-24
8.02227e-24
7.66942e-24
7.33187e-24
7.00896e-24
6.70009e-24
6.40464e-24
6.12207e-24
5.85181e-24
5.59331e-24
5.34606e-24
5.10958e-24
4.88342e-24
4.66714e-24
4.46031e-24
4.26253e-24
4.07342e-24
3.8926e-24
3.71971e-24
3.55443e-24
3.39641e-24
3.24536e-24
3.10095e-24
2.9629e-24
2.83092e-24
2.70475e-24
2.58415e-24
2.46886e-24
2.35866e-24
2.25333e-24
2.15266e-24
2.05644e-24
1.96449e-24
1.87661e-24
1.79263e-24
1.71239e-24
1.63571e-24
1.56244e-24
1.49242e-24
1.42551e-24
1.36157e-24
1.30047e-24
1.24209e-24
1.18631e-24
1.13302e-24
1.0821e-24
1.03345e-24
9.86975e-25
9.42576e-25
9.00162e-25
8.59645e-25
8.20942e-25
7.83973e-25
7.48661e-25
7.14927e-25
6.82703e-25
6.5192e-25
6.22516e-25
5.94429e-25
5.67601e-25
5.41976e-25
5.17501e-25
4.94125e-25
4.718e-25
4.50478e-25
4.30115e-25
4.10669e-25
3.92098e-25
3.74364e-25
3.5743e-25
3.41259e-25
3.25816e-25
3.11068e-25
2.96983e-25
2.83533e-25
2.70689e-25
2.58424e-25
2.46711e-25
2.35527e-25
2.24848e-25
2.14652e-25
2.04915e-25
1.95619e-25
1.86743e-25
1.78269e-25
1.70178e-25
1.62454e-25
1.5508e-25
1.48039e-25
1.41318e-25
1.34901e-25
1.28774e-25
1.22924e-25
1.17339e-25
1.12007e-25
1.06916e-25
1.02056e-25
9.74159e-26
9.29862e-26
8.87574e-26
8.47204e-26
8.08666e-26
7.71877e-26
7.36759e-26
7.03237e-26
6.71237e-26
6.40693e-26
6.11538e-26
5.83709e-26
5.57147e-26
5.31795e-26
5.07597e-26
4.84498e-26
4.62449e-26
4.41401e-26
4.2131e-26
4.02133e-26
3.83827e-26
3.66355e-26
3.49677e-26
3.33759e-26
3.18566e-26
3.04065e-26
2.90225e-26
2.77016e-26
2.64409e-26
2.52378e-26
2.40895e-26
2.29938e-26
2.1948e-26
2.09501e-26
1.99978e-26
1.90891e-26
1.82221e-26
1.73947e-26
1.66051e-26
1.58516e-26
1.51326e-26
1.44465e-26
1.37918e-26
1.31671e-26
1.2571e-26
1.20024e-26
1.14598e-26
1.09422e-26
1.04484e-26
9.97735e-27
9.52804e-27
9.0995e-27
8.69078e-27
8.301e-27
7.92932e-27
7.57491e-27
7.23703e-27
6.91492e-27
6.6079e-27
6.31528e-27
6.03645e-27
5.77078e-27
5.5177e-27
5.27667e-27
5.04714e-27
4.8286e-27
4.62055e-27
4.42256e-27
4.23418e-27
4.05501e-27
3.88467e-27
3.72278e-27
3.569e-27
3.42298e-27
3.28442e-27
3.15301e-27
3.02847e-27
2.91052e-27
2.79893e-27
2.69343e-27
2.59381e-27
2.49985e-27
2.41135e-27
2.32812e-27
2.24997e-27
2.17675e-27
2.10828e-27
2.04444e-27
1.98507e-27
1.93006e-27
1.87928e-27
1.83263e-27
1.79001e-27
1.75132e-27
1.71655e-27
1.68571e-27
1.6588e-27
1.63573e-27
1.61653e-27
1.60114e-27
1.58953e-27
1.58163e-27
1.57743e-27
1.57689e-27
1.58001e-27
1.58676e-27
1.59716e-27
1.61121e-27
1.62892e-27
