10
1e+18
2e+17
49.9995
9.99996
18755.4
2.73105e-20
2.73089e-20
2.72992e-20
2.72842e-20
2.72638e-20
2.7238e-20
2.72069e-20
2.71703e-20
2.71284e-20
2.70811e-20
2.70285e-20
2.69707e-20
2.69076e-20
2.68393e-20
2.67658e-20
2.66872e-20
2.66035e-20
2.65147e-20
2.6421e-20
2.63224e-20
2.62189e-20
2.61106e-20
2.59975e-20
2.58798e-20
2.57574e-20
2.56305e-20
2.54992e-20
2.53634e-20
2.52234e-20
2.50791e-20
2.49307e-20
2.47781e-20
2.46216e-20
2.44612e-20
2.4297e-20
2.41291e-20
2.39576e-20
2.37825e-20
2.3604e-20
2.34221e-20
2.32371e-20
2.30488e-20
2.28576e-20
2.26634e-20
2.24663e-20
2.22665e-20
2.20641e-20
2.18592e-20
2.16519e-20
2.14422e-20
2.12303e-20
2.10163e-20
2.08004e-20
2.05825e-20
2.03628e-20
2.01415e-20
1.99186e-20
1.96942e-20
1.94685e-20
1.92415e-20
1.90134e-20
1.87842e-20
1.85541e-20
1.83231e-20
1.80914e-20
1.78591e-20
1.76262e-20
1.73929e-20
1.71592e-20
1.69253e-20
1.66913e-20
1.64572e-20
1.62231e-20
1.59892e-20
1.57555e-20
1.55221e-20
1.52892e-20
1.50567e-20
1.48248e-20
1.45935e-20
1.4363e-20
1.41333e-20
1.39045e-20
1.36766e-20
1.34498e-20
1.32242e-20
1.29997e-20
1.27764e-20
1.25545e-20
1.2334e-20
1.2115e-20
1.18974e-20
1.16814e-20
1.1467e-20
1.12544e-20
1.10434e-20
1.08343e-20
1.06269e-20
1.04215e-20
1.0218e-20
1.00164e-20
9.8169e-21
9.61941e-21
9.424e-21
9.23072e-21
9.03959e-21
8.85064e-21
8.6639e-21
8.4794e-21
8.29717e-21
8.11722e-21
7.93959e-21
7.76428e-21
7.59132e-21
7.42072e-21
7.2525e-21
7.08667e-21
6.92324e-21
6.76221e-21
6.60361e-21
6.44743e-21
6.29368e-21
6.14236e-21
5.99347e-21
5.84702e-21
5.703e-21
5.56141e-21
5.42224e-21
5.28549e-21
5.15116e-21
5.01923e-21
4.8897e-21
4.76256e-21
4.63779e-21
4.51538e-21
4.39532e-21
4.2776e-21
4.16219e-21
4.04909e-21
3.93827e-21
3.82972e-21
3.72341e-21
3.61933e-21
3.51746e-21
3.41777e-21
3.32024e-21
3.22484e-21
3.13157e-21
3.04038e-21
2.95126e-21
2.86418e-21
2.77911e-21
2.69603e-21
2.61491e-21
2.53573e-21
2.45845e-21
2.38305e-21
2.30951e-21
2.23779e-21
2.16786e-21
2.0997e-21
2.03328e-21
1.96857e-21
1.90554e-21
1.84416e-21
1.7844e-21
1.72624e-21
1.66964e-21
1.61457e-21
1.56101e-21
1.50893e-21
1.4583e-21
1.40908e-21
1.36126e-21
1.3148e-21
1.26967e-21
1.22585e-21
1.18331e-21
1.14202e-21
1.10195e-21
1.06308e-21
1.02537e-21
9.88811e-22
9.53365e-22
9.19008e-22
8.85714e-22
8.53459e-22
8.22216e-22
7.91961e-22
7.62669e-22
7.34317e-22
7.0688e-22
6.80334e-22
6.54656e-22
6.29825e-22
6.05816e-22
5.82608e-22
5.6018e-22
5.3851e-22
5.17577e-22
4.97361e-22
4.77841e-22
4.58997e-22
4.40811e-22
4.23262e-22
4.06333e-22
3.90006e-22
3.74262e-22
3.59083e-22
3.44453e-22
3.30356e-22
3.16773e-22
3.03691e-22
2.91092e-22
2.78962e-22
2.67286e-22
2.56049e-22
2.45238e-22
2.34837e-22
2.24834e-22
2.15216e-22
2.0597e-22
1.97083e-22
1.88544e-22
1.8034e-22
1.7246e-22
1.64892e-22
1.57627e-22
1.50653e-22
1.4396e-22
1.37538e-22
1.31377e-22
1.25469e-22
1.19803e-22
1.14372e-22
1.09166e-22
1.04177e-22
9.93979e-23
9.48197e-23
9.04353e-23
8.62374e-23
8.22188e-23
7.83727e-23
7.46924e-23
7.11716e-23
6.7804e-23
6.45836e-23
6.15047e-23
5.85615e-23
5.57488e-23
5.30613e-23
5.04938e-23
4.80417e-23
4.57001e-23
4.34645e-23
4.13307e-23
3.92942e-23
3.73512e-23
3.54977e-23
3.373e-23
3.20443e-23
3.04373e-23
2.89055e-23
2.74457e-23
2.60548e-23
2.47299e-23
2.34681e-23
2.22665e-23
2.11226e-23
2.00338e-23
1.89976e-23
1.80118e-23
1.70739e-23
1.6182e-23
1.53338e-23
1.45275e-23
1.3761e-23
1.30326e-23
1.23406e-23
1.16831e-23
1.10587e-23
1.04658e-23
9.90282e-24
9.36846e-24
8.86133e-24
8.38014e-24
7.92365e-24
7.49067e-24
7.08008e-24
6.69079e-24
6.32177e-24
5.97203e-24
5.64063e-24
5.32665e-24
5.02926e-24
4.74761e-24
4.48094e-24
4.22848e-24
3.98954e-24
3.76342e-24
3.54949e-24
3.34712e-24
3.15573e-24
2.97475e-24
2.80364e-24
2.64191e-24
2.48906e-24
2.34464e-24
2.20821e-24
2.07934e-24
1.95764e-24
1.84274e-24
1.73428e-24
1.63191e-24
1.53531e-24
1.44417e-24
1.3582e-24
1.27712e-24
1.20066e-24
1.12859e-24
1.06065e-24
9.96622e-25
9.36294e-25
8.79461e-25
8.25932e-25
7.75522e-25
7.2806e-25
6.83381e-25
6.4133e-25
6.01759e-25
5.6453e-25
5.29509e-25
4.96573e-25
4.65602e-25
4.36486e-25
4.09117e-25
3.83396e-25
3.59227e-25
3.36522e-25
3.15196e-25
2.95169e-25
2.76365e-25
2.58712e-25
2.42144e-25
2.26596e-25
2.12009e-25
1.98325e-25
1.85491e-25
1.73457e-25
1.62174e-25
1.51598e-25
1.41686e-25
1.32398e-25
1.23697e-25
1.15547e-25
1.07914e-25
1.00768e-25
9.40772e-26
8.78152e-26
8.19552e-26
7.64724e-26
7.13435e-26
6.65465e-26
6.20608e-26
5.7867e-26
5.39468e-26
5.02831e-26
4.68596e-26
4.36612e-26
4.06738e-26
3.78838e-26
3.52787e-26
3.28468e-26
3.0577e-26
2.84587e-26
2.64824e-26
2.46388e-26
2.29194e-26
2.1316e-26
1.98211e-26
1.84277e-26
1.71291e-26
1.59191e-26
1.47919e-26
1.37419e-26
1.27641e-26
1.18537e-26
1.10062e-26
1.02174e-26
9.48336e-27
8.80043e-27
8.16517e-27
7.57436e-27
7.025e-27
6.51427e-27
6.03955e-27
5.59839e-27
5.18848e-27
4.8077e-27
4.45403e-27
4.12561e-27
3.8207e-27
3.53766e-27
3.27498e-27
3.03124e-27
2.80512e-27
2.59539e-27
2.40089e-27
2.22054e-27
2.05337e-27
1.89842e-27
1.75484e-27
1.62182e-27
1.4986e-27
1.38448e-27
1.27882e-27
1.181e-27
1.09046e-27
1.00667e-27
9.29156e-28
8.57448e-28
7.91129e-28
7.29805e-28
6.73112e-28
6.2071e-28
5.72284e-28
5.27542e-28
4.86211e-28
4.48039e-28
4.12791e-28
3.80251e-28
3.50215e-28
3.22498e-28
2.96926e-28
2.73337e-28
2.51583e-28
2.31525e-28
2.13036e-28
1.95996e-28
1.80295e-28
1.65832e-28
1.52513e-28
1.4025e-28
1.28962e-28
1.18576e-28
1.09021e-28
1.00235e-28
9.21572e-29
8.4734e-29
7.79148e-29
7.16532e-29
6.59061e-29
6.06339e-29
5.58e-29
5.13707e-29
4.73148e-29
4.36038e-29
4.02111e-29
3.71124e-29
3.42855e-29
3.17097e-29
2.93662e-29
2.72377e-29
2.53081e-29
2.3563e-29
2.1989e-29
2.05739e-29
1.93066e-29
1.81768e-29
1.71753e-29
1.62938e-29
1.55246e-29
1.48608e-29
1.42963e-29
1.38253e-29
1.34431e-29
1.31451e-29
1.29274e-29
1.27867e-29
1.27199e-29
1.27246e-29
1.27985e-29
1.29399e-29
1.31474e-29
1.342e-29
1.37567e-29
1.41576e-29
1.46228e-29
1.51525e-29
1.57471e-29
1.64076e-29
1.71348e-29
1.79299e-29
1.87941e-29
1.97291e-29
2.07367e-29
2.18189e-29
2.29781e-29
2.42168e-29
2.55378e-29
2.69439e-29
