5
5e+17
5e+17
49.9998
4.99993
13262.1
7.67361e-20
7.67324e-20
7.67075e-20
7.6668e-20
7.66135e-20
7.65438e-20
7.6459e-20
7.63592e-20
7.62442e-20
7.61143e-20
7.59695e-20
7.58099e-20
7.56356e-20
7.54466e-20
7.52431e-20
7.50253e-20
7.47932e-20
7.45469e-20
7.42867e-20
7.40127e-20
7.37249e-20
7.34237e-20
7.31091e-20
7.27814e-20
7.24408e-20
7.20874e-20
7.17214e-20
7.13431e-20
7.09526e-20
7.05502e-20
7.01362e-20
6.97106e-20
6.92739e-20
6.88262e-20
6.83678e-20
6.78989e-20
6.74198e-20
6.69308e-20
6.6432e-20
6.59239e-20
6.54066e-20
6.48805e-20
6.43457e-20
6.38027e-20
6.32517e-20
6.26929e-20
6.21267e-20
6.15533e-20
6.09731e-20
6.03864e-20
5.97933e-20
5.91944e-20
5.85897e-20
5.79797e-20
5.73646e-20
5.67447e-20
5.61203e-20
5.54918e-20
5.48594e-20
5.42234e-20
5.3584e-20
5.29417e-20
5.22967e-20
5.16492e-20
5.09996e-20
5.03481e-20
4.96951e-20
4.90407e-20
4.83854e-20
4.77293e-20
4.70727e-20
4.64159e-20
4.57591e-20
4.51027e-20
4.44468e-20
4.37917e-20
4.31377e-20
4.2485e-20
4.18338e-20
4.11844e-20
4.0537e-20
3.98919e-20
3.92492e-20
3.86091e-20
3.7972e-20
3.73379e-20
3.6707e-20
3.60797e-20
3.5456e-20
3.48361e-20
3.42203e-20
3.36086e-20
3.30013e-20
3.23985e-20
3.18004e-20
3.12071e-20
3.06188e-20
3.00356e-20
2.94576e-20
2.8885e-20
2.83178e-20
2.77563e-20
2.72005e-20
2.66505e-20
2.61064e-20
2.55683e-20
2.50363e-20
2.45105e-20
2.3991e-20
2.34777e-20
2.29709e-20
2.24705e-20
2.19767e-20
2.14894e-20
2.10087e-20
2.05347e-20
2.00673e-20
1.96067e-20
1.91528e-20
1.87057e-20
1.82654e-20
1.78319e-20
1.74052e-20
1.69853e-20
1.65722e-20
1.6166e-20
1.57665e-20
1.53739e-20
1.4988e-20
1.46089e-20
1.42365e-20
1.38708e-20
1.35118e-20
1.31595e-20
1.28138e-20
1.24747e-20
1.21421e-20
1.1816e-20
1.14964e-20
1.11831e-20
1.08762e-20
1.05756e-20
1.02813e-20
9.9931e-21
9.71105e-21
9.43506e-21
9.16507e-21
8.90101e-21
8.64281e-21
8.39041e-21
8.14373e-21
7.90271e-21
7.66727e-21
7.43734e-21
7.21284e-21
6.9937e-21
6.77985e-21
6.57119e-21
6.36767e-21
6.16919e-21
5.97569e-21
5.78707e-21
5.60327e-21
5.42419e-21
5.24977e-21
5.07991e-21
4.91455e-21
4.75359e-21
4.59697e-21
4.44459e-21
4.29638e-21
4.15226e-21
4.01215e-21
3.87597e-21
3.74364e-21
3.61508e-21
3.49022e-21
3.36897e-21
3.25127e-21
3.13703e-21
3.02618e-21
2.91864e-21
2.81434e-21
2.71321e-21
2.61517e-21
2.52016e-21
2.42809e-21
2.3389e-21
2.25253e-21
2.1689e-21
2.08794e-21
2.00958e-21
1.93377e-21
1.86043e-21
1.78951e-21
1.72093e-21
1.65464e-21
1.59057e-21
1.52867e-21
1.46887e-21
1.41112e-21
1.35537e-21
1.30154e-21
1.24959e-21
1.19947e-21
1.15113e-21
1.1045e-21
1.05954e-21
1.0162e-21
9.74433e-22
9.34189e-22
8.95422e-22
8.58086e-22
8.22137e-22
7.87531e-22
7.54225e-22
7.22179e-22
6.91351e-22
6.61702e-22
6.33194e-22
6.05788e-22
5.79449e-22
5.5414e-22
5.29828e-22
5.06477e-22
4.84055e-22
4.6253e-22
4.41871e-22
4.22047e-22
4.03029e-22
3.84789e-22
3.67298e-22
3.50529e-22
3.34457e-22
3.19057e-22
3.04302e-22
2.90169e-22
2.76636e-22
2.6368e-22
2.51278e-22
2.39411e-22
2.28056e-22
2.17196e-22
2.06809e-22
1.96879e-22
1.87387e-22
1.78316e-22
1.69649e-22
1.6137e-22
1.53464e-22
1.45914e-22
1.38708e-22
1.3183e-22
1.25268e-22
1.19008e-22
1.13037e-22
1.07344e-22
1.01917e-22
9.67438e-23
9.18147e-23
8.71189e-23
8.26463e-23
7.83872e-23
7.43325e-23
7.0473e-23
6.68003e-23
6.3306e-23
5.99822e-23
5.68214e-23
5.38161e-23
5.09594e-23
4.82445e-23
4.5665e-23
4.32145e-23
4.08873e-23
3.86775e-23
3.65797e-23
3.45887e-23
3.26995e-23
3.09071e-23
2.92071e-23
2.7595e-23
2.60667e-23
2.4618e-23
2.32451e-23
2.19444e-23
2.07123e-23
1.95455e-23
1.84407e-23
1.73948e-23
1.6405e-23
1.54684e-23
1.45824e-23
1.37443e-23
1.29519e-23
1.22027e-23
1.14945e-23
1.08253e-23
1.01931e-23
9.59582e-24
9.03179e-24
8.49923e-24
7.99649e-24
7.52201e-24
7.07429e-24
6.65191e-24
6.25352e-24
5.87783e-24
5.52364e-24
5.18977e-24
4.87513e-24
4.57867e-24
4.29941e-24
4.03639e-24
3.78872e-24
3.55557e-24
3.33611e-24
3.1296e-24
2.9353e-24
2.75253e-24
2.58065e-24
2.41904e-24
2.26711e-24
2.12432e-24
1.99014e-24
1.86407e-24
1.74567e-24
1.63447e-24
1.53006e-24
1.43205e-24
1.34007e-24
1.25375e-24
1.17278e-24
1.09683e-24
1.0256e-24
9.58817e-25
8.96215e-25
8.37543e-25
7.82566e-25
7.31061e-25
6.82818e-25
6.37639e-25
5.95339e-25
5.55742e-25
5.18682e-25
4.84003e-25
4.5156e-25
4.21213e-25
3.92833e-25
3.66298e-25
3.41492e-25
3.18307e-25
2.96642e-25
2.764e-25
2.57493e-25
2.39835e-25
2.23347e-25
2.07954e-25
1.93587e-25
1.80179e-25
1.6767e-25
1.56e-25
1.45116e-25
1.34967e-25
1.25505e-25
1.16685e-25
1.08466e-25
1.00806e-25
9.36712e-26
8.70252e-26
8.0836e-26
7.50734e-26
6.9709e-26
6.47161e-26
6.007e-26
5.57474e-26
5.17265e-26
4.79868e-26
4.45095e-26
4.12767e-26
3.82718e-26
3.54792e-26
3.28845e-26
3.0474e-26
2.82351e-26
2.61559e-26
2.42255e-26
2.24335e-26
2.07703e-26
1.92269e-26
1.7795e-26
1.64667e-26
1.52349e-26
1.40926e-26
1.30336e-26
1.20521e-26
1.11424e-26
1.02995e-26
9.51867e-27
8.79543e-27
8.12567e-27
7.50556e-27
6.93151e-27
6.40021e-27
5.90856e-27
5.45369e-27
5.03293e-27
4.64379e-27
4.28396e-27
3.9513e-27
3.64381e-27
3.35965e-27
3.09708e-27
2.85452e-27
2.63049e-27
2.4236e-27
2.23258e-27
2.05625e-27
1.89351e-27
1.74334e-27
1.60479e-27
1.47699e-27
1.35914e-27
1.25046e-27
1.15028e-27
1.05794e-27
9.72853e-28
8.94456e-28
8.2224e-28
7.55731e-28
6.94491e-28
6.38113e-28
5.86223e-28
5.38474e-28
4.94544e-28
4.54136e-28
4.16977e-28
3.82812e-28
3.51409e-28
3.22551e-28
2.96039e-28
2.71688e-28
2.49328e-28
2.28802e-28
2.09966e-28
1.92687e-28
1.7684e-28
1.62314e-28
1.49002e-28
1.3681e-28
1.25648e-28
1.15434e-28
1.06095e-28
9.75594e-29
8.97653e-29
8.2654e-29
7.61717e-29
7.02694e-29
6.49018e-29
6.00275e-29
5.56086e-29
5.16103e-29
4.80007e-29
4.47507e-29
4.18335e-29
3.92251e-29
3.69035e-29
3.48485e-29
3.30421e-29
3.14674e-29
3.011e-29
2.89576e-29
2.79994e-29
2.72245e-29
2.66234e-29
2.61881e-29
2.5911e-29
2.57864e-29
2.58092e-29
2.59742e-29
2.62774e-29
2.67151e-29
2.72848e-29
2.79844e-29
2.88125e-29
2.97684e-29
3.08518e-29
3.20632e-29
3.34035e-29
3.48741e-29
3.6477e-29
3.82144e-29
4.00894e-29
4.21051e-29
4.42654e-29
4.65744e-29
4.90367e-29
5.16574e-29
5.44418e-29
5.73958e-29
6.05258e-29
