20
1e+18
2e+18
49.9998
20.0008
26524.1
1.22389e-20
1.22289e-20
1.21977e-20
1.2163e-20
1.21255e-20
1.20855e-20
1.20431e-20
1.19984e-20
1.19515e-20
1.19025e-20
1.18513e-20
1.17979e-20
1.17424e-20
1.16848e-20
1.16252e-20
1.15634e-20
1.14997e-20
1.14341e-20
1.13665e-20
1.1297e-20
1.12257e-20
1.11525e-20
1.10776e-20
1.1001e-20
1.09227e-20
1.08427e-20
1.07612e-20
1.06781e-20
1.05935e-20
1.05075e-20
1.04201e-20
1.03313e-20
1.02412e-20
1.01499e-20
1.00573e-20
9.96358e-21
9.86875e-21
9.77283e-21
9.67591e-21
9.57801e-21
9.47917e-21
9.37947e-21
9.27893e-21
9.17763e-21
9.0756e-21
8.9729e-21
8.86957e-21
8.76565e-21
8.6612e-21
8.55626e-21
8.45088e-21
8.34511e-21
8.23899e-21
8.13257e-21
8.0259e-21
7.91902e-21
7.81198e-21
7.70481e-21
7.59757e-21
7.49031e-21
7.38306e-21
7.27587e-21
7.16877e-21
7.0618e-21
6.955e-21
6.84842e-21
6.74209e-21
6.63605e-21
6.53033e-21
6.42496e-21
6.31999e-21
6.21545e-21
6.11137e-21
6.00778e-21
5.9047e-21
5.80217e-21
5.70023e-21
5.59889e-21
5.49819e-21
5.39817e-21
5.29883e-21
5.20021e-21
5.10234e-21
5.00525e-21
4.90894e-21
4.81347e-21
4.71884e-21
4.62509e-21
4.53224e-21
4.44031e-21
4.34932e-21
4.2593e-21
4.17028e-21
4.08228e-21
3.99532e-21
3.90942e-21
3.82461e-21
3.74088e-21
3.65827e-21
3.57677e-21
3.4964e-21
3.41718e-21
3.3391e-21
3.26219e-21
3.18644e-21
3.11186e-21
3.03845e-21
2.96623e-21
2.89519e-21
2.82533e-21
2.75665e-21
2.68915e-21
2.62284e-21
2.5577e-21
2.49374e-21
2.43095e-21
2.36933e-21
2.30887e-21
2.24956e-21
2.19141e-21
2.13439e-21
2.07851e-21
2.02376e-21
1.97012e-21
1.91758e-21
1.86615e-21
1.8158e-21
1.76652e-21
1.71831e-21
1.67115e-21
1.62503e-21
1.57994e-21
1.53586e-21
1.49279e-21
1.45071e-21
1.4096e-21
1.36945e-21
1.33025e-21
1.29199e-21
1.25465e-21
1.21821e-21
1.18266e-21
1.14799e-21
1.11418e-21
1.08122e-21
1.04909e-21
1.01779e-21
9.87282e-22
9.57565e-22
9.28622e-22
9.00437e-22
8.72998e-22
8.4629e-22
8.20298e-22
7.95006e-22
7.70399e-22
7.46464e-22
7.23187e-22
7.00554e-22
6.78551e-22
6.57165e-22
6.3638e-22
6.16183e-22
5.9656e-22
5.77499e-22
5.58987e-22
5.41011e-22
5.23559e-22
5.06618e-22
4.90176e-22
4.7422e-22
4.58736e-22
4.43715e-22
4.29143e-22
4.15011e-22
4.01307e-22
3.88019e-22
3.75138e-22
3.62653e-22
3.50552e-22
3.38824e-22
3.2746e-22
3.16451e-22
3.05786e-22
2.95456e-22
2.85452e-22
2.75766e-22
2.66388e-22
2.57308e-22
2.48518e-22
2.40011e-22
2.31777e-22
2.23809e-22
2.161e-22
2.08642e-22
2.01427e-22
1.9445e-22
1.87701e-22
1.81175e-22
1.74865e-22
1.68764e-22
1.62865e-22
1.57162e-22
1.5165e-22
1.46322e-22
1.41174e-22
1.36199e-22
1.31392e-22
1.26748e-22
1.22262e-22
1.17929e-22
1.13744e-22
1.09701e-22
1.05796e-22
1.02025e-22
9.83844e-23
9.48688e-23
9.14746e-23
8.81979e-23
8.50349e-23
8.1982e-23
7.90354e-23
7.61918e-23
7.34478e-23
7.08e-23
6.82449e-23
6.57794e-23
6.34006e-23
6.11055e-23
5.88915e-23
5.67556e-23
5.46954e-23
5.27083e-23
5.07917e-23
4.89434e-23
4.7161e-23
4.54423e-23
4.3785e-23
4.21871e-23
4.06466e-23
3.91612e-23
3.7729e-23
3.63482e-23
3.50171e-23
3.37339e-23
3.24969e-23
3.13046e-23
3.01553e-23
2.90477e-23
2.79802e-23
2.69514e-23
2.59599e-23
2.50045e-23
2.40839e-23
2.31969e-23
2.23422e-23
2.15187e-23
2.07252e-23
1.99607e-23
1.9224e-23
1.85142e-23
1.78304e-23
1.71716e-23
1.65369e-23
1.59255e-23
1.53365e-23
1.47691e-23
1.42226e-23
1.36962e-23
1.31891e-23
1.27008e-23
1.22304e-23
1.17774e-23
1.13411e-23
1.09209e-23
1.05163e-23
1.01266e-23
9.75119e-24
9.38967e-24
9.04149e-24
8.70617e-24
8.38323e-24
8.07224e-24
7.77274e-24
7.48433e-24
7.2066e-24
6.93915e-24
6.68162e-24
6.43363e-24
6.19485e-24
5.96492e-24
5.74354e-24
5.53037e-24
5.32513e-24
5.12752e-24
4.93726e-24
4.75408e-24
4.57771e-24
4.40789e-24
4.24436e-24
4.0869e-24
3.93528e-24
3.78929e-24
3.64872e-24
3.51337e-24
3.38304e-24
3.25756e-24
3.13674e-24
3.02041e-24
2.90841e-24
2.80057e-24
2.69675e-24
2.59678e-24
2.50054e-24
2.40787e-24
2.31866e-24
2.23277e-24
2.15007e-24
2.07046e-24
1.99381e-24
1.92001e-24
1.84897e-24
1.78057e-24
1.71472e-24
1.65132e-24
1.59026e-24
1.53148e-24
1.47488e-24
1.42037e-24
1.36789e-24
1.31736e-24
1.26871e-24
1.22186e-24
1.17675e-24
1.13331e-24
1.09149e-24
1.05122e-24
1.01244e-24
9.75104e-25
9.39153e-25
9.04538e-25
8.71207e-25
8.39114e-25
8.08212e-25
7.78458e-25
7.49807e-25
7.22221e-25
6.95658e-25
6.70081e-25
6.45454e-25
6.21741e-25
5.98908e-25
5.76922e-25
5.55753e-25
5.35366e-25
5.15732e-25
4.96823e-25
4.78613e-25
4.61076e-25
4.44186e-25
4.2792e-25
4.12255e-25
3.97168e-25
3.82638e-25
3.68644e-25
3.55167e-25
3.42187e-25
3.29687e-25
3.17647e-25
3.06052e-25
2.94884e-25
2.84128e-25
2.73769e-25
2.63792e-25
2.54183e-25
2.44928e-25
2.36014e-25
2.27429e-25
2.1916e-25
2.11196e-25
2.03525e-25
1.96138e-25
1.89022e-25
1.82168e-25
1.75567e-25
1.6921e-25
1.63086e-25
1.57188e-25
1.51507e-25
1.46036e-25
1.40765e-25
1.35688e-25
1.30797e-25
1.26085e-25
1.21546e-25
1.17173e-25
1.12961e-25
1.08903e-25
1.04995e-25
1.01229e-25
9.76015e-26
9.4107e-26
9.07407e-26
8.7498e-26
8.43742e-26
8.1365e-26
7.84663e-26
7.5674e-26
7.29842e-26
7.03933e-26
6.78975e-26
6.54935e-26
6.31779e-26
6.09475e-26
5.87992e-26
5.673e-26
5.4737e-26
5.28176e-26
5.0969e-26
4.91887e-26
4.74742e-26
4.58231e-26
4.42333e-26
4.27024e-26
4.12283e-26
3.98091e-26
3.84428e-26
3.71274e-26
3.58612e-26
3.46424e-26
3.34694e-26
3.23405e-26
3.12542e-26
3.02089e-26
2.92033e-26
2.82358e-26
2.7305e-26
2.64097e-26
2.55487e-26
2.47207e-26
2.39247e-26
2.31596e-26
2.24242e-26
2.17177e-26
2.1039e-26
2.03873e-26
1.97615e-26
1.91609e-26
1.85847e-26
1.8032e-26
1.75022e-26
1.69943e-26
1.65079e-26
1.60422e-26
1.55966e-26
1.51704e-26
1.47631e-26
1.4374e-26
1.40028e-26
1.36488e-26
1.33116e-26
1.29907e-26
1.26857e-26
1.23961e-26
1.21215e-26
1.18616e-26
1.1616e-26
1.13843e-26
1.11662e-26
1.09614e-26
1.07696e-26
1.05905e-26
1.04239e-26
1.02695e-26
1.01271e-26
9.99652e-27
9.8775e-27
9.76989e-27
9.67352e-27
9.58823e-27
9.51388e-27
9.45034e-27
9.39751e-27
9.35528e-27
9.32357e-27
9.30229e-27
9.2914e-27
9.29085e-27
9.30059e-27
9.3206e-27
9.35081e-27
9.39121e-27
9.44182e-27
9.50271e-27
9.57434e-27
9.6569e-27
9.7506e-27
9.85547e-27
9.97153e-27
1.00988e-26
1.02374e-26
