5
5e+16
2e+18
49.9999
4.9998
13262.1
7.2984e-20
7.2971e-20
7.29212e-20
7.28574e-20
7.27802e-20
7.26898e-20
7.25863e-20
7.24698e-20
7.23404e-20
7.21981e-20
7.2043e-20
7.18752e-20
7.16948e-20
7.15018e-20
7.12966e-20
7.10792e-20
7.08497e-20
7.06081e-20
7.03547e-20
7.00894e-20
6.98125e-20
6.95241e-20
6.92243e-20
6.89133e-20
6.85913e-20
6.82584e-20
6.79149e-20
6.75608e-20
6.71964e-20
6.68219e-20
6.64373e-20
6.6043e-20
6.56391e-20
6.52259e-20
6.48035e-20
6.43722e-20
6.39321e-20
6.34835e-20
6.30266e-20
6.25616e-20
6.20888e-20
6.16084e-20
6.11206e-20
6.06256e-20
6.01237e-20
5.96152e-20
5.91002e-20
5.8579e-20
5.80519e-20
5.7519e-20
5.69807e-20
5.64371e-20
5.58886e-20
5.53354e-20
5.47776e-20
5.42156e-20
5.36497e-20
5.30799e-20
5.25067e-20
5.19302e-20
5.13507e-20
5.07684e-20
5.01836e-20
4.95965e-20
4.90073e-20
4.84164e-20
4.78238e-20
4.72298e-20
4.66348e-20
4.60388e-20
4.54422e-20
4.48451e-20
4.42477e-20
4.36504e-20
4.30532e-20
4.24564e-20
4.18603e-20
4.1265e-20
4.06706e-20
4.00775e-20
3.94858e-20
3.88957e-20
3.83074e-20
3.77211e-20
3.71369e-20
3.6555e-20
3.59757e-20
3.53989e-20
3.4825e-20
3.42541e-20
3.36864e-20
3.31219e-20
3.25609e-20
3.20034e-20
3.14497e-20
3.08998e-20
3.03538e-20
2.9812e-20
2.92744e-20
2.87411e-20
2.82122e-20
2.76879e-20
2.71683e-20
2.66534e-20
2.61433e-20
2.56382e-20
2.51381e-20
2.46431e-20
2.41533e-20
2.36687e-20
2.31894e-20
2.27155e-20
2.2247e-20
2.17839e-20
2.13265e-20
2.08746e-20
2.04283e-20
1.99877e-20
1.95528e-20
1.91236e-20
1.87001e-20
1.82825e-20
1.78706e-20
1.74645e-20
1.70643e-20
1.66699e-20
1.62814e-20
1.58986e-20
1.55218e-20
1.51507e-20
1.47855e-20
1.44261e-20
1.40725e-20
1.37248e-20
1.33827e-20
1.30465e-20
1.27159e-20
1.23911e-20
1.2072e-20
1.17585e-20
1.14505e-20
1.11482e-20
1.08514e-20
1.05601e-20
1.02743e-20
9.99388e-21
9.71883e-21
9.4491e-21
9.18464e-21
8.9254e-21
8.67134e-21
8.4224e-21
8.17853e-21
7.93967e-21
7.70577e-21
7.47679e-21
7.25268e-21
7.03338e-21
6.81885e-21
6.60903e-21
6.40387e-21
6.2033e-21
6.00728e-21
5.81575e-21
5.62865e-21
5.44592e-21
5.2675e-21
5.09336e-21
4.92341e-21
4.75763e-21
4.59596e-21
4.43836e-21
4.28477e-21
4.13515e-21
3.98944e-21
3.84759e-21
3.70953e-21
3.57522e-21
3.44458e-21
3.31757e-21
3.19414e-21
3.07425e-21
2.95786e-21
2.84491e-21
2.73534e-21
2.62912e-21
2.52618e-21
2.42646e-21
2.3299e-21
2.23644e-21
2.14603e-21
2.0586e-21
1.97408e-21
1.89242e-21
1.81354e-21
1.73739e-21
1.6639e-21
1.593e-21
1.52463e-21
1.45873e-21
1.39524e-21
1.33408e-21
1.27519e-21
1.21852e-21
1.164e-21
1.11156e-21
1.06116e-21
1.01272e-21
9.6619e-22
9.21509e-22
8.7862e-22
8.37467e-22
7.97993e-22
7.60144e-22
7.23867e-22
6.89109e-22
6.55818e-22
6.23945e-22
5.93439e-22
5.64252e-22
5.36338e-22
5.0965e-22
4.84144e-22
4.59775e-22
4.36502e-22
4.14283e-22
3.93077e-22
3.72845e-22
3.5355e-22
3.35154e-22
3.17621e-22
3.00917e-22
2.85008e-22
2.69861e-22
2.55444e-22
2.41728e-22
2.28681e-22
2.16277e-22
2.04487e-22
1.93284e-22
1.82642e-22
1.72538e-22
1.62946e-22
1.53844e-22
1.4521e-22
1.37022e-22
1.2926e-22
1.21904e-22
1.14934e-22
1.08334e-22
1.02084e-22
9.61688e-23
9.05716e-23
8.52772e-23
8.02708e-23
7.5538e-23
7.10653e-23
6.68398e-23
6.28489e-23
5.90809e-23
5.55243e-23
5.21682e-23
4.90023e-23
4.60168e-23
4.32021e-23
4.05492e-23
3.80497e-23
3.56952e-23
3.34781e-23
3.13909e-23
2.94265e-23
2.75783e-23
2.58399e-23
2.42051e-23
2.26684e-23
2.12241e-23
1.9867e-23
1.85924e-23
1.73955e-23
1.62718e-23
1.52172e-23
1.42276e-23
1.32993e-23
1.24288e-23
1.16127e-23
1.08477e-23
1.01308e-23
9.45926e-24
8.83026e-24
8.2413e-24
7.68997e-24
7.17398e-24
6.69119e-24
6.23957e-24
5.81721e-24
5.42231e-24
5.05318e-24
4.70822e-24
4.38593e-24
4.08487e-24
3.80372e-24
3.54121e-24
3.29618e-24
3.06751e-24
2.85416e-24
2.65514e-24
2.46953e-24
2.29646e-24
2.13513e-24
1.98477e-24
1.84466e-24
1.71413e-24
1.59256e-24
1.47935e-24
1.37394e-24
1.27582e-24
1.18451e-24
1.09955e-24
1.02051e-24
9.46999e-25
8.78638e-25
8.1508e-25
7.55998e-25
7.01088e-25
6.50064e-25
6.02661e-25
5.58629e-25
5.17737e-25
4.79768e-25
4.44517e-25
4.11797e-25
3.8143e-25
3.53253e-25
3.27112e-25
3.02864e-25
2.80375e-25
2.59522e-25
2.40188e-25
2.22266e-25
2.05655e-25
1.90262e-25
1.75999e-25
1.62785e-25
1.50545e-25
1.3921e-25
1.28713e-25
1.18994e-25
1.09997e-25
1.01668e-25
9.39605e-26
8.68278e-26
8.02282e-26
7.41227e-26
6.84751e-26
6.32516e-26
5.8421e-26
5.39542e-26
4.98243e-26
4.60064e-26
4.24773e-26
3.92155e-26
3.62011e-26
3.34157e-26
3.08422e-26
2.84647e-26
2.62684e-26
2.42397e-26
2.23661e-26
2.06358e-26
1.90381e-26
1.75629e-26
1.62009e-26
1.49436e-26
1.37831e-26
1.27119e-26
1.17233e-26
1.0811e-26
9.96912e-27
9.19231e-27
8.4756e-27
7.81438e-27
7.20441e-27
6.64175e-27
6.12277e-27
5.64411e-27
5.20266e-27
4.79555e-27
4.42013e-27
4.07395e-27
3.75476e-27
3.46046e-27
3.18912e-27
2.93898e-27
2.70838e-27
2.49581e-27
2.29987e-27
2.11926e-27
1.9528e-27
1.79936e-27
1.65795e-27
1.52763e-27
1.40752e-27
1.29684e-27
1.19484e-27
1.10085e-27
1.01425e-27
9.34443e-28
8.60912e-28
7.93161e-28
7.30736e-28
6.73219e-28
6.20225e-28
5.714e-28
5.26417e-28
4.84974e-28
4.46793e-28
4.11618e-28
3.79212e-28
3.49358e-28
3.21856e-28
2.96521e-28
2.7318e-28
2.51678e-28
2.31869e-28
2.13621e-28
1.96811e-28
1.81324e-28
1.67058e-28
1.53916e-28
1.41809e-28
1.30657e-28
1.20383e-28
1.10919e-28
1.022e-28
9.41689e-29
8.67699e-29
7.99538e-29
7.36746e-29
6.789e-29
6.25611e-29
5.7652e-29
5.31296e-29
4.89634e-29
4.51255e-29
4.15899e-29
3.83329e-29
3.53325e-29
3.25686e-29
3.00224e-29
2.76768e-29
2.5516e-29
2.35255e-29
2.16919e-29
2.00028e-29
1.8447e-29
1.70139e-29
1.56939e-29
1.44782e-29
1.33586e-29
1.23275e-29
1.13781e-29
1.0504e-29
9.69924e-30
8.95838e-30
8.27643e-30
7.64883e-30
7.07135e-30
6.54012e-30
6.05157e-30
5.60232e-30
5.18945e-30
4.81046e-30
4.46314e-30
4.14511e-30
3.85425e-30
3.58872e-30
3.34668e-30
3.12671e-30
2.92739e-30
2.74729e-30
2.58511e-30
2.43966e-30
2.30986e-30
2.19474e-30
2.09342e-30
2.0051e-30
1.92909e-30
1.86475e-30
1.81153e-30
1.76896e-30
1.7366e-30
1.71412e-30
1.70121e-30
1.69765e-30
1.70323e-30
1.71785e-30
1.74143e-30
1.77393e-30
1.81538e-30
1.86587e-30
1.9255e-30
