5
5e+17
1e+19
49.9996
4.99944
13262.1
7.39967e-20
7.39879e-20
7.39496e-20
7.38972e-20
7.3831e-20
7.3751e-20
7.36573e-20
7.35499e-20
7.34288e-20
7.32942e-20
7.31462e-20
7.29847e-20
7.28099e-20
7.26219e-20
7.24208e-20
7.22068e-20
7.198e-20
7.17405e-20
7.14883e-20
7.12237e-20
7.09468e-20
7.06577e-20
7.03565e-20
7.00434e-20
6.97187e-20
6.93825e-20
6.9035e-20
6.86763e-20
6.83067e-20
6.79263e-20
6.75353e-20
6.7134e-20
6.67226e-20
6.63012e-20
6.58701e-20
6.54296e-20
6.49797e-20
6.45209e-20
6.40533e-20
6.35771e-20
6.30926e-20
6.26e-20
6.20997e-20
6.15917e-20
6.10764e-20
6.05541e-20
6.0025e-20
5.94893e-20
5.89473e-20
5.83993e-20
5.78455e-20
5.72861e-20
5.67216e-20
5.6152e-20
5.55777e-20
5.4999e-20
5.4416e-20
5.38291e-20
5.32385e-20
5.26445e-20
5.20473e-20
5.14473e-20
5.08445e-20
5.02394e-20
4.96322e-20
4.90231e-20
4.84123e-20
4.78001e-20
4.71868e-20
4.65726e-20
4.59578e-20
4.53425e-20
4.4727e-20
4.41115e-20
4.34963e-20
4.28816e-20
4.22676e-20
4.16546e-20
4.10427e-20
4.04321e-20
3.98231e-20
3.92158e-20
3.86105e-20
3.80074e-20
3.74066e-20
3.68083e-20
3.62128e-20
3.56201e-20
3.50305e-20
3.44441e-20
3.38611e-20
3.32816e-20
3.27059e-20
3.2134e-20
3.1566e-20
3.10023e-20
3.04427e-20
2.98876e-20
2.9337e-20
2.87911e-20
2.82499e-20
2.77135e-20
2.71822e-20
2.66559e-20
2.61348e-20
2.56189e-20
2.51084e-20
2.46033e-20
2.41038e-20
2.36098e-20
2.31214e-20
2.26388e-20
2.2162e-20
2.16909e-20
2.12258e-20
2.07665e-20
2.03132e-20
1.9866e-20
1.94247e-20
1.89895e-20
1.85604e-20
1.81374e-20
1.77206e-20
1.73098e-20
1.69052e-20
1.65068e-20
1.61145e-20
1.57284e-20
1.53484e-20
1.49746e-20
1.46069e-20
1.42453e-20
1.38898e-20
1.35404e-20
1.31971e-20
1.28598e-20
1.25285e-20
1.22031e-20
1.18837e-20
1.15702e-20
1.12626e-20
1.09607e-20
1.06647e-20
1.03744e-20
1.00898e-20
9.8108e-21
9.53741e-21
9.26955e-21
9.00717e-21
8.75022e-21
8.49864e-21
8.25237e-21
8.01135e-21
7.77552e-21
7.54482e-21
7.3192e-21
7.09859e-21
6.88294e-21
6.67219e-21
6.46627e-21
6.26512e-21
6.06867e-21
5.87687e-21
5.68964e-21
5.50692e-21
5.32865e-21
5.15476e-21
4.98519e-21
4.81986e-21
4.65873e-21
4.50173e-21
4.34881e-21
4.19989e-21
4.05493e-21
3.91385e-21
3.77659e-21
3.64309e-21
3.51328e-21
3.3871e-21
3.26448e-21
3.14537e-21
3.02971e-21
2.91745e-21
2.80852e-21
2.70287e-21
2.60043e-21
2.50115e-21
2.40496e-21
2.31179e-21
2.2216e-21
2.1343e-21
2.04984e-21
1.96816e-21
1.88919e-21
1.81287e-21
1.73913e-21
1.66791e-21
1.59915e-21
1.53279e-21
1.46876e-21
1.40701e-21
1.34746e-21
1.29007e-21
1.23478e-21
1.18152e-21
1.13023e-21
1.08087e-21
1.03336e-21
9.87669e-22
9.43729e-22
9.0149e-22
8.60898e-22
8.21902e-22
7.84452e-22
7.48499e-22
7.13992e-22
6.80886e-22
6.49133e-22
6.18688e-22
5.89506e-22
5.61544e-22
5.34759e-22
5.0911e-22
4.84557e-22
4.6106e-22
4.38581e-22
4.17083e-22
3.96529e-22
3.76884e-22
3.58114e-22
3.40185e-22
3.23065e-22
3.06723e-22
2.91128e-22
2.7625e-22
2.62062e-22
2.48534e-22
2.35641e-22
2.23357e-22
2.11656e-22
2.00513e-22
1.89907e-22
1.79813e-22
1.7021e-22
1.61077e-22
1.52393e-22
1.4414e-22
1.36297e-22
1.28847e-22
1.21772e-22
1.15055e-22
1.0868e-22
1.02632e-22
9.68952e-23
9.14553e-23
8.62983e-23
8.14112e-23
7.6781e-23
7.23956e-23
6.82432e-23
6.43127e-23
6.05931e-23
5.70742e-23
5.37461e-23
5.05994e-23
4.76249e-23
4.48141e-23
4.21588e-23
3.96509e-23
3.7283e-23
3.50479e-23
3.29387e-23
3.09489e-23
2.90723e-23
2.73028e-23
2.56348e-23
2.4063e-23
2.25821e-23
2.11873e-23
1.9874e-23
1.86377e-23
1.74742e-23
1.63795e-23
1.53498e-23
1.43815e-23
1.34712e-23
1.26156e-23
1.18116e-23
1.10564e-23
1.03471e-23
9.68109e-24
9.05597e-24
8.46931e-24
7.91891e-24
7.40263e-24
6.9185e-24
6.46462e-24
6.0392e-24
5.64057e-24
5.26711e-24
4.91733e-24
4.5898e-24
4.28318e-24
3.99621e-24
3.72768e-24
3.47648e-24
3.24154e-24
3.02185e-24
2.81648e-24
2.62453e-24
2.44517e-24
2.27761e-24
2.12112e-24
1.97498e-24
1.83855e-24
1.71121e-24
1.59238e-24
1.48152e-24
1.37811e-24
1.28168e-24
1.19177e-24
1.10795e-24
1.02984e-24
9.57064e-25
8.89264e-25
8.26116e-25
7.67313e-25
7.12568e-25
6.61612e-25
6.1419e-25
5.70066e-25
5.29021e-25
4.90845e-25
4.55346e-25
4.22343e-25
3.91665e-25
3.63155e-25
3.36665e-25
3.12055e-25
2.89197e-25
2.6797e-25
2.4826e-25
2.29964e-25
2.12983e-25
1.97225e-25
1.82604e-25
1.69042e-25
1.56462e-25
1.44798e-25
1.33982e-25
1.23956e-25
1.14664e-25
1.06053e-25
9.80744e-26
9.06833e-26
8.38374e-26
7.74976e-26
7.16273e-26
6.61926e-26
6.11621e-26
5.65063e-26
5.21981e-26
4.8212e-26
4.45247e-26
4.11142e-26
3.79601e-26
3.50437e-26
3.23473e-26
2.98548e-26
2.7551e-26
2.5422e-26
2.34549e-26
2.16374e-26
1.99586e-26
1.84079e-26
1.69759e-26
1.56536e-26
1.44327e-26
1.33056e-26
1.22653e-26
1.13052e-26
1.04191e-26
9.60161e-27
8.84738e-27
8.15162e-27
7.50988e-27
6.91802e-27
6.37222e-27
5.86896e-27
5.40498e-27
4.97725e-27
4.58299e-27
4.21961e-27
3.88473e-27
3.57615e-27
3.29183e-27
3.02989e-27
2.78859e-27
2.56632e-27
2.3616e-27
2.17306e-27
1.99944e-27
1.83957e-27
1.69238e-27
1.55687e-27
1.43213e-27
1.31731e-27
1.21163e-27
1.11436e-27
1.02485e-27
9.42487e-28
8.66698e-28
7.96967e-28
7.32813e-28
6.73795e-28
6.19505e-28
5.69568e-28
5.23638e-28
4.81396e-28
4.42547e-28
4.06823e-28
3.73971e-28
3.43764e-28
3.15989e-28
2.90452e-28
2.66974e-28
2.45391e-28
2.25549e-28
2.07309e-28
1.90544e-28
1.75134e-28
1.6097e-28
1.47952e-28
1.35988e-28
1.24992e-28
1.14887e-28
1.05601e-28
9.70678e-29
8.92264e-29
8.2021e-29
7.54004e-29
6.93173e-29
6.37283e-29
5.85933e-29
5.38756e-29
4.95416e-29
4.55601e-29
4.19027e-29
3.85429e-29
3.54566e-29
3.26218e-29
3.0018e-29
2.76265e-29
2.54303e-29
2.34134e-29
2.15615e-29
1.9861e-29
1.83e-29
1.6867e-29
1.55518e-29
1.43448e-29
1.32375e-29
1.22217e-29
1.12901e-29
1.04359e-29
9.65298e-30
8.9356e-30
8.27862e-30
7.67726e-30
7.12703e-30
6.62408e-30
6.16518e-30
5.74752e-30
5.36797e-30
5.02378e-30
4.71261e-30
4.43205e-30
4.18036e-30
3.95575e-30
3.7564e-30
3.58063e-30
3.42695e-30
3.29398e-30
3.18053e-30
3.08549e-30
3.0079e-30
2.94692e-30
2.90178e-30
2.87186e-30
2.85658e-30
2.8555e-30
2.86822e-30
2.89445e-30
2.93397e-30
2.98663e-30
3.05235e-30
3.13114e-30
3.22305e-30
3.3282e-30
3.44681e-30
3.57912e-30
