5
1e+18
2e+17
49.9999
4.99997
13262.1
7.69389e-20
7.69355e-20
7.69111e-20
7.68721e-20
7.68179e-20
7.67486e-20
7.6664e-20
7.65642e-20
7.64493e-20
7.63194e-20
7.61744e-20
7.60146e-20
7.58399e-20
7.56505e-20
7.54465e-20
7.5228e-20
7.49951e-20
7.47481e-20
7.4487e-20
7.42119e-20
7.39231e-20
7.36207e-20
7.33049e-20
7.29759e-20
7.26338e-20
7.22789e-20
7.19114e-20
7.15314e-20
7.11392e-20
7.07351e-20
7.03192e-20
6.98917e-20
6.9453e-20
6.90032e-20
6.85427e-20
6.80716e-20
6.75903e-20
6.70989e-20
6.65978e-20
6.60873e-20
6.55676e-20
6.50389e-20
6.45016e-20
6.3956e-20
6.34023e-20
6.28409e-20
6.2272e-20
6.16959e-20
6.11129e-20
6.05233e-20
5.99275e-20
5.93256e-20
5.87181e-20
5.81052e-20
5.74872e-20
5.68644e-20
5.62371e-20
5.56056e-20
5.49702e-20
5.43312e-20
5.36889e-20
5.30436e-20
5.23956e-20
5.17452e-20
5.10926e-20
5.04382e-20
4.97822e-20
4.9125e-20
4.84667e-20
4.78077e-20
4.71482e-20
4.64885e-20
4.58289e-20
4.51697e-20
4.4511e-20
4.38531e-20
4.31964e-20
4.2541e-20
4.18871e-20
4.12351e-20
4.05851e-20
3.99374e-20
3.92921e-20
3.86496e-20
3.80099e-20
3.73734e-20
3.67402e-20
3.61105e-20
3.54845e-20
3.48624e-20
3.42444e-20
3.36306e-20
3.30212e-20
3.24163e-20
3.18162e-20
3.12209e-20
3.06307e-20
3.00456e-20
2.94658e-20
2.88914e-20
2.83225e-20
2.77593e-20
2.72019e-20
2.66503e-20
2.61047e-20
2.55652e-20
2.50318e-20
2.45046e-20
2.39837e-20
2.34693e-20
2.29612e-20
2.24597e-20
2.19647e-20
2.14764e-20
2.09947e-20
2.05197e-20
2.00514e-20
1.95899e-20
1.91353e-20
1.86874e-20
1.82463e-20
1.78121e-20
1.73848e-20
1.69643e-20
1.65507e-20
1.61439e-20
1.5744e-20
1.53509e-20
1.49647e-20
1.45852e-20
1.42125e-20
1.38466e-20
1.34874e-20
1.31349e-20
1.2789e-20
1.24498e-20
1.21171e-20
1.1791e-20
1.14713e-20
1.11581e-20
1.08512e-20
1.05507e-20
1.02565e-20
9.96843e-21
9.68654e-21
9.41074e-21
9.14095e-21
8.87712e-21
8.61918e-21
8.36706e-21
8.12068e-21
7.87998e-21
7.64488e-21
7.41531e-21
7.19119e-21
6.97244e-21
6.759e-21
6.55077e-21
6.34768e-21
6.14966e-21
5.95662e-21
5.76847e-21
5.58515e-21
5.40657e-21
5.23265e-21
5.06331e-21
4.89846e-21
4.73802e-21
4.58192e-21
4.43007e-21
4.2824e-21
4.13881e-21
3.99923e-21
3.86358e-21
3.73179e-21
3.60376e-21
3.47942e-21
3.3587e-21
3.24152e-21
3.12779e-21
3.01745e-21
2.91041e-21
2.8066e-21
2.70595e-21
2.60839e-21
2.51383e-21
2.42222e-21
2.33348e-21
2.24753e-21
2.16431e-21
2.08376e-21
2.0058e-21
1.93037e-21
1.8574e-21
1.78683e-21
1.71859e-21
1.65263e-21
1.58888e-21
1.52728e-21
1.46777e-21
1.4103e-21
1.3548e-21
1.30123e-21
1.24952e-21
1.19963e-21
1.1515e-21
1.10507e-21
1.06031e-21
1.01715e-21
9.75553e-22
9.35469e-22
8.96851e-22
8.59654e-22
8.23834e-22
7.89347e-22
7.56152e-22
7.24207e-22
6.93472e-22
6.63907e-22
6.35476e-22
6.08139e-22
5.81861e-22
5.56606e-22
5.32341e-22
5.0903e-22
4.86643e-22
4.65146e-22
4.4451e-22
4.24704e-22
4.05698e-22
3.87465e-22
3.69977e-22
3.53207e-22
3.3713e-22
3.21719e-22
3.06952e-22
2.92803e-22
2.7925e-22
2.66271e-22
2.53844e-22
2.41948e-22
2.30564e-22
2.19671e-22
2.0925e-22
1.99284e-22
1.89754e-22
1.80644e-22
1.71936e-22
1.63616e-22
1.55667e-22
1.48074e-22
1.40823e-22
1.339e-22
1.27292e-22
1.20986e-22
1.1497e-22
1.0923e-22
1.03756e-22
9.85371e-23
9.35616e-23
8.88195e-23
8.43009e-23
7.99961e-23
7.58958e-23
7.19913e-23
6.8274e-23
6.47357e-23
6.13684e-23
5.81646e-23
5.51171e-23
5.22187e-23
4.94629e-23
4.68431e-23
4.43532e-23
4.19872e-23
3.97395e-23
3.76046e-23
3.55773e-23
3.36526e-23
3.18256e-23
3.00917e-23
2.84467e-23
2.68862e-23
2.54063e-23
2.4003e-23
2.26727e-23
2.14118e-23
2.0217e-23
1.90851e-23
1.8013e-23
1.69977e-23
1.60365e-23
1.51266e-23
1.42654e-23
1.34506e-23
1.26799e-23
1.19509e-23
1.12616e-23
1.06099e-23
9.99397e-24
9.41191e-24
8.86199e-24
8.34255e-24
7.85199e-24
7.3888e-24
6.95156e-24
6.5389e-24
6.14951e-24
5.78216e-24
5.43568e-24
5.10895e-24
4.8009e-24
4.51053e-24
4.23689e-24
3.97906e-24
3.73617e-24
3.50742e-24
3.29202e-24
3.08924e-24
2.89838e-24
2.71877e-24
2.54978e-24
2.39083e-24
2.24134e-24
2.10079e-24
1.96865e-24
1.84447e-24
1.72777e-24
1.61814e-24
1.51517e-24
1.41847e-24
1.32768e-24
1.24245e-24
1.16247e-24
1.08742e-24
1.01701e-24
9.50979e-25
8.89057e-25
8.31002e-25
7.76586e-25
7.25589e-25
6.77808e-25
6.33048e-25
5.91127e-25
5.51874e-25
5.15125e-25
4.80729e-25
4.48541e-25
4.18426e-25
3.90255e-25
3.6391e-25
3.39276e-25
3.16247e-25
2.94724e-25
2.74611e-25
2.5582e-25
2.38268e-25
2.21877e-25
2.06572e-25
1.92285e-25
1.78951e-25
1.66509e-25
1.54902e-25
1.44075e-25
1.33978e-25
1.24565e-25
1.1579e-25
1.07612e-25
9.99915e-26
9.28926e-26
8.62807e-26
8.01236e-26
7.43912e-26
6.90554e-26
6.40895e-26
5.94691e-26
5.51709e-26
5.11732e-26
4.74559e-26
4.39998e-26
4.07875e-26
3.78022e-26
3.50285e-26
3.24519e-26
3.00588e-26
2.78368e-26
2.57739e-26
2.38592e-26
2.20824e-26
2.04338e-26
1.89046e-26
1.74864e-26
1.61714e-26
1.49523e-26
1.38224e-26
1.27753e-26
1.18053e-26
1.09067e-26
1.00745e-26
9.30402e-27
8.59074e-27
7.93058e-27
7.3197e-27
6.75454e-27
6.23178e-27
5.74835e-27
5.30137e-27
4.88818e-27
4.5063e-27
4.15343e-27
3.82744e-27
3.52634e-27
3.24828e-27
2.99156e-27
2.75458e-27
2.53587e-27
2.33406e-27
2.14789e-27
1.97618e-27
1.81784e-27
1.67185e-27
1.53729e-27
1.41327e-27
1.29901e-27
1.19375e-27
1.0968e-27
1.00752e-27
9.25332e-28
8.4968e-28
7.8006e-28
7.16004e-28
6.57079e-28
6.02887e-28
5.53056e-28
5.07246e-28
4.65141e-28
4.26449e-28
3.90901e-28
3.58248e-28
3.28262e-28
3.0073e-28
2.75456e-28
2.52262e-28
2.3098e-28
2.11457e-28
1.93553e-28
1.77136e-28
1.62087e-28
1.48296e-28
1.3566e-28
1.24086e-28
1.13489e-28
1.03787e-28
9.49098e-29
8.67887e-29
7.93625e-29
7.25745e-29
6.63728e-29
6.07094e-29
5.55407e-29
5.08263e-29
4.65293e-29
4.26161e-29
3.90555e-29
3.58194e-29
3.28817e-29
3.0219e-29
2.78095e-29
2.56336e-29
2.36734e-29
2.19127e-29
2.03366e-29
1.89321e-29
1.76869e-29
1.65903e-29
1.56324e-29
1.48045e-29
1.40989e-29
1.35088e-29
1.3028e-29
1.26514e-29
1.23742e-29
1.21927e-29
1.21036e-29
1.21042e-29
1.21927e-29
1.23674e-29
1.26274e-29
1.29722e-29
1.34019e-29
1.39169e-29
1.4518e-29
1.52067e-29
1.59847e-29
1.68541e-29
1.78175e-29
1.88779e-29
2.00385e-29
2.13032e-29
2.2676e-29
2.41615e-29
