5
2e+16
1e+19
50
4.99952
13262.1
7.43152e-20
7.42371e-20
7.40035e-20
7.37512e-20
7.34872e-20
7.32135e-20
7.29308e-20
7.26394e-20
7.23395e-20
7.20313e-20
7.1715e-20
7.13905e-20
7.10581e-20
7.07179e-20
7.03712e-20
7.00178e-20
6.96578e-20
6.9291e-20
6.89173e-20
6.85368e-20
6.81495e-20
6.77553e-20
6.73544e-20
6.69468e-20
6.65333e-20
6.6114e-20
6.56888e-20
6.52577e-20
6.48209e-20
6.43782e-20
6.39299e-20
6.34764e-20
6.3018e-20
6.25546e-20
6.20862e-20
6.16129e-20
6.11349e-20
6.06525e-20
6.0166e-20
5.96753e-20
5.91805e-20
5.86816e-20
5.81793e-20
5.76734e-20
5.71641e-20
5.66515e-20
5.6136e-20
5.56176e-20
5.50964e-20
5.45726e-20
5.40464e-20
5.3518e-20
5.29875e-20
5.24548e-20
5.19204e-20
5.13844e-20
5.08468e-20
5.03079e-20
4.97679e-20
4.92268e-20
4.8685e-20
4.81424e-20
4.75992e-20
4.70557e-20
4.65119e-20
4.5968e-20
4.54241e-20
4.48804e-20
4.43369e-20
4.37939e-20
4.32515e-20
4.27097e-20
4.21688e-20
4.16288e-20
4.10898e-20
4.0552e-20
4.00155e-20
3.94806e-20
3.89472e-20
3.84154e-20
3.78855e-20
3.73575e-20
3.68316e-20
3.63078e-20
3.57862e-20
3.52669e-20
3.47501e-20
3.42359e-20
3.37243e-20
3.32155e-20
3.27095e-20
3.22066e-20
3.17066e-20
3.12097e-20
3.07159e-20
3.02254e-20
2.97383e-20
2.92545e-20
2.87742e-20
2.82975e-20
2.78244e-20
2.73549e-20
2.68892e-20
2.64273e-20
2.59692e-20
2.5515e-20
2.50648e-20
2.46185e-20
2.41763e-20
2.37381e-20
2.33041e-20
2.28742e-20
2.24485e-20
2.2027e-20
2.16097e-20
2.11967e-20
2.0788e-20
2.03836e-20
1.99835e-20
1.95878e-20
1.91964e-20
1.88094e-20
1.84268e-20
1.80486e-20
1.76748e-20
1.73054e-20
1.69403e-20
1.65797e-20
1.62235e-20
1.58716e-20
1.55242e-20
1.51811e-20
1.48424e-20
1.45081e-20
1.41781e-20
1.38524e-20
1.3531e-20
1.32139e-20
1.29012e-20
1.25926e-20
1.22883e-20
1.19882e-20
1.16922e-20
1.14004e-20
1.11128e-20
1.08292e-20
1.05497e-20
1.02742e-20
1.00027e-20
9.73517e-21
9.47158e-21
9.2119e-21
8.95609e-21
8.70412e-21
8.45597e-21
8.21167e-21
7.97124e-21
7.73469e-21
7.50201e-21
7.27322e-21
7.04832e-21
6.82728e-21
6.61009e-21
6.39675e-21
6.18726e-21
5.98162e-21
5.77983e-21
5.58189e-21
5.38781e-21
5.19764e-21
5.01144e-21
4.82924e-21
4.65107e-21
4.47698e-21
4.30696e-21
4.14102e-21
3.97916e-21
3.82135e-21
3.66756e-21
3.51781e-21
3.37214e-21
3.23061e-21
3.09323e-21
2.96001e-21
2.83094e-21
2.70602e-21
2.58522e-21
2.46849e-21
2.3558e-21
2.2471e-21
2.14232e-21
2.04141e-21
1.94428e-21
1.85087e-21
1.7611e-21
1.67488e-21
1.59214e-21
1.51277e-21
1.4367e-21
1.36383e-21
1.29408e-21
1.22734e-21
1.16353e-21
1.10256e-21
1.04433e-21
9.88748e-22
9.35728e-22
8.85178e-22
8.3701e-22
7.91136e-22
7.47469e-22
7.05926e-22
6.66423e-22
6.28879e-22
5.93215e-22
5.59354e-22
5.27221e-22
4.96742e-22
4.67845e-22
4.40462e-22
4.14526e-22
3.8997e-22
3.66734e-22
3.44755e-22
3.23975e-22
3.04337e-22
2.85786e-22
2.68271e-22
2.5174e-22
2.36145e-22
2.21439e-22
2.07576e-22
1.94515e-22
1.82213e-22
1.70632e-22
1.59733e-22
1.49481e-22
1.3984e-22
1.30779e-22
1.22265e-22
1.14268e-22
1.0676e-22
9.97134e-23
9.31027e-23
8.69031e-23
8.10911e-23
7.56444e-23
7.05421e-23
6.57639e-23
6.12909e-23
5.7105e-23
5.31892e-23
4.95274e-23
4.61042e-23
4.29052e-23
3.99166e-23
3.71257e-23
3.452e-23
3.20883e-23
2.98195e-23
2.77035e-23
2.57306e-23
2.38917e-23
2.21782e-23
2.05821e-23
1.90958e-23
1.77121e-23
1.64244e-23
1.52264e-23
1.41121e-23
1.3076e-23
1.21129e-23
1.1218e-23
1.03865e-23
9.6143e-24
8.89732e-24
8.23181e-24
7.61424e-24
7.04131e-24
6.50995e-24
6.01726e-24
5.56056e-24
5.13733e-24
4.74522e-24
4.38204e-24
4.04574e-24
3.73441e-24
3.44626e-24
3.17965e-24
2.93302e-24
2.70494e-24
2.49405e-24
2.29911e-24
2.11896e-24
1.95252e-24
1.79877e-24
1.65679e-24
1.5257e-24
1.4047e-24
1.29303e-24
1.19e-24
1.09497e-24
1.00732e-24
9.26514e-25
8.52022e-25
7.8337e-25
7.20112e-25
6.61837e-25
6.08164e-25
5.5874e-25
5.13238e-25
4.71356e-25
4.32813e-25
3.97351e-25
3.64729e-25
3.34727e-25
3.07138e-25
2.81775e-25
2.58462e-25
2.37037e-25
2.17352e-25
1.99268e-25
1.82658e-25
1.67405e-25
1.53401e-25
1.40545e-25
1.28747e-25
1.1792e-25
1.07986e-25
9.88741e-26
9.05168e-26
8.28531e-26
7.58268e-26
6.93858e-26
6.34824e-26
5.80727e-26
5.31162e-26
4.85757e-26
4.44169e-26
4.06083e-26
3.71211e-26
3.39285e-26
3.10061e-26
2.83316e-26
2.58842e-26
2.36451e-26
2.15967e-26
1.97232e-26
1.80098e-26
1.64431e-26
1.50108e-26
1.37014e-26
1.25047e-26
1.1411e-26
1.04118e-26
9.49882e-27
8.66485e-27
7.90315e-27
7.20753e-27
6.57235e-27
5.99244e-27
5.46306e-27
4.97987e-27
4.53889e-27
4.1365e-27
3.76936e-27
3.43441e-27
3.12888e-27
2.85022e-27
2.59609e-27
2.36436e-27
2.15309e-27
1.9605e-27
1.78494e-27
1.62494e-27
1.47913e-27
1.34626e-27
1.22521e-27
1.11493e-27
1.01447e-27
9.22978e-28
8.39654e-28
7.6378e-28
6.94696e-28
6.31802e-28
5.74549e-28
5.22436e-28
4.75007e-28
4.31844e-28
3.92568e-28
3.56832e-28
3.24321e-28
2.94747e-28
2.67846e-28
2.4338e-28
2.21131e-28
2.00899e-28
1.82503e-28
1.65778e-28
1.50574e-28
1.36753e-28
1.24191e-28
1.12774e-28
1.02398e-28
9.29705e-29
8.44043e-29
7.66218e-29
6.95517e-29
6.31296e-29
5.72962e-29
5.19982e-29
4.71867e-29
4.28174e-29
3.885e-29
3.52478e-29
3.19775e-29
2.90086e-29
2.63137e-29
2.38676e-29
2.16476e-29
1.96328e-29
1.78044e-29
1.61453e-29
1.46399e-29
1.3274e-29
1.20349e-29
1.09108e-29
9.8911e-30
8.96621e-30
8.12734e-30
7.36655e-30
6.67662e-30
6.05099e-30
5.4837e-30
4.96933e-30
4.50298e-30
4.08018e-30
3.6969e-30
3.34945e-30
3.03451e-30
2.74906e-30
2.49034e-30
2.25587e-30
2.04338e-30
1.85083e-30
1.67635e-30
1.51827e-30
1.37503e-30
1.24526e-30
1.1277e-30
1.02119e-30
9.24716e-31
8.37324e-31
7.58167e-31
6.86472e-31
6.2154e-31
5.62734e-31
5.0948e-31
4.61257e-31
4.1759e-31
3.78053e-31
3.42255e-31
3.09845e-31
2.80504e-31
2.53941e-31
2.29894e-31
2.08128e-31
1.88425e-31
1.70593e-31
1.54452e-31
1.39845e-31
1.26631e-31
1.14682e-31
1.0388e-31
9.41184e-32
8.5301e-32
7.73397e-32
7.01585e-32
6.36869e-32
5.78597e-32
5.26179e-32
4.79084e-32
4.36833e-32
3.98998e-32
3.65192e-32
3.35072e-32
3.0833e-32
2.8469e-32
2.63911e-32
2.45778e-32
2.30102e-32
2.16721e-32
2.05493e-32
1.96299e-32
1.89041e-32
1.83639e-32
1.8003e-32
1.78172e-32
1.78037e-32
1.79616e-32
1.82915e-32
