5
2e+18
5e+17
49.9964
4.99993
13262.1
7.69214e-20
7.69179e-20
7.68936e-20
7.68545e-20
7.68003e-20
7.67309e-20
7.66464e-20
7.65466e-20
7.64317e-20
7.63017e-20
7.61568e-20
7.5997e-20
7.58223e-20
7.56329e-20
7.5429e-20
7.52106e-20
7.49778e-20
7.47308e-20
7.44698e-20
7.41948e-20
7.39061e-20
7.36038e-20
7.32882e-20
7.29593e-20
7.26173e-20
7.22625e-20
7.18951e-20
7.15153e-20
7.11233e-20
7.07193e-20
7.03035e-20
6.98762e-20
6.94377e-20
6.89881e-20
6.85278e-20
6.80569e-20
6.75757e-20
6.70846e-20
6.65837e-20
6.60734e-20
6.55538e-20
6.50254e-20
6.44883e-20
6.39429e-20
6.33895e-20
6.28283e-20
6.22596e-20
6.16837e-20
6.1101e-20
6.05117e-20
5.99161e-20
5.93145e-20
5.87072e-20
5.80945e-20
5.74767e-20
5.68542e-20
5.62271e-20
5.55959e-20
5.49608e-20
5.4322e-20
5.368e-20
5.3035e-20
5.23872e-20
5.1737e-20
5.10847e-20
5.04306e-20
4.97748e-20
4.91178e-20
4.84598e-20
4.7801e-20
4.71418e-20
4.64824e-20
4.5823e-20
4.5164e-20
4.45055e-20
4.38479e-20
4.31914e-20
4.25362e-20
4.18826e-20
4.12308e-20
4.0581e-20
3.99335e-20
3.92885e-20
3.86462e-20
3.80067e-20
3.73704e-20
3.67374e-20
3.61079e-20
3.54821e-20
3.48602e-20
3.42423e-20
3.36287e-20
3.30195e-20
3.24148e-20
3.18149e-20
3.12198e-20
3.06297e-20
3.00448e-20
2.94651e-20
2.88909e-20
2.83222e-20
2.77591e-20
2.72018e-20
2.66503e-20
2.61049e-20
2.55654e-20
2.50322e-20
2.45051e-20
2.39844e-20
2.347e-20
2.2962e-20
2.24606e-20
2.19657e-20
2.14775e-20
2.09959e-20
2.0521e-20
2.00528e-20
1.95914e-20
1.91367e-20
1.86889e-20
1.8248e-20
1.78138e-20
1.73865e-20
1.69661e-20
1.65525e-20
1.61458e-20
1.57459e-20
1.53529e-20
1.49667e-20
1.45872e-20
1.42146e-20
1.38487e-20
1.34895e-20
1.3137e-20
1.27911e-20
1.24519e-20
1.21192e-20
1.17931e-20
1.14734e-20
1.11602e-20
1.08534e-20
1.05528e-20
1.02586e-20
9.97053e-21
9.68862e-21
9.4128e-21
9.143e-21
8.87915e-21
8.62119e-21
8.36904e-21
8.12264e-21
7.88192e-21
7.64679e-21
7.41719e-21
7.19304e-21
6.97426e-21
6.76078e-21
6.55251e-21
6.34939e-21
6.15133e-21
5.95825e-21
5.77007e-21
5.58671e-21
5.40809e-21
5.23412e-21
5.06474e-21
4.89984e-21
4.73937e-21
4.58322e-21
4.43133e-21
4.28361e-21
4.13998e-21
4.00036e-21
3.86466e-21
3.73282e-21
3.60475e-21
3.48037e-21
3.35961e-21
3.24238e-21
3.12861e-21
3.01822e-21
2.91114e-21
2.80729e-21
2.7066e-21
2.609e-21
2.51441e-21
2.42276e-21
2.33398e-21
2.24799e-21
2.16474e-21
2.08415e-21
2.00616e-21
1.93069e-21
1.85769e-21
1.78709e-21
1.71883e-21
1.65284e-21
1.58906e-21
1.52743e-21
1.4679e-21
1.41041e-21
1.35489e-21
1.30129e-21
1.24957e-21
1.19965e-21
1.1515e-21
1.10506e-21
1.06027e-21
1.0171e-21
9.75488e-22
9.35389e-22
8.96758e-22
8.59548e-22
8.23716e-22
7.89218e-22
7.56012e-22
7.24058e-22
6.93314e-22
6.63741e-22
6.35301e-22
6.07958e-22
5.81673e-22
5.56413e-22
5.32142e-22
5.08828e-22
4.86436e-22
4.64936e-22
4.44297e-22
4.24488e-22
4.0548e-22
3.87245e-22
3.69756e-22
3.52985e-22
3.36907e-22
3.21497e-22
3.06729e-22
2.92581e-22
2.79029e-22
2.6605e-22
2.53625e-22
2.41731e-22
2.30348e-22
2.19457e-22
2.09039e-22
1.99075e-22
1.89548e-22
1.8044e-22
1.71735e-22
1.63417e-22
1.55471e-22
1.47882e-22
1.40634e-22
1.33715e-22
1.2711e-22
1.20808e-22
1.14794e-22
1.09058e-22
1.03588e-22
9.83726e-23
9.34008e-23
8.86623e-23
8.41473e-23
7.98462e-23
7.57496e-23
7.18488e-23
6.81351e-23
6.46004e-23
6.12367e-23
5.80365e-23
5.49925e-23
5.20976e-23
4.93453e-23
4.67289e-23
4.42424e-23
4.18797e-23
3.96353e-23
3.75036e-23
3.54795e-23
3.35578e-23
3.17339e-23
3.00031e-23
2.8361e-23
2.68033e-23
2.53262e-23
2.39257e-23
2.25981e-23
2.13398e-23
2.01476e-23
1.90182e-23
1.79486e-23
1.69356e-23
1.59767e-23
1.5069e-23
1.42101e-23
1.33975e-23
1.26288e-23
1.19018e-23
1.12144e-23
1.05646e-23
9.95053e-24
9.37024e-24
8.82204e-24
8.30426e-24
7.81531e-24
7.35368e-24
6.91794e-24
6.50673e-24
6.11874e-24
5.75275e-24
5.40757e-24
5.08209e-24
4.77526e-24
4.48606e-24
4.21354e-24
3.95679e-24
3.71494e-24
3.48719e-24
3.27275e-24
3.07089e-24
2.88091e-24
2.70215e-24
2.53398e-24
2.37581e-24
2.22707e-24
2.08723e-24
1.95578e-24
1.83225e-24
1.71618e-24
1.60715e-24
1.50475e-24
1.4086e-24
1.31833e-24
1.2336e-24
1.1541e-24
1.0795e-24
1.00952e-24
9.43901e-25
8.8237e-25
8.24688e-25
7.70626e-25
7.19966e-25
6.72505e-25
6.28049e-25
5.86417e-25
5.47438e-25
5.10949e-25
4.76799e-25
4.44844e-25
4.1495e-25
3.86989e-25
3.60842e-25
3.36395e-25
3.13544e-25
2.92187e-25
2.72232e-25
2.53591e-25
2.36179e-25
2.19921e-25
2.04741e-25
1.90573e-25
1.7735e-25
1.65012e-25
1.53503e-25
1.42768e-25
1.32759e-25
1.23427e-25
1.14729e-25
1.06623e-25
9.90701e-26
9.20345e-26
8.5482e-26
7.93805e-26
7.37002e-26
6.8413e-26
6.34928e-26
5.89149e-26
5.46565e-26
5.06961e-26
4.70134e-26
4.35898e-26
4.04076e-26
3.74505e-26
3.4703e-26
3.21508e-26
2.97806e-26
2.75797e-26
2.55365e-26
2.364e-26
2.18802e-26
2.02474e-26
1.87328e-26
1.73282e-26
1.60257e-26
1.48183e-26
1.36991e-26
1.26621e-26
1.17012e-26
1.08112e-26
9.98692e-27
9.2237e-27
8.51714e-27
7.86318e-27
7.25802e-27
6.69814e-27
6.18024e-27
5.70127e-27
5.25841e-27
4.849e-27
4.4706e-27
4.12093e-27
3.79788e-27
3.49947e-27
3.22388e-27
2.96943e-27
2.73453e-27
2.51772e-27
2.31766e-27
2.13309e-27
1.96284e-27
1.80583e-27
1.66107e-27
1.52762e-27
1.40463e-27
1.2913e-27
1.1869e-27
1.09073e-27
1.00217e-27
9.20638e-28
8.45587e-28
7.76519e-28
7.1297e-28
6.54512e-28
6.00749e-28
5.51316e-28
5.05873e-28
4.6411e-28
4.25737e-28
3.90488e-28
3.58117e-28
3.28397e-28
3.01118e-28
2.76088e-28
2.53127e-28
2.32072e-28
2.12771e-28
1.95085e-28
1.78885e-28
1.64052e-28
1.50478e-28
1.38061e-28
1.26711e-28
1.16341e-28
1.06874e-28
9.82385e-29
9.03679e-29
8.32019e-29
7.66852e-29
7.07669e-29
6.54003e-29
6.05427e-29
5.61552e-29
5.22019e-29
4.86504e-29
4.54708e-29
4.2636e-29
4.01214e-29
3.79046e-29
3.59653e-29
3.42853e-29
3.28479e-29
3.16383e-29
3.06436e-29
2.98524e-29
2.92541e-29
2.88393e-29
2.86001e-29
2.85293e-29
2.86212e-29
2.88707e-29
2.92736e-29
2.98262e-29
3.0526e-29
3.13709e-29
3.23598e-29
3.34919e-29
3.47675e-29
3.61872e-29
3.77522e-29
3.94644e-29
4.13261e-29
4.33403e-29
4.55103e-29
4.784e-29
5.03337e-29
5.29963e-29
5.58331e-29
5.88499e-29
6.20528e-29
6.54484e-29
6.9044e-29
7.2847e-29
