10
2e+17
2e+18
50
9.99961
18755.4
2.93893e-20
2.93722e-20
2.93179e-20
2.92564e-20
2.91892e-20
2.91167e-20
2.90389e-20
2.89561e-20
2.88682e-20
2.87754e-20
2.86776e-20
2.8575e-20
2.84677e-20
2.83558e-20
2.82393e-20
2.81182e-20
2.79927e-20
2.78626e-20
2.77281e-20
2.75892e-20
2.74461e-20
2.72988e-20
2.71474e-20
2.6992e-20
2.68326e-20
2.66693e-20
2.65023e-20
2.63316e-20
2.61573e-20
2.59794e-20
2.57981e-20
2.56135e-20
2.54255e-20
2.52344e-20
2.50402e-20
2.48431e-20
2.4643e-20
2.44401e-20
2.42346e-20
2.40264e-20
2.38157e-20
2.36025e-20
2.33871e-20
2.31695e-20
2.29497e-20
2.27279e-20
2.25042e-20
2.22787e-20
2.20515e-20
2.18226e-20
2.15922e-20
2.13604e-20
2.11272e-20
2.08928e-20
2.06572e-20
2.04206e-20
2.01831e-20
1.99447e-20
1.97055e-20
1.94657e-20
1.92253e-20
1.89844e-20
1.87431e-20
1.85016e-20
1.82598e-20
1.80179e-20
1.77759e-20
1.7534e-20
1.72922e-20
1.70507e-20
1.68094e-20
1.65685e-20
1.6328e-20
1.60881e-20
1.58488e-20
1.56101e-20
1.53722e-20
1.51352e-20
1.4899e-20
1.46637e-20
1.44296e-20
1.41964e-20
1.39645e-20
1.37337e-20
1.35042e-20
1.32761e-20
1.30493e-20
1.2824e-20
1.26002e-20
1.23779e-20
1.21572e-20
1.19381e-20
1.17207e-20
1.15051e-20
1.12912e-20
1.10791e-20
1.08689e-20
1.06606e-20
1.04542e-20
1.02497e-20
1.00472e-20
9.84671e-21
9.64826e-21
9.45188e-21
9.25759e-21
9.06541e-21
8.87537e-21
8.68748e-21
8.50175e-21
8.31821e-21
8.13688e-21
7.95777e-21
7.7809e-21
7.6063e-21
7.43397e-21
7.26392e-21
7.09617e-21
6.93072e-21
6.76759e-21
6.60679e-21
6.44832e-21
6.29222e-21
6.13848e-21
5.98713e-21
5.83816e-21
5.69159e-21
5.54741e-21
5.40563e-21
5.26627e-21
5.12934e-21
4.99484e-21
4.86278e-21
4.73317e-21
4.606e-21
4.48126e-21
4.35895e-21
4.23906e-21
4.1216e-21
4.00653e-21
3.89385e-21
3.78355e-21
3.67561e-21
3.57e-21
3.46672e-21
3.36573e-21
3.26702e-21
3.17057e-21
3.07634e-21
2.98432e-21
2.89447e-21
2.80677e-21
2.7212e-21
2.63772e-21
2.5563e-21
2.47692e-21
2.39955e-21
2.32414e-21
2.25068e-21
2.17914e-21
2.10947e-21
2.04165e-21
1.97565e-21
1.91143e-21
1.84896e-21
1.7882e-21
1.72913e-21
1.67172e-21
1.61592e-21
1.56171e-21
1.50906e-21
1.45792e-21
1.40828e-21
1.36009e-21
1.31333e-21
1.26796e-21
1.22396e-21
1.18128e-21
1.1399e-21
1.0998e-21
1.06093e-21
1.02326e-21
9.86781e-22
9.51448e-22
9.17237e-22
8.84117e-22
8.5206e-22
8.21038e-22
7.91026e-22
7.61996e-22
7.33923e-22
7.06778e-22
6.80537e-22
6.55173e-22
6.30664e-22
6.06986e-22
5.84114e-22
5.62024e-22
5.40694e-22
5.20101e-22
5.00224e-22
4.81041e-22
4.62533e-22
4.44677e-22
4.27453e-22
4.10843e-22
3.94827e-22
3.79387e-22
3.64504e-22
3.50163e-22
3.36343e-22
3.23028e-22
3.10203e-22
2.9785e-22
2.85956e-22
2.74505e-22
2.63481e-22
2.52871e-22
2.4266e-22
2.32835e-22
2.23382e-22
2.1429e-22
2.05545e-22
1.97136e-22
1.89051e-22
1.81278e-22
1.73806e-22
1.66625e-22
1.59725e-22
1.53094e-22
1.46724e-22
1.40606e-22
1.3473e-22
1.29086e-22
1.23667e-22
1.18465e-22
1.1347e-22
1.08676e-22
1.04075e-22
9.96606e-23
9.54247e-23
9.13606e-23
8.74619e-23
8.37223e-23
8.01357e-23
7.66963e-23
7.33985e-23
7.02367e-23
6.72059e-23
6.43008e-23
6.15164e-23
5.88478e-23
5.62906e-23
5.38404e-23
5.14929e-23
4.92442e-23
4.70903e-23
4.50273e-23
4.30518e-23
4.11601e-23
3.93488e-23
3.76145e-23
3.59541e-23
3.43648e-23
3.28435e-23
3.13875e-23
2.99942e-23
2.86609e-23
2.73853e-23
2.61648e-23
2.49972e-23
2.38802e-23
2.28117e-23
2.17897e-23
2.08123e-23
1.98776e-23
1.89838e-23
1.81293e-23
1.73122e-23
1.65311e-23
1.57845e-23
1.50707e-23
1.43885e-23
1.37364e-23
1.31131e-23
1.25176e-23
1.19484e-23
1.14046e-23
1.0885e-23
1.03887e-23
9.91447e-24
9.4615e-24
9.02884e-24
8.61556e-24
8.22082e-24
7.84381e-24
7.48376e-24
7.13992e-24
6.81159e-24
6.49809e-24
6.19876e-24
5.913e-24
5.64018e-24
5.37976e-24
5.13117e-24
4.89387e-24
4.66736e-24
4.45115e-24
4.2448e-24
4.04786e-24
3.85991e-24
3.68056e-24
3.50941e-24
3.34611e-24
3.1903e-24
3.04165e-24
2.89983e-24
2.76454e-24
2.63548e-24
2.51235e-24
2.3949e-24
2.28286e-24
2.176e-24
2.07406e-24
1.97684e-24
1.88412e-24
1.79569e-24
1.71137e-24
1.63095e-24
1.55427e-24
1.48116e-24
1.41145e-24
1.34498e-24
1.28161e-24
1.2212e-24
1.16359e-24
1.10867e-24
1.05631e-24
1.0064e-24
9.5882e-25
9.13464e-25
8.70231e-25
8.29023e-25
7.89746e-25
7.52311e-25
7.16634e-25
6.82633e-25
6.50231e-25
6.19353e-25
5.89929e-25
5.61888e-25
5.35166e-25
5.09702e-25
4.85437e-25
4.62316e-25
4.40285e-25
4.19294e-25
3.99294e-25
3.80239e-25
3.62085e-25
3.44791e-25
3.28315e-25
3.1262e-25
2.97669e-25
2.83427e-25
2.69862e-25
2.56941e-25
2.44633e-25
2.32908e-25
2.21741e-25
2.11103e-25
2.00972e-25
1.91322e-25
1.82131e-25
1.73378e-25
1.65042e-25
1.57103e-25
1.49543e-25
1.42343e-25
1.35488e-25
1.2896e-25
1.22744e-25
1.16826e-25
1.1119e-25
1.05825e-25
1.00717e-25
9.58529e-26
9.12218e-26
8.68125e-26
8.26143e-26
7.86174e-26
7.48122e-26
7.11895e-26
6.77408e-26
6.44578e-26
6.13325e-26
5.83575e-26
5.55257e-26
5.28302e-26
5.02646e-26
4.78226e-26
4.54984e-26
4.32863e-26
4.11811e-26
3.91776e-26
3.72709e-26
3.54564e-26
3.37298e-26
3.20866e-26
3.05228e-26
2.90346e-26
2.76184e-26
2.62709e-26
2.49885e-26
2.37684e-26
2.26074e-26
2.15028e-26
2.04518e-26
1.94519e-26
1.85007e-26
1.75957e-26
1.67348e-26
1.59158e-26
1.51368e-26
1.43958e-26
1.3691e-26
1.30206e-26
1.2383e-26
1.17767e-26
1.12e-26
1.06517e-26
1.01302e-26
9.63423e-27
9.16263e-27
8.71419e-27
8.28781e-27
7.88241e-27
7.49699e-27
7.13059e-27
6.7823e-27
6.45125e-27
6.1366e-27
5.83757e-27
5.55341e-27
5.28341e-27
5.02689e-27
4.7832e-27
4.55173e-27
4.3319e-27
4.12315e-27
3.92496e-27
3.73682e-27
3.55825e-27
3.38881e-27
3.22806e-27
3.0756e-27
2.93103e-27
2.79399e-27
2.66411e-27
2.54106e-27
2.42451e-27
2.31419e-27
2.20979e-27
2.11106e-27
2.01774e-27
1.92959e-27
1.84638e-27
1.7679e-27
1.69395e-27
1.62433e-27
1.55887e-27
1.49739e-27
1.43973e-27
1.38574e-27
1.33528e-27
1.28822e-27
1.24444e-27
1.20381e-27
1.16623e-27
1.1316e-27
1.09982e-27
1.07082e-27
1.0445e-27
1.0208e-27
9.9965e-28
9.80993e-28
9.64765e-28
9.50964e-28
9.39601e-28
9.30663e-28
9.24113e-28
9.19967e-28
9.182e-28
9.18787e-28
9.21711e-28
9.26957e-28
9.34521e-28
9.444e-28
9.56599e-28
9.71128e-28
9.88004e-28
1.00725e-27
