10
5e+16
1e+18
49.9999
9.99974
18755.4
3.04414e-20
3.04135e-20
3.03283e-20
3.02348e-20
3.01356e-20
3.00312e-20
2.99221e-20
2.98083e-20
2.96899e-20
2.9567e-20
2.94396e-20
2.93079e-20
2.91721e-20
2.90323e-20
2.88885e-20
2.87408e-20
2.8589e-20
2.84333e-20
2.82737e-20
2.81103e-20
2.79432e-20
2.77725e-20
2.75983e-20
2.74206e-20
2.72396e-20
2.70553e-20
2.68678e-20
2.66772e-20
2.64836e-20
2.6287e-20
2.60875e-20
2.58852e-20
2.56803e-20
2.54728e-20
2.52627e-20
2.50502e-20
2.48354e-20
2.46183e-20
2.4399e-20
2.41777e-20
2.39544e-20
2.37291e-20
2.35021e-20
2.32735e-20
2.30431e-20
2.28113e-20
2.25781e-20
2.23434e-20
2.21076e-20
2.18706e-20
2.16325e-20
2.13934e-20
2.11534e-20
2.09126e-20
2.06711e-20
2.04289e-20
2.01861e-20
1.99429e-20
1.96993e-20
1.94554e-20
1.92112e-20
1.8967e-20
1.87226e-20
1.84783e-20
1.82341e-20
1.799e-20
1.77462e-20
1.75027e-20
1.72595e-20
1.70169e-20
1.67747e-20
1.65332e-20
1.62923e-20
1.60521e-20
1.58128e-20
1.55743e-20
1.53367e-20
1.51002e-20
1.48646e-20
1.46302e-20
1.43969e-20
1.41648e-20
1.3934e-20
1.37044e-20
1.34762e-20
1.32495e-20
1.30242e-20
1.28004e-20
1.25781e-20
1.23575e-20
1.21384e-20
1.1921e-20
1.17053e-20
1.14914e-20
1.12792e-20
1.10688e-20
1.08603e-20
1.06536e-20
1.04488e-20
1.02459e-20
1.0045e-20
9.84597e-21
9.64897e-21
9.45396e-21
9.26098e-21
9.07004e-21
8.88116e-21
8.69435e-21
8.5096e-21
8.32696e-21
8.14643e-21
7.96802e-21
7.79176e-21
7.61768e-21
7.44576e-21
7.27602e-21
7.10849e-21
6.94316e-21
6.78005e-21
6.61918e-21
6.46055e-21
6.3042e-21
6.15014e-21
5.99839e-21
5.84896e-21
5.70186e-21
5.5571e-21
5.41468e-21
5.27463e-21
5.13699e-21
5.00175e-21
4.86894e-21
4.73856e-21
4.61063e-21
4.48512e-21
4.36206e-21
4.24143e-21
4.12323e-21
4.00745e-21
3.89409e-21
3.78312e-21
3.67453e-21
3.56831e-21
3.46444e-21
3.3629e-21
3.26367e-21
3.16671e-21
3.07202e-21
2.97957e-21
2.88932e-21
2.80125e-21
2.71534e-21
2.63155e-21
2.54985e-21
2.47022e-21
2.39262e-21
2.31702e-21
2.24339e-21
2.1717e-21
2.10192e-21
2.03401e-21
1.96793e-21
1.90366e-21
1.84116e-21
1.7804e-21
1.72134e-21
1.66395e-21
1.6082e-21
1.55406e-21
1.50147e-21
1.45043e-21
1.40088e-21
1.35281e-21
1.30617e-21
1.26094e-21
1.21707e-21
1.17455e-21
1.13333e-21
1.09338e-21
1.05468e-21
1.01719e-21
9.8089e-22
9.45738e-22
9.11712e-22
8.78779e-22
8.46909e-22
8.16077e-22
7.86255e-22
7.57415e-22
7.29532e-22
7.02576e-22
6.76521e-22
6.51344e-22
6.27019e-22
6.03522e-22
5.80829e-22
5.58915e-22
5.37758e-22
5.17334e-22
4.97623e-22
4.78603e-22
4.60253e-22
4.42552e-22
4.25478e-22
4.09013e-22
3.93139e-22
3.77835e-22
3.63086e-22
3.48872e-22
3.35176e-22
3.21981e-22
3.0927e-22
2.97028e-22
2.85239e-22
2.73889e-22
2.62963e-22
2.52446e-22
2.42323e-22
2.32582e-22
2.23209e-22
2.14193e-22
2.0552e-22
1.97179e-22
1.89159e-22
1.81447e-22
1.74032e-22
1.66905e-22
1.60054e-22
1.53471e-22
1.47145e-22
1.41067e-22
1.35229e-22
1.2962e-22
1.24233e-22
1.1906e-22
1.14093e-22
1.09323e-22
1.04744e-22
1.00349e-22
9.61311e-23
9.20827e-23
8.81976e-23
8.44697e-23
8.0893e-23
7.74618e-23
7.41707e-23
7.10141e-23
6.7987e-23
6.50843e-23
6.2301e-23
5.96323e-23
5.70738e-23
5.46213e-23
5.22705e-23
5.00175e-23
4.78585e-23
4.57897e-23
4.38075e-23
4.19086e-23
4.00894e-23
3.83466e-23
3.66772e-23
3.50784e-23
3.35472e-23
3.20809e-23
3.06769e-23
2.93326e-23
2.80457e-23
2.68138e-23
2.56345e-23
2.45057e-23
2.34252e-23
2.23911e-23
2.14015e-23
2.04545e-23
1.95484e-23
1.86815e-23
1.78521e-23
1.70588e-23
1.62999e-23
1.55739e-23
1.48795e-23
1.42154e-23
1.35802e-23
1.29728e-23
1.2392e-23
1.18366e-23
1.13056e-23
1.07979e-23
1.03126e-23
9.8487e-24
9.40527e-24
8.98139e-24
8.57622e-24
8.18897e-24
7.81886e-24
7.46516e-24
7.12715e-24
6.80418e-24
6.49557e-24
6.20072e-24
5.91903e-24
5.64993e-24
5.39287e-24
5.14729e-24
4.91269e-24
4.68859e-24
4.47454e-24
4.27009e-24
4.07483e-24
3.88835e-24
3.71027e-24
3.54021e-24
3.37783e-24
3.22279e-24
3.07477e-24
2.93344e-24
2.79853e-24
2.66971e-24
2.54674e-24
2.42934e-24
2.31727e-24
2.21029e-24
2.10817e-24
2.01071e-24
1.91768e-24
1.8289e-24
1.74417e-24
1.66332e-24
1.58617e-24
1.51254e-24
1.4423e-24
1.37527e-24
1.31132e-24
1.2503e-24
1.19208e-24
1.13653e-24
1.08353e-24
1.03297e-24
9.84737e-25
9.38728e-25
8.94841e-25
8.52979e-25
8.13051e-25
7.74969e-25
7.3865e-25
7.04013e-25
6.70982e-25
6.39483e-25
6.09443e-25
5.80795e-25
5.53476e-25
5.27425e-25
5.02584e-25
4.78897e-25
4.56313e-25
4.3478e-25
4.14251e-25
3.94679e-25
3.7602e-25
3.58234e-25
3.41278e-25
3.25116e-25
3.09711e-25
2.95027e-25
2.81032e-25
2.67693e-25
2.54978e-25
2.42859e-25
2.31308e-25
2.203e-25
2.09809e-25
1.9981e-25
1.90283e-25
1.81204e-25
1.72552e-25
1.64309e-25
1.56454e-25
1.48971e-25
1.41841e-25
1.35048e-25
1.28577e-25
1.22412e-25
1.1654e-25
1.10946e-25
1.05617e-25
1.00541e-25
9.57055e-26
9.10993e-26
8.67118e-26
8.25328e-26
7.85525e-26
7.47617e-26
7.11514e-26
6.77131e-26
6.44389e-26
6.1321e-26
5.8352e-26
5.55249e-26
5.28331e-26
5.02702e-26
4.78301e-26
4.5507e-26
4.32954e-26
4.11901e-26
3.91859e-26
3.72782e-26
3.54621e-26
3.37333e-26
3.20877e-26
3.05212e-26
2.90303e-26
2.76112e-26
2.62606e-26
2.49752e-26
2.37519e-26
2.25878e-26
2.148e-26
2.0426e-26
1.9423e-26
1.84687e-26
1.75608e-26
1.6697e-26
1.58753e-26
1.50936e-26
1.435e-26
1.36427e-26
1.297e-26
1.23302e-26
1.17217e-26
1.1143e-26
1.05926e-26
1.00691e-26
9.57139e-27
9.09808e-27
8.64804e-27
8.22016e-27
7.81337e-27
7.42666e-27
7.05907e-27
6.70968e-27
6.37761e-27
6.06204e-27
5.76216e-27
5.47724e-27
5.20654e-27
4.9494e-27
4.70515e-27
4.47318e-27
4.25291e-27
4.04377e-27
3.84524e-27
3.6568e-27
3.47798e-27
3.30832e-27
3.14739e-27
2.99477e-27
2.85005e-27
2.71286e-27
2.58284e-27
2.45967e-27
2.34303e-27
2.23261e-27
2.12813e-27
2.02931e-27
1.93591e-27
1.84768e-27
1.76439e-27
1.68582e-27
1.61177e-27
1.54205e-27
1.47646e-27
1.41485e-27
1.35704e-27
1.30288e-27
1.25224e-27
1.20497e-27
1.16096e-27
1.12008e-27
1.08223e-27
1.0473e-27
1.01521e-27
9.85853e-28
9.59166e-28
9.35071e-28
9.13494e-28
8.94419e-28
8.77837e-28
8.63723e-28
8.52031e-28
8.42763e-28
8.35884e-28
8.31362e-28
8.29172e-28
8.29292e-28
8.31711e-28
8.36419e-28
8.43416e-28
8.52706e-28
8.64299e-28
8.78212e-28
