20
5e+16
1e+18
49.9783
19.9991
26524.1
1.54053e-20
1.53674e-20
1.52564e-20
1.51392e-20
1.50194e-20
1.4898e-20
1.47752e-20
1.46513e-20
1.45269e-20
1.44018e-20
1.42761e-20
1.41496e-20
1.40223e-20
1.38943e-20
1.37656e-20
1.36361e-20
1.35062e-20
1.33757e-20
1.32447e-20
1.31131e-20
1.2981e-20
1.28484e-20
1.27154e-20
1.2582e-20
1.24483e-20
1.23142e-20
1.21799e-20
1.20453e-20
1.19106e-20
1.17757e-20
1.16407e-20
1.15056e-20
1.13704e-20
1.12353e-20
1.11001e-20
1.0965e-20
1.083e-20
1.0695e-20
1.05602e-20
1.04256e-20
1.02911e-20
1.01568e-20
1.00227e-20
9.88898e-21
9.75553e-21
9.62245e-21
9.48972e-21
9.35735e-21
9.22541e-21
9.09387e-21
8.96282e-21
8.83223e-21
8.70218e-21
8.57265e-21
8.44369e-21
8.31531e-21
8.18754e-21
8.06039e-21
7.93389e-21
7.80811e-21
7.68302e-21
7.55867e-21
7.43505e-21
7.31219e-21
7.19009e-21
7.06878e-21
6.9483e-21
6.82864e-21
6.70982e-21
6.59183e-21
6.47471e-21
6.35848e-21
6.24314e-21
6.12869e-21
6.01514e-21
5.9025e-21
5.79079e-21
5.68002e-21
5.57019e-21
5.46134e-21
5.35346e-21
5.24658e-21
5.14073e-21
5.03588e-21
4.93207e-21
4.82933e-21
4.72767e-21
4.62711e-21
4.5277e-21
4.42943e-21
4.33232e-21
4.23643e-21
4.1418e-21
4.04844e-21
3.95637e-21
3.86564e-21
3.77626e-21
3.68823e-21
3.60158e-21
3.51631e-21
3.43242e-21
3.34992e-21
3.26883e-21
3.18914e-21
3.11085e-21
3.03395e-21
2.95846e-21
2.88438e-21
2.8117e-21
2.7404e-21
2.67049e-21
2.60195e-21
2.53479e-21
2.46897e-21
2.4045e-21
2.34136e-21
2.27955e-21
2.21905e-21
2.15985e-21
2.10193e-21
2.04528e-21
1.98988e-21
1.93573e-21
1.88279e-21
1.83106e-21
1.78052e-21
1.73116e-21
1.68295e-21
1.63588e-21
1.58993e-21
1.54507e-21
1.50131e-21
1.45862e-21
1.41698e-21
1.37637e-21
1.33677e-21
1.29816e-21
1.26053e-21
1.22386e-21
1.18814e-21
1.15334e-21
1.11943e-21
1.08642e-21
1.05427e-21
1.02297e-21
9.9251e-22
9.62868e-22
9.34021e-22
9.05953e-22
8.78648e-22
8.52089e-22
8.26262e-22
8.01151e-22
7.7674e-22
7.53007e-22
7.29937e-22
7.07516e-22
6.85729e-22
6.64561e-22
6.43998e-22
6.24026e-22
6.04626e-22
5.85784e-22
5.67487e-22
5.49722e-22
5.32475e-22
5.15735e-22
4.99488e-22
4.83722e-22
4.68426e-22
4.53582e-22
4.3918e-22
4.25208e-22
4.11655e-22
3.98511e-22
3.85764e-22
3.73404e-22
3.61421e-22
3.49804e-22
3.38541e-22
3.27622e-22
3.17039e-22
3.0678e-22
2.96839e-22
2.87206e-22
2.77872e-22
2.68829e-22
2.60069e-22
2.51582e-22
2.43361e-22
2.35396e-22
2.27682e-22
2.2021e-22
2.12975e-22
2.05969e-22
1.99186e-22
1.92619e-22
1.86261e-22
1.80107e-22
1.7415e-22
1.68382e-22
1.62799e-22
1.57396e-22
1.52166e-22
1.47104e-22
1.42207e-22
1.37468e-22
1.32882e-22
1.28446e-22
1.24155e-22
1.20004e-22
1.15987e-22
1.12102e-22
1.08343e-22
1.04707e-22
1.0119e-22
9.77885e-23
9.44987e-23
9.13173e-23
8.82408e-23
8.52659e-23
8.23896e-23
7.96086e-23
7.692e-23
7.43208e-23
7.18077e-23
6.93778e-23
6.70285e-23
6.47572e-23
6.25616e-23
6.04391e-23
5.83874e-23
5.64044e-23
5.44876e-23
5.26352e-23
5.08449e-23
4.91147e-23
4.74428e-23
4.58273e-23
4.42662e-23
4.27575e-23
4.12995e-23
3.98905e-23
3.85288e-23
3.72131e-23
3.59417e-23
3.47133e-23
3.35264e-23
3.23796e-23
3.12717e-23
3.02014e-23
2.91674e-23
2.81685e-23
2.72037e-23
2.62716e-23
2.53714e-23
2.45018e-23
2.36618e-23
2.28502e-23
2.20662e-23
2.13089e-23
2.05773e-23
1.98707e-23
1.91881e-23
1.85288e-23
1.7892e-23
1.72769e-23
1.66829e-23
1.61092e-23
1.55551e-23
1.502e-23
1.45033e-23
1.40043e-23
1.35224e-23
1.30571e-23
1.26078e-23
1.21739e-23
1.17547e-23
1.135e-23
1.0959e-23
1.05815e-23
1.02169e-23
9.86485e-24
9.52484e-24
9.19651e-24
8.87945e-24
8.57329e-24
8.27766e-24
7.9922e-24
7.71656e-24
7.45042e-24
7.19345e-24
6.94533e-24
6.70578e-24
6.47449e-24
6.25119e-24
6.0356e-24
5.82746e-24
5.62647e-24
5.43239e-24
5.24498e-24
5.06402e-24
4.88928e-24
4.72056e-24
4.55764e-24
4.40033e-24
4.24844e-24
4.10179e-24
3.96019e-24
3.82348e-24
3.69148e-24
3.56403e-24
3.44099e-24
3.32219e-24
3.2075e-24
3.09677e-24
2.98987e-24
2.88666e-24
2.78702e-24
2.69083e-24
2.59797e-24
2.50833e-24
2.42179e-24
2.33824e-24
2.25758e-24
2.17969e-24
2.10449e-24
2.03188e-24
1.96177e-24
1.89407e-24
1.82872e-24
1.76561e-24
1.70468e-24
1.64586e-24
1.58906e-24
1.53423e-24
1.48128e-24
1.43017e-24
1.38082e-24
1.33317e-24
1.28717e-24
1.24276e-24
1.19989e-24
1.1585e-24
1.11853e-24
1.07995e-24
1.04271e-24
1.00675e-24
9.72036e-25
9.38524e-25
9.06172e-25
8.7494e-25
8.4479e-25
8.15685e-25
7.87581e-25
7.60446e-25
7.34246e-25
7.08948e-25
6.84522e-25
6.60937e-25
6.38166e-25
6.16179e-25
5.9495e-25
5.74453e-25
5.54662e-25
5.35554e-25
5.17105e-25
4.99292e-25
4.82094e-25
4.65488e-25
4.49456e-25
4.33977e-25
4.19032e-25
4.04603e-25
3.90671e-25
3.77221e-25
3.64235e-25
3.51698e-25
3.39593e-25
3.27907e-25
3.16624e-25
3.05732e-25
2.95215e-25
2.85062e-25
2.75261e-25
2.65798e-25
2.56662e-25
2.47843e-25
2.39328e-25
2.31108e-25
2.23172e-25
2.15508e-25
2.08109e-25
2.00964e-25
1.94066e-25
1.87405e-25
1.80973e-25
1.74764e-25
1.68768e-25
1.62979e-25
1.5739e-25
1.51993e-25
1.46783e-25
1.41753e-25
1.36896e-25
1.32207e-25
1.27679e-25
1.23309e-25
1.19089e-25
1.15015e-25
1.11083e-25
1.07286e-25
1.03621e-25
1.00082e-25
9.66668e-26
9.33696e-26
9.01868e-26
8.71146e-26
8.41491e-26
8.12867e-26
7.85239e-26
7.58573e-26
7.32837e-26
7.07999e-26
6.84029e-26
6.60897e-26
6.38574e-26
6.17034e-26
5.96251e-26
5.76198e-26
5.56851e-26
5.38186e-26
5.20181e-26
5.02813e-26
4.86061e-26
4.69902e-26
4.54315e-26
4.39283e-26
4.24786e-26
4.10807e-26
3.97328e-26
3.84334e-26
3.71809e-26
3.59737e-26
3.48104e-26
3.36895e-26
3.26097e-26
3.15696e-26
3.05681e-26
2.96039e-26
2.86757e-26
2.77826e-26
2.69233e-26
2.60969e-26
2.53024e-26
2.45387e-26
2.38049e-26
2.31002e-26
2.24238e-26
2.17747e-26
2.11521e-26
2.05554e-26
1.99839e-26
1.94367e-26
1.89133e-26
1.8413e-26
1.79352e-26
1.74793e-26
1.70448e-26
1.66311e-26
1.62378e-26
1.58644e-26
1.55104e-26
1.51754e-26
1.48589e-26
1.45607e-26
1.42804e-26
1.40175e-26
1.37718e-26
1.35431e-26
1.33309e-26
1.31352e-26
1.29555e-26
1.27919e-26
1.26439e-26
1.25115e-26
1.23945e-26
1.22927e-26
1.22061e-26
1.21346e-26
1.20779e-26
1.20361e-26
1.2009e-26
1.19967e-26
1.19997e-26
1.20183e-26
1.20526e-26
1.21026e-26
1.21684e-26
1.22499e-26
1.23471e-26
