10
2e+18
5e+18
49.9992
9.99972
18755.4
2.81108e-20
2.81046e-20
2.80819e-20
2.80532e-20
2.80189e-20
2.79792e-20
2.79341e-20
2.78836e-20
2.78277e-20
2.77665e-20
2.77e-20
2.76283e-20
2.75514e-20
2.74694e-20
2.73823e-20
2.72902e-20
2.71931e-20
2.70911e-20
2.69841e-20
2.68724e-20
2.67558e-20
2.66346e-20
2.65088e-20
2.63784e-20
2.62435e-20
2.61043e-20
2.59607e-20
2.58128e-20
2.56609e-20
2.55048e-20
2.53447e-20
2.51808e-20
2.5013e-20
2.48415e-20
2.46663e-20
2.44876e-20
2.43055e-20
2.412e-20
2.39313e-20
2.37394e-20
2.35444e-20
2.33465e-20
2.31458e-20
2.29423e-20
2.27362e-20
2.25275e-20
2.23164e-20
2.21029e-20
2.18873e-20
2.16695e-20
2.14497e-20
2.12279e-20
2.10044e-20
2.07792e-20
2.05524e-20
2.0324e-20
2.00943e-20
1.98634e-20
1.96312e-20
1.9398e-20
1.91638e-20
1.89287e-20
1.86929e-20
1.84564e-20
1.82193e-20
1.79818e-20
1.77439e-20
1.75057e-20
1.72673e-20
1.70289e-20
1.67904e-20
1.65521e-20
1.63139e-20
1.6076e-20
1.58385e-20
1.56014e-20
1.53649e-20
1.5129e-20
1.48937e-20
1.46593e-20
1.44257e-20
1.4193e-20
1.39614e-20
1.37308e-20
1.35013e-20
1.32731e-20
1.30461e-20
1.28205e-20
1.25963e-20
1.23736e-20
1.21524e-20
1.19328e-20
1.17148e-20
1.14985e-20
1.1284e-20
1.10712e-20
1.08603e-20
1.06513e-20
1.04442e-20
1.0239e-20
1.00359e-20
9.83479e-21
9.63579e-21
9.43889e-21
9.24414e-21
9.05157e-21
8.86119e-21
8.67304e-21
8.48715e-21
8.30352e-21
8.12219e-21
7.94318e-21
7.7665e-21
7.59217e-21
7.4202e-21
7.25062e-21
7.08343e-21
6.91864e-21
6.75625e-21
6.59629e-21
6.43876e-21
6.28366e-21
6.131e-21
5.98078e-21
5.83302e-21
5.6877e-21
5.54482e-21
5.40439e-21
5.2664e-21
5.13086e-21
4.99776e-21
4.86709e-21
4.73886e-21
4.61304e-21
4.48964e-21
4.36863e-21
4.25e-21
4.13375e-21
4.01986e-21
3.9083e-21
3.79907e-21
3.69214e-21
3.58749e-21
3.4851e-21
3.38495e-21
3.28702e-21
3.19128e-21
3.09771e-21
3.00629e-21
2.91698e-21
2.82976e-21
2.74461e-21
2.66149e-21
2.58038e-21
2.50125e-21
2.42408e-21
2.34883e-21
2.27547e-21
2.20397e-21
2.13431e-21
2.06645e-21
2.00036e-21
1.93602e-21
1.87338e-21
1.81243e-21
1.75313e-21
1.69545e-21
1.63935e-21
1.58482e-21
1.53181e-21
1.4803e-21
1.43025e-21
1.38164e-21
1.33444e-21
1.28861e-21
1.24413e-21
1.20096e-21
1.15908e-21
1.11846e-21
1.07907e-21
1.04088e-21
1.00386e-21
9.67985e-22
9.33227e-22
8.99558e-22
8.66952e-22
8.35382e-22
8.04821e-22
7.75244e-22
7.46627e-22
7.18942e-22
6.92165e-22
6.66273e-22
6.41241e-22
6.17046e-22
5.93665e-22
5.71075e-22
5.49253e-22
5.28179e-22
5.0783e-22
4.88186e-22
4.69226e-22
4.5093e-22
4.33278e-22
4.1625e-22
3.99829e-22
3.83995e-22
3.68731e-22
3.5402e-22
3.39842e-22
3.26182e-22
3.13024e-22
3.00351e-22
2.88148e-22
2.764e-22
2.65092e-22
2.54208e-22
2.43736e-22
2.33662e-22
2.23971e-22
2.14652e-22
2.05691e-22
1.97077e-22
1.88797e-22
1.8084e-22
1.73194e-22
1.65849e-22
1.58794e-22
1.52019e-22
1.45513e-22
1.39267e-22
1.33272e-22
1.27519e-22
1.21998e-22
1.16701e-22
1.11619e-22
1.06746e-22
1.02073e-22
9.75918e-23
9.32963e-23
8.9179e-23
8.5233e-23
8.14518e-23
7.78291e-23
7.43588e-23
7.1035e-23
6.78519e-23
6.48041e-23
6.18863e-23
5.90931e-23
5.64198e-23
5.38613e-23
5.14133e-23
4.90713e-23
4.68309e-23
4.46881e-23
4.26389e-23
4.06794e-23
3.88061e-23
3.70153e-23
3.53035e-23
3.36675e-23
3.21042e-23
3.06104e-23
2.91834e-23
2.78202e-23
2.65182e-23
2.52748e-23
2.40875e-23
2.29539e-23
2.18716e-23
2.08385e-23
1.98524e-23
1.89113e-23
1.80133e-23
1.71564e-23
1.63389e-23
1.55591e-23
1.48154e-23
1.4106e-23
1.34295e-23
1.27844e-23
1.21693e-23
1.1583e-23
1.1024e-23
1.04912e-23
9.98337e-24
9.49945e-24
9.03834e-24
8.59899e-24
8.18042e-24
7.7817e-24
7.40188e-24
7.04012e-24
6.69557e-24
6.36746e-24
6.05502e-24
5.75754e-24
5.47432e-24
5.20471e-24
4.94806e-24
4.70379e-24
4.47131e-24
4.25007e-24
4.03953e-24
3.83919e-24
3.64857e-24
3.46721e-24
3.29469e-24
3.13057e-24
2.97446e-24
2.82599e-24
2.68478e-24
2.5505e-24
2.42281e-24
2.3014e-24
2.18597e-24
2.07622e-24
1.97189e-24
1.87271e-24
1.77843e-24
1.68882e-24
1.60364e-24
1.5227e-24
1.44577e-24
1.37267e-24
1.30321e-24
1.23721e-24
1.1745e-24
1.11493e-24
1.05834e-24
1.00458e-24
9.53518e-25
9.05013e-25
8.58942e-25
8.15184e-25
7.73626e-25
7.34159e-25
6.9668e-25
6.61091e-25
6.27297e-25
5.95211e-25
5.64746e-25
5.35824e-25
5.08366e-25
4.82301e-25
4.57558e-25
4.34071e-25
4.11779e-25
3.90619e-25
3.70534e-25
3.51472e-25
3.33381e-25
3.16211e-25
2.99917e-25
2.84455e-25
2.69783e-25
2.5586e-25
2.4265e-25
2.30116e-25
2.18225e-25
2.06942e-25
1.96239e-25
1.86085e-25
1.76453e-25
1.67316e-25
1.58648e-25
1.50426e-25
1.42627e-25
1.35229e-25
1.28212e-25
1.21556e-25
1.15244e-25
1.09257e-25
1.03579e-25
9.81948e-26
9.30886e-26
8.82463e-26
8.36546e-26
7.93005e-26
7.51719e-26
7.12573e-26
6.75456e-26
6.40265e-26
6.069e-26
5.75265e-26
5.45272e-26
5.16835e-26
4.89874e-26
4.64315e-26
4.40083e-26
4.17112e-26
3.95336e-26
3.74694e-26
3.55127e-26
3.36579e-26
3.18998e-26
3.02333e-26
2.86539e-26
2.71569e-26
2.5738e-26
2.43933e-26
2.31189e-26
2.19112e-26
2.07667e-26
1.96821e-26
1.86543e-26
1.76803e-26
1.67573e-26
1.58826e-26
1.50538e-26
1.42684e-26
1.35243e-26
1.28192e-26
1.21511e-26
1.15182e-26
1.09186e-26
1.03505e-26
9.81228e-27
9.30246e-27
8.81953e-27
8.36209e-27
7.92882e-27
7.51845e-27
7.1298e-27
6.76174e-27
6.41319e-27
6.08316e-27
5.77066e-27
5.47479e-27
5.19467e-27
4.92947e-27
4.67843e-27
4.4408e-27
4.2159e-27
4.00306e-27
3.80167e-27
3.61113e-27
3.43089e-27
3.26041e-27
3.0992e-27
2.94678e-27
2.80269e-27
2.66652e-27
2.53787e-27
2.41634e-27
2.30158e-27
2.19325e-27
2.09103e-27
1.99461e-27
1.9037e-27
1.81803e-27
1.73735e-27
1.6614e-27
1.58996e-27
1.52282e-27
1.45976e-27
1.40059e-27
1.34512e-27
1.29318e-27
1.24461e-27
1.19926e-27
1.15699e-27
1.11766e-27
1.08115e-27
1.04734e-27
1.01612e-27
9.87384e-28
9.61044e-28
9.37006e-28
9.15188e-28
8.95511e-28
8.77905e-28
8.62305e-28
8.48649e-28
8.36882e-28
8.26953e-28
8.18818e-28
8.12435e-28
8.07768e-28
8.04783e-28
8.03454e-28
8.03755e-28
8.05668e-28
8.09175e-28
8.14255e-28
8.20942e-28
8.29278e-28
8.39282e-28
8.50949e-28
8.64323e-28
8.79404e-28
8.96194e-28
9.14698e-28
9.34925e-28
9.56888e-28
9.80603e-28
1.00609e-27
1.03337e-27
1.06247e-27
1.09343e-27
