20
1e+16
5e+18
50
19.9987
26524.1
1.70539e-20
1.69935e-20
1.68191e-20
1.66375e-20
1.64544e-20
1.62713e-20
1.60887e-20
1.59069e-20
1.57267e-20
1.5548e-20
1.53705e-20
1.51941e-20
1.50188e-20
1.48444e-20
1.46709e-20
1.44983e-20
1.43269e-20
1.41565e-20
1.39872e-20
1.38187e-20
1.36512e-20
1.34844e-20
1.33187e-20
1.31539e-20
1.29901e-20
1.2827e-20
1.2665e-20
1.2504e-20
1.23438e-20
1.21846e-20
1.20265e-20
1.18692e-20
1.17129e-20
1.15576e-20
1.14032e-20
1.12498e-20
1.10974e-20
1.09459e-20
1.07953e-20
1.06457e-20
1.04969e-20
1.03491e-20
1.02023e-20
1.00564e-20
9.91147e-21
9.76755e-21
9.62459e-21
9.48254e-21
9.34146e-21
9.20131e-21
9.06215e-21
8.92392e-21
8.7867e-21
8.65042e-21
8.51514e-21
8.38083e-21
8.24751e-21
8.11515e-21
7.98379e-21
7.85348e-21
7.72418e-21
7.5959e-21
7.46863e-21
7.34237e-21
7.21711e-21
7.09286e-21
6.96965e-21
6.84746e-21
6.72629e-21
6.60612e-21
6.48696e-21
6.36884e-21
6.25172e-21
6.13563e-21
6.02051e-21
5.9064e-21
5.7933e-21
5.6812e-21
5.5701e-21
5.46004e-21
5.35099e-21
5.24298e-21
5.13602e-21
5.0301e-21
4.92524e-21
4.82148e-21
4.71881e-21
4.61727e-21
4.5169e-21
4.41769e-21
4.31966e-21
4.22289e-21
4.12741e-21
4.03324e-21
3.9404e-21
3.84895e-21
3.75891e-21
3.67026e-21
3.58304e-21
3.49726e-21
3.4129e-21
3.32998e-21
3.24852e-21
3.16851e-21
3.08994e-21
3.01282e-21
2.93714e-21
2.86291e-21
2.79014e-21
2.71878e-21
2.64884e-21
2.58032e-21
2.51321e-21
2.44747e-21
2.38311e-21
2.32011e-21
2.25847e-21
2.19817e-21
2.13919e-21
2.0815e-21
2.02511e-21
1.97e-21
1.91614e-21
1.86352e-21
1.81212e-21
1.76192e-21
1.71291e-21
1.66507e-21
1.61837e-21
1.57279e-21
1.52833e-21
1.48496e-21
1.44266e-21
1.40142e-21
1.36122e-21
1.32202e-21
1.28382e-21
1.2466e-21
1.21033e-21
1.17502e-21
1.14062e-21
1.10711e-21
1.07449e-21
1.04273e-21
1.01182e-21
9.81748e-22
9.52486e-22
9.24014e-22
8.96313e-22
8.6937e-22
8.43167e-22
8.17689e-22
7.92921e-22
7.68846e-22
7.45442e-22
7.22693e-22
7.00586e-22
6.79105e-22
6.58236e-22
6.37965e-22
6.18277e-22
5.99153e-22
5.80579e-22
5.62542e-22
5.45029e-22
5.28027e-22
5.11523e-22
4.95506e-22
4.79964e-22
4.64882e-22
4.50247e-22
4.36046e-22
4.22268e-22
4.08902e-22
3.95937e-22
3.83364e-22
3.71171e-22
3.59348e-22
3.47886e-22
3.36772e-22
3.25995e-22
3.15547e-22
3.0542e-22
2.95603e-22
2.86089e-22
2.7687e-22
2.67936e-22
2.59281e-22
2.50893e-22
2.42766e-22
2.34891e-22
2.27262e-22
2.19872e-22
2.12713e-22
2.0578e-22
1.99066e-22
1.92564e-22
1.86269e-22
1.80173e-22
1.74271e-22
1.68555e-22
1.63021e-22
1.57662e-22
1.52475e-22
1.47454e-22
1.42593e-22
1.37889e-22
1.33336e-22
1.2893e-22
1.24666e-22
1.20541e-22
1.16548e-22
1.12684e-22
1.08945e-22
1.05327e-22
1.01826e-22
9.84392e-23
9.51624e-23
9.19925e-23
8.89262e-23
8.59602e-23
8.30914e-23
8.03169e-23
7.76337e-23
7.50388e-23
7.25289e-23
7.01013e-23
6.77534e-23
6.54827e-23
6.32867e-23
6.11632e-23
5.91098e-23
5.71243e-23
5.52045e-23
5.33485e-23
5.1554e-23
4.98193e-23
4.81423e-23
4.65213e-23
4.49543e-23
4.34394e-23
4.19747e-23
4.05588e-23
3.91899e-23
3.78667e-23
3.65876e-23
3.53512e-23
3.41562e-23
3.30011e-23
3.18848e-23
3.08058e-23
2.97631e-23
2.87555e-23
2.77817e-23
2.68408e-23
2.59315e-23
2.5053e-23
2.42039e-23
2.33833e-23
2.25902e-23
2.18238e-23
2.10832e-23
2.03675e-23
1.96759e-23
1.90077e-23
1.83619e-23
1.7738e-23
1.71352e-23
1.65528e-23
1.599e-23
1.54464e-23
1.49212e-23
1.44138e-23
1.39236e-23
1.34501e-23
1.29927e-23
1.25507e-23
1.21237e-23
1.17111e-23
1.13125e-23
1.09274e-23
1.05553e-23
1.01958e-23
9.84855e-24
9.51306e-24
9.18897e-24
8.87589e-24
8.57345e-24
8.28129e-24
7.99908e-24
7.72648e-24
7.46316e-24
7.20882e-24
6.96315e-24
6.72587e-24
6.49669e-24
6.27533e-24
6.06154e-24
5.85501e-24
5.6555e-24
5.46276e-24
5.27658e-24
5.09672e-24
4.92299e-24
4.75516e-24
4.59305e-24
4.43646e-24
4.2852e-24
4.1391e-24
3.99798e-24
3.86167e-24
3.73001e-24
3.60284e-24
3.48001e-24
3.36138e-24
3.2468e-24
3.13613e-24
3.02925e-24
2.92602e-24
2.82632e-24
2.73003e-24
2.63704e-24
2.54723e-24
2.4605e-24
2.37672e-24
2.29579e-24
2.21762e-24
2.14211e-24
2.06917e-24
1.99872e-24
1.93066e-24
1.86493e-24
1.80143e-24
1.7401e-24
1.68087e-24
1.62365e-24
1.56838e-24
1.515e-24
1.46344e-24
1.41364e-24
1.36554e-24
1.31909e-24
1.27421e-24
1.23088e-24
1.18902e-24
1.14859e-24
1.10954e-24
1.07183e-24
1.03541e-24
1.00023e-24
9.66252e-25
9.33439e-25
9.01749e-25
8.71142e-25
8.41577e-25
8.13018e-25
7.8543e-25
7.5878e-25
7.33037e-25
7.08169e-25
6.84148e-25
6.60944e-25
6.38529e-25
6.16878e-25
5.95963e-25
5.75759e-25
5.56244e-25
5.37392e-25
5.19183e-25
5.01593e-25
4.84602e-25
4.68189e-25
4.52336e-25
4.37022e-25
4.22229e-25
4.0794e-25
3.94138e-25
3.80806e-25
3.67928e-25
3.55489e-25
3.43474e-25
3.31868e-25
3.20657e-25
3.09829e-25
2.99369e-25
2.89266e-25
2.79508e-25
2.70082e-25
2.60978e-25
2.52184e-25
2.43689e-25
2.35482e-25
2.27553e-25
2.19893e-25
2.12493e-25
2.05344e-25
1.98437e-25
1.91765e-25
1.85319e-25
1.79092e-25
1.73076e-25
1.67265e-25
1.6165e-25
1.56227e-25
1.50988e-25
1.45926e-25
1.41037e-25
1.36313e-25
1.3175e-25
1.27343e-25
1.23085e-25
1.18972e-25
1.14999e-25
1.11161e-25
1.07454e-25
1.03874e-25
1.00415e-25
9.70742e-26
9.38475e-26
9.07309e-26
8.77208e-26
8.48136e-26
8.20059e-26
7.92943e-26
7.66757e-26
7.41469e-26
7.17049e-26
6.93469e-26
6.707e-26
6.48716e-26
6.27491e-26
6.07e-26
5.87218e-26
5.68122e-26
5.49689e-26
5.31894e-26
5.14717e-26
4.98138e-26
4.82135e-26
4.66692e-26
4.5179e-26
4.37412e-26
4.2354e-26
4.10158e-26
3.97252e-26
3.84805e-26
3.72803e-26
3.61233e-26
3.5008e-26
3.39332e-26
3.28977e-26
3.19001e-26
3.09394e-26
3.00145e-26
2.91242e-26
2.82675e-26
2.74435e-26
2.66511e-26
2.58895e-26
2.51578e-26
2.44551e-26
2.37806e-26
2.31336e-26
2.25132e-26
2.19189e-26
2.13498e-26
2.08053e-26
2.02849e-26
1.97879e-26
1.93137e-26
1.88619e-26
1.84318e-26
1.8023e-26
1.76351e-26
1.72675e-26
1.69199e-26
1.65919e-26
1.62832e-26
1.59933e-26
1.57219e-26
1.54688e-26
1.52337e-26
1.50162e-26
1.48163e-26
1.46336e-26
1.44679e-26
1.43191e-26
1.41871e-26
1.40716e-26
1.39726e-26
1.38899e-26
1.38234e-26
1.3773e-26
1.37388e-26
1.37213e-26
1.37208e-26
1.37376e-26
1.37715e-26
1.38225e-26
1.38907e-26
1.39761e-26
