5
2e+17
5e+18
49.9997
4.99967
13262.1
7.36778e-20
7.36679e-20
7.36267e-20
7.35715e-20
7.35026e-20
7.34201e-20
7.3324e-20
7.32145e-20
7.30915e-20
7.29551e-20
7.28055e-20
7.26426e-20
7.24667e-20
7.22777e-20
7.20759e-20
7.18614e-20
7.16343e-20
7.13946e-20
7.11425e-20
7.08782e-20
7.06017e-20
7.03132e-20
7.00129e-20
6.97008e-20
6.93773e-20
6.90425e-20
6.86966e-20
6.83396e-20
6.79719e-20
6.75936e-20
6.72049e-20
6.6806e-20
6.63971e-20
6.59785e-20
6.55503e-20
6.51128e-20
6.46661e-20
6.42106e-20
6.37465e-20
6.32739e-20
6.27931e-20
6.23044e-20
6.1808e-20
6.13041e-20
6.0793e-20
6.0275e-20
5.97502e-20
5.92191e-20
5.86817e-20
5.81383e-20
5.75893e-20
5.70348e-20
5.64751e-20
5.59105e-20
5.53413e-20
5.47676e-20
5.41898e-20
5.36081e-20
5.30228e-20
5.24341e-20
5.18422e-20
5.12475e-20
5.06502e-20
5.00505e-20
4.94486e-20
4.88449e-20
4.82396e-20
4.76329e-20
4.7025e-20
4.64163e-20
4.58068e-20
4.51969e-20
4.45868e-20
4.39767e-20
4.33669e-20
4.27575e-20
4.21488e-20
4.1541e-20
4.09342e-20
4.03288e-20
3.97249e-20
3.91227e-20
3.85224e-20
3.79242e-20
3.73283e-20
3.67348e-20
3.6144e-20
3.5556e-20
3.4971e-20
3.43892e-20
3.38106e-20
3.32355e-20
3.26641e-20
3.20964e-20
3.15326e-20
3.09728e-20
3.04173e-20
2.9866e-20
2.93192e-20
2.87769e-20
2.82393e-20
2.77065e-20
2.71785e-20
2.66555e-20
2.61376e-20
2.56248e-20
2.51173e-20
2.46152e-20
2.41184e-20
2.36271e-20
2.31414e-20
2.26613e-20
2.21868e-20
2.17181e-20
2.12551e-20
2.0798e-20
2.03467e-20
1.99013e-20
1.94619e-20
1.90284e-20
1.8601e-20
1.81795e-20
1.7764e-20
1.73546e-20
1.69513e-20
1.6554e-20
1.61628e-20
1.57776e-20
1.53985e-20
1.50255e-20
1.46585e-20
1.42975e-20
1.39426e-20
1.35936e-20
1.32506e-20
1.29136e-20
1.25825e-20
1.22573e-20
1.19379e-20
1.16244e-20
1.13167e-20
1.10147e-20
1.07185e-20
1.04279e-20
1.01429e-20
9.8635e-21
9.58963e-21
9.32123e-21
9.05826e-21
8.80065e-21
8.54836e-21
8.30133e-21
8.05949e-21
7.8228e-21
7.59119e-21
7.36462e-21
7.14302e-21
6.92633e-21
6.71451e-21
6.50749e-21
6.3052e-21
6.10759e-21
5.9146e-21
5.72615e-21
5.5422e-21
5.36267e-21
5.1875e-21
5.01664e-21
4.85001e-21
4.68757e-21
4.52925e-21
4.37501e-21
4.22478e-21
4.0785e-21
3.93611e-21
3.79756e-21
3.66277e-21
3.53169e-21
3.40425e-21
3.28038e-21
3.16005e-21
3.04319e-21
2.92976e-21
2.81969e-21
2.71292e-21
2.60941e-21
2.50908e-21
2.41188e-21
2.31775e-21
2.22661e-21
2.13842e-21
2.05311e-21
1.97061e-21
1.89086e-21
1.81379e-21
1.73935e-21
1.66747e-21
1.59808e-21
1.53113e-21
1.46655e-21
1.40428e-21
1.34425e-21
1.28642e-21
1.2307e-21
1.17706e-21
1.12542e-21
1.07574e-21
1.02794e-21
9.81988e-22
9.37812e-22
8.95363e-22
8.54587e-22
8.15431e-22
7.77844e-22
7.41774e-22
7.07173e-22
6.73991e-22
6.42181e-22
6.11697e-22
5.82492e-22
5.54523e-22
5.27745e-22
5.02117e-22
4.77598e-22
4.54146e-22
4.31724e-22
4.10292e-22
3.89814e-22
3.70253e-22
3.51575e-22
3.33745e-22
3.1673e-22
3.00499e-22
2.8502e-22
2.70263e-22
2.56198e-22
2.42798e-22
2.30036e-22
2.17884e-22
2.06317e-22
1.95311e-22
1.84841e-22
1.74884e-22
1.65419e-22
1.56424e-22
1.47878e-22
1.39761e-22
1.32054e-22
1.24738e-22
1.17796e-22
1.11211e-22
1.04966e-22
9.9046e-23
9.34348e-23
8.81183e-23
8.30826e-23
7.83141e-23
7.38002e-23
6.95284e-23
6.54869e-23
6.16646e-23
5.80504e-23
5.46341e-23
5.14058e-23
4.8356e-23
4.54757e-23
4.27562e-23
4.01893e-23
3.7767e-23
3.5482e-23
3.3327e-23
3.12952e-23
2.938e-23
2.75754e-23
2.58753e-23
2.42741e-23
2.27666e-23
2.13476e-23
2.00123e-23
1.87561e-23
1.75746e-23
1.64637e-23
1.54194e-23
1.4438e-23
1.35159e-23
1.26498e-23
1.18366e-23
1.10731e-23
1.03565e-23
9.68408e-24
9.05333e-24
8.46179e-24
7.90715e-24
7.38725e-24
6.90003e-24
6.44355e-24
6.01597e-24
5.61557e-24
5.24071e-24
4.88983e-24
4.56149e-24
4.25431e-24
3.96699e-24
3.69832e-24
3.44714e-24
3.21237e-24
2.99299e-24
2.78803e-24
2.59659e-24
2.41781e-24
2.25091e-24
2.09512e-24
1.94973e-24
1.81409e-24
1.68756e-24
1.56956e-24
1.45954e-24
1.35698e-24
1.26139e-24
1.17233e-24
1.08935e-24
1.01207e-24
9.40096e-25
8.73089e-25
8.10717e-25
7.52669e-25
6.98658e-25
6.48412e-25
6.01678e-25
5.58218e-25
5.17812e-25
4.80251e-25
4.45342e-25
4.12904e-25
3.82768e-25
3.54775e-25
3.28778e-25
3.04639e-25
2.82229e-25
2.61428e-25
2.42123e-25
2.24211e-25
2.07593e-25
1.92179e-25
1.77884e-25
1.64629e-25
1.52341e-25
1.4095e-25
1.30393e-25
1.2061e-25
1.11546e-25
1.0315e-25
9.53738e-26
8.81722e-26
8.15042e-26
7.5331e-26
6.96168e-26
6.43282e-26
5.94342e-26
5.4906e-26
5.0717e-26
4.68421e-26
4.32585e-26
3.99446e-26
3.68805e-26
3.40478e-26
3.14293e-26
2.90092e-26
2.67727e-26
2.47061e-26
2.27968e-26
2.1033e-26
1.94038e-26
1.78991e-26
1.65097e-26
1.52267e-26
1.40422e-26
1.29486e-26
1.19393e-26
1.10077e-26
1.01479e-26
9.35461e-27
8.62263e-27
7.94734e-27
7.32439e-27
6.74979e-27
6.21983e-27
5.73108e-27
5.28039e-27
4.86481e-27
4.48166e-27
4.12843e-27
3.80282e-27
3.50268e-27
3.22605e-27
2.97111e-27
2.73618e-27
2.51969e-27
2.32022e-27
2.13643e-27
1.96711e-27
1.81113e-27
1.66745e-27
1.5351e-27
1.4132e-27
1.30094e-27
1.19755e-27
1.10234e-27
1.01467e-27
9.33939e-28
8.59609e-28
7.91173e-28
7.28166e-28
6.70161e-28
6.16763e-28
5.67607e-28
5.2236e-28
4.80712e-28
4.42378e-28
4.07096e-28
3.74623e-28
3.44738e-28
3.17233e-28
2.91921e-28
2.68627e-28
2.47191e-28
2.27465e-28
2.09314e-28
1.92612e-28
1.77243e-28
1.63102e-28
1.50091e-28
1.3812e-28
1.27105e-28
1.16971e-28
1.07647e-28
9.90687e-29
9.11761e-29
8.39148e-29
7.72343e-29
7.10883e-29
6.54342e-29
6.02325e-29
5.54473e-29
5.10452e-29
4.69957e-29
4.32705e-29
3.98439e-29
3.66917e-29
3.37921e-29
3.11249e-29
2.86716e-29
2.6415e-29
2.43396e-29
2.24308e-29
2.06754e-29
1.90611e-29
1.75768e-29
1.62121e-29
1.49574e-29
1.38042e-29
1.27443e-29
1.17703e-29
1.08754e-29
1.00534e-29
9.29838e-30
8.60525e-30
7.96913e-30
7.38558e-30
6.8504e-30
6.35999e-30
5.9113e-30
5.50168e-30
5.12818e-30
4.78822e-30
4.47956e-30
4.19995e-30
3.94771e-30
3.72114e-30
3.5185e-30
3.3382e-30
3.17882e-30
3.03904e-30
2.91771e-30
2.81378e-30
2.72632e-30
2.65448e-30
2.59756e-30
2.55491e-30
2.52597e-30
2.5103e-30
2.5075e-30
2.51726e-30
2.53934e-30
2.57358e-30
2.61988e-30
2.67819e-30
2.74855e-30
2.83106e-30
2.92585e-30
3.03316e-30
