5
5e+17
5e+18
49.999
4.99961
13262.1
7.50755e-20
7.50694e-20
7.50382e-20
7.49928e-20
7.49331e-20
7.4859e-20
7.47706e-20
7.46679e-20
7.45509e-20
7.44198e-20
7.42747e-20
7.41155e-20
7.39424e-20
7.37555e-20
7.35549e-20
7.33408e-20
7.31132e-20
7.28723e-20
7.26181e-20
7.2351e-20
7.20709e-20
7.1778e-20
7.14726e-20
7.11547e-20
7.08246e-20
7.04825e-20
7.01285e-20
6.97628e-20
6.93857e-20
6.89973e-20
6.85978e-20
6.81875e-20
6.77666e-20
6.73353e-20
6.68938e-20
6.64425e-20
6.59814e-20
6.55109e-20
6.50313e-20
6.45427e-20
6.40454e-20
6.35396e-20
6.30258e-20
6.2504e-20
6.19746e-20
6.14378e-20
6.08939e-20
6.03432e-20
5.9786e-20
5.92224e-20
5.86529e-20
5.80776e-20
5.74969e-20
5.6911e-20
5.63202e-20
5.57248e-20
5.5125e-20
5.45212e-20
5.39136e-20
5.33025e-20
5.26881e-20
5.20708e-20
5.14507e-20
5.08283e-20
5.02036e-20
4.95771e-20
4.89489e-20
4.83194e-20
4.76887e-20
4.70572e-20
4.64251e-20
4.57926e-20
4.51601e-20
4.45276e-20
4.38955e-20
4.3264e-20
4.26334e-20
4.20038e-20
4.13756e-20
4.07488e-20
4.01238e-20
3.95007e-20
3.88797e-20
3.82612e-20
3.76451e-20
3.70318e-20
3.64215e-20
3.58142e-20
3.52103e-20
3.46098e-20
3.4013e-20
3.34199e-20
3.28309e-20
3.22459e-20
3.16653e-20
3.1089e-20
3.05173e-20
2.99503e-20
2.93881e-20
2.88308e-20
2.82786e-20
2.77316e-20
2.71898e-20
2.66534e-20
2.61225e-20
2.55972e-20
2.50775e-20
2.45636e-20
2.40555e-20
2.35533e-20
2.3057e-20
2.25668e-20
2.20827e-20
2.16047e-20
2.11329e-20
2.06673e-20
2.02079e-20
1.97549e-20
1.93082e-20
1.88679e-20
1.8434e-20
1.80064e-20
1.75853e-20
1.71706e-20
1.67624e-20
1.63606e-20
1.59652e-20
1.55762e-20
1.51937e-20
1.48176e-20
1.44478e-20
1.40845e-20
1.37275e-20
1.33768e-20
1.30324e-20
1.26943e-20
1.23624e-20
1.20367e-20
1.17172e-20
1.14038e-20
1.10965e-20
1.07952e-20
1.04999e-20
1.02106e-20
9.92708e-21
9.64941e-21
9.37751e-21
9.11132e-21
8.85078e-21
8.59584e-21
8.34642e-21
8.10246e-21
7.86391e-21
7.63069e-21
7.40273e-21
7.17998e-21
6.96237e-21
6.74982e-21
6.54228e-21
6.33966e-21
6.1419e-21
5.94894e-21
5.76069e-21
5.57709e-21
5.39806e-21
5.22353e-21
5.05343e-21
4.88769e-21
4.72624e-21
4.569e-21
4.41591e-21
4.2669e-21
4.1219e-21
3.98084e-21
3.84364e-21
3.71025e-21
3.58058e-21
3.45456e-21
3.33214e-21
3.21322e-21
3.09776e-21
2.98568e-21
2.87693e-21
2.77143e-21
2.66911e-21
2.56992e-21
2.47379e-21
2.38065e-21
2.29044e-21
2.20308e-21
2.11852e-21
2.03669e-21
1.95753e-21
1.88097e-21
1.80694e-21
1.73539e-21
1.66625e-21
1.59946e-21
1.53496e-21
1.47268e-21
1.41258e-21
1.35459e-21
1.29865e-21
1.24471e-21
1.19271e-21
1.14259e-21
1.0943e-21
1.04779e-21
1.003e-21
9.59881e-22
9.18388e-22
8.78466e-22
8.40068e-22
8.03146e-22
7.67653e-22
7.33545e-22
7.00775e-22
6.69301e-22
6.3908e-22
6.1007e-22
5.82231e-22
5.55522e-22
5.29906e-22
5.05344e-22
4.818e-22
4.59237e-22
4.37622e-22
4.1692e-22
3.97097e-22
3.78123e-22
3.59965e-22
3.42594e-22
3.25979e-22
3.10093e-22
2.94908e-22
2.80397e-22
2.66533e-22
2.53292e-22
2.4065e-22
2.28581e-22
2.17064e-22
2.06077e-22
1.95597e-22
1.85604e-22
1.76079e-22
1.67001e-22
1.58353e-22
1.50115e-22
1.42272e-22
1.34805e-22
1.27699e-22
1.20938e-22
1.14507e-22
1.08391e-22
1.02578e-22
9.70526e-23
9.18028e-23
8.68161e-23
8.20804e-23
7.75845e-23
7.33173e-23
6.92682e-23
6.54271e-23
6.17844e-23
5.83305e-23
5.50568e-23
5.19544e-23
4.90153e-23
4.62316e-23
4.35958e-23
4.11006e-23
3.87392e-23
3.6505e-23
3.43916e-23
3.23931e-23
3.05036e-23
2.87178e-23
2.70303e-23
2.54362e-23
2.39306e-23
2.2509e-23
2.11671e-23
1.99006e-23
1.87058e-23
1.75787e-23
1.65158e-23
1.55138e-23
1.45693e-23
1.36793e-23
1.28408e-23
1.2051e-23
1.13074e-23
1.06073e-23
9.94846e-24
9.32848e-24
8.74526e-24
8.19674e-24
7.68099e-24
7.19616e-24
6.7405e-24
6.31236e-24
5.91018e-24
5.53246e-24
5.17781e-24
4.84488e-24
4.53243e-24
4.23926e-24
3.96425e-24
3.70632e-24
3.46447e-24
3.23775e-24
3.02526e-24
2.82616e-24
2.63964e-24
2.46494e-24
2.30135e-24
2.1482e-24
2.00486e-24
1.87072e-24
1.74522e-24
1.62783e-24
1.51805e-24
1.4154e-24
1.31945e-24
1.22978e-24
1.14599e-24
1.06771e-24
9.94596e-25
9.26324e-25
8.62582e-25
8.03084e-25
7.47556e-25
6.95746e-25
6.47413e-25
6.02334e-25
5.60297e-25
5.21105e-25
4.84572e-25
4.50525e-25
4.188e-25
3.89244e-25
3.61715e-25
3.36079e-25
3.12208e-25
2.89987e-25
2.69305e-25
2.50059e-25
2.32152e-25
2.15494e-25
2.00001e-25
1.85593e-25
1.72198e-25
1.59745e-25
1.48172e-25
1.37417e-25
1.27424e-25
1.18141e-25
1.09519e-25
1.01512e-25
9.40769e-26
8.71748e-26
8.07682e-26
7.48225e-26
6.93053e-26
6.41866e-26
5.94383e-26
5.50342e-26
5.095e-26
4.71631e-26
4.36523e-26
4.03979e-26
3.73817e-26
3.45866e-26
3.19968e-26
2.95975e-26
2.73751e-26
2.53167e-26
2.34105e-26
2.16455e-26
2.00114e-26
1.84987e-26
1.70986e-26
1.58029e-26
1.46039e-26
1.34946e-26
1.24683e-26
1.1519e-26
1.06409e-26
9.8289e-27
9.07802e-27
8.38376e-27
7.74192e-27
7.14861e-27
6.60021e-27
6.09339e-27
5.62504e-27
5.19227e-27
4.79244e-27
4.42305e-27
4.08183e-27
3.76667e-27
3.47559e-27
3.20678e-27
2.95857e-27
2.72939e-27
2.5178e-27
2.32247e-27
2.14217e-27
1.97575e-27
1.82216e-27
1.68041e-27
1.54961e-27
1.42892e-27
1.31756e-27
1.21482e-27
1.12005e-27
1.03262e-27
9.51983e-28
8.77608e-28
8.09016e-28
7.45762e-28
6.87431e-28
6.33646e-28
5.84054e-28
5.38333e-28
4.96181e-28
4.57324e-28
4.21506e-28
3.88491e-28
3.58062e-28
3.30017e-28
3.04172e-28
2.80356e-28
2.58411e-28
2.3819e-28
2.19559e-28
2.02395e-28
1.86582e-28
1.72016e-28
1.58599e-28
1.46242e-28
1.34861e-28
1.2438e-28
1.14729e-28
1.05844e-28
9.76636e-29
9.01335e-29
8.32027e-29
7.68241e-29
7.09545e-29
6.55542e-29
6.05864e-29
5.60175e-29
5.18163e-29
4.79543e-29
4.44051e-29
4.11444e-29
3.81499e-29
3.5401e-29
3.28788e-29
3.05659e-29
2.84463e-29
2.65053e-29
2.47289e-29
2.31048e-29
2.16215e-29
2.02686e-29
1.90365e-29
1.79163e-29
1.68997e-29
1.59797e-29
1.51511e-29
1.44096e-29
1.37492e-29
1.31652e-29
1.26534e-29
1.22095e-29
1.18309e-29
1.15145e-29
1.12571e-29
1.10555e-29
1.0907e-29
1.0809e-29
1.07595e-29
1.07566e-29
1.07986e-29
1.08841e-29
1.1012e-29
1.11814e-29
1.13916e-29
1.16419e-29
1.19321e-29
1.22619e-29
1.26315e-29
1.30409e-29
1.34904e-29
1.39807e-29
1.45123e-29
1.50861e-29
1.5703e-29
1.63642e-29
