10
5e+17
1e+19
49.9996
9.99977
18755.4
3.06181e-20
3.05884e-20
3.04981e-20
3.03994e-20
3.0295e-20
3.01855e-20
3.00712e-20
2.99524e-20
2.9829e-20
2.97012e-20
2.95691e-20
2.94326e-20
2.92922e-20
2.9148e-20
2.89997e-20
2.88476e-20
2.86916e-20
2.85318e-20
2.83682e-20
2.82008e-20
2.80298e-20
2.78553e-20
2.76774e-20
2.74962e-20
2.73117e-20
2.71239e-20
2.69331e-20
2.67394e-20
2.65426e-20
2.6343e-20
2.61406e-20
2.59355e-20
2.57278e-20
2.55176e-20
2.53049e-20
2.50899e-20
2.48727e-20
2.46533e-20
2.44318e-20
2.42083e-20
2.3983e-20
2.37558e-20
2.35269e-20
2.32964e-20
2.30643e-20
2.28308e-20
2.2596e-20
2.23598e-20
2.21226e-20
2.18842e-20
2.16448e-20
2.14045e-20
2.11633e-20
2.09214e-20
2.06788e-20
2.04356e-20
2.0192e-20
1.99479e-20
1.97035e-20
1.94588e-20
1.9214e-20
1.89691e-20
1.87241e-20
1.84793e-20
1.82346e-20
1.799e-20
1.77458e-20
1.75019e-20
1.72585e-20
1.70155e-20
1.67731e-20
1.65313e-20
1.62903e-20
1.605e-20
1.58105e-20
1.55719e-20
1.53343e-20
1.50977e-20
1.48621e-20
1.46277e-20
1.43944e-20
1.41624e-20
1.39316e-20
1.37021e-20
1.3474e-20
1.32474e-20
1.30222e-20
1.27985e-20
1.25764e-20
1.23559e-20
1.2137e-20
1.19198e-20
1.17043e-20
1.14905e-20
1.12785e-20
1.10682e-20
1.08599e-20
1.06533e-20
1.04487e-20
1.0246e-20
1.00452e-20
9.84636e-21
9.6495e-21
9.45463e-21
9.26178e-21
9.07097e-21
8.8822e-21
8.69549e-21
8.51083e-21
8.32826e-21
8.1478e-21
7.96945e-21
7.79323e-21
7.61918e-21
7.44728e-21
7.27755e-21
7.11001e-21
6.94466e-21
6.78152e-21
6.6206e-21
6.46192e-21
6.30549e-21
6.15136e-21
5.99953e-21
5.85e-21
5.7028e-21
5.55794e-21
5.4154e-21
5.27524e-21
5.13747e-21
5.00212e-21
4.86918e-21
4.73868e-21
4.61062e-21
4.48499e-21
4.36181e-21
4.24106e-21
4.12275e-21
4.00687e-21
3.89339e-21
3.78232e-21
3.67365e-21
3.56733e-21
3.46338e-21
3.36175e-21
3.26245e-21
3.16542e-21
3.07066e-21
2.97815e-21
2.88785e-21
2.79973e-21
2.71377e-21
2.62994e-21
2.54821e-21
2.46855e-21
2.39092e-21
2.3153e-21
2.24165e-21
2.16995e-21
2.10016e-21
2.03224e-21
1.96616e-21
1.90189e-21
1.8394e-21
1.77864e-21
1.71959e-21
1.66222e-21
1.60648e-21
1.55235e-21
1.49979e-21
1.44877e-21
1.39925e-21
1.3512e-21
1.30459e-21
1.25938e-21
1.21555e-21
1.17305e-21
1.13187e-21
1.09196e-21
1.05329e-21
1.01583e-21
9.79564e-22
9.44449e-22
9.10458e-22
8.77561e-22
8.45728e-22
8.14933e-22
7.85147e-22
7.56344e-22
7.28497e-22
7.01577e-22
6.75559e-22
6.50417e-22
6.26127e-22
6.02665e-22
5.80007e-22
5.58128e-22
5.37004e-22
5.16613e-22
4.96934e-22
4.77946e-22
4.59628e-22
4.41956e-22
4.24913e-22
4.08477e-22
3.92631e-22
3.77355e-22
3.62633e-22
3.48445e-22
3.34775e-22
3.21604e-22
3.08917e-22
2.96698e-22
2.84932e-22
2.73604e-22
2.62699e-22
2.52201e-22
2.42098e-22
2.32376e-22
2.23021e-22
2.14022e-22
2.05366e-22
1.97041e-22
1.89036e-22
1.81339e-22
1.73939e-22
1.66825e-22
1.59987e-22
1.53416e-22
1.47102e-22
1.41035e-22
1.35208e-22
1.29609e-22
1.24232e-22
1.19068e-22
1.14109e-22
1.09348e-22
1.04777e-22
1.00389e-22
9.61774e-23
9.21354e-23
8.82563e-23
8.4534e-23
8.09626e-23
7.75364e-23
7.42498e-23
7.10975e-23
6.80743e-23
6.51752e-23
6.23952e-23
5.97296e-23
5.71739e-23
5.47239e-23
5.23754e-23
5.01245e-23
4.79673e-23
4.59001e-23
4.39194e-23
4.20217e-23
4.02035e-23
3.84616e-23
3.6793e-23
3.51947e-23
3.36638e-23
3.21978e-23
3.07939e-23
2.94497e-23
2.81627e-23
2.69306e-23
2.5751e-23
2.46217e-23
2.35407e-23
2.2506e-23
2.15157e-23
2.0568e-23
1.9661e-23
1.87932e-23
1.79629e-23
1.71686e-23
1.64086e-23
1.56816e-23
1.4986e-23
1.43207e-23
1.36843e-23
1.30757e-23
1.24935e-23
1.19368e-23
1.14045e-23
1.08955e-23
1.04088e-23
9.94347e-24
9.49864e-24
9.07335e-24
8.66676e-24
8.27808e-24
7.90654e-24
7.5514e-24
7.21195e-24
6.88754e-24
6.5775e-24
6.28122e-24
5.9981e-24
5.72757e-24
5.46909e-24
5.2221e-24
4.9861e-24
4.76061e-24
4.54518e-24
4.33936e-24
4.14274e-24
3.95492e-24
3.7755e-24
3.60413e-24
3.44045e-24
3.28412e-24
3.13482e-24
2.99224e-24
2.85608e-24
2.72604e-24
2.60186e-24
2.48326e-24
2.37002e-24
2.26188e-24
2.15862e-24
2.06004e-24
1.96591e-24
1.87604e-24
1.79024e-24
1.70833e-24
1.63014e-24
1.5555e-24
1.48426e-24
1.41625e-24
1.35134e-24
1.28937e-24
1.23021e-24
1.17375e-24
1.11986e-24
1.06842e-24
1.01933e-24
9.72476e-25
9.2776e-25
8.85087e-25
8.44363e-25
8.05503e-25
7.6842e-25
7.33036e-25
6.99274e-25
6.67059e-25
6.36318e-25
6.06984e-25
5.78993e-25
5.52285e-25
5.26801e-25
5.02486e-25
4.79287e-25
4.57153e-25
4.36036e-25
4.15889e-25
3.9667e-25
3.78334e-25
3.60843e-25
3.44157e-25
3.28241e-25
3.13058e-25
2.98576e-25
2.84761e-25
2.71581e-25
2.59009e-25
2.47016e-25
2.35575e-25
2.24663e-25
2.14253e-25
2.04324e-25
1.94854e-25
1.85821e-25
1.77205e-25
1.68988e-25
1.61151e-25
1.53676e-25
1.46548e-25
1.39749e-25
1.33266e-25
1.27083e-25
1.21187e-25
1.15563e-25
1.10199e-25
1.05084e-25
1.00206e-25
9.55528e-26
9.11156e-26
8.6884e-26
8.28484e-26
7.9e-26
7.533e-26
7.18303e-26
6.84929e-26
6.53105e-26
6.22759e-26
5.93822e-26
5.6623e-26
5.3992e-26
5.14833e-26
4.90914e-26
4.68107e-26
4.46362e-26
4.25629e-26
4.0586e-26
3.87008e-26
3.69032e-26
3.51892e-26
3.35548e-26
3.19965e-26
3.05106e-26
2.90938e-26
2.7743e-26
2.64551e-26
2.52272e-26
2.40565e-26
2.29403e-26
2.18762e-26
2.08617e-26
1.98946e-26
1.89726e-26
1.80936e-26
1.72558e-26
1.64571e-26
1.56958e-26
1.49701e-26
1.42784e-26
1.3619e-26
1.29904e-26
1.23912e-26
1.18201e-26
1.12758e-26
1.07569e-26
1.02624e-26
9.79112e-27
9.34199e-27
8.914e-27
8.50618e-27
8.1176e-27
7.74737e-27
7.39467e-27
7.05868e-27
6.73865e-27
6.43385e-27
6.14358e-27
5.86719e-27
5.60404e-27
5.35355e-27
5.11513e-27
4.88825e-27
4.67239e-27
4.46706e-27
4.27179e-27
4.08613e-27
3.90964e-27
3.7419e-27
3.58255e-27
3.43121e-27
3.28755e-27
3.15123e-27
3.02195e-27
2.89941e-27
2.78334e-27
2.67346e-27
2.56954e-27
2.47133e-27
2.37861e-27
2.29117e-27
2.20881e-27
2.13135e-27
2.0586e-27
1.9904e-27
1.92659e-27
1.86704e-27
1.81159e-27
1.76013e-27
1.71254e-27
1.66871e-27
1.62854e-27
1.59194e-27
1.55881e-27
1.52909e-27
1.50269e-27
1.47963e-27
1.45992e-27
1.44356e-27
1.43049e-27
1.42075e-27
1.41429e-27
1.41109e-27
1.4111e-27
1.41433e-27
1.42073e-27
1.43032e-27
1.4431e-27
1.45906e-27
1.47822e-27
1.50062e-27
