2
2e+18
2e+18
49.9998
1.99999
8387.66
3.04297e-19
3.04283e-19
3.04188e-19
3.04034e-19
3.0382e-19
3.03546e-19
3.03212e-19
3.02818e-19
3.02364e-19
3.01851e-19
3.01278e-19
3.00645e-19
2.99955e-19
2.99206e-19
2.98399e-19
2.97535e-19
2.96614e-19
2.95637e-19
2.94604e-19
2.93516e-19
2.92374e-19
2.91177e-19
2.89928e-19
2.88626e-19
2.87273e-19
2.85869e-19
2.84415e-19
2.82912e-19
2.8136e-19
2.79761e-19
2.78115e-19
2.76424e-19
2.74688e-19
2.72909e-19
2.71086e-19
2.69223e-19
2.67318e-19
2.65374e-19
2.63391e-19
2.61371e-19
2.59314e-19
2.57223e-19
2.55097e-19
2.52938e-19
2.50747e-19
2.48525e-19
2.46274e-19
2.43995e-19
2.41688e-19
2.39355e-19
2.36997e-19
2.34616e-19
2.32212e-19
2.29787e-19
2.27341e-19
2.24877e-19
2.22395e-19
2.19896e-19
2.17382e-19
2.14854e-19
2.12312e-19
2.09759e-19
2.07195e-19
2.04621e-19
2.02039e-19
1.9945e-19
1.96854e-19
1.94254e-19
1.91649e-19
1.89042e-19
1.86432e-19
1.83822e-19
1.81213e-19
1.78604e-19
1.75998e-19
1.73395e-19
1.70797e-19
1.68204e-19
1.65617e-19
1.63038e-19
1.60466e-19
1.57903e-19
1.55351e-19
1.52809e-19
1.50278e-19
1.4776e-19
1.45255e-19
1.42764e-19
1.40287e-19
1.37826e-19
1.35381e-19
1.32953e-19
1.30543e-19
1.2815e-19
1.25776e-19
1.23421e-19
1.21087e-19
1.18772e-19
1.16479e-19
1.14207e-19
1.11957e-19
1.09729e-19
1.07524e-19
1.05343e-19
1.03185e-19
1.01051e-19
9.89409e-20
9.68559e-20
9.47959e-20
9.27612e-20
9.0752e-20
8.87685e-20
8.6811e-20
8.48798e-20
8.29749e-20
8.10965e-20
7.92448e-20
7.74199e-20
7.56219e-20
7.38508e-20
7.21069e-20
7.039e-20
6.87003e-20
6.70377e-20
6.54023e-20
6.3794e-20
6.22129e-20
6.06588e-20
5.91316e-20
5.76314e-20
5.61581e-20
5.47114e-20
5.32914e-20
5.18978e-20
5.05306e-20
4.91896e-20
4.78745e-20
4.65853e-20
4.53218e-20
4.40837e-20
4.28709e-20
4.16831e-20
4.05201e-20
3.93816e-20
3.82675e-20
3.71775e-20
3.61113e-20
3.50687e-20
3.40494e-20
3.3053e-20
3.20795e-20
3.11283e-20
3.01994e-20
2.92923e-20
2.84067e-20
2.75424e-20
2.66991e-20
2.58764e-20
2.50741e-20
2.42918e-20
2.35292e-20
2.27859e-20
2.20617e-20
2.13563e-20
2.06693e-20
2.00004e-20
1.93493e-20
1.87156e-20
1.80991e-20
1.74993e-20
1.69161e-20
1.6349e-20
1.57978e-20
1.52621e-20
1.47416e-20
1.4236e-20
1.37451e-20
1.32683e-20
1.28056e-20
1.23565e-20
1.19208e-20
1.14982e-20
1.10883e-20
1.06909e-20
1.03057e-20
9.93237e-21
9.57065e-21
9.22026e-21
8.88092e-21
8.55236e-21
8.2343e-21
7.92649e-21
7.62866e-21
7.34055e-21
7.06191e-21
6.79249e-21
6.53204e-21
6.28031e-21
6.03708e-21
5.80211e-21
5.57517e-21
5.35604e-21
5.14449e-21
4.9403e-21
4.74327e-21
4.55319e-21
4.36985e-21
4.19305e-21
4.0226e-21
3.8583e-21
3.69998e-21
3.54744e-21
3.40051e-21
3.25901e-21
3.12278e-21
2.99164e-21
2.86544e-21
2.744e-21
2.62719e-21
2.51485e-21
2.40683e-21
2.30299e-21
2.20318e-21
2.10728e-21
2.01515e-21
1.92666e-21
1.84169e-21
1.76011e-21
1.68181e-21
1.60667e-21
1.53458e-21
1.46543e-21
1.39911e-21
1.33553e-21
1.27458e-21
1.21617e-21
1.1602e-21
1.10659e-21
1.05524e-21
1.00607e-21
9.58999e-22
9.13947e-22
8.70836e-22
8.29592e-22
7.90142e-22
7.52416e-22
7.16348e-22
6.8187e-22
6.48922e-22
6.17441e-22
5.87369e-22
5.58648e-22
5.31225e-22
5.05046e-22
4.8006e-22
4.56218e-22
4.33473e-22
4.11778e-22
3.9109e-22
3.71366e-22
3.52565e-22
3.34648e-22
3.17578e-22
3.01317e-22
2.8583e-22
2.71085e-22
2.57048e-22
2.43688e-22
2.30975e-22
2.18882e-22
2.07379e-22
1.96441e-22
1.86041e-22
1.76157e-22
1.66763e-22
1.57839e-22
1.49361e-22
1.4131e-22
1.33665e-22
1.26409e-22
1.19522e-22
1.12986e-22
1.06787e-22
1.00907e-22
9.53307e-23
9.00445e-23
8.50339e-23
8.02858e-23
7.57872e-23
7.1526e-23
6.74906e-23
6.36699e-23
6.00531e-23
5.66301e-23
5.33914e-23
5.03275e-23
4.74298e-23
4.46897e-23
4.20993e-23
3.96509e-23
3.73373e-23
3.51515e-23
3.30868e-23
3.1137e-23
2.92962e-23
2.75585e-23
2.59186e-23
2.43712e-23
2.29116e-23
2.15349e-23
2.02369e-23
1.90131e-23
1.78598e-23
1.67729e-23
1.5749e-23
1.47845e-23
1.38763e-23
1.30212e-23
1.22162e-23
1.14587e-23
1.0746e-23
1.00755e-23
9.44495e-24
8.85204e-24
8.29464e-24
7.77075e-24
7.27846e-24
6.81597e-24
6.38156e-24
5.97361e-24
5.59059e-24
5.23107e-24
4.89366e-24
4.57709e-24
4.28011e-24
4.00159e-24
3.74043e-24
3.4956e-24
3.26612e-24
3.05109e-24
2.84964e-24
2.66094e-24
2.48423e-24
2.31878e-24
2.16391e-24
2.01897e-24
1.88336e-24
1.7565e-24
1.63785e-24
1.5269e-24
1.42318e-24
1.32623e-24
1.23564e-24
1.151e-24
1.07194e-24
9.98111e-25
9.29176e-25
8.64826e-25
8.0477e-25
7.48732e-25
6.96455e-25
6.47697e-25
6.0223e-25
5.59841e-25
5.20331e-25
4.83511e-25
4.49206e-25
4.1725e-25
3.87489e-25
3.59779e-25
3.33982e-25
3.09973e-25
2.87631e-25
2.66846e-25
2.47513e-25
2.29535e-25
2.12819e-25
1.97281e-25
1.82841e-25
1.69424e-25
1.56959e-25
1.45383e-25
1.34633e-25
1.24653e-25
1.1539e-25
1.06793e-25
9.88174e-26
9.1419e-26
8.45576e-26
7.81955e-26
7.22976e-26
6.68312e-26
6.17657e-26
5.70728e-26
5.2726e-26
4.87004e-26
4.49733e-26
4.15231e-26
3.833e-26
3.53753e-26
3.2642e-26
3.01138e-26
2.77759e-26
2.56145e-26
2.36165e-26
2.17701e-26
2.00641e-26
1.84881e-26
1.70325e-26
1.56884e-26
1.44475e-26
1.33022e-26
1.22452e-26
1.127e-26
1.03705e-26
9.54086e-27
8.7759e-27
8.0707e-27
7.42073e-27
6.82178e-27
6.26998e-27
5.76171e-27
5.29363e-27
4.86267e-27
4.46596e-27
4.10086e-27
3.76492e-27
3.45588e-27
3.17165e-27
2.9103e-27
2.67004e-27
2.44921e-27
2.2463e-27
2.05989e-27
1.88868e-27
1.73148e-27
1.58717e-27
1.45473e-27
1.33323e-27
1.22178e-27
1.1196e-27
1.02593e-27
9.40106e-28
8.61493e-28
7.89514e-28
7.23638e-28
6.63375e-28
6.08274e-28
5.57921e-28
5.11935e-28
4.69967e-28
4.31693e-28
3.9682e-28
3.65077e-28
3.36213e-28
3.10003e-28
2.86236e-28
2.64721e-28
2.45284e-28
2.27765e-28
2.12017e-28
1.97906e-28
1.85313e-28
1.74125e-28
1.64242e-28
1.55574e-28
1.48037e-28
1.41556e-28
1.36065e-28
1.31503e-28
1.27816e-28
1.24955e-28
1.22878e-28
1.21546e-28
1.20928e-28
1.20993e-28
1.21717e-28
1.2308e-28
1.25065e-28
1.27657e-28
1.30845e-28
1.34623e-28
1.38984e-28
1.43927e-28
1.49453e-28
1.55563e-28
1.62262e-28
1.69558e-28
1.7746e-28
1.8598e-28
1.9513e-28
2.04925e-28
2.15383e-28
2.26523e-28
2.38365e-28
2.50932e-28
2.64248e-28
2.78338e-28
2.93231e-28
3.08955e-28
3.25542e-28
