5
2e+17
2e+18
49.9999
4.9998
13262.1
7.51307e-20
7.51246e-20
7.50937e-20
7.50485e-20
7.4989e-20
7.49151e-20
7.48269e-20
7.47243e-20
7.46075e-20
7.44765e-20
7.43314e-20
7.41723e-20
7.39992e-20
7.38122e-20
7.36116e-20
7.33974e-20
7.31696e-20
7.29286e-20
7.26743e-20
7.24069e-20
7.21266e-20
7.18335e-20
7.15278e-20
7.12096e-20
7.08792e-20
7.05367e-20
7.01823e-20
6.98163e-20
6.94387e-20
6.90498e-20
6.86499e-20
6.82391e-20
6.78177e-20
6.73858e-20
6.69438e-20
6.64919e-20
6.60302e-20
6.55591e-20
6.50788e-20
6.45896e-20
6.40916e-20
6.35852e-20
6.30707e-20
6.25482e-20
6.2018e-20
6.14805e-20
6.09359e-20
6.03844e-20
5.98264e-20
5.92621e-20
5.86918e-20
5.81157e-20
5.75342e-20
5.69474e-20
5.63558e-20
5.57596e-20
5.5159e-20
5.45543e-20
5.39459e-20
5.33339e-20
5.27187e-20
5.21005e-20
5.14796e-20
5.08563e-20
5.02308e-20
4.96034e-20
4.89744e-20
4.8344e-20
4.77125e-20
4.70802e-20
4.64472e-20
4.58139e-20
4.51805e-20
4.45472e-20
4.39143e-20
4.3282e-20
4.26506e-20
4.20202e-20
4.13912e-20
4.07636e-20
4.01378e-20
3.9514e-20
3.88923e-20
3.8273e-20
3.76562e-20
3.70422e-20
3.64311e-20
3.58232e-20
3.52185e-20
3.46174e-20
3.40199e-20
3.34262e-20
3.28365e-20
3.2251e-20
3.16697e-20
3.10929e-20
3.05206e-20
2.9953e-20
2.93902e-20
2.88324e-20
2.82797e-20
2.77322e-20
2.71899e-20
2.66531e-20
2.61217e-20
2.55959e-20
2.50758e-20
2.45615e-20
2.4053e-20
2.35504e-20
2.30538e-20
2.25632e-20
2.20787e-20
2.16004e-20
2.11283e-20
2.06624e-20
2.02028e-20
1.97495e-20
1.93026e-20
1.8862e-20
1.84279e-20
1.80001e-20
1.75788e-20
1.71639e-20
1.67555e-20
1.63535e-20
1.5958e-20
1.55689e-20
1.51863e-20
1.481e-20
1.44402e-20
1.40768e-20
1.37197e-20
1.3369e-20
1.30245e-20
1.26864e-20
1.23545e-20
1.20288e-20
1.17093e-20
1.13959e-20
1.10886e-20
1.07874e-20
1.04921e-20
1.02028e-20
9.91935e-21
9.64174e-21
9.36991e-21
9.1038e-21
8.84335e-21
8.5885e-21
8.33918e-21
8.09534e-21
7.8569e-21
7.6238e-21
7.39597e-21
7.17335e-21
6.95587e-21
6.74347e-21
6.53607e-21
6.33361e-21
6.13601e-21
5.9432e-21
5.75512e-21
5.57168e-21
5.39282e-21
5.21846e-21
5.04854e-21
4.88297e-21
4.72169e-21
4.56463e-21
4.41172e-21
4.26289e-21
4.11807e-21
3.97719e-21
3.84017e-21
3.70695e-21
3.57746e-21
3.45162e-21
3.32936e-21
3.21062e-21
3.09532e-21
2.98341e-21
2.87482e-21
2.76947e-21
2.66732e-21
2.56828e-21
2.47229e-21
2.3793e-21
2.28922e-21
2.202e-21
2.11757e-21
2.03586e-21
1.95682e-21
1.88037e-21
1.80645e-21
1.73501e-21
1.66597e-21
1.59927e-21
1.53486e-21
1.47268e-21
1.41266e-21
1.35475e-21
1.29888e-21
1.24501e-21
1.19307e-21
1.14301e-21
1.09478e-21
1.04832e-21
1.00358e-21
9.60509e-22
9.19057e-22
8.79174e-22
8.40811e-22
8.0392e-22
7.68457e-22
7.34374e-22
7.01627e-22
6.70173e-22
6.39969e-22
6.10975e-22
5.83148e-22
5.5645e-22
5.30841e-22
5.06286e-22
4.82746e-22
4.60185e-22
4.38571e-22
4.17867e-22
3.98042e-22
3.79064e-22
3.60901e-22
3.43523e-22
3.26901e-22
3.11006e-22
2.95811e-22
2.81289e-22
2.67414e-22
2.54161e-22
2.41505e-22
2.29423e-22
2.17892e-22
2.0689e-22
1.96395e-22
1.86387e-22
1.76846e-22
1.67752e-22
1.59088e-22
1.50834e-22
1.42974e-22
1.3549e-22
1.28367e-22
1.2159e-22
1.15142e-22
1.0901e-22
1.0318e-22
9.76382e-23
9.2372e-23
8.73691e-23
8.26174e-23
7.81057e-23
7.38228e-23
6.97583e-23
6.5902e-23
6.22443e-23
5.87758e-23
5.54876e-23
5.23711e-23
4.94182e-23
4.66209e-23
4.39718e-23
4.14636e-23
3.90895e-23
3.68429e-23
3.47175e-23
3.27072e-23
3.08063e-23
2.90094e-23
2.73111e-23
2.57064e-23
2.41906e-23
2.27591e-23
2.14075e-23
2.01317e-23
1.89278e-23
1.7792e-23
1.67206e-23
1.57104e-23
1.47579e-23
1.38602e-23
1.30143e-23
1.22175e-23
1.14669e-23
1.07602e-23
1.00949e-23
9.46871e-24
8.87952e-24
8.32526e-24
7.80397e-24
7.31381e-24
6.85303e-24
6.41997e-24
6.01305e-24
5.63078e-24
5.27175e-24
4.93463e-24
4.61815e-24
4.32111e-24
4.04238e-24
3.78089e-24
3.53563e-24
3.30564e-24
3.09001e-24
2.88791e-24
2.69851e-24
2.52106e-24
2.35483e-24
2.19916e-24
2.0534e-24
1.91695e-24
1.78924e-24
1.66974e-24
1.55794e-24
1.45337e-24
1.35558e-24
1.26415e-24
1.17868e-24
1.0988e-24
1.02416e-24
9.54426e-25
8.89292e-25
8.28465e-25
7.71671e-25
7.18653e-25
6.69169e-25
6.22992e-25
5.7991e-25
5.39722e-25
5.02241e-25
4.67291e-25
4.34706e-25
4.04332e-25
3.76024e-25
3.49646e-25
3.2507e-25
3.02179e-25
2.80859e-25
2.61006e-25
2.42522e-25
2.25316e-25
2.09302e-25
1.94399e-25
1.80534e-25
1.67635e-25
1.55637e-25
1.44479e-25
1.34104e-25
1.24459e-25
1.15493e-25
1.07159e-25
9.94145e-26
9.22187e-26
8.55336e-26
7.93238e-26
7.35564e-26
6.82006e-26
6.32276e-26
5.86107e-26
5.43249e-26
5.03471e-26
4.66555e-26
4.32301e-26
4.0052e-26
3.71038e-26
3.43691e-26
3.18329e-26
2.94809e-26
2.73e-26
2.5278e-26
2.34036e-26
2.16662e-26
2.00559e-26
1.85636e-26
1.71809e-26
1.58997e-26
1.47128e-26
1.36134e-26
1.2595e-26
1.16519e-26
1.07785e-26
9.96975e-27
9.22095e-27
8.52773e-27
7.88601e-27
7.29203e-27
6.74228e-27
6.23352e-27
5.76273e-27
5.32711e-27
4.92406e-27
4.55118e-27
4.20625e-27
3.88719e-27
3.59208e-27
3.31916e-27
3.06677e-27
2.83339e-27
2.6176e-27
2.4181e-27
2.23366e-27
2.06316e-27
1.90556e-27
1.75989e-27
1.62525e-27
1.50083e-27
1.38586e-27
1.27962e-27
1.18146e-27
1.09077e-27
1.00699e-27
9.29597e-28
8.58109e-28
7.92079e-28
7.31095e-28
6.74774e-28
6.22764e-28
5.74739e-28
5.30395e-28
4.89454e-28
4.51657e-28
4.16765e-28
3.84558e-28
3.5483e-28
3.27394e-28
3.02074e-28
2.78708e-28
2.57147e-28
2.37253e-28
2.189e-28
2.01968e-28
1.86349e-28
1.71944e-28
1.58658e-28
1.46406e-28
1.35109e-28
1.24693e-28
1.15092e-28
1.06242e-28
9.80855e-29
9.05694e-29
8.36444e-29
7.72651e-29
7.13896e-29
6.59793e-29
6.09986e-29
5.64144e-29
5.21965e-29
4.83169e-29
4.47499e-29
4.14715e-29
3.84599e-29
3.56948e-29
3.31577e-29
3.08315e-29
2.86998e-29
2.67482e-29
2.49633e-29
2.33329e-29
2.18457e-29
2.04914e-29
1.92599e-29
1.81432e-29
1.71348e-29
1.62294e-29
1.542e-29
1.47009e-29
1.40671e-29
1.35135e-29
1.30367e-29
1.26333e-29
1.22992e-29
1.20307e-29
1.18245e-29
1.16779e-29
1.15882e-29
1.15533e-29
1.15712e-29
1.16402e-29
1.17591e-29
1.19267e-29
1.21421e-29
1.24048e-29
1.27143e-29
1.30705e-29
1.34733e-29
1.3923e-29
1.442e-29
1.49648e-29
1.55584e-29
1.62017e-29
1.68957e-29
1.7642e-29
