10
5e+17
1e+17
49.9999
9.99996
18755.4
2.73035e-20
2.73019e-20
2.72922e-20
2.72773e-20
2.7257e-20
2.72312e-20
2.72001e-20
2.71636e-20
2.71217e-20
2.70745e-20
2.7022e-20
2.69642e-20
2.69011e-20
2.68328e-20
2.67594e-20
2.66809e-20
2.65972e-20
2.65086e-20
2.64149e-20
2.63163e-20
2.62129e-20
2.61047e-20
2.59917e-20
2.5874e-20
2.57517e-20
2.56249e-20
2.54936e-20
2.5358e-20
2.5218e-20
2.50738e-20
2.49254e-20
2.4773e-20
2.46165e-20
2.44562e-20
2.42921e-20
2.41243e-20
2.39528e-20
2.37778e-20
2.35994e-20
2.34176e-20
2.32326e-20
2.30445e-20
2.28533e-20
2.26592e-20
2.24622e-20
2.22625e-20
2.20602e-20
2.18553e-20
2.16481e-20
2.14385e-20
2.12267e-20
2.10128e-20
2.07969e-20
2.05791e-20
2.03596e-20
2.01383e-20
1.99155e-20
1.96912e-20
1.94656e-20
1.92386e-20
1.90106e-20
1.87815e-20
1.85514e-20
1.83206e-20
1.80889e-20
1.78567e-20
1.76239e-20
1.73906e-20
1.7157e-20
1.69232e-20
1.66892e-20
1.64552e-20
1.62212e-20
1.59874e-20
1.57538e-20
1.55205e-20
1.52876e-20
1.50551e-20
1.48233e-20
1.45921e-20
1.43616e-20
1.4132e-20
1.39033e-20
1.36755e-20
1.34487e-20
1.32231e-20
1.29987e-20
1.27755e-20
1.25537e-20
1.23332e-20
1.21142e-20
1.18967e-20
1.16807e-20
1.14664e-20
1.12538e-20
1.10429e-20
1.08338e-20
1.06265e-20
1.04211e-20
1.02176e-20
1.00161e-20
9.81662e-21
9.61917e-21
9.4238e-21
9.23055e-21
9.03945e-21
8.85054e-21
8.66383e-21
8.47937e-21
8.29717e-21
8.11725e-21
7.93964e-21
7.76436e-21
7.59143e-21
7.42086e-21
7.25266e-21
7.08685e-21
6.92345e-21
6.76245e-21
6.60387e-21
6.44771e-21
6.29397e-21
6.14267e-21
5.99381e-21
5.84737e-21
5.70336e-21
5.56179e-21
5.42263e-21
5.2859e-21
5.15158e-21
5.01967e-21
4.89015e-21
4.76301e-21
4.63825e-21
4.51586e-21
4.39581e-21
4.27809e-21
4.16269e-21
4.0496e-21
3.93878e-21
3.83023e-21
3.72393e-21
3.61985e-21
3.51798e-21
3.41829e-21
3.32076e-21
3.22537e-21
3.13209e-21
3.04091e-21
2.95178e-21
2.8647e-21
2.77963e-21
2.69655e-21
2.61543e-21
2.53624e-21
2.45896e-21
2.38356e-21
2.31001e-21
2.23828e-21
2.16835e-21
2.10019e-21
2.03376e-21
1.96904e-21
1.906e-21
1.84462e-21
1.78485e-21
1.72668e-21
1.67007e-21
1.615e-21
1.56143e-21
1.50934e-21
1.4587e-21
1.40948e-21
1.36164e-21
1.31517e-21
1.27004e-21
1.22621e-21
1.18366e-21
1.14236e-21
1.10228e-21
1.0634e-21
1.02569e-21
9.89116e-22
9.53661e-22
9.19295e-22
8.85992e-22
8.53728e-22
8.22476e-22
7.92213e-22
7.62912e-22
7.34551e-22
7.07105e-22
6.80551e-22
6.54865e-22
6.30025e-22
6.06009e-22
5.82793e-22
5.60357e-22
5.38679e-22
5.17738e-22
4.97514e-22
4.77987e-22
4.59136e-22
4.40942e-22
4.23387e-22
4.06451e-22
3.90117e-22
3.74366e-22
3.59181e-22
3.44545e-22
3.30441e-22
3.16853e-22
3.03765e-22
2.9116e-22
2.79025e-22
2.67344e-22
2.56102e-22
2.45285e-22
2.3488e-22
2.24872e-22
2.1525e-22
2.05999e-22
1.97108e-22
1.88564e-22
1.80356e-22
1.72472e-22
1.64901e-22
1.57632e-22
1.50655e-22
1.43958e-22
1.37533e-22
1.3137e-22
1.25459e-22
1.1979e-22
1.14357e-22
1.09148e-22
1.04157e-22
9.93755e-23
9.47952e-23
9.04089e-23
8.62091e-23
8.21887e-23
7.8341e-23
7.46592e-23
7.11369e-23
6.7768e-23
6.45464e-23
6.14663e-23
5.85221e-23
5.57084e-23
5.302e-23
5.04517e-23
4.79989e-23
4.56566e-23
4.34205e-23
4.12862e-23
3.92493e-23
3.7306e-23
3.54522e-23
3.36842e-23
3.19984e-23
3.03912e-23
2.88594e-23
2.73996e-23
2.60088e-23
2.4684e-23
2.34223e-23
2.22209e-23
2.10772e-23
1.99887e-23
1.89528e-23
1.79673e-23
1.70298e-23
1.61383e-23
1.52905e-23
1.44847e-23
1.37187e-23
1.29908e-23
1.22993e-23
1.16424e-23
1.10185e-23
1.04262e-23
9.86383e-24
9.33009e-24
8.82359e-24
8.34303e-24
7.88719e-24
7.45488e-24
7.04496e-24
6.65634e-24
6.288e-24
5.93894e-24
5.60822e-24
5.29494e-24
4.99823e-24
4.71728e-24
4.45129e-24
4.19952e-24
3.96127e-24
3.73583e-24
3.52258e-24
3.32089e-24
3.13016e-24
2.94984e-24
2.7794e-24
2.61832e-24
2.46612e-24
2.32233e-24
2.18653e-24
2.05828e-24
1.9372e-24
1.8229e-24
1.71503e-24
1.61324e-24
1.51721e-24
1.42664e-24
1.34122e-24
1.26068e-24
1.18476e-24
1.11321e-24
1.04578e-24
9.82253e-25
9.22414e-25
8.66059e-25
8.12996e-25
7.63042e-25
7.16024e-25
6.71779e-25
6.3015e-25
5.9099e-25
5.54161e-25
5.1953e-25
4.86972e-25
4.5637e-25
4.2761e-25
4.00588e-25
3.75204e-25
3.51362e-25
3.28973e-25
3.07954e-25
2.88223e-25
2.69706e-25
2.52331e-25
2.36032e-25
2.20743e-25
2.06406e-25
1.92965e-25
1.80364e-25
1.68555e-25
1.57489e-25
1.47122e-25
1.37412e-25
1.28318e-25
1.19803e-25
1.11833e-25
1.04372e-25
9.73915e-26
9.08604e-26
8.47512e-26
7.90378e-26
7.36956e-26
6.87015e-26
6.40337e-26
5.96717e-26
5.55964e-26
5.17895e-26
4.82342e-26
4.49144e-26
4.18152e-26
3.89223e-26
3.62228e-26
3.3704e-26
3.13544e-26
2.91631e-26
2.71198e-26
2.52148e-26
2.34391e-26
2.17844e-26
2.02426e-26
1.88063e-26
1.74686e-26
1.6223e-26
1.50633e-26
1.39839e-26
1.29793e-26
1.20446e-26
1.1175e-26
1.03663e-26
9.61424e-27
8.91504e-27
8.2651e-27
7.66108e-27
7.09983e-27
6.57845e-27
6.09418e-27
5.64448e-27
5.22696e-27
4.8394e-27
4.47972e-27
4.14597e-27
3.83635e-27
3.54918e-27
3.28287e-27
3.03596e-27
2.80708e-27
2.59496e-27
2.39841e-27
2.21632e-27
2.04766e-27
1.89147e-27
1.74686e-27
1.613e-27
1.48911e-27
1.37446e-27
1.26841e-27
1.17031e-27
1.07958e-27
9.95705e-28
9.18166e-28
8.46502e-28
7.80282e-28
7.19104e-28
6.62596e-28
6.10411e-28
5.62228e-28
5.17749e-28
4.76698e-28
4.38818e-28
4.0387e-28
3.71635e-28
3.41908e-28
3.14498e-28
2.89231e-28
2.65943e-28
2.44484e-28
2.24714e-28
2.06504e-28
1.89735e-28
1.74294e-28
1.60081e-28
1.47e-28
1.34964e-28
1.2389e-28
1.13706e-28
1.04341e-28
9.57308e-29
8.78169e-29
8.05447e-29
7.38635e-29
6.77269e-29
6.20918e-29
5.69188e-29
5.21711e-29
4.78151e-29
4.38197e-29
4.01562e-29
3.67983e-29
3.37216e-29
3.09038e-29
2.83241e-29
2.59638e-29
2.38053e-29
2.18327e-29
2.00312e-29
1.83874e-29
1.68888e-29
1.55241e-29
1.42829e-29
1.31557e-29
1.21337e-29
1.1209e-29
1.03744e-29
9.62321e-30
8.9495e-30
8.34779e-30
7.81318e-30
7.34121e-30
6.92788e-30
6.56962e-30
6.26325e-30
6.00594e-30
5.7952e-30
5.62887e-30
5.50509e-30
5.42227e-30
5.37908e-30
5.37456e-30
5.408e-30
5.47885e-30
5.58674e-30
5.73159e-30
5.91342e-30
6.13247e-30
6.38913e-30
6.68401e-30
7.01789e-30
7.39175e-30
7.80671e-30
8.26411e-30
8.76544e-30
9.31237e-30
