10
2e+16
5e+17
50
9.9998
18755.4
3.08062e-20
3.07742e-20
3.06774e-20
3.05719e-20
3.04607e-20
3.03446e-20
3.02237e-20
3.00984e-20
2.99687e-20
2.98347e-20
2.96965e-20
2.95541e-20
2.94079e-20
2.92579e-20
2.91042e-20
2.89467e-20
2.87854e-20
2.86204e-20
2.84518e-20
2.82796e-20
2.81038e-20
2.79247e-20
2.77424e-20
2.75568e-20
2.73681e-20
2.71763e-20
2.69816e-20
2.6784e-20
2.65836e-20
2.63804e-20
2.61745e-20
2.59662e-20
2.57553e-20
2.55421e-20
2.53265e-20
2.51087e-20
2.48889e-20
2.46669e-20
2.4443e-20
2.42172e-20
2.39896e-20
2.37603e-20
2.35294e-20
2.3297e-20
2.30632e-20
2.2828e-20
2.25916e-20
2.2354e-20
2.21154e-20
2.18757e-20
2.16351e-20
2.13937e-20
2.11516e-20
2.09087e-20
2.06653e-20
2.04214e-20
2.01771e-20
1.99324e-20
1.96875e-20
1.94423e-20
1.91971e-20
1.89519e-20
1.87067e-20
1.84616e-20
1.82168e-20
1.79722e-20
1.77279e-20
1.7484e-20
1.72406e-20
1.69978e-20
1.67555e-20
1.6514e-20
1.62732e-20
1.60331e-20
1.5794e-20
1.55557e-20
1.53185e-20
1.50823e-20
1.48471e-20
1.46131e-20
1.43804e-20
1.41488e-20
1.39185e-20
1.36896e-20
1.3462e-20
1.32359e-20
1.30113e-20
1.27882e-20
1.25667e-20
1.23467e-20
1.21284e-20
1.19117e-20
1.16968e-20
1.14836e-20
1.12721e-20
1.10625e-20
1.08546e-20
1.06487e-20
1.04446e-20
1.02424e-20
1.00421e-20
9.84373e-21
9.64736e-21
9.45295e-21
9.26055e-21
9.07016e-21
8.8818e-21
8.69548e-21
8.51119e-21
8.32897e-21
8.14883e-21
7.97078e-21
7.79484e-21
7.62104e-21
7.44937e-21
7.27985e-21
7.1125e-21
6.94731e-21
6.78431e-21
6.62352e-21
6.46493e-21
6.30858e-21
6.15451e-21
6.00272e-21
5.85322e-21
5.70602e-21
5.56115e-21
5.41859e-21
5.27839e-21
5.14058e-21
5.00517e-21
4.87217e-21
4.7416e-21
4.61347e-21
4.48777e-21
4.36451e-21
4.24368e-21
4.12529e-21
4.00932e-21
3.89576e-21
3.78461e-21
3.67585e-21
3.56946e-21
3.46542e-21
3.36372e-21
3.26433e-21
3.16724e-21
3.07241e-21
2.97982e-21
2.88945e-21
2.80127e-21
2.71525e-21
2.63136e-21
2.54958e-21
2.46986e-21
2.39218e-21
2.31651e-21
2.24281e-21
2.17107e-21
2.10123e-21
2.03327e-21
1.96716e-21
1.90286e-21
1.84033e-21
1.77955e-21
1.72047e-21
1.66306e-21
1.6073e-21
1.55315e-21
1.50056e-21
1.44952e-21
1.39998e-21
1.35191e-21
1.30529e-21
1.26006e-21
1.21621e-21
1.1737e-21
1.1325e-21
1.09258e-21
1.0539e-21
1.01643e-21
9.80152e-22
9.45026e-22
9.11026e-22
8.78119e-22
8.46278e-22
8.15473e-22
7.85679e-22
7.56867e-22
7.29012e-22
7.02085e-22
6.76059e-22
6.50909e-22
6.26612e-22
6.03142e-22
5.80477e-22
5.5859e-22
5.37459e-22
5.17061e-22
4.97374e-22
4.78379e-22
4.60053e-22
4.42374e-22
4.25322e-22
4.08879e-22
3.93025e-22
3.77742e-22
3.63011e-22
3.48816e-22
3.35137e-22
3.21958e-22
3.09263e-22
2.97036e-22
2.85262e-22
2.73925e-22
2.63012e-22
2.52506e-22
2.42394e-22
2.32664e-22
2.23301e-22
2.14293e-22
2.05629e-22
1.97296e-22
1.89282e-22
1.81577e-22
1.74168e-22
1.67046e-22
1.602e-22
1.5362e-22
1.47298e-22
1.41223e-22
1.35388e-22
1.29782e-22
1.24397e-22
1.19225e-22
1.14258e-22
1.09489e-22
1.04911e-22
1.00516e-22
9.6297e-23
9.2248e-23
8.83619e-23
8.46329e-23
8.10548e-23
7.7622e-23
7.4329e-23
7.11704e-23
6.81412e-23
6.52362e-23
6.24504e-23
5.97791e-23
5.72179e-23
5.47625e-23
5.24088e-23
5.01528e-23
4.79907e-23
4.59188e-23
4.39335e-23
4.20314e-23
4.02089e-23
3.84629e-23
3.67902e-23
3.51881e-23
3.36535e-23
3.2184e-23
3.07767e-23
2.94292e-23
2.81391e-23
2.69039e-23
2.57215e-23
2.45895e-23
2.35059e-23
2.24687e-23
2.14761e-23
2.05261e-23
1.96171e-23
1.87473e-23
1.79152e-23
1.7119e-23
1.63575e-23
1.56289e-23
1.49319e-23
1.42653e-23
1.36277e-23
1.30179e-23
1.24347e-23
1.1877e-23
1.13438e-23
1.08341e-23
1.03467e-23
9.88075e-24
9.43538e-24
9.00962e-24
8.60265e-24
8.21364e-24
7.84184e-24
7.4865e-24
7.14693e-24
6.82244e-24
6.51238e-24
6.21613e-24
5.9331e-24
5.66271e-24
5.40441e-24
5.15764e-24
4.92191e-24
4.69673e-24
4.48164e-24
4.27621e-24
4.08001e-24
3.89263e-24
3.7137e-24
3.54283e-24
3.37969e-24
3.22392e-24
3.0752e-24
2.93323e-24
2.79769e-24
2.6683e-24
2.54478e-24
2.42687e-24
2.31431e-24
2.20688e-24
2.10434e-24
2.00649e-24
1.9131e-24
1.82397e-24
1.73893e-24
1.65779e-24
1.58037e-24
1.5065e-24
1.43603e-24
1.3688e-24
1.30467e-24
1.24348e-24
1.18511e-24
1.12943e-24
1.07632e-24
1.02566e-24
9.77341e-25
9.31261e-25
8.87316e-25
8.45409e-25
8.05448e-25
7.67344e-25
7.31013e-25
6.96375e-25
6.63351e-25
6.31869e-25
6.01854e-25
5.73239e-25
5.4596e-25
5.19955e-25
4.95167e-25
4.7154e-25
4.4902e-25
4.27556e-25
4.07101e-25
3.87608e-25
3.69031e-25
3.5133e-25
3.34464e-25
3.18394e-25
3.03084e-25
2.88497e-25
2.74602e-25
2.61363e-25
2.48751e-25
2.36736e-25
2.25291e-25
2.14389e-25
2.04005e-25
1.94115e-25
1.84696e-25
1.75725e-25
1.67182e-25
1.59047e-25
1.51301e-25
1.43926e-25
1.36903e-25
1.30218e-25
1.23853e-25
1.17794e-25
1.12026e-25
1.06537e-25
1.01311e-25
9.63361e-26
9.16012e-26
8.70946e-26
8.28054e-26
7.87235e-26
7.48389e-26
7.11424e-26
6.76251e-26
6.42783e-26
6.10941e-26
5.80647e-26
5.51827e-26
5.24411e-26
4.98332e-26
4.73526e-26
4.49932e-26
4.27493e-26
4.06153e-26
3.85859e-26
3.66562e-26
3.48213e-26
3.30764e-26
3.14173e-26
2.98398e-26
2.83399e-26
2.6914e-26
2.55585e-26
2.42699e-26
2.3045e-26
2.18808e-26
2.07743e-26
1.97227e-26
1.87233e-26
1.77736e-26
1.68713e-26
1.60139e-26
1.51993e-26
1.44254e-26
1.36903e-26
1.2992e-26
1.23287e-26
1.16987e-26
1.11005e-26
1.05323e-26
9.99276e-27
9.48039e-27
8.99386e-27
8.53191e-27
8.09332e-27
7.67696e-27
7.28171e-27
6.90655e-27
6.55048e-27
6.21255e-27
5.89188e-27
5.5876e-27
5.29891e-27
5.02504e-27
4.76525e-27
4.51885e-27
4.28516e-27
4.06357e-27
3.85347e-27
3.6543e-27
3.4655e-27
3.28658e-27
3.11704e-27
2.95642e-27
2.80427e-27
2.66019e-27
2.52376e-27
2.39461e-27
2.27237e-27
2.1567e-27
2.04729e-27
1.94382e-27
1.84602e-27
1.75361e-27
1.66633e-27
1.58394e-27
1.5062e-27
1.43289e-27
1.36382e-27
1.29878e-27
1.23758e-27
1.18006e-27
1.12606e-27
1.07541e-27
1.02797e-27
9.83604e-28
9.42189e-28
9.03602e-28
8.67732e-28
8.34475e-28
8.03734e-28
7.75419e-28
7.49447e-28
7.25743e-28
7.04235e-28
6.84854e-28
6.67573e-28
6.52372e-28
6.39222e-28
6.28076e-28
6.18928e-28
6.11742e-28
6.06487e-28
6.0314e-28
6.01679e-28
6.0209e-28
6.04364e-28
6.08498e-28
6.14494e-28
6.22359e-28
6.32104e-28
