20
5e+16
5e+18
50
19.9988
26524.1
1.66883e-20
1.66334e-20
1.64744e-20
1.63082e-20
1.61403e-20
1.59719e-20
1.58036e-20
1.56355e-20
1.54684e-20
1.53023e-20
1.51369e-20
1.49721e-20
1.48079e-20
1.46442e-20
1.4481e-20
1.43182e-20
1.41562e-20
1.39949e-20
1.38342e-20
1.3674e-20
1.35144e-20
1.33552e-20
1.31968e-20
1.30389e-20
1.28817e-20
1.2725e-20
1.2569e-20
1.24137e-20
1.2259e-20
1.21051e-20
1.19518e-20
1.17993e-20
1.16475e-20
1.14964e-20
1.13461e-20
1.11965e-20
1.10477e-20
1.08996e-20
1.07522e-20
1.06057e-20
1.04598e-20
1.03148e-20
1.01705e-20
1.0027e-20
9.88438e-21
9.7426e-21
9.60165e-21
9.46149e-21
9.32218e-21
9.18369e-21
9.04608e-21
8.90931e-21
8.77343e-21
8.63841e-21
8.50431e-21
8.37108e-21
8.23877e-21
8.10735e-21
7.97686e-21
7.84735e-21
7.71878e-21
7.59118e-21
7.46452e-21
7.33884e-21
7.21409e-21
7.09032e-21
6.96755e-21
6.84575e-21
6.72495e-21
6.60511e-21
6.48625e-21
6.36841e-21
6.25155e-21
6.13568e-21
6.02079e-21
5.90688e-21
5.79397e-21
5.68204e-21
5.57111e-21
5.46121e-21
5.35232e-21
5.24446e-21
5.13765e-21
5.03188e-21
4.92716e-21
4.82354e-21
4.72101e-21
4.61961e-21
4.51938e-21
4.4203e-21
4.32241e-21
4.22576e-21
4.13041e-21
4.03636e-21
3.94364e-21
3.85229e-21
3.76234e-21
3.67379e-21
3.58664e-21
3.50093e-21
3.41664e-21
3.33378e-21
3.25236e-21
3.17239e-21
3.09386e-21
3.01676e-21
2.9411e-21
2.86688e-21
2.79411e-21
2.72275e-21
2.6528e-21
2.58426e-21
2.51713e-21
2.45137e-21
2.38698e-21
2.32394e-21
2.26226e-21
2.20192e-21
2.14288e-21
2.08515e-21
2.0287e-21
1.97353e-21
1.91961e-21
1.86693e-21
1.81546e-21
1.76519e-21
1.71611e-21
1.6682e-21
1.62143e-21
1.57578e-21
1.53124e-21
1.4878e-21
1.44543e-21
1.40412e-21
1.36383e-21
1.32456e-21
1.28628e-21
1.24899e-21
1.21265e-21
1.17726e-21
1.14278e-21
1.10921e-21
1.07651e-21
1.04469e-21
1.01371e-21
9.83564e-22
9.54234e-22
9.25694e-22
8.97928e-22
8.7092e-22
8.44654e-22
8.19115e-22
7.94286e-22
7.70152e-22
7.4669e-22
7.23885e-22
7.01723e-22
6.80188e-22
6.59267e-22
6.38945e-22
6.19208e-22
6.00036e-22
5.81415e-22
5.63334e-22
5.45777e-22
5.28733e-22
5.12189e-22
4.96133e-22
4.80552e-22
4.65434e-22
4.50763e-22
4.36528e-22
4.22717e-22
4.0932e-22
3.96325e-22
3.83722e-22
3.71501e-22
3.59651e-22
3.48163e-22
3.37024e-22
3.26224e-22
3.15753e-22
3.05604e-22
2.95767e-22
2.86233e-22
2.76995e-22
2.68043e-22
2.59371e-22
2.50967e-22
2.42824e-22
2.34935e-22
2.27292e-22
2.19889e-22
2.12718e-22
2.05774e-22
1.99048e-22
1.92536e-22
1.86231e-22
1.80126e-22
1.74215e-22
1.68491e-22
1.62949e-22
1.57584e-22
1.5239e-22
1.47363e-22
1.42497e-22
1.37787e-22
1.3323e-22
1.28819e-22
1.24552e-22
1.20422e-22
1.16426e-22
1.12559e-22
1.08818e-22
1.05197e-22
1.01694e-22
9.83055e-23
9.50271e-23
9.18559e-23
8.87884e-23
8.58215e-23
8.2952e-23
8.0177e-23
7.74934e-23
7.48984e-23
7.23885e-23
6.9961e-23
6.76134e-23
6.53431e-23
6.31477e-23
6.10248e-23
5.89722e-23
5.69876e-23
5.50688e-23
5.32138e-23
5.14205e-23
4.9687e-23
4.80113e-23
4.63916e-23
4.4826e-23
4.33125e-23
4.18494e-23
4.0435e-23
3.90677e-23
3.77461e-23
3.64687e-23
3.5234e-23
3.40406e-23
3.28873e-23
3.17727e-23
3.06955e-23
2.96546e-23
2.86487e-23
2.76767e-23
2.67376e-23
2.58301e-23
2.49534e-23
2.41061e-23
2.32872e-23
2.2496e-23
2.17313e-23
2.09924e-23
2.02785e-23
1.95887e-23
1.89221e-23
1.82781e-23
1.76559e-23
1.70547e-23
1.6474e-23
1.59129e-23
1.53709e-23
1.48472e-23
1.43414e-23
1.38528e-23
1.33808e-23
1.29249e-23
1.24845e-23
1.20589e-23
1.16478e-23
1.12506e-23
1.08669e-23
1.04962e-23
1.01381e-23
9.79222e-24
9.45805e-24
9.13526e-24
8.82345e-24
8.52226e-24
8.23134e-24
7.95033e-24
7.67891e-24
7.41675e-24
7.16355e-24
6.919e-24
6.6828e-24
6.45469e-24
6.23439e-24
6.02162e-24
5.81609e-24
5.61756e-24
5.42579e-24
5.24055e-24
5.06161e-24
4.88878e-24
4.72184e-24
4.56059e-24
4.40484e-24
4.25441e-24
4.10911e-24
3.96878e-24
3.83324e-24
3.70233e-24
3.57589e-24
3.45378e-24
3.33585e-24
3.22195e-24
3.11195e-24
3.00571e-24
2.90312e-24
2.80404e-24
2.70836e-24
2.61595e-24
2.52672e-24
2.44055e-24
2.35731e-24
2.27692e-24
2.19927e-24
2.12426e-24
2.05182e-24
1.98184e-24
1.91426e-24
1.84898e-24
1.78593e-24
1.72504e-24
1.66622e-24
1.60941e-24
1.55455e-24
1.50156e-24
1.45038e-24
1.40095e-24
1.35321e-24
1.3071e-24
1.26257e-24
1.21956e-24
1.17803e-24
1.13791e-24
1.09917e-24
1.06176e-24
1.02562e-24
9.90728e-25
9.57026e-25
9.2448e-25
8.93048e-25
8.62694e-25
8.33373e-25
8.05052e-25
7.77696e-25
7.51271e-25
7.25747e-25
7.01092e-25
6.77278e-25
6.54275e-25
6.32056e-25
6.10595e-25
5.89865e-25
5.69841e-25
5.505e-25
5.31818e-25
5.13773e-25
4.96344e-25
4.79508e-25
4.63247e-25
4.4754e-25
4.32369e-25
4.17715e-25
4.03561e-25
3.89889e-25
3.76684e-25
3.6393e-25
3.5161e-25
3.39711e-25
3.28218e-25
3.17117e-25
3.06395e-25
2.96039e-25
2.86037e-25
2.76376e-25
2.67045e-25
2.58032e-25
2.49328e-25
2.40919e-25
2.32795e-25
2.24948e-25
2.17367e-25
2.10044e-25
2.02969e-25
1.96135e-25
1.89533e-25
1.83156e-25
1.76995e-25
1.71043e-25
1.65294e-25
1.5974e-25
1.54375e-25
1.49193e-25
1.44186e-25
1.39351e-25
1.34679e-25
1.30167e-25
1.25808e-25
1.21598e-25
1.17531e-25
1.13603e-25
1.09808e-25
1.06143e-25
1.02603e-25
9.91841e-26
9.58817e-26
9.26921e-26
8.96116e-26
8.66365e-26
8.37632e-26
8.09884e-26
7.83087e-26
7.5721e-26
7.32221e-26
7.08092e-26
6.84794e-26
6.62298e-26
6.40579e-26
6.19611e-26
5.99368e-26
5.79828e-26
5.60965e-26
5.42759e-26
5.25185e-26
5.08221e-26
4.91848e-26
4.76046e-26
4.60797e-26
4.46083e-26
4.31886e-26
4.18191e-26
4.04981e-26
3.9224e-26
3.79954e-26
3.68108e-26
3.56689e-26
3.45683e-26
3.35076e-26
3.24858e-26
3.15016e-26
3.05537e-26
2.96413e-26
2.8763e-26
2.79181e-26
2.71054e-26
2.6324e-26
2.5573e-26
2.48516e-26
2.41588e-26
2.3494e-26
2.28562e-26
2.22449e-26
2.16592e-26
2.10986e-26
2.05623e-26
2.00497e-26
1.95603e-26
1.90935e-26
1.86487e-26
1.82255e-26
1.78233e-26
1.74418e-26
1.70804e-26
1.67387e-26
1.64165e-26
1.61132e-26
1.58286e-26
1.55624e-26
1.53142e-26
1.50838e-26
1.48708e-26
1.46752e-26
1.44967e-26
1.4335e-26
1.41901e-26
1.40616e-26
1.39497e-26
1.3854e-26
1.37744e-26
1.37109e-26
1.36633e-26
1.36317e-26
1.36168e-26
1.36186e-26
1.36375e-26
1.36735e-26
1.37264e-26
1.37963e-26
1.38832e-26
