5
1e+18
1e+17
49.9983
4.99998
13262.1
7.69664e-20
7.6963e-20
7.69387e-20
7.68997e-20
7.68456e-20
7.67763e-20
7.66918e-20
7.6592e-20
7.64771e-20
7.63471e-20
7.62022e-20
7.60422e-20
7.58675e-20
7.5678e-20
7.5474e-20
7.52554e-20
7.50225e-20
7.47753e-20
7.4514e-20
7.42389e-20
7.39499e-20
7.36474e-20
7.33314e-20
7.30022e-20
7.26599e-20
7.23048e-20
7.19371e-20
7.15569e-20
7.11645e-20
7.07601e-20
7.03439e-20
6.99162e-20
6.94772e-20
6.90271e-20
6.85663e-20
6.80949e-20
6.76133e-20
6.71216e-20
6.66202e-20
6.61093e-20
6.55893e-20
6.50603e-20
6.45227e-20
6.39767e-20
6.34226e-20
6.28608e-20
6.22916e-20
6.17151e-20
6.11317e-20
6.05418e-20
5.99456e-20
5.93433e-20
5.87354e-20
5.81221e-20
5.75037e-20
5.68805e-20
5.62528e-20
5.56209e-20
5.49851e-20
5.43457e-20
5.37031e-20
5.30574e-20
5.2409e-20
5.17581e-20
5.11052e-20
5.04503e-20
4.9794e-20
4.91363e-20
4.84776e-20
4.78182e-20
4.71583e-20
4.64983e-20
4.58383e-20
4.51787e-20
4.45196e-20
4.38614e-20
4.32043e-20
4.25485e-20
4.18943e-20
4.12419e-20
4.05915e-20
3.99435e-20
3.92979e-20
3.8655e-20
3.8015e-20
3.73782e-20
3.67447e-20
3.61147e-20
3.54883e-20
3.48659e-20
3.42476e-20
3.36335e-20
3.30238e-20
3.24187e-20
3.18183e-20
3.12228e-20
3.06323e-20
3.00469e-20
2.94669e-20
2.88922e-20
2.83232e-20
2.77597e-20
2.72021e-20
2.66503e-20
2.61045e-20
2.55647e-20
2.50311e-20
2.45038e-20
2.39827e-20
2.34681e-20
2.29599e-20
2.24582e-20
2.19631e-20
2.14746e-20
2.09928e-20
2.05176e-20
2.00493e-20
1.95877e-20
1.91329e-20
1.86849e-20
1.82438e-20
1.78095e-20
1.7382e-20
1.69615e-20
1.65478e-20
1.6141e-20
1.5741e-20
1.53478e-20
1.49615e-20
1.4582e-20
1.42093e-20
1.38434e-20
1.34841e-20
1.31316e-20
1.27857e-20
1.24464e-20
1.21138e-20
1.17876e-20
1.14679e-20
1.11547e-20
1.08479e-20
1.05474e-20
1.02531e-20
9.96511e-21
9.68324e-21
9.40746e-21
9.1377e-21
8.8739e-21
8.616e-21
8.36391e-21
8.11758e-21
7.87692e-21
7.64186e-21
7.41234e-21
7.18827e-21
6.96958e-21
6.75619e-21
6.54802e-21
6.34499e-21
6.14703e-21
5.95405e-21
5.76597e-21
5.58271e-21
5.4042e-21
5.23034e-21
5.06107e-21
4.89629e-21
4.73592e-21
4.57989e-21
4.42812e-21
4.28051e-21
4.13699e-21
3.99749e-21
3.86191e-21
3.73019e-21
3.60223e-21
3.47797e-21
3.35731e-21
3.2402e-21
3.12654e-21
3.01626e-21
2.90929e-21
2.80555e-21
2.70497e-21
2.60747e-21
2.51298e-21
2.42142e-21
2.33274e-21
2.24685e-21
2.16369e-21
2.08319e-21
2.00528e-21
1.9299e-21
1.85698e-21
1.78646e-21
1.71827e-21
1.65235e-21
1.58864e-21
1.52708e-21
1.46762e-21
1.41018e-21
1.35472e-21
1.30118e-21
1.24951e-21
1.19965e-21
1.15154e-21
1.10515e-21
1.06041e-21
1.01727e-21
9.75701e-22
9.35638e-22
8.97041e-22
8.59863e-22
8.2406e-22
7.8959e-22
7.5641e-22
7.24479e-22
6.93757e-22
6.64204e-22
6.35783e-22
6.08456e-22
5.82186e-22
5.5694e-22
5.32681e-22
5.09376e-22
4.86994e-22
4.65501e-22
4.44868e-22
4.25064e-22
4.06061e-22
3.87829e-22
3.70342e-22
3.53572e-22
3.37494e-22
3.22082e-22
3.07313e-22
2.93162e-22
2.79607e-22
2.66625e-22
2.54194e-22
2.42295e-22
2.30907e-22
2.20009e-22
2.09585e-22
1.99613e-22
1.90079e-22
1.80963e-22
1.7225e-22
1.63924e-22
1.55969e-22
1.4837e-22
1.41114e-22
1.34185e-22
1.27571e-22
1.21259e-22
1.15236e-22
1.0949e-22
1.0401e-22
9.87844e-23
9.38026e-23
8.90542e-23
8.45293e-23
8.02182e-23
7.61118e-23
7.22011e-23
6.84777e-23
6.49333e-23
6.15601e-23
5.83504e-23
5.5297e-23
5.2393e-23
4.96315e-23
4.70062e-23
4.45108e-23
4.21395e-23
3.98866e-23
3.77466e-23
3.57142e-23
3.37846e-23
3.19528e-23
3.02143e-23
2.85647e-23
2.69997e-23
2.55154e-23
2.41079e-23
2.27735e-23
2.15086e-23
2.031e-23
1.91743e-23
1.80985e-23
1.70797e-23
1.6115e-23
1.52018e-23
1.43374e-23
1.35195e-23
1.27458e-23
1.20139e-23
1.13218e-23
1.06674e-23
1.00488e-23
9.46427e-24
8.91193e-24
8.39015e-24
7.89735e-24
7.43201e-24
6.99269e-24
6.57804e-24
6.18674e-24
5.81756e-24
5.46932e-24
5.1409e-24
4.83124e-24
4.53933e-24
4.26421e-24
4.00496e-24
3.76073e-24
3.53069e-24
3.31405e-24
3.1101e-24
2.91811e-24
2.73743e-24
2.56743e-24
2.4075e-24
2.25709e-24
2.11565e-24
1.98268e-24
1.8577e-24
1.74025e-24
1.6299e-24
1.52625e-24
1.4289e-24
1.3375e-24
1.25169e-24
1.17115e-24
1.09558e-24
1.02468e-24
9.58183e-25
8.95819e-25
8.37348e-25
7.82537e-25
7.31169e-25
6.83036e-25
6.37945e-25
5.95713e-25
5.56165e-25
5.1914e-25
4.84483e-25
4.52049e-25
4.21703e-25
3.93316e-25
3.66767e-25
3.41941e-25
3.18733e-25
2.97041e-25
2.7677e-25
2.57831e-25
2.4014e-25
2.23618e-25
2.08192e-25
1.93791e-25
1.80351e-25
1.67809e-25
1.56108e-25
1.45194e-25
1.35017e-25
1.25528e-25
1.16682e-25
1.08438e-25
1.00757e-25
9.36009e-26
8.69359e-26
8.07293e-26
7.4951e-26
6.95724e-26
6.45669e-26
5.99096e-26
5.55772e-26
5.15478e-26
4.7801e-26
4.43177e-26
4.10801e-26
3.80714e-26
3.5276e-26
3.26794e-26
3.02679e-26
2.80287e-26
2.595e-26
2.40207e-26
2.22304e-26
2.05695e-26
1.90288e-26
1.76001e-26
1.62753e-26
1.50473e-26
1.39092e-26
1.28546e-26
1.18776e-26
1.09726e-26
1.01346e-26
9.35873e-27
8.64052e-27
7.97585e-27
7.36083e-27
6.79189e-27
6.26567e-27
5.77908e-27
5.3292e-27
4.91337e-27
4.52909e-27
4.17403e-27
3.84603e-27
3.5431e-27
3.26339e-27
3.00515e-27
2.7668e-27
2.54685e-27
2.34391e-27
2.15672e-27
1.98408e-27
1.82489e-27
1.67814e-27
1.54289e-27
1.41825e-27
1.30342e-27
1.19765e-27
1.10025e-27
1.01056e-27
9.28002e-28
8.52018e-28
7.82099e-28
7.17774e-28
6.58609e-28
6.04201e-28
5.54176e-28
5.08193e-28
4.65932e-28
4.271e-28
3.91427e-28
3.58663e-28
3.28575e-28
3.00952e-28
2.75597e-28
2.52328e-28
2.30978e-28
2.11392e-28
1.9343e-28
1.76959e-28
1.6186e-28
1.4802e-28
1.35338e-28
1.23719e-28
1.13076e-28
1.0333e-28
9.44064e-29
8.62385e-29
7.87639e-29
7.19254e-29
6.56703e-29
5.99506e-29
5.47218e-29
4.99433e-29
4.55775e-29
4.15904e-29
3.79503e-29
3.46284e-29
3.15984e-29
2.8836e-29
2.6319e-29
2.40271e-29
2.19419e-29
2.00463e-29
1.8325e-29
1.67638e-29
1.535e-29
1.4072e-29
1.2919e-29
1.18816e-29
1.09511e-29
1.01196e-29
9.38027e-30
8.72673e-30
8.15342e-30
7.6554e-30
7.22834e-30
6.86846e-30
6.57253e-30
6.3378e-30
6.16202e-30
6.04335e-30
5.98042e-30
5.97225e-30
6.01826e-30
6.11823e-30
6.27233e-30
6.48109e-30
6.74537e-30
7.06637e-30
7.44566e-30
7.88512e-30
8.38695e-30
8.9537e-30
