2
1e+18
2e+17
50
2
8387.66
3.04328e-19
3.04314e-19
3.04219e-19
3.04065e-19
3.03851e-19
3.03577e-19
3.03243e-19
3.02849e-19
3.02395e-19
3.01881e-19
3.01308e-19
3.00676e-19
2.99985e-19
2.99236e-19
2.98429e-19
2.97565e-19
2.96644e-19
2.95667e-19
2.94633e-19
2.93545e-19
2.92403e-19
2.91206e-19
2.89957e-19
2.88655e-19
2.87301e-19
2.85897e-19
2.84443e-19
2.82939e-19
2.81387e-19
2.79788e-19
2.78142e-19
2.7645e-19
2.74714e-19
2.72934e-19
2.71112e-19
2.69248e-19
2.67343e-19
2.65398e-19
2.63415e-19
2.61395e-19
2.59338e-19
2.57246e-19
2.55119e-19
2.5296e-19
2.50769e-19
2.48547e-19
2.46295e-19
2.44015e-19
2.41708e-19
2.39375e-19
2.37017e-19
2.34635e-19
2.32231e-19
2.29805e-19
2.27359e-19
2.24895e-19
2.22412e-19
2.19913e-19
2.17398e-19
2.1487e-19
2.12328e-19
2.09774e-19
2.0721e-19
2.04636e-19
2.02053e-19
1.99464e-19
1.96868e-19
1.94267e-19
1.91662e-19
1.89054e-19
1.86444e-19
1.83834e-19
1.81224e-19
1.78615e-19
1.76008e-19
1.73405e-19
1.70807e-19
1.68213e-19
1.65626e-19
1.63046e-19
1.60474e-19
1.57911e-19
1.55358e-19
1.52816e-19
1.50285e-19
1.47766e-19
1.45261e-19
1.4277e-19
1.40293e-19
1.37831e-19
1.35386e-19
1.32958e-19
1.30547e-19
1.28154e-19
1.2578e-19
1.23425e-19
1.2109e-19
1.18775e-19
1.16481e-19
1.14209e-19
1.11959e-19
1.09731e-19
1.07526e-19
1.05344e-19
1.03186e-19
1.01052e-19
9.89418e-20
9.68566e-20
9.47964e-20
9.27615e-20
9.07521e-20
8.87685e-20
8.68109e-20
8.48794e-20
8.29744e-20
8.10958e-20
7.9244e-20
7.7419e-20
7.56208e-20
7.38497e-20
7.21056e-20
7.03886e-20
6.86988e-20
6.70361e-20
6.54006e-20
6.37923e-20
6.2211e-20
6.06568e-20
5.91296e-20
5.76293e-20
5.61559e-20
5.47092e-20
5.32891e-20
5.18955e-20
5.05282e-20
4.91871e-20
4.7872e-20
4.65828e-20
4.53192e-20
4.40811e-20
4.28683e-20
4.16804e-20
4.05174e-20
3.9379e-20
3.82649e-20
3.71748e-20
3.61086e-20
3.5066e-20
3.40467e-20
3.30503e-20
3.20768e-20
3.11256e-20
3.01967e-20
2.92896e-20
2.84041e-20
2.75398e-20
2.66965e-20
2.58738e-20
2.50715e-20
2.42892e-20
2.35266e-20
2.27834e-20
2.20592e-20
2.13538e-20
2.06669e-20
1.9998e-20
1.93469e-20
1.87133e-20
1.80967e-20
1.7497e-20
1.69138e-20
1.63468e-20
1.57956e-20
1.526e-20
1.47395e-20
1.4234e-20
1.3743e-20
1.32664e-20
1.28037e-20
1.23546e-20
1.1919e-20
1.14964e-20
1.10865e-20
1.06892e-20
1.0304e-20
9.93071e-21
9.56903e-21
9.21868e-21
8.87938e-21
8.55086e-21
8.23285e-21
7.92508e-21
7.62729e-21
7.33922e-21
7.06061e-21
6.79123e-21
6.53082e-21
6.27913e-21
6.03594e-21
5.80101e-21
5.57411e-21
5.35501e-21
5.14349e-21
4.93934e-21
4.74235e-21
4.5523e-21
4.36899e-21
4.19223e-21
4.02181e-21
3.85755e-21
3.69926e-21
3.54675e-21
3.39985e-21
3.25839e-21
3.12218e-21
2.99107e-21
2.8649e-21
2.74349e-21
2.62671e-21
2.51439e-21
2.4064e-21
2.30258e-21
2.20281e-21
2.10693e-21
2.01482e-21
1.92636e-21
1.84141e-21
1.75986e-21
1.68158e-21
1.60646e-21
1.53439e-21
1.46526e-21
1.39896e-21
1.3354e-21
1.27447e-21
1.21608e-21
1.16013e-21
1.10653e-21
1.0552e-21
1.00605e-21
9.58996e-22
9.13961e-22
8.70865e-22
8.29636e-22
7.90201e-22
7.5249e-22
7.16435e-22
6.81971e-22
6.49035e-22
6.17567e-22
5.87506e-22
5.58797e-22
5.31385e-22
5.05216e-22
4.8024e-22
4.56408e-22
4.33671e-22
4.11985e-22
3.91305e-22
3.71588e-22
3.52795e-22
3.34885e-22
3.1782e-22
3.01565e-22
2.86084e-22
2.71344e-22
2.57311e-22
2.43955e-22
2.31247e-22
2.19156e-22
2.07656e-22
1.96721e-22
1.86324e-22
1.76441e-22
1.67048e-22
1.58125e-22
1.49648e-22
1.41597e-22
1.33952e-22
1.26695e-22
1.19807e-22
1.13271e-22
1.0707e-22
1.01188e-22
9.56104e-23
9.0322e-23
8.53091e-23
8.05583e-23
7.60568e-23
7.17925e-23
6.77537e-23
6.39294e-23
6.03089e-23
5.6882e-23
5.36391e-23
5.0571e-23
4.76688e-23
4.49242e-23
4.23292e-23
3.98761e-23
3.75576e-23
3.53669e-23
3.32973e-23
3.13425e-23
2.94966e-23
2.77539e-23
2.61089e-23
2.45564e-23
2.30917e-23
2.171e-23
2.04069e-23
1.91782e-23
1.80198e-23
1.69281e-23
1.58993e-23
1.493e-23
1.4017e-23
1.31572e-23
1.23477e-23
1.15857e-23
1.08685e-23
1.01937e-23
9.55887e-24
8.96179e-24
8.40032e-24
7.87245e-24
7.37628e-24
6.90999e-24
6.47189e-24
6.06035e-24
5.67385e-24
5.31093e-24
4.97024e-24
4.65046e-24
4.3504e-24
4.06887e-24
3.80481e-24
3.55717e-24
3.32499e-24
3.10733e-24
2.90335e-24
2.71221e-24
2.53315e-24
2.36544e-24
2.20839e-24
2.06136e-24
1.92373e-24
1.79493e-24
1.67441e-24
1.56168e-24
1.45625e-24
1.35766e-24
1.26549e-24
1.17935e-24
1.09885e-24
1.02364e-24
9.53383e-25
8.87773e-25
8.26513e-25
7.69327e-25
7.15954e-25
6.6615e-25
6.19687e-25
5.7635e-25
5.35936e-25
4.98256e-25
4.63133e-25
4.30399e-25
3.999e-25
3.71487e-25
3.45024e-25
3.20382e-25
2.9744e-25
2.76086e-25
2.56214e-25
2.37724e-25
2.20525e-25
2.04529e-25
1.89656e-25
1.75829e-25
1.62977e-25
1.51035e-25
1.39939e-25
1.29633e-25
1.20062e-25
1.11175e-25
1.02926e-25
9.52694e-26
8.81649e-26
8.15738e-26
7.54604e-26
6.97912e-26
6.4535e-26
5.96627e-26
5.51473e-26
5.09634e-26
4.70875e-26
4.34976e-26
4.01734e-26
3.70959e-26
3.42472e-26
3.1611e-26
2.91719e-26
2.69156e-26
2.48288e-26
2.28993e-26
2.11154e-26
1.94667e-26
1.79431e-26
1.65354e-26
1.52351e-26
1.40343e-26
1.29255e-26
1.1902e-26
1.09573e-26
1.00855e-26
9.28131e-27
8.5395e-27
7.85541e-27
7.22467e-27
6.64325e-27
6.1074e-27
5.61365e-27
5.15878e-27
4.73983e-27
4.35402e-27
3.99882e-27
3.67187e-27
3.37097e-27
3.09411e-27
2.83942e-27
2.60517e-27
2.38977e-27
2.19175e-27
2.00973e-27
1.84245e-27
1.68877e-27
1.54759e-27
1.41793e-27
1.29887e-27
1.18958e-27
1.08926e-27
9.97201e-28
9.12741e-28
8.35267e-28
7.64217e-28
6.9907e-28
6.3935e-28
5.84614e-28
5.34457e-28
4.88506e-28
4.46416e-28
4.07871e-28
3.72579e-28
3.40274e-28
3.10707e-28
2.83652e-28
2.58902e-28
2.36264e-28
2.15562e-28
1.96635e-28
1.79334e-28
1.63522e-28
1.49075e-28
1.35877e-28
1.23822e-28
1.12815e-28
1.02765e-28
9.35922e-29
8.5221e-29
7.75829e-29
7.06153e-29
6.42606e-29
5.84661e-29
5.31834e-29
4.83684e-29
4.39805e-29
3.99827e-29
3.6341e-29
3.30244e-29
3.00044e-29
2.72552e-29
2.4753e-29
2.24759e-29
2.04043e-29
1.85199e-29
1.68061e-29
1.52479e-29
1.38314e-29
1.2544e-29
1.13742e-29
1.03113e-29
9.34595e-30
8.46926e-30
7.67327e-30
6.9507e-30
6.29492e-30
5.69987e-30
5.16004e-30
4.67043e-30
4.22651e-30
