2
5e+17
1e+19
50
1.99999
8387.66
3.03742e-19
3.03729e-19
3.03633e-19
3.0348e-19
3.03267e-19
3.02994e-19
3.02661e-19
3.02268e-19
3.01815e-19
3.01303e-19
3.00732e-19
3.00102e-19
2.99413e-19
2.98667e-19
2.97863e-19
2.97001e-19
2.96083e-19
2.95109e-19
2.9408e-19
2.92995e-19
2.91857e-19
2.90664e-19
2.89419e-19
2.88122e-19
2.86773e-19
2.85373e-19
2.83924e-19
2.82425e-19
2.80878e-19
2.79284e-19
2.77644e-19
2.75958e-19
2.74228e-19
2.72454e-19
2.70637e-19
2.68779e-19
2.66881e-19
2.64942e-19
2.62966e-19
2.60952e-19
2.58902e-19
2.56816e-19
2.54697e-19
2.52545e-19
2.5036e-19
2.48146e-19
2.45901e-19
2.43629e-19
2.41329e-19
2.39003e-19
2.36652e-19
2.34278e-19
2.31881e-19
2.29462e-19
2.27024e-19
2.24567e-19
2.22092e-19
2.196e-19
2.17093e-19
2.14572e-19
2.12038e-19
2.09492e-19
2.06935e-19
2.04368e-19
2.01793e-19
1.99211e-19
1.96622e-19
1.94028e-19
1.91431e-19
1.8883e-19
1.86228e-19
1.83624e-19
1.81021e-19
1.7842e-19
1.7582e-19
1.73224e-19
1.70632e-19
1.68045e-19
1.65465e-19
1.62891e-19
1.60326e-19
1.57769e-19
1.55222e-19
1.52686e-19
1.50161e-19
1.47649e-19
1.45149e-19
1.42664e-19
1.40193e-19
1.37737e-19
1.35297e-19
1.32874e-19
1.30469e-19
1.28081e-19
1.25712e-19
1.23362e-19
1.21032e-19
1.18722e-19
1.16433e-19
1.14165e-19
1.11919e-19
1.09695e-19
1.07494e-19
1.05317e-19
1.03162e-19
1.01032e-19
9.89257e-20
9.6844e-20
9.47873e-20
9.27557e-20
9.07496e-20
8.87691e-20
8.68145e-20
8.48859e-20
8.29837e-20
8.11078e-20
7.92585e-20
7.7436e-20
7.56402e-20
7.38713e-20
7.21294e-20
7.04145e-20
6.87266e-20
6.70658e-20
6.54321e-20
6.38254e-20
6.22457e-20
6.0693e-20
5.91672e-20
5.76683e-20
5.61961e-20
5.47505e-20
5.33315e-20
5.19389e-20
5.05725e-20
4.92322e-20
4.79179e-20
4.66294e-20
4.53664e-20
4.41289e-20
4.29165e-20
4.17291e-20
4.05664e-20
3.94283e-20
3.83144e-20
3.72245e-20
3.61585e-20
3.51159e-20
3.40966e-20
3.31003e-20
3.21266e-20
3.11754e-20
3.02462e-20
2.93389e-20
2.84532e-20
2.75886e-20
2.6745e-20
2.5922e-20
2.51193e-20
2.43366e-20
2.35735e-20
2.28299e-20
2.21052e-20
2.13993e-20
2.07118e-20
2.00423e-20
1.93906e-20
1.87564e-20
1.81392e-20
1.75389e-20
1.6955e-20
1.63873e-20
1.58354e-20
1.52991e-20
1.47779e-20
1.42717e-20
1.378e-20
1.33026e-20
1.28392e-20
1.23894e-20
1.1953e-20
1.15296e-20
1.11191e-20
1.07209e-20
1.0335e-20
9.96096e-21
9.59853e-21
9.24742e-21
8.90737e-21
8.5781e-21
8.25934e-21
7.95083e-21
7.6523e-21
7.36349e-21
7.08416e-21
6.81406e-21
6.55293e-21
6.30054e-21
6.05664e-21
5.82102e-21
5.59343e-21
5.37365e-21
5.16146e-21
4.95665e-21
4.75901e-21
4.56832e-21
4.38437e-21
4.20699e-21
4.03596e-21
3.87109e-21
3.7122e-21
3.55911e-21
3.41164e-21
3.26961e-21
3.13285e-21
3.0012e-21
2.87449e-21
2.75256e-21
2.63527e-21
2.52245e-21
2.41397e-21
2.30967e-21
2.20942e-21
2.11308e-21
2.02053e-21
1.93162e-21
1.84624e-21
1.76427e-21
1.68558e-21
1.61006e-21
1.5376e-21
1.46809e-21
1.40142e-21
1.3375e-21
1.27622e-21
1.21748e-21
1.1612e-21
1.10728e-21
1.05563e-21
1.00617e-21
9.58814e-22
9.13487e-22
8.70109e-22
8.28605e-22
7.88904e-22
7.50935e-22
7.14633e-22
6.7993e-22
6.46765e-22
6.15077e-22
5.84806e-22
5.55896e-22
5.28291e-22
5.0194e-22
4.7679e-22
4.52793e-22
4.299e-22
4.08065e-22
3.87246e-22
3.67398e-22
3.48482e-22
3.30457e-22
3.13286e-22
2.96932e-22
2.81359e-22
2.66535e-22
2.52427e-22
2.39003e-22
2.26234e-22
2.14091e-22
2.02546e-22
1.91573e-22
1.81146e-22
1.7124e-22
1.61833e-22
1.529e-22
1.44422e-22
1.36376e-22
1.28742e-22
1.21501e-22
1.14635e-22
1.08126e-22
1.01958e-22
9.61131e-23
9.05774e-23
8.53357e-23
8.03742e-23
7.56791e-23
7.12377e-23
6.70375e-23
6.30666e-23
5.93137e-23
5.57679e-23
5.24188e-23
4.92564e-23
4.62714e-23
4.34546e-23
4.07973e-23
3.82913e-23
3.59287e-23
3.3702e-23
3.1604e-23
2.9628e-23
2.77673e-23
2.60158e-23
2.43676e-23
2.28171e-23
2.13589e-23
1.9988e-23
1.86996e-23
1.7489e-23
1.63519e-23
1.52843e-23
1.4282e-23
1.33416e-23
1.24593e-23
1.16319e-23
1.08563e-23
1.01293e-23
9.44813e-24
8.81015e-24
8.21279e-24
7.65363e-24
7.1304e-24
6.64094e-24
6.18321e-24
5.7553e-24
5.35538e-24
4.98175e-24
4.63278e-24
4.30695e-24
4.00283e-24
3.71906e-24
3.45435e-24
3.20751e-24
2.97741e-24
2.76297e-24
2.5632e-24
2.37715e-24
2.20393e-24
2.04271e-24
1.89271e-24
1.75319e-24
1.62346e-24
1.50287e-24
1.39081e-24
1.28672e-24
1.19005e-24
1.10031e-24
1.01703e-24
9.39765e-25
8.68105e-25
8.01665e-25
7.40084e-25
6.83026e-25
6.30175e-25
5.81237e-25
5.35936e-25
4.94016e-25
4.55237e-25
4.19374e-25
3.8622e-25
3.5558e-25
3.27271e-25
3.01125e-25
2.76985e-25
2.54703e-25
2.34143e-25
2.15178e-25
1.97691e-25
1.8157e-25
1.66714e-25
1.53028e-25
1.40424e-25
1.2882e-25
1.1814e-25
1.08314e-25
9.92754e-26
9.09647e-26
8.33254e-26
7.63055e-26
6.98568e-26
6.39346e-26
5.84977e-26
5.35078e-26
4.89296e-26
4.47304e-26
4.088e-26
3.73506e-26
3.41163e-26
3.11534e-26
2.844e-26
2.59557e-26
2.3682e-26
2.16016e-26
1.96986e-26
1.79584e-26
1.63676e-26
1.49138e-26
1.35855e-26
1.23723e-26
1.12645e-26
1.02533e-26
9.33047e-27
8.48858e-27
7.72072e-27
7.02058e-27
6.38238e-27
5.80079e-27
5.27093e-27
4.78835e-27
4.34894e-27
3.94894e-27
3.58492e-27
3.25374e-27
2.9525e-27
2.67857e-27
2.42954e-27
2.2032e-27
1.99754e-27
1.81071e-27
1.64104e-27
1.48699e-27
1.34715e-27
1.22025e-27
1.10513e-27
1.00072e-27
9.06049e-28
8.20224e-28
7.4244e-28
6.71965e-28
6.08132e-28
5.50333e-28
4.9801e-28
4.50658e-28
4.07817e-28
3.69066e-28
3.34026e-28
3.02359e-28
2.73753e-28
2.47925e-28
2.24616e-28
2.03589e-28
1.84631e-28
1.67548e-28
1.52163e-28
1.38318e-28
1.25866e-28
1.14678e-28
1.04634e-28
9.5628e-29
8.75617e-29
8.03474e-29
7.39056e-29
6.81644e-29
6.3059e-29
5.85306e-29
5.45264e-29
5.09985e-29
4.7904e-29
4.52041e-29
4.28638e-29
4.08518e-29
3.91398e-29
3.77025e-29
3.65172e-29
3.55636e-29
3.48234e-29
3.42804e-29
3.39201e-29
3.37298e-29
3.3698e-29
3.38147e-29
3.40709e-29
3.4459e-29
3.49723e-29
3.56048e-29
3.63515e-29
3.72084e-29
3.81717e-29
3.92386e-29
4.04069e-29
4.16746e-29
4.30406e-29
4.45041e-29
4.60646e-29
4.77223e-29
4.94775e-29
5.13309e-29
5.32836e-29
5.53372e-29
5.74931e-29
5.97535e-29
6.21206e-29
6.4597e-29
6.71853e-29
6.98887e-29
7.27104e-29
7.5654e-29
7.87233e-29
8.19222e-29
