5
2e+16
2e+18
50
4.99976
13262.1
7.19369e-20
7.1912e-20
7.18288e-20
7.17312e-20
7.16209e-20
7.14985e-20
7.13641e-20
7.12179e-20
7.10601e-20
7.08906e-20
7.07096e-20
7.05172e-20
7.03134e-20
7.00984e-20
6.98726e-20
6.9636e-20
6.93887e-20
6.91308e-20
6.88624e-20
6.85835e-20
6.82942e-20
6.79947e-20
6.7685e-20
6.73654e-20
6.70361e-20
6.66972e-20
6.6349e-20
6.59915e-20
6.56248e-20
6.52491e-20
6.48646e-20
6.44716e-20
6.40702e-20
6.36605e-20
6.32428e-20
6.28173e-20
6.2384e-20
6.19432e-20
6.14953e-20
6.10402e-20
6.05783e-20
6.01097e-20
5.96346e-20
5.91533e-20
5.8666e-20
5.81728e-20
5.7674e-20
5.71699e-20
5.66605e-20
5.61462e-20
5.56272e-20
5.51036e-20
5.45757e-20
5.40436e-20
5.35077e-20
5.29682e-20
5.24251e-20
5.18789e-20
5.13296e-20
5.07775e-20
5.02229e-20
4.96659e-20
4.91067e-20
4.85455e-20
4.79827e-20
4.74183e-20
4.68525e-20
4.62857e-20
4.57179e-20
4.51493e-20
4.45803e-20
4.40109e-20
4.34413e-20
4.28718e-20
4.23025e-20
4.17336e-20
4.11653e-20
4.05978e-20
4.00312e-20
3.94658e-20
3.89016e-20
3.8339e-20
3.77779e-20
3.72186e-20
3.66613e-20
3.61061e-20
3.55531e-20
3.50025e-20
3.44545e-20
3.39091e-20
3.33666e-20
3.28271e-20
3.22906e-20
3.17573e-20
3.12274e-20
3.07009e-20
3.01779e-20
2.96587e-20
2.91432e-20
2.86316e-20
2.8124e-20
2.76204e-20
2.71211e-20
2.6626e-20
2.61352e-20
2.56488e-20
2.5167e-20
2.46897e-20
2.42171e-20
2.37492e-20
2.3286e-20
2.28277e-20
2.23742e-20
2.19257e-20
2.14822e-20
2.10436e-20
2.06102e-20
2.01818e-20
1.97586e-20
1.93406e-20
1.89277e-20
1.85201e-20
1.81177e-20
1.77205e-20
1.73286e-20
1.6942e-20
1.65607e-20
1.61847e-20
1.5814e-20
1.54485e-20
1.50884e-20
1.47336e-20
1.4384e-20
1.40398e-20
1.37008e-20
1.3367e-20
1.30385e-20
1.27151e-20
1.2397e-20
1.2084e-20
1.17762e-20
1.14735e-20
1.11758e-20
1.08833e-20
1.05957e-20
1.03131e-20
1.00354e-20
9.76268e-21
9.4948e-21
9.23175e-21
8.97348e-21
8.71995e-21
8.47113e-21
8.22695e-21
7.98739e-21
7.75242e-21
7.52201e-21
7.29614e-21
7.07476e-21
6.85785e-21
6.64536e-21
6.43725e-21
6.23348e-21
6.03401e-21
5.8388e-21
5.64781e-21
5.46101e-21
5.27835e-21
5.09981e-21
4.92535e-21
4.75497e-21
4.58864e-21
4.42634e-21
4.26804e-21
4.11371e-21
3.9633e-21
3.81678e-21
3.6741e-21
3.53521e-21
3.40007e-21
3.26869e-21
3.14103e-21
3.01707e-21
2.89677e-21
2.78012e-21
2.66705e-21
2.55753e-21
2.4515e-21
2.34892e-21
2.24973e-21
2.15387e-21
2.06128e-21
1.97189e-21
1.88564e-21
1.80246e-21
1.72228e-21
1.64504e-21
1.57067e-21
1.49908e-21
1.43022e-21
1.36402e-21
1.30039e-21
1.23927e-21
1.18058e-21
1.12426e-21
1.07024e-21
1.01844e-21
9.68804e-22
9.2125e-22
8.75717e-22
8.32139e-22
7.90448e-22
7.5058e-22
7.12473e-22
6.76065e-22
6.41294e-22
6.08101e-22
5.76427e-22
5.46216e-22
5.17412e-22
4.89961e-22
4.63809e-22
4.38905e-22
4.152e-22
3.92645e-22
3.71192e-22
3.50796e-22
3.31411e-22
3.12996e-22
2.95509e-22
2.78908e-22
2.63155e-22
2.48213e-22
2.34045e-22
2.20616e-22
2.07893e-22
1.95842e-22
1.84432e-22
1.73633e-22
1.63416e-22
1.53754e-22
1.44619e-22
1.35986e-22
1.27829e-22
1.20126e-22
1.12854e-22
1.05991e-22
9.95155e-23
9.34088e-23
8.76515e-23
8.22252e-23
7.71129e-23
7.22978e-23
6.77643e-23
6.34973e-23
5.94824e-23
5.57058e-23
5.21547e-23
4.88166e-23
4.56798e-23
4.27331e-23
3.99657e-23
3.73676e-23
3.49291e-23
3.26412e-23
3.04953e-23
2.8483e-23
2.65967e-23
2.4829e-23
2.31729e-23
2.16218e-23
2.01695e-23
1.88101e-23
1.7538e-23
1.63479e-23
1.52349e-23
1.41943e-23
1.32215e-23
1.23126e-23
1.14634e-23
1.06703e-23
9.92981e-24
9.23857e-24
8.59349e-24
7.99165e-24
7.4303e-24
6.90684e-24
6.41885e-24
5.96403e-24
5.54024e-24
5.14546e-24
4.77779e-24
4.43546e-24
4.1168e-24
3.82023e-24
3.5443e-24
3.28764e-24
3.04894e-24
2.82701e-24
2.62072e-24
2.429e-24
2.25087e-24
2.0854e-24
1.93172e-24
1.78904e-24
1.65658e-24
1.53364e-24
1.41957e-24
1.31374e-24
1.21558e-24
1.12456e-24
1.04017e-24
9.61945e-25
8.89448e-25
8.22275e-25
7.60045e-25
7.02408e-25
6.49034e-25
5.99617e-25
5.53874e-25
5.11538e-25
4.72364e-25
4.36121e-25
4.02597e-25
3.71592e-25
3.42924e-25
3.1642e-25
2.91921e-25
2.69281e-25
2.4836e-25
2.29032e-25
2.11178e-25
1.9469e-25
1.79464e-25
1.65406e-25
1.52429e-25
1.40452e-25
1.294e-25
1.19202e-25
1.09794e-25
1.01115e-25
9.31116e-26
8.5731e-26
7.89261e-26
7.26529e-26
6.68706e-26
6.15416e-26
5.66309e-26
5.21063e-26
4.79381e-26
4.40985e-26
4.05623e-26
3.73058e-26
3.43073e-26
3.15468e-26
2.90055e-26
2.66664e-26
2.45137e-26
2.25326e-26
2.07098e-26
1.90328e-26
1.749e-26
1.6071e-26
1.47659e-26
1.35656e-26
1.2462e-26
1.14472e-26
1.05143e-26
9.65669e-27
8.86839e-27
8.14387e-27
7.47803e-27
6.86618e-27
6.30398e-27
5.78746e-27
5.31293e-27
4.87701e-27
4.4766e-27
4.10883e-27
3.77107e-27
3.46089e-27
3.17606e-27
2.91454e-27
2.67442e-27
2.45398e-27
2.25161e-27
2.06584e-27
1.89532e-27
1.73881e-27
1.59516e-27
1.46333e-27
1.34235e-27
1.23133e-27
1.12946e-27
1.03599e-27
9.50228e-28
8.71547e-28
7.99361e-28
7.33138e-28
6.72388e-28
6.16659e-28
5.6554e-28
5.1865e-28
4.75642e-28
4.36195e-28
4.00015e-28
3.66834e-28
3.36403e-28
3.08494e-28
2.829e-28
2.59429e-28
2.37904e-28
2.18165e-28
2.00064e-28
1.83466e-28
1.68245e-28
1.54288e-28
1.4149e-28
1.29755e-28
1.18995e-28
1.09128e-28
1.00081e-28
9.17851e-29
8.41781e-29
7.72029e-29
7.08069e-29
6.49421e-29
5.95643e-29
5.46331e-29
5.01114e-29
4.59651e-29
4.2163e-29
3.86766e-29
3.54796e-29
3.25478e-29
2.98592e-29
2.73936e-29
2.51325e-29
2.30588e-29
2.1157e-29
1.94128e-29
1.78132e-29
1.6346e-29
1.50004e-29
1.37662e-29
1.26342e-29
1.15959e-29
1.06436e-29
9.76994e-30
8.96854e-30
8.23337e-30
7.55896e-30
6.94026e-30
6.37266e-30
5.85193e-30
5.37419e-30
4.93589e-30
4.53377e-30
4.16483e-30
3.82634e-30
3.51578e-30
3.23086e-30
2.96946e-30
2.72962e-30
2.50957e-30
2.30768e-30
2.12246e-30
1.95255e-30
1.7967e-30
1.65372e-30
1.5226e-30
1.40244e-30
1.29242e-30
1.19174e-30
1.09966e-30
1.01553e-30
9.3873e-31
8.68745e-31
8.05083e-31
7.47261e-31
6.94841e-31
6.4742e-31
6.04638e-31
5.66164e-31
5.31701e-31
5.00982e-31
4.73765e-31
4.49837e-31
4.29005e-31
4.111e-31
3.95975e-31
3.835e-31
3.73567e-31
3.66082e-31
3.6097e-31
3.58174e-31
3.57651e-31
3.59372e-31
3.63326e-31
3.69514e-31
3.77955e-31
