10
1e+17
5e+18
49.9998
9.99993
18755.4
3.24942e-20
3.24432e-20
3.22922e-20
3.21309e-20
3.19641e-20
3.17932e-20
3.16184e-20
3.14402e-20
3.12585e-20
3.10736e-20
3.08855e-20
3.06942e-20
3.05005e-20
3.03042e-20
3.01052e-20
2.99037e-20
2.96995e-20
2.94927e-20
2.92833e-20
2.90713e-20
2.88568e-20
2.86401e-20
2.84213e-20
2.82004e-20
2.79773e-20
2.77521e-20
2.75251e-20
2.72963e-20
2.70658e-20
2.68334e-20
2.65994e-20
2.63638e-20
2.61268e-20
2.58883e-20
2.56484e-20
2.54073e-20
2.5165e-20
2.49215e-20
2.46769e-20
2.44314e-20
2.41849e-20
2.39375e-20
2.36894e-20
2.34406e-20
2.31911e-20
2.29411e-20
2.26907e-20
2.24397e-20
2.21885e-20
2.1937e-20
2.16852e-20
2.14333e-20
2.11813e-20
2.09292e-20
2.06771e-20
2.04252e-20
2.01734e-20
1.99219e-20
1.96706e-20
1.94197e-20
1.91692e-20
1.89192e-20
1.86696e-20
1.84208e-20
1.81725e-20
1.79249e-20
1.7678e-20
1.7432e-20
1.71867e-20
1.69424e-20
1.6699e-20
1.64566e-20
1.62152e-20
1.5975e-20
1.57358e-20
1.54979e-20
1.52611e-20
1.50256e-20
1.47914e-20
1.45586e-20
1.43271e-20
1.4097e-20
1.38684e-20
1.36412e-20
1.34155e-20
1.31913e-20
1.29688e-20
1.27479e-20
1.25285e-20
1.23109e-20
1.20949e-20
1.18806e-20
1.1668e-20
1.14572e-20
1.12482e-20
1.10409e-20
1.08355e-20
1.06319e-20
1.04301e-20
1.02302e-20
1.00321e-20
9.83592e-21
9.64163e-21
9.44923e-21
9.25873e-21
9.07018e-21
8.88353e-21
8.69883e-21
8.51604e-21
8.33519e-21
8.1563e-21
7.97938e-21
7.80445e-21
7.63154e-21
7.46063e-21
7.29174e-21
7.1249e-21
6.96009e-21
6.79734e-21
6.63668e-21
6.4781e-21
6.32167e-21
6.1674e-21
6.01532e-21
5.86546e-21
5.71781e-21
5.57241e-21
5.42926e-21
5.2884e-21
5.14989e-21
5.01376e-21
4.88001e-21
4.74867e-21
4.61976e-21
4.49329e-21
4.36925e-21
4.24766e-21
4.12852e-21
4.01182e-21
3.89755e-21
3.78571e-21
3.67629e-21
3.56926e-21
3.46462e-21
3.36234e-21
3.26242e-21
3.16481e-21
3.06949e-21
2.97646e-21
2.88567e-21
2.7971e-21
2.71072e-21
2.6265e-21
2.54442e-21
2.46443e-21
2.38651e-21
2.31063e-21
2.23675e-21
2.16484e-21
2.09487e-21
2.02679e-21
1.96059e-21
1.89622e-21
1.83364e-21
1.77282e-21
1.71373e-21
1.65633e-21
1.60059e-21
1.54647e-21
1.49393e-21
1.44295e-21
1.39348e-21
1.3455e-21
1.29897e-21
1.25385e-21
1.21011e-21
1.16772e-21
1.12665e-21
1.08686e-21
1.04831e-21
1.01099e-21
9.74855e-22
9.39878e-22
9.06031e-22
8.73279e-22
8.41594e-22
8.10946e-22
7.8131e-22
7.52658e-22
7.24962e-22
6.98192e-22
6.72323e-22
6.4733e-22
6.23187e-22
5.99871e-22
5.77356e-22
5.55618e-22
5.34633e-22
5.14378e-22
4.94833e-22
4.75975e-22
4.57784e-22
4.40236e-22
4.23313e-22
4.06994e-22
3.91261e-22
3.76095e-22
3.61479e-22
3.47395e-22
3.33823e-22
3.20748e-22
3.08152e-22
2.96021e-22
2.84339e-22
2.73092e-22
2.62264e-22
2.5184e-22
2.41807e-22
2.32152e-22
2.22861e-22
2.13922e-22
2.05323e-22
1.97052e-22
1.89098e-22
1.81449e-22
1.74094e-22
1.67022e-22
1.60224e-22
1.5369e-22
1.4741e-22
1.41376e-22
1.35578e-22
1.30007e-22
1.24655e-22
1.19514e-22
1.14576e-22
1.09834e-22
1.0528e-22
1.00908e-22
9.67109e-23
9.26813e-23
8.8813e-23
8.51e-23
8.15365e-23
7.81169e-23
7.48356e-23
7.16875e-23
6.86675e-23
6.57706e-23
6.29916e-23
6.03262e-23
5.77697e-23
5.53182e-23
5.29674e-23
5.07134e-23
4.85526e-23
4.64811e-23
4.44956e-23
4.25926e-23
4.07686e-23
3.90204e-23
3.73451e-23
3.57397e-23
3.42015e-23
3.27278e-23
3.1316e-23
2.99636e-23
2.86683e-23
2.74276e-23
2.62393e-23
2.51012e-23
2.40112e-23
2.29675e-23
2.19681e-23
2.10112e-23
2.0095e-23
1.9218e-23
1.83785e-23
1.75749e-23
1.68058e-23
1.60697e-23
1.53651e-23
1.46907e-23
1.40454e-23
1.34278e-23
1.28369e-23
1.22715e-23
1.17306e-23
1.12131e-23
1.07181e-23
1.02445e-23
9.7916e-24
9.35834e-24
8.9439e-24
8.54751e-24
8.16839e-24
7.80581e-24
7.45907e-24
7.1275e-24
6.81046e-24
6.50731e-24
6.21748e-24
5.94038e-24
5.67548e-24
5.42222e-24
5.18009e-24
4.94861e-24
4.72732e-24
4.5158e-24
4.31361e-24
4.12036e-24
3.93566e-24
3.75914e-24
3.59044e-24
3.42923e-24
3.27518e-24
3.12798e-24
2.98733e-24
2.85292e-24
2.72449e-24
2.60177e-24
2.48452e-24
2.37249e-24
2.26545e-24
2.1632e-24
2.06551e-24
1.97219e-24
1.88304e-24
1.79789e-24
1.71656e-24
1.63887e-24
1.56468e-24
1.49382e-24
1.42613e-24
1.36148e-24
1.29974e-24
1.24076e-24
1.18444e-24
1.13065e-24
1.07929e-24
1.03024e-24
9.83395e-25
9.38668e-25
8.95961e-25
8.55183e-25
8.16249e-25
7.79076e-25
7.43587e-25
7.09705e-25
6.77355e-25
6.46468e-25
6.16977e-25
5.88822e-25
5.61942e-25
5.3628e-25
5.11782e-25
4.88396e-25
4.66071e-25
4.4476e-25
4.24418e-25
4.05002e-25
3.86468e-25
3.68779e-25
3.51896e-25
3.35782e-25
3.20404e-25
3.05725e-25
2.91714e-25
2.7834e-25
2.65577e-25
2.53394e-25
2.41768e-25
2.30671e-25
2.20081e-25
2.09975e-25
2.0033e-25
1.91126e-25
1.82343e-25
1.73962e-25
1.65965e-25
1.58333e-25
1.51052e-25
1.44104e-25
1.37475e-25
1.31149e-25
1.25114e-25
1.19354e-25
1.13859e-25
1.08615e-25
1.03611e-25
9.8837e-26
9.42817e-26
8.99354e-26
8.57886e-26
8.18322e-26
7.80575e-26
7.44563e-26
7.10207e-26
6.7743e-26
6.46162e-26
6.16333e-26
5.87877e-26
5.60732e-26
5.34839e-26
5.10139e-26
4.86579e-26
4.64105e-26
4.42667e-26
4.22215e-26
4.02705e-26
3.84094e-26
3.6634e-26
3.49405e-26
3.33251e-26
3.17843e-26
3.03145e-26
2.89127e-26
2.75756e-26
2.63003e-26
2.50839e-26
2.39239e-26
2.28175e-26
2.17623e-26
2.07561e-26
1.97964e-26
1.88813e-26
1.80087e-26
1.71766e-26
1.63831e-26
1.56265e-26
1.4905e-26
1.42171e-26
1.3561e-26
1.29354e-26
1.2339e-26
1.17703e-26
1.12281e-26
1.07111e-26
1.02183e-26
9.74855e-27
9.30075e-27
8.87392e-27
8.46711e-27
8.07941e-27
7.70994e-27
7.35788e-27
7.02244e-27
6.70286e-27
6.39844e-27
6.10848e-27
5.83234e-27
5.56938e-27
5.31903e-27
5.08072e-27
4.85391e-27
4.63809e-27
4.43277e-27
4.23746e-27
4.05172e-27
3.87513e-27
3.70729e-27
3.54783e-27
3.39639e-27
3.25262e-27
3.1162e-27
2.98683e-27
2.86422e-27
2.74808e-27
2.63816e-27
2.53422e-27
2.436e-27
2.34331e-27
2.25592e-27
2.17364e-27
2.09628e-27
2.02367e-27
1.95565e-27
1.89207e-27
1.83277e-27
1.77763e-27
1.72653e-27
1.67934e-27
1.63597e-27
1.59631e-27
1.56028e-27
1.52778e-27
1.49882e-27
1.47339e-27
1.45149e-27
1.43305e-27
1.41809e-27
1.40656e-27
1.39843e-27
1.39366e-27
1.39221e-27
1.39407e-27
1.39923e-27
1.40769e-27
1.41943e-27
1.43449e-27
1.45287e-27
