20
1e+17
1e+17
50
19.9996
26524.1
1.12412e-20
1.12358e-20
1.12181e-20
1.11975e-20
1.11745e-20
1.11491e-20
1.11215e-20
1.10917e-20
1.10597e-20
1.10255e-20
1.09892e-20
1.09508e-20
1.09102e-20
1.08676e-20
1.08229e-20
1.07761e-20
1.07274e-20
1.06767e-20
1.0624e-20
1.05694e-20
1.05129e-20
1.04546e-20
1.03945e-20
1.03325e-20
1.02689e-20
1.02035e-20
1.01364e-20
1.00678e-20
9.99749e-21
9.92568e-21
9.85235e-21
9.77756e-21
9.70135e-21
9.62376e-21
9.54483e-21
9.4646e-21
9.38313e-21
9.30044e-21
9.21659e-21
9.13162e-21
9.04558e-21
8.95851e-21
8.87045e-21
8.78146e-21
8.69158e-21
8.60085e-21
8.50933e-21
8.41706e-21
8.32407e-21
8.23042e-21
8.13616e-21
8.04132e-21
7.94596e-21
7.85011e-21
7.75383e-21
7.65716e-21
7.56014e-21
7.46281e-21
7.36523e-21
7.26743e-21
7.16946e-21
7.07136e-21
6.97316e-21
6.87491e-21
6.77666e-21
6.67843e-21
6.58027e-21
6.48221e-21
6.38431e-21
6.28658e-21
6.18906e-21
6.0918e-21
5.99483e-21
5.89818e-21
5.80188e-21
5.70596e-21
5.61046e-21
5.51541e-21
5.42084e-21
5.32678e-21
5.23326e-21
5.1403e-21
5.04794e-21
4.9562e-21
4.86511e-21
4.77469e-21
4.68497e-21
4.59598e-21
4.50775e-21
4.42028e-21
4.33361e-21
4.24777e-21
4.16277e-21
4.07863e-21
3.99539e-21
3.91305e-21
3.83164e-21
3.75116e-21
3.67165e-21
3.59311e-21
3.51554e-21
3.43898e-21
3.36342e-21
3.28887e-21
3.21535e-21
3.14287e-21
3.07142e-21
3.00103e-21
2.93168e-21
2.86339e-21
2.79616e-21
2.73e-21
2.6649e-21
2.60086e-21
2.53789e-21
2.47598e-21
2.41513e-21
2.35535e-21
2.29663e-21
2.23897e-21
2.18235e-21
2.12679e-21
2.07226e-21
2.01878e-21
1.96632e-21
1.91489e-21
1.86448e-21
1.81508e-21
1.76667e-21
1.71926e-21
1.67284e-21
1.62739e-21
1.5829e-21
1.53938e-21
1.49679e-21
1.45514e-21
1.41442e-21
1.37461e-21
1.3357e-21
1.29768e-21
1.26053e-21
1.22426e-21
1.18883e-21
1.15425e-21
1.1205e-21
1.08756e-21
1.05543e-21
1.02409e-21
9.9353e-22
9.63732e-22
9.34687e-22
9.06381e-22
8.78802e-22
8.51937e-22
8.25772e-22
8.00293e-22
7.75487e-22
7.51343e-22
7.27848e-22
7.04988e-22
6.82751e-22
6.61123e-22
6.40091e-22
6.19644e-22
5.99768e-22
5.80452e-22
5.61684e-22
5.43451e-22
5.25742e-22
5.08544e-22
4.91846e-22
4.75635e-22
4.59901e-22
4.44631e-22
4.29815e-22
4.15443e-22
4.01503e-22
3.87984e-22
3.74877e-22
3.62169e-22
3.49851e-22
3.37914e-22
3.26346e-22
3.15139e-22
3.04282e-22
2.93768e-22
2.83586e-22
2.73728e-22
2.64184e-22
2.54946e-22
2.46005e-22
2.37352e-22
2.28981e-22
2.20882e-22
2.13049e-22
2.05474e-22
1.98148e-22
1.91066e-22
1.8422e-22
1.77602e-22
1.71205e-22
1.65024e-22
1.59051e-22
1.53281e-22
1.47707e-22
1.42323e-22
1.37124e-22
1.32104e-22
1.27257e-22
1.22578e-22
1.18061e-22
1.13701e-22
1.09494e-22
1.05434e-22
1.01516e-22
9.77368e-23
9.40909e-23
9.05742e-23
8.71826e-23
8.3912e-23
8.07583e-23
7.77178e-23
7.47867e-23
7.19613e-23
6.92381e-23
6.66134e-23
6.4084e-23
6.16465e-23
5.92979e-23
5.70352e-23
5.48554e-23
5.27556e-23
5.07332e-23
4.87855e-23
4.69098e-23
4.51036e-23
4.33646e-23
4.16903e-23
4.00786e-23
3.85271e-23
3.70337e-23
3.55962e-23
3.42126e-23
3.28812e-23
3.15999e-23
3.03669e-23
2.91807e-23
2.80394e-23
2.69414e-23
2.58853e-23
2.48693e-23
2.38922e-23
2.29524e-23
2.20487e-23
2.11796e-23
2.03439e-23
1.95404e-23
1.87678e-23
1.8025e-23
1.73108e-23
1.66242e-23
1.59641e-23
1.53297e-23
1.47198e-23
1.41337e-23
1.35704e-23
1.3029e-23
1.25087e-23
1.20088e-23
1.15284e-23
1.10668e-23
1.06234e-23
1.01973e-23
9.78804e-24
9.39485e-24
9.01716e-24
8.65434e-24
8.30581e-24
7.97102e-24
7.64945e-24
7.3406e-24
7.04396e-24
6.75908e-24
6.48549e-24
6.22276e-24
5.97047e-24
5.72822e-24
5.49562e-24
5.27228e-24
5.05786e-24
4.852e-24
4.65436e-24
4.46464e-24
4.28251e-24
4.10769e-24
3.93988e-24
3.77881e-24
3.62422e-24
3.47583e-24
3.3334e-24
3.1967e-24
3.06549e-24
2.93957e-24
2.81873e-24
2.70276e-24
2.59147e-24
2.48468e-24
2.3822e-24
2.28388e-24
2.18954e-24
2.09902e-24
2.01217e-24
1.92886e-24
1.84892e-24
1.77224e-24
1.69869e-24
1.62813e-24
1.56044e-24
1.49552e-24
1.43325e-24
1.37353e-24
1.31625e-24
1.26132e-24
1.20863e-24
1.15811e-24
1.10965e-24
1.06318e-24
1.01861e-24
9.75873e-25
9.34891e-25
8.95594e-25
8.57915e-25
8.21787e-25
7.87148e-25
7.53938e-25
7.221e-25
6.91577e-25
6.62317e-25
6.34267e-25
6.0738e-25
5.81608e-25
5.56906e-25
5.3323e-25
5.10538e-25
4.88791e-25
4.6795e-25
4.47978e-25
4.28839e-25
4.105e-25
3.92928e-25
3.76091e-25
3.5996e-25
3.44505e-25
3.29699e-25
3.15514e-25
3.01924e-25
2.88904e-25
2.76432e-25
2.64485e-25
2.53041e-25
2.4208e-25
2.31581e-25
2.21526e-25
2.11896e-25
2.02674e-25
1.93843e-25
1.85387e-25
1.7729e-25
1.69537e-25
1.62114e-25
1.55008e-25
1.48205e-25
1.41692e-25
1.35458e-25
1.29491e-25
1.2378e-25
1.18314e-25
1.13082e-25
1.08076e-25
1.03286e-25
9.87016e-26
9.43155e-26
9.0119e-26
8.61042e-26
8.22634e-26
7.85893e-26
7.50748e-26
7.17133e-26
6.84982e-26
6.54233e-26
6.24825e-26
5.96701e-26
5.69805e-26
5.44086e-26
5.19495e-26
4.95982e-26
4.73502e-26
4.52012e-26
4.31468e-26
4.11831e-26
3.93062e-26
3.75123e-26
3.57979e-26
3.41596e-26
3.25941e-26
3.10983e-26
2.96691e-26
2.83038e-26
2.69995e-26
2.57536e-26
2.45636e-26
2.34271e-26
2.23417e-26
2.13052e-26
2.03155e-26
1.93706e-26
1.84685e-26
1.76073e-26
1.67852e-26
1.60006e-26
1.52518e-26
1.45371e-26
1.38552e-26
1.32046e-26
1.25839e-26
1.19918e-26
1.1427e-26
1.08883e-26
1.03746e-26
9.8847e-27
9.41764e-27
8.97237e-27
8.54793e-27
8.14339e-27
7.75787e-27
7.39048e-27
7.04043e-27
6.70694e-27
6.38927e-27
6.08673e-27
5.79863e-27
5.52434e-27
5.26325e-27
5.01476e-27
4.77832e-27
4.55339e-27
4.33946e-27
4.13605e-27
3.94268e-27
3.75892e-27
3.58434e-27
3.41854e-27
3.26113e-27
3.11175e-27
2.97005e-27
2.83568e-27
2.70835e-27
2.58774e-27
2.47357e-27
2.36557e-27
2.26347e-27
2.16703e-27
2.07601e-27
1.9902e-27
1.90939e-27
1.83336e-27
1.76194e-27
1.69495e-27
1.63222e-27
1.57359e-27
1.51891e-27
1.46803e-27
1.42084e-27
1.37719e-27
1.33699e-27
1.30011e-27
1.26646e-27
1.23594e-27
1.20847e-27
1.18397e-27
1.16236e-27
1.14358e-27
1.12757e-27
1.11427e-27
1.10363e-27
1.09562e-27
1.09019e-27
1.08731e-27
1.08697e-27
1.08913e-27
1.09378e-27
1.1009e-27
1.1105e-27
1.12258e-27
1.13719e-27
1.15435e-27
1.17412e-27
1.1965e-27
1.22151e-27
1.24918e-27
1.27953e-27
