101
0.600000	0.610000	0.620000	0.630000	0.640000	0.650000	0.660000	0.670000	0.680000	0.690000	0.700000	0.710000	0.720000	0.730000	0.740000	0.750000	0.760000	0.770000	0.780000	0.790000	0.800000	0.810000	0.820000	0.830000	0.840000	0.850000	0.860000	0.870000	0.880000	0.890000	0.900000	0.910000	0.920000	0.930000	0.940000	0.950000	0.960000	0.970000	0.980000	0.990000	1.000000	1.010000	1.020000	1.030000	1.040000	1.050000	1.060000	1.070000	1.080000	1.090000	1.100000	1.110000	1.120000	1.130000	1.140000	1.150000	1.160000	1.170000	1.180000	1.190000	1.200000	1.210000	1.220000	1.230000	1.240000	1.250000	1.260000	1.270000	1.280000	1.290000	1.300000	1.310000	1.320000	1.330000	1.340000	1.350000	1.360000	1.370000	1.380000	1.390000	1.400000	1.410000	1.420000	1.430000	1.440000	1.450000	1.460000	1.470000	1.480000	1.490000	1.500000	1.510000	1.520000	1.530000	1.540000	1.550000	1.560000	1.570000	1.580000	1.590000	1.600000	
0.000000	0.001734	0.008675	0.023315	0.047946	0.084630	0.135158	0.201031	0.283440	0.383249	0.500995	0.636886	0.790808	0.962335	1.150747	1.355050	1.574001	1.806135	2.049793	2.303156	2.564274	2.831102	3.101530	3.373417	3.644618	3.913020	4.176562	4.433264	4.681250	4.918767	5.144202	5.356096	5.553158	5.734272	5.898501	6.045095	6.173486	6.283290	6.374304	6.446496	6.500000	6.535106	6.552250	6.552001	6.535050	6.502196	6.454331	6.392428	6.317527	6.230721	6.133140	6.025943	5.910300	5.787384	5.658360	5.524372	5.386535	5.245928	5.103585	4.960488	4.817565	4.675680	4.535635	4.398161	4.263924	4.133517	4.007462	3.886213	3.770152	3.659595	3.554792	3.455931	3.363139	3.276485	3.195987	3.121614	3.053286	2.990885	2.934253	2.883201	2.837509	2.796931	2.761201	2.730034	2.703133	2.680188	2.660883	2.644896	2.631906	2.621590	2.613632	2.607718	2.603545	2.600818	2.599252	2.598575	2.598529	2.598870	2.599369	2.599811	2.600000	
0.000000E+000	8.796189E+012	4.073932E+013	1.040762E+014	2.068749E+014	3.569450E+014	5.617592E+014	8.283786E+014	1.163381E+015	1.572795E+015	2.062035E+015	2.635845E+015	3.298252E+015	4.052513E+015	4.901085E+015	5.845588E+015	6.886786E+015	8.024569E+015	9.257945E+015	1.058504E+016	1.200311E+016	1.350855E+016	1.509691E+016	1.676295E+016	1.850066E+016	2.030330E+016	2.216346E+016	2.407313E+016	2.602373E+016	2.800621E+016	3.001110E+016	3.202861E+016	3.404867E+016	3.606105E+016	3.805544E+016	4.002150E+016	4.194898E+016	4.382780E+016	4.564811E+016	4.740037E+016	4.907549E+016	5.066480E+016	5.216023E+016	5.355429E+016	5.484016E+016	5.601179E+016	5.706386E+016	5.799190E+016	5.879228E+016	5.946226E+016	6.000000E+016	6.040458E+016	6.067599E+016	6.081514E+016	6.082386E+016	6.070482E+016	6.046160E+016	6.009858E+016	5.962093E+016	5.903454E+016	5.834600E+016	5.756251E+016	5.669184E+016	5.574224E+016	5.472236E+016	5.364122E+016	5.250805E+016	5.133229E+016	5.012347E+016	4.889111E+016	4.764466E+016	4.639342E+016	4.514645E+016	4.391249E+016	4.269988E+016	4.151650E+016	4.036972E+016	3.926629E+016	3.821231E+016	3.721320E+016	3.627362E+016	3.539746E+016	3.458778E+016	3.384683E+016	3.317599E+016	3.257578E+016	3.204590E+016	3.158515E+016	3.119155E+016	3.086227E+016	3.059373E+016	3.038161E+016	3.022088E+016	3.010588E+016	3.003038E+016	2.998760E+016	2.997032E+016	2.997094E+016	2.998154E+016	2.999399E+016	3.000000E+016	
0.000000E+000
0.000000E+000
0.000000E+000
1.215411E-295
5.499980E-144
1.369137E-081
5.602661E-051
4.378989E-034
6.171376E-024
1.974195E-017
4.829756E-013
5.899410E-010
1.044628E-007
5.072790E-006
1.005723E-004
1.053165E-003
6.917815E-003
3.207142E-002
1.140074E-001
3.297931E-001
8.108344E-001
1.750069E+000
3.398006E+000
6.047426E+000
1.000939E+001
1.558462E+001
2.303455E+001
3.255564E+001
4.425931E+001
5.815896E+001
7.416444E+001
9.208336E+001
1.116286E+002
1.324309E+002
1.540548E+002
1.760174E+002
1.978082E+002
2.189094E+002
2.388152E+002
2.570504E+002
2.731862E+002
2.868543E+002
2.977579E+002
3.056795E+002
3.104860E+002
3.121304E+002
3.106500E+002
3.061626E+002
2.988593E+002
2.889951E+002
2.768780E+002
2.628563E+002
2.473050E+002
2.306125E+002
2.131667E+002
1.953429E+002
1.774921E+002
1.599317E+002
1.429382E+002
1.267421E+002
1.115250E+002
9.741927E+001
8.451011E+001
7.283871E+001
6.240746E+001
5.318593E+001
4.511742E+001
3.812561E+001
3.212092E+001
2.700636E+001
2.268246E+001
1.905135E+001
1.601985E+001
1.350162E+001
1.141851E+001
9.701149E+000
8.289031E+000
7.130160E+000
6.180432E+000
5.402845E+000
4.766650E+000
4.246487E+000
3.821573E+000
3.474951E+000
3.192831E+000
2.964012E+000
2.779395E+000
2.631569E+000
2.514465E+000
2.423081E+000
2.353240E+000
2.301408E+000
2.264538E+000
2.239945E+000
2.225214E+000
2.218120E+000
2.216578E+000
2.218599E+000
2.222276E+000
2.225768E+000
2.227311E+000
