101
0.600000	0.610000	0.620000	0.630000	0.640000	0.650000	0.660000	0.670000	0.680000	0.690000	0.700000	0.710000	0.720000	0.730000	0.740000	0.750000	0.760000	0.770000	0.780000	0.790000	0.800000	0.810000	0.820000	0.830000	0.840000	0.850000	0.860000	0.870000	0.880000	0.890000	0.900000	0.910000	0.920000	0.930000	0.940000	0.950000	0.960000	0.970000	0.980000	0.990000	1.000000	1.010000	1.020000	1.030000	1.040000	1.050000	1.060000	1.070000	1.080000	1.090000	1.100000	1.110000	1.120000	1.130000	1.140000	1.150000	1.160000	1.170000	1.180000	1.190000	1.200000	1.210000	1.220000	1.230000	1.240000	1.250000	1.260000	1.270000	1.280000	1.290000	1.300000	1.310000	1.320000	1.330000	1.340000	1.350000	1.360000	1.370000	1.380000	1.390000	1.400000	1.410000	1.420000	1.430000	1.440000	1.450000	1.460000	1.470000	1.480000	1.490000	1.500000	1.510000	1.520000	1.530000	1.540000	1.550000	1.560000	1.570000	1.580000	1.590000	1.600000	
0.000000	0.002667	0.013346	0.035869	0.073763	0.130199	0.207935	0.309279	0.436061	0.589613	0.770762	0.979825	1.216628	1.480516	1.770380	2.084693	2.421541	2.778670	3.153528	3.543317	3.945037	4.355542	4.771585	5.189872	5.607105	6.020031	6.425480	6.820406	7.201923	7.567334	7.914156	8.240148	8.543321	8.821957	9.074618	9.300146	9.497670	9.666601	9.806622	9.917686	10.000000	10.054009	10.080385	10.080002	10.053924	10.003378	9.929740	9.834505	9.719273	9.585724	9.435600	9.270681	9.092769	8.903668	8.705169	8.499034	8.286977	8.070658	7.851669	7.631520	7.411638	7.193354	6.977900	6.766402	6.559884	6.359257	6.165327	5.978789	5.800233	5.630146	5.468911	5.316817	5.174059	5.040746	4.916904	4.802483	4.697363	4.601361	4.514236	4.435694	4.365398	4.302970	4.248001	4.200053	4.158666	4.123367	4.093666	4.069071	4.049086	4.033216	4.020972	4.011874	4.005454	4.001258	3.998849	3.997807	3.997737	3.998262	3.999029	3.999710	4.000000	
0.000000E+000	7.330157E+012	3.394943E+013	8.673014E+013	1.723957E+014	2.974541E+014	4.681326E+014	6.903155E+014	9.694844E+014	1.310663E+015	1.718362E+015	2.196538E+015	2.748543E+015	3.377094E+015	4.084237E+015	4.871323E+015	5.738988E+015	6.687140E+015	7.714954E+015	8.820868E+015	1.000259E+016	1.125712E+016	1.258076E+016	1.396913E+016	1.541722E+016	1.691942E+016	1.846955E+016	2.006094E+016	2.168644E+016	2.333851E+016	2.500925E+016	2.669051E+016	2.837389E+016	3.005088E+016	3.171287E+016	3.335125E+016	3.495749E+016	3.652317E+016	3.804009E+016	3.950031E+016	4.089624E+016	4.222067E+016	4.346686E+016	4.462857E+016	4.570014E+016	4.667649E+016	4.755322E+016	4.832658E+016	4.899356E+016	4.955188E+016	5.000000E+016	5.033715E+016	5.056333E+016	5.067929E+016	5.068655E+016	5.058735E+016	5.038467E+016	5.008215E+016	4.968411E+016	4.919545E+016	4.862166E+016	4.796876E+016	4.724320E+016	4.645187E+016	4.560197E+016	4.470101E+016	4.375671E+016	4.277691E+016	4.176956E+016	4.074259E+016	3.970388E+016	3.866119E+016	3.762204E+016	3.659374E+016	3.558323E+016	3.459709E+016	3.364143E+016	3.272190E+016	3.184359E+016	3.101100E+016	3.022802E+016	2.949788E+016	2.882315E+016	2.820569E+016	2.764666E+016	2.714649E+016	2.670491E+016	2.632096E+016	2.599296E+016	2.571856E+016	2.549478E+016	2.531800E+016	2.518406E+016	2.508823E+016	2.502531E+016	2.498966E+016	2.497526E+016	2.497578E+016	2.498462E+016	2.499499E+016	2.500000E+016	
0.000000E+000
0.000000E+000
0.000000E+000
1.288220E-192
7.014144E-094
3.392502E-053
3.422403E-033
4.038355E-022
1.922366E-015
3.843977E-011
3.188977E-008
3.725901E-006
1.227950E-004
1.729692E-003
1.349853E-002
6.904264E-002
2.589623E-001
7.693795E-001
1.911560E+000
4.129566E+000
7.981622E+000
1.409939E+001
2.313410E+001
3.569943E+001
5.231908E+001
7.338450E+001
9.912538E+001
1.295933E+002
1.646573E+002
2.040104E+002
2.471830E+002
2.935638E+002
3.424236E+002
3.929421E+002
4.442356E+002
4.953848E+002
5.454619E+002
5.935559E+002
6.387964E+002
6.803750E+002
7.175641E+002
7.497323E+002
7.763585E+002
7.970408E+002
8.115035E+002
8.196010E+002
8.213174E+002
8.167638E+002
8.061721E+002
7.898860E+002
7.683492E+002
7.420914E+002
7.117118E+002
6.778620E+002
6.412271E+002
6.025067E+002
5.623962E+002
5.215694E+002
4.806615E+002
4.402556E+002
4.008704E+002
3.629520E+002
3.268681E+002
2.929054E+002
2.612709E+002
2.320948E+002
2.054369E+002
1.812945E+002
1.596114E+002
1.402881E+002
1.231919E+002
1.081666E+002
9.504153E+001
8.363945E+001
7.378313E+001
6.530060E+001
5.802901E+001
5.181735E+001
4.652796E+001
4.203723E+001
3.823559E+001
3.502695E+001
3.232775E+001
3.006589E+001
2.817945E+001
2.661545E+001
2.532861E+001
2.428016E+001
2.343680E+001
2.276974E+001
2.225382E+001
2.186677E+001
2.158861E+001
2.140107E+001
2.128717E+001
2.123089E+001
2.121690E+001
2.123041E+001
2.125705E+001
2.128286E+001
2.129437E+001
