101
0.600000	0.610000	0.620000	0.630000	0.640000	0.650000	0.660000	0.670000	0.680000	0.690000	0.700000	0.710000	0.720000	0.730000	0.740000	0.750000	0.760000	0.770000	0.780000	0.790000	0.800000	0.810000	0.820000	0.830000	0.840000	0.850000	0.860000	0.870000	0.880000	0.890000	0.900000	0.910000	0.920000	0.930000	0.940000	0.950000	0.960000	0.970000	0.980000	0.990000	1.000000	1.010000	1.020000	1.030000	1.040000	1.050000	1.060000	1.070000	1.080000	1.090000	1.100000	1.110000	1.120000	1.130000	1.140000	1.150000	1.160000	1.170000	1.180000	1.190000	1.200000	1.210000	1.220000	1.230000	1.240000	1.250000	1.260000	1.270000	1.280000	1.290000	1.300000	1.310000	1.320000	1.330000	1.340000	1.350000	1.360000	1.370000	1.380000	1.390000	1.400000	1.410000	1.420000	1.430000	1.440000	1.450000	1.460000	1.470000	1.480000	1.490000	1.500000	1.510000	1.520000	1.530000	1.540000	1.550000	1.560000	1.570000	1.580000	1.590000	1.600000	
0.000000	0.002000	0.010010	0.026901	0.055322	0.097649	0.155951	0.231959	0.327046	0.442210	0.578071	0.734869	0.912471	1.110387	1.327785	1.563519	1.816156	2.084002	2.365146	2.657488	2.958778	3.266656	3.578689	3.892404	4.205329	4.515023	4.819110	5.115304	5.401442	5.675500	5.935617	6.180111	6.407490	6.616468	6.805963	6.975109	7.123253	7.249950	7.354966	7.438265	7.500000	7.540507	7.560288	7.560001	7.540443	7.502534	7.447305	7.375879	7.289455	7.189293	7.076700	6.953011	6.819577	6.677751	6.528877	6.374275	6.215232	6.052994	5.888751	5.723640	5.558729	5.395016	5.233425	5.074802	4.919913	4.769443	4.623995	4.484092	4.350175	4.222609	4.101683	3.987613	3.880545	3.780560	3.687678	3.601862	3.523022	3.451021	3.385677	3.326771	3.274048	3.227228	3.186001	3.150040	3.119000	3.092525	3.070250	3.051803	3.036814	3.024912	3.015729	3.008906	3.004091	3.000944	2.999136	2.998356	2.998303	2.998696	2.999272	2.999782	3.000000	
0.000000E+000	8.063173E+012	3.734438E+013	9.540315E+013	1.896353E+014	3.271996E+014	5.149459E+014	7.593471E+014	1.066433E+015	1.441729E+015	1.890198E+015	2.416192E+015	3.023398E+015	3.714804E+015	4.492661E+015	5.358455E+015	6.312887E+015	7.355855E+015	8.486450E+015	9.702955E+015	1.100285E+016	1.238284E+016	1.383883E+016	1.536604E+016	1.695894E+016	1.861136E+016	2.031651E+016	2.206704E+016	2.385509E+016	2.567236E+016	2.751018E+016	2.935956E+016	3.121128E+016	3.305596E+016	3.488415E+016	3.668638E+016	3.845324E+016	4.017549E+016	4.184410E+016	4.345034E+016	4.498586E+016	4.644274E+016	4.781354E+016	4.909143E+016	5.027015E+016	5.134414E+016	5.230854E+016	5.315924E+016	5.389292E+016	5.450707E+016	5.500000E+016	5.537086E+016	5.561966E+016	5.574722E+016	5.575520E+016	5.564609E+016	5.542314E+016	5.509037E+016	5.465252E+016	5.411499E+016	5.348383E+016	5.276563E+016	5.196752E+016	5.109705E+016	5.016217E+016	4.917111E+016	4.813238E+016	4.705460E+016	4.594651E+016	4.481685E+016	4.367427E+016	4.252731E+016	4.138425E+016	4.025311E+016	3.914155E+016	3.805680E+016	3.700558E+016	3.599409E+016	3.502795E+016	3.411210E+016	3.325082E+016	3.244767E+016	3.170547E+016	3.102626E+016	3.041132E+016	2.986113E+016	2.937540E+016	2.895306E+016	2.859225E+016	2.829041E+016	2.804425E+016	2.784981E+016	2.770247E+016	2.759706E+016	2.752785E+016	2.748863E+016	2.747279E+016	2.747336E+016	2.748308E+016	2.749449E+016	2.750000E+016	
0.000000E+000
0.000000E+000
0.000000E+000
2.090387E-256
6.545728E-125
8.727961E-071
3.247556E-044
1.537490E-029
1.030806E-020
4.767350E-015
3.211000E-011
1.602895E-008
1.494806E-006
4.527312E-005
6.289134E-004
5.010418E-003
2.657613E-002
1.039716E-001
3.224048E-001
8.344364E-001
1.872011E+000
3.744257E+000
6.820294E+000
1.150026E+001
1.817984E+001
2.721393E+001
3.888391E+001
5.337177E+001
7.074273E+001
9.093666E+001
1.137679E+002
1.389322E+002
1.660199E+002
1.945329E+002
2.239051E+002
2.535249E+002
2.827571E+002
3.109660E+002
3.375364E+002
3.618928E+002
3.835173E+002
4.019639E+002
4.168702E+002
4.279663E+002
4.350800E+002
4.381391E+002
4.371707E+002
4.322962E+002
4.237256E+002
4.117471E+002
3.967159E+002
3.790408E+002
3.591693E+002
3.375728E+002
3.147310E+002
2.911170E+002
2.671835E+002
2.433510E+002
2.199970E+002
1.974486E+002
1.759774E+002
1.557963E+002
1.370601E+002
1.198674E+002
1.042650E+002
9.025374E+001
7.779566E+001
6.682140E+001
5.723799E+001
4.893628E+001
4.179765E+001
3.569989E+001
3.052204E+001
2.614811E+001
2.246976E+001
1.938799E+001
1.681407E+001
1.466976E+001
1.288703E+001
1.140745E+001
1.018137E+001
9.166922E+000
8.329111E+000
7.638796E+000
7.071826E+000
6.608224E+000
6.231466E+000
5.927861E+000
5.686010E+000
5.496355E+000
5.350790E+000
5.242347E+000
5.164932E+000
5.113105E+000
5.081917E+000
5.066767E+000
5.063314E+000
5.067401E+000
5.075023E+000
5.082310E+000
5.085538E+000
