0	9.4571e+17	9.41505e+17	9.38994e+17	9.35445e+17	9.30239e+17	9.23537e+17	9.07174e+17	9.09679e+17	8.92601e+17	8.98919e+17	9.06988e+17	9.14898e+17	9.2375e+17	9.31887e+17	9.38384e+17	9.44045e+17	9.48333e+17	9.48187e+17	9.48515e+17	9.5269e+17	9.54663e+17	9.5818e+17	9.59865e+17	9.61979e+17	0	
0	0	0	0	0	0	0	0	0	0	0	0	0	0	0	0	0	0	0	0	0	0	0	0	0	0	

0	7.01937e+14	7.69712e+14	9.06405e+14	1.09343e+15	1.36576e+15	1.6868e+15	2.02187e+15	2.30626e+15	2.564e+15	2.67638e+15	2.63143e+15	2.47353e+15	2.25126e+15	2.01363e+15	1.75953e+15	1.47762e+15	1.21947e+15	1.02812e+15	8.31468e+14	6.73865e+14	5.45132e+14	4.83501e+14	4.52903e+14	4.34845e+14	0	
0	0	0	0	0	0	0	0	0	0	0	0	0	0	0	0	0	0	0	0	0	0	0	0	0	0	

0	3.91473e+11	4.71477e+11	6.16343e+11	9.60955e+11	1.44457e+12	1.97135e+12	2.76061e+12	3.55627e+12	4.48886e+12	4.59128e+12	4.53458e+12	3.91696e+12	3.19706e+12	2.61165e+12	2.088e+12	1.60449e+12	1.18139e+12	9.53092e+11	8.07264e+11	6.20256e+11	5.42538e+11	4.61888e+11	3.98566e+11	3.72779e+11	0	
0	0	0	0	0	0	0	0	0	0	0	0	0	0	0	0	0	0	0	0	0	0	0	0	0	0	

0	8.04362e+13	8.80995e+13	1.03827e+14	1.25627e+14	1.58009e+14	1.96609e+14	2.37469e+14	2.72802e+14	3.05515e+14	3.19334e+14	3.13264e+14	2.92892e+14	2.65018e+14	2.35753e+14	2.04931e+14	1.71048e+14	1.40506e+14	1.1814e+14	9.55855e+13	7.74395e+13	6.29506e+13	5.58784e+13	5.23662e+13	5.02119e+13	0	
0	0	0	0	0	0	0	0	0	0	0	0	0	0	0	0	0	0	0	0	0	0	0	0	0	0	

0	2.50715e+11	2.90466e+11	3.77288e+11	6.32936e+11	9.91302e+11	1.36703e+12	1.95922e+12	2.56424e+12	3.28826e+12	3.33332e+12	3.31164e+12	2.82923e+12	2.27653e+12	1.84637e+12	1.466e+12	1.12278e+12	8.10668e+11	6.4896e+11	5.58082e+11	4.21043e+11	3.70388e+11	3.14181e+11	2.68631e+11	2.55215e+11	0	
0	0	0	0	0	0	0	0	0	0	0	0	0	0	0	0	0	0	0	0	0	0	0	0	0	0	

0	4.04062e+10	4.90624e+10	6.50478e+10	1.03807e+11	1.5774e+11	2.15419e+11	3.00066e+11	3.84385e+11	4.81733e+11	4.92351e+11	4.8703e+11	4.22993e+11	3.47011e+11	2.85162e+11	2.28908e+11	1.76687e+11	1.29907e+11	1.04263e+11	8.72776e+10	6.64049e+10	5.7446e+10	4.87704e+10	4.21194e+10	3.96395e+10	0	
0	0	0	0	0	0	0	0	0	0	0	0	0	0	0	0	0	0	0	0	0	0	0	0	0	0	

0	1.20061e+11	1.4604e+11	1.91757e+11	3.00105e+11	4.52762e+11	6.20927e+11	8.7513e+11	1.13143e+12	1.43324e+12	1.46782e+12	1.44753e+12	1.24742e+12	1.01477e+12	8.24776e+11	6.55941e+11	5.00561e+11	3.66899e+11	2.95695e+11	2.51315e+11	1.93679e+11	1.70983e+11	1.45643e+11	1.25451e+11	1.17175e+11	0	
0	0	0	0	0	0	0	0	0	0	0	0	0	0	0	0	0	0	0	0	0	0	0	0	0	0	

0	1.97369e+10	2.30344e+10	2.97006e+10	4.87584e+10	7.58788e+10	1.05181e+11	1.51862e+11	1.99676e+11	2.57227e+11	2.61668e+11	2.59048e+11	2.20583e+11	1.76802e+11	1.42293e+11	1.12133e+11	8.49637e+10	6.11393e+10	4.90077e+10	4.24865e+10	3.24402e+10	2.90503e+10	2.4772e+10	2.12116e+10	2.00074e+10	0	
0	0	0	0	0	0	0	0	0	0	0	0	0	0	0	0	0	0	0	0	0	0	0	0	0	0	

0	7.87565e+09	9.33874e+09	1.20779e+10	1.93179e+10	2.96512e+10	4.10415e+10	5.90524e+10	7.75017e+10	9.97036e+10	1.01775e+11	1.00462e+11	8.56171e+10	6.87329e+10	5.52447e+10	4.34971e+10	3.28705e+10	2.37783e+10	1.9131e+10	1.65771e+10	1.27686e+10	1.14719e+10	9.79097e+09	8.39597e+09	7.86793e+09	0	
0	0	0	0	0	0	0	0	0	0	0	0	0	0	0	0	0	0	0	0	0	0	0	0	0	0	

0	2.16194e+09	2.50595e+09	3.25776e+09	5.50273e+09	8.65505e+09	1.19539e+10	1.71239e+10	2.2373e+10	2.86168e+10	2.90065e+10	2.88341e+10	2.46838e+10	1.98959e+10	1.61589e+10	1.28334e+10	9.82524e+09	7.0744e+09	5.64496e+09	4.83568e+09	3.6406e+09	3.20382e+09	2.72259e+09	2.33175e+09	2.21877e+09	0	
0	0	0	0	0	0	0	0	0	0	0	0	0	0	0	0	0	0	0	0	0	0	0	0	0	0	

0	4.01818e+09	4.46721e+09	5.70078e+09	1.01229e+10	1.6369e+10	2.27931e+10	3.33033e+10	4.41006e+10	5.71657e+10	5.7609e+10	5.7466e+10	4.87308e+10	3.88119e+10	3.12779e+10	2.46649e+10	1.87895e+10	1.33252e+10	1.05862e+10	9.22297e+09	6.88353e+09	6.12664e+09	5.20981e+09	4.43561e+09	4.26038e+09	0	
0	0	0	0	0	0	0	0	0	0	0	0	0	0	0	0	0	0	0	0	0	0	0	0	0	0	

0	3.90549e+10	4.70715e+10	6.3951e+10	1.08399e+11	1.68858e+11	2.29555e+11	3.13915e+11	3.95665e+11	4.86036e+11	4.93928e+11	4.92184e+11	4.3389e+11	3.61277e+11	3.03012e+11	2.47184e+11	1.94589e+11	1.43181e+11	1.13705e+11	9.25008e+10	6.82913e+10	5.67017e+10	4.77664e+10	4.14817e+10	3.98783e+10	0	
0	0	0	0	0	0	0	0	0	0	0	0	0	0	0	0	0	0	0	0	0	0	0	0	0	0	

0	2.57465e+10	3.11024e+10	4.1672e+10	6.8673e+10	1.05871e+11	1.44426e+11	1.99791e+11	2.54272e+11	3.1605e+11	3.22009e+11	3.19731e+11	2.79425e+11	2.3062e+11	1.91232e+11	1.5457e+11	1.20339e+11	8.83366e+10	7.0462e+10	5.82289e+10	4.36407e+10	3.71019e+10	3.14012e+10	2.71877e+10	2.58454e+10	0	
0	0	0	0	0	0	0	0	0	0	0	0	0	0	0	0	0	0	0	0	0	0	0	0	0	0	

0	1.35456e+10	1.51875e+10	1.92798e+10	3.34221e+10	5.35945e+10	7.47864e+10	1.09607e+11	1.45436e+11	1.88908e+11	1.90908e+11	1.89941e+11	1.60822e+11	1.27885e+11	1.02612e+11	8.05784e+10	6.09914e+10	4.32234e+10	3.43988e+10	3.01234e+10	2.26976e+10	2.0423e+10	1.74273e+10	1.48608e+10	1.41745e+10	0	
0	0	0	0	0	0	0	0	0	0	0	0	0	0	0	0	0	0	0	0	0	0	0	0	0	0	

0	4.60516e+09	5.01228e+09	6.25101e+09	1.11956e+10	1.8289e+10	2.56858e+10	3.82445e+10	5.12678e+10	6.72654e+10	6.77458e+10	6.75273e+10	5.67693e+10	4.47323e+10	3.56402e+10	2.78031e+10	2.09252e+10	1.46521e+10	1.16305e+10	1.03411e+10	7.76376e+09	7.06994e+09	6.04189e+09	5.13031e+09	4.91723e+09	0	
0	0	0	0	0	0	0	0	0	0	0	0	0	0	0	0	0	0	0	0	0	0	0	0	0	0	

0	4.45423e+10	5.25449e+10	6.78269e+10	1.09341e+11	1.684e+11	2.32772e+11	3.34912e+11	4.3933e+11	5.64852e+11	5.75249e+11	5.69222e+11	4.85365e+11	3.89819e+11	3.13938e+11	2.4757e+11	1.87554e+11	1.35361e+11	1.08709e+11	9.41634e+10	7.2235e+10	6.4749e+10	5.52578e+10	4.72949e+10	4.43925e+10	0	
0	0	0	0	0	0	0	0	0	0	0	0	0	0	0	0	0	0	0	0	0	0	0	0	0	0	

0	3.70851e+09	4.01031e+09	4.95147e+09	8.80212e+09	1.43521e+10	2.02054e+10	3.04565e+10	4.12536e+10	5.47682e+10	5.50936e+10	5.48877e+10	4.57411e+10	3.57032e+10	2.81828e+10	2.18299e+10	1.63104e+10	1.13761e+10	9.07125e+09	8.2185e+09	6.20779e+09	5.7334e+09	4.89819e+09	4.13186e+09	3.94361e+09	0	
0	0	0	0	0	0	0	0	0	0	0	0	0	0	0	0	0	0	0	0	0	0	0	0	0	0	

0	4.68006e+10	5.17975e+10	6.51521e+10	1.14523e+11	1.85213e+11	2.59464e+11	3.83816e+11	5.12264e+11	6.69264e+11	6.75546e+11	6.72384e+11	5.66983e+11	4.48476e+11	3.58103e+11	2.79917e+11	2.10908e+11	1.48489e+11	1.18074e+11	1.04351e+11	7.86228e+10	7.13446e+10	6.09508e+10	5.18939e+10	4.95654e+10	0	
0	0	0	0	0	0	0	0	0	0	0	0	0	0	0	0	0	0	0	0	0	0	0	0	0	0	

0	2.6107e+10	2.8497e+10	3.56211e+10	6.37286e+10	1.04029e+11	1.46022e+11	2.16817e+11	2.89973e+11	3.79446e+11	3.82342e+11	3.81085e+11	3.20999e+11	2.53475e+11	2.02326e+11	1.58051e+11	1.19098e+11	8.34847e+10	6.62219e+10	5.86501e+10	4.40099e+10	3.99726e+10	3.41681e+10	2.90575e+10	2.78608e+10	0	
0	0	0	0	0	0	0	0	0	0	0	0	0	0	0	0	0	0	0	0	0	0	0	0	0	0	

0	3.30618e+10	3.66198e+10	4.52611e+10	7.67604e+10	1.22541e+11	1.7257e+11	2.61327e+11	3.55545e+11	4.74741e+11	4.79506e+11	4.75704e+11	3.94726e+11	3.06818e+11	2.40118e+11	1.84672e+11	1.36551e+11	9.55171e+10	7.67762e+10	7.04457e+10	5.41222e+10	5.07185e+10	4.33916e+10	3.65835e+10	3.44715e+10	0	
0	0	0	0	0	0	0	0	0	0	0	0	0	0	0	0	0	0	0	0	0	0	0	0	0	0	

0	1.25364e+10	1.32063e+10	1.58061e+10	2.81844e+10	4.63396e+10	6.59148e+10	1.02451e+11	1.41808e+11	1.92479e+11	1.93293e+11	1.92353e+11	1.57731e+11	1.20765e+11	9.34283e+10	7.11051e+10	5.21184e+10	3.57544e+10	2.86658e+10	2.70777e+10	2.06796e+10	1.97347e+10	1.69014e+10	1.41225e+10	1.34e+10	0	
0	0	0	0	0	0	0	0	0	0	0	0	0	0	0	0	0	0	0	0	0	0	0	0	0	0	

0	2.80048e+08	2.97966e+08	3.55217e+08	6.03271e+08	9.69101e+08	1.38249e+09	2.20836e+09	3.13882e+09	4.39398e+09	4.40833e+09	4.3691e+09	3.50164e+09	2.61717e+09	1.97248e+09	1.47293e+09	1.05614e+09	7.23662e+08	5.92238e+08	5.89407e+08	4.59334e+08	4.52559e+08	3.85555e+08	3.18224e+08	2.95776e+08	0	
0	0	0	0	0	0	0	0	0	0	0	0	0	0	0	0	0	0	0	0	0	0	0	0	0	0	

0	1.79612e+09	1.99521e+09	2.45287e+09	4.06797e+09	6.42826e+09	9.08627e+09	1.40142e+10	1.93851e+10	2.63909e+10	2.66556e+10	2.63627e+10	2.15671e+10	1.65104e+10	1.27045e+10	9.64569e+09	7.02507e+09	4.90325e+09	3.98495e+09	3.77223e+09	2.9366e+09	2.81396e+09	2.40237e+09	2.01955e+09	1.87535e+09	0	
0	0	0	0	0	0	0	0	0	0	0	0	0	0	0	0	0	0	0	0	0	0	0	0	0	0	

0	1.95939e+09	2.03633e+09	2.41403e+09	4.36475e+09	7.24974e+09	1.03619e+10	1.62128e+10	2.25116e+10	3.06199e+10	3.0748e+10	3.05938e+10	2.50582e+10	1.91394e+10	1.47635e+10	1.11961e+10	8.17292e+09	5.56597e+09	4.45092e+09	4.23061e+09	3.23168e+09	3.10404e+09	2.66316e+09	2.23098e+09	2.11557e+09	0	
0	0	0	0	0	0	0	0	0	0	0	0	0	0	0	0	0	0	0	0	0	0	0	0	0	0	

0	4.8997e+09	5.17093e+09	6.18312e+09	1.0974e+10	1.80357e+10	2.57275e+10	4.01698e+10	5.57574e+10	7.58924e+10	7.63196e+10	7.58179e+10	6.20599e+10	4.73962e+10	3.65109e+10	2.76741e+10	2.0175e+10	1.38112e+10	1.10901e+10	1.0542e+10	8.08949e+09	7.77163e+09	6.65957e+09	5.58174e+09	5.27284e+09	0	
0	0	0	0	0	0	0	0	0	0	0	0	0	0	0	0	0	0	0	0	0	0	0	0	0	0	

0	1.84172e+08	1.98454e+08	2.39385e+08	4.07404e+08	6.54755e+08	9.31373e+08	1.46095e+09	2.04483e+09	2.81486e+09	2.83203e+09	2.80686e+09	2.27762e+09	1.72614e+09	1.31805e+09	9.93935e+08	7.19923e+08	4.96143e+08	4.02824e+08	3.89174e+08	3.01915e+08	2.92752e+08	2.49966e+08	2.07791e+08	1.94463e+08	0	
0	0	0	0	0	0	0	0	0	0	0	0	0	0	0	0	0	0	0	0	0	0	0	0	0	0	

0	1.95626e+10	2.11573e+10	2.58035e+10	4.51584e+10	7.33883e+10	1.03819e+11	1.58385e+11	2.16157e+11	2.891e+11	2.91332e+11	2.89617e+11	2.40059e+11	1.86127e+11	1.4555e+11	1.11737e+11	8.25452e+10	5.72168e+10	4.57667e+10	4.21669e+10	3.21932e+10	3.02521e+10	2.59252e+10	2.18572e+10	2.07163e+10	0	
0	0	0	0	0	0	0	0	0	0	0	0	0	0	0	0	0	0	0	0	0	0	0	0	0	0	

0	2.36085e+08	2.58989e+08	3.15275e+08	5.22468e+08	8.27349e+08	1.17555e+09	1.84584e+09	2.59294e+09	3.58911e+09	3.61922e+09	3.5758e+09	2.88983e+09	2.18263e+09	1.65791e+09	1.24611e+09	8.96987e+08	6.22409e+08	5.08865e+08	4.9517e+08	3.87302e+08	3.77261e+08	3.21469e+08	2.71163e+08	2.47978e+08	0	
0	0	0	0	0	0	0	0	0	0	0	0	0	0	0	0	0	0	0	0	0	0	0	0	0	0	

0	3.91998e+09	4.1618e+09	4.95954e+09	8.56178e+09	1.38759e+10	1.98047e+10	3.14008e+10	4.42275e+10	6.12433e+10	6.15406e+10	6.10206e+10	4.93106e+10	3.7154e+10	2.82133e+10	2.1164e+10	1.52441e+10	1.04342e+10	8.48009e+09	8.30429e+09	6.44352e+09	6.29691e+09	5.37949e+09	4.49285e+09	4.17843e+09	0	
0	0	0	0	0	0	0	0	0	0	0	0	0	0	0	0	0	0	0	0	0	0	0	0	0	0	

0	6.06032e+08	6.29968e+08	7.45512e+08	1.34359e+09	2.23052e+09	3.19162e+09	5.00575e+09	6.96137e+09	9.48295e+09	9.52697e+09	9.47384e+09	7.75144e+09	5.91262e+09	4.5519e+09	3.44563e+09	2.50901e+09	1.70674e+09	1.36586e+09	1.303e+09	9.97518e+08	9.61142e+08	8.2491e+08	6.92345e+08	6.54343e+08	0	
0	0	0	0	0	0	0	0	0	0	0	0	0	0	0	0	0	0	0	0	0	0	0	0	0	0	

0	2.38948e+09	2.52496e+09	3.02032e+09	5.36316e+09	8.81585e+09	1.25705e+10	1.9584e+10	2.71253e+10	3.68283e+10	3.70476e+10	3.68107e+10	3.01854e+10	2.30982e+10	1.78267e+10	1.35293e+10	9.87321e+09	6.76231e+09	5.42339e+09	5.1364e+09	3.93863e+09	3.7757e+09	3.23745e+09	2.72122e+09	2.56835e+09	0	
0	0	0	0	0	0	0	0	0	0	0	0	0	0	0	0	0	0	0	0	0	0	0	0	0	0	

0	3.46495e+08	3.72527e+08	4.47619e+08	7.60649e+08	1.22496e+09	1.74422e+09	2.73486e+09	3.82029e+09	5.24163e+09	5.28013e+09	5.23223e+09	4.2568e+09	3.23318e+09	2.47223e+09	1.86461e+09	1.34984e+09	9.28194e+08	7.51951e+08	7.25169e+08	5.63047e+08	5.4559e+08	4.66772e+08	3.92071e+08	3.63615e+08	0	
0	0	0	0	0	0	0	0	0	0	0	0	0	0	0	0	0	0	0	0	0	0	0	0	0	0	

0	8.99169e+09	9.69212e+09	1.18342e+10	2.09787e+10	3.4282e+10	4.84741e+10	7.35821e+10	9.99462e+10	1.32921e+11	1.33916e+11	1.33259e+11	1.10917e+11	8.63725e+10	6.7885e+10	5.231e+10	3.88073e+10	2.69086e+10	2.14424e+10	1.95671e+10	1.48607e+10	1.38675e+10	1.18914e+10	1.00652e+10	9.56983e+09	0	
0	0	0	0	0	0	0	0	0	0	0	0	0	0	0	0	0	0	0	0	0	0	0	0	0	0	

0	3.46371e+08	3.65047e+08	4.31706e+08	7.40577e+08	1.20005e+09	1.72093e+09	2.77008e+09	3.95031e+09	5.54101e+09	5.56827e+09	5.51073e+09	4.41196e+09	3.28891e+09	2.46897e+09	1.83485e+09	1.30535e+09	8.89957e+08	7.27737e+08	7.30383e+08	5.70332e+08	5.65109e+08	4.82061e+08	4.10257e+08	3.70474e+08	0	
0	0	0	0	0	0	0	0	0	0	0	0	0	0	0	0	0	0	0	0	0	0	0	0	0	0	

0	5.6794e+09	5.90274e+09	6.92932e+09	1.22771e+10	2.02149e+10	2.89736e+10	4.61982e+10	6.51506e+10	9.01634e+10	9.05065e+10	8.98679e+10	7.26656e+10	5.47115e+10	4.15525e+10	3.11299e+10	2.23955e+10	1.52019e+10	1.22934e+10	1.20755e+10	9.32928e+09	9.13597e+09	7.82251e+09	6.5798e+09	6.10697e+09	0	
0	0	0	0	0	0	0	0	0	0	0	0	0	0	0	0	0	0	0	0	0	0	0	0	0	0	

0	2.93494e+08	3.0613e+08	3.63085e+08	6.52048e+08	1.08047e+09	1.5453e+09	2.42007e+09	3.36235e+09	4.5762e+09	4.59963e+09	4.57256e+09	3.74367e+09	2.858e+09	2.20158e+09	1.6674e+09	1.21438e+09	8.27169e+08	6.62058e+08	6.30506e+08	4.82937e+08	4.64859e+08	3.98958e+08	3.35801e+08	3.16507e+08	0	
0	0	0	0	0	0	0	0	0	0	0	0	0	0	0	0	0	0	0	0	0	0	0	0	0	0	

0	7.9891e+08	8.47198e+08	1.0155e+09	1.79749e+09	2.9495e+09	4.20309e+09	6.53638e+09	9.04228e+09	1.22621e+10	1.23419e+10	1.22591e+10	1.00616e+10	7.70778e+09	5.95413e+09	4.52228e+09	3.30028e+09	2.26451e+09	1.81608e+09	1.71628e+09	1.31659e+09	1.26013e+09	1.08051e+09	9.14398e+08	8.57452e+08	0	
0	0	0	0	0	0	0	0	0	0	0	0	0	0	0	0	0	0	0	0	0	0	0	0	0	0	

0	2.14101e+08	2.26912e+08	2.70303e+08	4.68587e+08	7.63366e+08	1.09007e+09	1.71528e+09	2.39807e+09	3.28983e+09	3.31088e+09	3.28397e+09	2.67252e+09	2.02865e+09	1.55148e+09	1.16938e+09	8.46002e+08	5.7874e+08	4.67201e+08	4.51144e+08	3.49011e+08	3.38563e+08	2.9001e+08	2.45111e+08	2.26915e+08	0	
0	0	0	0	0	0	0	0	0	0	0	0	0	0	0	0	0	0	0	0	0	0	0	0	0	0	

0	1.18868e+09	1.28617e+09	1.55785e+09	2.68007e+09	4.32918e+09	6.14184e+09	9.4905e+09	1.30918e+10	1.77219e+10	1.78672e+10	1.77252e+10	1.45643e+10	1.1184e+10	8.65087e+09	6.58369e+09	4.8103e+09	3.32586e+09	2.6773e+09	2.52043e+09	1.94263e+09	1.8536e+09	1.58773e+09	1.34833e+09	1.25299e+09	0	
0	0	0	0	0	0	0	0	0	0	0	0	0	0	0	0	0	0	0	0	0	0	0	0	0	0	

0	4.29584e+08	4.44493e+08	5.18642e+08	9.11053e+08	1.49816e+09	2.15635e+09	3.48515e+09	4.97023e+09	6.96e+09	6.98901e+09	6.92537e+09	5.55268e+09	4.14053e+09	3.11121e+09	2.3107e+09	1.64201e+09	1.11166e+09	9.04382e+08	9.08808e+08	7.06994e+08	7.0125e+08	5.99538e+08	5.15456e+08	4.63243e+08	0	
0	0	0	0	0	0	0	0	0	0	0	0	0	0	0	0	0	0	0	0	0	0	0	0	0	0	

0	3.68093e+09	3.83337e+09	4.49686e+09	7.9206e+09	1.30155e+10	1.86809e+10	2.99162e+10	4.23365e+10	5.88136e+10	5.9091e+10	5.85933e+10	4.72517e+10	3.54667e+10	2.68299e+10	2.00335e+10	1.43263e+10	9.73238e+09	7.89107e+09	7.8107e+09	6.05721e+09	5.95705e+09	5.09844e+09	4.36915e+09	3.96656e+09	0	
0	0	0	0	0	0	0	0	0	0	0	0	0	0	0	0	0	0	0	0	0	0	0	0	0	0	

0	4.38309e+08	4.52337e+08	5.27565e+08	9.39162e+08	1.55539e+09	2.23882e+09	3.59361e+09	5.09011e+09	7.0718e+09	7.10659e+09	7.04589e+09	5.68314e+09	4.26458e+09	3.22582e+09	2.40705e+09	1.71676e+09	1.16358e+09	9.40687e+08	9.32297e+08	7.22166e+08	7.10931e+08	6.09013e+08	5.30991e+08	4.7479e+08	0	
0	0	0	0	0	0	0	0	0	0	0	0	0	0	0	0	0	0	0	0	0	0	0	0	0	0	

0	4.25738e+09	4.45909e+09	5.26319e+09	9.30707e+09	1.53168e+10	2.19505e+10	3.48003e+10	4.88411e+10	6.72407e+10	6.76509e+10	6.70854e+10	5.44642e+10	4.11905e+10	3.13944e+10	2.35769e+10	1.6945e+10	1.15582e+10	9.32498e+09	9.07546e+09	7.01527e+09	6.8334e+09	5.8561e+09	5.0763e+09	4.59386e+09	0	
0	0	0	0	0	0	0	0	0	0	0	0	0	0	0	0	0	0	0	0	0	0	0	0	0	0	

0	6.71324e+08	7.01379e+08	8.28963e+08	1.47698e+09	2.4421e+09	3.49974e+09	5.51703e+09	7.70558e+09	1.05477e+10	1.0614e+10	1.05325e+10	8.58825e+09	6.52623e+09	4.99993e+09	3.76954e+09	2.72132e+09	1.85586e+09	1.4901e+09	1.43505e+09	1.10502e+09	1.07037e+09	9.1834e+08	7.95482e+08	7.24535e+08	0	
0	0	0	0	0	0	0	0	0	0	0	0	0	0	0	0	0	0	0	0	0	0	0	0	0	0	

0	6.08767e+09	6.44218e+09	7.68367e+09	1.35698e+10	2.22814e+10	3.18269e+10	4.98124e+10	6.92258e+10	9.43216e+10	9.50025e+10	9.42492e+10	7.70991e+10	5.88264e+10	4.52318e+10	3.42134e+10	2.47906e+10	1.69954e+10	1.36542e+10	1.30289e+10	1.00332e+10	9.66046e+09	8.2851e+09	7.15289e+09	6.55093e+09	0	
0	0	0	0	0	0	0	0	0	0	0	0	0	0	0	0	0	0	0	0	0	0	0	0	0	0	

0	4.293e+08	4.52205e+08	5.36021e+08	9.4429e+08	1.55293e+09	2.22374e+09	3.50397e+09	4.89596e+09	6.70737e+09	6.7566e+09	6.69766e+09	5.45796e+09	4.14608e+09	3.17357e+09	2.39148e+09	1.72064e+09	1.1786e+09	9.48159e+08	9.14318e+08	7.06214e+08	6.84015e+08	5.86622e+08	5.14859e+08	4.61477e+08	0	
0	0	0	0	0	0	0	0	0	0	0	0	0	0	0	0	0	0	0	0	0	0	0	0	0	0	

0	3.89222e+09	4.14795e+09	4.95903e+09	8.67716e+09	1.41837e+10	2.02449e+10	3.16674e+10	4.4016e+10	6.00046e+10	6.04946e+10	5.99597e+10	4.90313e+10	3.74057e+10	2.87438e+10	2.17357e+10	1.57029e+10	1.08079e+10	8.6964e+09	8.30515e+09	6.41274e+09	6.17227e+09	5.29196e+09	4.62914e+09	4.17441e+09	0	
0	0	0	0	0	0	0	0	0	0	0	0	0	0	0	0	0	0	0	0	0	0	0	0	0	0	

0	3.14342e+08	3.31915e+08	3.93384e+08	6.91857e+08	1.13731e+09	1.6292e+09	2.56977e+09	3.59371e+09	4.92805e+09	4.9666e+09	4.92051e+09	4.00716e+09	3.04179e+09	2.32619e+09	1.75158e+09	1.25574e+09	8.62181e+08	6.93991e+08	6.70421e+08	5.18498e+08	5.02442e+08	4.3086e+08	3.81917e+08	3.38643e+08	0	
0	0	0	0	0	0	0	0	0	0	0	0	0	0	0	0	0	0	0	0	0	0	0	0	0	0	

0	2.87268e+09	3.0694e+09	3.67042e+09	6.4122e+09	1.04761e+10	1.49562e+10	2.34068e+10	3.25496e+10	4.43985e+10	4.47835e+10	4.43636e+10	3.62649e+10	2.76556e+10	2.12396e+10	1.60535e+10	1.15618e+10	7.97698e+09	6.42102e+09	6.1384e+09	4.74534e+09	4.56718e+09	3.91553e+09	3.46094e+09	3.08681e+09	0	
0	0	0	0	0	0	0	0	0	0	0	0	0	0	0	0	0	0	0	0	0	0	0	0	0	0	

0	2.5318e+08	2.68301e+08	3.18278e+08	5.5866e+08	9.17633e+08	1.31447e+09	2.07283e+09	2.89859e+09	3.97494e+09	4.00816e+09	3.96903e+09	3.23241e+09	2.4539e+09	1.8765e+09	1.41294e+09	1.0101e+09	6.95641e+08	5.60061e+08	5.40995e+08	4.1876e+08	4.05527e+08	3.4773e+08	3.10781e+08	2.73232e+08	0	
0	0	0	0	0	0	0	0	0	0	0	0	0	0	0	0	0	0	0	0	0	0	0	0	0	0	

0	2.30819e+09	2.47308e+09	2.9585e+09	5.16112e+09	8.42822e+09	1.20339e+10	1.88374e+10	2.62014e+10	3.57507e+10	3.60772e+10	3.57224e+10	2.91961e+10	2.2261e+10	1.70911e+10	1.29145e+10	9.27464e+09	6.41505e+09	5.16508e+09	4.94034e+09	3.82266e+09	3.67825e+09	3.15329e+09	2.81071e+09	2.48493e+09	0	
0	0	0	0	0	0	0	0	0	0	0	0	0	0	0	0	0	0	0	0	0	0	0	0	0	0	

0	2.25571e+08	2.39831e+08	2.8478e+08	4.99114e+08	8.19319e+08	1.1735e+09	1.84954e+09	2.58553e+09	3.54474e+09	3.57598e+09	3.53974e+09	2.88345e+09	2.18965e+09	1.67479e+09	1.26129e+09	8.99716e+08	6.21319e+08	5.00242e+08	4.82917e+08	3.74009e+08	3.61875e+08	3.10291e+08	2.79054e+08	2.43816e+08	0	
0	0	0	0	0	0	0	0	0	0	0	0	0	0	0	0	0	0	0	0	0	0	0	0	0	0	

0	2.05172e+09	2.20403e+09	2.63812e+09	4.59712e+09	7.50426e+09	1.07148e+10	1.67698e+10	2.33242e+10	3.18248e+10	3.21281e+10	3.18007e+10	2.59922e+10	1.98196e+10	1.52165e+10	1.14978e+10	8.23874e+09	5.7118e+09	4.59927e+09	4.39881e+09	3.4057e+09	3.27532e+09	2.8078e+09	2.51906e+09	2.21241e+09	0	
0	0	0	0	0	0	0	0	0	0	0	0	0	0	0	0	0	0	0	0	0	0	0	0	0	0	

0	2.12601e+08	2.267e+08	2.69439e+08	4.71687e+08	7.73921e+08	1.10831e+09	1.74565e+09	2.43928e+09	3.34293e+09	3.3737e+09	3.33851e+09	2.7204e+09	2.06667e+09	1.58126e+09	1.19119e+09	8.48229e+08	5.8718e+08	4.72726e+08	4.55968e+08	3.53263e+08	3.41483e+08	2.92804e+08	2.64633e+08	2.30111e+08	0	
0	0	0	0	0	0	0	0	0	0	0	0	0	0	0	0	0	0	0	0	0	0	0	0	0	0	

0	1.96261e+09	2.11261e+09	2.52983e+09	4.4052e+09	7.18926e+09	1.02649e+10	1.60628e+10	2.23385e+10	3.04775e+10	3.07773e+10	3.04556e+10	2.4895e+10	1.89852e+10	1.45766e+10	1.10147e+10	7.87915e+09	5.47254e+09	4.40669e+09	4.21381e+09	3.26378e+09	3.13733e+09	2.68948e+09	2.42436e+09	2.11915e+09	0	
0	0	0	0	0	0	0	0	0	0	0	0	0	0	0	0	0	0	0	0	0	0	0	0	0	0	

0	2.10538e+08	2.25016e+08	2.67639e+08	4.68154e+08	7.67858e+08	1.09948e+09	1.73074e+09	2.4175e+09	3.31188e+09	3.34336e+09	3.30775e+09	2.69614e+09	2.049e+09	1.56825e+09	1.18171e+09	8.40368e+08	5.82849e+08	4.69196e+08	4.52208e+08	3.50431e+08	3.38476e+08	2.90226e+08	2.63279e+08	2.28128e+08	0	
0	0	0	0	0	0	0	0	0	0	0	0	0	0	0	0	0	0	0	0	0	0	0	0	0	0	

0	1.97521e+09	2.12965e+09	2.55139e+09	4.44036e+09	7.24519e+09	1.03443e+10	1.6182e+10	2.24998e+10	3.06921e+10	3.10012e+10	3.06714e+10	2.50755e+10	1.91266e+10	1.46874e+10	1.10998e+10	7.93081e+09	5.51634e+09	4.44177e+09	4.24573e+09	3.28927e+09	3.16022e+09	2.7091e+09	2.4503e+09	2.13479e+09	0	
0	0	0	0	0	0	0	0	0	0	0	0	0	0	0	0	0	0	0	0	0	0	0	0	0	0	

0	2.20749e+08	2.36234e+08	2.811e+08	4.91497e+08	8.0601e+08	1.15403e+09	1.81599e+09	2.536e+09	3.47343e+09	3.50705e+09	3.46926e+09	2.8283e+09	2.14992e+09	1.6458e+09	1.24035e+09	8.81413e+08	6.11977e+08	4.92611e+08	4.74554e+08	3.6779e+08	3.55077e+08	3.04463e+08	2.76765e+08	2.3935e+08	0	
0	0	0	0	0	0	0	0	0	0	0	0	0	0	0	0	0	0	0	0	0	0	0	0	0	0	

0	2.08404e+09	2.24922e+09	2.69542e+09	4.68963e+09	7.65107e+09	1.09233e+10	1.7084e+10	2.37503e+10	3.23932e+10	3.27239e+10	3.23724e+10	2.64693e+10	2.01927e+10	1.55081e+10	1.17212e+10	8.36935e+09	5.82637e+09	4.69121e+09	4.4828e+09	3.47335e+09	3.33592e+09	2.85974e+09	2.59153e+09	2.25367e+09	0	
0	0	0	0	0	0	0	0	0	0	0	0	0	0	0	0	0	0	0	0	0	0	0	0	0	0	

0	2.36745e+08	2.53551e+08	3.0178e+08	5.27535e+08	8.65035e+08	1.23849e+09	1.9485e+09	2.72065e+09	3.7258e+09	3.76226e+09	3.72145e+09	3.03425e+09	2.30678e+09	1.7661e+09	1.33115e+09	9.45493e+08	6.56906e+08	5.28751e+08	5.0922e+08	3.94683e+08	3.80932e+08	3.26635e+08	2.97298e+08	2.56803e+08	0	
0	0	0	0	0	0	0	0	0	0	0	0	0	0	0	0	0	0	0	0	0	0	0	0	0	0	

0	2.27694e+09	2.45838e+09	2.94634e+09	5.12569e+09	8.36226e+09	1.19386e+10	1.86708e+10	2.5955e+10	3.53986e+10	3.57621e+10	3.53763e+10	2.89266e+10	2.20684e+10	1.69492e+10	1.28107e+10	9.14453e+09	6.36826e+09	5.12743e+09	4.89922e+09	3.7962e+09	3.64557e+09	3.1252e+09	2.83442e+09	2.46295e+09	0	
0	0	0	0	0	0	0	0	0	0	0	0	0	0	0	0	0	0	0	0	0	0	0	0	0	0	

0	2.58128e+08	2.7656e+08	3.29202e+08	5.75416e+08	9.43518e+08	1.35084e+09	2.12506e+09	2.96697e+09	4.06286e+09	4.10284e+09	4.05817e+09	3.30897e+09	2.5158e+09	1.92625e+09	1.45192e+09	1.03101e+09	7.16562e+08	5.76753e+08	5.55375e+08	4.30471e+08	4.15417e+08	3.56207e+08	3.24429e+08	2.80065e+08	0	
0	0	0	0	0	0	0	0	0	0	0	0	0	0	0	0	0	0	0	0	0	0	0	0	0	0	

0	2.10549e+09	2.27926e+09	2.73407e+09	4.75284e+09	7.75145e+09	1.10646e+10	1.72912e+10	2.40249e+10	3.275e+10	3.30974e+10	3.27325e+10	2.67755e+10	2.04371e+10	1.57033e+10	1.18734e+10	8.46291e+09	5.90676e+09	4.75513e+09	4.53887e+09	3.51768e+09	3.37463e+09	2.89294e+09	2.63458e+09	2.28055e+09	0	
0	0	0	0	0	0	0	0	0	0	0	0	0	0	0	0	0	0	0	0	0	0	0	0	0	0	

0	2.84209e+08	3.04543e+08	3.6252e+08	6.33637e+08	1.03899e+09	1.48753e+09	2.34006e+09	3.26711e+09	4.4738e+09	4.51791e+09	4.46865e+09	3.64372e+09	2.77035e+09	2.12116e+09	1.59884e+09	1.13521e+09	7.89075e+08	6.35113e+08	6.11558e+08	4.74026e+08	4.57435e+08	3.92237e+08	3.57338e+08	3.08397e+08	0	
0	0	0	0	0	0	0	0	0	0	0	0	0	0	0	0	0	0	0	0	0	0	0	0	0	0	

0	2.3422e+09	2.5354e+09	3.04117e+09	5.28686e+09	8.62263e+09	1.23084e+10	1.92359e+10	2.67279e+10	3.64359e+10	3.68222e+10	3.64161e+10	2.9788e+10	2.27358e+10	1.7469e+10	1.32081e+10	9.41387e+09	6.57033e+09	5.28935e+09	5.04914e+09	3.91319e+09	3.75424e+09	3.21838e+09	2.93097e+09	2.53706e+09	0	
0	0	0	0	0	0	0	0	0	0	0	0	0	0	0	0	0	0	0	0	0	0	0	0	0	0	


0	10.7607	10.0542	10.1326	10.1623	10.0407	9.61177	5.99682	4.3523	1.89494	-1.72539	-5.53242	-8.61246	-10.6874	-12.2229	-13.4489	-14.1467	-14.6035	-15.0979	-16.2899	-15.5137	-15.2855	-14.2118	-13.7097	-13.064	0	
0	0	0	0	0	0	0	0	0	0	0	0	0	0	0	0	0	0	0	0	0	0	0	0	0	0	

0	-243.064	-219.349	-204.218	-181.386	-146.279	-110.494	-79.821	-59.9404	-41.0436	-17.2385	3.72643	16.5556	28.4546	45.0496	67.2316	92.7229	129.247	166.853	217.573	266.389	320.842	341.862	348.586	350.473	0	
0	0	0	0	0	0	0	0	0	0	0	0	0	0	0	0	0	0	0	0	0	0	0	0	0	0	

0	-168.982	-179.175	-190.665	-178.821	-150.766	-129.274	-102.372	-86.4969	-71.1075	-23.7172	25.5445	35.326	44.8636	62.0021	87.0671	115.127	149.826	185.566	250.597	285.934	317.187	326.568	320.698	324.68	0	
0	0	0	0	0	0	0	0	0	0	0	0	0	0	0	0	0	0	0	0	0	0	0	0	0	0	

0	-242.616	-219.212	-204.207	-181.655	-146.424	-110.641	-80.1778	-60.5297	-41.8198	-17.2928	4.40124	16.9795	28.6536	45.1645	67.4469	92.9352	129.816	167.691	219.3	267.9	321.2	341.588	348.176	350.034	0	
0	0	0	0	0	0	0	0	0	0	0	0	0	0	0	0	0	0	0	0	0	0	0	0	0	0	

0	-155.512	-164.314	-180.558	-168.384	-139.914	-121.637	-97.5625	-84.7884	-73.1599	-23.5797	28.9504	35.3439	41.9257	56.6302	79.4813	105.421	135.78	171.387	244.658	281.098	314.044	325.091	316.751	322.581	0	
0	0	0	0	0	0	0	0	0	0	0	0	0	0	0	0	0	0	0	0	0	0	0	0	0	0	

0	-161.753	-173.182	-187.581	-175.588	-146.871	-125.107	-99.3065	-83.7549	-68.9944	-23.2897	24.09	33.1843	41.9576	58.3772	82.5452	109.754	143.328	179.113	245.697	282.821	315.955	325.148	318.703	323.088	0	
0	0	0	0	0	0	0	0	0	0	0	0	0	0	0	0	0	0	0	0	0	0	0	0	0	0	

0	-165.62	-178.301	-191.935	-181.929	-154.898	-133.629	-105.476	-88.9122	-72.3524	-24.1178	25.9988	36.7341	47.1936	65.2753	91.4722	120.72	156.891	192.63	256.484	289.969	318.041	326.126	319.972	324.013	0	
0	0	0	0	0	0	0	0	0	0	0	0	0	0	0	0	0	0	0	0	0	0	0	0	0	0	

0	-159.401	-169.69	-185.836	-175.817	-148.546	-129.84	-103.041	-88.7016	-74.8573	-24.1221	29.4218	37.645	46.0632	62.5554	87.5559	115.765	149.538	185.691	256	289.384	316.733	325.819	317.998	323.299	0	
0	0	0	0	0	0	0	0	0	0	0	0	0	0	0	0	0	0	0	0	0	0	0	0	0	0	

0	-163.349	-174.98	-189.887	-180.604	-154.015	-134.552	-106.297	-90.7668	-75.2263	-24.4193	28.9531	38.7284	48.5502	66.2818	92.5438	121.948	157.724	193.683	260.433	292.395	317.962	326.286	319.263	323.979	0	
0	0	0	0	0	0	0	0	0	0	0	0	0	0	0	0	0	0	0	0	0	0	0	0	0	0	

0	-153.619	-162.691	-180.425	-168.974	-140.41	-121.687	-97.2753	-84.2211	-72.5243	-23.4585	28.4065	34.6954	41.2437	56.0224	79.0367	105.36	136.237	172.386	246.209	282.733	314.66	324.836	316.248	322.114	0	
0	0	0	0	0	0	0	0	0	0	0	0	0	0	0	0	0	0	0	0	0	0	0	0	0	0	

0	-147.755	-153.295	-173.33	-162.709	-134.541	-118.32	-95.3727	-84.2616	-74.7414	-23.5365	31.2491	35.596	40.4665	53.8722	75.7543	101.076	129.286	165.495	245.163	281.605	313.362	324.575	314.383	321.505	0	
0	0	0	0	0	0	0	0	0	0	0	0	0	0	0	0	0	0	0	0	0	0	0	0	0	0	

0	-148.157	-156.875	-176.027	-161.514	-130.093	-107.756	-86.4468	-73.0343	-62.1652	-21.5473	20.4583	25.8359	31.0059	44.2474	64.684	88.4861	116.883	152.364	224.459	268.108	310.852	322.181	314.65	320.331	0	
0	0	0	0	0	0	0	0	0	0	0	0	0	0	0	0	0	0	0	0	0	0	0	0	0	0	

0	-154.555	-164.989	-182.025	-168.934	-138.832	-116.842	-93.1556	-78.7121	-65.9768	-22.475	22.6114	29.7474	36.6679	51.4753	73.8304	99.4117	130.545	166.45	236.394	276.601	313.788	323.747	316.677	321.63	0	
0	0	0	0	0	0	0	0	0	0	0	0	0	0	0	0	0	0	0	0	0	0	0	0	0	0	

0	-152.153	-159.256	-178.156	-168.286	-140.627	-123.85	-98.934	-86.6441	-75.5972	-23.841	31.3358	36.9365	43.0966	57.7456	81.1143	107.991	138.778	175.479	252.666	287.104	315.253	325.285	315.735	322.216	0	
0	0	0	0	0	0	0	0	0	0	0	0	0	0	0	0	0	0	0	0	0	0	0	0	0	0	

0	-149.034	-153.796	-174.112	-165.315	-138.251	-123.298	-98.7794	-87.5088	-77.5005	-24.031	33.4011	38.0621	43.4725	57.5576	80.6012	107.278	136.873	173.759	254.488	288.127	314.884	325.309	314.717	321.955	0	
0	0	0	0	0	0	0	0	0	0	0	0	0	0	0	0	0	0	0	0	0	0	0	0	0	0	

0	-161.794	-173.721	-188.882	-179.166	-152.076	-132.608	-104.694	-89.5518	-74.9642	-24.2377	29.1269	37.9562	47.0623	64.2787	90.1117	119.329	154.595	191.037	259.416	291.871	317.942	326.369	318.768	323.581	0	
0	0	0	0	0	0	0	0	0	0	0	0	0	0	0	0	0	0	0	0	0	0	0	0	0	0	

0	-151.233	-157.099	-176.261	-167.741	-141.167	-127.326	-101.891	-90.8189	-80.6035	-24.624	35.8965	40.9294	46.8058	61.3615	85.1292	112.432	142.688	179.461	259.715	291.298	315.774	326.272	315.409	322.67	0	
0	0	0	0	0	0	0	0	0	0	0	0	0	0	0	0	0	0	0	0	0	0	0	0	0	0	

0	-150.806	-157.058	-176.883	-167.836	-140.754	-124.974	-99.8282	-87.8037	-76.8833	-24.0592	32.457	37.9318	44.0603	58.7523	82.3198	109.443	140.124	176.863	255.161	288.636	315.28	325.296	315.387	322.14	0	
0	0	0	0	0	0	0	0	0	0	0	0	0	0	0	0	0	0	0	0	0	0	0	0	0	0	

0	-148.941	-153.669	-174.129	-165.286	-138.142	-122.878	-98.3891	-86.9615	-76.8581	-23.9221	32.8309	37.527	42.9553	57.052	80.0649	106.734	136.411	173.334	253.846	287.786	314.824	325.15	314.675	321.859	0	
0	0	0	0	0	0	0	0	0	0	0	0	0	0	0	0	0	0	0	0	0	0	0	0	0	0	

0	-157.576	-167.529	-184.908	-177.386	-152.011	-137.69	-108.825	-95.8564	-82.9869	-25.3891	36.7338	44.1444	52.4856	69.4768	96.0494	126.191	160.752	197.237	271.001	298.588	318.149	327.368	317.664	323.867	0	
0	0	0	0	0	0	0	0	0	0	0	0	0	0	0	0	0	0	0	0	0	0	0	0	0	0	

0	-153.735	-160.274	-178.607	-171.871	-146.881	-135.687	-107.792	-96.7514	-85.8287	-25.5901	40.1302	45.8459	52.7461	68.5095	94.1947	123.537	155.709	192.544	272.414	299.188	317.421	327.714	316.273	323.696	0	
0	0	0	0	0	0	0	0	0	0	0	0	0	0	0	0	0	0	0	0	0	0	0	0	0	0	

0	-160.936	-173.105	-188.632	-183.197	-159.417	-150.225	-118.291	-106.771	-93.9503	-27.3862	46.3757	54.5141	64.0088	82.4725	111.524	143.882	179.917	214.828	287.096	307.631	319.93	330.123	319.867	326.061	0	
0	0	0	0	0	0	0	0	0	0	0	0	0	0	0	0	0	0	0	0	0	0	0	0	0	0	

0	-161.351	-173.765	-190.124	-184.204	-160.28	-147.488	-116.039	-102.629	-88.2474	-26.6135	40.5366	49.7231	59.9004	78.7711	107.632	139.796	176.85	212.016	281.128	304.406	319.562	328.571	320.185	325.182	0	
0	0	0	0	0	0	0	0	0	0	0	0	0	0	0	0	0	0	0	0	0	0	0	0	0	0	

0	-152.933	-158.408	-177.263	-171.501	-146.968	-136.378	-108.166	-97.0424	-85.9688	-25.5945	40.2494	45.9413	52.8637	68.7299	94.6864	124.484	156.822	193.859	274.495	300.536	317.398	327.568	316.371	323.557	0	
0	0	0	0	0	0	0	0	0	0	0	0	0	0	0	0	0	0	0	0	0	0	0	0	0	0	

0	-154.55	-161.546	-180.238	-174.407	-150.141	-139.302	-110.3	-98.6487	-86.6761	-25.8971	40.3985	47.0428	54.8459	71.4943	98.183	128.508	161.924	198.34	276.109	301.375	317.745	327.681	317.07	323.917	0	
0	0	0	0	0	0	0	0	0	0	0	0	0	0	0	0	0	0	0	0	0	0	0	0	0	0	

0	-159.397	-170.498	-187.025	-181.147	-156.996	-145.969	-115.084	-102.967	-90.0157	-26.6602	42.8476	50.7578	59.8633	77.826	106.056	137.753	173.382	209.014	282.043	304.89	319.3	329.036	318.737	325.217	0	
0	0	0	0	0	0	0	0	0	0	0	0	0	0	0	0	0	0	0	0	0	0	0	0	0	0	

0	-154.279	-161.74	-180.39	-173.111	-147.751	-134.454	-106.535	-94.4099	-82.6716	-25.1323	37.0393	43.2855	50.5905	66.6722	92.4082	121.847	154.922	191.851	269.401	297.591	317.355	327.002	316.559	323.318	0	
0	0	0	0	0	0	0	0	0	0	0	0	0	0	0	0	0	0	0	0	0	0	0	0	0	0	

0	-162.288	-175.501	-191.205	-186.01	-162.385	-151.02	-118.638	-105.784	-91.5861	-27.1529	43.6752	52.9274	63.3229	82.5717	112.196	144.853	182.649	217.354	286.154	307.272	320.104	329.482	322.827	325.951	0	
0	0	0	0	0	0	0	0	0	0	0	0	0	0	0	0	0	0	0	0	0	0	0	0	0	0	

0	-158.528	-168.853	-185.885	-180.476	-156.887	-147.282	-116.034	-104.183	-91.2825	-26.8985	43.9658	51.8433	61.0421	79.1729	107.727	139.654	175.253	210.598	284.236	306.003	319.162	329.119	319.741	325.201	0	
0	0	0	0	0	0	0	0	0	0	0	0	0	0	0	0	0	0	0	0	0	0	0	0	0	0	

0	-153.499	-159.323	-178.069	-172.536	-148.227	-137.759	-109.063	-97.727	-86.3312	-25.6881	40.4415	46.3949	53.6101	69.7905	96.1498	126.36	159.286	196.276	276.217	301.594	317.626	327.677	316.96	323.687	0	
0	0	0	0	0	0	0	0	0	0	0	0	0	0	0	0	0	0	0	0	0	0	0	0	0	0	

0	-154.314	-161.15	-179.967	-174.057	-149.737	-138.614	-109.683	-97.9395	-86.0198	-25.7512	39.8711	46.3835	54.0843	70.656	97.2615	127.528	161.039	197.65	275.631	301.178	317.708	327.563	317.227	323.779	0	
0	0	0	0	0	0	0	0	0	0	0	0	0	0	0	0	0	0	0	0	0	0	0	0	0	0	

0	-159.72	-171.01	-187.057	-181.023	-156.812	-145.5	-114.389	-101.915	-88.8272	-26.3679	41.8433	49.5808	58.6261	76.6292	105.029	137.074	173.258	209.385	282.697	305.454	319.474	329.014	320.27	325.03	0	
0	0	0	0	0	0	0	0	0	0	0	0	0	0	0	0	0	0	0	0	0	0	0	0	0	0	

0	-152.391	-158.383	-177.833	-170.389	-144.726	-131.097	-104.104	-92.2256	-81.0405	-24.7596	35.914	41.5701	48.2486	63.7067	88.6687	117.354	149.485	186.643	265.819	295.453	316.674	326.448	316.037	322.826	0	
0	0	0	0	0	0	0	0	0	0	0	0	0	0	0	0	0	0	0	0	0	0	0	0	0	0	

0	-160.093	-171.566	-187.765	-183.078	-159.89	-151.467	-118.947	-107.13	-93.7841	-27.3619	46.1213	54.5195	64.3518	83.2431	112.913	145.504	182.584	217.307	289.416	308.967	319.753	329.866	324.848	325.919	0	
0	0	0	0	0	0	0	0	0	0	0	0	0	0	0	0	0	0	0	0	0	0	0	0	0	0	

0	-156.351	-164.527	-182.098	-176.822	-153.258	-144.42	-113.894	-102.557	-90.4444	-26.5646	43.6732	50.6073	58.9691	76.3472	104.239	135.569	170.217	206.245	283.235	305.492	318.627	328.861	320.047	324.724	0	
0	0	0	0	0	0	0	0	0	0	0	0	0	0	0	0	0	0	0	0	0	0	0	0	0	0	

0	-153.743	-159.81	-178.519	-172.926	-148.584	-137.902	-109.125	-97.6621	-86.1375	-25.6704	40.2192	46.2803	53.5902	69.8573	96.2911	126.53	159.696	196.677	276.223	301.629	317.677	327.65	317.456	323.699	0	
0	0	0	0	0	0	0	0	0	0	0	0	0	0	0	0	0	0	0	0	0	0	0	0	0	0	

0	-154.557	-161.552	-180.287	-174.278	-149.893	-138.522	-109.562	-97.7046	-85.6988	-25.7036	39.5606	46.1355	53.8882	70.508	97.1463	127.305	161.117	197.763	275.473	301.153	317.74	327.526	318.391	323.763	0	
0	0	0	0	0	0	0	0	0	0	0	0	0	0	0	0	0	0	0	0	0	0	0	0	0	0	

0	-157.938	-167.512	-184.267	-178.385	-154.208	-143.488	-112.981	-100.93	-88.3876	-26.2046	41.7289	48.8871	57.374	74.8457	102.722	134.193	169.587	206.032	281.61	304.824	318.954	328.707	320.576	324.665	0	
0	0	0	0	0	0	0	0	0	0	0	0	0	0	0	0	0	0	0	0	0	0	0	0	0	0	

0	-157.32	-166.784	-184.234	-177.655	-153.025	-140.609	-110.862	-98.3578	-85.6874	-25.7947	39.2271	46.4493	54.845	72.0888	99.3555	130.089	165.272	201.83	276.789	302.066	318.535	327.964	319.976	324.159	0	
0	0	0	0	0	0	0	0	0	0	0	0	0	0	0	0	0	0	0	0	0	0	0	0	0	0	

0	-158.205	-167.678	-184.376	-179.762	-156.602	-148.822	-116.968	-105.539	-92.8274	-27.0506	45.6133	53.2178	62.3255	80.5453	109.607	141.531	177.929	213.337	288.412	308.483	319.245	329.558	325.624	325.424	0	
0	0	0	0	0	0	0	0	0	0	0	0	0	0	0	0	0	0	0	0	0	0	0	0	0	0	

0	-157.284	-166.009	-183.38	-178.432	-155.181	-146.665	-115.418	-103.842	-91.2243	-26.774	44.1631	51.5939	60.4758	78.4052	106.969	138.508	174.38	210.045	285.64	306.92	318.873	329.035	323.891	324.978	0	
0	0	0	0	0	0	0	0	0	0	0	0	0	0	0	0	0	0	0	0	0	0	0	0	0	0	

0	-156.682	-164.317	-181.642	-176.898	-153.51	-145.115	-114.26	-102.892	-90.606	-26.5732	43.8603	50.8797	59.3367	76.8748	105.108	135.976	171.878	207.992	285.213	306.847	318.66	328.907	326.524	324.801	0	
0	0	0	0	0	0	0	0	0	0	0	0	0	0	0	0	0	0	0	0	0	0	0	0	0	0	

0	-156.289	-163.951	-181.871	-176.673	-153.107	-143.551	-113.117	-101.373	-88.9073	-26.3262	42.208	49.3379	57.8176	75.289	103.201	133.934	169.557	205.716	282.309	305.18	318.41	328.384	324.503	324.461	0	
0	0	0	0	0	0	0	0	0	0	0	0	0	0	0	0	0	0	0	0	0	0	0	0	0	0	

0	-155.307	-162.01	-180.092	-174.738	-150.71	-140.466	-110.847	-99.1955	-87.1912	-25.9157	40.9711	47.5181	55.3599	72.1966	99.3859	129.584	164.473	201.258	279.578	303.747	318.087	328.014	323.448	324.063	0	
0	0	0	0	0	0	0	0	0	0	0	0	0	0	0	0	0	0	0	0	0	0	0	0	0	0	

0	-155.467	-162.657	-181.067	-175.428	-151.398	-140.52	-110.885	-98.8967	-86.5432	-25.8866	40.1822	47.0757	55.2057	72.2559	99.4993	129.761	164.802	201.341	278.379	302.993	318.025	327.769	322.507	323.989	0	
0	0	0	0	0	0	0	0	0	0	0	0	0	0	0	0	0	0	0	0	0	0	0	0	0	0	

0	-156.765	-164.146	-181.589	-176.041	-151.969	-141.492	-111.495	-99.627	-87.3203	-25.9765	40.9666	47.8176	55.9637	73.1049	100.638	130.651	166.644	203.345	280.576	304.463	318.372	328.211	326.192	324.266	0	
0	0	0	0	0	0	0	0	0	0	0	0	0	0	0	0	0	0	0	0	0	0	0	0	0	0	

0	-156.72	-164.42	-182.271	-176.49	-152.436	-141.351	-111.401	-99.217	-86.6007	-25.932	40.1267	47.2812	55.6709	72.9823	100.518	130.585	166.607	203.088	279.216	303.628	318.262	327.923	325.168	324.144	0	
0	0	0	0	0	0	0	0	0	0	0	0	0	0	0	0	0	0	0	0	0	0	0	0	0	0	

0	-157.278	-164.465	-181.738	-176.238	-152.206	-141.782	-111.673	-99.778	-87.3857	-25.9995	41.0049	47.9441	56.1794	73.4161	101.075	130.693	167.358	204.027	281.067	304.839	318.406	328.246	328.008	324.313	0	
0	0	0	0	0	0	0	0	0	0	0	0	0	0	0	0	0	0	0	0	0	0	0	0	0	0	

0	-157.181	-164.68	-182.372	-176.62	-152.59	-141.514	-111.489	-99.2721	-86.5787	-25.9388	40.0906	47.3221	55.7852	73.1736	100.806	130.472	167.119	203.582	279.548	303.931	318.278	327.934	327.034	324.17	0	
0	0	0	0	0	0	0	0	0	0	0	0	0	0	0	0	0	0	0	0	0	0	0	0	0	0	

0	-157.785	-164.709	-181.816	-176.3	-152.244	-141.748	-111.62	-99.6899	-87.2424	-25.982	40.872	47.8646	56.1431	73.4215	101.125	130.274	167.539	204.214	281.132	304.97	318.408	328.237	329.429	324.321	0	
0	0	0	0	0	0	0	0	0	0	0	0	0	0	0	0	0	0	0	0	0	0	0	0	0	0	

0	-157.628	-164.883	-182.43	-176.694	-152.67	-141.577	-111.506	-99.2614	-86.5093	-25.9345	40.0198	47.3084	55.8233	73.2655	100.964	130.219	167.439	203.897	279.747	304.136	318.284	327.935	328.508	324.184	0	
0	0	0	0	0	0	0	0	0	0	0	0	0	0	0	0	0	0	0	0	0	0	0	0	0	0	

0	-158.197	-164.845	-181.821	-176.277	-152.183	-141.597	-111.488	-99.5326	-87.0547	-25.9534	40.7085	47.7283	56.0225	73.3131	101.023	129.743	167.487	204.181	281.047	305	318.394	328.213	330.461	324.312	0	
0	0	0	0	0	0	0	0	0	0	0	0	0	0	0	0	0	0	0	0	0	0	0	0	0	0	

0	-157.994	-164.998	-182.427	-176.688	-152.649	-141.512	-111.437	-99.1711	-86.3846	-25.9171	39.9094	47.2295	55.7685	73.2344	100.958	129.831	167.512	203.981	279.776	304.228	318.275	327.92	329.609	324.181	0	
0	0	0	0	0	0	0	0	0	0	0	0	0	0	0	0	0	0	0	0	0	0	0	0	0	0	

0	-158.535	-164.914	-181.784	-176.209	-152.072	-141.392	-111.321	-99.3464	-86.8526	-25.9202	40.5368	47.5685	55.8629	73.1496	100.847	129.181	167.315	204.036	280.89	304.976	318.372	328.181	331.251	324.294	0	
0	0	0	0	0	0	0	0	0	0	0	0	0	0	0	0	0	0	0	0	0	0	0	0	0	0	

0	-158.27	-165.053	-182.395	-176.652	-152.597	-141.419	-111.353	-99.0744	-86.2685	-25.899	39.8103	47.147	55.6962	73.1716	100.905	129.466	167.497	203.979	279.756	304.273	318.261	327.904	330.395	324.174	0	
0	0	0	0	0	0	0	0	0	0	0	0	0	0	0	0	0	0	0	0	0	0	0	0	0	0	

0	-158.791	-164.946	-181.738	-176.135	-151.962	-141.201	-111.169	-99.1798	-86.6779	-25.8906	40.39	47.426	55.715	72.9929	100.673	128.698	167.129	203.876	280.735	304.939	318.35	328.152	331.83	324.275	0	
0	0	0	0	0	0	0	0	0	0	0	0	0	0	0	0	0	0	0	0	0	0	0	0	0	0	

0	-158.468	-165.076	-182.355	-176.599	-152.524	-141.3	-111.256	-98.967	-86.152	-25.8795	39.7127	47.0558	55.6051	73.0791	100.808	129.126	167.405	203.904	279.681	304.273	318.244	327.885	330.937	324.162	0	
0	0	0	0	0	0	0	0	0	0	0	0	0	0	0	0	0	0	0	0	0	0	0	0	0	0	

0	-158.933	-164.953	-181.702	-176.084	-151.889	-141.083	-111.075	-99.0788	-86.574	-25.8726	40.3035	47.3398	55.6237	72.8946	100.563	128.409	167.007	203.771	280.64	304.913	318.336	328.134	332.147	324.263	0	
0	0	0	0	0	0	0	0	0	0	0	0	0	0	0	0	0	0	0	0	0	0	0	0	0	0	

0	-158.58	-165.081	-182.324	-176.559	-152.469	-141.215	-111.186	-98.892	-86.0733	-25.866	39.6474	46.9919	55.5387	73.0091	100.731	128.903	167.325	203.835	279.619	304.263	318.233	327.871	331.241	324.153	0	
0	0	0	0	0	0	0	0	0	0	0	0	0	0	0	0	0	0	0	0	0	0	0	0	0	0	

0	-159.019	-164.953	-181.676	-176.049	-151.842	-141.007	-111.015	-99.0143	-86.5081	-25.8611	40.2489	47.2847	55.5648	72.8308	100.491	128.225	166.928	203.702	280.58	304.897	318.326	328.123	332.34	324.254	0	
0	0	0	0	0	0	0	0	0	0	0	0	0	0	0	0	0	0	0	0	0	0	0	0	0	0	

0	-158.628	-165.081	-182.31	-176.544	-152.449	-141.184	-111.161	-98.8644	-86.0437	-25.8608	39.6227	46.9682	55.5146	72.9845	100.705	128.816	167.302	203.816	279.602	304.264	318.228	327.866	331.371	324.149	0	
0	0	0	0	0	0	0	0	0	0	0	0	0	0	0	0	0	0	0	0	0	0	0	0	0	0	

0	-159.063	-164.95	-181.661	-176.031	-151.817	-140.97	-110.985	-98.9819	-86.475	-25.8553	40.2215	47.2569	55.5351	72.7988	100.455	128.132	166.889	203.669	280.553	304.891	318.321	328.117	332.441	324.25	0	
0	0	0	0	0	0	0	0	0	0	0	0	0	0	0	0	0	0	0	0	0	0	0	0	0	0	

0	-158.911	-165.076	-182.212	-176.41	-152.268	-140.91	-110.948	-98.6409	-85.8206	-25.8213	39.4404	46.7808	55.3104	72.7588	100.446	128.18	166.996	203.545	279.366	304.188	318.193	327.826	331.998	324.121	0	
0	0	0	0	0	0	0	0	0	0	0	0	0	0	0	0	0	0	0	0	0	0	0	0	0	0	

0	-159.081	-164.948	-181.655	-176.025	-151.811	-140.96	-110.976	-98.9726	-86.4649	-25.8535	40.2131	47.2488	55.5268	72.7904	100.447	128.102	166.883	203.664	280.55	304.892	318.32	328.115	332.481	324.249	0	
0	0	0	0	0	0	0	0	0	0	0	0	0	0	0	0	0	0	0	0	0	0	0	0	0	0	

0	-158.911	-165.074	-182.212	-176.413	-152.274	-140.922	-110.956	-98.649	-85.8278	-25.8227	39.4463	46.7876	55.3185	72.7688	100.459	128.195	167.015	203.563	279.384	304.197	318.194	327.828	332.002	324.122	0	
0	0	0	0	0	0	0	0	0	0	0	0	0	0	0	0	0	0	0	0	0	0	0	0	0	0	


0	0.00474761	2.96545e-05	0.303108	0.847193	1.77271	3.08765	4.78694	3.13469	8.75476	7.36451	6.01175	4.74652	3.59451	2.59145	1.75729	1.09974	0.618189	1.09492	0.618071	0.298744	0.00469679	0.000208954	8.83834e-06	8.48038e-06	0	
0	0	0	0	0	0	0	0	0	0	0	0	0	0	0	0	0	0	0	0	0	0	0	0	0	0	

0	-1.69942	-0.0129672	-17.4576	-23.9434	-26.1935	-25.6946	-23.8758	-18.793	-19.5958	-18.9256	-19.0152	-19.5162	-20.1185	-20.4076	-20.3312	-19.9918	-18.639	-28.7323	-27.3368	-23.4813	-2.18739	-0.205097	-0.000386346	5.2731e-05	0	
0	0	0	0	0	0	0	0	0	0	0	0	0	0	0	0	0	0	0	0	0	0	0	0	0	0	

0	-0.679459	-0.00258641	-15.1957	-21.7936	-25.1017	-27.0353	-25.2904	-14.9865	-21.0091	-19.1301	-17.5494	-17.8243	-18.4436	-18.2133	-17.3662	-16.0311	-14.0399	-26.9877	-20.5467	-15.0992	-0.489586	-0.027801	6.38195e-05	9.74755e-05	0	
0	0	0	0	0	0	0	0	0	0	0	0	0	0	0	0	0	0	0	0	0	0	0	0	0	0	

0	-1.63779	-0.0123377	-17.1513	-23.7402	-26.0939	-25.6795	-23.9088	-18.5073	-19.6608	-18.8672	-18.8962	-19.3846	-19.9742	-20.2352	-20.1189	-19.7525	-18.3541	-28.5986	-26.9797	-22.9949	-2.09178	-0.195248	-1.67165e-05	5.48079e-05	0	
0	0	0	0	0	0	0	0	0	0	0	0	0	0	0	0	0	0	0	0	0	0	0	0	0	0	

0	-0.669794	-0.00241031	-16.2449	-22.1922	-25.0511	-27.172	-25.206	-14.4858	-20.7667	-18.9458	-17.1444	-17.4549	-18.1463	-17.8566	-16.9394	-15.4789	-13.6165	-26.7805	-19.7792	-14.5564	-0.453116	-0.0271245	7.25523e-05	0.000104106	0	
0	0	0	0	0	0	0	0	0	0	0	0	0	0	0	0	0	0	0	0	0	0	0	0	0	0	

0	-0.658718	-0.00197862	-15.842	-22.2857	-25.2944	-27.0228	-25.189	-15.1443	-20.7981	-19.0717	-17.5793	-17.8688	-18.507	-18.2684	-17.4301	-16.0695	-14.1026	-27.2317	-20.9908	-15.5177	-0.462728	-0.0230605	7.60593e-05	9.95013e-05	0	
0	0	0	0	0	0	0	0	0	0	0	0	0	0	0	0	0	0	0	0	0	0	0	0	0	0	

0	-0.542887	-0.00178792	-14.4958	-21.3687	-24.9883	-27.1082	-25.4063	-14.8769	-21.1692	-19.199	-17.5801	-17.8238	-18.4088	-18.1502	-17.2479	-15.8493	-13.7247	-26.8301	-20.037	-14.3512	-0.380423	-0.0173279	8.1289e-05	9.83848e-05	0	
0	0	0	0	0	0	0	0	0	0	0	0	0	0	0	0	0	0	0	0	0	0	0	0	0	0	

0	-0.480643	-0.0014045	-14.7034	-21.3421	-24.8453	-27.2559	-25.3945	-14.3573	-21.05	-19.0567	-17.2193	-17.483	-18.1117	-17.796	-16.8124	-15.2959	-13.2309	-26.5183	-19.0397	-13.4612	-0.326063	-0.0146848	9.61097e-05	0.000102974	0	
0	0	0	0	0	0	0	0	0	0	0	0	0	0	0	0	0	0	0	0	0	0	0	0	0	0	

0	-0.4586	-0.00146765	-14.0415	-20.9485	-24.7523	-27.2232	-25.481	-14.4162	-21.2419	-19.1482	-17.3383	-17.5749	-18.1638	-17.8574	-16.873	-15.3811	-13.2247	-26.4274	-18.9695	-13.2814	-0.314152	-0.013525	9.32473e-05	0.000101072	0	
0	0	0	0	0	0	0	0	0	0	0	0	0	0	0	0	0	0	0	0	0	0	0	0	0	0	

0	-0.573179	-0.00149593	-16.1634	-22.2602	-25.138	-27.2221	-25.2049	-14.5447	-20.6994	-18.9372	-17.1705	-17.4854	-18.1788	-17.8811	-16.9534	-15.4613	-13.5609	-26.911	-19.839	-14.4635	-0.386541	-0.0187157	9.08868e-05	0.000104553	0	
0	0	0	0	0	0	0	0	0	0	0	0	0	0	0	0	0	0	0	0	0	0	0	0	0	0	

0	-0.537543	-0.0011127	-16.6431	-22.3237	-25.0276	-27.352	-25.1959	-14.1367	-20.6178	-18.8408	-16.8933	-17.2192	-17.9458	-17.6021	-16.6098	-15.0234	-13.1824	-26.6651	-19.0457	-13.7835	-0.352589	-0.0176983	0.000103865	0.000108152	0	
0	0	0	0	0	0	0	0	0	0	0	0	0	0	0	0	0	0	0	0	0	0	0	0	0	0	

0	-0.855361	-0.00198496	-18.8486	-24.1654	-25.8916	-26.9032	-24.7555	-15.6086	-19.9784	-18.7804	-17.5264	-17.9104	-18.6607	-18.4352	-17.6872	-16.3416	-14.6472	-27.9663	-22.6723	-17.6505	-0.58901	-0.0310229	5.71949e-05	0.000103451	0	
0	0	0	0	0	0	0	0	0	0	0	0	0	0	0	0	0	0	0	0	0	0	0	0	0	0	

0	-0.714114	-0.00177654	-17.175	-23.165	-25.5873	-26.9938	-24.9911	-15.3324	-20.4018	-18.9258	-17.5314	-17.8688	-18.5645	-18.3283	-17.5255	-16.1585	-14.3151	-27.5965	-21.7168	-16.3999	-0.495187	-0.024266	9.5064e-05	0.000101799	0	
0	0	0	0	0	0	0	0	0	0	0	0	0	0	0	0	0	0	0	0	0	0	0	0	0	0	

0	-0.438852	-0.000815373	-15.4726	-21.7281	-24.8975	-27.3964	-25.3176	-14.0879	-20.7983	-18.9115	-16.9565	-17.255	-17.9409	-17.5871	-16.5599	-14.95	-12.9808	-26.5074	-18.6258	-13.1426	-0.290941	-0.0123984	0.000101826	0.000106868	0	
0	0	0	0	0	0	0	0	0	0	0	0	0	0	0	0	0	0	0	0	0	0	0	0	0	0	

0	-0.377183	-0.000467306	-15.4156	-21.5616	-24.7689	-27.5201	-25.3552	-13.7879	-20.8008	-18.8738	-16.7859	-17.0813	-17.7768	-17.3833	-16.293	-14.5971	-12.6211	-26.2627	-17.8826	-12.412	-0.24572	-0.00992562	0.000104355	0.000108883	0	
0	0	0	0	0	0	0	0	0	0	0	0	0	0	0	0	0	0	0	0	0	0	0	0	0	0	

0	-0.452354	-0.00124769	-14.3315	-21.1754	-24.8533	-27.2746	-25.4429	-14.451	-21.1057	-19.1056	-17.292	-17.5561	-18.1773	-17.8774	-16.9054	-15.4073	-13.3032	-26.5821	-19.1235	-13.4564	-0.310635	-0.0126761	9.30728e-05	0.000101581	0	
0	0	0	0	0	0	0	0	0	0	0	0	0	0	0	0	0	0	0	0	0	0	0	0	0	0	

0	-0.348962	-0.000526936	-14.6465	-20.9353	-24.4725	-27.5543	-25.4631	-13.4957	-21.027	-18.9254	-16.6798	-16.9545	-17.6326	-17.2243	-16.0895	-14.3694	-12.3474	-25.8366	-17.0913	-11.6824	-0.225701	-0.00925712	0.000103932	0.000108933	0	
0	0	0	0	0	0	0	0	0	0	0	0	0	0	0	0	0	0	0	0	0	0	0	0	0	0	

0	-0.387804	-0.000597461	-15.2023	-21.4992	-24.792	-27.4757	-25.3715	-13.9165	-20.8521	-18.9173	-16.8874	-17.1751	-17.8553	-17.4757	-16.4041	-14.7387	-12.7327	-26.327	-18.1183	-12.5975	-0.254311	-0.0102501	0.000102552	0.000107586	0	
0	0	0	0	0	0	0	0	0	0	0	0	0	0	0	0	0	0	0	0	0	0	0	0	0	0	

0	-0.379451	-0.000469209	-15.4972	-21.653	-24.8229	-27.5119	-25.339	-13.8542	-20.7637	-18.869	-16.8171	-17.1151	-17.8109	-17.4205	-16.3385	-14.6478	-12.6726	-26.3436	-18.0387	-12.5433	-0.247857	-0.00993829	0.000104251	0.000108735	0	
0	0	0	0	0	0	0	0	0	0	0	0	0	0	0	0	0	0	0	0	0	0	0	0	0	0	

0	-0.274459	-0.000665379	-12.9198	-19.8495	-24.1421	-27.5802	-25.6853	-13.3865	-21.4127	-19.0807	-16.7778	-17.0049	-17.6173	-17.2026	-16.0196	-14.2869	-12.0695	-25.41	-16.3651	-10.8042	-0.178596	-0.00603968	9.94697e-05	0.000106266	0	
0	0	0	0	0	0	0	0	0	0	0	0	0	0	0	0	0	0	0	0	0	0	0	0	0	0	

0	-0.219125	-0.000257824	-12.7619	-19.523	-23.8705	-27.7348	-25.7083	-12.8916	-21.3897	-18.9939	-16.4766	-16.6983	-17.3238	-16.8424	-15.5566	-13.6903	-11.4842	-24.8908	-15.1642	-9.75431	-0.139143	-0.00458117	0.000104185	0.000109834	0	
0	0	0	0	0	0	0	0	0	0	0	0	0	0	0	0	0	0	0	0	0	0	0	0	0	0	

0	-0.167016	-0.000625518	-10.5033	-17.5414	-22.8962	-27.6869	-26.0464	-12.1947	-22.1587	-19.1948	-16.2806	-16.4265	-16.9762	-16.4665	-15.0643	-13.1731	-10.7658	-23.4916	-13.218	-8.12217	-0.102966	-0.0029726	0.00010059	0.000108314	0	
0	0	0	0	0	0	0	0	0	0	0	0	0	0	0	0	0	0	0	0	0	0	0	0	0	0	

0	-0.217969	-0.000822337	-11.4435	-18.5875	-23.5509	-27.5923	-25.93	-12.9332	-21.9329	-19.2298	-16.6785	-16.8492	-17.4065	-16.9653	-15.6951	-13.9258	-11.5434	-24.5499	-15.0044	-9.55794	-0.138599	-0.00416229	9.69665e-05	0.000105179	0	
0	0	0	0	0	0	0	0	0	0	0	0	0	0	0	0	0	0	0	0	0	0	0	0	0	0	

0	-0.174177	-7.49665e-05	-12.4296	-19.3554	-23.8392	-27.8351	-25.7632	-12.8122	-21.3861	-18.9873	-16.4587	-16.6689	-17.2825	-16.7717	-15.4364	-13.4974	-11.2304	-24.7843	-14.7752	-9.28481	-0.109927	-0.00304867	0.000104706	0.000110428	0	
0	0	0	0	0	0	0	0	0	0	0	0	0	0	0	0	0	0	0	0	0	0	0	0	0	0	

0	-0.182407	-0.000276962	-12.1261	-19.1069	-23.7331	-27.7763	-25.8091	-12.8165	-21.5353	-19.0538	-16.5114	-16.7056	-17.2997	-16.7975	-15.4673	-13.5562	-11.2509	-24.6614	-14.7399	-9.26834	-0.114849	-0.00332363	0.000103033	0.000109187	0	
0	0	0	0	0	0	0	0	0	0	0	0	0	0	0	0	0	0	0	0	0	0	0	0	0	0	

0	-0.188589	-0.000563484	-11.2527	-18.3317	-23.3532	-27.6694	-25.9301	-12.6028	-21.8962	-19.1527	-16.4605	-16.6325	-17.1999	-16.7179	-15.3838	-13.5307	-11.1701	-24.182	-14.2403	-8.92179	-0.118271	-0.00260063	0.000100857	0.000107846	0	
0	0	0	0	0	0	0	0	0	0	0	0	0	0	0	0	0	0	0	0	0	0	0	0	0	0	

0	-0.248482	-0.000385965	-13.1886	-20.0179	-24.1829	-27.6647	-25.6392	-13.2873	-21.2556	-19.0016	-16.6794	-16.9161	-17.545	-17.0998	-15.8832	-14.0846	-11.8909	-25.4031	-16.1349	-10.5708	-0.160541	-0.00522081	0.000102288	0.00010821	0	
0	0	0	0	0	0	0	0	0	0	0	0	0	0	0	0	0	0	0	0	0	0	0	0	0	0	

0	-0.182342	-0.000863059	-10.6391	-17.8145	-23.1261	-27.604	-26.0409	-12.5147	-22.1692	-19.2332	-16.4861	-16.6333	-17.17	-16.6975	-15.3542	-13.5478	-11.0883	-23.8811	-13.9376	-8.66001	-0.113541	-0.0031399	9.72598e-05	0.000106447	0	
0	0	0	0	0	0	0	0	0	0	0	0	0	0	0	0	0	0	0	0	0	0	0	0	0	0	

0	-0.160051	-0.000461709	-10.9106	-18.0068	-23.1861	-27.7562	-25.9906	-12.429	-21.9511	-19.1622	-16.3945	-16.5507	-17.1077	-16.5921	-15.2015	-13.2854	-10.8763	-23.8824	-13.6659	-8.39751	-0.0993255	-0.00271539	0.000100388	0.000108247	0	
0	0	0	0	0	0	0	0	0	0	0	0	0	0	0	0	0	0	0	0	0	0	0	0	0	0	

0	-0.160344	-9.06372e-05	-12.139	-19.1653	-23.7757	-27.8543	-25.8	-12.7705	-21.4336	-19.0014	-16.4595	-16.6612	-17.2638	-16.7446	-15.3911	-13.4354	-11.1302	-24.68	-14.5789	-9.07221	-0.101052	-0.00262065	0.000104244	0.00011031	0	
0	0	0	0	0	0	0	0	0	0	0	0	0	0	0	0	0	0	0	0	0	0	0	0	0	0	

0	-0.181071	-0.000188801	-12.2097	-19.2082	-23.7973	-27.7804	-25.7874	-12.8741	-21.4784	-19.0379	-16.5302	-16.7306	-17.3287	-16.8289	-15.5065	-13.6001	-11.296	-24.7587	-14.8717	-9.36282	-0.114457	-0.00323875	0.000102989	0.000109222	0	
0	0	0	0	0	0	0	0	0	0	0	0	0	0	0	0	0	0	0	0	0	0	0	0	0	0	

0	-0.179934	-0.000523092	-11.1817	-18.3787	-23.4418	-27.7443	-25.9431	-12.6671	-21.7953	-19.1182	-16.4918	-16.6676	-17.2329	-16.7429	-15.4	-13.5284	-11.1535	-24.2852	-14.2762	-8.88905	-0.113942	-0.00316265	0.000100062	0.000107979	0	
0	0	0	0	0	0	0	0	0	0	0	0	0	0	0	0	0	0	0	0	0	0	0	0	0	0	

0	-0.260737	-2.7616e-05	-13.7368	-20.438	-24.3602	-27.656	-25.5567	-13.4133	-21.0947	-18.9519	-16.7013	-16.9542	-17.6004	-17.1591	-15.9648	-14.1729	-12.0226	-25.6507	-16.5334	-10.9392	-0.168998	-0.00567745	0.000103212	0.000108719	0	
0	0	0	0	0	0	0	0	0	0	0	0	0	0	0	0	0	0	0	0	0	0	0	0	0	0	

0	-0.129979	-0.000568696	-10.0233	-17.2222	-22.7982	-27.7886	-26.1263	-12.106	-22.1786	-19.1831	-16.2788	-16.4036	-16.927	-16.377	-14.9106	-12.9612	-10.4391	-23.2486	-12.7199	-7.58662	-0.0792847	-0.00192894	9.82088e-05	0.000108799	0	
0	0	0	0	0	0	0	0	0	0	0	0	0	0	0	0	0	0	0	0	0	0	0	0	0	0	

0	-0.138906	-0.000177738	-11.0152	-18.1299	-23.2516	-27.8565	-25.9569	-12.3882	-21.786	-19.0874	-16.3391	-16.5025	-17.0682	-16.5229	-15.0989	-13.1209	-10.7117	-23.903	-13.485	-8.18139	-0.0861904	-0.00221404	0.000101776	0.000109791	0	
0	0	0	0	0	0	0	0	0	0	0	0	0	0	0	0	0	0	0	0	0	0	0	0	0	0	

0	-0.162086	-0.000118793	-12.1322	-19.1766	-23.7905	-27.8453	-25.8005	-12.7974	-21.4369	-19.0048	-16.4768	-16.6785	-17.2798	-16.7642	-15.4162	-13.4703	-11.1599	-24.708	-14.6408	-9.12127	-0.102266	-0.00264244	0.000103777	0.000110116	0	
0	0	0	0	0	0	0	0	0	0	0	0	0	0	0	0	0	0	0	0	0	0	0	0	0	0	

0	-0.183744	-0.000197902	-12.2324	-19.2444	-23.8246	-27.7736	-25.7844	-12.9099	-21.4715	-19.0366	-16.5486	-16.7505	-17.3488	-16.8536	-15.5387	-13.6497	-11.3378	-24.8051	-14.9595	-9.43486	-0.116344	-0.00328391	0.000102123	0.00010903	0	
0	0	0	0	0	0	0	0	0	0	0	0	0	0	0	0	0	0	0	0	0	0	0	0	0	0	

0	-0.165146	-0.000368322	-11.3132	-18.4984	-23.4923	-27.8058	-25.9206	-12.6394	-21.7027	-19.0785	-16.4573	-16.6364	-17.2089	-16.6998	-15.3356	-13.4247	-11.0489	-24.3093	-14.1739	-8.76169	-0.104201	-0.00277751	0.000100755	0.000108896	0	
0	0	0	0	0	0	0	0	0	0	0	0	0	0	0	0	0	0	0	0	0	0	0	0	0	0	

0	-0.205068	-0.000372229	-12.089	-19.167	-23.8239	-27.7152	-25.8069	-13.0022	-21.5494	-19.0758	-16.6129	-16.8164	-17.4102	-16.9444	-15.6656	-13.8422	-11.5287	-24.8702	-15.2128	-9.69423	-0.13125	-0.00380282	9.96565e-05	0.000107638	0	
0	0	0	0	0	0	0	0	0	0	0	0	0	0	0	0	0	0	0	0	0	0	0	0	0	0	

0	-0.111549	-0.000344554	-10.1136	-17.3659	-22.8913	-27.8936	-26.0995	-12.1017	-22.0236	-19.123	-16.2501	-16.3814	-16.9129	-16.3371	-14.8417	-12.8398	-10.3059	-23.3122	-12.6062	-7.41897	-0.068086	-0.00150561	9.87999e-05	0.000109959	0	
0	0	0	0	0	0	0	0	0	0	0	0	0	0	0	0	0	0	0	0	0	0	0	0	0	0	

0	-0.125013	-0.000277135	-10.5954	-17.798	-23.1113	-27.8725	-26.026	-12.2987	-21.898	-19.1128	-16.3306	-16.4777	-17.025	-16.4679	-15.0151	-13.0401	-10.5517	-23.6744	-13.1478	-7.86581	-0.0770278	-0.00181267	9.92791e-05	0.000109481	0	
0	0	0	0	0	0	0	0	0	0	0	0	0	0	0	0	0	0	0	0	0	0	0	0	0	0	

0	-0.113437	-0.000219821	-10.6047	-17.8663	-23.1643	-27.9247	-26.0254	-12.2823	-21.8338	-19.0696	-16.3069	-16.4566	-17.0061	-16.4369	-14.9683	-12.9868	-10.4685	-23.701	-13.0655	-7.7469	-0.0697653	-0.00150146	9.86111e-05	0.000110297	0	
0	0	0	0	0	0	0	0	0	0	0	0	0	0	0	0	0	0	0	0	0	0	0	0	0	0	

0	-0.13635	-0.000236229	-11.1115	-18.3067	-23.3865	-27.8613	-25.9508	-12.5217	-21.7365	-19.0755	-16.4165	-16.5814	-17.1439	-16.6039	-15.193	-13.2578	-10.7937	-24.0916	-13.7465	-8.33623	-0.0847564	-0.00203037	9.88897e-05	0.000109373	0	
0	0	0	0	0	0	0	0	0	0	0	0	0	0	0	0	0	0	0	0	0	0	0	0	0	0	

0	-0.142983	-0.000184262	-11.5517	-18.7352	-23.6088	-27.8746	-25.8873	-12.6601	-21.5763	-19.0246	-16.4466	-16.6298	-17.2099	-16.6795	-15.295	-13.3674	-10.9489	-24.4124	-14.1595	-8.66572	-0.0895448	-0.00212676	0.000100083	0.000109899	0	
0	0	0	0	0	0	0	0	0	0	0	0	0	0	0	0	0	0	0	0	0	0	0	0	0	0	

0	-0.159918	-0.000230944	-11.7477	-18.8862	-23.682	-27.8167	-25.8572	-12.7889	-21.5695	-19.0489	-16.5193	-16.7059	-17.2872	-16.7748	-15.4228	-13.53	-11.1296	-24.5652	-14.5178	-8.9965	-0.100595	-0.00256766	9.97283e-05	0.000109005	0	
0	0	0	0	0	0	0	0	0	0	0	0	0	0	0	0	0	0	0	0	0	0	0	0	0	0	

0	-0.147456	-0.000265542	-11.3882	-18.6143	-23.5663	-27.8609	-25.9146	-12.6544	-21.6323	-19.0358	-16.4582	-16.637	-17.21	-16.6848	-15.303	-13.4233	-10.9595	-24.3595	-14.1273	-8.64352	-0.092363	-0.00225093	9.80677e-05	0.000109445	0	
0	0	0	0	0	0	0	0	0	0	0	0	0	0	0	0	0	0	0	0	0	0	0	0	0	0	

0	-0.163089	-0.000301228	-11.6164	-18.7944	-23.6536	-27.8088	-25.8813	-12.7905	-21.615	-19.0586	-16.5325	-16.7157	-17.2915	-16.7842	-15.4352	-13.5863	-11.144	-24.5326	-14.5023	-8.98288	-0.102623	-0.00263452	9.77144e-05	0.000108564	0	
0	0	0	0	0	0	0	0	0	0	0	0	0	0	0	0	0	0	0	0	0	0	0	0	0	0	

0	-0.144429	-0.000279965	-11.2901	-18.5417	-23.5379	-27.8667	-25.9316	-12.6333	-21.6571	-19.0353	-16.4544	-16.6298	-17.1986	-16.671	-15.2832	-13.4345	-10.9239	-24.309	-14.0485	-8.56563	-0.0901627	-0.00215736	9.69691e-05	0.000109392	0	
0	0	0	0	0	0	0	0	0	0	0	0	0	0	0	0	0	0	0	0	0	0	0	0	0	0	

0	-0.160837	-0.000316133	-11.5459	-18.7461	-23.637	-27.8129	-25.8945	-12.7798	-21.6334	-19.0572	-16.5327	-16.7134	-17.2861	-16.7775	-15.4249	-13.6078	-11.1227	-24.5024	-14.4542	-8.9303	-0.100932	-0.00255127	9.65783e-05	0.000108484	0	
0	0	0	0	0	0	0	0	0	0	0	0	0	0	0	0	0	0	0	0	0	0	0	0	0	0	

0	-0.14481	-0.000294918	-11.2635	-18.5294	-23.5378	-27.8666	-25.9384	-12.6371	-21.6659	-19.032	-16.459	-16.6334	-17.2006	-16.6738	-15.2866	-13.4764	-10.9261	-24.3056	-14.0494	-8.56062	-0.0902014	-0.00215097	9.60663e-05	0.0001093	0	
0	0	0	0	0	0	0	0	0	0	0	0	0	0	0	0	0	0	0	0	0	0	0	0	0	0	

0	-0.15967	-0.000328505	-11.4991	-18.7166	-23.6286	-27.8159	-25.9041	-12.7754	-21.6456	-19.055	-16.5343	-16.7133	-17.2838	-16.7747	-15.4203	-13.636	-11.1114	-24.4854	-14.4282	-8.89935	-0.0999551	-0.00250071	9.56693e-05	0.00010841	0	
0	0	0	0	0	0	0	0	0	0	0	0	0	0	0	0	0	0	0	0	0	0	0	0	0	0	

0	-0.145942	-0.000305486	-11.2639	-18.5386	-23.5467	-27.8656	-25.9407	-12.6474	-21.6673	-19.0279	-16.4648	-16.6392	-17.2058	-16.6805	-15.2956	-13.5202	-10.9379	-24.3169	-14.0727	-8.57644	-0.0907581	-0.0021652	9.5402e-05	0.000109223	0	
0	0	0	0	0	0	0	0	0	0	0	0	0	0	0	0	0	0	0	0	0	0	0	0	0	0	

0	-0.159615	-0.000337108	-11.4817	-18.7103	-23.6299	-27.817	-25.9088	-12.7787	-21.6503	-19.0518	-16.5376	-16.716	-17.2854	-16.7767	-15.4225	-13.6685	-11.1118	-24.4845	-14.4286	-8.89367	-0.0997383	-0.00248255	9.4984e-05	0.000108348	0	
0	0	0	0	0	0	0	0	0	0	0	0	0	0	0	0	0	0	0	0	0	0	0	0	0	0	

0	-0.147342	-0.000312948	-11.2779	-18.5582	-23.56	-27.8644	-25.9408	-12.6604	-21.6648	-19.0235	-16.471	-16.6459	-17.2125	-16.6889	-15.3069	-13.5623	-10.9537	-24.3353	-14.1059	-8.60161	-0.091514	-0.00218736	9.48895e-05	0.000109158	0	
0	0	0	0	0	0	0	0	0	0	0	0	0	0	0	0	0	0	0	0	0	0	0	0	0	0	

0	-0.159735	-0.000342331	-11.4746	-18.7109	-23.6335	-27.8179	-25.9115	-12.7829	-21.652	-19.0487	-16.5405	-16.7186	-17.2874	-16.7791	-15.4254	-13.6955	-11.1142	-24.4876	-14.4342	-8.89401	-0.0996732	-0.00247251	9.44972e-05	0.000108306	0	
0	0	0	0	0	0	0	0	0	0	0	0	0	0	0	0	0	0	0	0	0	0	0	0	0	0	

0	-0.148571	-0.000317946	-11.294	-18.5781	-23.5725	-27.8633	-25.94	-12.6722	-21.6613	-19.0198	-16.4763	-16.6517	-17.2185	-16.6963	-15.317	-13.5968	-10.9681	-24.353	-14.1367	-8.62548	-0.0921923	-0.00220761	9.45133e-05	0.00010911	0	
0	0	0	0	0	0	0	0	0	0	0	0	0	0	0	0	0	0	0	0	0	0	0	0	0	0	

0	-0.160249	-0.000345706	-11.479	-18.7195	-23.64	-27.8179	-25.912	-12.7893	-21.6507	-19.0459	-16.5436	-16.7219	-17.2905	-16.783	-15.4305	-13.7194	-11.1207	-24.496	-14.4488	-8.90367	-0.0999053	-0.00247593	9.41566e-05	0.000108272	0	
0	0	0	0	0	0	0	0	0	0	0	0	0	0	0	0	0	0	0	0	0	0	0	0	0	0	

0	-0.149252	-0.000320263	-11.3042	-18.5905	-23.5801	-27.8628	-25.9394	-12.6792	-21.6587	-19.0175	-16.4793	-16.6551	-17.222	-16.7007	-15.3228	-13.6166	-10.9764	-24.3638	-14.155	-8.63954	-0.0925666	-0.0022184	9.43082e-05	0.000109084	0	
0	0	0	0	0	0	0	0	0	0	0	0	0	0	0	0	0	0	0	0	0	0	0	0	0	0	

0	-0.160643	-0.000347364	-11.4844	-18.7271	-23.6451	-27.8178	-25.9119	-12.794	-21.6492	-19.044	-16.5458	-16.7243	-17.2929	-16.7859	-15.4343	-13.7344	-11.1258	-24.5029	-14.4604	-8.91196	-0.100103	-0.00248006	9.39653e-05	0.000108252	0	
0	0	0	0	0	0	0	0	0	0	0	0	0	0	0	0	0	0	0	0	0	0	0	0	0	0	

0	-0.14964	-0.000321435	-11.3107	-18.5984	-23.585	-27.8626	-25.9389	-12.6836	-21.657	-19.016	-16.4812	-16.6572	-17.2242	-16.7034	-15.3264	-13.6289	-10.9814	-24.3707	-14.1662	-8.64806	-0.0927759	-0.002224	9.41839e-05	0.00010907	0	
0	0	0	0	0	0	0	0	0	0	0	0	0	0	0	0	0	0	0	0	0	0	0	0	0	0	

0	-0.160696	-0.000347916	-11.485	-18.7291	-23.6467	-27.818	-25.9121	-12.7955	-21.6488	-19.0433	-16.5465	-16.725	-17.2937	-16.7867	-15.4354	-13.7401	-11.127	-24.5049	-14.4634	-8.91363	-0.100112	-0.00247865	9.38854e-05	0.000108246	0	
0	0	0	0	0	0	0	0	0	0	0	0	0	0	0	0	0	0	0	0	0	0	0	0	0	0	

0	-0.149781	-0.000321869	-11.3133	-18.602	-23.5874	-27.8627	-25.9388	-12.6857	-21.6561	-19.0152	-16.4821	-16.6582	-17.2253	-16.7046	-15.328	-13.6349	-10.9835	-24.3739	-14.1713	-8.65164	-0.0928455	-0.00222523	9.41203e-05	0.000109064	0	
0	0	0	0	0	0	0	0	0	0	0	0	0	0	0	0	0	0	0	0	0	0	0	0	0	0	

0	-0.162417	-0.000351575	-11.5113	-18.7579	-23.6633	-27.8165	-25.9099	-12.8108	-21.6423	-19.0382	-16.5528	-16.7322	-17.3013	-16.7961	-15.4483	-13.7822	-11.1459	-24.5289	-14.505	-8.94677	-0.101078	-0.00250933	9.34784e-05	0.000108194	0	
0	0	0	0	0	0	0	0	0	0	0	0	0	0	0	0	0	0	0	0	0	0	0	0	0	0	

0	-0.149756	-0.000321916	-11.3131	-18.6024	-23.5879	-27.8629	-25.9389	-12.6861	-21.656	-19.0149	-16.4823	-16.6584	-17.2255	-16.7048	-15.3282	-13.6367	-10.9836	-24.3744	-14.1718	-8.65169	-0.0928207	-0.00222357	9.40958e-05	0.000109062	0	
0	0	0	0	0	0	0	0	0	0	0	0	0	0	0	0	0	0	0	0	0	0	0	0	0	0	

0	-0.162239	-0.000351404	-11.5086	-18.7557	-23.6623	-27.8169	-25.9102	-12.8099	-21.6428	-19.0383	-16.5525	-16.7318	-17.3008	-16.7955	-15.4473	-13.7811	-11.1443	-24.5272	-14.5018	-8.94372	-0.100961	-0.00250449	9.34792e-05	0.000108197	0	
0	0	0	0	0	0	0	0	0	0	0	0	0	0	0	0	0	0	0	0	0	0	0	0	0	0	

