0	9.31264e+17	9.19054e+17	8.77545e+17	8.43372e+17	8.8149e+17	9.14822e+17	9.35658e+17	9.43706e+17	9.52638e+17	0	
0	9.4092e+17	9.28799e+17	8.87542e+17	8.52059e+17	8.8682e+17	9.18975e+17	9.39113e+17	9.47993e+17	9.56847e+17	0	
0	9.47071e+17	9.34912e+17	8.96685e+17	8.65461e+17	8.97482e+17	9.26228e+17	9.44872e+17	9.53138e+17	9.61754e+17	0	
0	9.47977e+17	9.35907e+17	8.98484e+17	8.69886e+17	9.00296e+17	9.27833e+17	9.45968e+17	9.54017e+17	9.62584e+17	0	
0	9.47984e+17	9.35955e+17	8.98875e+17	8.71623e+17	9.01037e+17	9.28074e+17	9.46053e+17	9.54018e+17	9.62581e+17	0	
0	0	0	0	0	0	0	0	0	0	0	

0	7.64023e+14	1.39001e+15	2.26408e+15	2.82109e+15	2.51825e+15	1.93616e+15	1.247e+15	6.90369e+14	4.24591e+14	0	
0	7.91987e+14	1.36369e+15	2.22565e+15	2.77003e+15	2.48139e+15	1.89987e+15	1.22367e+15	6.66019e+14	4.12439e+14	0	
0	5.66311e+14	1.11972e+15	1.88296e+15	2.39603e+15	2.13439e+15	1.62546e+15	1.0321e+15	5.24483e+14	2.97871e+14	0	
0	4.42958e+14	9.54015e+14	1.68555e+15	2.20308e+15	1.93823e+15	1.44918e+15	8.82519e+14	4.13056e+14	2.08401e+14	0	
0	4.25499e+14	9.08344e+14	1.62162e+15	2.14691e+15	1.87798e+15	1.39244e+15	8.38697e+14	3.87953e+14	1.93812e+14	0	
0	0	0	0	0	0	0	0	0	0	0	

0	4.0568e+11	1.25167e+12	3.1199e+12	5.35379e+12	3.82671e+12	2.31088e+12	1.14873e+12	6.03823e+11	3.70236e+11	0	
0	6.01201e+11	1.3237e+12	3.11845e+12	5.23804e+12	3.80776e+12	2.32771e+12	1.16576e+12	5.24413e+11	3.2623e+11	0	
0	3.12332e+11	9.99389e+11	2.57458e+12	4.53761e+12	3.24171e+12	1.94476e+12	9.22919e+11	3.55969e+11	1.91757e+11	0	
0	1.33494e+11	7.83387e+11	2.30014e+12	4.25468e+12	2.97911e+12	1.72271e+12	7.4909e+11	2.24e+11	7.46843e+10	0	
0	1.10997e+11	7.38781e+11	2.22897e+12	4.1902e+12	2.91332e+12	1.66519e+12	7.05771e+11	1.94899e+11	5.1053e+10	0	
0	0	0	0	0	0	0	0	0	0	0	

0	8.74529e+13	1.60452e+14	2.66532e+14	3.37428e+14	2.97495e+14	2.25686e+14	1.4348e+14	7.92565e+13	4.90717e+13	0	
0	9.13225e+13	1.57746e+14	2.62069e+14	3.3121e+14	2.93323e+14	2.21732e+14	1.41004e+14	7.62459e+13	4.75007e+13	0	
0	6.47561e+13	1.29054e+14	2.2137e+14	2.86477e+14	2.52147e+14	1.8946e+14	1.18603e+14	5.97352e+13	3.41279e+13	0	
0	5.02514e+13	1.09709e+14	1.98261e+14	2.63822e+14	2.29179e+14	1.68898e+14	1.01211e+14	4.67286e+13	2.36066e+13	0	
0	4.82498e+13	1.0449e+14	1.90975e+14	2.57492e+14	2.22346e+14	1.62433e+14	9.61982e+13	4.38409e+13	2.18987e+13	0	
0	0	0	0	0	0	0	0	0	0	0	

0	2.4923e+11	8.43697e+11	2.21262e+12	3.95956e+12	2.74483e+12	1.62765e+12	7.93182e+11	4.15619e+11	2.54397e+11	0	
0	4.04694e+11	9.1449e+11	2.23004e+12	3.87902e+12	2.73733e+12	1.64753e+12	8.10869e+11	3.55267e+11	2.21614e+11	0	
0	2.08903e+11	6.94081e+11	1.84959e+12	3.37157e+12	2.3389e+12	1.38506e+12	6.49718e+11	2.46735e+11	1.37381e+11	0	
0	7.24795e+10	5.30567e+11	1.64165e+12	3.15647e+12	2.14524e+12	1.22029e+12	5.20334e+11	1.49632e+11	5.10597e+10	0	
0	5.2526e+10	4.96463e+11	1.59336e+12	3.11742e+12	2.1035e+12	1.18107e+12	4.87259e+11	1.24248e+11	2.96742e+10	0	
0	0	0	0	0	0	0	0	0	0	0	

0	4.17814e+10	1.36956e+11	3.38747e+11	5.71603e+11	4.13959e+11	2.53725e+11	1.26703e+11	6.45535e+10	3.9049e+10	0	
0	6.33967e+10	1.45097e+11	3.3943e+11	5.60043e+11	4.1198e+11	2.55424e+11	1.28669e+11	5.65411e+10	3.45779e+10	0	
0	3.29197e+10	1.10601e+11	2.81524e+11	4.85743e+11	3.51648e+11	2.14382e+11	1.02824e+11	3.88558e+10	2.05574e+10	0	
0	1.31433e+10	8.66112e+10	2.51142e+11	4.54557e+11	3.22731e+11	1.8979e+11	8.34584e+10	2.43013e+10	7.68323e+09	0	
0	1.04359e+10	8.15193e+10	2.43316e+11	4.47537e+11	3.15575e+11	1.83458e+11	7.85569e+10	2.08668e+10	4.88004e+09	0	
0	0	0	0	0	0	0	0	0	0	0	

0	1.23784e+11	3.88285e+11	9.89867e+11	1.71287e+12	1.21794e+12	7.25561e+11	3.54302e+11	1.87066e+11	1.16361e+11	0	
0	1.86411e+11	4.10776e+11	9.8741e+11	1.67445e+12	1.21174e+12	7.31336e+11	3.59952e+11	1.6111e+11	1.01742e+11	0	
0	9.35056e+10	3.06631e+11	8.12299e+11	1.44895e+12	1.0295e+12	6.08423e+11	2.81798e+11	1.06562e+11	5.79244e+10	0	
0	3.78974e+10	2.39859e+11	7.27051e+11	1.36079e+12	9.47458e+11	5.39514e+11	2.28274e+11	6.56537e+10	2.13766e+10	0	
0	3.1436e+10	2.26521e+11	7.04672e+11	1.33993e+12	9.26442e+11	5.21578e+11	2.15261e+11	5.72384e+10	1.44833e+10	0	
0	0	0	0	0	0	0	0	0	0	0	

0	1.95592e+10	6.39206e+10	1.71876e+11	3.10557e+11	2.13936e+11	1.24345e+11	5.92153e+10	3.167e+10	2.00095e+10	0	
0	3.14309e+10	6.90499e+10	1.72442e+11	3.03716e+11	2.1322e+11	1.25909e+11	6.05541e+10	2.6743e+10	1.7272e+10	0	
0	1.56368e+10	5.14005e+10	1.4205e+11	2.63381e+11	1.81453e+11	1.05015e+11	4.7587e+10	1.78406e+10	1.02454e+10	0	
0	5.44824e+09	3.929e+10	1.26539e+11	2.47262e+11	1.66845e+11	9.27178e+10	3.8042e+10	1.05795e+10	3.72311e+09	0	
0	4.15482e+09	3.69063e+10	1.22872e+11	2.44156e+11	1.6358e+11	8.97692e+10	3.57033e+10	8.8957e+09	2.29125e+09	0	
0	0	0	0	0	0	0	0	0	0	0	

0	7.91008e+09	2.50139e+10	6.68849e+10	1.20283e+11	8.3141e+10	4.81467e+10	2.29074e+10	1.23934e+10	7.87583e+09	0	
0	1.23838e+10	2.68118e+10	6.68441e+10	1.17513e+11	8.28058e+10	4.87071e+10	2.3381e+10	1.04608e+10	6.79258e+09	0	
0	6.08855e+09	1.97952e+10	5.48516e+10	1.01746e+11	7.02998e+10	4.04366e+10	1.81816e+10	6.84129e+09	3.90213e+09	0	
0	2.25678e+09	1.52451e+10	4.90143e+10	9.56701e+10	6.47337e+10	3.578e+10	1.45866e+10	4.08162e+09	1.41792e+09	0	
0	1.81513e+09	1.43688e+10	4.75731e+10	9.43839e+10	6.34106e+10	3.46276e+10	1.37241e+10	3.50056e+09	9.28128e+08	0	
0	0	0	0	0	0	0	0	0	0	0	

0	2.13494e+09	7.3546e+09	1.93412e+10	3.43985e+10	2.39695e+10	1.42636e+10	6.91868e+09	3.5767e+09	2.2038e+09	0	
0	3.49632e+09	7.97339e+09	1.95021e+10	3.371e+10	2.39011e+10	1.44316e+10	7.07448e+09	3.06136e+09	1.92133e+09	0	
0	1.79233e+09	6.05255e+09	1.61879e+10	2.9299e+10	2.04286e+10	1.21391e+10	5.67139e+09	2.11956e+09	1.19041e+09	0	
0	5.97909e+08	4.62124e+09	1.43652e+10	2.74165e+10	1.87338e+10	1.06958e+10	4.53801e+09	1.27114e+09	4.34373e+08	0	
0	4.24268e+08	4.32428e+09	1.39456e+10	2.70796e+10	1.83726e+10	1.0355e+10	4.24954e+09	1.04934e+09	2.46323e+08	0	
0	0	0	0	0	0	0	0	0	0	0	

0	3.81808e+09	1.36932e+10	3.76139e+10	6.92851e+10	4.70683e+10	2.74662e+10	1.30703e+10	6.83054e+09	4.2565e+09	0	
0	6.64459e+09	1.51183e+10	3.811e+10	6.79164e+10	4.69997e+10	2.78932e+10	1.34363e+10	5.75195e+09	3.67227e+09	0	
0	3.39278e+09	1.1462e+10	3.16712e+10	5.91249e+10	4.02249e+10	2.35157e+10	1.08158e+10	4.02259e+09	2.35587e+09	0	
0	9.71797e+08	8.58142e+09	2.79934e+10	5.5312e+10	3.68597e+10	2.06449e+10	8.56305e+09	2.34262e+09	8.53428e+08	0	
0	6.01365e+08	7.98895e+09	2.72113e+10	5.47402e+10	3.622e+10	2.0008e+10	7.98529e+09	1.86922e+09	4.4416e+08	0	
0	0	0	0	0	0	0	0	0	0	0	

0	4.0154e+10	1.49209e+11	3.52915e+11	5.68545e+11	4.26235e+11	2.75222e+11	1.42115e+11	6.72067e+10	3.85271e+10	0	
0	6.36724e+10	1.5919e+11	3.57282e+11	5.59914e+11	4.24623e+11	2.76647e+11	1.44447e+11	6.06372e+10	3.49226e+10	0	
0	3.49983e+10	1.25937e+11	3.01305e+11	4.8829e+11	3.66072e+11	2.36226e+11	1.19691e+11	4.45718e+10	2.26558e+10	0	
0	1.26275e+10	9.83625e+10	2.66843e+11	4.53371e+11	3.34039e+11	2.0836e+11	9.72323e+10	2.82201e+10	8.42589e+09	0	
0	8.67382e+09	9.1924e+10	2.58391e+11	4.46393e+11	3.26754e+11	2.01416e+11	9.11677e+10	2.3385e+10	4.46649e+09	0	
0	0	0	0	0	0	0	0	0	0	0	

0	2.64407e+10	9.2538e+10	2.25151e+11	3.72788e+11	2.7384e+11	1.71768e+11	8.6885e+10	4.26276e+10	2.52275e+10	0	
0	4.12021e+10	9.84975e+10	2.26797e+11	3.66124e+11	2.72679e+11	1.72829e+11	8.83066e+10	3.78101e+10	2.25558e+10	0	
0	2.18954e+10	7.64018e+10	1.89598e+11	3.1836e+11	2.33839e+11	1.4627e+11	7.18281e+10	2.68134e+10	1.3985e+10	0	
0	8.18209e+09	5.96528e+10	1.68506e+11	2.96844e+11	2.1403e+11	1.29236e+11	5.82686e+10	1.67844e+10	5.17211e+09	0	
0	6.04414e+09	5.59422e+10	1.63257e+11	2.92366e+11	2.09386e+11	1.24956e+11	5.47318e+10	1.41214e+10	2.98566e+09	0	
0	0	0	0	0	0	0	0	0	0	0	

0	1.29271e+10	4.46339e+10	1.23996e+11	2.29209e+11	1.55363e+11	8.9651e+10	4.21269e+10	2.23552e+10	1.42023e+10	0	
0	2.20745e+10	4.90872e+10	1.25215e+11	2.24425e+11	1.55054e+11	9.10348e+10	4.32904e+10	1.87007e+10	1.21977e+10	0	
0	1.10494e+10	3.67563e+10	1.03591e+11	1.9506e+11	1.32343e+11	7.63463e+10	3.44117e+10	1.27469e+10	7.59959e+09	0	
0	3.28299e+09	2.75596e+10	9.17975e+10	1.82804e+11	1.2147e+11	6.71327e+10	2.72317e+10	7.34323e+09	2.73756e+09	0	
0	2.19316e+09	2.57355e+10	8.92585e+10	1.80888e+11	1.19349e+11	6.50751e+10	2.5438e+10	5.92893e+09	1.50854e+09	0	
0	0	0	0	0	0	0	0	0	0	0	

0	4.27857e+09	1.50155e+10	4.3287e+10	8.21247e+10	5.4639e+10	3.09708e+10	1.4283e+10	7.68471e+09	4.95537e+09	0	
0	7.6025e+09	1.6729e+10	4.38143e+10	8.0399e+10	5.45778e+10	3.1534e+10	1.47346e+10	6.33441e+09	4.21756e+09	0	
0	3.76589e+09	1.24583e+10	3.62269e+10	6.99243e+10	4.65885e+10	2.64475e+10	1.17022e+10	4.31492e+09	2.67351e+09	0	
0	9.95114e+08	9.19855e+09	3.20311e+10	6.55484e+10	4.27557e+10	2.32008e+10	9.17858e+09	2.41637e+09	9.56892e+08	0	
0	6.0129e+08	8.56105e+09	3.11714e+10	6.49364e+10	4.20587e+10	2.25037e+10	8.5473e+09	1.90138e+09	5.02613e+08	0	
0	0	0	0	0	0	0	0	0	0	0	

0	4.45801e+10	1.42162e+11	3.79222e+11	6.81492e+11	4.71316e+11	2.74428e+11	1.30846e+11	7.01445e+10	4.44045e+10	0	
0	7.01517e+10	1.5274e+11	3.79764e+11	6.66209e+11	4.69497e+11	2.77566e+11	1.33539e+11	5.93182e+10	3.83918e+10	0	
0	3.48037e+10	1.13304e+11	3.12305e+11	5.77148e+11	3.9904e+11	2.31028e+11	1.04484e+11	3.92227e+10	2.24217e+10	0	
0	1.26912e+10	8.70176e+10	2.78559e+11	5.42087e+11	3.67118e+11	2.04208e+11	8.37197e+10	2.33697e+10	8.15519e+09	0	
0	1.00586e+10	8.19145e+10	2.70444e+11	5.35133e+11	3.59808e+11	1.97673e+11	7.86784e+10	1.98848e+10	5.19905e+09	0	
0	0	0	0	0	0	0	0	0	0	0	

0	3.42563e+09	1.16616e+10	3.44944e+10	6.73875e+10	4.38556e+10	2.4273e+10	1.10458e+10	6.16531e+09	4.00854e+09	0	
0	6.10482e+09	1.30577e+10	3.48688e+10	6.58842e+10	4.38212e+10	2.47697e+10	1.14116e+10	4.99292e+09	3.37554e+09	0	
0	2.97622e+09	9.59533e+09	2.86857e+10	5.72581e+10	3.73128e+10	2.0673e+10	8.95911e+09	3.34162e+09	2.10678e+09	0	
0	7.86043e+08	7.03447e+09	2.53793e+10	5.37865e+10	3.42891e+10	1.81284e+10	6.99703e+09	1.85162e+09	7.5401e+08	0	
0	4.92151e+08	6.55087e+09	2.47109e+10	5.33164e+10	3.37466e+10	1.75884e+10	6.51436e+09	1.46328e+09	4.09102e+08	0	
0	0	0	0	0	0	0	0	0	0	0	

0	4.41208e+10	1.52794e+11	4.34456e+11	8.14986e+11	5.46707e+11	3.1155e+11	1.44472e+11	7.75019e+10	4.9848e+10	0	
0	7.67757e+10	1.69064e+11	4.38863e+11	7.97705e+11	5.45826e+11	3.16822e+11	1.48764e+11	6.42333e+10	4.25502e+10	0	
0	3.79511e+10	1.25823e+11	3.62577e+11	6.93329e+11	4.65614e+11	2.65382e+11	1.17834e+11	4.34881e+10	2.65666e+10	0	
0	1.06055e+10	9.35976e+10	3.21112e+11	6.50121e+11	4.2749e+11	2.33133e+11	9.27785e+10	2.45981e+10	9.49823e+09	0	
0	6.8086e+09	8.7286e+10	3.12322e+11	6.43553e+11	4.20188e+11	2.26023e+11	8.6535e+10	1.96302e+10	5.14038e+09	0	
0	0	0	0	0	0	0	0	0	0	0	

0	2.43219e+10	8.55986e+10	2.45399e+11	4.62472e+11	3.09244e+11	1.76115e+11	8.14162e+10	4.35054e+10	2.80284e+10	0	
0	4.30785e+10	9.52137e+10	2.48383e+11	4.52855e+11	3.08862e+11	1.79221e+11	8.39543e+10	3.59945e+10	2.39095e+10	0	
0	2.139e+10	7.10515e+10	2.05534e+11	3.93875e+11	2.63745e+11	1.50417e+11	6.67835e+10	2.45718e+10	1.51759e+10	0	
0	5.68902e+09	5.25602e+10	1.81742e+11	3.69094e+11	2.42001e+11	1.31979e+11	5.24324e+10	1.37904e+10	5.43242e+09	0	
0	3.44378e+09	4.89224e+10	1.76838e+11	3.65579e+11	2.38017e+11	1.28001e+11	4.88331e+10	1.08556e+10	2.84709e+09	0	
0	0	0	0	0	0	0	0	0	0	0	

0	3.10968e+10	9.88172e+10	2.96559e+11	5.86314e+11	3.78239e+11	2.04641e+11	9.16104e+10	5.32635e+10	3.52664e+10	0	
0	5.34307e+10	1.09752e+11	2.97841e+11	5.72002e+11	3.77649e+11	2.08872e+11	9.44975e+10	4.25723e+10	2.94431e+10	0	
0	2.51496e+10	7.86931e+10	2.42813e+11	4.95788e+11	3.19912e+11	1.72492e+11	7.22517e+10	2.71625e+10	1.73301e+10	0	
0	7.27962e+09	5.79621e+10	2.15865e+11	4.67287e+11	2.94864e+11	1.51702e+11	5.64577e+10	1.49233e+10	6.12759e+09	0	
0	5.28483e+09	5.43059e+10	2.10151e+11	4.62898e+11	2.89967e+11	1.47139e+11	5.27504e+10	1.22043e+10	3.696e+09	0	
0	0	0	0	0	0	0	0	0	0	0	

0	1.12954e+10	3.65354e+10	1.1632e+11	2.40029e+11	1.50148e+11	7.89087e+10	3.43637e+10	2.06118e+10	1.38517e+10	0	
0	2.06385e+10	4.15614e+10	1.17345e+11	2.34158e+11	1.50143e+11	8.09414e+10	3.5694e+10	1.60507e+10	1.14023e+10	0	
0	9.6382e+09	2.95516e+10	9.56134e+10	2.03237e+11	1.2726e+11	6.68838e+10	2.72753e+10	1.0283e+10	6.94144e+09	0	
0	2.33196e+09	2.11473e+10	8.46552e+10	1.91584e+11	1.17245e+11	5.8568e+10	2.09738e+10	5.40611e+09	2.45557e+09	0	
0	1.47119e+09	1.9693e+10	8.25483e+10	1.90166e+11	1.1555e+11	5.6881e+10	1.94869e+10	4.2296e+09	1.38162e+09	0	
0	0	0	0	0	0	0	0	0	0	0	

0	2.48907e+08	7.43387e+08	2.50468e+09	5.57874e+09	3.29646e+09	1.6156e+09	6.81192e+08	4.61343e+08	3.11128e+08	0	
0	4.52159e+08	8.50526e+08	2.51183e+09	5.42054e+09	3.29697e+09	1.66801e+09	7.09944e+08	3.40708e+08	2.48436e+08	0	
0	1.99375e+08	5.74778e+08	2.00837e+09	4.6927e+09	2.76984e+09	1.34962e+09	5.12351e+08	2.00397e+08	1.37157e+08	0	
0	5.12458e+07	4.06903e+08	1.7889e+09	4.45349e+09	2.56561e+09	1.18519e+09	3.92348e+08	1.03646e+08	4.75753e+07	0	
0	3.85312e+07	3.82546e+08	1.74672e+09	4.42366e+09	2.52999e+09	1.15258e+09	3.67144e+08	8.62217e+07	3.13502e+07	0	
0	0	0	0	0	0	0	0	0	0	0	

0	1.66929e+09	5.07979e+09	1.58965e+10	3.2968e+10	2.05307e+10	1.06158e+10	4.63393e+09	2.89743e+09	1.93941e+09	0	
0	2.87738e+09	5.66077e+09	1.58965e+10	3.2076e+10	2.05006e+10	1.08779e+10	4.79106e+09	2.23939e+09	1.58618e+09	0	
0	1.29505e+09	3.92738e+09	1.28044e+10	2.7751e+10	1.72656e+10	8.86277e+09	3.53317e+09	1.34824e+09	8.74855e+08	0	
0	3.77529e+08	2.87437e+09	1.14305e+10	2.62755e+10	1.59711e+10	7.8102e+09	2.75255e+09	7.27214e+08	3.03102e+08	0	
0	2.94933e+08	2.70787e+09	1.11348e+10	2.60336e+10	1.57074e+10	7.57983e+09	2.58252e+09	6.14329e+08	2.00904e+08	0	
0	0	0	0	0	0	0	0	0	0	0	

0	1.71134e+09	5.65139e+09	1.83882e+10	3.8186e+10	2.38259e+10	1.24145e+10	5.32244e+09	3.2142e+09	2.18247e+09	0	
0	3.21029e+09	6.46147e+09	1.857e+10	3.72436e+10	2.3822e+10	1.27485e+10	5.54113e+09	2.47743e+09	1.78483e+09	0	
0	1.47836e+09	4.55988e+09	1.51082e+10	3.23125e+10	2.01751e+10	1.05059e+10	4.19426e+09	1.55676e+09	1.06947e+09	0	
0	3.27497e+08	3.23596e+09	1.33832e+10	3.04772e+10	1.86016e+10	9.20703e+09	3.21675e+09	7.95243e+08	3.69788e+08	0	
0	1.96849e+08	3.02157e+09	1.30713e+10	3.02762e+10	1.83556e+10	8.96148e+09	2.99984e+09	6.22663e+08	2.1006e+08	0	
0	0	0	0	0	0	0	0	0	0	0	

0	4.35724e+09	1.4084e+10	4.55759e+10	9.47238e+10	5.90227e+10	3.06374e+10	1.31684e+10	8.03558e+09	5.44908e+09	0	
0	8.02129e+09	1.60208e+10	4.59045e+10	9.23311e+10	5.90028e+10	3.14544e+10	1.36931e+10	6.19502e+09	4.45414e+09	0	
0	3.6632e+09	1.12504e+10	3.72598e+10	8.00619e+10	4.99082e+10	2.58564e+10	1.03049e+10	3.85635e+09	2.62694e+09	0	
0	8.60571e+08	8.03324e+09	3.30618e+10	7.55834e+10	4.60487e+10	2.268e+10	7.92067e+09	1.99192e+09	9.1064e+08	0	
0	5.53788e+08	7.50738e+09	3.22572e+10	7.50162e+10	4.5388e+10	2.20473e+10	7.38561e+09	1.58025e+09	5.31597e+08	0	
0	0	0	0	0	0	0	0	0	0	0	

0	1.66258e+08	5.1046e+08	1.65756e+09	3.5387e+09	2.15804e+09	1.09464e+09	4.69644e+08	3.00617e+08	2.02399e+08	0	
0	2.97557e+08	5.77951e+08	1.66318e+09	3.44299e+09	2.15693e+09	1.12548e+09	4.87888e+08	2.28179e+08	1.64043e+08	0	
0	1.33724e+08	3.98757e+08	1.33908e+09	2.9816e+09	1.81726e+09	9.17214e+08	3.5935e+08	1.37695e+08	9.24416e+07	0	
0	3.51845e+07	2.86267e+08	1.19224e+09	2.82333e+09	1.68067e+09	8.06118e+08	2.77116e+08	7.22997e+07	3.20971e+07	0	
0	2.58917e+07	2.68838e+08	1.16317e+09	2.80212e+09	1.65601e+09	7.83406e+08	2.59226e+08	5.9622e+07	2.0446e+07	0	
0	0	0	0	0	0	0	0	0	0	0	

0	1.81146e+10	5.88217e+10	1.79868e+11	3.57353e+11	2.29829e+11	1.24176e+11	5.51011e+10	3.18017e+10	2.12292e+10	0	
0	3.20452e+10	6.59876e+10	1.8118e+11	3.48902e+11	2.29627e+11	1.26892e+11	5.69973e+10	2.53581e+10	1.7709e+10	0	
0	1.51484e+10	4.74929e+10	1.4816e+11	3.02763e+11	1.94889e+11	1.05192e+11	4.39503e+10	1.64246e+10	1.07729e+10	0	
0	3.984e+09	3.45717e+10	1.31334e+11	2.84995e+11	1.79417e+11	9.22792e+10	3.40916e+10	8.84155e+09	3.81652e+09	0	
0	2.64515e+09	3.22461e+10	1.2791e+11	2.82521e+11	1.7658e+11	8.95248e+10	3.17237e+10	7.00634e+09	2.16053e+09	0	
0	0	0	0	0	0	0	0	0	0	0	

0	2.14884e+08	6.43986e+08	2.09412e+09	4.52412e+09	2.73332e+09	1.36636e+09	5.8445e+08	3.85044e+08	2.58806e+08	0	
0	3.78277e+08	7.24805e+08	2.09381e+09	4.39589e+09	2.73089e+09	1.40577e+09	6.06693e+08	2.8956e+08	2.08449e+08	0	
0	1.66541e+08	4.92845e+08	1.67528e+09	3.80223e+09	2.29377e+09	1.13719e+09	4.38065e+08	1.6923e+08	1.12139e+08	0	
0	4.64755e+07	3.56231e+08	1.49698e+09	3.60872e+09	2.12564e+09	1.00204e+09	3.39292e+08	8.94605e+07	3.84539e+07	0	
0	3.67451e+07	3.36251e+08	1.46031e+09	3.58008e+09	2.09329e+09	9.7378e+08	3.18793e+08	7.62364e+07	2.63111e+07	0	
0	0	0	0	0	0	0	0	0	0	0	

0	3.50038e+09	1.06892e+10	3.56455e+10	7.72588e+10	4.66251e+10	2.3306e+10	9.85721e+09	6.4334e+09	4.37194e+09	0	
0	6.37821e+09	1.2201e+10	3.57724e+10	7.51485e+10	4.66227e+10	2.40097e+10	1.02638e+10	4.82764e+09	3.52024e+09	0	
0	2.83136e+09	8.3407e+09	2.87526e+10	6.50815e+10	3.92573e+10	1.9533e+10	7.51362e+09	2.8899e+09	1.99066e+09	0	
0	6.99541e+08	5.91715e+09	2.55784e+10	6.16493e+10	3.63128e+10	1.7143e+10	5.75074e+09	1.48416e+09	6.88833e+08	0	
0	4.99992e+08	5.54717e+09	2.49584e+10	6.1198e+10	3.57884e+10	1.66602e+10	5.36816e+09	1.20931e+09	4.33457e+08	0	
0	0	0	0	0	0	0	0	0	0	0	

0	5.28088e+08	1.73299e+09	5.67862e+09	1.18345e+10	7.36712e+09	3.8186e+09	1.62818e+09	9.91196e+08	6.7571e+08	0	
0	9.91079e+08	1.9823e+09	5.73136e+09	1.1539e+10	7.36548e+09	3.92283e+09	1.69582e+09	7.61012e+08	5.51288e+08	0	
0	4.53259e+08	1.3921e+09	4.65644e+09	1.00081e+10	6.23341e+09	3.22708e+09	1.27696e+09	4.73795e+08	3.27481e+08	0	
0	9.99805e+07	9.86364e+08	4.12728e+09	9.44438e+09	5.75003e+09	2.82915e+09	9.78388e+08	2.4035e+08	1.12733e+08	0	
0	6.10207e+07	9.21915e+08	4.032e+09	9.38269e+09	5.67462e+09	2.75442e+09	9.13071e+08	1.88854e+08	6.48905e+07	0	
0	0	0	0	0	0	0	0	0	0	0	

0	2.1392e+09	6.90423e+09	2.22363e+10	4.59049e+10	2.87391e+10	1.49968e+10	6.45922e+09	3.90764e+09	2.65321e+09	0	
0	3.92022e+09	7.84526e+09	2.23969e+10	4.4759e+10	2.8729e+10	1.53869e+10	6.71282e+09	3.0269e+09	2.17511e+09	0	
0	1.79728e+09	5.52609e+09	1.82026e+10	3.88164e+10	2.43153e+10	1.26679e+10	5.07311e+09	1.89689e+09	1.29409e+09	0	
0	4.24776e+08	3.94994e+09	1.61442e+10	3.66243e+10	2.24246e+10	1.11074e+10	3.89797e+09	9.80519e+08	4.49848e+08	0	
0	2.72344e+08	3.68814e+09	1.57476e+10	3.6346e+10	2.20996e+10	1.07938e+10	3.63071e+09	7.73857e+08	2.59684e+08	0	
0	0	0	0	0	0	0	0	0	0	0	

0	3.10946e+08	9.54724e+08	3.10455e+09	6.57189e+09	4.03836e+09	2.05578e+09	8.78147e+08	5.58496e+08	3.77777e+08	0	
0	5.56336e+08	1.08032e+09	3.11679e+09	6.39561e+09	4.03496e+09	2.11249e+09	9.1211e+08	4.24989e+08	3.06598e+08	0	
0	2.50583e+08	7.45316e+08	2.51121e+09	5.53677e+09	3.40003e+09	1.72161e+09	6.71071e+08	2.55641e+08	1.72319e+08	0	
0	6.60726e+07	5.34454e+08	2.23594e+09	5.24097e+09	3.14455e+09	1.51396e+09	5.17461e+08	1.33222e+08	5.94223e+07	0	
0	4.91185e+07	5.02881e+08	2.18365e+09	5.20451e+09	3.10092e+09	1.47316e+09	4.85092e+08	1.1031e+08	3.82205e+07	0	
0	0	0	0	0	0	0	0	0	0	0	

0	8.35118e+09	2.76274e+10	8.35684e+10	1.63737e+11	1.06385e+11	5.82557e+10	2.60311e+10	1.46811e+10	9.77486e+09	0	
0	1.4826e+10	3.09924e+10	8.43046e+10	1.60015e+11	1.06302e+11	5.94722e+10	2.69229e+10	1.18255e+10	8.20608e+09	0	
0	7.09884e+09	2.25318e+10	6.92137e+10	1.38974e+11	9.04091e+10	4.95218e+10	2.09929e+10	7.80205e+09	5.10673e+09	0	
0	1.83301e+09	1.64245e+10	6.12663e+10	1.30617e+11	8.31296e+10	4.34072e+10	1.62907e+10	4.21745e+09	1.82179e+09	0	
0	1.16086e+09	1.52817e+10	5.96408e+10	1.2945e+11	8.17954e+10	4.20904e+10	1.51286e+10	3.29434e+09	9.91847e+08	0	
0	0	0	0	0	0	0	0	0	0	0	

0	3.02312e+08	9.09975e+08	3.14307e+09	7.03308e+09	4.15054e+09	2.01163e+09	8.32982e+08	5.71702e+08	3.90053e+08	0	
0	5.60287e+08	1.04638e+09	3.1523e+09	6.83189e+09	4.15095e+09	2.07967e+09	8.707e+08	4.18478e+08	3.09694e+08	0	
0	2.42823e+08	6.99749e+08	2.51624e+09	5.9128e+09	3.48489e+09	1.67793e+09	6.21167e+08	2.41083e+08	1.68634e+08	0	
0	5.79634e+07	4.91229e+08	2.24319e+09	5.61484e+09	3.23064e+09	1.47444e+09	4.73614e+08	1.21351e+08	5.75282e+07	0	
0	4.27489e+07	4.62349e+08	2.19207e+09	5.57893e+09	3.18759e+09	1.43535e+09	4.43702e+08	1.00755e+08	3.81108e+07	0	
0	0	0	0	0	0	0	0	0	0	0	

0	4.99713e+09	1.54896e+10	5.24947e+10	1.13661e+11	6.87114e+10	3.4384e+10	1.44122e+10	9.32913e+09	6.39581e+09	0	
0	9.31647e+09	1.78305e+10	5.2812e+10	1.10634e+11	6.87352e+10	3.54449e+10	1.50401e+10	6.99427e+09	5.15018e+09	0	
0	4.15707e+09	1.22297e+10	4.25727e+10	9.58808e+10	5.79684e+10	2.89337e+10	1.1094e+10	4.23948e+09	2.99364e+09	0	
0	9.42068e+08	8.5768e+09	3.77821e+10	9.07178e+10	5.35668e+10	2.53431e+10	8.43172e+09	2.12904e+09	1.03677e+09	0	
0	6.20963e+08	8.01358e+09	3.6893e+10	9.01188e+10	5.28427e+10	2.46464e+10	7.84786e+09	1.68644e+09	6.22373e+08	0	
0	0	0	0	0	0	0	0	0	0	0	

0	2.56545e+08	8.40696e+08	2.7456e+09	5.70764e+09	3.55939e+09	1.84774e+09	7.88934e+08	4.79446e+08	3.26685e+08	0	
0	4.7955e+08	9.60137e+08	2.7702e+09	5.56507e+09	3.55828e+09	1.89762e+09	8.21371e+08	3.68664e+08	2.6673e+08	0	
0	2.19298e+08	6.74471e+08	2.25056e+09	4.82625e+09	3.01118e+09	1.56089e+09	6.18381e+08	2.29353e+08	1.58055e+08	0	
0	4.89799e+07	4.78799e+08	1.9954e+09	4.55452e+09	2.77782e+09	1.3688e+09	4.74253e+08	1.16631e+08	5.43755e+07	0	
0	3.02969e+07	4.47713e+08	1.94918e+09	4.5243e+09	2.74107e+09	1.33256e+09	4.42758e+08	9.19292e+07	3.14464e+07	0	
0	0	0	0	0	0	0	0	0	0	0	

0	7.18265e+08	2.3147e+09	7.42317e+09	1.52718e+10	9.58423e+09	5.01325e+09	2.16344e+09	1.30488e+09	8.85429e+08	0	
0	1.31023e+09	2.62578e+09	7.47474e+09	1.48911e+10	9.58e+09	5.14169e+09	2.24725e+09	1.01301e+09	7.26739e+08	0	
0	6.01238e+08	1.85119e+09	6.07591e+09	1.29131e+10	8.10848e+09	4.23372e+09	1.69924e+09	6.35156e+08	4.31929e+08	0	
0	1.4402e+08	1.32587e+09	5.3899e+09	1.2183e+10	7.47778e+09	3.71299e+09	1.30689e+09	3.29248e+08	1.5014e+08	0	
0	9.33689e+07	1.23842e+09	5.25703e+09	1.20892e+10	7.36855e+09	3.60785e+09	1.21762e+09	2.60495e+08	8.69418e+07	0	
0	0	0	0	0	0	0	0	0	0	0	

0	1.89623e+08	5.92327e+08	1.94718e+09	4.12299e+09	2.53484e+09	1.29114e+09	5.48443e+08	3.46619e+08	2.35708e+08	0	
0	3.4584e+08	6.74069e+08	1.95826e+09	4.01419e+09	2.53343e+09	1.32747e+09	5.70613e+08	2.63397e+08	1.9117e+08	0	
0	1.55966e+08	4.66086e+08	1.58069e+09	3.47698e+09	2.137e+09	1.0841e+09	4.21693e+08	1.5946e+08	1.09171e+08	0	
0	3.84978e+07	3.31826e+08	1.40535e+09	3.2889e+09	1.9752e+09	9.52243e+08	3.23877e+08	8.18365e+07	3.75758e+07	0	
0	2.71432e+07	3.11592e+08	1.373e+09	3.26711e+09	1.94876e+09	9.27008e+08	3.03178e+08	6.6604e+07	2.34048e+07	0	
0	0	0	0	0	0	0	0	0	0	0	

0	1.09031e+09	3.4238e+09	1.07819e+10	2.20551e+10	1.38878e+10	7.28972e+09	3.17394e+09	1.91954e+09	1.29378e+09	0	
0	1.9299e+09	3.8513e+09	1.08333e+10	2.14964e+10	1.3875e+10	7.4671e+09	3.28774e+09	1.49724e+09	1.06495e+09	0	
0	8.87498e+08	2.71229e+09	8.79118e+09	1.86272e+10	1.17309e+10	6.13656e+09	2.47703e+09	9.33617e+08	6.22008e+08	0	
0	2.35184e+08	1.96198e+09	7.8116e+09	1.75841e+10	1.08244e+10	5.38963e+09	1.91521e+09	4.93759e+08	2.16991e+08	0	
0	1.66698e+08	1.83781e+09	7.61605e+09	1.74418e+10	1.06601e+10	5.23461e+09	1.78815e+09	3.99877e+08	1.31185e+08	0	
0	0	0	0	0	0	0	0	0	0	0	

0	3.69048e+08	1.13002e+09	3.95633e+09	8.82174e+09	5.22589e+09	2.53996e+09	1.04313e+09	7.08787e+08	4.87537e+08	0	
0	6.98868e+08	1.30859e+09	3.97689e+09	8.57484e+09	5.22764e+09	2.62671e+09	1.0924e+09	5.18717e+08	3.87209e+08	0	
0	3.04127e+08	8.7799e+08	3.18332e+09	7.42507e+09	4.39498e+09	2.12571e+09	7.84514e+08	3.01618e+08	2.15565e+08	0	
0	6.68277e+07	6.10176e+08	2.8323e+09	7.04347e+09	4.07089e+09	1.86523e+09	5.94772e+08	1.48502e+08	7.34275e+07	0	
0	4.6006e+07	5.7295e+08	2.76982e+09	7.00249e+09	4.02003e+09	1.81734e+09	5.56222e+08	1.20465e+08	4.67994e+07	0	
0	0	0	0	0	0	0	0	0	0	0	

0	3.22766e+09	9.91922e+09	3.39978e+10	7.42611e+10	4.46208e+10	2.20871e+10	9.1847e+09	6.05433e+09	4.16392e+09	0	
0	6.02833e+09	1.14257e+10	3.41643e+10	7.22392e+10	4.46333e+10	2.27908e+10	9.5928e+09	4.5024e+09	3.33594e+09	0	
0	2.6545e+09	7.76166e+09	2.74561e+10	6.25732e+10	3.75878e+10	1.85342e+10	6.99646e+09	2.67953e+09	1.9016e+09	0	
0	5.98813e+08	5.43217e+09	2.43993e+10	5.92677e+10	3.47678e+10	1.62477e+10	5.31264e+09	1.33438e+09	6.5286e+08	0	
0	4.05319e+08	5.08635e+09	2.38328e+10	5.88791e+10	3.43012e+10	1.58077e+10	4.95379e+09	1.06867e+09	4.02659e+08	0	
0	0	0	0	0	0	0	0	0	0	0	

0	3.76831e+08	1.18095e+09	4.08095e+09	8.919e+09	5.36377e+09	2.65363e+09	1.09682e+09	7.21403e+08	4.97332e+08	0	
0	7.16003e+08	1.36482e+09	4.10784e+09	8.67735e+09	5.36484e+09	2.73934e+09	1.14755e+09	5.34659e+08	3.97703e+08	0	
0	3.15203e+08	9.27109e+08	3.30281e+09	7.51714e+09	4.51928e+09	2.22768e+09	8.3546e+08	3.16514e+08	2.25959e+08	0	
0	6.74698e+07	6.46259e+08	2.93502e+09	7.11997e+09	4.18104e+09	1.95397e+09	6.34307e+08	1.5565e+08	7.6922e+07	0	
0	4.41175e+07	6.05961e+08	2.87029e+09	7.07827e+09	4.12914e+09	1.9041e+09	5.92848e+08	1.24452e+08	4.73843e+07	0	
0	0	0	0	0	0	0	0	0	0	0	

0	3.7634e+09	1.17896e+10	3.95557e+10	8.44291e+10	5.16015e+10	2.60525e+10	1.09503e+10	6.98068e+09	4.79493e+09	0	
0	6.98516e+09	1.35056e+10	3.97755e+10	8.21988e+10	5.16003e+10	2.68221e+10	1.14166e+10	5.27116e+09	3.87321e+09	0	
0	3.1129e+09	9.29176e+09	3.20957e+10	7.12214e+10	4.35314e+10	2.19071e+10	8.43035e+09	3.18815e+09	2.23782e+09	0	
0	7.08737e+08	6.55455e+09	2.85087e+10	6.73671e+10	4.02254e+10	1.92104e+10	6.42837e+09	1.60159e+09	7.68517e+08	0	
0	4.69646e+08	6.13401e+09	2.78378e+10	6.69028e+10	3.96739e+10	1.86866e+10	5.99495e+09	1.27555e+09	4.63475e+08	0	
0	0	0	0	0	0	0	0	0	0	0	

0	5.86682e+08	1.88835e+09	6.2643e+09	1.31902e+10	8.14977e+09	4.17004e+09	1.76209e+09	1.09692e+09	7.51459e+08	0	
0	1.09646e+09	2.16002e+09	6.31157e+09	1.28505e+10	8.14734e+09	4.28807e+09	1.83653e+09	8.34658e+08	6.09687e+08	0	
0	4.9414e+08	1.5e+09	5.10849e+09	1.11377e+10	6.88263e+09	3.51229e+09	1.36603e+09	5.09193e+08	3.5442e+08	0	
0	1.10498e+08	1.06116e+09	4.53533e+09	1.05249e+10	6.35638e+09	3.08189e+09	1.04538e+09	2.56229e+08	1.21136e+08	0	
0	7.10144e+07	9.94115e+08	4.4321e+09	1.0457e+10	6.2736e+09	3.00147e+09	9.77139e+08	2.03861e+08	7.21975e+07	0	
0	0	0	0	0	0	0	0	0	0	0	

0	5.448e+09	1.73696e+10	5.66059e+10	1.17724e+11	7.33222e+10	3.78834e+10	1.61746e+10	9.9405e+09	6.7898e+09	0	
0	9.98361e+09	1.97501e+10	5.69502e+10	1.1472e+11	7.32927e+10	3.88989e+10	1.68202e+10	7.64389e+09	5.54047e+09	0	
0	4.52078e+09	1.37889e+10	4.61569e+10	9.94316e+10	6.19485e+10	3.19202e+10	1.25919e+10	4.71353e+09	3.2447e+09	0	
0	1.06516e+09	9.83133e+09	4.09812e+10	9.39064e+10	5.71798e+10	2.80038e+10	9.65861e+09	2.40975e+09	1.11814e+09	0	
0	7.0155e+08	9.19686e+09	3.9993e+10	9.32106e+10	5.63653e+10	2.7227e+10	9.00935e+09	1.9166e+09	6.6119e+08	0	
0	0	0	0	0	0	0	0	0	0	0	

0	3.78505e+08	1.2027e+09	3.98044e+09	8.3896e+09	5.17845e+09	2.6434e+09	1.11757e+09	7.00319e+08	4.79326e+08	0	
0	7.00201e+08	1.37231e+09	4.00624e+09	8.17094e+09	5.17615e+09	2.71802e+09	1.16411e+09	5.32526e+08	3.8869e+08	0	
0	3.14765e+08	9.50118e+08	3.23795e+09	7.07935e+09	4.36946e+09	2.22269e+09	8.62363e+08	3.22862e+08	2.23693e+08	0	
0	7.31551e+07	6.73964e+08	2.87723e+09	6.69321e+09	4.03717e+09	1.95154e+09	6.60794e+08	1.63273e+08	7.64485e+07	0	
0	4.91174e+07	6.32288e+08	2.81173e+09	6.64955e+09	3.98414e+09	1.90057e+09	6.18296e+08	1.31275e+08	4.65549e+07	0	
0	0	0	0	0	0	0	0	0	0	0	

0	3.50881e+09	1.10726e+10	3.60002e+10	7.48947e+10	4.66259e+10	2.40504e+10	1.0274e+10	6.34589e+09	4.33158e+09	0	
0	6.37514e+09	1.25614e+10	3.61861e+10	7.29641e+10	4.66003e+10	2.4692e+10	1.06778e+10	4.87752e+09	3.53307e+09	0	
0	2.88017e+09	8.74798e+09	2.92922e+10	6.32191e+10	3.93622e+10	2.02337e+10	7.96556e+09	2.99081e+09	2.05027e+09	0	
0	7.00097e+08	6.25204e+09	2.60278e+10	5.97315e+10	3.63458e+10	1.77613e+10	6.1174e+09	1.53467e+09	7.05828e+08	0	
0	4.77502e+08	5.85674e+09	2.54012e+10	5.92856e+10	3.58253e+10	1.72694e+10	5.71256e+09	1.23219e+09	4.25552e+08	0	
0	0	0	0	0	0	0	0	0	0	0	

0	2.77953e+08	8.80291e+08	2.92012e+09	6.16557e+09	3.80071e+09	1.93546e+09	8.1691e+08	5.14007e+08	3.52148e+08	0	
0	5.13891e+08	1.00444e+09	2.93807e+09	6.00401e+09	3.799e+09	1.99048e+09	8.51059e+08	3.90236e+08	2.85262e+08	0	
0	2.30342e+08	6.9396e+08	2.37293e+09	5.2013e+09	3.20593e+09	1.62646e+09	6.29025e+08	2.3572e+08	1.63539e+08	0	
0	5.36113e+07	4.92126e+08	2.10922e+09	4.91882e+09	2.96273e+09	1.42825e+09	4.81865e+08	1.19006e+08	5.57987e+07	0	
0	3.62625e+07	4.61895e+08	2.06136e+09	4.88684e+09	2.92389e+09	1.39105e+09	4.51011e+08	9.58916e+07	3.41798e+07	0	
0	0	0	0	0	0	0	0	0	0	0	

0	2.59816e+09	8.17783e+09	2.66173e+10	5.54172e+10	3.44794e+10	1.77586e+10	7.57867e+09	4.69336e+09	3.20594e+09	0	
0	4.7154e+09	9.27449e+09	2.67464e+10	5.39827e+10	3.44596e+10	1.82339e+10	7.87679e+09	3.60408e+09	2.61316e+09	0	
0	2.12555e+09	6.44919e+09	2.16389e+10	4.67674e+10	2.90999e+10	1.49324e+10	5.86577e+09	2.2034e+09	1.51122e+09	0	
0	5.18277e+08	4.60987e+09	1.9233e+10	4.4196e+10	2.68743e+10	1.311e+10	4.50471e+09	1.12951e+09	5.19391e+08	0	
0	3.56036e+08	4.3204e+09	1.87711e+10	4.38664e+10	2.64898e+10	1.27478e+10	4.20815e+09	9.08969e+08	3.14877e+08	0	
0	0	0	0	0	0	0	0	0	0	0	

0	2.24875e+08	7.10821e+08	2.35607e+09	4.97177e+09	3.06588e+09	1.56104e+09	6.58981e+08	4.149e+08	2.84283e+08	0	
0	4.14889e+08	8.10486e+08	2.36993e+09	4.84123e+09	3.06439e+09	1.60532e+09	6.86443e+08	3.15056e+08	2.3028e+08	0	
0	1.85795e+08	5.59656e+08	1.91354e+09	4.19365e+09	2.58568e+09	1.31135e+09	5.06956e+08	1.90038e+08	1.31722e+08	0	
0	4.35257e+07	3.97205e+08	1.70129e+09	3.96629e+09	2.38974e+09	1.15173e+09	3.88486e+08	9.60053e+07	4.49072e+07	0	
0	2.96599e+07	3.72941e+08	1.66271e+09	3.94041e+09	2.35836e+09	1.12175e+09	3.6372e+08	7.75226e+07	2.76211e+07	0	
0	0	0	0	0	0	0	0	0	0	0	

0	2.09475e+09	6.58071e+09	2.14268e+10	4.46189e+10	2.7756e+10	1.42837e+10	6.09251e+09	3.77901e+09	2.58258e+09	0	
0	3.79723e+09	7.46022e+09	2.15253e+10	4.34605e+10	2.77394e+10	1.46664e+10	6.33203e+09	2.90067e+09	2.10423e+09	0	
0	1.70904e+09	5.18244e+09	1.7408e+10	3.76483e+10	2.34207e+10	1.20056e+10	4.70968e+09	1.76963e+09	1.21371e+09	0	
0	4.1818e+08	3.70564e+09	1.54761e+10	3.55831e+10	2.1632e+10	1.05419e+10	3.61721e+09	9.06758e+08	4.1662e+08	0	
0	2.88998e+08	3.47428e+09	1.51052e+10	3.53177e+10	2.13227e+10	1.02512e+10	3.38015e+09	7.31121e+08	2.5367e+08	0	
0	0	0	0	0	0	0	0	0	0	0	

0	2.01184e+08	6.3531e+08	2.10272e+09	4.43197e+09	2.73517e+09	1.39343e+09	5.88585e+08	3.70366e+08	2.53746e+08	0	
0	3.70454e+08	7.23849e+08	2.1147e+09	4.31554e+09	2.73374e+09	1.43279e+09	6.13011e+08	2.81428e+08	2.05598e+08	0	
0	1.65868e+08	4.9985e+08	1.70732e+09	3.7381e+09	2.30659e+09	1.17031e+09	4.5265e+08	1.69681e+08	1.17459e+08	0	
0	3.90921e+07	3.55083e+08	1.51819e+09	3.53553e+09	2.13186e+09	1.028e+09	3.47017e+08	8.58097e+07	4.0027e+07	0	
0	2.67811e+07	3.3348e+08	1.48376e+09	3.51238e+09	2.10382e+09	1.00124e+09	3.2497e+08	6.93968e+07	2.46814e+07	0	
0	0	0	0	0	0	0	0	0	0	0	

0	1.86818e+09	5.86258e+09	1.9079e+10	3.97098e+10	2.47104e+10	1.27157e+10	5.42395e+09	3.36534e+09	2.30027e+09	0	
0	3.38219e+09	6.64292e+09	1.91634e+10	3.86775e+10	2.46949e+10	1.30559e+10	5.63674e+09	2.5835e+09	1.87415e+09	0	
0	1.52122e+09	4.61302e+09	1.54951e+10	3.35031e+10	2.08485e+10	1.06851e+10	4.19026e+09	1.57452e+09	1.07931e+09	0	
0	3.7362e+08	3.3002e+09	1.37777e+10	3.16672e+10	1.92573e+10	9.38348e+09	3.21898e+09	8.06939e+08	3.70207e+08	0	
0	2.5934e+08	3.095e+09	1.34478e+10	3.14307e+10	1.89818e+10	9.12505e+09	3.00875e+09	6.51555e+08	2.26034e+08	0	
0	0	0	0	0	0	0	0	0	0	0	

0	1.9032e+08	6.0075e+08	1.98496e+09	4.17785e+09	2.58087e+09	1.31599e+09	5.56316e+08	3.49652e+08	2.39512e+08	0	
0	3.49835e+08	6.83986e+08	1.99603e+09	4.06813e+09	2.57943e+09	1.35297e+09	5.79299e+08	2.65921e+08	1.94141e+08	0	
0	1.56669e+08	4.72479e+08	1.61154e+09	3.52369e+09	2.17642e+09	1.10516e+09	4.27828e+08	1.60346e+08	1.10844e+08	0	
0	3.71211e+07	3.35942e+08	1.43318e+09	3.33272e+09	2.01155e+09	9.70875e+08	3.2813e+08	8.11809e+07	3.77632e+07	0	
0	2.553e+07	3.15565e+08	1.40067e+09	3.3108e+09	1.98503e+09	9.45601e+08	3.07339e+08	6.57279e+07	2.33212e+07	0	
0	0	0	0	0	0	0	0	0	0	0	

0	1.79175e+09	5.61934e+09	1.82776e+10	3.80202e+10	2.36681e+10	1.21811e+10	5.19657e+09	3.22402e+09	2.2039e+09	0	
0	3.24073e+09	6.36489e+09	1.83564e+10	3.70313e+10	2.36528e+10	1.25063e+10	5.40008e+09	2.47558e+09	1.79571e+09	0	
0	1.45709e+09	4.41935e+09	1.48411e+10	3.20759e+10	1.99679e+10	1.02343e+10	4.01327e+09	1.50792e+09	1.03317e+09	0	
0	3.5885e+08	3.163e+09	1.31977e+10	3.03191e+10	1.84444e+10	8.98833e+09	3.08358e+09	7.72972e+08	3.54198e+08	0	
0	2.49805e+08	2.96689e+09	1.28819e+10	3.00925e+10	1.81805e+10	8.74098e+09	2.88267e+09	6.24708e+08	2.1663e+08	0	
0	0	0	0	0	0	0	0	0	0	0	

0	1.89029e+08	5.96583e+08	1.96828e+09	4.13749e+09	2.5582e+09	1.30555e+09	5.52292e+08	3.46714e+08	2.3746e+08	0	
0	3.46983e+08	6.7885e+08	1.97908e+09	4.02888e+09	2.55671e+09	1.34207e+09	5.75021e+08	2.63896e+08	1.9255e+08	0	
0	1.55439e+08	4.69106e+08	1.59795e+09	3.48963e+09	2.1573e+09	1.09632e+09	4.24774e+08	1.59164e+08	1.09901e+08	0	
0	3.69814e+07	3.33791e+08	1.4212e+09	3.30043e+09	1.99385e+09	9.6319e+08	3.25905e+08	8.06599e+07	3.74358e+07	0	
0	2.55028e+07	3.13588e+08	1.38895e+09	3.27866e+09	1.96753e+09	9.38114e+08	3.05298e+08	6.53579e+07	2.31404e+07	0	
0	0	0	0	0	0	0	0	0	0	0	

0	1.80712e+09	5.66619e+09	1.84154e+10	3.82787e+10	2.38412e+10	1.22752e+10	5.23844e+09	3.24829e+09	2.22043e+09	0	
0	3.26569e+09	6.41564e+09	1.84935e+10	3.72831e+10	2.38254e+10	1.26021e+10	5.44313e+09	2.49522e+09	1.80949e+09	0	
0	1.46834e+09	4.45508e+09	1.49519e+10	3.22934e+10	2.01136e+10	1.03127e+10	4.04532e+09	1.51976e+09	1.04063e+09	0	
0	3.62536e+08	3.18998e+09	1.32971e+10	3.05248e+10	1.8579e+10	9.05769e+09	3.10885e+09	7.79378e+08	3.56668e+08	0	
0	2.52872e+08	2.99257e+09	1.2979e+10	3.02963e+10	1.83131e+10	8.80851e+09	2.90664e+09	6.30281e+08	2.18347e+08	0	
0	0	0	0	0	0	0	0	0	0	0	

0	1.98526e+08	6.26548e+08	2.06539e+09	4.33835e+09	2.68381e+09	1.37036e+09	5.79947e+08	3.63807e+08	2.49145e+08	0	
0	3.64145e+08	7.12719e+08	2.07664e+09	4.22451e+09	2.68221e+09	1.40859e+09	6.03763e+08	2.77036e+08	2.0207e+08	0	
0	1.6316e+08	4.92627e+08	1.67679e+09	3.65905e+09	2.26324e+09	1.15072e+09	4.46082e+08	1.67121e+08	1.15321e+08	0	
0	3.89029e+07	3.50672e+08	1.49138e+09	3.46061e+09	2.09174e+09	1.01103e+09	3.42323e+08	8.47359e+07	3.92785e+07	0	
0	2.6864e+07	3.29472e+08	1.45753e+09	3.43774e+09	2.0641e+09	9.84708e+08	3.20702e+08	6.8688e+07	2.42894e+07	0	
0	0	0	0	0	0	0	0	0	0	0	

0	1.90919e+09	5.98583e+09	1.94432e+10	4.03935e+10	2.51678e+10	1.29626e+10	5.53317e+09	3.42946e+09	2.34418e+09	0	
0	3.44825e+09	6.77598e+09	1.9525e+10	3.93431e+10	2.51508e+10	1.33071e+10	5.74905e+09	2.63521e+09	1.91061e+09	0	
0	1.55056e+09	4.70592e+09	1.57861e+10	3.40774e+10	2.12327e+10	1.08898e+10	4.27298e+09	1.6051e+09	1.0986e+09	0	
0	3.83431e+08	3.37057e+09	1.40395e+10	3.22108e+10	1.96127e+10	9.56495e+09	3.28426e+09	8.23399e+08	3.7649e+08	0	
0	2.67731e+08	3.16219e+09	1.37036e+10	3.19695e+10	1.93318e+10	9.30186e+09	3.07085e+09	6.66103e+08	2.3058e+08	0	
0	0	0	0	0	0	0	0	0	0	0	

0	2.13128e+08	6.72642e+08	2.2162e+09	4.65291e+09	2.87938e+09	1.4707e+09	6.22561e+08	3.90354e+08	2.67314e+08	0	
0	3.90757e+08	7.65005e+08	2.22822e+09	4.53086e+09	2.87763e+09	1.51166e+09	6.48094e+08	2.97338e+08	2.16836e+08	0	
0	1.75105e+08	5.28846e+08	1.79923e+09	3.92437e+09	2.42817e+09	1.23497e+09	4.78889e+08	1.7939e+08	1.23742e+08	0	
0	4.18029e+07	3.76547e+08	1.60032e+09	3.7115e+09	2.24416e+09	1.08507e+09	3.67542e+08	9.09833e+07	4.21436e+07	0	
0	2.88881e+07	3.53798e+08	1.564e+09	3.68695e+09	2.21449e+09	1.05682e+09	3.44344e+08	7.37686e+07	2.60667e+07	0	
0	0	0	0	0	0	0	0	0	0	0	

0	2.08697e+09	6.54303e+09	2.12497e+10	4.41386e+10	2.75047e+10	1.41675e+10	6.04786e+09	3.74797e+09	2.56193e+09	0	
0	3.7687e+09	7.40615e+09	2.13388e+10	4.29908e+10	2.7486e+10	1.45438e+10	6.28371e+09	2.88021e+09	2.08816e+09	0	
0	1.69463e+09	5.14368e+09	1.72526e+10	3.72367e+10	2.32041e+10	1.19019e+10	4.67037e+09	1.75427e+09	1.20058e+09	0	
0	4.19253e+08	3.68445e+09	1.53439e+10	3.51971e+10	2.14337e+10	1.0454e+10	3.58985e+09	8.99976e+08	4.11401e+08	0	
0	2.92857e+08	3.45677e+09	1.49769e+10	3.49333e+10	2.11268e+10	1.01665e+10	3.35668e+09	7.28144e+08	2.52009e+08	0	
0	0	0	0	0	0	0	0	0	0	0	

0	2.32494e+08	7.33777e+08	2.41707e+09	5.07348e+09	3.14016e+09	1.60414e+09	6.79116e+08	4.25719e+08	2.9153e+08	0	
0	4.26183e+08	8.3446e+08	2.43016e+09	4.94041e+09	3.13823e+09	1.64878e+09	7.06952e+08	3.2432e+08	2.36495e+08	0	
0	1.90988e+08	5.76897e+08	1.96232e+09	4.27909e+09	2.64809e+09	1.34701e+09	5.22405e+08	1.95677e+08	1.34956e+08	0	
0	4.56184e+07	4.10806e+08	1.7454e+09	4.04696e+09	2.4474e+09	1.18353e+09	4.00962e+08	9.92546e+07	4.59604e+07	0	
0	3.15352e+07	3.85996e+08	1.70579e+09	4.02018e+09	2.41505e+09	1.15272e+09	3.75663e+08	8.04831e+07	2.84303e+07	0	
0	0	0	0	0	0	0	0	0	0	0	

0	1.93668e+09	6.07202e+09	1.96826e+10	4.08166e+10	2.54638e+10	1.31317e+10	5.61098e+09	3.4715e+09	2.37228e+09	0	
0	3.49179e+09	6.86847e+09	1.97637e+10	3.97564e+10	2.54457e+10	1.34783e+10	5.82874e+09	2.67052e+09	1.93457e+09	0	
0	1.57109e+09	4.77308e+09	1.5981e+10	3.44348e+10	2.14828e+10	1.10315e+10	4.33417e+09	1.62749e+09	1.11221e+09	0	
0	3.90509e+08	3.42194e+09	1.4214e+10	3.25471e+10	1.98432e+10	9.69032e+09	3.33287e+09	8.35942e+08	3.81107e+08	0	
0	2.73464e+08	3.21092e+09	1.38738e+10	3.23024e+10	1.95585e+10	9.42382e+09	3.11685e+09	6.76847e+08	2.33607e+08	0	
0	0	0	0	0	0	0	0	0	0	0	

0	2.56027e+08	8.08047e+08	2.66164e+09	5.58653e+09	3.45784e+09	1.76647e+09	7.4784e+08	4.68782e+08	3.21026e+08	0	
0	4.69303e+08	9.18902e+08	2.67604e+09	5.44001e+09	3.45572e+09	1.81562e+09	7.7849e+08	3.57135e+08	2.60424e+08	0	
0	2.10307e+08	6.35275e+08	2.16086e+09	4.7118e+09	2.91598e+09	1.48331e+09	5.75265e+08	2.1547e+08	1.48606e+08	0	
0	5.02362e+07	4.52387e+08	1.92201e+09	4.4562e+09	2.695e+09	1.30329e+09	4.41537e+08	1.09293e+08	5.06069e+07	0	
0	3.47305e+07	4.25069e+08	1.87839e+09	4.4267e+09	2.65937e+09	1.26937e+09	4.13682e+08	8.86259e+07	3.13061e+07	0	
0	0	0	0	0	0	0	0	0	0	0	

0	2.15426e+09	6.75405e+09	2.18963e+10	4.54111e+10	2.83285e+10	1.46078e+10	6.24119e+09	3.86185e+09	2.63915e+09	0	
0	3.88441e+09	7.6402e+09	2.19865e+10	4.42314e+10	2.83083e+10	1.49935e+10	6.48348e+09	2.9706e+09	2.15212e+09	0	
0	1.7476e+09	5.30907e+09	1.77781e+10	3.83107e+10	2.38995e+10	1.22714e+10	4.82077e+09	1.81021e+09	1.23722e+09	0	
0	4.34256e+08	3.80602e+09	1.58124e+10	3.62108e+10	2.20755e+10	1.07795e+10	3.70694e+09	9.29684e+08	4.23919e+08	0	
0	3.04077e+08	3.57133e+09	1.54341e+10	3.59386e+10	2.17589e+10	1.04831e+10	3.46668e+09	7.52737e+08	2.59859e+08	0	
0	0	0	0	0	0	0	0	0	0	0	


0	10.6476	10.4941	5.41107	-1.70518	-9.73896	-13.5711	-15.3109	-16.1956	-14.1474	0	
0	9.36479	9.18681	4.51548	-1.98678	-9.40738	-12.9858	-14.4698	-14.9739	-12.92	0	
0	8.01119	7.84486	3.85304	-1.91095	-8.34104	-11.4661	-12.7975	-13.3677	-11.3919	0	
0	7.72536	7.61241	3.76198	-1.7847	-8.01255	-11.0713	-12.4193	-12.9717	-11.0006	0	
0	7.71389	7.61632	3.78929	-1.74648	-7.97617	-11.0456	-12.4017	-12.9615	-10.9868	0	
0	0	0	0	0	0	0	0	0	0	0	

0	-186.893	-103.818	-48.2615	-14.8734	8.45481	37.5495	95.4556	204.676	306.301	0	
0	-198.244	-109.37	-39.4319	-4.70251	16.2123	44.1262	100.681	203.188	301.068	0	
0	-215.042	-99.9899	-36.2041	-2.18159	18.2622	42.876	92.9403	204.295	331.643	0	
0	-214.994	-100.123	-39.1686	-6.00362	14.0616	35.271	83.0822	189.04	328.679	0	
0	-216.854	-105.762	-43.401	-8.43785	12.0904	33.7199	82.5302	186.702	320.422	0	
0	0	0	0	0	0	0	0	0	0	0	

0	-131.827	-64.5853	-30.5245	-14.8106	-5.15349	18.1259	77.3572	219.685	292.133	0	
0	-167.397	-86.5751	-21.8974	-2.10225	6.43051	32.1619	89.302	201.061	271.644	0	
0	-198.993	-67.5769	-17.2699	-0.0386072	7.39834	28.2586	74.9042	213.271	344.764	0	
0	-165.693	-49.5154	-17.1376	-4.26612	3.1717	15.1434	49.4059	163.681	356.338	0	
0	-154.112	-53.0357	-21.179	-6.52114	0.332652	10.898	41.1811	136.843	306.542	0	
0	0	0	0	0	0	0	0	0	0	0	

0	-187.127	-103.824	-48.1145	-14.8126	8.21828	37.2604	95.8342	206.741	306.343	0	
0	-198.602	-109.854	-39.2326	-4.47086	16.2221	44.1672	101.307	204.755	300.7	0	
0	-216.172	-100.24	-35.97	-1.97627	18.2438	42.846	93.4331	206.489	332.602	0	
0	-216.138	-100.043	-38.8651	-5.85267	13.9594	34.9019	82.942	190.429	329.698	0	
0	-217.932	-105.663	-43.0708	-8.26877	11.9377	33.2156	82.1386	187.668	320.964	0	
0	0	0	0	0	0	0	0	0	0	0	

0	-113.417	-36.5588	-16.8499	-13.4169	-12.9	3.56664	54.5792	207.642	290.77	0	
0	-158.165	-64.162	-9.3054	-0.620315	-0.805344	18.923	68.2137	183.014	267.845	0	
0	-188.601	-41.1863	-3.39592	1.74707	0.357832	15.3905	53.0893	192.651	340.417	0	
0	-126.786	-13.6461	-1.88618	-2.43808	-3.48223	1.6677	23.9601	132.565	365.717	0	
0	-87.3422	-15.223	-6.16613	-4.96285	-6.9519	-3.9776	11.8388	89.4817	301.893	0	
0	0	0	0	0	0	0	0	0	0	0	

0	-122.951	-55.1522	-27.2545	-14.6086	-6.91055	13.8678	68.2749	211.644	290.87	0	
0	-163.041	-77.7073	-18.7066	-1.93643	4.57607	27.7049	80.4363	192.053	269.796	0	
0	-193.417	-57.7827	-13.7038	0.289255	5.74252	24.0888	65.9765	201.894	343.265	0	
0	-150.709	-38.2768	-13.3901	-3.83129	1.6975	11.4023	40.4089	148.271	359.907	0	
0	-131.351	-41.2938	-17.4709	-6.19289	-1.27796	6.94782	31.6505	117.453	304.061	0	
0	0	0	0	0	0	0	0	0	0	0	

0	-131.196	-69.9293	-33.3134	-15.1762	-3.6505	21.2583	83.5957	226.665	292	0	
0	-168.093	-92.267	-24.5909	-2.39318	8.03291	35.565	95.7638	208.253	270.949	0	
0	-201.55	-73.5469	-20.2756	-0.454263	8.86466	31.3516	81.0503	223.722	347.901	0	
0	-166.441	-55.8146	-20.2967	-4.73132	4.50751	17.878	54.7435	173.157	359.2	0	
0	-154.583	-59.5792	-24.2755	-6.89413	1.8135	13.8412	46.7337	146.286	306.061	0	
0	0	0	0	0	0	0	0	0	0	0	

0	-122.953	-51.6446	-23.3023	-14.0537	-9.39017	10.9203	69.4604	223.322	292.05	0	
0	-163.886	-78.3822	-15.3988	-1.18687	2.77693	26.4974	83.0193	200.664	269.393	0	
0	-198.105	-56.4513	-10.0853	0.953515	3.67283	22.3891	67.4262	216.124	345.706	0	
0	-148.68	-31.3354	-9.0889	-3.34798	-0.445812	8.13366	37.7503	159.531	367.899	0	
0	-122.581	-33.8995	-13.2579	-5.69708	-3.62756	2.95419	26.5069	120.908	306.976	0	
0	0	0	0	0	0	0	0	0	0	0	

0	-129.369	-64.3877	-29.372	-14.668	-5.98307	17.6375	80.9105	230.428	292.491	0	
0	-167.368	-89.3623	-21.0878	-1.78512	6.09494	32.9695	93.9663	209.939	270.395	0	
0	-202.616	-69.1242	-16.4149	0.169447	6.82723	28.5634	78.6042	228.05	348.402	0	
0	-162.354	-47.5485	-15.9302	-4.18257	2.49547	14.2441	49.785	175.122	364.485	0	
0	-145.997	-50.9054	-19.9764	-6.38461	-0.401961	9.63659	40.0264	142.723	307.375	0	
0	0	0	0	0	0	0	0	0	0	0	

0	-112.606	-35.3951	-16.1627	-13.3673	-13.3558	2.81358	53.722	209.091	290.899	0	
0	-158.316	-63.2019	-8.63477	-0.582536	-1.28533	18.1113	67.4672	184.521	267.917	0	
0	-189.914	-40.167	-2.64117	1.84213	-0.0444727	14.6901	52.4229	195.172	341.32	0	
0	-127.132	-12.2619	-1.11392	-2.32607	-3.85711	1.03895	23.1008	134.613	369.946	0	
0	-83.6719	-13.7821	-5.42145	-4.88741	-7.36514	-4.66	10.7587	89.5473	304.794	0	
0	0	0	0	0	0	0	0	0	0	0	

0	-103.219	-18.079	-7.74826	-12.5289	-18.0655	-5.93574	40.9561	205.319	290.881	0	
0	-154.323	-50.6426	-1.06111	0.317387	-5.58849	10.4818	56.0715	176.622	266.554	0	
0	-186.283	-25.0478	5.65361	2.88056	-4.26818	7.26289	40.6753	187.337	339.427	0	
0	-100.572	10.4555	8.16036	-1.30156	-7.89819	-7.09371	8.23102	120.311	376.159	0	
0	-16.2533	10.4965	3.66062	-4.00734	-11.7701	-13.7035	-7.08161	61.5174	305.277	0	
0	0	0	0	0	0	0	0	0	0	0	

0	-99.0285	-22.5363	-12.9556	-13.2281	-14.7957	-2.42882	37.1004	179.969	287.948	0	
0	-150.081	-46.8292	-5.11039	-0.772396	-3.61031	10.7216	49.6464	158.418	266.259	0	
0	-175.689	-25.6896	1.09951	2.10261	-1.62718	8.63231	36.9623	161.762	334.708	0	
0	-106.307	-1.44395	2.42194	-1.64152	-5.02686	-2.76092	11.9533	101.158	364.418	0	
0	-50.6299	-2.46361	-1.86473	-4.46973	-8.6603	-8.18725	1.17786	57.6966	298.312	0	
0	0	0	0	0	0	0	0	0	0	0	

0	-111.55	-38.5085	-19.8115	-13.8804	-11.0617	5.36889	52.4259	197.441	289.576	0	
0	-156.955	-62.1559	-11.6228	-1.29843	0.318151	18.9666	64.8821	176.398	268.043	0	
0	-185.326	-41.2105	-5.92686	1.24936	1.86586	16.0505	51.0218	182.862	339.378	0	
0	-129.781	-18.9226	-5.09092	-2.70912	-1.85457	3.94027	25.4664	125.17	363.784	0	
0	-94.9698	-20.9579	-9.28528	-5.30003	-5.17545	-1.06059	15.5061	87.4914	302.099	0	
0	0	0	0	0	0	0	0	0	0	0	

0	-112.322	-30.1157	-12.5977	-12.9639	-15.4556	-0.452931	51.9898	216.279	291.786	0	
0	-158.913	-61.3711	-5.56268	-0.0828497	-2.97314	15.9927	66.8538	189.44	267.871	0	
0	-193.266	-36.5461	0.768756	2.33153	-1.84433	12.35	51.0281	203.667	342.641	0	
0	-123.659	-3.52693	2.82548	-1.93309	-5.66333	-2.2791	18.5915	140.582	376.29	0	
0	-66.5434	-4.43485	-1.58986	-4.5167	-9.33161	-8.53619	4.09992	87.2191	308.526	0	
0	0	0	0	0	0	0	0	0	0	0	

0	-108.004	-20.8389	-8.03508	-12.5298	-18.0009	-5.06817	46.0937	217.224	292.047	0	
0	-157.401	-55.5151	-1.50472	0.411662	-5.21173	12.2244	61.909	187.926	267.282	0	
0	-192.865	-28.8393	5.25968	2.8797	-4.09051	8.58588	45.6311	203.426	342.08	0	
0	-109.288	9.66641	7.90196	-1.41891	-7.84227	-6.67614	10.6678	136.806	380.86	0	
0	-22.4112	9.73045	3.34198	-4.07802	-11.7172	-13.5203	-6.00202	73.5304	310.18	0	
0	0	0	0	0	0	0	0	0	0	0	

0	-127.94	-59.7074	-26.1374	-14.2758	-7.96281	14.4552	76.5383	228.681	292.423	0	
0	-166.553	-85.1395	-18.0347	-1.41265	4.13429	29.7772	89.6573	207.597	270.227	0	
0	-202.001	-64.5164	-13.0079	0.669585	4.98687	25.6377	74.5083	225.178	347.216	0	
0	-160.776	-41.714	-12.2834	-3.67073	0.763482	11.4077	45.6641	172.606	367.246	0	
0	-142.073	-44.7977	-16.4186	-5.9702	-2.30897	6.48985	35.2208	137.891	308.359	0	
0	0	0	0	0	0	0	0	0	0	0	

0	-112.621	-26.0766	-9.46271	-12.6059	-17.2765	-2.95531	52.1845	224.161	292.763	0	
0	-159.512	-61.4175	-2.99254	0.42121	-4.25465	14.9925	68.1834	194.772	267.675	0	
0	-196.329	-34.477	3.62859	2.73535	-3.40321	10.9009	51.2888	212.707	343.752	0	
0	-117.245	4.81558	6.31201	-1.67711	-7.27615	-5.08526	15.1496	147.962	380.734	0	
0	-42.5771	4.6219	1.7911	-4.23596	-11.0804	-11.957	-1.88054	86.344	310.417	0	
0	0	0	0	0	0	0	0	0	0	0	

0	-111.011	-27.8881	-11.4323	-12.8727	-16.1071	-1.47209	51.4854	218.904	291.99	0	
0	-158.721	-60.7073	-4.57194	0.0571361	-3.45227	15.4267	66.7801	191.137	267.655	0	
0	-194.036	-35.0464	1.89274	2.46082	-2.37851	11.6677	50.5885	206.796	342.911	0	
0	-118.681	0.327328	4.1501	-1.8354	-6.20935	-3.3586	16.801	142.377	378.544	0	
0	-50.7629	-0.271013	-0.327253	-4.43387	-9.94236	-9.84965	1.34082	84.8679	309.426	0	
0	0	0	0	0	0	0	0	0	0	0	

0	-107.708	-20.8283	-8.15974	-12.55	-17.9232	-5.01571	45.7726	216.444	291.94	0	
0	-157.274	-55.1821	-1.58034	0.374579	-5.18873	12.1166	61.4957	187.396	267.296	0	
0	-192.596	-28.6849	5.1797	2.86643	-4.02112	8.55102	45.3567	202.658	341.907	0	
0	-109.689	9.34577	7.77075	-1.41146	-7.76222	-6.56503	10.7073	136.135	380.738	0	
0	-23.4983	9.37371	3.20766	-4.08529	-11.6376	-13.3733	-5.79392	73.1718	310.285	0	
0	0	0	0	0	0	0	0	0	0	0	

0	-125.658	-50.5679	-19.0017	-13.439	-12.1812	8.43778	75.1063	240.532	293.731	0	
0	-165.972	-82.916	-11.9339	-0.328188	0.870313	26.4196	90.3096	215.272	269.202	0	
0	-205.999	-58.7752	-6.28274	1.66413	1.32032	21.5717	73.4952	240.718	348.956	0	
0	-150.359	-25.5245	-4.39603	-2.89126	-2.92705	4.99918	37.9661	185.216	377.447	0	
0	-115.981	-27.5635	-8.69559	-5.20215	-6.32938	-1.12022	22.992	136.377	310.765	0	
0	0	0	0	0	0	0	0	0	0	0	

0	-120.036	-33.6414	-10.8332	-12.6535	-16.6571	-0.260933	63.5087	240.058	294.183	0	
0	-163.391	-71.8425	-4.60837	0.533575	-3.11888	19.2503	80.3519	210.85	268.294	0	
0	-204.567	-43.9311	1.89679	2.62598	-2.70655	14.3298	62.3452	237.255	347.347	0	
0	-129.81	-0.374429	4.79894	-1.97847	-6.79959	-3.3451	22.1629	176.868	383.957	0	
0	-61.5224	-0.723063	0.271595	-4.40862	-10.547	-10.5053	3.11004	112.321	312.798	0	
0	0	0	0	0	0	0	0	0	0	0	

0	-136.782	-64.0737	-21.2798	-13.4342	-11.2381	13.0883	94.3707	259.029	295.937	0	
0	-170.503	-100.16	-14.8452	-0.069019	2.68077	34.2183	111.11	234.254	269.482	0	
0	-215.763	-76.2027	-9.95446	1.42714	2.15293	27.7049	93.2013	273.445	356.765	0	
0	-161.204	-37.9173	-7.46994	-3.46133	-2.38713	7.93788	51.1736	222.969	379.061	0	
0	-134.325	-40.3488	-11.3959	-5.40082	-5.52606	1.70707	34.1619	173.848	309.883	0	
0	0	0	0	0	0	0	0	0	0	0	

0	-134.661	-69.0078	-26.0808	-14.0564	-8.43425	17.2912	94.5994	253.62	294.731	0	
0	-170.241	-100.722	-18.8887	-0.816523	4.88202	36.2882	109.896	230.701	269.775	0	
0	-213.027	-78.8346	-14.3233	0.768582	4.74739	30.4302	93.0696	264.713	355.192	0	
0	-165.068	-48.2773	-12.7136	-3.96078	0.186574	12.5568	56.0924	213.836	374.426	0	
0	-144.664	-51.3776	-16.6583	-5.95081	-2.80709	7.06274	42.3144	172.051	308.892	0	
0	0	0	0	0	0	0	0	0	0	0	

0	-120.888	-31.0812	-9.89516	-12.6388	-17.2922	-1.8126	62.1117	242.175	294.204	0	
0	-163.623	-70.5777	-3.84189	0.528457	-3.72839	18.2129	79.783	212.593	268.052	0	
0	-205.541	-41.744	2.65948	2.5852	-3.38141	13.0019	60.9072	241.036	349.497	0	
0	-125.62	3.80183	5.63174	-2.03448	-7.42539	-4.94985	18.7797	178.509	387.534	0	
0	-45.5146	3.55429	1.25767	-4.38647	-11.0764	-11.9704	-0.598748	109.631	312.005	0	
0	0	0	0	0	0	0	0	0	0	0	

0	-123.174	-39.9076	-13.8633	-13.0102	-15.055	2.87515	69.9064	244.83	294.282	0	
0	-164.836	-77.7159	-7.50014	0.192065	-1.51563	22.6826	86.9681	216.685	268.338	0	
0	-206.849	-50.2104	-1.39848	2.13763	-1.29421	17.2699	68.3752	246.254	350.311	0	
0	-133.478	-7.90129	1.25026	-2.50151	-5.46854	-0.690275	27.3687	186.273	384.077	0	
0	-71.6102	-8.81396	-3.06396	-4.78655	-8.99669	-7.44476	9.07072	124.016	311.261	0	
0	0	0	0	0	0	0	0	0	0	0	

0	-132.487	-58.6841	-20.4675	-13.4509	-11.5757	11.2312	87.0503	253.316	295.103	0	
0	-168.881	-93.7121	-13.8086	-0.177202	2.03417	31.2724	103.405	228.1	269.277	0	
0	-212.412	-69.3242	-8.62748	1.48647	1.85639	25.3053	85.5437	262.56	354.24	0	
0	-156.22	-32.5239	-6.36916	-3.28579	-2.57343	6.7019	45.588	209.43	379	0	
0	-125.152	-34.7876	-10.4153	-5.34243	-5.7898	0.53111	29.2704	159.647	309.952	0	
0	0	0	0	0	0	0	0	0	0	0	

0	-119.932	-38.2275	-13.5281	-12.935	-15.1411	2.39186	65.2529	237.281	293.609	0	
0	-163.507	-73.4588	-6.86285	0.180354	-1.93194	20.7614	81.1636	209.79	268.556	0	
0	-203.661	-47.237	-0.559568	2.34223	-1.31399	16.1988	64.0744	234.375	346.622	0	
0	-136.598	-8.67804	1.85452	-2.17747	-5.42142	-0.536975	26.7371	175.586	381.484	0	
0	-81.7005	-9.65326	-2.66775	-4.64925	-9.10639	-7.31681	9.52543	116.921	312.448	0	
0	0	0	0	0	0	0	0	0	0	0	

0	-138.341	-73.8476	-26.9014	-13.9962	-8.11025	18.8422	101.127	259.258	295.494	0	
0	-171.661	-106.591	-19.9249	-0.683302	5.4778	38.9154	116.998	236.621	269.797	0	
0	-216.214	-85.1472	-15.7049	0.740419	5.02534	32.5305	100.091	275.781	358.387	0	
0	-168.3	-53.3427	-13.8828	-4.10038	0.368329	13.5579	60.8804	226.027	374.766	0	
0	-149.774	-56.5704	-17.6443	-5.95246	-2.51765	8.08408	46.6071	184.189	308.245	0	
0	0	0	0	0	0	0	0	0	0	0	

0	-131.696	-56.7709	-19.2777	-13.3755	-12.2189	10.295	87.3395	255.435	295.3	0	
0	-168.618	-93.5597	-12.8027	-0.0516507	1.58286	30.8971	104.081	229.708	269.067	0	
0	-213.057	-68.3177	-7.47057	1.59728	1.326	24.7517	85.9058	266.337	354.226	0	
0	-152.122	-28.5589	-4.99783	-3.20026	-3.12213	5.61948	44.1694	213.633	380.86	0	
0	-115.439	-30.5311	-9.11655	-5.27678	-6.4099	-0.83237	26.5452	160.004	310.447	0	
0	0	0	0	0	0	0	0	0	0	0	

0	-122.446	-33.62	-10.804	-12.7199	-16.8251	-0.740199	64.7746	244.456	294.321	0	
0	-164.34	-73.0244	-4.71451	0.45738	-3.23996	19.4058	82.4877	215.354	268.158	0	
0	-206.799	-44.3873	1.67984	2.47232	-2.95346	14.054	63.5194	245.351	350.387	0	
0	-129.103	0.87349	4.58678	-2.16609	-7.0347	-4.05038	21.0444	183.941	387.591	0	
0	-53.8859	0.440305	0.258862	-4.48054	-10.6324	-10.9886	1.75988	115.936	311.777	0	
0	0	0	0	0	0	0	0	0	0	0	

0	-122.384	-39.1147	-13.4261	-12.9525	-15.2811	2.48831	69.052	244.35	294.218	0	
0	-164.635	-76.8604	-7.04146	0.245521	-1.75944	22.1073	85.9695	216.234	268.374	0	
0	-206.714	-49.4115	-0.834411	2.24328	-1.45534	16.8722	67.6803	245.58	349.492	0	
0	-133.989	-7.10246	1.81183	-2.38139	-5.62876	-0.964317	26.9681	186.301	384.353	0	
0	-71.26	-7.94106	-2.58314	-4.71928	-9.2194	-7.81901	8.48665	123.332	311.903	0	
0	0	0	0	0	0	0	0	0	0	0	

0	-134.257	-58.3544	-19.6191	-13.3585	-12.1777	10.1794	86.5965	254.448	295.1	0	
0	-169.515	-93.346	-13.0123	-0.126352	1.37194	30.2029	103.107	229.659	269.463	0	
0	-213.544	-69.0763	-7.74736	1.57836	1.26712	24.2959	85.3863	265.4	354.955	0	
0	-161.288	-32.3791	-5.50721	-3.18463	-3.12699	5.75111	45.0995	213.814	380.885	0	
0	-132.781	-34.6597	-9.50967	-5.2442	-6.33625	-0.380063	28.737	163.48	310.096	0	
0	0	0	0	0	0	0	0	0	0	0	

0	-115.601	-31.3685	-11.0898	-12.7337	-16.3872	-0.550126	58.6059	232.346	293.242	0	
0	-161.638	-67.1373	-4.50346	0.344213	-3.24437	17.5233	74.5537	204.03	268.232	0	
0	-200.983	-40.3588	2.10716	2.64807	-2.41915	13.343	57.7709	226.449	344.558	0	
0	-128.26	-0.512245	4.67934	-1.79927	-6.42417	-3.01118	20.7404	165.523	382.098	0	
0	-59.9509	-0.937294	0.0233597	-4.3934	-10.2612	-10.0324	2.97398	102.856	313.329	0	
0	0	0	0	0	0	0	0	0	0	0	

0	-136.975	-64.2597	-21.4814	-13.5075	-11.1621	13.0568	95.9783	261.512	295.919	0	
0	-170.586	-101.382	-15.1054	-0.147533	2.79387	34.6249	113.271	236.968	269.197	0	
0	-216.661	-77.1111	-10.292	1.31294	2.21433	27.8286	94.9976	279.688	358.498	0	
0	-158.389	-37.2766	-7.77377	-3.57092	-2.32285	7.74616	51.1293	228.819	380.295	0	
0	-128.006	-39.6388	-11.6055	-5.46355	-5.39274	1.58056	33.6363	177.271	308.977	0	
0	0	0	0	0	0	0	0	0	0	0	

0	-128.003	-45.9787	-14.6195	-12.97	-14.7384	4.85435	78.5833	253.448	295.212	0	
0	-166.994	-85.4332	-8.46496	0.34264	-0.83463	25.7819	96.0214	225.933	268.663	0	
0	-211.589	-57.9655	-2.50125	2.13767	-0.933496	19.8442	77.2615	261.762	352.3	0	
0	-141.989	-13.0122	0.363895	-2.63212	-5.26	0.606713	33.6119	207.056	384.866	0	
0	-87.6969	-14.0606	-3.94325	-4.83561	-8.76669	-6.38257	13.8671	144.482	311.837	0	
0	0	0	0	0	0	0	0	0	0	0	

0	-122.851	-34.9087	-11.3822	-12.7713	-16.51	-0.114236	65.6965	244.633	294.301	0	
0	-164.536	-73.8975	-5.23333	0.402574	-2.95281	19.9363	83.297	215.813	268.216	0	
0	-206.972	-45.5361	1.1011	2.40982	-2.66507	14.5865	64.4208	245.867	350.536	0	
0	-130.923	-1.03837	3.93761	-2.22672	-6.76032	-3.45579	22.2517	184.853	387.201	0	
0	-59.4378	-1.59919	-0.373625	-4.53239	-10.3353	-10.3275	3.24338	118.04	311.631	0	
0	0	0	0	0	0	0	0	0	0	0	

0	-122.711	-40.1717	-13.8975	-12.9916	-15.0211	2.9978	69.7242	244.375	294.196	0	
0	-164.805	-77.5132	-7.45631	0.201617	-1.53054	22.4974	86.5163	216.523	268.442	0	
0	-206.857	-50.3335	-1.29138	2.19979	-1.21227	17.292	68.3575	245.826	349.515	0	
0	-135.817	-8.7416	1.28795	-2.42134	-5.39879	-0.46415	27.9869	186.99	384.018	0	
0	-76.0817	-9.69243	-3.10255	-4.75815	-8.9759	-7.26653	9.75176	125.035	311.861	0	
0	0	0	0	0	0	0	0	0	0	0	

0	-131.269	-50.608	-16.6395	-13.1388	-13.7597	6.54558	80.1736	252.463	294.972	0	
0	-168.127	-87.3628	-10.2432	0.0860326	-0.15037	26.8028	97.2084	226.314	269.066	0	
0	-212.032	-61.4635	-4.59336	1.87503	-0.168784	20.9735	78.8809	261.112	353.81	0	
0	-153.024	-21.4183	-2.10088	-2.86262	-4.47061	2.39776	37.3361	206.997	383.523	0	
0	-114.309	-23.126	-6.20052	-4.99257	-7.80278	-4.03361	19.7646	150.918	310.665	0	
0	0	0	0	0	0	0	0	0	0	0	

0	-127.476	-50.0825	-17.5044	-13.255	-13.1154	7.37525	77.5615	247.143	294.375	0	
0	-166.894	-84.9263	-10.7772	-0.0656971	0.264995	26.4549	93.5966	221.263	269.11	0	
0	-209.218	-59.7794	-5.02868	1.85057	0.515083	21.2087	76.1757	251.593	350.697	0	
0	-151.089	-22.714	-2.81498	-2.79948	-3.78594	3.59972	37.6279	197.237	381.136	0	
0	-113.021	-24.5261	-7.11059	-5.0646	-7.22171	-2.8271	20.9804	143.63	311.468	0	
0	0	0	0	0	0	0	0	0	0	0	

0	-133.977	-54.3587	-17.4078	-13.1906	-13.3655	8.06619	87.6955	259.719	295.772	0	
0	-169.173	-93.817	-11.2991	0.1492	0.648973	29.903	105.679	233.606	268.822	0	
0	-215.263	-67.2888	-5.90664	1.73361	0.207507	23.2304	86.5203	275.38	356.918	0	
0	-149.512	-22.8133	-3.08467	-3.11967	-4.204	3.1428	40.8942	222.552	384.188	0	
0	-105.48	-24.4246	-7.05669	-5.11088	-7.44225	-3.43493	21.65	163.385	309.862	0	
0	0	0	0	0	0	0	0	0	0	0	

0	-130.509	-51.3032	-16.7029	-13.1568	-13.6423	7.29274	84.0419	256.637	295.403	0	
0	-168.08	-90.3766	-10.4761	0.176882	0.29752	28.4659	101.512	230.039	268.762	0	
0	-213.385	-63.6253	-4.82105	1.87118	0.0588135	22.2346	82.7662	268.642	354.178	0	
0	-146.248	-19.7129	-2.08204	-2.93247	-4.34534	2.68857	38.6204	215.437	384.201	0	
0	-98.4177	-21.1517	-6.26301	-5.04722	-7.72563	-4.08124	19.3057	155.18	310.886	0	
0	0	0	0	0	0	0	0	0	0	0	

0	-130.411	-46.8793	-15.0752	-13.0383	-14.5775	4.83211	79.9479	255.869	295.365	0	
0	-167.724	-86.8966	-9.00096	0.254425	-0.668666	26.2691	98.0646	228.642	268.567	0	
0	-212.981	-59.1672	-3.22949	1.9722	-0.883596	19.948	78.6059	267.306	355.03	0	
0	-142.289	-13.4331	-0.364515	-2.81856	-5.19555	0.400349	33.3003	211.552	386.139	0	
0	-86.5817	-14.593	-4.45595	-4.90856	-8.54927	-6.33001	13.69	147.983	310.467	0	
0	0	0	0	0	0	0	0	0	0	0	

0	-127.804	-47.2358	-15.8285	-13.1219	-14.0629	5.74881	78.8709	252.857	294.967	0	
0	-167.023	-85.8085	-9.5078	0.159906	-0.286903	26.3291	96.1803	225.804	268.63	0	
0	-211.34	-58.7427	-3.66606	1.96114	-0.316158	20.4453	77.5081	261.428	352.73	0	
0	-142.598	-15.5484	-1.01906	-2.77733	-4.65149	1.54684	34.5045	205.982	384.626	0	
0	-89.8175	-16.8284	-5.2697	-4.96632	-8.09072	-5.21289	15.5514	144.464	311.175	0	
0	0	0	0	0	0	0	0	0	0	0	

0	-126.342	-41.191	-13.6662	-12.9564	-15.2914	2.62365	72.181	249.319	294.667	0	
0	-166.099	-79.9379	-7.44184	0.25352	-1.65366	23.0081	89.8181	221.503	268.452	0	
0	-209.624	-52.1581	-1.39448	2.14572	-1.5343	17.3167	70.8246	254.831	352.452	0	
0	-138.395	-8.40508	1.32037	-2.54449	-5.73731	-1.15526	27.958	196.262	386.483	0	
0	-78.1643	-9.3954	-2.88954	-4.75861	-9.19467	-7.86564	9.15963	132.149	311.037	0	
0	0	0	0	0	0	0	0	0	0	0	

0	-125.228	-44.1004	-15.2404	-13.1024	-14.3357	4.62796	74.161	248.289	294.478	0	
0	-165.964	-81.6083	-8.78617	0.119856	-0.762817	24.4684	91.1075	221.031	268.566	0	
0	-209.031	-54.6678	-2.80408	2.03358	-0.572235	18.9903	72.7794	253.149	351.118	0	
0	-140.345	-13.1026	-0.285459	-2.6326	-4.83527	0.843656	31.5177	195.914	384.347	0	
0	-85.7432	-14.3195	-4.59957	-4.89951	-8.32803	-5.85969	13.252	134.73	311.441	0	
0	0	0	0	0	0	0	0	0	0	0	

0	-128.704	-45.9735	-15.4148	-13.0873	-14.3521	4.72212	76.2801	251.153	294.817	0	
0	-167.128	-83.7944	-9.07896	0.129445	-0.732836	25.0444	93.669	224.229	268.727	0	
0	-210.977	-56.8799	-3.24596	1.96788	-0.671898	19.2649	74.946	258.672	353.295	0	
0	-145.648	-14.932	-0.681913	-2.74275	-4.94076	0.738864	32.5432	202.099	385.209	0	
0	-96.4185	-16.3012	-4.83145	-4.91133	-8.32372	-5.81009	14.3416	141.583	310.722	0	
0	0	0	0	0	0	0	0	0	0	0	

0	-127.337	-48.1701	-16.7545	-13.2199	-13.5252	6.42446	77.6309	249.893	294.604	0	
0	-166.887	-84.8865	-10.2062	0.00693753	0.0271118	26.2048	94.3739	223.403	268.809	0	
0	-210.251	-58.6792	-4.41176	1.8736	0.168716	20.6506	76.2606	256.462	351.893	0	
0	-146.511	-18.67	-2.03152	-2.81095	-4.15134	2.46632	35.3929	200.888	383.398	0	
0	-100.535	-20.2233	-6.29042	-5.03617	-7.57487	-4.08318	17.6727	142.673	311.133	0	
0	0	0	0	0	0	0	0	0	0	0	

0	-129.338	-47.39	-15.9839	-13.134	-14.0395	5.37785	77.6652	251.981	294.886	0	
0	-167.434	-85.0965	-9.62029	0.0895988	-0.410011	25.7416	95.0386	225.292	268.774	0	
0	-211.494	-58.3661	-3.85817	1.90534	-0.376944	19.9052	76.3433	260.382	353.673	0	
0	-147.115	-16.7083	-1.33231	-2.81462	-4.673	1.30763	33.8605	204.263	384.976	0	
0	-99.7118	-18.173	-5.46095	-4.96518	-8.03021	-5.19958	15.7466	144.358	310.571	0	
0	0	0	0	0	0	0	0	0	0	0	

0	-127.935	-49.4569	-17.2959	-13.2652	-13.2277	7.02948	78.8179	250.561	294.657	0	
0	-167.178	-86.0183	-10.7168	-0.0337723	0.326982	26.8238	95.5333	224.29	268.86	0	
0	-210.715	-59.9948	-4.98826	1.81379	0.448273	21.2275	77.4539	257.838	352.223	0	
0	-148.018	-20.3439	-2.65272	-2.87838	-3.89621	3.00034	36.5762	202.642	383.2	0	
0	-103.814	-21.9952	-6.89222	-5.08736	-7.29464	-3.50206	18.978	145.046	310.993	0	
0	0	0	0	0	0	0	0	0	0	0	

0	-129.758	-48.462	-16.4628	-13.1743	-13.7716	5.89668	78.5414	252.314	294.915	0	
0	-167.644	-85.9484	-10.0624	0.050504	-0.150294	26.2308	95.8589	225.825	268.824	0	
0	-211.776	-59.4133	-4.35477	1.85465	-0.124217	20.3799	77.229	261.149	353.866	0	
0	-148.461	-18.2009	-1.87553	-2.8682	-4.4399	1.78294	34.855	205.319	384.691	0	
0	-102.838	-19.7518	-5.99067	-5.00866	-7.77816	-4.68077	16.8933	146.105	310.471	0	
0	0	0	0	0	0	0	0	0	0	0	

0	-128.401	-50.485	-17.7418	-13.3026	-12.9813	7.51796	79.731	251.031	294.696	0	
0	-167.407	-86.8965	-11.1345	-0.0685092	0.571829	27.3112	96.4162	224.942	268.902	0	
0	-211.064	-61.0323	-5.45915	1.76498	0.680174	21.6873	78.3745	258.835	352.471	0	
0	-149.259	-21.7119	-3.16323	-2.93228	-3.68383	3.43702	37.5204	203.927	383.015	0	
0	-106.507	-23.4437	-7.38757	-5.12899	-7.06217	-3.025	20.0367	146.866	310.88	0	
0	0	0	0	0	0	0	0	0	0	0	

0	-130.01	-49.1649	-16.8033	-13.2036	-13.5785	6.24828	79.0475	252.424	294.926	0	
0	-167.775	-86.458	-10.3716	0.0204188	0.0311164	26.5395	96.3127	226.074	268.862	0	
0	-211.927	-60.0697	-4.70047	1.81908	0.0585171	20.6898	77.7413	261.461	353.962	0	
0	-149.429	-19.2334	-2.25978	-2.90401	-4.27032	2.11438	35.4988	205.788	384.471	0	
0	-105.077	-20.8463	-6.36695	-5.03915	-7.5961	-4.31578	17.6686	147.096	310.41	0	
0	0	0	0	0	0	0	0	0	0	0	

0	-128.7	-51.1767	-18.0629	-13.3299	-12.8016	7.85482	80.2905	251.259	294.715	0	
0	-167.557	-87.4489	-11.4308	-0.0952242	0.745466	27.6289	96.9435	225.301	268.935	0	
0	-211.273	-61.7068	-5.79174	1.73059	0.849915	21.995	78.9397	259.356	352.612	0	
0	-150.174	-22.673	-3.5288	-2.96877	-3.52739	3.74584	38.1475	204.62	382.861	0	
0	-108.482	-24.4634	-7.74374	-5.15832	-6.89222	-2.68516	20.765	147.971	310.809	0	
0	0	0	0	0	0	0	0	0	0	0	

0	-130.16	-49.6329	-17.0516	-13.2256	-13.436	6.49112	79.3307	252.415	294.927	0	
0	-167.858	-86.7593	-10.5933	-0.00325268	0.160991	26.7352	96.5492	226.166	268.891	0	
0	-212.002	-60.4827	-4.9468	1.79346	0.194031	20.8948	78.0284	261.524	354.001	0	
0	-150.146	-19.9618	-2.53829	-2.92849	-4.14386	2.35037	35.9192	205.931	384.301	0	
0	-106.724	-21.6204	-6.64088	-5.0611	-7.46125	-4.05347	18.2013	147.639	310.373	0	
0	0	0	0	0	0	0	0	0	0	0	

0	-128.89	-51.6227	-18.2797	-13.3485	-12.6794	8.07493	80.6323	251.381	294.726	0	
0	-167.655	-87.7935	-11.6293	-0.113833	0.862142	27.8306	97.2614	225.51	268.958	0	
0	-211.405	-62.1341	-6.01376	1.70766	0.965957	22.1932	79.2859	259.653	352.698	0	
0	-150.799	-23.3052	-3.77468	-2.99261	-3.42028	3.95012	38.5458	205.016	382.758	0	
0	-109.807	-25.1349	-7.98386	-5.1779	-6.77633	-2.45952	21.2357	148.642	310.765	0	
0	0	0	0	0	0	0	0	0	0	0	

0	-130.249	-49.9388	-17.2256	-13.2413	-13.3351	6.65438	79.4878	252.367	294.925	0	
0	-167.911	-86.9367	-10.7469	-0.0207237	0.250936	26.8581	96.6698	226.189	268.912	0	
0	-212.039	-60.7402	-5.11666	1.77562	0.290218	21.0281	78.1881	261.493	354.015	0	
0	-150.652	-20.4587	-2.73271	-2.94489	-4.05378	2.51257	36.1891	205.941	384.179	0	
0	-107.878	-22.1494	-6.83268	-5.07639	-7.36563	-3.87195	18.5569	147.935	310.35	0	
0	0	0	0	0	0	0	0	0	0	0	

0	-128.997	-51.8919	-18.4227	-13.3609	-12.5977	8.21233	80.8048	251.402	294.729	0	
0	-167.712	-87.9774	-11.7577	-0.127069	0.93738	27.9454	97.4119	225.589	268.974	0	
0	-211.469	-62.3768	-6.15644	1.69296	1.04376	22.3112	79.4607	259.74	352.733	0	
0	-151.227	-23.7111	-3.93563	-3.00706	-3.34789	4.08218	38.7811	205.153	382.679	0	
0	-110.719	-25.5674	-8.14186	-5.19047	-6.69867	-2.31224	21.5296	148.979	310.742	0	
0	0	0	0	0	0	0	0	0	0	0	

0	-130.29	-50.0869	-17.315	-13.2495	-13.283	6.73503	79.553	252.33	294.922	0	
0	-167.936	-87.0155	-10.825	-0.0300438	0.296767	26.9155	96.7154	226.187	268.923	0	
0	-212.054	-60.8602	-5.20276	1.7665	0.340149	21.0923	78.2548	261.455	354.018	0	
0	-150.913	-20.7067	-2.83218	-2.95304	-4.00696	2.59402	36.3169	205.918	384.118	0	
0	-108.466	-22.4139	-6.93102	-5.08421	-7.31607	-3.78028	18.7307	148.056	310.339	0	
0	0	0	0	0	0	0	0	0	0	0	

0	-129.046	-52.0253	-18.4989	-13.3676	-12.5537	8.28216	80.8768	251.392	294.729	0	
0	-167.74	-88.0592	-11.8251	-0.134507	0.976816	27.9994	97.4703	225.611	268.983	0	
0	-211.496	-62.4911	-6.23094	1.68528	1.08574	22.3689	79.534	259.75	352.745	0	
0	-151.462	-23.9218	-4.02089	-3.01428	-3.30865	4.15107	38.8951	205.183	382.635	0	
0	-111.214	-25.7925	-8.22588	-5.19705	-6.65681	-2.23483	21.6783	149.12	310.731	0	
0	0	0	0	0	0	0	0	0	0	0	

0	-130.311	-50.1685	-17.3665	-13.2543	-13.2529	6.78009	79.5851	252.305	294.92	0	
0	-167.95	-87.0565	-10.8698	-0.0355594	0.323033	26.9463	96.7361	226.183	268.929	0	
0	-212.061	-60.9247	-5.2519	1.76124	0.369133	21.1275	78.2879	261.428	354.018	0	
0	-151.063	-20.8463	-2.88934	-2.95764	-3.97978	2.64003	36.3861	205.898	384.085	0	
0	-108.799	-22.5629	-6.98761	-5.08871	-7.28735	-3.72829	18.8268	148.116	310.333	0	
0	0	0	0	0	0	0	0	0	0	0	

0	-129.069	-52.0834	-18.5308	-13.3704	-12.5355	8.3118	80.9139	251.399	294.729	0	
0	-167.752	-88.0993	-11.8536	-0.137515	0.993575	28.024	97.5029	225.63	268.986	0	
0	-211.512	-62.5436	-6.26252	1.682	1.10323	22.3943	79.572	259.775	352.753	0	
0	-151.556	-24.0093	-4.05669	-3.01747	-3.29241	4.17962	38.9449	205.219	382.621	0	
0	-111.406	-25.8858	-8.26104	-5.19985	-6.63941	-2.20289	21.7405	149.194	310.726	0	
0	0	0	0	0	0	0	0	0	0	0	

0	-130.321	-50.2081	-17.3917	-13.2566	-13.2382	6.80179	79.6017	252.296	294.92	0	
0	-167.957	-87.0775	-10.8917	-0.0382731	0.335923	26.9614	96.7476	226.184	268.931	0	
0	-212.067	-60.9566	-5.27592	1.75864	0.383353	21.1446	78.3054	261.422	354.02	0	
0	-151.135	-20.9131	-2.91728	-2.95993	-3.96649	2.66209	36.4193	205.895	384.071	0	
0	-108.954	-22.6342	-7.01526	-5.09093	-7.27328	-3.70335	18.8724	148.148	310.33	0	
0	0	0	0	0	0	0	0	0	0	0	

0	-129.154	-52.3296	-18.6918	-13.3846	-12.4405	8.4485	80.9844	251.28	294.723	0	
0	-167.802	-88.2068	-11.9926	-0.154425	1.07492	28.1115	97.5341	225.576	269.009	0	
0	-211.534	-62.7266	-6.41474	1.66653	1.19413	22.4979	79.6433	259.613	352.744	0	
0	-152.095	-24.4402	-4.23515	-3.03076	-3.20658	4.32189	39.1448	205.071	382.501	0	
0	-112.558	-26.3482	-8.43821	-5.21316	-6.54891	-2.04112	22.0312	149.322	310.717	0	
0	0	0	0	0	0	0	0	0	0	0	

0	-130.327	-50.2255	-17.4014	-13.2575	-13.2327	6.81057	79.6138	252.3	294.92	0	
0	-167.961	-87.0902	-10.9003	-0.0392413	0.341077	26.9689	96.7587	226.193	268.932	0	
0	-212.072	-60.9728	-5.28551	1.75759	0.38876	21.1523	78.318	261.435	354.023	0	
0	-151.16	-20.9387	-2.92815	-2.96094	-3.96151	2.67047	36.4341	205.912	384.069	0	
0	-109.003	-22.6614	-7.02592	-5.09182	-7.26795	-3.69398	18.8903	148.173	310.328	0	
0	0	0	0	0	0	0	0	0	0	0	

0	-129.158	-52.335	-18.692	-13.3846	-12.4406	8.44994	80.9979	251.298	294.725	0	
0	-167.804	-88.218	-11.9935	-0.154236	1.07553	28.1158	97.5497	225.595	269.009	0	
0	-211.542	-62.7362	-6.41584	1.66639	1.19409	22.5008	79.6573	259.648	352.75	0	
0	-152.09	-24.4411	-4.23572	-3.03111	-3.20682	4.32201	39.1501	205.11	382.508	0	
0	-112.538	-26.3489	-8.43856	-5.21327	-6.549	-2.04128	22.033	149.35	310.714	0	
0	0	0	0	0	0	0	0	0	0	0	


0	7.03008e-15	-1.12106e-16	-1.98248e-15	-3.70251e-15	1.3703e-15	-2.98419e-16	2.49004e-15	-2.50828e-15	-9.66067e-17	0	
0	-4.61182	-6.08796	-10.8844	-14.8408	-10.4004	-7.04265	-4.7917	-3.76695	-2.87094	0	
0	-6.63569	-8.69683	-15.7457	-21.9697	-16.0489	-10.6769	-7.09313	-5.51379	-4.41115	0	
0	-6.97308	-9.34727	-17.3552	-24.6595	-18.0002	-11.8439	-7.70914	-5.9089	-4.7399	0	
0	-7.01581	-9.53727	-17.9996	-25.8433	-18.7882	-12.2759	-7.88661	-5.99608	-4.79859	0	
0	0	0	0	0	0	0	0	0	0	0	

0	4.77825e-14	6.10249e-15	1.39351e-14	2.93718e-15	-1.05958e-14	-1.74836e-14	-6.75021e-15	-5.2265e-15	-5.32395e-15	0	
0	-28.7874	-2.08067	7.45151	13.9603	14.779	11.8832	1.92793	-24.6205	-58.9729	0	
0	52.4321	55.9051	57.5672	56.3941	58.6052	57.8836	51.3355	36.356	11.2401	0	
0	131.452	108.829	93.5167	82.4805	89.7451	96.2756	104.145	116.821	126.556	0	
0	144.86	126.72	107.403	91.6939	101.4	111.447	123.72	142.09	155.94	0	
0	0	0	0	0	0	0	0	0	0	0	

0	1.51171e-13	4.2315e-14	2.80196e-14	-8.29476e-15	-1.1543e-14	-4.76788e-15	-9.5036e-15	4.03835e-14	-1.30609e-14	0	
0	-123.908	-34.2329	-1.04087	18.8081	14.9574	3.59862	-25.8099	-93.5878	-166.772	0	
0	-61.1845	33.8204	56.7071	62.0415	60.2728	52.496	30.5099	-24.3023	-103.951	0	
0	147.831	105.966	91.7026	82.0595	87.4234	92.0102	97.203	117.721	143.724	0	
0	205.633	123.833	101.494	87.1694	95.2106	104.205	119.053	178.647	337.002	0	
0	0	0	0	0	0	0	0	0	0	0	

0	5.52693e-14	2.37062e-14	1.614e-14	-8.22477e-16	-4.96609e-15	-1.88728e-14	-3.25717e-16	-6.48113e-15	-1.89741e-15	0	
0	-31.0029	-3.16649	7.14162	14.3048	14.8567	11.5125	0.807764	-27.0791	-62.1752	0	
0	50.8412	55.5122	57.7618	56.8217	58.767	57.6926	50.5997	34.6417	8.63075	0	
0	132.085	108.946	93.474	82.3798	89.5646	96.0343	103.941	117.174	127.283	0	
0	145.516	126.6	106.86	91.0184	100.723	110.848	123.451	142.966	157.837	0	
0	0	0	0	0	0	0	0	0	0	0	

0	1.93719e-13	2.6935e-14	1.91525e-14	-5.66069e-15	3.1891e-16	-7.17708e-15	3.66676e-15	6.6718e-14	-2.82422e-14	0	
0	-143.656	-42.6869	-4.20801	18.4033	13.7222	0.849916	-31.6662	-105.795	-181.277	0	
0	-101.846	20.4396	52.0032	60.8085	57.6712	47.4521	19.9575	-45.983	-127.55	0	
0	123.026	96.9935	88.3346	81.2027	85.1953	88.0816	89.0495	98.9112	105.464	0	
0	229.923	116.396	96.9422	84.9179	91.5731	99.2604	112.343	177.741	376.503	0	
0	0	0	0	0	0	0	0	0	0	0	

0	2.07969e-13	2.43109e-14	1.22843e-14	7.49958e-15	-1.86984e-15	-1.67957e-14	-1.08199e-14	4.48144e-14	-1.62314e-14	0	
0	-131.787	-35.16	-1.26016	18.227	14.5664	3.48736	-25.8815	-96.4142	-173.698	0	
0	-75.7986	30.2592	54.991	61.0249	59.1708	51.2063	28.2025	-31.3165	-116.256	0	
0	138.555	102.342	90.363	81.6339	86.689	90.7888	94.4725	109.516	129.287	0	
0	213.144	120.878	100.146	86.7464	94.3963	102.831	116.404	174.617	359.189	0	
0	0	0	0	0	0	0	0	0	0	0	

0	2.11653e-13	1.74663e-14	2.85826e-14	-6.68264e-15	-1.27733e-14	-1.27272e-14	1.58125e-15	7.64455e-14	3.30829e-15	0	
0	-126.407	-34.76	-0.680533	19.2358	15.3675	3.75795	-26.8336	-97.169	-170.233	0	
0	-62.9938	35.9104	58.2458	62.8284	61.2756	53.7067	31.7504	-24.5004	-105.66	0	
0	160.188	108.816	92.7679	82.375	88.0349	92.9979	99.2802	124.951	160.451	0	
0	218.285	126.119	102.592	87.6539	95.9685	105.254	120.971	186.536	368.266	0	
0	0	0	0	0	0	0	0	0	0	0	

0	1.79377e-13	2.15833e-14	3.19248e-14	-1.1317e-14	-9.25082e-15	-1.69565e-14	3.62367e-17	7.54554e-14	6.21289e-15	0	
0	-138.801	-41.9183	-3.23445	19.1696	14.553	1.45584	-32.2952	-107.451	-178.435	0	
0	-89.7855	26.1604	55.1992	62.3014	59.6986	50.1196	23.5259	-40.8445	-118.815	0	
0	150.312	103.548	90.6543	81.877	86.5513	90.3371	93.8573	114.486	135.388	0	
0	239.762	121.703	99.3212	85.8677	93.1965	101.653	116.78	191.546	391.269	0	
0	0	0	0	0	0	0	0	0	0	0	

0	1.92938e-13	2.5838e-14	3.40619e-14	-3.41149e-15	-1.18457e-14	-1.23874e-14	6.43706e-15	7.18491e-14	-3.20862e-15	0	
0	-132.235	-39.3003	-2.12175	19.587	15.1532	2.33054	-30.9042	-104.235	-174.182	0	
0	-75.1188	31.9541	57.5991	63.1683	61.0733	52.3663	27.8191	-32.316	-109.982	0	
0	163.794	108.204	92.3534	82.2996	87.5744	92.1364	97.7921	125.224	157.101	0	
0	233.013	125.502	101.417	86.7906	94.7443	103.849	120.17	195.253	386.248	0	
0	0	0	0	0	0	0	0	0	0	0	

0	1.51884e-13	8.41604e-15	2.85727e-14	-5.60382e-15	-4.20784e-15	-5.13664e-15	-5.24905e-15	5.73668e-14	-1.06681e-14	0	
0	-146.204	-43.04	-4.11616	18.2787	13.7127	0.974244	-31.8201	-107.977	-183.366	0	
0	-105.784	19.9858	51.8307	60.6749	57.607	47.4768	19.662	-48.6753	-130.421	0	
0	124.859	96.9002	88.2182	81.2109	85.1764	88.0754	88.9805	98.6223	104.729	0	
0	240.416	116.311	96.747	84.8702	91.469	99.1363	112.245	179.998	390.769	0	
0	0	0	0	0	0	0	0	0	0	0	

0	2.27474e-13	2.39225e-14	1.75372e-14	-4.74042e-15	-5.37121e-15	-1.15712e-14	3.1509e-15	5.76643e-14	-1.05796e-14	0	
0	-156.98	-49.101	-6.21097	18.2464	13.0451	-0.922932	-36.2833	-116.535	-190.168	0	
0	-128.937	11.5714	49.3292	60.3055	56.3339	44.5208	12.8947	-62.0601	-139.963	0	
0	106.432	91.8339	86.4767	80.8617	83.9985	85.8705	84.2457	88.1535	84.5668	0	
0	273.158	112.042	94.1444	83.6103	89.3342	96.2281	108.528	182.94	410.551	0	
0	0	0	0	0	0	0	0	0	0	0	

0	1.99573e-13	8.16971e-15	2.65682e-14	-5.70122e-15	-2.57364e-15	-6.36608e-15	9.23951e-15	2.0758e-14	-1.38661e-14	0	
0	-149.314	-37.6117	-2.85712	16.0036	12.7654	2.5697	-25.3965	-98.8314	-185.863	0	
0	-111.069	18.1886	48.0479	56.998	54.568	45.8962	20.531	-47.9624	-142.036	0	
0	89.1794	89.6962	85.1559	79.8938	83.6137	86.1091	85.1908	81.1537	67.5182	0	
0	212.587	110.505	94.6749	84.4813	90.6694	97.574	107.638	154.93	361.399	0	
0	0	0	0	0	0	0	0	0	0	0	

0	1.85767e-13	2.39424e-14	2.16486e-14	1.02009e-15	1.57651e-15	-1.43726e-14	-6.49011e-15	5.66293e-14	-2.64012e-14	0	
0	-141.304	-36.8431	-2.14847	17.2115	13.6927	2.94666	-26.0101	-98.7475	-180.449	0	
0	-95.0223	23.7962	51.5469	59.1794	56.9648	48.5076	23.9676	-40.9501	-130.205	0	
0	116.408	95.9826	87.8016	80.8396	85.1905	88.4337	89.6724	95.145	98.7353	0	
0	216.526	115.654	97.3333	85.5644	92.4559	100.09	111.904	165.985	366.645	0	
0	0	0	0	0	0	0	0	0	0	0	

0	2.12701e-13	7.45569e-15	2.54417e-14	-5.69687e-15	-1.11305e-14	-4.70154e-15	-1.00262e-15	7.89291e-14	-2.7059e-15	0	
0	-151.525	-47.9931	-5.42777	18.7381	13.6305	-0.381514	-36.2804	-116.275	-186.603	0	
0	-117.076	15.995	51.5671	61.2923	57.7397	46.455	15.6739	-57.2475	-132.61	0	
0	129.925	96.6533	88.1195	81.3273	84.9687	87.5037	87.7289	99.3655	105.074	0	
0	270.273	115.976	95.8527	84.2656	90.5055	97.9781	111.736	192.091	411.527	0	
0	0	0	0	0	0	0	0	0	0	0	

0	2.62543e-13	2.61716e-14	2.48955e-14	-1.23993e-14	-7.12539e-15	-7.04543e-15	-2.06399e-15	9.54275e-14	-5.74672e-14	0	
0	-157.745	-52.321	-6.74691	18.8451	13.3244	-1.64104	-39.7673	-122.92	-190.476	0	
0	-130.992	10.9223	50.3878	61.3012	57.2349	44.8232	11.2057	-66.3624	-137.408	0	
0	124.243	94.3461	87.3752	81.2276	84.4341	86.394	85.1544	94.6109	96.0376	0	
0	306.714	114.047	94.5831	83.6542	89.4142	96.4641	110.014	198.763	427.648	0	
0	0	0	0	0	0	0	0	0	0	0	

0	2.00887e-13	3.48139e-14	3.09947e-14	-2.28664e-15	-6.28573e-15	-2.20716e-14	-3.32983e-15	5.47807e-14	-1.08527e-14	0	
0	-134.373	-40.0551	-2.59383	19.3319	14.8624	2.08341	-31.049	-104.951	-175.507	0	
0	-79.8949	29.7155	56.3863	62.7399	60.434	51.4501	26.2367	-35.5119	-113.794	0	
0	159.379	106.492	91.5903	82.1841	87.1607	91.4581	96.3601	120.998	147.404	0	
0	234.504	124.148	100.448	86.3375	94.0218	102.981	119.031	193.867	387.69	0	
0	0	0	0	0	0	0	0	0	0	0	

0	2.78958e-13	3.34576e-14	3.48218e-14	-7.02555e-15	-3.10122e-15	-1.28632e-14	-1.57784e-14	7.18929e-14	-4.61649e-14	0	
0	-155.111	-53.5219	-7.15905	19.4569	13.5585	-2.17999	-41.5453	-123.567	-188.631	0	
0	-126.855	11.9788	51.6024	62.2416	58.0787	45.3244	11.3396	-64.03	-132.785	0	
0	137.768	97.0889	88.3548	81.5384	84.8826	87.0403	86.6764	102.298	108.397	0	
0	307.408	116.232	95.3486	83.8148	89.7479	97.0692	111.787	207.56	430.309	0	
0	0	0	0	0	0	0	0	0	0	0	

0	2.49485e-13	1.41932e-14	4.1606e-14	-4.29811e-15	-7.33846e-15	-1.5435e-14	-1.83403e-14	6.51969e-14	-1.58299e-14	0	
0	-154.104	-50.1215	-5.96663	18.9026	13.603	-0.951333	-38.2206	-120.009	-188.302	0	
0	-122.844	14.2847	51.4341	61.5039	57.7794	45.9939	13.8221	-61.3435	-134.1	0	
0	132.117	96.5093	88.1025	81.3697	84.9062	87.2785	87.1038	99.1832	104.336	0	
0	289.892	115.887	95.6581	84.1569	90.2723	97.646	111.595	197.763	422.793	0	
0	0	0	0	0	0	0	0	0	0	0	

0	2.87008e-13	2.90495e-14	2.36118e-14	-1.29524e-14	-1.25059e-15	-1.28264e-14	1.11211e-14	9.67539e-14	-2.94949e-14	0	
0	-157.769	-51.8973	-6.58558	18.7366	13.3164	-1.47129	-39.3284	-122.597	-190.534	0	
0	-130.713	11.1183	50.2897	61.1511	57.1484	44.866	11.4316	-66.3318	-137.817	0	
0	123.223	94.1653	87.2873	81.188	84.4087	86.3849	85.1207	93.8662	94.8028	0	
0	304.742	113.926	94.5704	83.6781	89.4484	96.4966	109.926	197.433	426.458	0	
0	0	0	0	0	0	0	0	0	0	0	

0	2.35321e-13	1.74562e-14	4.03243e-14	-7.05889e-17	-1.66919e-15	-1.15379e-14	-1.02644e-14	7.91396e-14	5.76819e-15	0	
0	-144.691	-50.7856	-5.8552	20.3896	14.5822	-1.27139	-41.1429	-120.364	-182.079	0	
0	-103.807	21.603	55.8754	64.0087	60.6236	49.0306	17.6777	-50.8932	-118.591	0	
0	176.958	107.169	91.5164	82.3276	86.6518	90.2394	94.2299	127.015	149.109	0	
0	287.554	124.475	98.8747	85.1001	92.11	100.766	118.82	223.079	430.895	0	
0	0	0	0	0	0	0	0	0	0	0	

0	2.46544e-13	4.05044e-14	3.67643e-14	-1.15744e-14	-2.95278e-15	-1.59559e-14	4.34179e-15	9.72837e-14	9.70072e-16	0	
0	-153.624	-58.2682	-8.19972	20.4834	13.9716	-3.58258	-47.2963	-130.116	-187.474	0	
0	-125.824	12.0356	53.6308	63.8443	59.5735	45.907	9.3183	-65.7215	-126.329	0	
0	170.837	102.691	90.0441	82.0625	85.6021	88.0547	89.134	118.576	130.638	0	
0	344.494	120.657	96.4001	83.9374	90.0404	97.7701	115.251	236.086	448.425	0	
0	0	0	0	0	0	0	0	0	0	0	

0	1.70262e-13	4.45022e-14	3.59582e-14	-9.73277e-15	-8.79313e-15	-2.79081e-14	-1.37072e-14	1.05235e-13	-4.85409e-14	0	
0	-141.665	-57.8993	-8.09424	22.4154	15.1313	-4.10011	-50.4982	-125.567	-179.285	0	
0	-100.799	23.3226	60.1847	66.8877	63.2589	50.517	17.6747	-42.9323	-103.146	0	
0	224.966	118.352	94.6355	83.0631	87.7446	92.145	100.793	165.475	200.409	0	
0	318.751	132.665	100.539	84.9965	92.3471	101.826	125.45	266.877	459.051	0	
0	0	0	0	0	0	0	0	0	0	0	

0	1.76685e-13	4.08688e-14	2.74391e-14	-5.33127e-15	-1.71317e-16	-1.15305e-14	-2.78848e-15	1.07362e-13	-1.97927e-14	0	
0	-138.39	-50.9408	-5.6608	21.6867	15.4009	-1.50148	-43.3887	-119.439	-177.843	0	
0	-89.8704	28.7271	60.1763	66.0745	63.1002	52.0997	22.8496	-38.3162	-104.233	0	
0	210.421	116.772	94.5341	83.0222	88.1131	92.9363	101.477	155.415	195.818	0	
0	288.812	131.908	101.736	85.9546	93.7944	103.545	125.207	243.526	444.147	0	
0	0	0	0	0	0	0	0	0	0	0	

0	2.73019e-13	4.76085e-14	4.07669e-14	-5.49736e-15	-6.43239e-15	-1.35667e-14	1.18716e-15	7.59796e-14	-3.84476e-14	0	
0	-156.127	-60.0615	-8.11403	20.6789	14.1152	-3.5952	-48.7409	-133.446	-188.6	0	
0	-129.931	11.157	54.3302	64.2368	60.0824	46.6125	9.77323	-67.0543	-124.995	0	
0	182.92	104.004	90.4149	82.2619	85.8452	88.4834	90.4367	126.758	143.946	0	
0	382.139	121.008	96.1007	83.8456	89.8361	97.3988	115.195	247.204	466.653	0	
0	0	0	0	0	0	0	0	0	0	0	

0	2.21919e-13	3.87144e-14	2.47656e-14	3.84232e-15	-5.71767e-15	-1.151e-14	-8.11393e-15	1.11858e-13	-3.39725e-14	0	
0	-152.397	-58.3122	-7.66417	20.9003	14.3943	-3.27663	-47.9688	-130.876	-186.536	0	
0	-122.164	14.8165	55.5261	64.6073	60.6906	47.5839	11.9054	-61.8393	-121.349	0	
0	190.289	106.674	91.2916	82.3877	86.3069	89.3368	92.4027	131.77	151.977	0	
0	356.849	123.523	97.4991	84.4004	90.8219	98.8447	117.466	246.824	461.398	0	
0	0	0	0	0	0	0	0	0	0	0	

0	2.16147e-13	4.98765e-14	3.71018e-14	-1.14008e-15	-5.70396e-15	-2.2015e-14	-4.10806e-15	7.36156e-14	-5.33786e-14	0	
0	-143.567	-55.6802	-7.20008	21.7481	14.9855	-3.03057	-47.3882	-124.926	-180.843	0	
0	-103.215	22.4563	58.7444	65.9667	62.418	50.0822	17.5192	-47.0949	-109.153	0	
0	209.409	114.146	93.5363	82.8323	87.3854	91.4709	98.2925	151.549	183.152	0	
0	313.638	129.538	99.8806	85.0184	92.232	101.359	122.818	252.517	453.481	0	
0	0	0	0	0	0	0	0	0	0	0	

0	2.14808e-13	2.88271e-14	1.95471e-14	2.88298e-15	-9.77175e-15	-1.02314e-14	-3.54267e-17	7.714e-14	-1.29299e-14	0	
0	-151.195	-54.3576	-6.95902	20.04	14.0928	-2.26276	-43.5999	-126.084	-186.297	0	
0	-118.724	15.4312	53.6799	63.3121	59.4548	46.785	12.3295	-62.0213	-126.498	0	
0	166.604	102.796	90.0303	81.991	85.7676	88.5385	90.0753	115.937	128.459	0	
0	316.342	121.003	97.0489	84.3638	90.7571	98.749	115.74	224.847	438.331	0	
0	0	0	0	0	0	0	0	0	0	0	

0	2.09401e-13	6.32847e-14	4.05024e-14	-6.71909e-15	-9.06573e-15	-3.11498e-14	8.49636e-16	9.88848e-14	-2.7346e-14	0	
0	-137.655	-53.2234	-6.39048	22.3717	15.5772	-2.44579	-46.5497	-121.089	-177.162	0	
0	-89.0894	29.5382	61.7513	67.0216	63.9791	52.7058	23.312	-34.909	-98.7613	0	
0	226.649	120.657	95.5347	83.1981	88.4007	93.5349	103.944	169.839	215.939	0	
0	298.161	134.579	102.071	85.7001	93.6509	103.699	127.353	258.09	455.096	0	
0	0	0	0	0	0	0	0	0	0	0	

0	1.89086e-13	4.67099e-14	2.84457e-14	-1.02208e-14	-3.76984e-15	-1.82719e-14	-9.96778e-16	1.21137e-13	-3.04795e-14	0	
0	-145.46	-58.2562	-7.87283	21.8705	14.9298	-3.77886	-49.907	-128.384	-182.03	0	
0	-108.495	20.5345	58.5659	66.1021	62.4159	49.4948	15.1654	-50.8936	-110.123	0	
0	217.57	114.681	93.568	82.8613	87.3253	91.2611	97.8538	153.83	182.664	0	
0	335.877	130.012	99.7781	84.9621	92.0522	101.087	123.119	262.585	461.847	0	
0	0	0	0	0	0	0	0	0	0	0	

0	2.71976e-13	5.11756e-14	3.57079e-14	-9.20575e-15	-1.79825e-14	-1.16371e-14	-5.10003e-15	1.15074e-13	-4.34824e-14	0	
0	-155.392	-60.2139	-8.01063	20.8186	14.2444	-3.56783	-49.1614	-133.798	-188.104	0	
0	-128.192	12.0168	54.9019	64.4903	60.4303	47.0737	10.3508	-65.9814	-123.261	0	
0	190.34	105.443	90.8111	82.3621	86.053	88.8653	91.4535	131.28	150.407	0	
0	383.191	122.074	96.4318	83.9485	90.0366	97.7244	116.037	251.592	468.938	0	
0	0	0	0	0	0	0	0	0	0	0	

0	1.92589e-13	2.35822e-14	3.62311e-14	-6.33399e-15	-6.57543e-15	-3.88453e-15	-1.24587e-14	1.04514e-13	-6.56249e-14	0	
0	-152.7	-58.1695	-7.66984	20.7365	14.3191	-3.23113	-47.705	-131.144	-186.888	0	
0	-122.85	14.4153	55.0471	64.361	60.4178	47.2431	11.2522	-63.4622	-122.911	0	
0	187.503	105.949	91.0125	82.313	86.1707	89.1018	91.7256	128.575	146.52	0	
0	356.179	123.069	97.3267	84.3378	90.7135	98.7148	117.138	245.098	459.145	0	
0	0	0	0	0	0	0	0	0	0	0	

0	1.79598e-13	2.7831e-14	4.70184e-14	-9.42375e-15	-8.36741e-15	-2.09793e-14	7.53796e-15	8.91849e-14	-3.79171e-14	0	
0	-143.627	-55.8286	-6.92994	21.6623	15.0401	-2.74583	-47.262	-125.407	-180.663	0	
0	-101.947	22.5074	58.8009	65.9645	62.5317	50.4792	18.1773	-46.883	-108.315	0	
0	212.306	114.825	93.5419	82.9179	87.4587	91.6749	99.0821	154.877	188.61	0	
0	311.624	129.677	99.5089	84.8698	91.9873	101.094	122.817	254.465	454.889	0	
0	0	0	0	0	0	0	0	0	0	0	

0	2.07567e-13	2.3751e-14	3.56269e-14	-1.02696e-14	-1.92947e-14	-5.1745e-15	6.0224e-15	8.38353e-14	-3.58902e-14	0	
0	-154.216	-54.6481	-7.14921	19.5848	13.7771	-2.32651	-43.2432	-127.178	-188.381	0	
0	-125.136	12.7888	52.1535	62.534	58.5199	45.5937	10.2818	-66.9689	-131.657	0	
0	153.233	99.3687	88.9246	81.6785	85.1809	87.5027	87.4535	106.017	112.359	0	
0	322.934	118.402	96.0777	84.0613	90.1672	97.7864	113.599	218.496	434.835	0	
0	0	0	0	0	0	0	0	0	0	0	

0	2.7305e-13	7.23326e-14	3.75745e-14	-1.0978e-14	-1.38701e-14	-1.1043e-14	5.14517e-15	1.23932e-13	-1.75199e-14	0	
0	-143.598	-59.7865	-8.04445	22.56	15.2876	-4.26546	-52.5741	-129.006	-180.461	0	
0	-104.206	22.8393	60.8219	67.1603	63.666	50.9782	17.3799	-44.5464	-102.307	0	
0	240.14	120.042	94.9362	83.1363	87.8851	92.3988	101.799	173.78	210.78	0	
0	342.237	133.7	100.507	84.9697	92.2959	101.708	126.048	279.142	472.176	0	
0	0	0	0	0	0	0	0	0	0	0	

0	2.15083e-13	6.40371e-14	3.21726e-14	-2.68836e-15	-1.1739e-14	-8.58331e-15	2.79613e-16	1.04654e-13	9.08168e-15	0	
0	-150.418	-61.3698	-8.6251	21.555	14.5696	-4.46565	-51.9734	-133.366	-185.141	0	
0	-120.094	15.0742	56.7656	65.5568	61.526	47.7468	10.5316	-60.7023	-116.419	0	
0	212.443	111.069	92.368	82.6483	86.6709	89.922	94.354	145.116	166.245	0	
0	370.588	127	98.1722	84.3721	90.9138	99.3027	120.319	266.877	467.812	0	
0	0	0	0	0	0	0	0	0	0	0	

0	2.58313e-13	3.94536e-14	2.89557e-14	-1.91946e-15	-1.28767e-14	-1.69582e-14	2.35477e-15	1.18764e-13	-2.22578e-14	0	
0	-154.829	-59.742	-7.86187	20.8193	14.2884	-3.42413	-48.7962	-133.242	-187.79	0	
0	-126.77	12.6886	55.067	64.5108	60.5083	47.2844	10.8974	-65.0416	-122.766	0	
0	191.057	105.801	90.9176	82.3783	86.1225	89.0129	91.8183	132.005	151.85	0	
0	377.147	122.369	96.5933	84.013	90.1631	97.9183	116.302	250.793	468.01	0	
0	0	0	0	0	0	0	0	0	0	0	

0	2.24198e-13	4.0179e-14	3.73606e-14	-5.42228e-15	-9.91267e-15	-8.02113e-15	-9.74556e-15	6.82065e-14	-6.44205e-14	0	
0	-152.164	-57.6724	-7.52924	20.7121	14.3482	-3.0825	-47.2824	-130.569	-186.604	0	
0	-121.5	14.9985	55.1325	64.3429	60.4496	47.3977	11.7122	-62.7083	-122.622	0	
0	187.581	106.169	91.0723	82.318	86.2174	89.2101	91.9831	128.799	147.145	0	
0	350.919	123.258	97.4451	84.3852	90.8114	98.871	117.322	243.967	457.847	0	
0	0	0	0	0	0	0	0	0	0	0	

0	2.44218e-13	5.72842e-14	2.8693e-14	7.15966e-15	-9.71714e-15	-1.28347e-14	9.90483e-15	8.882e-14	-1.52044e-14	0	
0	-147.453	-57.9059	-7.41557	21.4736	14.8055	-3.18647	-48.5997	-128.853	-183.04	0	
0	-110.701	18.8475	57.6788	65.6142	61.9618	49.3801	15.2942	-53.3789	-112.677	0	
0	209.399	112.321	92.7678	82.7731	87.0394	90.8064	96.8049	149.505	178.281	0	
0	332.983	127.567	98.4964	84.5369	91.3011	99.9343	120.828	257.035	460.917	0	
0	0	0	0	0	0	0	0	0	0	0	

0	2.25209e-13	3.0369e-14	2.43594e-14	3.47762e-15	-1.43005e-14	-1.48396e-14	-2.04173e-14	1.10501e-13	-4.77103e-14	0	
0	-146.71	-54.7224	-6.81274	20.8727	14.6401	-2.37223	-45.1724	-125.713	-183.178	0	
0	-108.982	19.711	56.415	64.7076	61.1192	48.8114	15.4492	-54.4021	-117.23	0	
0	192.704	109.347	92.0058	82.5183	86.7656	90.3437	94.9008	135.692	159.194	0	
0	314.737	125.919	98.6676	84.8056	91.6677	100.325	119.789	240.418	447.908	0	
0	0	0	0	0	0	0	0	0	0	0	

0	2.61636e-13	7.06518e-14	1.97782e-14	1.85192e-15	-1.36543e-14	-1.11037e-14	-1.15338e-14	6.3734e-14	6.20118e-16	0	
0	-148.072	-62.4789	-8.57064	22.2804	15.0037	-4.73008	-54.2343	-133.426	-183.173	0	
0	-114.47	17.9931	59.3116	66.7076	62.95	49.6066	13.5343	-53.2066	-107.84	0	
0	238.238	116.891	93.9164	82.9872	87.37	91.3034	98.8384	167.119	197.217	0	
0	374.342	130.963	99.0986	84.5157	91.3548	100.134	123.41	283.913	478.381	0	
0	0	0	0	0	0	0	0	0	0	0	

0	2.50257e-13	4.68084e-14	5.05494e-14	1.12384e-14	-1.64619e-15	-8.10493e-15	6.0507e-15	1.02077e-13	2.63629e-14	0	
0	-148.9	-61.3971	-8.45001	21.852	14.8122	-4.43541	-52.6213	-133.229	-184.136	0	
0	-116.548	17.1528	57.9954	66.0551	62.2095	48.7149	12.143	-57.2051	-112.613	0	
0	225.247	114.072	93.189	82.8186	87.073	90.706	96.6313	154.82	180.229	0	
0	370.823	129.207	98.8969	84.5819	91.3488	100.016	122.125	274.044	472.607	0	
0	0	0	0	0	0	0	0	0	0	0	

0	1.90426e-13	5.37095e-14	3.75603e-14	-1.43276e-14	-9.02203e-15	-8.76685e-15	4.84873e-15	9.13239e-14	-1.1828e-15	0	
0	-151.089	-62.5202	-8.4532	21.8498	14.783	-4.44967	-53.2875	-135.014	-185.18	0	
0	-120.473	15.4432	57.925	66.0679	62.2008	48.7551	11.9106	-58.953	-113.074	0	
0	227.491	113.259	92.9379	82.8071	86.958	90.4896	96.313	156.664	183.225	0	
0	389.653	128.004	98.1172	84.2808	90.8314	99.1665	120.816	277.693	479.075	0	
0	0	0	0	0	0	0	0	0	0	0	

0	2.48068e-13	6.87138e-14	2.41116e-14	-1.24677e-15	-5.77874e-15	-1.0519e-14	-6.3625e-15	1.37203e-13	-4.59509e-14	0	
0	-150.404	-60.2295	-8.04	21.4516	14.6843	-3.88508	-50.8307	-133.034	-185.271	0	
0	-118.84	16.3604	57.0552	65.4795	61.6463	48.3534	11.9889	-59.8845	-116.275	0	
0	214.132	111.355	92.4786	82.6613	86.8087	90.2327	95.0614	146.161	169.875	0	
0	369.712	127.075	98.3571	84.508	91.1505	99.5728	120.331	264.857	470.176	0	
0	0	0	0	0	0	0	0	0	0	0	

0	2.44636e-13	5.50482e-14	3.3099e-14	6.55925e-15	-4.78685e-15	-1.15274e-14	-1.74287e-14	8.94431e-14	-4.60708e-14	0	
0	-152.681	-60.0295	-7.79773	21.1898	14.5531	-3.51798	-49.8167	-133.329	-186.428	0	
0	-122.318	14.7406	56.3736	65.1177	61.2645	48.1921	12.1347	-61.7411	-118.536	0	
0	205.894	109.046	91.8265	82.5697	86.5518	89.8035	94.0272	142.026	165.985	0	
0	374.818	124.808	97.3691	84.1979	90.5862	98.6444	118.271	259.581	471.717	0	
0	0	0	0	0	0	0	0	0	0	0	

0	2.72555e-13	3.16823e-14	3.7803e-14	-5.95987e-15	-1.18581e-14	-2.25162e-14	-4.69847e-15	1.15501e-13	-5.36913e-14	0	
0	-151.159	-58.3219	-7.52814	21.0058	14.5487	-3.20553	-48.3789	-131.468	-185.924	0	
0	-119.36	16.1961	56.1141	64.8359	61.0484	48.0783	12.4307	-61.0328	-119.603	0	
0	200.277	108.706	91.7723	82.4921	86.5552	89.8231	93.7019	137.032	158.941	0	
0	357.568	125.088	97.9427	84.493	91.0605	99.3185	118.757	252.541	464.177	0	
0	0	0	0	0	0	0	0	0	0	0	

0	2.48992e-13	4.33351e-14	2.79488e-14	-2.67045e-15	-3.50464e-15	-1.51382e-14	-1.75258e-14	1.00844e-13	-5.3493e-14	0	
0	-150.393	-59.1234	-7.55514	21.325	14.7072	-3.31934	-49.3747	-131.736	-185.02	0	
0	-117.11	16.7958	57.0955	65.3667	61.6456	48.8492	13.6512	-58.1698	-115.76	0	
0	210.013	110.826	92.3297	82.6649	86.8141	90.3343	95.4849	146.541	173.229	0	
0	357.404	126.205	97.9207	84.3555	90.9364	99.2503	119.496	259.793	468.544	0	
0	0	0	0	0	0	0	0	0	0	0	

0	2.84298e-13	4.43952e-14	3.62782e-14	-2.72868e-15	-1.15011e-14	-1.38126e-14	-1.25391e-14	1.2384e-13	-5.5533e-14	0	
0	-149.188	-57.5036	-7.29282	21.1223	14.6887	-3.00294	-47.9357	-130.088	-184.692	0	
0	-114.805	18.0191	56.7622	65.0596	61.3956	48.6928	13.8411	-57.8908	-117.129	0	
0	204.255	110.297	92.2312	82.5879	86.8032	90.3212	95.048	141.189	165.735	0	
0	344.815	126.306	98.4314	84.6412	91.3781	99.8589	119.824	252.914	461.974	0	
0	0	0	0	0	0	0	0	0	0	0	

0	2.62485e-13	2.93619e-14	3.01375e-14	1.68139e-15	-4.51804e-15	-8.81657e-15	-1.58659e-14	7.21966e-14	-6.03321e-14	0	
0	-149.936	-59.0966	-7.52329	21.3899	14.7623	-3.3166	-49.5091	-131.693	-184.765	0	
0	-116.132	17.3038	57.3617	65.4743	61.7897	49.0423	13.9577	-57.4456	-114.944	0	
0	212.752	111.481	92.5116	82.6953	86.8988	90.4965	95.9455	148.49	176.095	0	
0	356.744	126.683	98.0824	84.3899	91.0255	99.4035	119.886	261.229	469.249	0	
0	0	0	0	0	0	0	0	0	0	0	

0	2.5656e-13	6.26269e-14	3.22694e-14	-1.6259e-15	-1.25705e-14	-1.17328e-14	-1.69924e-14	1.07167e-13	-4.75692e-14	0	
0	-148.738	-57.389	-7.23688	21.1728	14.7403	-2.96908	-47.9578	-129.965	-184.444	0	
0	-113.784	18.5402	57.0021	65.1488	61.5237	48.8872	14.1944	-57.1669	-116.397	0	
0	206.44	110.868	92.3965	82.6176	86.8856	90.4804	95.483	142.836	168.337	0	
0	343.718	126.714	98.5824	84.6785	91.4678	100.008	120.159	253.864	462.515	0	
0	0	0	0	0	0	0	0	0	0	0	

0	3.04045e-13	2.97704e-14	3.00313e-14	-5.09521e-16	-3.33017e-15	1.8522e-14	-2.047e-14	7.72979e-14	-4.15375e-14	0	
0	-149.505	-58.8711	-7.45251	21.4118	14.7997	-3.25482	-49.3866	-131.421	-184.536	0	
0	-115.128	17.7827	57.5235	65.5179	61.8684	49.1938	14.2989	-56.7765	-114.433	0	
0	213.778	111.848	92.6189	82.7087	86.9547	90.6106	96.2518	149.411	177.722	0	
0	354.22	126.946	98.1969	84.4185	91.0993	99.525	120.109	261.245	468.999	0	
0	0	0	0	0	0	0	0	0	0	0	

0	2.79279e-13	7.50057e-14	2.78519e-14	4.22776e-15	-4.81306e-15	-1.41292e-14	-2.19287e-14	8.18424e-14	-4.46661e-14	0	
0	-148.363	-57.2569	-7.18207	21.2072	14.7808	-2.92949	-47.9318	-129.823	-184.241	0	
0	-112.917	18.9755	57.1862	65.2118	61.6196	49.0442	14.4991	-56.5654	-115.834	0	
0	207.977	111.299	92.5218	82.6386	86.9493	90.6051	95.822	144.049	170.315	0	
0	342.489	127.019	98.6995	84.7075	91.5392	100.126	120.409	254.416	462.79	0	
0	0	0	0	0	0	0	0	0	0	0	

0	2.96323e-13	2.11322e-14	3.54072e-14	2.4406e-15	2.37414e-15	1.71289e-14	-1.54522e-15	8.49789e-14	-1.93236e-14	0	
0	-149.197	-58.6475	-7.38722	21.4153	14.8231	-3.19051	-49.2231	-131.167	-184.38	0	
0	-114.386	18.1318	57.6154	65.5316	61.9086	49.2959	14.5618	-56.3104	-114.146	0	
0	214.096	112.038	92.6777	82.7132	86.9884	90.682	96.4354	149.81	178.601	0	
0	351.971	127.076	98.267	84.4368	91.1485	99.6037	120.222	260.875	468.598	0	
0	0	0	0	0	0	0	0	0	0	0	

0	2.80764e-13	5.35821e-14	3.19168e-14	1.17348e-14	-6.8867e-15	-2.11854e-14	-5.33283e-15	9.94705e-14	-6.45704e-14	0	
0	-148.089	-57.1084	-7.13024	21.2214	14.807	-2.88441	-47.8501	-129.667	-184.101	0	
0	-112.267	19.2949	57.2984	65.2418	61.6745	49.1512	14.7333	-56.1396	-115.495	0	
0	208.733	111.549	92.5963	82.649	86.9891	90.6855	96.0352	144.706	171.488	0	
0	341.195	127.189	98.7735	84.7262	91.5873	100.204	120.551	254.494	462.774	0	
0	0	0	0	0	0	0	0	0	0	0	

0	3.49917e-13	3.57699e-14	2.56361e-14	1.11329e-14	6.50073e-15	2.64584e-14	-1.50583e-14	6.35452e-14	-3.42917e-14	0	
0	-148.974	-58.4401	-7.32851	21.4089	14.8379	-3.12865	-49.0497	-130.942	-184.273	0	
0	-113.828	18.3913	57.6655	65.5289	61.9265	49.3664	14.7669	-55.9829	-113.995	0	
0	214.049	112.127	92.708	82.7129	87.0085	90.727	96.5443	149.92	179.043	0	
0	350.042	127.13	98.3092	84.4485	91.1817	99.655	120.271	260.341	468.159	0	
0	0	0	0	0	0	0	0	0	0	0	

0	2.66365e-13	4.51419e-14	3.66351e-14	1.39579e-14	-1.65195e-14	-2.75069e-14	-5.95257e-15	4.78314e-14	-8.11151e-14	0	
0	-147.91	-56.9951	-7.09146	21.2274	14.8238	-2.84896	-47.7786	-129.556	-184.014	0	
0	-111.833	19.5088	57.3674	65.2568	61.7068	49.2209	14.8921	-55.8681	-115.293	0	
0	209.154	111.698	92.6412	82.6543	87.0138	90.736	96.1679	145.085	172.204	0	
0	340.274	127.287	98.8182	84.7371	91.6172	100.251	120.631	254.467	462.731	0	
0	0	0	0	0	0	0	0	0	0	0	

0	3.34803e-13	2.02145e-14	2.54036e-14	3.30468e-15	2.84801e-15	1.84214e-14	-1.21174e-14	3.86966e-14	-4.33972e-15	0	
0	-148.82	-58.2745	-7.28198	21.4002	14.8473	-3.07811	-48.9032	-130.769	-184.203	0	
0	-113.433	18.5749	57.6927	65.5209	61.9337	49.414	14.9163	-55.7623	-113.918	0	
0	213.893	112.166	92.7231	82.711	87.0205	90.7552	96.6088	149.913	179.261	0	
0	348.578	127.148	98.3343	84.4557	91.2034	99.6876	120.289	259.85	467.791	0	
0	0	0	0	0	0	0	0	0	0	0	

0	2.57787e-13	2.96471e-14	2.38638e-14	1.35809e-14	-2.10923e-14	-1.66712e-14	-1.32877e-15	5.82177e-14	-7.8678e-14	0	
0	-147.788	-56.8894	-7.05864	21.2255	14.8333	-2.81596	-47.6952	-129.45	-183.958	0	
0	-111.528	19.6542	57.4016	65.2583	61.7204	49.264	15.0063	-55.6906	-115.196	0	
0	209.24	111.763	92.6624	82.6553	87.0271	90.7645	96.2389	145.214	172.536	0	
0	339.425	127.326	98.8425	84.7435	91.6356	100.28	120.663	254.269	462.579	0	
0	0	0	0	0	0	0	0	0	0	0	

0	3.70553e-13	4.281e-14	1.03038e-14	3.38708e-15	1.23533e-14	1.81531e-14	3.14149e-15	5.51873e-14	-4.08385e-16	0	
0	-148.744	-58.1838	-7.25615	21.3941	14.8518	-3.04962	-48.8205	-130.678	-184.17	0	
0	-113.234	18.6687	57.7038	65.5146	61.9355	49.4379	14.994	-55.6564	-113.89	0	
0	213.781	112.178	92.7286	82.7094	87.0258	90.7684	96.6376	149.883	179.344	0	
0	347.816	127.15	98.3451	84.4588	91.2136	99.7025	120.292	259.565	467.594	0	
0	0	0	0	0	0	0	0	0	0	0	

0	2.34508e-13	3.69067e-14	2.36587e-14	9.51695e-15	-2.02119e-14	-1.56711e-14	4.32404e-16	7.32181e-14	-6.23584e-14	0	
0	-147.724	-56.8227	-7.03831	21.2222	14.8379	-2.79473	-47.6383	-129.386	-183.93	0	
0	-111.362	19.7326	57.4158	65.2559	61.7248	49.2861	15.0699	-55.6004	-115.159	0	
0	209.226	111.787	92.6706	82.655	87.033	90.778	96.2708	145.242	172.665	0	
0	338.909	127.337	98.8533	84.7464	91.6447	100.293	120.673	254.106	462.466	0	
0	0	0	0	0	0	0	0	0	0	0	

0	3.21941e-13	3.46824e-14	1.25063e-14	5.14798e-15	9.74058e-15	1.34074e-14	4.73292e-15	6.07376e-14	3.65884e-14	0	
0	-148.702	-58.1302	-7.24051	21.39	14.8544	-3.03225	-48.7707	-130.627	-184.154	0	
0	-113.122	18.7223	57.7093	65.5102	61.9359	49.4515	15.0388	-55.6002	-113.879	0	
0	213.712	112.182	92.731	82.7082	87.0287	90.7756	96.6529	149.859	179.385	0	
0	347.389	127.149	98.3503	84.4602	91.219	99.7102	120.291	259.395	467.485	0	
0	0	0	0	0	0	0	0	0	0	0	

0	2.10853e-13	4.04849e-14	7.83111e-15	8.66778e-15	-1.51168e-14	-1.94474e-14	3.60011e-15	7.07971e-14	-1.03683e-13	0	
0	-147.7	-56.8006	-7.03071	21.2216	14.8401	-2.78715	-47.621	-129.368	-183.92	0	
0	-111.301	19.764	57.4235	65.2561	61.7279	49.2958	15.0942	-55.5673	-115.14	0	
0	209.26	111.802	92.6752	82.6552	87.036	90.7843	96.2867	145.275	172.744	0	
0	338.761	127.345	98.858	84.7475	91.6483	100.298	120.679	254.074	462.453	0	
0	0	0	0	0	0	0	0	0	0	0	

0	3.29222e-13	4.37609e-14	8.13667e-15	-3.4278e-15	6.30372e-15	2.35419e-14	-5.98417e-15	6.54681e-14	3.88096e-14	0	
0	-148.684	-58.106	-7.23293	21.3881	14.8557	-3.02393	-48.7484	-130.607	-184.147	0	
0	-113.072	18.7477	57.7123	65.5082	61.9363	49.4584	15.0598	-55.5764	-113.874	0	
0	213.694	112.185	92.7324	82.7077	87.0301	90.7792	96.661	149.854	179.412	0	
0	347.213	127.149	98.3526	84.4607	91.2214	99.7136	120.291	259.325	467.447	0	
0	0	0	0	0	0	0	0	0	0	0	

0	2.26182e-13	1.7372e-14	2.25605e-14	-4.82205e-15	-1.77513e-14	-1.02861e-14	-2.09666e-14	1.12316e-13	-1.90519e-13	0	
0	-147.547	-56.6096	-6.97839	21.2062	14.8468	-2.72908	-47.4435	-129.169	-183.856	0	
0	-110.902	19.9365	57.4358	65.2383	61.7249	49.3361	15.2425	-55.3647	-115.108	0	
0	208.889	111.798	92.6793	82.6505	87.0434	90.8043	96.3264	145.136	172.778	0	
0	337.19	127.327	98.873	84.7522	91.6653	100.322	120.666	253.424	461.956	0	
0	0	0	0	0	0	0	0	0	0	0	

0	3.03865e-13	2.4373e-14	3.61697e-15	-3.94928e-15	5.43787e-15	1.4922e-14	-6.82849e-15	8.18239e-14	2.50829e-14	0	
0	-148.68	-58.1011	-7.23069	21.3879	14.8565	-3.02173	-48.7447	-130.606	-184.146	0	
0	-113.058	18.7564	57.7148	65.5083	61.9374	49.4615	15.0663	-55.5703	-113.869	0	
0	213.718	112.191	92.7338	82.7077	87.031	90.7811	96.6659	149.868	179.441	0	
0	347.196	127.152	98.3537	84.4609	91.2222	99.7149	120.293	259.325	467.457	0	
0	0	0	0	0	0	0	0	0	0	0	

0	2.44287e-13	2.17791e-14	1.09691e-14	-3.37618e-15	-1.69506e-14	-1.21937e-14	-1.56221e-14	1.08775e-13	-1.58896e-13	0	
0	-147.551	-56.6194	-6.98008	21.2076	14.8474	-2.73146	-47.4546	-129.183	-183.858	0	
0	-110.914	19.9346	57.4389	65.2405	61.727	49.3371	15.2391	-55.3702	-115.101	0	
0	208.955	111.807	92.6815	82.6511	87.0442	90.8057	96.331	145.172	172.822	0	
0	337.293	127.334	98.8738	84.7521	91.6652	100.322	120.671	253.484	462.01	0	
0	0	0	0	0	0	0	0	0	0	0	

