101
0.600000	0.610000	0.620000	0.630000	0.640000	0.650000	0.660000	0.670000	0.680000	0.690000	0.700000	0.710000	0.720000	0.730000	0.740000	0.750000	0.760000	0.770000	0.780000	0.790000	0.800000	0.810000	0.820000	0.830000	0.840000	0.850000	0.860000	0.870000	0.880000	0.890000	0.900000	0.910000	0.920000	0.930000	0.940000	0.950000	0.960000	0.970000	0.980000	0.990000	1.000000	1.010000	1.020000	1.030000	1.040000	1.050000	1.060000	1.070000	1.080000	1.090000	1.100000	1.110000	1.120000	1.130000	1.140000	1.150000	1.160000	1.170000	1.180000	1.190000	1.200000	1.210000	1.220000	1.230000	1.240000	1.250000	1.260000	1.270000	1.280000	1.290000	1.300000	1.310000	1.320000	1.330000	1.340000	1.350000	1.360000	1.370000	1.380000	1.390000	1.400000	1.410000	1.420000	1.430000	1.440000	1.450000	1.460000	1.470000	1.480000	1.490000	1.500000	1.510000	1.520000	1.530000	1.540000	1.550000	1.560000	1.570000	1.580000	1.590000	1.600000	
0.000000	0.001110	0.005791	0.016050	0.033854	0.061108	0.099637	0.151169	0.217315	0.299555	0.399223	0.517492	0.655359	0.813641	0.992959	1.193733	1.416177	1.660295	1.925878	2.212504	2.519542	2.846151	3.191291	3.553727	3.932040	4.324636	4.729760	5.145508	5.569846	6.000622	6.435585	6.872405	7.308690	7.742008	8.169906	8.589928	8.999641	9.396649	9.778618	10.143295	10.488522	10.812260	11.112604	11.387798	11.636251	11.856548	12.047465	12.207978	12.337270	12.434738	12.500000	12.532896	12.533490	12.502067	12.439132	12.345406	12.221818	12.069496	11.889760	11.684107	11.454200	11.201851	10.929008	10.637736	10.330201	10.008649	9.675386	9.332763	8.983149	8.628915	8.272414	7.915956	7.561796	7.212108	6.868969	6.534345	6.210067	5.897824	5.599145	5.315385	5.047720	4.797131	4.564403	4.350114	4.154635	3.978128	3.820543	3.681625	3.560911	3.457744	3.371275	3.300473	3.244137	3.200908	3.169285	3.147634	3.134213	3.127182	3.124624	3.124568	3.125000	
0.000000E+000	3.551882E+012	1.853099E+013	5.136122E+013	1.083340E+014	1.955461E+014	3.188388E+014	4.837396E+014	6.954066E+014	9.585762E+014	1.277515E+015	1.655974E+015	2.097150E+015	2.603652E+015	3.177468E+015	3.819945E+015	4.531767E+015	5.312945E+015	6.162810E+015	7.080014E+015	8.062533E+015	9.107682E+015	1.021213E+016	1.137193E+016	1.258253E+016	1.383883E+016	1.513523E+016	1.646563E+016	1.782351E+016	1.920199E+016	2.059387E+016	2.199169E+016	2.338781E+016	2.477443E+016	2.614370E+016	2.748777E+016	2.879885E+016	3.006928E+016	3.129158E+016	3.245854E+016	3.356327E+016	3.459923E+016	3.556033E+016	3.644096E+016	3.723600E+016	3.794095E+016	3.855189E+016	3.906553E+016	3.947926E+016	3.979116E+016	4.000000E+016	4.010527E+016	4.010717E+016	4.000661E+016	3.980522E+016	3.950530E+016	3.910982E+016	3.862239E+016	3.804723E+016	3.738914E+016	3.665344E+016	3.584592E+016	3.497282E+016	3.404076E+016	3.305664E+016	3.202768E+016	3.096124E+016	2.986484E+016	2.874608E+016	2.761253E+016	2.647172E+016	2.533106E+016	2.419775E+016	2.307875E+016	2.198070E+016	2.090990E+016	1.987221E+016	1.887304E+016	1.791726E+016	1.700923E+016	1.615270E+016	1.535082E+016	1.460609E+016	1.392036E+016	1.329483E+016	1.273001E+016	1.222574E+016	1.178120E+016	1.139492E+016	1.106478E+016	1.078808E+016	1.056151E+016	1.038124E+016	1.024291E+016	1.014171E+016	1.007243E+016	1.002948E+016	1.000698E+016	9.998798E+015	9.998617E+015	1.000000E+016	
0.000000E+000
0.000000E+000
0.000000E+000
0.000000E+000
6.487920E-204
3.931201E-113
2.167339E-069
1.217398E-045
1.381717E-031
1.050219E-022
8.531212E-017
1.079004E-012
9.598904E-010
1.468769E-007
6.724796E-006
1.314703E-004
1.389087E-003
9.312401E-003
4.430161E-002
1.619656E-001
4.821750E-001
1.219888E+000
2.708163E+000
5.405497E+000
9.884096E+000
1.680036E+001
2.685225E+001
4.072981E+001
5.906500E+001
8.238610E+001
1.110804E+002
1.453669E+002
1.852807E+002
2.306668E+002
2.811846E+002
3.363192E+002
3.953999E+002
4.576223E+002
5.220744E+002
5.877639E+002
6.536457E+002
7.186502E+002
7.817092E+002
8.417815E+002
8.978753E+002
9.490693E+002
9.945306E+002
1.033530E+003
1.065457E+003
1.089825E+003
1.106284E+003
1.114625E+003
1.114775E+003
1.106808E+003
1.090929E+003
1.067481E+003
1.036926E+003
9.998414E+002
9.569051E+002
9.088807E+002
8.566014E+002
8.009520E+002
7.428493E+002
6.832219E+002
6.229891E+002
5.630402E+002
5.042142E+002
4.472804E+002
3.929208E+002
3.417160E+002
2.941328E+002
2.505169E+002
2.110895E+002
1.759487E+002
1.450754E+002
1.183445E+002
9.553968E+001
7.637131E+001
6.049672E+001
4.754103E+001
3.711718E+001
2.884403E+001
2.236123E+001
1.734027E+001
1.349148E+001
1.056719E+001
8.361493E+000
6.707563E+000
5.473342E+000
4.556383E+000
3.878558E+000
3.381083E+000
3.020121E+000
2.763076E+000
2.585567E+000
2.469018E+000
2.398757E+000
2.362548E+000
2.349481E+000
2.349193E+000
2.351396E+000
