101
0.600000	0.610000	0.620000	0.630000	0.640000	0.650000	0.660000	0.670000	0.680000	0.690000	0.700000	0.710000	0.720000	0.730000	0.740000	0.750000	0.760000	0.770000	0.780000	0.790000	0.800000	0.810000	0.820000	0.830000	0.840000	0.850000	0.860000	0.870000	0.880000	0.890000	0.900000	0.910000	0.920000	0.930000	0.940000	0.950000	0.960000	0.970000	0.980000	0.990000	1.000000	1.010000	1.020000	1.030000	1.040000	1.050000	1.060000	1.070000	1.080000	1.090000	1.100000	1.110000	1.120000	1.130000	1.140000	1.150000	1.160000	1.170000	1.180000	1.190000	1.200000	1.210000	1.220000	1.230000	1.240000	1.250000	1.260000	1.270000	1.280000	1.290000	1.300000	1.310000	1.320000	1.330000	1.340000	1.350000	1.360000	1.370000	1.380000	1.390000	1.400000	1.410000	1.420000	1.430000	1.440000	1.450000	1.460000	1.470000	1.480000	1.490000	1.500000	1.510000	1.520000	1.530000	1.540000	1.550000	1.560000	1.570000	1.580000	1.590000	1.600000	
0.000000	0.009866	0.039426	0.088564	0.157084	0.244717	0.351118	0.475865	0.618467	0.778360	0.954915	1.147434	1.355157	1.577264	1.812880	2.061074	2.320866	2.591232	2.871104	3.159377	3.454915	3.756551	4.063093	4.373334	4.686047	5.000000	5.313953	5.626666	5.936907	6.243449	6.545085	6.840623	7.128896	7.408768	7.679134	7.938926	8.187120	8.422736	8.644843	8.852566	9.045085	9.221640	9.381533	9.524135	9.648882	9.755283	9.842916	9.911436	9.960574	9.990134	10.000000	9.990134	9.960574	9.911436	9.842916	9.755283	9.648882	9.524135	9.381533	9.221640	9.045085	8.852566	8.644843	8.422736	8.187120	7.938926	7.679134	7.408768	7.128896	6.840623	6.545085	6.243449	5.936907	5.626666	5.313953	5.000000	4.686047	4.373334	4.063093	3.756551	3.454915	3.159377	2.871104	2.591232	2.320866	2.061074	1.812880	1.577264	1.355157	1.147434	0.954915	0.778360	0.618467	0.475865	0.351118	0.244717	0.157084	0.088564	0.039426	0.009866	0.000000	
0.000000E+000	4.933179E+013	1.971325E+014	4.428187E+014	7.854210E+014	1.223587E+015	1.755588E+015	2.379324E+015	3.092333E+015	3.891802E+015	4.774575E+015	5.737169E+015	6.775784E+015	7.886322E+015	9.064400E+015	1.030537E+016	1.160433E+016	1.295616E+016	1.435552E+016	1.579689E+016	1.727458E+016	1.878275E+016	2.031547E+016	2.186667E+016	2.343024E+016	2.500000E+016	2.656976E+016	2.813333E+016	2.968453E+016	3.121725E+016	3.272542E+016	3.420311E+016	3.564448E+016	3.704384E+016	3.839567E+016	3.969463E+016	4.093560E+016	4.211368E+016	4.322422E+016	4.426283E+016	4.522542E+016	4.610820E+016	4.690767E+016	4.762068E+016	4.824441E+016	4.877641E+016	4.921458E+016	4.955718E+016	4.980287E+016	4.995067E+016	5.000000E+016	4.995067E+016	4.980287E+016	4.955718E+016	4.921458E+016	4.877641E+016	4.824441E+016	4.762068E+016	4.690767E+016	4.610820E+016	4.522542E+016	4.426283E+016	4.322422E+016	4.211368E+016	4.093560E+016	3.969463E+016	3.839567E+016	3.704384E+016	3.564448E+016	3.420311E+016	3.272542E+016	3.121725E+016	2.968453E+016	2.813333E+016	2.656976E+016	2.500000E+016	2.343024E+016	2.186667E+016	2.031547E+016	1.878275E+016	1.727458E+016	1.579689E+016	1.435552E+016	1.295616E+016	1.160433E+016	1.030537E+016	9.064400E+015	7.886322E+015	6.775784E+015	5.737169E+015	4.774575E+015	3.891802E+015	3.092333E+015	2.379324E+015	1.755588E+015	1.223587E+015	7.854210E+014	4.428187E+014	1.971325E+014	4.933179E+013	0.000000E+000	
0.000000E+000
0.000000E+000
4.602953E-151
2.017026E-067
5.827509E-038
3.274129E-024
1.148261E-016
4.609717E-012
4.922481E-009
6.308657E-007
2.150774E-005
3.068310E-004
2.407808E-003
1.235851E-002
4.650118E-002
1.386246E-001
3.457142E-001
7.499834E-001
1.456398E+000
2.586418E+000
4.269473E+000
6.633795E+000
9.797846E+000
1.386316E+001
1.890897E+001
2.498859E+001
3.212761E+001
4.032338E+001
4.954577E+001
5.973880E+001
7.082287E+001
8.269750E+001
9.524430E+001
1.083301E+002
1.218101E+002
1.355310E+002
1.493339E+002
1.630571E+002
1.765390E+002
1.896205E+002
2.021470E+002
2.139710E+002
2.249533E+002
2.349653E+002
2.438901E+002
2.516238E+002
2.580769E+002
2.631746E+002
2.668583E+002
2.690856E+002
2.698309E+002
2.690856E+002
2.668583E+002
2.631746E+002
2.580769E+002
2.516238E+002
2.438901E+002
2.349653E+002
2.249533E+002
2.139710E+002
2.021470E+002
1.896205E+002
1.765390E+002
1.630571E+002
1.493339E+002
1.355310E+002
1.218101E+002
1.083301E+002
9.524430E+001
8.269750E+001
7.082287E+001
5.973880E+001
4.954577E+001
4.032338E+001
3.212761E+001
2.498859E+001
1.890897E+001
1.386316E+001
9.797846E+000
6.633795E+000
4.269473E+000
2.586418E+000
1.456398E+000
7.499834E-001
3.457142E-001
1.386246E-001
4.650118E-002
1.235851E-002
2.407808E-003
3.068310E-004
2.150774E-005
6.308657E-007
4.922481E-009
4.609717E-012
1.148261E-016
3.274129E-024
5.827509E-038
2.017026E-067
4.602953E-151
0.000000E+000
0.000000E+000
