101
0.600000	0.610000	0.620000	0.630000	0.640000	0.650000	0.660000	0.670000	0.680000	0.690000	0.700000	0.710000	0.720000	0.730000	0.740000	0.750000	0.760000	0.770000	0.780000	0.790000	0.800000	0.810000	0.820000	0.830000	0.840000	0.850000	0.860000	0.870000	0.880000	0.890000	0.900000	0.910000	0.920000	0.930000	0.940000	0.950000	0.960000	0.970000	0.980000	0.990000	1.000000	1.010000	1.020000	1.030000	1.040000	1.050000	1.060000	1.070000	1.080000	1.090000	1.100000	1.110000	1.120000	1.130000	1.140000	1.150000	1.160000	1.170000	1.180000	1.190000	1.200000	1.210000	1.220000	1.230000	1.240000	1.250000	1.260000	1.270000	1.280000	1.290000	1.300000	1.310000	1.320000	1.330000	1.340000	1.350000	1.360000	1.370000	1.380000	1.390000	1.400000	1.410000	1.420000	1.430000	1.440000	1.450000	1.460000	1.470000	1.480000	1.490000	1.500000	1.510000	1.520000	1.530000	1.540000	1.550000	1.560000	1.570000	1.580000	1.590000	1.600000	
0.000000	0.000666	0.003475	0.009630	0.020313	0.036665	0.059782	0.090701	0.130389	0.179733	0.239534	0.310495	0.393216	0.488185	0.595775	0.716240	0.849706	0.996177	1.155527	1.327503	1.511725	1.707690	1.914774	2.132236	2.359224	2.594782	2.837856	3.087305	3.341908	3.600373	3.861351	4.123443	4.385214	4.645205	4.901944	5.153957	5.399784	5.637989	5.867171	6.085977	6.293113	6.487356	6.667563	6.832679	6.981751	7.113929	7.228479	7.324787	7.402362	7.460843	7.500000	7.519738	7.520094	7.501240	7.463479	7.407243	7.333091	7.241698	7.133856	7.010464	6.872520	6.721110	6.557405	6.382642	6.198121	6.005189	5.805232	5.599658	5.389889	5.177349	4.963448	4.749574	4.537078	4.327265	4.121382	3.920607	3.726040	3.538694	3.359487	3.189231	3.028632	2.878279	2.738642	2.610068	2.492781	2.386877	2.292326	2.208975	2.136547	2.074647	2.022765	1.980284	1.946482	1.920545	1.901571	1.888581	1.880528	1.876309	1.874775	1.874741	1.875000	
0.000000E+000	5.327824E+012	2.779649E+013	7.704184E+013	1.625011E+014	2.933192E+014	4.782582E+014	7.256093E+014	1.043110E+015	1.437864E+015	1.916272E+015	2.483961E+015	3.145726E+015	3.905478E+015	4.766203E+015	5.729918E+015	6.797650E+015	7.969417E+015	9.244215E+015	1.062002E+016	1.209380E+016	1.366152E+016	1.531820E+016	1.705789E+016	1.887379E+016	2.075825E+016	2.270285E+016	2.469844E+016	2.673526E+016	2.880298E+016	3.089081E+016	3.298754E+016	3.508171E+016	3.716164E+016	3.921555E+016	4.123166E+016	4.319828E+016	4.510391E+016	4.693737E+016	4.868781E+016	5.034490E+016	5.189885E+016	5.334050E+016	5.466143E+016	5.585400E+016	5.691143E+016	5.782783E+016	5.859829E+016	5.921889E+016	5.968674E+016	6.000000E+016	6.015790E+016	6.016075E+016	6.000992E+016	5.970783E+016	5.925795E+016	5.866472E+016	5.793358E+016	5.707085E+016	5.608372E+016	5.498016E+016	5.376888E+016	5.245924E+016	5.106113E+016	4.958496E+016	4.804151E+016	4.644185E+016	4.479726E+016	4.311911E+016	4.141879E+016	3.970759E+016	3.799659E+016	3.629662E+016	3.461812E+016	3.297105E+016	3.136485E+016	2.980832E+016	2.830956E+016	2.687589E+016	2.551385E+016	2.422905E+016	2.302623E+016	2.190913E+016	2.088055E+016	1.994225E+016	1.909502E+016	1.833861E+016	1.767180E+016	1.709237E+016	1.659717E+016	1.618212E+016	1.584227E+016	1.557186E+016	1.536436E+016	1.521257E+016	1.510864E+016	1.504422E+016	1.501047E+016	1.499820E+016	1.499793E+016	1.500000E+016	
0.000000E+000
0.000000E+000
0.000000E+000
0.000000E+000
0.000000E+000
6.293135E-188
3.073903E-115
7.716488E-076
1.420121E-052
6.472308E-038
3.400502E-028
1.778661E-021
1.138235E-016
3.942278E-013
1.855020E-010
2.141223E-008
8.968071E-007
1.779079E-005
2.012952E-004
1.482705E-003
7.825801E-003
3.176857E-002
1.045903E-001
2.907394E-001
7.038683E-001
1.520284E+000
2.985635E+000
5.412088E+000
9.165315E+000
1.464260E+001
2.224472E+001
3.234498E+001
4.525868E+001
6.121587E+001
8.033959E+001
1.026309E+002
1.279613E+002
1.560725E+002
1.865828E+002
2.189996E+002
2.527362E+002
2.871330E+002
3.214800E+002
3.550414E+002
3.870802E+002
4.168818E+002
4.437763E+002
4.671591E+002
4.865084E+002
5.013997E+002
5.115171E+002
5.166616E+002
5.167547E+002
5.118394E+002
5.020772E+002
4.877414E+002
4.692083E+002
4.469438E+002
4.214890E+002
3.934424E+002
3.634418E+002
3.321436E+002
3.002033E+002
2.682546E+002
2.368915E+002
2.066500E+002
1.779944E+002
1.513050E+002
1.268707E+002
1.048855E+002
8.544865E+001
6.857027E+001
5.417988E+001
4.213881E+001
3.225497E+001
2.429898E+001
1.802054E+001
1.316376E+001
9.480579E+000
6.741274E+000
4.741808E+000
3.307845E+000
2.295783E+000
1.591371E+000
1.106633E+000
7.758627E-001
5.513362E-001
3.992405E-001
2.961257E-001
2.260116E-001
1.781530E-001
1.453907E-001
1.229760E-001
1.077577E-001
9.762857E-002
9.115365E-002
8.731940E-002
8.536405E-002
8.466191E-002
8.464645E-002
8.476473E-002
