101
0.600000	0.610000	0.620000	0.630000	0.640000	0.650000	0.660000	0.670000	0.680000	0.690000	0.700000	0.710000	0.720000	0.730000	0.740000	0.750000	0.760000	0.770000	0.780000	0.790000	0.800000	0.810000	0.820000	0.830000	0.840000	0.850000	0.860000	0.870000	0.880000	0.890000	0.900000	0.910000	0.920000	0.930000	0.940000	0.950000	0.960000	0.970000	0.980000	0.990000	1.000000	1.010000	1.020000	1.030000	1.040000	1.050000	1.060000	1.070000	1.080000	1.090000	1.100000	1.110000	1.120000	1.130000	1.140000	1.150000	1.160000	1.170000	1.180000	1.190000	1.200000	1.210000	1.220000	1.230000	1.240000	1.250000	1.260000	1.270000	1.280000	1.290000	1.300000	1.310000	1.320000	1.330000	1.340000	1.350000	1.360000	1.370000	1.380000	1.390000	1.400000	1.410000	1.420000	1.430000	1.440000	1.450000	1.460000	1.470000	1.480000	1.490000	1.500000	1.510000	1.520000	1.530000	1.540000	1.550000	1.560000	1.570000	1.580000	1.590000	1.600000	
0.000000	0.000888	0.004633	0.012840	0.027084	0.048887	0.079710	0.120935	0.173852	0.239644	0.319379	0.413993	0.524288	0.650913	0.794367	0.954986	1.132942	1.328236	1.540703	1.770004	2.015633	2.276921	2.553033	2.842982	3.145632	3.459709	3.783808	4.116407	4.455877	4.800497	5.148468	5.497924	5.846952	6.193607	6.535925	6.871943	7.199713	7.517319	7.822895	8.114636	8.390817	8.649808	8.890084	9.110239	9.309001	9.485238	9.637972	9.766382	9.869816	9.947790	10.000000	10.026317	10.026792	10.001653	9.951305	9.876325	9.777454	9.655597	9.511808	9.347286	9.163360	8.961481	8.743206	8.510189	8.264161	8.006919	7.740309	7.466210	7.186519	6.903132	6.617931	6.332765	6.049437	5.769686	5.495176	5.227476	4.968053	4.718259	4.479316	4.252308	4.038176	3.837705	3.651522	3.480091	3.323708	3.182503	3.056435	2.945300	2.848729	2.766195	2.697020	2.640378	2.595310	2.560727	2.535428	2.518107	2.507370	2.501745	2.499700	2.499654	2.500000	
0.000000E+000	4.439853E+012	2.316374E+013	6.420153E+013	1.354175E+014	2.444327E+014	3.985485E+014	6.046744E+014	8.692582E+014	1.198220E+015	1.596894E+015	2.069967E+015	2.621438E+015	3.254565E+015	3.971836E+015	4.774931E+015	5.664708E+015	6.641181E+015	7.703513E+015	8.850018E+015	1.007817E+016	1.138460E+016	1.276516E+016	1.421491E+016	1.572816E+016	1.729854E+016	1.891904E+016	2.058203E+016	2.227939E+016	2.400249E+016	2.574234E+016	2.748962E+016	2.923476E+016	3.096803E+016	3.267962E+016	3.435971E+016	3.599856E+016	3.758660E+016	3.911447E+016	4.057318E+016	4.195409E+016	4.324904E+016	4.445042E+016	4.555119E+016	4.654500E+016	4.742619E+016	4.818986E+016	4.883191E+016	4.934908E+016	4.973895E+016	5.000000E+016	5.013159E+016	5.013396E+016	5.000827E+016	4.975653E+016	4.938162E+016	4.888727E+016	4.827798E+016	4.755904E+016	4.673643E+016	4.581680E+016	4.480740E+016	4.371603E+016	4.255094E+016	4.132080E+016	4.003459E+016	3.870154E+016	3.733105E+016	3.593260E+016	3.451566E+016	3.308965E+016	3.166383E+016	3.024718E+016	2.884843E+016	2.747588E+016	2.613738E+016	2.484027E+016	2.359130E+016	2.239658E+016	2.126154E+016	2.019088E+016	1.918852E+016	1.825761E+016	1.740046E+016	1.661854E+016	1.591251E+016	1.528217E+016	1.472650E+016	1.424364E+016	1.383098E+016	1.348510E+016	1.320189E+016	1.297655E+016	1.280363E+016	1.267714E+016	1.259054E+016	1.253685E+016	1.250873E+016	1.249850E+016	1.249827E+016	1.250000E+016	
0.000000E+000
0.000000E+000
0.000000E+000
0.000000E+000
1.543742E-254
3.716091E-141
1.467931E-086
6.094617E-057
1.965668E-039
2.192195E-028
4.779601E-021
5.784954E-016
2.555634E-012
1.258608E-009
1.379352E-007
5.243568E-006
9.278450E-005
9.336435E-004
6.142920E-003
2.918998E-002
1.076694E-001
3.251477E-001
8.366298E-001
1.890696E+000
3.841312E+000
7.144873E+000
1.234165E+001
2.002401E+001
3.079584E+001
4.522824E+001
6.381658E+001
8.694256E+001
1.148444E+002
1.475965E+002
1.850985E+002
2.270745E+002
2.730805E+002
3.225185E+002
3.746570E+002
4.286548E+002
4.835886E+002
5.384806E+002
5.923279E+002
6.441298E+002
6.929155E+002
7.377678E+002
7.778465E+002
8.124070E+002
8.408173E+002
8.625712E+002
8.772983E+002
8.847707E+002
8.849058E+002
8.777668E+002
8.635587E+002
8.426221E+002
8.154237E+002
7.825433E+002
7.446595E+002
7.025317E+002
6.569811E+002
6.088696E+002
5.590778E+002
5.084827E+002
4.579347E+002
4.082362E+002
3.601211E+002
3.142373E+002
2.711308E+002
2.312354E+002
1.948650E+002
1.622118E+002
1.333489E+002
1.082382E+002
8.674234E+001
6.864103E+001
5.364979E+001
4.144027E+001
3.166065E+001
2.395473E+001
1.797843E+001
1.341280E+001
9.973072E+000
7.413652E+000
5.529436E+000
4.154217E+000
3.156983E+000
2.437030E+000
1.918657E+000
1.546038E+000
1.278651E+000
1.087430E+000
9.516859E-001
8.567213E-001
7.920347E-001
7.499837E-001
7.248014E-001
7.118742E-001
7.072178E-001
7.071152E-001
7.079001E-001
