10
5e+16
1e+19
49.9999
10.0001
18755.4
3.52501e-20
3.51638e-20
3.49132e-20
3.46499e-20
3.43822e-20
3.41123e-20
3.38409e-20
3.35683e-20
3.32948e-20
3.30203e-20
3.2745e-20
3.2469e-20
3.21932e-20
3.19174e-20
3.16416e-20
3.13654e-20
3.1089e-20
3.08122e-20
3.05349e-20
3.02572e-20
2.99791e-20
2.9701e-20
2.94229e-20
2.91447e-20
2.88664e-20
2.85879e-20
2.83097e-20
2.80316e-20
2.77536e-20
2.74757e-20
2.71977e-20
2.69201e-20
2.66428e-20
2.63657e-20
2.60887e-20
2.58122e-20
2.55361e-20
2.52603e-20
2.49849e-20
2.471e-20
2.44355e-20
2.41616e-20
2.38883e-20
2.36156e-20
2.33435e-20
2.30722e-20
2.28015e-20
2.25316e-20
2.22625e-20
2.19943e-20
2.17268e-20
2.14602e-20
2.11945e-20
2.09297e-20
2.06659e-20
2.0403e-20
2.01413e-20
1.98806e-20
1.96209e-20
1.93623e-20
1.91049e-20
1.88487e-20
1.85936e-20
1.83399e-20
1.80875e-20
1.78362e-20
1.75863e-20
1.73377e-20
1.70904e-20
1.68445e-20
1.66e-20
1.6357e-20
1.61154e-20
1.58753e-20
1.56367e-20
1.53996e-20
1.5164e-20
1.493e-20
1.46975e-20
1.44667e-20
1.42374e-20
1.40098e-20
1.37837e-20
1.35593e-20
1.33366e-20
1.31156e-20
1.28962e-20
1.26786e-20
1.24627e-20
1.22485e-20
1.20361e-20
1.18253e-20
1.16164e-20
1.14092e-20
1.12038e-20
1.10001e-20
1.07982e-20
1.05981e-20
1.03998e-20
1.02033e-20
1.00085e-20
9.81553e-21
9.62437e-21
9.43498e-21
9.24739e-21
9.06161e-21
8.87761e-21
8.6954e-21
8.51495e-21
8.33627e-21
8.15941e-21
7.98434e-21
7.8111e-21
7.63972e-21
7.47017e-21
7.30247e-21
7.13666e-21
6.97271e-21
6.81066e-21
6.65053e-21
6.49234e-21
6.33615e-21
6.18199e-21
6.02991e-21
5.87991e-21
5.73203e-21
5.5863e-21
5.44271e-21
5.30134e-21
5.16226e-21
5.02551e-21
4.8911e-21
4.75908e-21
4.62948e-21
4.50228e-21
4.37753e-21
4.25522e-21
4.13538e-21
4.01798e-21
3.90303e-21
3.79053e-21
3.68047e-21
3.57283e-21
3.46759e-21
3.36475e-21
3.26428e-21
3.16616e-21
3.07037e-21
2.97687e-21
2.88566e-21
2.7967e-21
2.70994e-21
2.62538e-21
2.54299e-21
2.46271e-21
2.38452e-21
2.30839e-21
2.2343e-21
2.1622e-21
2.09206e-21
2.02383e-21
1.9575e-21
1.89302e-21
1.83034e-21
1.76945e-21
1.7103e-21
1.65285e-21
1.59708e-21
1.54295e-21
1.4904e-21
1.43943e-21
1.38998e-21
1.34203e-21
1.29553e-21
1.25045e-21
1.20677e-21
1.16443e-21
1.12343e-21
1.08371e-21
1.04524e-21
1.00799e-21
9.71942e-22
9.37052e-22
9.03294e-22
8.70633e-22
8.3904e-22
8.08487e-22
7.78946e-22
7.50389e-22
7.22789e-22
6.96116e-22
6.70343e-22
6.45444e-22
6.21396e-22
5.98173e-22
5.75751e-22
5.54103e-22
5.33207e-22
5.1304e-22
4.9358e-22
4.74805e-22
4.56696e-22
4.39228e-22
4.22381e-22
4.06137e-22
3.90476e-22
3.75381e-22
3.60832e-22
3.46813e-22
3.33304e-22
3.20289e-22
3.07751e-22
2.95676e-22
2.84047e-22
2.7285e-22
2.62071e-22
2.51693e-22
2.41704e-22
2.3209e-22
2.22839e-22
2.13937e-22
2.05373e-22
1.97136e-22
1.89213e-22
1.81593e-22
1.74266e-22
1.6722e-22
1.60446e-22
1.53934e-22
1.47675e-22
1.41659e-22
1.35879e-22
1.30325e-22
1.24987e-22
1.1986e-22
1.14934e-22
1.10203e-22
1.05659e-22
1.01296e-22
9.7106e-23
9.30829e-23
8.92203e-23
8.5512e-23
8.19524e-23
7.85358e-23
7.52568e-23
7.21103e-23
6.90911e-23
6.61944e-23
6.34151e-23
6.07487e-23
5.81908e-23
5.57372e-23
5.3384e-23
5.11272e-23
4.8963e-23
4.68879e-23
4.48985e-23
4.29912e-23
4.11626e-23
3.94097e-23
3.77293e-23
3.61187e-23
3.4575e-23
3.30957e-23
3.16781e-23
3.03198e-23
2.90185e-23
2.77717e-23
2.65772e-23
2.54328e-23
2.43366e-23
2.32865e-23
2.22807e-23
2.13174e-23
2.03949e-23
1.95115e-23
1.86656e-23
1.78556e-23
1.70802e-23
1.63378e-23
1.5627e-23
1.49464e-23
1.42949e-23
1.36713e-23
1.30744e-23
1.25031e-23
1.19563e-23
1.14331e-23
1.09323e-23
1.04532e-23
9.99475e-24
9.55606e-24
9.1363e-24
8.73467e-24
8.3504e-24
7.98278e-24
7.63109e-24
7.29467e-24
6.97287e-24
6.66507e-24
6.37069e-24
6.08914e-24
5.81989e-24
5.56237e-24
5.31607e-24
5.08053e-24
4.85528e-24
4.63988e-24
4.43392e-24
4.23698e-24
4.04869e-24
3.86867e-24
3.69656e-24
3.53202e-24
3.37474e-24
3.2244e-24
3.08069e-24
2.9433e-24
2.81198e-24
2.68644e-24
2.56645e-24
2.45176e-24
2.34214e-24
2.23737e-24
2.13724e-24
2.04156e-24
1.95011e-24
1.86273e-24
1.77924e-24
1.69945e-24
1.62322e-24
1.55039e-24
1.48079e-24
1.41429e-24
1.35075e-24
1.29004e-24
1.23203e-24
1.17661e-24
1.12366e-24
1.07308e-24
1.02475e-24
9.78593e-25
9.34496e-25
8.92375e-25
8.52141e-25
8.13712e-25
7.77007e-25
7.4195e-25
7.08463e-25
6.76476e-25
6.45923e-25
6.1674e-25
5.88867e-25
5.62246e-25
5.3682e-25
5.12538e-25
4.89348e-25
4.67201e-25
4.46052e-25
4.25856e-25
4.0657e-25
3.88154e-25
3.7057e-25
3.53779e-25
3.37747e-25
3.22438e-25
3.07818e-25
2.93858e-25
2.80527e-25
2.67798e-25
2.55643e-25
2.44038e-25
2.32957e-25
2.22377e-25
2.12276e-25
2.02632e-25
1.93424e-25
1.84633e-25
1.76241e-25
1.68229e-25
1.60581e-25
1.5328e-25
1.4631e-25
1.39657e-25
1.33305e-25
1.2724e-25
1.21451e-25
1.15924e-25
1.10647e-25
1.0561e-25
1.00801e-25
9.62108e-26
9.18289e-26
8.7646e-26
8.36531e-26
7.98418e-26
7.62037e-26
7.27312e-26
6.94166e-26
6.62529e-26
6.32333e-26
6.03513e-26
5.76006e-26
5.49753e-26
5.24698e-26
5.00785e-26
4.7796e-26
4.56174e-26
4.3538e-26
4.15532e-26
3.96588e-26
3.78507e-26
3.6125e-26
3.4478e-26
3.29061e-26
3.14059e-26
2.99741e-26
2.86077e-26
2.73037e-26
2.60593e-26
2.48717e-26
2.37385e-26
2.2657e-26
2.16251e-26
2.06405e-26
1.97009e-26
1.88044e-26
1.7949e-26
1.71329e-26
1.63541e-26
1.5611e-26
1.49019e-26
1.42253e-26
1.35798e-26
1.29639e-26
1.23762e-26
1.18156e-26
1.12808e-26
1.07707e-26
1.0284e-26
9.81985e-27
9.37712e-27
8.95489e-27
8.55223e-27
8.16825e-27
7.80214e-27
7.45308e-27
7.12032e-27
6.80313e-27
6.50082e-27
6.21272e-27
5.93822e-27
5.67671e-27
5.42762e-27
5.1904e-27
4.96454e-27
4.7495e-27
4.54482e-27
4.35005e-27
4.16477e-27
3.98857e-27
3.82107e-27
3.6619e-27
3.51072e-27
3.36721e-27
3.23104e-27
3.10192e-27
2.97958e-27
2.86374e-27
2.75415e-27
2.65059e-27
2.55281e-27
2.46062e-27
2.3738e-27
2.29218e-27
2.21558e-27
2.14382e-27
2.07677e-27
2.01426e-27
1.95618e-27
1.90238e-27
1.85277e-27
1.80723e-27
1.76567e-27
1.72797e-27
1.69415e-27
1.66422e-27
1.63815e-27
1.61588e-27
1.59743e-27
1.58276e-27
1.5718e-27
1.56452e-27
1.56089e-27
1.56088e-27
1.56448e-27
1.57169e-27
1.58249e-27
1.5969e-27
1.61494e-27
