5
1e+16
1e+17
50
4.99997
13262.1
7.54972e-20
7.54914e-20
7.54611e-20
7.54164e-20
7.53573e-20
7.52836e-20
7.51954e-20
7.50927e-20
7.49756e-20
7.48442e-20
7.46985e-20
7.45386e-20
7.43646e-20
7.41766e-20
7.39747e-20
7.37591e-20
7.35299e-20
7.32871e-20
7.3031e-20
7.27617e-20
7.24793e-20
7.21839e-20
7.18758e-20
7.15551e-20
7.1222e-20
7.08767e-20
7.05194e-20
7.01503e-20
6.97695e-20
6.93774e-20
6.8974e-20
6.85597e-20
6.81346e-20
6.76991e-20
6.72532e-20
6.67973e-20
6.63316e-20
6.58564e-20
6.53719e-20
6.48783e-20
6.4376e-20
6.38651e-20
6.3346e-20
6.28189e-20
6.22841e-20
6.17418e-20
6.11924e-20
6.06361e-20
6.00732e-20
5.95039e-20
5.89286e-20
5.83475e-20
5.77609e-20
5.71691e-20
5.65724e-20
5.5971e-20
5.53653e-20
5.47555e-20
5.41418e-20
5.35247e-20
5.29043e-20
5.22809e-20
5.16548e-20
5.10263e-20
5.03957e-20
4.97632e-20
4.9129e-20
4.84936e-20
4.7857e-20
4.72196e-20
4.65816e-20
4.59433e-20
4.5305e-20
4.46668e-20
4.4029e-20
4.3392e-20
4.27558e-20
4.21207e-20
4.1487e-20
4.08548e-20
4.02245e-20
3.95962e-20
3.89701e-20
3.83464e-20
3.77254e-20
3.71071e-20
3.64919e-20
3.58799e-20
3.52713e-20
3.46663e-20
3.40649e-20
3.34675e-20
3.28742e-20
3.2285e-20
3.17002e-20
3.11199e-20
3.05443e-20
2.99735e-20
2.94075e-20
2.88467e-20
2.82909e-20
2.77405e-20
2.71954e-20
2.66558e-20
2.61218e-20
2.55934e-20
2.50709e-20
2.45541e-20
2.40433e-20
2.35385e-20
2.30398e-20
2.25471e-20
2.20607e-20
2.15805e-20
2.11066e-20
2.0639e-20
2.01777e-20
1.97229e-20
1.92745e-20
1.88326e-20
1.83971e-20
1.79681e-20
1.75457e-20
1.71297e-20
1.67203e-20
1.63174e-20
1.5921e-20
1.55311e-20
1.51478e-20
1.47709e-20
1.44005e-20
1.40365e-20
1.3679e-20
1.33279e-20
1.29831e-20
1.26447e-20
1.23126e-20
1.19868e-20
1.16672e-20
1.13537e-20
1.10464e-20
1.07452e-20
1.04501e-20
1.01609e-20
9.87767e-21
9.60031e-21
9.32877e-21
9.06299e-21
8.80291e-21
8.54846e-21
8.29959e-21
8.05622e-21
7.8183e-21
7.58575e-21
7.3585e-21
7.13649e-21
6.91964e-21
6.7079e-21
6.50118e-21
6.29942e-21
6.10255e-21
5.91049e-21
5.72316e-21
5.54051e-21
5.36244e-21
5.18889e-21
5.01979e-21
4.85505e-21
4.69461e-21
4.5384e-21
4.38634e-21
4.23836e-21
4.0944e-21
3.95437e-21
3.81821e-21
3.68585e-21
3.5572e-21
3.43221e-21
3.3108e-21
3.19289e-21
3.07842e-21
2.96733e-21
2.85954e-21
2.75499e-21
2.65362e-21
2.55535e-21
2.46012e-21
2.36786e-21
2.2785e-21
2.19198e-21
2.10824e-21
2.0272e-21
1.94881e-21
1.87299e-21
1.79969e-21
1.72883e-21
1.66037e-21
1.59423e-21
1.53036e-21
1.46869e-21
1.40917e-21
1.35174e-21
1.29633e-21
1.2429e-21
1.19138e-21
1.14173e-21
1.09389e-21
1.0478e-21
1.00341e-21
9.60672e-22
9.19538e-22
8.79956e-22
8.41878e-22
8.05257e-22
7.70047e-22
7.36203e-22
7.03681e-22
6.72437e-22
6.4243e-22
6.13618e-22
5.85961e-22
5.5942e-22
5.33957e-22
5.09534e-22
4.86116e-22
4.63667e-22
4.42153e-22
4.21539e-22
4.01795e-22
3.82887e-22
3.64786e-22
3.47462e-22
3.30885e-22
3.15027e-22
2.99862e-22
2.85363e-22
2.71503e-22
2.5826e-22
2.45607e-22
2.33522e-22
2.21983e-22
2.10968e-22
2.00455e-22
1.90424e-22
1.80856e-22
1.71731e-22
1.63032e-22
1.5474e-22
1.46838e-22
1.3931e-22
1.32139e-22
1.25311e-22
1.18812e-22
1.12625e-22
1.06739e-22
1.01139e-22
9.58129e-23
9.07488e-23
8.59349e-23
8.13598e-23
7.70127e-23
7.28832e-23
6.89613e-23
6.52375e-23
6.17026e-23
5.83478e-23
5.51645e-23
5.21448e-23
4.92809e-23
4.65653e-23
4.39909e-23
4.1551e-23
3.9239e-23
3.70487e-23
3.49741e-23
3.30096e-23
3.11497e-23
2.93892e-23
2.77232e-23
2.61469e-23
2.46558e-23
2.32456e-23
2.19121e-23
2.06515e-23
1.94601e-23
1.83341e-23
1.72703e-23
1.62655e-23
1.53165e-23
1.44204e-23
1.35744e-23
1.27759e-23
1.20224e-23
1.13115e-23
1.06408e-23
1.00082e-23
9.41176e-24
8.8494e-24
8.31929e-24
7.81968e-24
7.3489e-24
6.90536e-24
6.48756e-24
6.09409e-24
5.72358e-24
5.37476e-24
5.04641e-24
4.73738e-24
4.4466e-24
4.17302e-24
3.91567e-24
3.67364e-24
3.44604e-24
3.23206e-24
3.0309e-24
2.84183e-24
2.66416e-24
2.49722e-24
2.34039e-24
2.19309e-24
2.05475e-24
1.92485e-24
1.8029e-24
1.68842e-24
1.58098e-24
1.48016e-24
1.38556e-24
1.29682e-24
1.21358e-24
1.13552e-24
1.06232e-24
9.93702e-25
9.29375e-25
8.69084e-25
8.12587e-25
7.5965e-25
7.10059e-25
6.63608e-25
6.20105e-25
5.79368e-25
5.41228e-25
5.05525e-25
4.72108e-25
4.40834e-25
4.11573e-25
3.84197e-25
3.58589e-25
3.34639e-25
3.12242e-25
2.91301e-25
2.71724e-25
2.53426e-25
2.36324e-25
2.20344e-25
2.05415e-25
1.91468e-25
1.78441e-25
1.66276e-25
1.54917e-25
1.44313e-25
1.34414e-25
1.25175e-25
1.16554e-25
1.08511e-25
1.01007e-25
9.40079e-26
8.74805e-26
8.1394e-26
7.57194e-26
7.04298e-26
6.54997e-26
6.09054e-26
5.66247e-26
5.26369e-26
4.89224e-26
4.54631e-26
4.22418e-26
3.92427e-26
3.6451e-26
3.38526e-26
3.14345e-26
2.91847e-26
2.70917e-26
2.51449e-26
2.33343e-26
2.16508e-26
2.00856e-26
1.86306e-26
1.72783e-26
1.60217e-26
1.48541e-26
1.37694e-26
1.27619e-26
1.18263e-26
1.09576e-26
1.0151e-26
9.40237e-27
8.70755e-27
8.06279e-27
7.46458e-27
6.90966e-27
6.39497e-27
5.91767e-27
5.47512e-27
5.06486e-27
4.68459e-27
4.33218e-27
4.00565e-27
3.70313e-27
3.4229e-27
3.16338e-27
2.92305e-27
2.70055e-27
2.49458e-27
2.30395e-27
2.12754e-27
1.96433e-27
1.81334e-27
1.67368e-27
1.54453e-27
1.42512e-27
1.31472e-27
1.21268e-27
1.11838e-27
1.03124e-27
9.50732e-28
8.76369e-28
8.07691e-28
7.44273e-28
6.85723e-28
6.31676e-28
5.81795e-28
5.35765e-28
4.93297e-28
4.54121e-28
4.17987e-28
3.84667e-28
3.53944e-28
3.25623e-28
2.99519e-28
2.75463e-28
2.53298e-28
2.3288e-28
2.14073e-28
1.96754e-28
1.80808e-28
1.66128e-28
1.52617e-28
1.40182e-28
1.28742e-28
1.18217e-28
1.08537e-28
9.96357e-29
9.14516e-29
8.39285e-29
7.70145e-29
7.06616e-29
6.48255e-29
5.94654e-29
5.45437e-29
5.00257e-29
4.58792e-29
4.20749e-29
3.85854e-29
3.53857e-29
3.24527e-29
2.97653e-29
2.7304e-29
2.50509e-29
2.29891e-29
2.1104e-29
1.93821e-29
1.78116e-29
1.63805e-29
1.50784e-29
1.38958e-29
1.28235e-29
1.18541e-29
1.09803e-29
1.01954e-29
9.49301e-30
8.86767e-30
8.3143e-30
7.82841e-30
7.40596e-30
7.04342e-30
6.73765e-30
6.48593e-30
6.28593e-30
6.13568e-30
6.03356e-30
5.97825e-30
5.96879e-30
6.00448e-30
6.08494e-30
6.21005e-30
6.38e-30
6.59521e-30
6.85641e-30
7.16455e-30
7.52089e-30
