2
1e+18
1e+19
49.9998
1.99999
8387.66
3.04004e-19
3.0399e-19
3.03895e-19
3.03741e-19
3.03528e-19
3.03255e-19
3.02921e-19
3.02528e-19
3.02074e-19
3.01562e-19
3.00989e-19
3.00358e-19
2.99669e-19
2.98921e-19
2.98116e-19
2.97253e-19
2.96334e-19
2.95358e-19
2.94327e-19
2.93241e-19
2.92101e-19
2.90906e-19
2.89659e-19
2.8836e-19
2.87009e-19
2.85607e-19
2.84155e-19
2.82655e-19
2.81106e-19
2.79509e-19
2.77866e-19
2.76178e-19
2.74445e-19
2.72668e-19
2.70849e-19
2.68988e-19
2.67087e-19
2.65146e-19
2.63167e-19
2.6115e-19
2.59097e-19
2.57008e-19
2.54886e-19
2.5273e-19
2.50543e-19
2.48325e-19
2.46077e-19
2.43801e-19
2.41498e-19
2.39169e-19
2.36815e-19
2.34437e-19
2.32037e-19
2.29615e-19
2.27174e-19
2.24713e-19
2.22235e-19
2.1974e-19
2.17229e-19
2.14705e-19
2.12167e-19
2.09618e-19
2.07057e-19
2.04487e-19
2.01909e-19
1.99324e-19
1.96732e-19
1.94135e-19
1.91534e-19
1.8893e-19
1.86324e-19
1.83718e-19
1.81112e-19
1.78507e-19
1.75904e-19
1.73305e-19
1.7071e-19
1.6812e-19
1.65536e-19
1.6296e-19
1.60392e-19
1.57832e-19
1.55283e-19
1.52744e-19
1.50216e-19
1.47701e-19
1.45199e-19
1.42711e-19
1.40237e-19
1.37779e-19
1.35337e-19
1.32911e-19
1.30503e-19
1.28113e-19
1.25742e-19
1.2339e-19
1.21057e-19
1.18745e-19
1.16454e-19
1.14184e-19
1.11937e-19
1.09711e-19
1.07508e-19
1.05329e-19
1.03173e-19
1.01041e-19
9.89327e-20
9.68495e-20
9.47912e-20
9.27582e-20
9.07506e-20
8.87687e-20
8.68127e-20
8.48829e-20
8.29794e-20
8.11023e-20
7.92519e-20
7.74282e-20
7.56314e-20
7.38615e-20
7.21186e-20
7.04028e-20
6.87141e-20
6.70524e-20
6.54179e-20
6.38105e-20
6.22301e-20
6.06767e-20
5.91503e-20
5.76508e-20
5.6178e-20
5.47319e-20
5.33124e-20
5.19194e-20
5.05526e-20
4.9212e-20
4.78973e-20
4.66085e-20
4.53453e-20
4.41074e-20
4.28949e-20
4.17073e-20
4.05444e-20
3.94062e-20
3.82922e-20
3.72023e-20
3.61361e-20
3.50935e-20
3.40742e-20
3.30779e-20
3.21043e-20
3.11531e-20
3.0224e-20
2.93168e-20
2.84312e-20
2.75668e-20
2.67233e-20
2.59004e-20
2.50979e-20
2.43154e-20
2.35525e-20
2.28091e-20
2.20846e-20
2.13789e-20
2.06917e-20
2.00225e-20
1.93711e-20
1.87371e-20
1.81202e-20
1.75202e-20
1.69366e-20
1.63692e-20
1.58176e-20
1.52816e-20
1.47608e-20
1.42548e-20
1.37635e-20
1.32864e-20
1.28233e-20
1.23739e-20
1.19378e-20
1.15148e-20
1.11045e-20
1.07068e-20
1.03212e-20
9.94746e-21
9.58536e-21
9.23459e-21
8.89488e-21
8.56595e-21
8.24752e-21
7.93934e-21
7.64115e-21
7.35267e-21
7.07367e-21
6.80389e-21
6.54308e-21
6.29101e-21
6.04743e-21
5.81211e-21
5.58483e-21
5.36536e-21
5.15347e-21
4.94896e-21
4.75161e-21
4.5612e-21
4.37755e-21
4.20044e-21
4.02968e-21
3.86509e-21
3.70647e-21
3.55364e-21
3.40643e-21
3.26465e-21
3.12814e-21
2.99673e-21
2.87026e-21
2.74857e-21
2.6315e-21
2.51891e-21
2.41065e-21
2.30657e-21
2.20653e-21
2.1104e-21
2.01805e-21
1.92934e-21
1.84415e-21
1.76237e-21
1.68386e-21
1.60852e-21
1.53624e-21
1.4669e-21
1.4004e-21
1.33664e-21
1.27552e-21
1.21693e-21
1.1608e-21
1.10702e-21
1.05552e-21
1.0062e-21
9.58978e-22
9.13782e-22
8.70531e-22
8.29151e-22
7.89569e-22
7.51716e-22
7.15525e-22
6.8093e-22
6.47868e-22
6.16278e-22
5.86101e-22
5.57281e-22
5.29763e-22
5.03493e-22
4.78421e-22
4.54497e-22
4.31673e-22
4.09905e-22
3.89147e-22
3.69357e-22
3.50495e-22
3.32521e-22
3.15396e-22
2.99085e-22
2.83553e-22
2.68765e-22
2.54689e-22
2.41294e-22
2.28551e-22
2.16429e-22
2.04903e-22
1.93945e-22
1.83529e-22
1.73632e-22
1.64229e-22
1.55298e-22
1.46818e-22
1.38767e-22
1.31126e-22
1.23876e-22
1.16997e-22
1.10474e-22
1.04288e-22
9.84239e-23
9.28666e-23
8.76013e-23
8.2614e-23
7.78913e-23
7.34202e-23
6.91886e-23
6.51845e-23
6.13969e-23
5.78149e-23
5.44283e-23
5.12273e-23
4.82024e-23
4.53448e-23
4.26459e-23
4.00976e-23
3.76921e-23
3.5422e-23
3.32803e-23
3.12601e-23
2.93553e-23
2.75595e-23
2.58671e-23
2.42724e-23
2.27703e-23
2.13558e-23
2.0024e-23
1.87706e-23
1.75912e-23
1.64816e-23
1.54382e-23
1.44571e-23
1.35349e-23
1.26683e-23
1.18542e-23
1.10896e-23
1.03716e-23
9.69764e-24
9.06516e-24
8.47176e-24
7.91517e-24
7.39326e-24
6.90399e-24
6.44544e-24
6.0158e-24
5.61336e-24
5.23649e-24
4.88367e-24
4.55345e-24
4.24446e-24
3.95542e-24
3.68511e-24
3.43239e-24
3.19618e-24
2.97545e-24
2.76925e-24
2.57667e-24
2.39687e-24
2.22903e-24
2.07241e-24
1.9263e-24
1.79003e-24
1.66296e-24
1.54452e-24
1.43414e-24
1.3313e-24
1.23552e-24
1.14633e-24
1.06331e-24
9.86042e-25
9.14153e-25
8.47287e-25
7.85108e-25
7.27305e-25
6.73583e-25
6.23668e-25
5.77304e-25
5.34248e-25
4.94276e-25
4.57177e-25
4.22754e-25
3.90822e-25
3.6121e-25
3.33756e-25
3.08309e-25
2.8473e-25
2.62887e-25
2.42657e-25
2.23928e-25
2.06591e-25
1.90548e-25
1.75707e-25
1.61981e-25
1.49289e-25
1.37557e-25
1.26715e-25
1.16698e-25
1.07447e-25
9.8904e-26
9.10177e-26
8.37395e-26
7.70243e-26
7.08301e-26
6.5118e-26
5.9852e-26
5.49984e-26
5.05261e-26
4.64063e-26
4.26121e-26
3.91188e-26
3.59032e-26
3.29442e-26
3.02219e-26
2.7718e-26
2.54157e-26
2.32992e-26
2.1354e-26
1.95667e-26
1.7925e-26
1.64173e-26
1.50331e-26
1.37625e-26
1.25966e-26
1.15269e-26
1.05458e-26
9.6462e-27
8.82149e-27
8.06563e-27
7.37306e-27
6.73862e-27
6.15758e-27
5.62559e-27
5.13861e-27
4.69294e-27
4.28518e-27
3.91219e-27
3.57109e-27
3.25924e-27
2.97419e-27
2.71372e-27
2.47576e-27
2.25845e-27
2.06004e-27
1.87895e-27
1.71371e-27
1.56296e-27
1.42549e-27
1.30016e-27
1.18595e-27
1.08191e-27
9.87175e-28
9.00937e-28
8.22465e-28
7.51089e-28
6.86198e-28
6.27251e-28
5.73736e-28
5.25193e-28
4.81191e-28
4.41338e-28
4.05274e-28
3.72672e-28
3.43233e-28
3.16683e-28
2.92775e-28
2.7128e-28
2.51992e-28
2.34724e-28
2.19303e-28
2.05575e-28
1.93396e-28
1.82638e-28
1.73185e-28
1.64929e-28
1.57776e-28
1.51637e-28
1.46434e-28
1.42096e-28
1.38557e-28
1.35761e-28
1.33654e-28
1.3219e-28
1.31327e-28
1.31027e-28
1.31257e-28
1.31987e-28
1.33189e-28
1.34842e-28
1.36924e-28
1.39419e-28
1.4231e-28
1.45584e-28
1.49231e-28
1.53241e-28
1.57608e-28
1.62324e-28
1.67387e-28
1.72793e-28
1.78541e-28
1.8463e-28
1.91062e-28
1.97838e-28
2.04962e-28
2.12436e-28
2.20267e-28
2.2846e-28
2.37021e-28
2.45957e-28
2.55277e-28
2.6499e-28
2.75104e-28
2.85631e-28
2.96581e-28
3.07966e-28
3.19798e-28
3.3209e-28
3.44856e-28
3.58109e-28
