10
5e+16
2e+17
50
9.99969
18755.4
2.83098e-20
2.83019e-20
2.8274e-20
2.82401e-20
2.82005e-20
2.81554e-20
2.8105e-20
2.80492e-20
2.79882e-20
2.79218e-20
2.78502e-20
2.77735e-20
2.76917e-20
2.76048e-20
2.7513e-20
2.74162e-20
2.73144e-20
2.72078e-20
2.70964e-20
2.69803e-20
2.68594e-20
2.67339e-20
2.6604e-20
2.64695e-20
2.63307e-20
2.61875e-20
2.60401e-20
2.58886e-20
2.5733e-20
2.55734e-20
2.54099e-20
2.52426e-20
2.50716e-20
2.48969e-20
2.47187e-20
2.45371e-20
2.43521e-20
2.41638e-20
2.39724e-20
2.37779e-20
2.35805e-20
2.33801e-20
2.31771e-20
2.29713e-20
2.27631e-20
2.25523e-20
2.23393e-20
2.21239e-20
2.19065e-20
2.1687e-20
2.14655e-20
2.12423e-20
2.10173e-20
2.07906e-20
2.05625e-20
2.0333e-20
2.01021e-20
1.987e-20
1.96368e-20
1.94027e-20
1.91676e-20
1.89317e-20
1.86951e-20
1.84579e-20
1.82202e-20
1.79821e-20
1.77437e-20
1.7505e-20
1.72662e-20
1.70274e-20
1.67886e-20
1.655e-20
1.63116e-20
1.60735e-20
1.58359e-20
1.55987e-20
1.53621e-20
1.51261e-20
1.48909e-20
1.46564e-20
1.44229e-20
1.41903e-20
1.39587e-20
1.37283e-20
1.34989e-20
1.32709e-20
1.30441e-20
1.28187e-20
1.25947e-20
1.23721e-20
1.21512e-20
1.19318e-20
1.1714e-20
1.14979e-20
1.12836e-20
1.10711e-20
1.08604e-20
1.06516e-20
1.04447e-20
1.02398e-20
1.00369e-20
9.83601e-21
9.6372e-21
9.44048e-21
9.2459e-21
9.05348e-21
8.86324e-21
8.67522e-21
8.48943e-21
8.30589e-21
8.12463e-21
7.94566e-21
7.76901e-21
7.5947e-21
7.42273e-21
7.25312e-21
7.08588e-21
6.92103e-21
6.75856e-21
6.5985e-21
6.44084e-21
6.2856e-21
6.13279e-21
5.98241e-21
5.83447e-21
5.68896e-21
5.54588e-21
5.40524e-21
5.26703e-21
5.13127e-21
4.99794e-21
4.86705e-21
4.73859e-21
4.61254e-21
4.48892e-21
4.36769e-21
4.24885e-21
4.1324e-21
4.0183e-21
3.90655e-21
3.79713e-21
3.69003e-21
3.58521e-21
3.48267e-21
3.38237e-21
3.2843e-21
3.18844e-21
3.09475e-21
3.00321e-21
2.91381e-21
2.8265e-21
2.74127e-21
2.65809e-21
2.57692e-21
2.49774e-21
2.42053e-21
2.34524e-21
2.27186e-21
2.20035e-21
2.13068e-21
2.06282e-21
1.99674e-21
1.93242e-21
1.86981e-21
1.80888e-21
1.74962e-21
1.69198e-21
1.63593e-21
1.58145e-21
1.5285e-21
1.47704e-21
1.42706e-21
1.37853e-21
1.33139e-21
1.28564e-21
1.24124e-21
1.19816e-21
1.15636e-21
1.11583e-21
1.07652e-21
1.03842e-21
1.00149e-21
9.65705e-22
9.3104e-22
8.97464e-22
8.6495e-22
8.33472e-22
8.03003e-22
7.73519e-22
7.44992e-22
7.17398e-22
6.90711e-22
6.64907e-22
6.39963e-22
6.15854e-22
5.92558e-22
5.70051e-22
5.48311e-22
5.27315e-22
5.07044e-22
4.87476e-22
4.6859e-22
4.50365e-22
4.32782e-22
4.15822e-22
3.99466e-22
3.83695e-22
3.68491e-22
3.53838e-22
3.39716e-22
3.2611e-22
3.13003e-22
3.00379e-22
2.88222e-22
2.76518e-22
2.65252e-22
2.54409e-22
2.43974e-22
2.33935e-22
2.24278e-22
2.1499e-22
2.06058e-22
1.97471e-22
1.89217e-22
1.81283e-22
1.73659e-22
1.66333e-22
1.59296e-22
1.52536e-22
1.46045e-22
1.39812e-22
1.33829e-22
1.28085e-22
1.22572e-22
1.17282e-22
1.12207e-22
1.07338e-22
1.02668e-22
9.81893e-23
9.38949e-23
8.97776e-23
8.58307e-23
8.20476e-23
7.84221e-23
7.49482e-23
7.162e-23
6.84319e-23
6.53784e-23
6.24542e-23
5.96541e-23
5.69732e-23
5.44068e-23
5.19503e-23
4.95994e-23
4.73498e-23
4.51974e-23
4.31383e-23
4.11688e-23
3.92851e-23
3.74837e-23
3.57612e-23
3.41143e-23
3.25399e-23
3.10351e-23
2.95969e-23
2.82225e-23
2.69093e-23
2.56547e-23
2.44562e-23
2.33114e-23
2.22181e-23
2.11739e-23
2.01769e-23
1.9225e-23
1.83163e-23
1.74488e-23
1.66209e-23
1.58308e-23
1.50769e-23
1.43576e-23
1.36714e-23
1.30167e-23
1.23922e-23
1.17966e-23
1.12286e-23
1.0687e-23
1.01706e-23
9.6783e-24
9.20901e-24
8.7617e-24
8.33539e-24
7.92914e-24
7.54201e-24
7.17314e-24
6.82171e-24
6.48692e-24
6.16802e-24
5.86429e-24
5.57502e-24
5.29957e-24
5.03729e-24
4.78759e-24
4.54987e-24
4.3236e-24
4.10821e-24
3.90321e-24
3.70812e-24
3.52247e-24
3.34583e-24
3.17776e-24
3.01788e-24
2.8658e-24
2.72114e-24
2.58357e-24
2.45274e-24
2.32834e-24
2.21006e-24
2.09762e-24
1.99072e-24
1.8891e-24
1.79251e-24
1.70071e-24
1.61347e-24
1.53057e-24
1.4518e-24
1.37697e-24
1.30588e-24
1.23835e-24
1.17421e-24
1.11329e-24
1.05545e-24
1.00052e-24
9.4837e-25
8.98857e-25
8.51852e-25
8.07231e-25
7.64879e-25
7.24682e-25
6.86536e-25
6.50339e-25
6.15994e-25
5.8341e-25
5.52499e-25
5.23178e-25
4.95368e-25
4.68994e-25
4.43984e-25
4.20269e-25
3.97785e-25
3.76468e-25
3.5626e-25
3.37104e-25
3.18948e-25
3.01741e-25
2.85434e-25
2.69984e-25
2.55344e-25
2.41476e-25
2.28339e-25
2.15895e-25
2.0411e-25
1.9295e-25
1.82382e-25
1.72377e-25
1.62904e-25
1.53938e-25
1.4545e-25
1.37416e-25
1.29813e-25
1.22618e-25
1.1581e-25
1.09369e-25
1.03276e-25
9.75121e-26
9.20604e-26
8.69046e-26
8.20291e-26
7.74192e-26
7.30608e-26
6.89406e-26
6.50461e-26
6.13652e-26
5.78867e-26
5.45997e-26
5.1494e-26
4.85598e-26
4.57878e-26
4.31694e-26
4.06963e-26
3.83607e-26
3.61552e-26
3.40728e-26
3.21068e-26
3.0251e-26
2.84993e-26
2.68461e-26
2.5286e-26
2.3814e-26
2.24251e-26
2.1115e-26
1.98792e-26
1.87137e-26
1.76145e-26
1.65781e-26
1.5601e-26
1.46798e-26
1.38115e-26
1.29931e-26
1.22218e-26
1.1495e-26
1.08101e-26
1.01649e-26
9.55714e-27
8.98466e-27
8.44551e-27
7.9378e-27
7.45976e-27
7.00971e-27
6.58606e-27
6.1873e-27
5.81203e-27
5.4589e-27
5.12664e-27
4.81407e-27
4.52004e-27
4.2435e-27
3.98344e-27
3.73891e-27
3.509e-27
3.29287e-27
3.08971e-27
2.89877e-27
2.71933e-27
2.55072e-27
2.39231e-27
2.2435e-27
2.10373e-27
1.97246e-27
1.84921e-27
1.73348e-27
1.62485e-27
1.52289e-27
1.42721e-27
1.33742e-27
1.25319e-27
1.17419e-27
1.10009e-27
1.03061e-27
9.65466e-28
9.04408e-28
8.47187e-28
7.93573e-28
7.4335e-28
6.96314e-28
6.52274e-28
6.1105e-28
5.72472e-28
5.3638e-28
5.02623e-28
4.71062e-28
4.41566e-28
4.1401e-28
3.8828e-28
3.64265e-28
3.41866e-28
3.20985e-28
3.01534e-28
2.83428e-28
2.66591e-28
2.50948e-28
2.3643e-28
2.22976e-28
2.10523e-28
1.99019e-28
1.8841e-28
1.78649e-28
1.69691e-28
1.61496e-28
1.54025e-28
1.47244e-28
1.41119e-28
1.35623e-28
1.30727e-28
1.26408e-28
1.22643e-28
1.19411e-28
1.16701e-28
1.14502e-28
1.12803e-28
1.11594e-28
1.10867e-28
1.10616e-28
1.10834e-28
1.11514e-28
1.12654e-28
1.14252e-28
1.16309e-28
1.18825e-28
1.21805e-28
1.25255e-28
1.2918e-28
