20
1e+17
2e+17
50
19.9996
26524.1
1.21067e-20
1.20973e-20
1.2068e-20
1.20351e-20
1.19996e-20
1.19615e-20
1.19212e-20
1.18784e-20
1.18336e-20
1.17865e-20
1.17373e-20
1.16859e-20
1.16324e-20
1.15768e-20
1.15191e-20
1.14594e-20
1.13977e-20
1.1334e-20
1.12684e-20
1.12009e-20
1.11315e-20
1.10603e-20
1.09874e-20
1.09127e-20
1.08363e-20
1.07582e-20
1.06786e-20
1.05974e-20
1.05147e-20
1.04305e-20
1.03449e-20
1.0258e-20
1.01697e-20
1.00801e-20
9.98935e-21
9.89739e-21
9.80429e-21
9.71009e-21
9.61486e-21
9.51864e-21
9.42147e-21
9.3234e-21
9.22448e-21
9.12477e-21
9.02432e-21
8.92317e-21
8.82137e-21
8.71895e-21
8.61598e-21
8.5125e-21
8.40856e-21
8.3042e-21
8.19947e-21
8.09442e-21
7.98909e-21
7.88353e-21
7.77778e-21
7.67188e-21
7.56589e-21
7.45985e-21
7.3538e-21
7.24778e-21
7.14183e-21
7.036e-21
6.9303e-21
6.8248e-21
6.71953e-21
6.61452e-21
6.50982e-21
6.40544e-21
6.30144e-21
6.19784e-21
6.09468e-21
5.992e-21
5.8898e-21
5.78814e-21
5.68704e-21
5.58652e-21
5.48662e-21
5.38738e-21
5.2888e-21
5.19093e-21
5.09378e-21
4.99739e-21
4.90178e-21
4.80697e-21
4.713e-21
4.61988e-21
4.52764e-21
4.4363e-21
4.34589e-21
4.25643e-21
4.16795e-21
4.08047e-21
3.99401e-21
3.90859e-21
3.82424e-21
3.74096e-21
3.65876e-21
3.57767e-21
3.49769e-21
3.41883e-21
3.3411e-21
3.26452e-21
3.18908e-21
3.1148e-21
3.04167e-21
2.9697e-21
2.89891e-21
2.82928e-21
2.76081e-21
2.69351e-21
2.62738e-21
2.56242e-21
2.49861e-21
2.43596e-21
2.37446e-21
2.31412e-21
2.25491e-21
2.19684e-21
2.13991e-21
2.08409e-21
2.0294e-21
1.9758e-21
1.9233e-21
1.87189e-21
1.82156e-21
1.7723e-21
1.72409e-21
1.67692e-21
1.63079e-21
1.58567e-21
1.54157e-21
1.49846e-21
1.45634e-21
1.41518e-21
1.37499e-21
1.33573e-21
1.29741e-21
1.26e-21
1.22349e-21
1.18787e-21
1.15313e-21
1.11924e-21
1.0862e-21
1.05399e-21
1.0226e-21
9.92003e-22
9.62196e-22
9.33161e-22
9.04884e-22
8.77352e-22
8.50549e-22
8.24461e-22
7.99073e-22
7.7437e-22
7.50338e-22
7.26964e-22
7.04235e-22
6.82136e-22
6.60654e-22
6.39773e-22
6.19481e-22
5.99764e-22
5.80609e-22
5.62005e-22
5.43937e-22
5.26395e-22
5.09364e-22
4.92834e-22
4.76791e-22
4.61222e-22
4.46116e-22
4.31462e-22
4.17248e-22
4.03464e-22
3.90098e-22
3.7714e-22
3.6458e-22
3.52405e-22
3.40605e-22
3.29171e-22
3.18093e-22
3.07361e-22
2.96965e-22
2.86898e-22
2.77149e-22
2.67711e-22
2.58572e-22
2.49725e-22
2.41162e-22
2.32874e-22
2.24854e-22
2.17094e-22
2.09586e-22
2.02324e-22
1.953e-22
1.88507e-22
1.81937e-22
1.75585e-22
1.69443e-22
1.63505e-22
1.57764e-22
1.52216e-22
1.46853e-22
1.41671e-22
1.36663e-22
1.31825e-22
1.27151e-22
1.22636e-22
1.18275e-22
1.14062e-22
1.09993e-22
1.06064e-22
1.0227e-22
9.86057e-23
9.50683e-23
9.16532e-23
8.83566e-23
8.51746e-23
8.21034e-23
7.91394e-23
7.62792e-23
7.35193e-23
7.08564e-23
6.82869e-23
6.58078e-23
6.3416e-23
6.11086e-23
5.88828e-23
5.67358e-23
5.46651e-23
5.2668e-23
5.07421e-23
4.88849e-23
4.70941e-23
4.53675e-23
4.37028e-23
4.20979e-23
4.05508e-23
3.90593e-23
3.76214e-23
3.62353e-23
3.48991e-23
3.36113e-23
3.237e-23
3.11737e-23
3.00208e-23
2.89098e-23
2.78391e-23
2.68075e-23
2.58135e-23
2.48558e-23
2.39331e-23
2.30441e-23
2.21878e-23
2.13628e-23
2.05681e-23
1.98024e-23
1.90649e-23
1.83543e-23
1.76699e-23
1.70107e-23
1.63757e-23
1.57641e-23
1.51751e-23
1.46078e-23
1.40615e-23
1.35354e-23
1.30287e-23
1.25409e-23
1.20711e-23
1.16188e-23
1.11832e-23
1.07639e-23
1.03601e-23
9.97134e-24
9.597e-24
9.23656e-24
8.88951e-24
8.55536e-24
8.23366e-24
7.92393e-24
7.62574e-24
7.33867e-24
7.06232e-24
6.79628e-24
6.54018e-24
6.29365e-24
6.05635e-24
5.82792e-24
5.60805e-24
5.39642e-24
5.19273e-24
4.99667e-24
4.80798e-24
4.62637e-24
4.45158e-24
4.28334e-24
4.12141e-24
3.96554e-24
3.81552e-24
3.67112e-24
3.53215e-24
3.39839e-24
3.26965e-24
3.14576e-24
3.02652e-24
2.91177e-24
2.80134e-24
2.69506e-24
2.59279e-24
2.49437e-24
2.39966e-24
2.30852e-24
2.22082e-24
2.13643e-24
2.05522e-24
1.97709e-24
1.9019e-24
1.82956e-24
1.75996e-24
1.69298e-24
1.62855e-24
1.56654e-24
1.50688e-24
1.44946e-24
1.39421e-24
1.34105e-24
1.2899e-24
1.24068e-24
1.19333e-24
1.14776e-24
1.10392e-24
1.06174e-24
1.02115e-24
9.82105e-25
9.44537e-25
9.08393e-25
8.7362e-25
8.40166e-25
8.07981e-25
7.77019e-25
7.47232e-25
7.18577e-25
6.91012e-25
6.64494e-25
6.38985e-25
6.14447e-25
5.90844e-25
5.68139e-25
5.463e-25
5.25293e-25
5.05087e-25
4.8565e-25
4.66951e-25
4.48964e-25
4.31661e-25
4.15017e-25
3.99007e-25
3.83607e-25
3.68794e-25
3.54546e-25
3.40841e-25
3.2766e-25
3.14982e-25
3.02788e-25
2.9106e-25
2.7978e-25
2.68933e-25
2.585e-25
2.48467e-25
2.38818e-25
2.29539e-25
2.20616e-25
2.12035e-25
2.03783e-25
1.95849e-25
1.88219e-25
1.80883e-25
1.73829e-25
1.67047e-25
1.60526e-25
1.54256e-25
1.48228e-25
1.42433e-25
1.36862e-25
1.31505e-25
1.26356e-25
1.21406e-25
1.16647e-25
1.12072e-25
1.07674e-25
1.03445e-25
9.93804e-26
9.54729e-26
9.17167e-26
8.81061e-26
8.46355e-26
8.12997e-26
7.80935e-26
7.50119e-26
7.20502e-26
6.92038e-26
6.64683e-26
6.38396e-26
6.13134e-26
5.8886e-26
5.65535e-26
5.43123e-26
5.21589e-26
5.00899e-26
4.81022e-26
4.61926e-26
4.43581e-26
4.25959e-26
4.09032e-26
3.92772e-26
3.77156e-26
3.62158e-26
3.47754e-26
3.33921e-26
3.20639e-26
3.07885e-26
2.95639e-26
2.83882e-26
2.72596e-26
2.61762e-26
2.51363e-26
2.41382e-26
2.31803e-26
2.22612e-26
2.13792e-26
2.05331e-26
1.97214e-26
1.89427e-26
1.81957e-26
1.74794e-26
1.67924e-26
1.61337e-26
1.55022e-26
1.48969e-26
1.43168e-26
1.3761e-26
1.32286e-26
1.27186e-26
1.22302e-26
1.17627e-26
1.13153e-26
1.08872e-26
1.04778e-26
1.00863e-26
9.71206e-27
9.35452e-27
9.01307e-27
8.68712e-27
8.37614e-27
8.0796e-27
7.79701e-27
7.52787e-27
7.27175e-27
7.0282e-27
6.79681e-27
6.57718e-27
6.36894e-27
6.17173e-27
5.9852e-27
5.80904e-27
5.64294e-27
5.48661e-27
5.33977e-27
5.20216e-27
5.07354e-27
4.95368e-27
4.84236e-27
4.73937e-27
4.64454e-27
4.55768e-27
4.47862e-27
4.40723e-27
4.34336e-27
4.28688e-27
4.23767e-27
4.19565e-27
4.1607e-27
4.13276e-27
4.11175e-27
4.09761e-27
4.0903e-27
4.08978e-27
4.09598e-27
4.10891e-27
4.12854e-27
4.1549e-27
4.1882e-27
4.22851e-27
4.27595e-27
4.33054e-27
4.39231e-27
4.4613e-27
4.53756e-27
