5
2e+16
1e+18
49.9999
4.99984
13262.1
7.2715e-20
7.27001e-20
7.2645e-20
7.2576e-20
7.24937e-20
7.23985e-20
7.22904e-20
7.21695e-20
7.20358e-20
7.18896e-20
7.17308e-20
7.15595e-20
7.13758e-20
7.11799e-20
7.09719e-20
7.0752e-20
7.05203e-20
7.02768e-20
7.00216e-20
6.97549e-20
6.94768e-20
6.91874e-20
6.88868e-20
6.85753e-20
6.8253e-20
6.79201e-20
6.75767e-20
6.7223e-20
6.68592e-20
6.64855e-20
6.6102e-20
6.57089e-20
6.53065e-20
6.4895e-20
6.44745e-20
6.40452e-20
6.36073e-20
6.31612e-20
6.27069e-20
6.22448e-20
6.1775e-20
6.12977e-20
6.08131e-20
6.03217e-20
5.98234e-20
5.93186e-20
5.88075e-20
5.82904e-20
5.77674e-20
5.72389e-20
5.6705e-20
5.6166e-20
5.56222e-20
5.50737e-20
5.45208e-20
5.39638e-20
5.34029e-20
5.28383e-20
5.22703e-20
5.16991e-20
5.11249e-20
5.05481e-20
4.99687e-20
4.93871e-20
4.88035e-20
4.82182e-20
4.76312e-20
4.7043e-20
4.64536e-20
4.58633e-20
4.52724e-20
4.46811e-20
4.40895e-20
4.34978e-20
4.29064e-20
4.23153e-20
4.17249e-20
4.11352e-20
4.05465e-20
3.9959e-20
3.93729e-20
3.87884e-20
3.82055e-20
3.76247e-20
3.70459e-20
3.64693e-20
3.58952e-20
3.53237e-20
3.4755e-20
3.41892e-20
3.36264e-20
3.30669e-20
3.25107e-20
3.1958e-20
3.1409e-20
3.08637e-20
3.03222e-20
2.97848e-20
2.92515e-20
2.87225e-20
2.81978e-20
2.76775e-20
2.71618e-20
2.66508e-20
2.61444e-20
2.5643e-20
2.51464e-20
2.46548e-20
2.41682e-20
2.36868e-20
2.32106e-20
2.27397e-20
2.22741e-20
2.18138e-20
2.1359e-20
2.09096e-20
2.04658e-20
2.00275e-20
1.95947e-20
1.91676e-20
1.87462e-20
1.83304e-20
1.79203e-20
1.75159e-20
1.71172e-20
1.67242e-20
1.6337e-20
1.59555e-20
1.55797e-20
1.52097e-20
1.48454e-20
1.44868e-20
1.41339e-20
1.37868e-20
1.34452e-20
1.31094e-20
1.27792e-20
1.24546e-20
1.21356e-20
1.18221e-20
1.15141e-20
1.12117e-20
1.09147e-20
1.06231e-20
1.03369e-20
1.0056e-20
9.78037e-21
9.51001e-21
9.24486e-21
8.98486e-21
8.72995e-21
8.4801e-21
8.23525e-21
7.99535e-21
7.76035e-21
7.5302e-21
7.30487e-21
7.0843e-21
6.86845e-21
6.65726e-21
6.4507e-21
6.24869e-21
6.05118e-21
5.85814e-21
5.66949e-21
5.48518e-21
5.30517e-21
5.12941e-21
4.95783e-21
4.7904e-21
4.62708e-21
4.46782e-21
4.31258e-21
4.16131e-21
4.01396e-21
3.87049e-21
3.73082e-21
3.59491e-21
3.46271e-21
3.33415e-21
3.2092e-21
3.08783e-21
2.96999e-21
2.85564e-21
2.74471e-21
2.63717e-21
2.53296e-21
2.43203e-21
2.3343e-21
2.23973e-21
2.14826e-21
2.05982e-21
1.97435e-21
1.89178e-21
1.81206e-21
1.73511e-21
1.66087e-21
1.58928e-21
1.52026e-21
1.45376e-21
1.38971e-21
1.32805e-21
1.2687e-21
1.21161e-21
1.15671e-21
1.10394e-21
1.05323e-21
1.00453e-21
9.5777e-22
9.12894e-22
8.69841e-22
8.28554e-22
7.88974e-22
7.51047e-22
7.14717e-22
6.7993e-22
6.46632e-22
6.14772e-22
5.84299e-22
5.55163e-22
5.27317e-22
5.00712e-22
4.75303e-22
4.51044e-22
4.27893e-22
4.05806e-22
3.84742e-22
3.64661e-22
3.45524e-22
3.27293e-22
3.0993e-22
2.93401e-22
2.77671e-22
2.62707e-22
2.48476e-22
2.34946e-22
2.22088e-22
2.09873e-22
1.98273e-22
1.87259e-22
1.76806e-22
1.66889e-22
1.57484e-22
1.48566e-22
1.40114e-22
1.32106e-22
1.2452e-22
1.17338e-22
1.10539e-22
1.04106e-22
9.80198e-23
9.22646e-23
8.68238e-23
8.16818e-23
7.68238e-23
7.22355e-23
6.79033e-23
6.38141e-23
5.99554e-23
5.63155e-23
5.28829e-23
4.96467e-23
4.65967e-23
4.3723e-23
4.10162e-23
3.84673e-23
3.60678e-23
3.38097e-23
3.16851e-23
2.96869e-23
2.78079e-23
2.60416e-23
2.43817e-23
2.28221e-23
2.13573e-23
1.99819e-23
1.86907e-23
1.74789e-23
1.6342e-23
1.52755e-23
1.42755e-23
1.33379e-23
1.24592e-23
1.16358e-23
1.08645e-23
1.01422e-23
9.46581e-24
8.83268e-24
8.24018e-24
7.68582e-24
7.16729e-24
6.68239e-24
6.22903e-24
5.80527e-24
5.40926e-24
5.03928e-24
4.6937e-24
4.37098e-24
4.06968e-24
3.78843e-24
3.52596e-24
3.28107e-24
3.05264e-24
2.8396e-24
2.64095e-24
2.45578e-24
2.28319e-24
2.12236e-24
1.97253e-24
1.83296e-24
1.70299e-24
1.58198e-24
1.46933e-24
1.36449e-24
1.26692e-24
1.17615e-24
1.09171e-24
1.01319e-24
9.40169e-25
8.72286e-25
8.09187e-25
7.50546e-25
6.96056e-25
6.45433e-25
5.9841e-25
5.54738e-25
5.14186e-25
4.76537e-25
4.41588e-25
4.09151e-25
3.7905e-25
3.5112e-25
3.2521e-25
3.01176e-25
2.78886e-25
2.58218e-25
2.39054e-25
2.21289e-25
2.04823e-25
1.89561e-25
1.75419e-25
1.62316e-25
1.50177e-25
1.38932e-25
1.28517e-25
1.18873e-25
1.09942e-25
1.01673e-25
9.40182e-26
8.69323e-26
8.03739e-26
7.43044e-26
6.8688e-26
6.34913e-26
5.86835e-26
5.42359e-26
5.01219e-26
4.63169e-26
4.27978e-26
3.95436e-26
3.65346e-26
3.37525e-26
3.11805e-26
2.88028e-26
2.66051e-26
2.45737e-26
2.26962e-26
2.09612e-26
1.93578e-26
1.78763e-26
1.65074e-26
1.52427e-26
1.40743e-26
1.2995e-26
1.1998e-26
1.1077e-26
1.02264e-26
9.44083e-27
8.71528e-27
8.04525e-27
7.4265e-27
6.85515e-27
6.32759e-27
5.84048e-27
5.39075e-27
4.97553e-27
4.5922e-27
4.2383e-27
3.9116e-27
3.61001e-27
3.33161e-27
3.07464e-27
2.83743e-27
2.61849e-27
2.41642e-27
2.22991e-27
2.05777e-27
1.8989e-27
1.75227e-27
1.61695e-27
1.49206e-27
1.37681e-27
1.27045e-27
1.17229e-27
1.08171e-27
9.98129e-28
9.20998e-28
8.49824e-28
7.84148e-28
7.23543e-28
6.67618e-28
6.16014e-28
5.68396e-28
5.24457e-28
4.83913e-28
4.46502e-28
4.11982e-28
3.80131e-28
3.50742e-28
3.23625e-28
2.98604e-28
2.75517e-28
2.54215e-28
2.34559e-28
2.16423e-28
1.99689e-28
1.84249e-28
1.70002e-28
1.56857e-28
1.44729e-28
1.33538e-28
1.23213e-28
1.13687e-28
1.04897e-28
9.67874e-29
8.93048e-29
8.24008e-29
7.60307e-29
7.01534e-29
6.47308e-29
5.97277e-29
5.51117e-29
5.0853e-29
4.69239e-29
4.3299e-29
3.99547e-29
3.68695e-29
3.40233e-29
3.13975e-29
2.89751e-29
2.67404e-29
2.46789e-29
2.27773e-29
2.10231e-29
1.94051e-29
1.79128e-29
1.65363e-29
1.52669e-29
1.40963e-29
1.30169e-29
1.20216e-29
1.1104e-29
1.02581e-29
9.47835e-30
8.75967e-30
8.09738e-30
7.48717e-30
6.92506e-30
6.4074e-30
5.93071e-30
5.49198e-30
5.08862e-30
4.71836e-30
4.37871e-30
4.06749e-30
3.78278e-30
3.52266e-30
3.28564e-30
3.07025e-30
2.875e-30
2.6985e-30
2.53953e-30
2.39694e-30
2.26971e-30
2.15691e-30
2.05771e-30
1.97135e-30
1.89717e-30
1.83458e-30
1.78306e-30
1.74216e-30
1.7115e-30
1.69075e-30
1.67965e-30
1.67799e-30
1.68563e-30
1.70247e-30
1.72846e-30
1.76362e-30
1.808e-30
1.86171e-30
