0.5
1e+17
1e+17
49.9916
0.5
5871.36
2.43449e-18
2.43427e-18
2.43279e-18
2.4304e-18
2.42706e-18
2.42279e-18
2.41757e-18
2.41142e-18
2.40434e-18
2.39634e-18
2.38743e-18
2.37762e-18
2.36693e-18
2.35536e-18
2.34293e-18
2.32965e-18
2.31554e-18
2.30061e-18
2.28488e-18
2.26837e-18
2.2511e-18
2.23308e-18
2.21434e-18
2.19489e-18
2.17477e-18
2.15398e-18
2.13256e-18
2.11052e-18
2.08789e-18
2.06469e-18
2.04096e-18
2.0167e-18
1.99195e-18
1.96673e-18
1.94108e-18
1.915e-18
1.88854e-18
1.86171e-18
1.83454e-18
1.80706e-18
1.7793e-18
1.75127e-18
1.72301e-18
1.69454e-18
1.66589e-18
1.63709e-18
1.60815e-18
1.5791e-18
1.54997e-18
1.52078e-18
1.49155e-18
1.46232e-18
1.43309e-18
1.4039e-18
1.37476e-18
1.3457e-18
1.31674e-18
1.2879e-18
1.2592e-18
1.23065e-18
1.20228e-18
1.1741e-18
1.14613e-18
1.11839e-18
1.0909e-18
1.06366e-18
1.0367e-18
1.01002e-18
9.83649e-19
9.57588e-19
9.31851e-19
9.06451e-19
8.81398e-19
8.56701e-19
8.3237e-19
8.08413e-19
7.84838e-19
7.61652e-19
7.38861e-19
7.16471e-19
6.94487e-19
6.72914e-19
6.51755e-19
6.31015e-19
6.10695e-19
5.90797e-19
5.71324e-19
5.52277e-19
5.33655e-19
5.15459e-19
4.97688e-19
4.80341e-19
4.63418e-19
4.46915e-19
4.30832e-19
4.15164e-19
3.99909e-19
3.85064e-19
3.70624e-19
3.56587e-19
3.42946e-19
3.29698e-19
3.16838e-19
3.04359e-19
2.92258e-19
2.80528e-19
2.69163e-19
2.58157e-19
2.47505e-19
2.37198e-19
2.27232e-19
2.176e-19
2.08294e-19
1.99308e-19
1.90634e-19
1.82267e-19
1.74199e-19
1.66422e-19
1.58931e-19
1.51717e-19
1.44774e-19
1.38094e-19
1.31671e-19
1.25498e-19
1.19567e-19
1.13872e-19
1.08405e-19
1.03161e-19
9.81316e-20
9.33109e-20
8.86923e-20
8.42693e-20
8.00354e-20
7.59845e-20
7.21103e-20
6.84069e-20
6.48682e-20
6.14884e-20
5.8262e-20
5.51831e-20
5.22465e-20
4.94468e-20
4.67788e-20
4.42373e-20
4.18176e-20
3.95147e-20
3.7324e-20
3.5241e-20
3.32611e-20
3.13802e-20
2.9594e-20
2.78986e-20
2.629e-20
2.47645e-20
2.33183e-20
2.19479e-20
2.065e-20
1.94213e-20
1.82585e-20
1.71586e-20
1.61186e-20
1.51357e-20
1.42072e-20
1.33304e-20
1.25029e-20
1.17221e-20
1.09857e-20
1.02916e-20
9.63757e-21
9.02156e-21
8.44161e-21
7.89585e-21
7.38248e-21
6.89978e-21
6.44611e-21
6.01992e-21
5.61969e-21
5.24402e-21
4.89155e-21
4.56098e-21
4.25108e-21
3.96069e-21
3.68868e-21
3.43401e-21
3.19567e-21
2.97271e-21
2.76422e-21
2.56934e-21
2.38727e-21
2.21723e-21
2.05849e-21
1.91037e-21
1.77221e-21
1.6434e-21
1.52336e-21
1.41153e-21
1.3074e-21
1.21047e-21
1.12029e-21
1.03642e-21
9.58461e-22
8.86014e-22
8.18722e-22
7.56244e-22
6.98261e-22
6.4447e-22
5.9459e-22
5.48356e-22
5.05518e-22
4.65845e-22
4.29117e-22
3.95129e-22
3.63691e-22
3.34623e-22
3.07758e-22
2.82938e-22
2.60018e-22
2.38862e-22
2.1934e-22
2.01335e-22
1.84736e-22
1.69439e-22
1.55348e-22
1.42372e-22
1.30429e-22
1.19442e-22
1.09337e-22
1.00047e-22
9.15115e-23
8.3671e-23
7.64723e-23
6.98655e-23
6.38046e-23
5.82465e-23
5.31518e-23
4.84837e-23
4.42083e-23
4.02941e-23
3.6712e-23
3.34353e-23
3.04391e-23
2.77006e-23
2.51985e-23
2.29135e-23
2.08275e-23
1.8924e-23
1.71877e-23
1.56046e-23
1.41617e-23
1.28473e-23
1.16503e-23
1.05606e-23
9.56915e-24
8.66736e-24
7.84748e-24
7.10237e-24
6.42549e-24
5.81084e-24
5.25292e-24
4.74671e-24
4.28761e-24
3.87139e-24
3.4942e-24
3.15253e-24
2.84315e-24
2.56313e-24
2.30978e-24
2.08066e-24
1.87353e-24
1.68636e-24
1.51729e-24
1.36464e-24
1.22687e-24
1.10257e-24
9.90478e-25
8.89433e-25
7.98383e-25
7.16372e-25
6.42534e-25
5.76081e-25
5.16298e-25
4.62538e-25
4.14213e-25
3.70791e-25
3.31792e-25
2.96778e-25
2.65355e-25
2.37166e-25
2.11888e-25
1.89231e-25
1.6893e-25
1.50748e-25
1.3447e-25
1.19903e-25
1.06872e-25
9.52194e-26
8.48044e-26
7.5499e-26
6.71883e-26
5.9769e-26
5.31482e-26
4.72422e-26
4.19761e-26
3.72823e-26
3.31005e-26
2.93762e-26
2.60607e-26
2.31103e-26
2.0486e-26
1.81525e-26
1.60785e-26
1.42359e-26
1.25995e-26
1.11469e-26
9.85785e-27
8.71446e-27
7.70067e-27
6.80216e-27
6.00613e-27
5.30117e-27
4.67713e-27
4.12492e-27
3.63649e-27
3.20464e-27
2.82297e-27
2.48577e-27
2.188e-27
1.92514e-27
1.6932e-27
1.48862e-27
1.30824e-27
1.14927e-27
1.00922e-27
8.85892e-28
7.77329e-28
6.81802e-28
5.9778e-28
5.23907e-28
4.58984e-28
4.01948e-28
3.51862e-28
3.07896e-28
2.69319e-28
2.35482e-28
2.05816e-28
1.79817e-28
1.5704e-28
1.37095e-28
1.19636e-28
1.0436e-28
9.09981e-29
7.93163e-29
6.91069e-29
6.01881e-29
5.23998e-29
4.56014e-29
3.96695e-29
3.44957e-29
2.99849e-29
2.60538e-29
2.26292e-29
1.9647e-29
1.70511e-29
1.47924e-29
1.28279e-29
1.11199e-29
9.63559e-30
8.34611e-30
7.22636e-30
6.25439e-30
5.41103e-30
4.67956e-30
4.04538e-30
3.49577e-30
3.01966e-30
2.60736e-30
2.25048e-30
1.94168e-30
1.6746e-30
1.44369e-30
1.24413e-30
1.07174e-30
9.22872e-31
7.94371e-31
6.83494e-31
5.87863e-31
5.05414e-31
4.34359e-31
3.73146e-31
3.20435e-31
2.75061e-31
2.3602e-31
2.02441e-31
1.73572e-31
1.48761e-31
1.27446e-31
1.09143e-31
9.34317e-32
7.99507e-32
6.83881e-32
5.84747e-32
4.99788e-32
4.27005e-32
3.64678e-32
3.11327e-32
2.65677e-32
2.26631e-32
1.93248e-32
1.64718e-32
1.40345e-32
1.19531e-32
1.01765e-32
8.66048e-33
7.36744e-33
6.265e-33
5.32543e-33
4.525e-33
3.84337e-33
3.26314e-33
2.76942e-33
2.34948e-33
1.99244e-33
1.68899e-33
1.4312e-33
1.21227e-33
1.02644e-33
8.68748e-34
7.34996e-34
6.21593e-34
5.25481e-34
4.44055e-34
3.751e-34
3.16729e-34
2.67336e-34
2.25557e-34
1.90233e-34
1.60378e-34
1.35155e-34
1.13855e-34
9.58739e-35
8.07009e-35
6.79025e-35
5.71115e-35
4.80165e-35
4.03541e-35
3.39012e-35
2.84689e-35
2.38978e-35
2.00527e-35
1.68197e-35
1.41025e-35
1.18195e-35
9.90228e-36
8.29278e-36
6.94216e-36
5.80924e-36
4.8593e-36
4.0631e-36
3.39602e-36
2.83736e-36
2.36967e-36
1.97829e-36
1.65091e-36
1.37716e-36
1.14836e-36
9.57193e-37
7.97537e-37
6.64251e-37
5.53024e-37
4.6024e-37
3.82874e-37
3.18387e-37
2.64659e-37
2.19911e-37
1.82657e-37
1.51654e-37
1.25865e-37
1.0442e-37
8.65949e-38
7.17845e-38
5.94838e-38
4.92716e-38
4.07967e-38
3.37662e-38
2.79364e-38
2.3104e-38
1.91e-38
1.57837e-38
1.30382e-38
1.0766e-38
8.88625e-39
7.33186e-39
6.04699e-39
4.98534e-39
4.10846e-39
3.38449e-39
2.78701e-39
2.2941e-39
1.88763e-39
1.55257e-39
1.27648e-39
