10
5e+16
5e+18
49.9999
10
18755.4
3.39899e-20
3.39204e-20
3.37169e-20
3.35017e-20
3.32816e-20
3.30582e-20
3.28321e-20
3.26037e-20
3.2373e-20
3.21403e-20
3.19056e-20
3.16689e-20
3.14311e-20
3.11921e-20
3.09517e-20
3.07099e-20
3.04666e-20
3.02219e-20
2.99757e-20
2.9728e-20
2.94789e-20
2.92288e-20
2.89776e-20
2.87254e-20
2.84721e-20
2.82177e-20
2.79625e-20
2.77067e-20
2.745e-20
2.71925e-20
2.69342e-20
2.66754e-20
2.64161e-20
2.61562e-20
2.58957e-20
2.56349e-20
2.53738e-20
2.51123e-20
2.48505e-20
2.45886e-20
2.43265e-20
2.40642e-20
2.3802e-20
2.35398e-20
2.32776e-20
2.30156e-20
2.27538e-20
2.24922e-20
2.22309e-20
2.19699e-20
2.17092e-20
2.1449e-20
2.11893e-20
2.093e-20
2.06712e-20
2.04131e-20
2.01556e-20
1.98989e-20
1.96428e-20
1.93875e-20
1.91331e-20
1.88795e-20
1.86269e-20
1.83752e-20
1.81245e-20
1.78748e-20
1.76262e-20
1.73787e-20
1.71323e-20
1.6887e-20
1.6643e-20
1.64002e-20
1.61587e-20
1.59185e-20
1.56797e-20
1.54422e-20
1.52061e-20
1.49715e-20
1.47383e-20
1.45066e-20
1.42763e-20
1.40476e-20
1.38205e-20
1.35949e-20
1.33709e-20
1.31486e-20
1.29279e-20
1.27088e-20
1.24915e-20
1.22758e-20
1.20618e-20
1.18496e-20
1.16391e-20
1.14304e-20
1.12234e-20
1.10182e-20
1.08148e-20
1.06132e-20
1.04135e-20
1.02155e-20
1.00193e-20
9.82498e-21
9.63249e-21
9.44182e-21
9.25299e-21
9.06603e-21
8.8809e-21
8.69763e-21
8.51618e-21
8.33657e-21
8.15884e-21
7.98298e-21
7.80902e-21
7.63697e-21
7.46683e-21
7.29861e-21
7.13234e-21
6.96801e-21
6.80565e-21
6.64527e-21
6.4869e-21
6.33058e-21
6.17635e-21
6.02425e-21
5.87429e-21
5.72648e-21
5.58086e-21
5.43743e-21
5.29625e-21
5.15738e-21
5.02086e-21
4.8867e-21
4.75494e-21
4.6256e-21
4.49869e-21
4.37421e-21
4.25218e-21
4.13261e-21
4.01548e-21
3.90079e-21
3.78854e-21
3.67873e-21
3.57133e-21
3.46632e-21
3.36369e-21
3.26344e-21
3.16551e-21
3.0699e-21
2.97659e-21
2.88554e-21
2.79673e-21
2.71012e-21
2.62569e-21
2.54342e-21
2.46325e-21
2.38517e-21
2.30914e-21
2.23513e-21
2.1631e-21
2.09302e-21
2.02486e-21
1.95858e-21
1.89414e-21
1.8315e-21
1.77064e-21
1.71151e-21
1.65409e-21
1.59833e-21
1.5442e-21
1.49166e-21
1.44068e-21
1.39123e-21
1.34327e-21
1.29676e-21
1.25167e-21
1.20796e-21
1.16561e-21
1.12458e-21
1.08484e-21
1.04634e-21
1.00907e-21
9.72986e-22
9.38065e-22
9.04275e-22
8.71581e-22
8.39954e-22
8.09367e-22
7.79792e-22
7.512e-22
7.23566e-22
6.96858e-22
6.7105e-22
6.46117e-22
6.22034e-22
5.98777e-22
5.76322e-22
5.54641e-22
5.33713e-22
5.13514e-22
4.94023e-22
4.75218e-22
4.57079e-22
4.39582e-22
4.22708e-22
4.06437e-22
3.9075e-22
3.75629e-22
3.61056e-22
3.47013e-22
3.33481e-22
3.20444e-22
3.07886e-22
2.9579e-22
2.84142e-22
2.72927e-22
2.6213e-22
2.51736e-22
2.41731e-22
2.32102e-22
2.22837e-22
2.13921e-22
2.05345e-22
1.97096e-22
1.89162e-22
1.81532e-22
1.74194e-22
1.67139e-22
1.60356e-22
1.53836e-22
1.4757e-22
1.41548e-22
1.35761e-22
1.30201e-22
1.24858e-22
1.19726e-22
1.14796e-22
1.10061e-22
1.05513e-22
1.01147e-22
9.69546e-23
9.29292e-23
8.90646e-23
8.53548e-23
8.17938e-23
7.83762e-23
7.50965e-23
7.19494e-23
6.893e-23
6.60333e-23
6.32543e-23
6.05882e-23
5.80309e-23
5.55782e-23
5.32259e-23
5.09702e-23
4.88073e-23
4.67336e-23
4.47456e-23
4.284e-23
4.10131e-23
3.9262e-23
3.75835e-23
3.59748e-23
3.44332e-23
3.2956e-23
3.15406e-23
3.01845e-23
2.88854e-23
2.76409e-23
2.64487e-23
2.53067e-23
2.42127e-23
2.3165e-23
2.21616e-23
2.12007e-23
2.02805e-23
1.93995e-23
1.8556e-23
1.77484e-23
1.69754e-23
1.62352e-23
1.55267e-23
1.48485e-23
1.41993e-23
1.35779e-23
1.29833e-23
1.24142e-23
1.18696e-23
1.13485e-23
1.08499e-23
1.03728e-23
9.91643e-24
9.47976e-24
9.06199e-24
8.66232e-24
8.27998e-24
7.91424e-24
7.56441e-24
7.22981e-24
6.90979e-24
6.60374e-24
6.31106e-24
6.03119e-24
5.76357e-24
5.50765e-24
5.26292e-24
5.02891e-24
4.80515e-24
4.59122e-24
4.38668e-24
4.19114e-24
4.0042e-24
3.8255e-24
3.65468e-24
3.49141e-24
3.33535e-24
3.1862e-24
3.04365e-24
2.90741e-24
2.77718e-24
2.65272e-24
2.53377e-24
2.4201e-24
2.31146e-24
2.20766e-24
2.10846e-24
2.01368e-24
1.92312e-24
1.8366e-24
1.75394e-24
1.67496e-24
1.59952e-24
1.52744e-24
1.45859e-24
1.3928e-24
1.32995e-24
1.26992e-24
1.21256e-24
1.15778e-24
1.10545e-24
1.05546e-24
1.00772e-24
9.62116e-25
9.18563e-25
8.76969e-25
8.37245e-25
7.9931e-25
7.63084e-25
7.2849e-25
6.95452e-25
6.639e-25
6.33769e-25
6.04994e-25
5.77515e-25
5.51276e-25
5.2622e-25
5.02296e-25
4.79452e-25
4.5764e-25
4.36815e-25
4.16932e-25
3.97949e-25
3.79827e-25
3.62526e-25
3.46009e-25
3.30242e-25
3.15189e-25
3.00817e-25
2.87096e-25
2.73997e-25
2.61492e-25
2.49554e-25
2.38158e-25
2.2728e-25
2.16895e-25
2.06983e-25
1.97521e-25
1.8849e-25
1.7987e-25
1.71642e-25
1.63789e-25
1.56294e-25
1.49141e-25
1.42315e-25
1.358e-25
1.29581e-25
1.23646e-25
1.17981e-25
1.12575e-25
1.07415e-25
1.0249e-25
9.77897e-26
9.33041e-26
8.90233e-26
8.49381e-26
8.10396e-26
7.73194e-26
7.37693e-26
7.03816e-26
6.7149e-26
6.40645e-26
6.11212e-26
5.83129e-26
5.56334e-26
5.30768e-26
5.06375e-26
4.83102e-26
4.60895e-26
4.39705e-26
4.19486e-26
4.00194e-26
3.81786e-26
3.64222e-26
3.47465e-26
3.31477e-26
3.16222e-26
3.01669e-26
2.87785e-26
2.74539e-26
2.61902e-26
2.49847e-26
2.38347e-26
2.27377e-26
2.16912e-26
2.06931e-26
1.97409e-26
1.88327e-26
1.79665e-26
1.71403e-26
1.63524e-26
1.56008e-26
1.48839e-26
1.42001e-26
1.35479e-26
1.29259e-26
1.23327e-26
1.1767e-26
1.12275e-26
1.0713e-26
1.02225e-26
9.75477e-27
9.30884e-27
8.88371e-27
8.47844e-27
8.09212e-27
7.7239e-27
7.37296e-27
7.03853e-27
6.71986e-27
6.41624e-27
6.127e-27
5.85149e-27
5.5891e-27
5.33925e-27
5.10138e-27
4.87496e-27
4.65949e-27
4.45444e-27
4.25937e-27
4.07384e-27
3.89743e-27
3.72976e-27
3.57045e-27
3.41914e-27
3.2755e-27
3.13922e-27
3.00998e-27
2.88751e-27
2.77152e-27
2.66176e-27
2.55799e-27
2.45997e-27
2.36748e-27
2.28033e-27
2.19832e-27
2.12126e-27
2.04899e-27
1.98134e-27
1.91817e-27
1.85933e-27
1.80469e-27
1.75414e-27
1.70756e-27
1.66485e-27
1.62592e-27
1.59066e-27
1.55907e-27
1.53117e-27
1.50693e-27
1.48628e-27
1.46925e-27
1.45578e-27
1.44582e-27
1.43935e-27
1.43633e-27
1.43673e-27
1.44054e-27
1.44776e-27
1.45838e-27
1.47242e-27
1.4899e-27
