10
2e+17
1e+17
50
9.99992
18755.4
2.74126e-20
2.74105e-20
2.73992e-20
2.73826e-20
2.73605e-20
2.73331e-20
2.73002e-20
2.7262e-20
2.72184e-20
2.71694e-20
2.71151e-20
2.70556e-20
2.69908e-20
2.69208e-20
2.68457e-20
2.67654e-20
2.66801e-20
2.65897e-20
2.64944e-20
2.63941e-20
2.6289e-20
2.61791e-20
2.60645e-20
2.59452e-20
2.58212e-20
2.56928e-20
2.55599e-20
2.54227e-20
2.52811e-20
2.51354e-20
2.49855e-20
2.48315e-20
2.46736e-20
2.45118e-20
2.43462e-20
2.41769e-20
2.4004e-20
2.38276e-20
2.36478e-20
2.34647e-20
2.32783e-20
2.30888e-20
2.28964e-20
2.2701e-20
2.25027e-20
2.23018e-20
2.20983e-20
2.18922e-20
2.16838e-20
2.14731e-20
2.12602e-20
2.10452e-20
2.08282e-20
2.06094e-20
2.03888e-20
2.01665e-20
1.99427e-20
1.97175e-20
1.94909e-20
1.92631e-20
1.90341e-20
1.88041e-20
1.85732e-20
1.83415e-20
1.81091e-20
1.78761e-20
1.76425e-20
1.74085e-20
1.71742e-20
1.69397e-20
1.67051e-20
1.64704e-20
1.62358e-20
1.60013e-20
1.57671e-20
1.55332e-20
1.52997e-20
1.50667e-20
1.48343e-20
1.46026e-20
1.43717e-20
1.41416e-20
1.39123e-20
1.36841e-20
1.34569e-20
1.32309e-20
1.3006e-20
1.27825e-20
1.25602e-20
1.23394e-20
1.212e-20
1.19022e-20
1.16859e-20
1.14712e-20
1.12583e-20
1.10471e-20
1.08377e-20
1.06301e-20
1.04244e-20
1.02207e-20
1.00189e-20
9.81911e-21
9.6214e-21
9.42578e-21
9.23228e-21
9.04094e-21
8.85179e-21
8.66485e-21
8.48015e-21
8.29772e-21
8.11758e-21
7.93975e-21
7.76425e-21
7.59109e-21
7.42031e-21
7.2519e-21
7.08588e-21
6.92226e-21
6.76106e-21
6.60227e-21
6.44591e-21
6.29197e-21
6.14047e-21
5.99141e-21
5.84478e-21
5.70059e-21
5.55883e-21
5.4195e-21
5.28259e-21
5.1481e-21
5.01602e-21
4.88634e-21
4.75906e-21
4.63415e-21
4.51162e-21
4.39144e-21
4.2736e-21
4.15809e-21
4.04489e-21
3.93398e-21
3.82534e-21
3.71896e-21
3.61481e-21
3.51287e-21
3.41313e-21
3.31555e-21
3.22012e-21
3.12681e-21
3.03559e-21
2.94645e-21
2.85936e-21
2.77429e-21
2.69121e-21
2.6101e-21
2.53093e-21
2.45367e-21
2.3783e-21
2.30479e-21
2.2331e-21
2.16322e-21
2.09511e-21
2.02874e-21
1.96408e-21
1.90111e-21
1.83979e-21
1.7801e-21
1.72201e-21
1.66548e-21
1.61049e-21
1.55701e-21
1.50501e-21
1.45446e-21
1.40534e-21
1.3576e-21
1.31123e-21
1.2662e-21
1.22247e-21
1.18002e-21
1.13883e-21
1.09886e-21
1.06008e-21
1.02247e-21
9.8601e-22
9.50661e-22
9.16402e-22
8.83206e-22
8.51048e-22
8.19902e-22
7.89743e-22
7.60547e-22
7.32289e-22
7.04945e-22
6.78491e-22
6.52905e-22
6.28164e-22
6.04244e-22
5.81123e-22
5.58781e-22
5.37195e-22
5.16344e-22
4.96208e-22
4.76767e-22
4.58e-22
4.39889e-22
4.22414e-22
4.05556e-22
3.89298e-22
3.73621e-22
3.58508e-22
3.43941e-22
3.29904e-22
3.16381e-22
3.03356e-22
2.90812e-22
2.78735e-22
2.6711e-22
2.55922e-22
2.45157e-22
2.34801e-22
2.24841e-22
2.15264e-22
2.06057e-22
1.97207e-22
1.88702e-22
1.80532e-22
1.72683e-22
1.65145e-22
1.57907e-22
1.50959e-22
1.44291e-22
1.37892e-22
1.31753e-22
1.25864e-22
1.20217e-22
1.14802e-22
1.09612e-22
1.04637e-22
9.98701e-23
9.53033e-23
9.09291e-23
8.67401e-23
8.27293e-23
7.88898e-23
7.52152e-23
7.16989e-23
6.83349e-23
6.51173e-23
6.20401e-23
5.9098e-23
5.62854e-23
5.35972e-23
5.10285e-23
4.85743e-23
4.62301e-23
4.39913e-23
4.18536e-23
3.98128e-23
3.7865e-23
3.60062e-23
3.42327e-23
3.25409e-23
3.09273e-23
2.93887e-23
2.79217e-23
2.65235e-23
2.51909e-23
2.39211e-23
2.27115e-23
2.15593e-23
2.0462e-23
1.94173e-23
1.84228e-23
1.74762e-23
1.65754e-23
1.57183e-23
1.4903e-23
1.41276e-23
1.33903e-23
1.26893e-23
1.2023e-23
1.13897e-23
1.07879e-23
1.02162e-23
9.67316e-24
9.15743e-24
8.66772e-24
8.20281e-24
7.76153e-24
7.34275e-24
6.94539e-24
6.56842e-24
6.21087e-24
5.87179e-24
5.55028e-24
5.24549e-24
4.9566e-24
4.68283e-24
4.42344e-24
4.17771e-24
3.94496e-24
3.72455e-24
3.51587e-24
3.31831e-24
3.13133e-24
2.95439e-24
2.78697e-24
2.6286e-24
2.4788e-24
2.33715e-24
2.20322e-24
2.07661e-24
1.95694e-24
1.84386e-24
1.73702e-24
1.6361e-24
1.54077e-24
1.45076e-24
1.36577e-24
1.28554e-24
1.20981e-24
1.13836e-24
1.07094e-24
1.00734e-24
9.47359e-25
8.90795e-25
8.37466e-25
7.87194e-25
7.39814e-25
6.95166e-25
6.531e-25
6.13475e-25
5.76155e-25
5.41013e-25
5.07926e-25
4.7678e-25
4.47467e-25
4.19883e-25
3.93932e-25
3.6952e-25
3.46561e-25
3.24972e-25
3.04675e-25
2.85596e-25
2.67665e-25
2.50817e-25
2.34988e-25
2.20119e-25
2.06156e-25
1.93044e-25
1.80735e-25
1.6918e-25
1.58337e-25
1.48162e-25
1.38617e-25
1.29664e-25
1.21268e-25
1.13396e-25
1.06015e-25
9.90979e-26
9.26155e-26
8.65418e-26
8.0852e-26
7.5523e-26
7.05327e-26
6.58605e-26
6.14868e-26
5.73934e-26
5.35629e-26
4.99791e-26
4.66268e-26
4.34915e-26
4.05597e-26
3.78189e-26
3.52569e-26
3.28625e-26
3.06253e-26
2.85353e-26
2.65831e-26
2.476e-26
2.30578e-26
2.14688e-26
1.99856e-26
1.86016e-26
1.73103e-26
1.61058e-26
1.49823e-26
1.39347e-26
1.2958e-26
1.20476e-26
1.11991e-26
1.04084e-26
9.67187e-27
8.98579e-27
8.34686e-27
7.75195e-27
7.19813e-27
6.68266e-27
6.20298e-27
5.75668e-27
5.34152e-27
4.9554e-27
4.59635e-27
4.26254e-27
3.95226e-27
3.66389e-27
3.39595e-27
3.14703e-27
2.91582e-27
2.7011e-27
2.50174e-27
2.31666e-27
2.14489e-27
1.98549e-27
1.83759e-27
1.70041e-27
1.57317e-27
1.45519e-27
1.34581e-27
1.24443e-27
1.15047e-27
1.06341e-27
9.8276e-28
9.0806e-28
8.38885e-28
7.74839e-28
7.15552e-28
6.6068e-28
6.09906e-28
5.62932e-28
5.19482e-28
4.79298e-28
4.42143e-28
4.07794e-28
3.76046e-28
3.46707e-28
3.196e-28
2.9456e-28
2.71433e-28
2.50079e-28
2.30364e-28
2.12168e-28
1.95375e-28
1.79881e-28
1.65589e-28
1.52408e-28
1.40254e-28
1.2905e-28
1.18724e-28
1.09209e-28
1.00443e-28
9.23701e-29
8.49366e-29
7.80938e-29
7.17967e-29
6.60033e-29
6.06751e-29
5.57763e-29
5.12739e-29
4.71375e-29
4.33389e-29
3.98522e-29
3.66534e-29
3.37205e-29
3.10332e-29
2.85726e-29
2.63216e-29
2.42643e-29
2.23861e-29
2.06735e-29
1.91144e-29
1.76973e-29
1.64121e-29
1.52492e-29
1.42e-29
1.32567e-29
1.2412e-29
1.16595e-29
1.09934e-29
1.04083e-29
9.89938e-30
9.46248e-30
9.09377e-30
8.7899e-30
8.54793e-30
8.36531e-30
8.23981e-30
8.16988e-30
8.1543e-30
8.19202e-30
8.28215e-30
8.42434e-30
8.61827e-30
8.86386e-30
9.16132e-30
9.5111e-30
9.91392e-30
1.03708e-29
1.08828e-29
1.14515e-29
1.20787e-29
1.27661e-29
