10
2e+16
2e+17
50
9.99971
18755.4
2.92275e-20
2.92115e-20
2.91603e-20
2.9102e-20
2.90381e-20
2.89688e-20
2.88943e-20
2.88146e-20
2.87299e-20
2.86403e-20
2.85456e-20
2.84461e-20
2.83419e-20
2.82331e-20
2.81196e-20
2.80015e-20
2.78788e-20
2.77517e-20
2.762e-20
2.7484e-20
2.73436e-20
2.71991e-20
2.70504e-20
2.68977e-20
2.67409e-20
2.65803e-20
2.64158e-20
2.62476e-20
2.60758e-20
2.59003e-20
2.57214e-20
2.5539e-20
2.53534e-20
2.51646e-20
2.49726e-20
2.47775e-20
2.45796e-20
2.43788e-20
2.41752e-20
2.3969e-20
2.37602e-20
2.3549e-20
2.33354e-20
2.31196e-20
2.29016e-20
2.26815e-20
2.24595e-20
2.22356e-20
2.20099e-20
2.17826e-20
2.15536e-20
2.13233e-20
2.10915e-20
2.08584e-20
2.06242e-20
2.03889e-20
2.01526e-20
1.99154e-20
1.96774e-20
1.94387e-20
1.91994e-20
1.89596e-20
1.87193e-20
1.84787e-20
1.82379e-20
1.79969e-20
1.77558e-20
1.75147e-20
1.72738e-20
1.7033e-20
1.67925e-20
1.65523e-20
1.63125e-20
1.60733e-20
1.58346e-20
1.55966e-20
1.53593e-20
1.51228e-20
1.48872e-20
1.46525e-20
1.44188e-20
1.41862e-20
1.39547e-20
1.37244e-20
1.34953e-20
1.32676e-20
1.30412e-20
1.28163e-20
1.25928e-20
1.23709e-20
1.21505e-20
1.19318e-20
1.17147e-20
1.14994e-20
1.12858e-20
1.1074e-20
1.08641e-20
1.0656e-20
1.04498e-20
1.02456e-20
1.00434e-20
9.84314e-21
9.64494e-21
9.4488e-21
9.25474e-21
9.0628e-21
8.87298e-21
8.68532e-21
8.49982e-21
8.31651e-21
8.1354e-21
7.95652e-21
7.77988e-21
7.60551e-21
7.43341e-21
7.26359e-21
7.09607e-21
6.93085e-21
6.76795e-21
6.60738e-21
6.44915e-21
6.29328e-21
6.13977e-21
5.98865e-21
5.83991e-21
5.69356e-21
5.54961e-21
5.40805e-21
5.26891e-21
5.13218e-21
4.9979e-21
4.86604e-21
4.73661e-21
4.60963e-21
4.48506e-21
4.36292e-21
4.2432e-21
4.12588e-21
4.01096e-21
3.89841e-21
3.78823e-21
3.6804e-21
3.5749e-21
3.4717e-21
3.3708e-21
3.27217e-21
3.17578e-21
3.08161e-21
2.98963e-21
2.89983e-21
2.81216e-21
2.72661e-21
2.64314e-21
2.56174e-21
2.48236e-21
2.40497e-21
2.32955e-21
2.25607e-21
2.1845e-21
2.1148e-21
2.04694e-21
1.98089e-21
1.91663e-21
1.8541e-21
1.79329e-21
1.73416e-21
1.67667e-21
1.62081e-21
1.56652e-21
1.51379e-21
1.46257e-21
1.41285e-21
1.36458e-21
1.31773e-21
1.27227e-21
1.22817e-21
1.1854e-21
1.14393e-21
1.10372e-21
1.06476e-21
1.027e-21
9.90417e-22
9.54986e-22
9.20676e-22
8.87457e-22
8.55302e-22
8.24182e-22
7.94072e-22
7.64945e-22
7.36774e-22
7.09533e-22
6.83197e-22
6.57739e-22
6.33137e-22
6.09366e-22
5.86403e-22
5.64224e-22
5.42805e-22
5.22125e-22
5.02163e-22
4.82896e-22
4.64306e-22
4.46369e-22
4.29066e-22
4.12378e-22
3.96287e-22
3.80773e-22
3.65818e-22
3.51406e-22
3.37517e-22
3.24136e-22
3.11245e-22
2.9883e-22
2.86874e-22
2.75363e-22
2.64282e-22
2.53615e-22
2.4335e-22
2.33472e-22
2.23969e-22
2.14827e-22
2.06035e-22
1.9758e-22
1.89451e-22
1.81636e-22
1.74123e-22
1.66903e-22
1.59964e-22
1.53297e-22
1.46893e-22
1.40741e-22
1.34832e-22
1.29159e-22
1.2371e-22
1.1848e-22
1.13459e-22
1.08639e-22
1.04015e-22
9.95768e-23
9.53191e-23
9.12344e-23
8.73162e-23
8.35581e-23
7.99541e-23
7.64984e-23
7.31851e-23
7.00089e-23
6.69645e-23
6.40468e-23
6.12505e-23
5.85709e-23
5.60036e-23
5.35439e-23
5.11878e-23
4.89311e-23
4.67698e-23
4.47003e-23
4.27187e-23
4.08217e-23
3.90055e-23
3.7267e-23
3.56029e-23
3.40104e-23
3.24864e-23
3.10282e-23
2.96331e-23
2.82984e-23
2.70218e-23
2.58008e-23
2.46329e-23
2.35161e-23
2.24481e-23
2.14269e-23
2.04506e-23
1.95173e-23
1.86252e-23
1.77725e-23
1.69576e-23
1.61788e-23
1.54348e-23
1.47238e-23
1.40445e-23
1.33955e-23
1.27755e-23
1.21834e-23
1.16178e-23
1.10777e-23
1.05619e-23
1.00695e-23
9.59928e-24
9.15041e-24
8.72192e-24
8.31289e-24
7.92246e-24
7.54982e-24
7.19418e-24
6.85481e-24
6.53098e-24
6.222e-24
5.92723e-24
5.64602e-24
5.37779e-24
5.12195e-24
4.87795e-24
4.64523e-24
4.4233e-24
4.21166e-24
4.00986e-24
3.81746e-24
3.63403e-24
3.45916e-24
3.29248e-24
3.13361e-24
2.9822e-24
2.8379e-24
2.7004e-24
2.56939e-24
2.44456e-24
2.32563e-24
2.21232e-24
2.10438e-24
2.00156e-24
1.90363e-24
1.81035e-24
1.72152e-24
1.63693e-24
1.55639e-24
1.4797e-24
1.40669e-24
1.33718e-24
1.27102e-24
1.20805e-24
1.14812e-24
1.09108e-24
1.03679e-24
9.85133e-25
9.35976e-25
8.89205e-25
8.44707e-25
8.02376e-25
7.62108e-25
7.23806e-25
6.87378e-25
6.52734e-25
6.19789e-25
5.88464e-25
5.5868e-25
5.30364e-25
5.03445e-25
4.77856e-25
4.5353e-25
4.30409e-25
4.08434e-25
3.8755e-25
3.67704e-25
3.48847e-25
3.3093e-25
3.13908e-25
2.97738e-25
2.82379e-25
2.6779e-25
2.53935e-25
2.40778e-25
2.28284e-25
2.16421e-25
2.05159e-25
1.94466e-25
1.84315e-25
1.74679e-25
1.65532e-25
1.56852e-25
1.48613e-25
1.40796e-25
1.33378e-25
1.2634e-25
1.19664e-25
1.1333e-25
1.07322e-25
1.01625e-25
9.62212e-26
9.10972e-26
8.62388e-26
8.16324e-26
7.72656e-26
7.31261e-26
6.92022e-26
6.54829e-26
6.19578e-26
5.86172e-26
5.54517e-26
5.24523e-26
4.96106e-26
4.69186e-26
4.43685e-26
4.19533e-26
3.96658e-26
3.74997e-26
3.54486e-26
3.35065e-26
3.1668e-26
2.99276e-26
2.82803e-26
2.67212e-26
2.52457e-26
2.38495e-26
2.25285e-26
2.12788e-26
2.00964e-26
1.89779e-26
1.792e-26
1.69193e-26
1.59731e-26
1.50783e-26
1.42322e-26
1.34323e-26
1.26762e-26
1.19615e-26
1.12859e-26
1.06476e-26
1.00443e-26
9.47434e-27
8.93586e-27
8.42718e-27
7.94671e-27
7.49293e-27
7.06439e-27
6.65975e-27
6.2777e-27
5.91703e-27
5.57657e-27
5.25521e-27
4.9519e-27
4.66566e-27
4.39555e-27
4.1407e-27
3.90028e-27
3.67349e-27
3.45958e-27
3.25784e-27
3.06761e-27
2.88826e-27
2.71917e-27
2.55978e-27
2.40957e-27
2.268e-27
2.13462e-27
2.00896e-27
1.89059e-27
1.77911e-27
1.67412e-27
1.57528e-27
1.48224e-27
1.39466e-27
1.31226e-27
1.23473e-27
1.1618e-27
1.09322e-27
1.02874e-27
9.68132e-28
9.11172e-28
8.57662e-28
8.07407e-28
7.60228e-28
7.15954e-28
6.74424e-28
6.35486e-28
5.98999e-28
5.64828e-28
5.32847e-28
5.02938e-28
4.74991e-28
4.489e-28
4.24568e-28
4.01904e-28
3.80821e-28
3.61241e-28
3.43088e-28
3.26293e-28
3.10791e-28
2.96523e-28
2.83432e-28
2.71467e-28
2.60581e-28
2.50732e-28
2.41878e-28
2.33982e-28
2.27021e-28
2.20978e-28
2.15832e-28
2.11558e-28
2.08146e-28
2.05579e-28
2.03841e-28
2.02918e-28
2.02803e-28
2.03487e-28
2.04967e-28
2.07243e-28
2.10316e-28
2.14191e-28
2.18875e-28
