10
2e+17
1e+19
49.9943
9.99994
18755.4
3.2555e-20
3.25032e-20
3.23502e-20
3.21869e-20
3.20181e-20
3.18451e-20
3.16683e-20
3.14881e-20
3.13046e-20
3.11178e-20
3.09278e-20
3.07348e-20
3.05393e-20
3.03413e-20
3.01407e-20
2.99376e-20
2.97318e-20
2.95235e-20
2.93126e-20
2.90992e-20
2.88834e-20
2.86654e-20
2.84452e-20
2.8223e-20
2.79987e-20
2.77724e-20
2.75442e-20
2.73143e-20
2.70827e-20
2.68494e-20
2.66143e-20
2.63778e-20
2.61399e-20
2.59005e-20
2.56597e-20
2.54178e-20
2.51747e-20
2.49305e-20
2.46852e-20
2.44389e-20
2.41918e-20
2.39438e-20
2.36951e-20
2.34457e-20
2.31957e-20
2.29452e-20
2.26942e-20
2.24429e-20
2.21912e-20
2.19393e-20
2.16871e-20
2.14348e-20
2.11825e-20
2.09301e-20
2.06777e-20
2.04255e-20
2.01735e-20
1.99217e-20
1.96702e-20
1.94191e-20
1.91684e-20
1.89182e-20
1.86686e-20
1.84195e-20
1.81712e-20
1.79235e-20
1.76765e-20
1.74303e-20
1.7185e-20
1.69406e-20
1.66972e-20
1.64548e-20
1.62134e-20
1.59731e-20
1.5734e-20
1.5496e-20
1.52593e-20
1.50238e-20
1.47897e-20
1.45568e-20
1.43254e-20
1.40953e-20
1.38667e-20
1.36396e-20
1.3414e-20
1.31899e-20
1.29674e-20
1.27465e-20
1.25273e-20
1.23097e-20
1.20938e-20
1.18796e-20
1.16671e-20
1.14564e-20
1.12474e-20
1.10402e-20
1.08349e-20
1.06313e-20
1.04296e-20
1.02298e-20
1.00318e-20
9.83563e-21
9.64141e-21
9.44907e-21
9.25863e-21
9.07013e-21
8.88355e-21
8.69889e-21
8.51615e-21
8.33534e-21
8.1565e-21
7.97961e-21
7.80472e-21
7.63183e-21
7.46094e-21
7.29207e-21
7.12525e-21
6.96045e-21
6.79771e-21
6.63705e-21
6.47848e-21
6.32204e-21
6.16776e-21
6.01568e-21
5.86581e-21
5.71815e-21
5.57273e-21
5.42956e-21
5.28868e-21
5.15015e-21
5.01399e-21
4.88022e-21
4.74886e-21
4.61993e-21
4.49343e-21
4.36937e-21
4.24775e-21
4.12859e-21
4.01187e-21
3.89758e-21
3.78572e-21
3.67628e-21
3.56923e-21
3.46457e-21
3.36228e-21
3.26233e-21
3.16471e-21
3.06938e-21
2.97633e-21
2.88553e-21
2.79695e-21
2.71056e-21
2.62633e-21
2.54424e-21
2.46425e-21
2.38632e-21
2.31043e-21
2.23654e-21
2.16463e-21
2.09466e-21
2.02658e-21
1.96037e-21
1.896e-21
1.83342e-21
1.7726e-21
1.71351e-21
1.65611e-21
1.60037e-21
1.54625e-21
1.49371e-21
1.44273e-21
1.39327e-21
1.34529e-21
1.29876e-21
1.25364e-21
1.20991e-21
1.16752e-21
1.12645e-21
1.08667e-21
1.04813e-21
1.01081e-21
9.74678e-22
9.39707e-22
9.05864e-22
8.73117e-22
8.41436e-22
8.10794e-22
7.81163e-22
7.52515e-22
7.24824e-22
6.9806e-22
6.72196e-22
6.47207e-22
6.23069e-22
5.99757e-22
5.77248e-22
5.55514e-22
5.34533e-22
5.14283e-22
4.94742e-22
4.75889e-22
4.57702e-22
4.40159e-22
4.23239e-22
4.06924e-22
3.91195e-22
3.76033e-22
3.6142e-22
3.4734e-22
3.33771e-22
3.20699e-22
3.08107e-22
2.95979e-22
2.843e-22
2.73056e-22
2.62231e-22
2.5181e-22
2.41779e-22
2.32126e-22
2.22838e-22
2.13901e-22
2.05304e-22
1.97036e-22
1.89084e-22
1.81436e-22
1.74083e-22
1.67013e-22
1.60217e-22
1.53684e-22
1.47406e-22
1.41373e-22
1.35576e-22
1.30007e-22
1.24656e-22
1.19516e-22
1.1458e-22
1.09838e-22
1.05286e-22
1.00915e-22
9.67181e-23
9.26893e-23
8.88217e-23
8.51095e-23
8.15466e-23
7.81276e-23
7.48469e-23
7.16993e-23
6.86797e-23
6.57832e-23
6.30047e-23
6.03396e-23
5.77835e-23
5.53322e-23
5.29817e-23
5.0728e-23
4.85673e-23
4.64961e-23
4.45107e-23
4.26078e-23
4.07839e-23
3.90358e-23
3.73606e-23
3.57552e-23
3.42171e-23
3.27434e-23
3.13316e-23
2.99791e-23
2.86837e-23
2.7443e-23
2.62547e-23
2.51165e-23
2.40264e-23
2.29826e-23
2.1983e-23
2.1026e-23
2.01098e-23
1.92326e-23
1.8393e-23
1.75893e-23
1.682e-23
1.60837e-23
1.53789e-23
1.47044e-23
1.40589e-23
1.34412e-23
1.28501e-23
1.22845e-23
1.17434e-23
1.12257e-23
1.07305e-23
1.02568e-23
9.80367e-24
9.37021e-24
8.95559e-24
8.55901e-24
8.1797e-24
7.81693e-24
7.47e-24
7.13824e-24
6.82101e-24
6.51768e-24
6.22766e-24
5.95038e-24
5.68529e-24
5.43184e-24
5.18953e-24
4.95787e-24
4.73641e-24
4.52471e-24
4.32235e-24
4.12892e-24
3.94405e-24
3.76736e-24
3.59849e-24
3.43711e-24
3.2829e-24
3.13554e-24
2.99473e-24
2.86017e-24
2.73159e-24
2.60872e-24
2.49131e-24
2.37914e-24
2.27196e-24
2.16956e-24
2.07173e-24
1.97827e-24
1.88899e-24
1.80371e-24
1.72224e-24
1.64443e-24
1.57011e-24
1.49912e-24
1.43132e-24
1.36655e-24
1.30468e-24
1.2456e-24
1.18916e-24
1.13526e-24
1.08379e-24
1.03463e-24
9.87686e-25
9.42857e-25
9.00049e-25
8.59173e-25
8.20143e-25
7.82877e-25
7.47296e-25
7.13324e-25
6.80886e-25
6.49912e-25
6.20337e-25
5.92099e-25
5.65138e-25
5.39397e-25
5.14821e-25
4.91359e-25
4.6896e-25
4.47577e-25
4.27164e-25
4.07678e-25
3.89077e-25
3.71322e-25
3.54374e-25
3.38197e-25
3.22757e-25
3.08018e-25
2.93948e-25
2.80517e-25
2.67697e-25
2.5546e-25
2.43779e-25
2.32631e-25
2.2199e-25
2.11833e-25
2.0214e-25
1.92889e-25
1.84059e-25
1.75633e-25
1.67591e-25
1.59917e-25
1.52593e-25
1.45604e-25
1.38935e-25
1.32571e-25
1.26497e-25
1.20701e-25
1.15169e-25
1.09889e-25
1.04851e-25
1.00044e-25
9.54556e-26
9.10774e-26
8.68995e-26
8.29128e-26
7.91086e-26
7.54786e-26
7.20149e-26
6.87099e-26
6.55565e-26
6.25476e-26
5.96768e-26
5.69377e-26
5.43244e-26
5.18311e-26
4.94524e-26
4.7183e-26
4.50176e-26
4.29515e-26
4.09801e-26
3.90991e-26
3.73044e-26
3.55921e-26
3.39584e-26
3.23997e-26
3.09126e-26
2.94939e-26
2.81403e-26
2.68491e-26
2.56172e-26
2.4442e-26
2.33209e-26
2.22515e-26
2.12314e-26
2.02582e-26
1.933e-26
1.84446e-26
1.76001e-26
1.67946e-26
1.60263e-26
1.52935e-26
1.45945e-26
1.39277e-26
1.32917e-26
1.26851e-26
1.21066e-26
1.15549e-26
1.10287e-26
1.05269e-26
1.00484e-26
9.59214e-27
9.15711e-27
8.74235e-27
8.34693e-27
7.97e-27
7.6107e-27
7.26825e-27
6.94188e-27
6.63089e-27
6.33457e-27
6.05227e-27
5.78336e-27
5.52726e-27
5.28338e-27
5.0512e-27
4.8302e-27
4.61987e-27
4.41974e-27
4.22934e-27
4.04826e-27
3.87611e-27
3.71248e-27
3.55704e-27
3.40943e-27
3.26933e-27
3.13642e-27
3.01042e-27
2.89104e-27
2.77803e-27
2.67113e-27
2.5701e-27
2.47472e-27
2.38479e-27
2.30011e-27
2.22048e-27
2.14573e-27
2.0757e-27
2.01023e-27
1.94919e-27
1.89242e-27
1.83982e-27
1.79126e-27
1.74665e-27
1.70587e-27
1.66884e-27
1.63547e-27
1.60576e-27
1.57973e-27
1.55735e-27
1.53858e-27
1.52343e-27
1.51186e-27
1.50382e-27
1.49928e-27
1.49821e-27
1.50059e-27
1.50641e-27
1.51566e-27
1.52835e-27
1.54448e-27
1.56408e-27
