2
2e+18
5e+18
49.9998
1.99999
8387.66
3.04242e-19
3.04229e-19
3.04133e-19
3.03979e-19
3.03766e-19
3.03492e-19
3.03158e-19
3.02764e-19
3.0231e-19
3.01797e-19
3.01224e-19
3.00592e-19
2.99902e-19
2.99153e-19
2.98346e-19
2.97483e-19
2.96562e-19
2.95585e-19
2.94553e-19
2.93465e-19
2.92323e-19
2.91127e-19
2.89878e-19
2.88577e-19
2.87224e-19
2.8582e-19
2.84367e-19
2.82864e-19
2.81313e-19
2.79714e-19
2.78069e-19
2.76378e-19
2.74643e-19
2.72864e-19
2.71042e-19
2.69179e-19
2.67275e-19
2.65331e-19
2.63349e-19
2.6133e-19
2.59274e-19
2.57183e-19
2.55057e-19
2.52899e-19
2.50709e-19
2.48488e-19
2.46238e-19
2.43959e-19
2.41653e-19
2.3932e-19
2.36963e-19
2.34583e-19
2.32179e-19
2.29755e-19
2.2731e-19
2.24846e-19
2.22365e-19
2.19867e-19
2.17354e-19
2.14826e-19
2.12285e-19
2.09733e-19
2.07169e-19
2.04596e-19
2.02015e-19
1.99426e-19
1.96832e-19
1.94232e-19
1.91628e-19
1.89021e-19
1.86412e-19
1.83803e-19
1.81194e-19
1.78586e-19
1.75981e-19
1.73379e-19
1.70781e-19
1.68188e-19
1.65602e-19
1.63023e-19
1.60452e-19
1.5789e-19
1.55338e-19
1.52796e-19
1.50267e-19
1.47749e-19
1.45245e-19
1.42754e-19
1.40278e-19
1.37818e-19
1.35373e-19
1.32945e-19
1.30535e-19
1.28143e-19
1.2577e-19
1.23415e-19
1.21081e-19
1.18767e-19
1.16474e-19
1.14203e-19
1.11953e-19
1.09726e-19
1.07521e-19
1.0534e-19
1.03182e-19
1.01049e-19
9.89394e-20
9.68547e-20
9.4795e-20
9.27606e-20
9.07517e-20
8.87685e-20
8.68113e-20
8.48803e-20
8.29757e-20
8.10976e-20
7.92461e-20
7.74214e-20
7.56236e-20
7.38528e-20
7.21091e-20
7.03924e-20
6.87028e-20
6.70405e-20
6.54052e-20
6.37971e-20
6.22161e-20
6.06621e-20
5.91351e-20
5.7635e-20
5.61618e-20
5.47152e-20
5.32953e-20
5.19018e-20
5.05347e-20
4.91937e-20
4.78788e-20
4.65896e-20
4.53262e-20
4.40881e-20
4.28753e-20
4.16876e-20
4.05246e-20
3.93862e-20
3.82721e-20
3.71821e-20
3.61159e-20
3.50733e-20
3.4054e-20
3.30577e-20
3.20841e-20
3.11329e-20
3.02039e-20
2.92968e-20
2.84113e-20
2.7547e-20
2.67036e-20
2.58809e-20
2.50785e-20
2.42962e-20
2.35335e-20
2.27902e-20
2.2066e-20
2.13605e-20
2.06735e-20
2.00045e-20
1.93533e-20
1.87196e-20
1.8103e-20
1.75032e-20
1.69199e-20
1.63528e-20
1.58015e-20
1.52657e-20
1.47452e-20
1.42395e-20
1.37485e-20
1.32717e-20
1.28089e-20
1.23598e-20
1.1924e-20
1.15013e-20
1.10913e-20
1.06939e-20
1.03086e-20
9.93517e-21
9.57338e-21
9.22292e-21
8.88351e-21
8.55488e-21
8.23676e-21
7.92888e-21
7.63098e-21
7.34281e-21
7.0641e-21
6.79461e-21
6.53409e-21
6.2823e-21
6.03901e-21
5.80398e-21
5.57697e-21
5.35777e-21
5.14616e-21
4.94191e-21
4.74482e-21
4.55468e-21
4.37128e-21
4.19442e-21
4.02392e-21
3.85957e-21
3.70119e-21
3.5486e-21
3.40162e-21
3.26007e-21
3.12378e-21
2.99259e-21
2.86634e-21
2.74486e-21
2.628e-21
2.51561e-21
2.40755e-21
2.30366e-21
2.20381e-21
2.10787e-21
2.0157e-21
1.92717e-21
1.84216e-21
1.76054e-21
1.6822e-21
1.60702e-21
1.5349e-21
1.46571e-21
1.39936e-21
1.33575e-21
1.27476e-21
1.21632e-21
1.16032e-21
1.10668e-21
1.0553e-21
1.0061e-21
9.59005e-22
9.13927e-22
8.7079e-22
8.2952e-22
7.90046e-22
7.52297e-22
7.16206e-22
6.81707e-22
6.48737e-22
6.17236e-22
5.87145e-22
5.58406e-22
5.30965e-22
5.04769e-22
4.79767e-22
4.5591e-22
4.3315e-22
4.11442e-22
3.90741e-22
3.71004e-22
3.52192e-22
3.34265e-22
3.17184e-22
3.00914e-22
2.85418e-22
2.70665e-22
2.5662e-22
2.43254e-22
2.30536e-22
2.18436e-22
2.06929e-22
1.95987e-22
1.85584e-22
1.75697e-22
1.66302e-22
1.57375e-22
1.48897e-22
1.40846e-22
1.33202e-22
1.25946e-22
1.1906e-22
1.12526e-22
1.06329e-22
1.00451e-22
9.48786e-23
8.95959e-23
8.45893e-23
7.98455e-23
7.53516e-23
7.10955e-23
6.70655e-23
6.32505e-23
5.96398e-23
5.62232e-23
5.2991e-23
4.9934e-23
4.70433e-23
4.43105e-23
4.17276e-23
3.92868e-23
3.69809e-23
3.48029e-23
3.27461e-23
3.08044e-23
2.89716e-23
2.7242e-23
2.56102e-23
2.40709e-23
2.26194e-23
2.12508e-23
1.99608e-23
1.87451e-23
1.75996e-23
1.65206e-23
1.55045e-23
1.45477e-23
1.3647e-23
1.27994e-23
1.20018e-23
1.12515e-23
1.05459e-23
9.88239e-24
9.25865e-24
8.67241e-24
8.12155e-24
7.60405e-24
7.118e-24
6.66159e-24
6.2331e-24
5.83093e-24
5.45353e-24
5.09947e-24
4.76737e-24
4.45594e-24
4.16396e-24
3.89028e-24
3.63381e-24
3.39352e-24
3.16844e-24
2.95765e-24
2.7603e-24
2.57556e-24
2.40267e-24
2.2409e-24
2.08958e-24
1.94806e-24
1.81574e-24
1.69204e-24
1.57643e-24
1.4684e-24
1.36749e-24
1.27324e-24
1.18523e-24
1.10307e-24
1.02638e-24
9.54826e-25
8.88067e-25
8.25801e-25
7.67736e-25
7.13602e-25
6.63144e-25
6.16122e-25
5.72313e-25
5.31506e-25
4.93504e-25
4.58122e-25
4.25186e-25
3.94534e-25
3.66015e-25
3.39485e-25
3.14812e-25
2.91871e-25
2.70544e-25
2.50722e-25
2.32304e-25
2.15194e-25
1.99302e-25
1.84545e-25
1.70845e-25
1.58128e-25
1.46328e-25
1.3538e-25
1.25225e-25
1.15807e-25
1.07076e-25
9.89823e-26
9.14814e-26
8.45315e-26
7.80934e-26
7.21307e-26
6.66096e-26
6.14985e-26
5.67679e-26
5.23905e-26
4.83408e-26
4.4595e-26
4.11311e-26
3.79286e-26
3.49684e-26
3.22328e-26
2.97052e-26
2.73703e-26
2.5214e-26
2.32229e-26
2.13849e-26
1.96884e-26
1.81231e-26
1.66789e-26
1.53469e-26
1.41186e-26
1.29862e-26
1.19424e-26
1.09804e-26
1.00942e-26
9.27777e-27
8.52592e-27
7.83365e-27
7.1964e-27
6.60991e-27
6.07026e-27
5.57384e-27
5.11728e-27
4.69749e-27
4.3116e-27
3.95697e-27
3.63115e-27
3.33188e-27
3.05707e-27
2.80479e-27
2.57326e-27
2.36084e-27
2.16602e-27
1.98741e-27
1.82371e-27
1.67374e-27
1.5364e-27
1.41068e-27
1.29565e-27
1.19047e-27
1.09434e-27
1.00656e-27
9.26445e-28
8.5339e-28
7.86828e-28
7.26241e-28
6.71152e-28
6.21125e-28
5.75757e-28
5.34682e-28
4.97562e-28
4.64087e-28
4.33974e-28
4.06965e-28
3.82821e-28
3.61328e-28
3.42286e-28
3.25516e-28
3.10854e-28
2.98149e-28
2.87266e-28
2.78081e-28
2.70483e-28
2.64371e-28
2.59653e-28
2.56247e-28
2.5408e-28
2.53085e-28
2.53205e-28
2.54387e-28
2.56585e-28
2.59759e-28
2.63875e-28
2.68902e-28
2.74816e-28
2.81594e-28
2.89222e-28
2.97684e-28
3.06972e-28
3.17079e-28
3.28001e-28
3.39739e-28
3.52293e-28
3.6567e-28
3.79876e-28
3.94921e-28
4.10816e-28
4.27577e-28
4.45218e-28
4.63758e-28
4.83217e-28
5.03617e-28
5.2498e-28
5.47333e-28
5.70703e-28
5.95118e-28
6.20609e-28
6.47207e-28
6.74947e-28
7.03864e-28
7.33995e-28
7.65378e-28
