5
1e+18
5e+18
49.9984
4.99955
13262.1
7.58455e-20
7.58406e-20
7.58129e-20
7.57707e-20
7.57139e-20
7.56424e-20
7.55562e-20
7.54553e-20
7.53398e-20
7.52097e-20
7.50651e-20
7.49062e-20
7.4733e-20
7.45455e-20
7.4344e-20
7.41285e-20
7.38992e-20
7.36562e-20
7.33996e-20
7.31295e-20
7.28462e-20
7.25498e-20
7.22404e-20
7.19182e-20
7.15835e-20
7.12364e-20
7.0877e-20
7.05057e-20
7.01226e-20
6.97279e-20
6.93218e-20
6.89046e-20
6.84765e-20
6.80377e-20
6.75885e-20
6.71291e-20
6.66598e-20
6.61808e-20
6.56923e-20
6.51947e-20
6.46882e-20
6.4173e-20
6.36495e-20
6.31178e-20
6.25784e-20
6.20314e-20
6.14771e-20
6.09159e-20
6.03479e-20
5.97735e-20
5.9193e-20
5.86067e-20
5.80148e-20
5.74176e-20
5.68154e-20
5.62085e-20
5.55972e-20
5.49818e-20
5.43625e-20
5.37397e-20
5.31136e-20
5.24845e-20
5.18526e-20
5.12184e-20
5.0582e-20
4.99437e-20
4.93038e-20
4.86625e-20
4.80202e-20
4.7377e-20
4.67333e-20
4.60893e-20
4.54453e-20
4.48015e-20
4.41581e-20
4.35155e-20
4.28737e-20
4.22332e-20
4.1594e-20
4.09565e-20
4.03209e-20
3.96873e-20
3.9056e-20
3.84272e-20
3.78011e-20
3.71779e-20
3.65578e-20
3.5941e-20
3.53276e-20
3.47179e-20
3.4112e-20
3.35101e-20
3.29123e-20
3.23188e-20
3.17298e-20
3.11454e-20
3.05658e-20
2.9991e-20
2.94213e-20
2.88566e-20
2.82973e-20
2.77433e-20
2.71948e-20
2.66519e-20
2.61147e-20
2.55832e-20
2.50576e-20
2.4538e-20
2.40244e-20
2.35169e-20
2.30156e-20
2.25205e-20
2.20317e-20
2.15492e-20
2.10731e-20
2.06034e-20
2.01403e-20
1.96836e-20
1.92334e-20
1.87898e-20
1.83528e-20
1.79224e-20
1.74986e-20
1.70814e-20
1.66708e-20
1.62669e-20
1.58695e-20
1.54788e-20
1.50946e-20
1.4717e-20
1.4346e-20
1.39816e-20
1.36236e-20
1.32721e-20
1.29271e-20
1.25885e-20
1.22563e-20
1.19304e-20
1.16108e-20
1.12975e-20
1.09904e-20
1.06895e-20
1.03946e-20
1.01059e-20
9.82307e-21
9.54622e-21
9.27526e-21
9.01011e-21
8.75071e-21
8.49701e-21
8.24894e-21
8.00642e-21
7.76939e-21
7.53778e-21
7.31152e-21
7.09054e-21
6.87477e-21
6.66413e-21
6.45856e-21
6.25798e-21
6.06231e-21
5.87147e-21
5.68541e-21
5.50403e-21
5.32726e-21
5.15502e-21
4.98725e-21
4.82386e-21
4.66478e-21
4.50993e-21
4.35923e-21
4.21262e-21
4.07002e-21
3.93135e-21
3.79655e-21
3.66552e-21
3.53821e-21
3.41453e-21
3.29442e-21
3.17779e-21
3.06458e-21
2.95472e-21
2.84814e-21
2.74477e-21
2.64454e-21
2.54739e-21
2.45323e-21
2.36201e-21
2.27366e-21
2.1881e-21
2.10528e-21
2.02513e-21
1.94758e-21
1.87257e-21
1.80003e-21
1.7299e-21
1.66212e-21
1.59662e-21
1.53336e-21
1.47226e-21
1.41327e-21
1.35632e-21
1.30138e-21
1.24837e-21
1.19724e-21
1.14794e-21
1.10042e-21
1.05462e-21
1.01049e-21
9.6799e-22
9.2706e-22
8.87655e-22
8.49728e-22
8.13234e-22
7.78127e-22
7.44363e-22
7.119e-22
6.80696e-22
6.50708e-22
6.21898e-22
5.94226e-22
5.67654e-22
5.42144e-22
5.17662e-22
4.9417e-22
4.71636e-22
4.50025e-22
4.29306e-22
4.09445e-22
3.90413e-22
3.7218e-22
3.54716e-22
3.37994e-22
3.21986e-22
3.06665e-22
2.92006e-22
2.77983e-22
2.64573e-22
2.51752e-22
2.39497e-22
2.27786e-22
2.16598e-22
2.05912e-22
1.95708e-22
1.85967e-22
1.76671e-22
1.67801e-22
1.59339e-22
1.5127e-22
1.43576e-22
1.36243e-22
1.29254e-22
1.22596e-22
1.16255e-22
1.10216e-22
1.04468e-22
9.89962e-23
9.379e-23
8.88375e-23
8.41275e-23
7.96492e-23
7.53922e-23
7.13466e-23
6.75028e-23
6.38518e-23
6.03847e-23
5.70929e-23
5.39686e-23
5.10037e-23
4.8191e-23
4.55232e-23
4.29935e-23
4.05954e-23
3.83225e-23
3.61688e-23
3.41286e-23
3.21963e-23
3.03668e-23
2.86349e-23
2.69959e-23
2.54451e-23
2.39781e-23
2.25907e-23
2.1279e-23
2.00391e-23
1.88673e-23
1.77602e-23
1.67145e-23
1.57269e-23
1.47945e-23
1.39144e-23
1.30839e-23
1.23002e-23
1.15611e-23
1.08641e-23
1.02069e-23
9.58743e-24
9.00368e-24
8.45369e-24
7.93563e-24
7.44777e-24
6.98843e-24
6.55607e-24
6.14917e-24
5.76635e-24
5.40624e-24
5.06758e-24
4.74916e-24
4.44984e-24
4.16854e-24
3.90423e-24
3.65594e-24
3.42275e-24
3.2038e-24
2.99825e-24
2.80533e-24
2.6243e-24
2.45447e-24
2.29518e-24
2.14581e-24
2.00576e-24
1.8745e-24
1.75148e-24
1.63622e-24
1.52825e-24
1.42714e-24
1.33246e-24
1.24383e-24
1.16087e-24
1.08325e-24
1.01062e-24
9.42692e-25
8.79165e-25
8.19768e-25
7.64245e-25
7.12352e-25
6.63863e-25
6.18564e-25
5.76252e-25
5.36739e-25
4.99846e-25
4.65408e-25
4.33266e-25
4.03274e-25
3.75293e-25
3.49194e-25
3.24854e-25
3.02159e-25
2.81003e-25
2.61284e-25
2.42908e-25
2.25787e-25
2.09839e-25
1.94985e-25
1.81154e-25
1.68276e-25
1.56289e-25
1.45133e-25
1.34752e-25
1.25094e-25
1.1611e-25
1.07755e-25
9.99855e-26
9.27624e-26
8.60483e-26
7.98082e-26
7.40097e-26
6.86224e-26
6.3618e-26
5.89701e-26
5.46539e-26
5.06466e-26
4.69264e-26
4.34736e-26
4.02692e-26
3.7296e-26
3.45376e-26
3.1979e-26
2.96059e-26
2.74054e-26
2.53652e-26
2.34738e-26
2.17208e-26
2.00961e-26
1.85906e-26
1.71959e-26
1.59038e-26
1.47071e-26
1.35988e-26
1.25725e-26
1.16224e-26
1.07428e-26
9.9287e-27
9.17526e-27
8.47808e-27
7.83302e-27
7.23629e-27
6.68431e-27
6.1738e-27
5.7017e-27
5.26517e-27
4.86159e-27
4.48852e-27
4.14368e-27
3.82499e-27
3.53049e-27
3.25838e-27
3.00698e-27
2.77476e-27
2.56026e-27
2.36215e-27
2.17921e-27
2.01029e-27
1.85433e-27
1.71036e-27
1.57747e-27
1.45481e-27
1.34162e-27
1.23717e-27
1.1408e-27
1.0519e-27
9.69882e-28
8.94235e-28
8.24467e-28
7.60129e-28
7.00805e-28
6.46109e-28
5.95686e-28
5.49208e-28
5.06371e-28
4.66893e-28
4.30517e-28
3.97003e-28
3.66128e-28
3.37689e-28
3.11497e-28
2.87378e-28
2.65171e-28
2.44727e-28
2.25911e-28
2.08595e-28
1.92663e-28
1.78008e-28
1.6453e-28
1.52138e-28
1.40748e-28
1.30281e-28
1.20667e-28
1.11839e-28
1.03735e-28
9.62997e-29
8.94817e-29
8.32332e-29
7.75107e-29
7.22737e-29
6.74854e-29
6.31116e-29
5.91211e-29
5.5485e-29
5.21772e-29
4.91731e-29
4.64508e-29
4.39897e-29
4.17702e-29
3.97752e-29
3.79891e-29
3.63977e-29
3.4988e-29
3.37481e-29
3.26662e-29
3.17338e-29
3.09453e-29
3.02972e-29
2.97813e-29
2.93916e-29
2.91237e-29
2.89717e-29
2.89339e-29
2.90073e-29
2.91873e-29
2.94702e-29
2.98524e-29
3.0331e-29
3.09038e-29
3.15686e-29
3.23239e-29
3.31685e-29
3.41018e-29
3.51232e-29
3.62326e-29
3.74304e-29
3.8717e-29
4.00933e-29
4.15605e-29
4.312e-29
4.47735e-29
4.6523e-29
4.83707e-29
5.03192e-29
5.23712e-29
5.45298e-29
