10
1e+17
2e+18
50
9.99973
18755.4
3.04952e-20
3.04668e-20
3.03801e-20
3.02851e-20
3.01844e-20
3.00786e-20
2.9968e-20
2.98527e-20
2.97329e-20
2.96086e-20
2.94798e-20
2.93468e-20
2.92097e-20
2.90686e-20
2.89235e-20
2.87744e-20
2.86215e-20
2.84646e-20
2.83038e-20
2.81393e-20
2.7971e-20
2.77992e-20
2.76239e-20
2.74452e-20
2.72632e-20
2.70778e-20
2.68893e-20
2.66978e-20
2.65033e-20
2.63058e-20
2.61054e-20
2.59023e-20
2.56966e-20
2.54882e-20
2.52773e-20
2.50641e-20
2.48486e-20
2.46308e-20
2.44108e-20
2.41889e-20
2.39649e-20
2.37391e-20
2.35115e-20
2.32823e-20
2.30514e-20
2.28191e-20
2.25853e-20
2.23502e-20
2.2114e-20
2.18765e-20
2.1638e-20
2.13985e-20
2.11582e-20
2.0917e-20
2.06751e-20
2.04326e-20
2.01896e-20
1.99461e-20
1.97022e-20
1.9458e-20
1.92136e-20
1.89691e-20
1.87246e-20
1.84801e-20
1.82357e-20
1.79914e-20
1.77474e-20
1.75038e-20
1.72605e-20
1.70177e-20
1.67754e-20
1.65338e-20
1.62928e-20
1.60526e-20
1.58132e-20
1.55746e-20
1.5337e-20
1.51004e-20
1.48648e-20
1.46303e-20
1.4397e-20
1.41649e-20
1.3934e-20
1.37045e-20
1.34763e-20
1.32496e-20
1.30243e-20
1.28005e-20
1.25782e-20
1.23576e-20
1.21385e-20
1.19211e-20
1.17055e-20
1.14916e-20
1.12794e-20
1.1069e-20
1.08605e-20
1.06539e-20
1.04491e-20
1.02462e-20
1.00453e-20
9.84632e-21
9.64933e-21
9.45434e-21
9.26138e-21
9.07046e-21
8.88158e-21
8.69478e-21
8.51004e-21
8.3274e-21
8.14687e-21
7.96846e-21
7.7922e-21
7.61811e-21
7.44618e-21
7.27643e-21
7.10888e-21
6.94353e-21
6.7804e-21
6.6195e-21
6.46084e-21
6.30445e-21
6.15036e-21
5.99858e-21
5.84911e-21
5.70197e-21
5.55717e-21
5.41471e-21
5.27462e-21
5.13693e-21
5.00165e-21
4.8688e-21
4.73838e-21
4.6104e-21
4.48485e-21
4.36175e-21
4.24108e-21
4.12285e-21
4.00703e-21
3.89363e-21
3.78263e-21
3.67402e-21
3.56777e-21
3.46387e-21
3.3623e-21
3.26305e-21
3.16607e-21
3.07136e-21
2.97889e-21
2.88863e-21
2.80054e-21
2.71462e-21
2.63082e-21
2.54911e-21
2.46947e-21
2.39186e-21
2.31626e-21
2.24263e-21
2.17094e-21
2.10115e-21
2.03324e-21
1.96717e-21
1.90291e-21
1.84041e-21
1.77965e-21
1.7206e-21
1.66322e-21
1.60748e-21
1.55334e-21
1.50076e-21
1.44973e-21
1.4002e-21
1.35214e-21
1.30551e-21
1.26029e-21
1.21643e-21
1.17392e-21
1.13272e-21
1.09279e-21
1.0541e-21
1.01662e-21
9.80333e-22
9.45197e-22
9.11185e-22
8.78266e-22
8.46412e-22
8.15595e-22
7.85787e-22
7.56962e-22
7.29093e-22
7.02152e-22
6.76112e-22
6.50949e-22
6.26638e-22
6.03155e-22
5.80477e-22
5.58577e-22
5.37433e-22
5.17022e-22
4.97324e-22
4.78317e-22
4.5998e-22
4.42291e-22
4.25229e-22
4.08777e-22
3.92913e-22
3.77622e-22
3.62883e-22
3.4868e-22
3.34995e-22
3.21809e-22
3.09108e-22
2.96876e-22
2.85097e-22
2.73756e-22
2.62838e-22
2.52329e-22
2.42215e-22
2.32481e-22
2.23117e-22
2.14107e-22
2.05442e-22
1.97108e-22
1.89094e-22
1.81388e-22
1.7398e-22
1.66858e-22
1.60013e-22
1.53435e-22
1.47114e-22
1.41042e-22
1.35208e-22
1.29604e-22
1.24222e-22
1.19052e-22
1.14089e-22
1.09323e-22
1.04748e-22
1.00356e-22
9.6141e-23
9.20956e-23
8.82133e-23
8.44881e-23
8.0914e-23
7.74852e-23
7.41962e-23
7.10418e-23
6.80166e-23
6.51158e-23
6.23342e-23
5.96671e-23
5.71101e-23
5.46589e-23
5.23094e-23
5.00576e-23
4.78996e-23
4.58318e-23
4.38506e-23
4.19524e-23
4.01339e-23
3.83918e-23
3.6723e-23
3.51246e-23
3.35938e-23
3.21279e-23
3.07242e-23
2.93802e-23
2.80934e-23
2.68617e-23
2.56824e-23
2.45536e-23
2.34731e-23
2.2439e-23
2.14493e-23
2.05021e-23
1.95959e-23
1.87287e-23
1.78991e-23
1.71055e-23
1.63463e-23
1.562e-23
1.49253e-23
1.42608e-23
1.36252e-23
1.30174e-23
1.24361e-23
1.18803e-23
1.13488e-23
1.08407e-23
1.03549e-23
9.89045e-24
9.4465e-24
9.0221e-24
8.6164e-24
8.2286e-24
7.85795e-24
7.50369e-24
7.16513e-24
6.84159e-24
6.53242e-24
6.237e-24
5.95474e-24
5.68506e-24
5.42742e-24
5.18127e-24
4.9461e-24
4.72143e-24
4.5068e-24
4.30178e-24
4.10595e-24
3.91891e-24
3.74027e-24
3.56965e-24
3.40672e-24
3.25113e-24
3.10256e-24
2.96069e-24
2.82524e-24
2.6959e-24
2.57239e-24
2.45447e-24
2.34189e-24
2.2344e-24
2.13178e-24
2.03382e-24
1.9403e-24
1.85103e-24
1.76583e-24
1.6845e-24
1.60688e-24
1.53281e-24
1.46211e-24
1.39464e-24
1.33025e-24
1.2688e-24
1.21015e-24
1.15418e-24
1.10077e-24
1.04981e-24
1.00118e-24
9.54784e-25
9.10514e-25
8.68276e-25
8.27979e-25
7.89535e-25
7.5286e-25
7.17875e-25
6.84502e-25
6.52667e-25
6.22299e-25
5.93328e-25
5.65693e-25
5.39332e-25
5.14187e-25
4.90204e-25
4.67328e-25
4.4551e-25
4.24702e-25
4.04857e-25
3.85931e-25
3.67882e-25
3.50671e-25
3.34259e-25
3.18609e-25
3.03687e-25
2.89459e-25
2.75891e-25
2.62952e-25
2.50615e-25
2.38852e-25
2.27635e-25
2.16941e-25
2.06745e-25
1.97023e-25
1.87755e-25
1.78919e-25
1.70496e-25
1.62466e-25
1.54811e-25
1.47514e-25
1.40559e-25
1.33929e-25
1.27609e-25
1.21586e-25
1.15845e-25
1.10373e-25
1.05157e-25
1.00186e-25
9.54472e-26
9.09307e-26
8.66261e-26
8.25236e-26
7.86137e-26
7.48875e-26
7.13364e-26
6.79525e-26
6.47277e-26
6.16548e-26
5.87267e-26
5.59367e-26
5.32782e-26
5.07452e-26
4.83319e-26
4.60325e-26
4.38419e-26
4.17549e-26
3.97667e-26
3.78724e-26
3.60677e-26
3.43482e-26
3.27101e-26
3.11495e-26
2.96629e-26
2.82466e-26
2.68976e-26
2.56125e-26
2.43884e-26
2.32225e-26
2.2112e-26
2.10543e-26
2.00469e-26
1.90875e-26
1.81738e-26
1.73037e-26
1.64752e-26
1.56862e-26
1.49349e-26
1.42195e-26
1.35384e-26
1.289e-26
1.22725e-26
1.16846e-26
1.11249e-26
1.0592e-26
1.00847e-26
9.60171e-27
9.142e-27
8.70443e-27
8.28795e-27
7.89158e-27
7.51436e-27
7.15541e-27
6.81386e-27
6.4889e-27
6.17975e-27
5.88567e-27
5.60595e-27
5.33993e-27
5.08696e-27
4.84644e-27
4.61778e-27
4.40044e-27
4.19389e-27
3.99763e-27
3.81119e-27
3.63412e-27
3.46598e-27
3.30635e-27
3.15484e-27
3.01108e-27
2.87472e-27
2.74543e-27
2.6229e-27
2.50683e-27
2.39693e-27
2.29295e-27
2.19461e-27
2.10169e-27
2.01396e-27
1.9312e-27
1.85322e-27
1.7798e-27
1.71079e-27
1.64601e-27
1.58529e-27
1.52849e-27
1.47547e-27
1.42609e-27
1.38024e-27
1.33781e-27
1.29867e-27
1.26274e-27
1.22993e-27
1.20015e-27
1.17334e-27
1.1494e-27
1.12833e-27
1.11014e-27
1.09481e-27
1.08229e-27
1.07259e-27
1.06567e-27
1.06151e-27
1.06007e-27
1.06133e-27
1.06528e-27
1.07191e-27
1.08122e-27
1.09322e-27
1.10793e-27
1.12534e-27
