2
2e+18
1e+19
49.9998
1.99999
8387.66
3.04154e-19
3.04141e-19
3.04045e-19
3.03892e-19
3.03678e-19
3.03405e-19
3.03071e-19
3.02677e-19
3.02223e-19
3.0171e-19
3.01138e-19
3.00506e-19
2.99816e-19
2.99068e-19
2.98261e-19
2.97398e-19
2.96478e-19
2.95502e-19
2.9447e-19
2.93383e-19
2.92241e-19
2.91046e-19
2.89798e-19
2.88497e-19
2.87145e-19
2.85742e-19
2.84289e-19
2.82787e-19
2.81236e-19
2.79639e-19
2.77994e-19
2.76305e-19
2.7457e-19
2.72792e-19
2.70971e-19
2.69109e-19
2.67206e-19
2.65263e-19
2.63282e-19
2.61264e-19
2.59209e-19
2.57118e-19
2.54994e-19
2.52837e-19
2.50648e-19
2.48428e-19
2.46179e-19
2.43901e-19
2.41596e-19
2.39265e-19
2.36909e-19
2.34529e-19
2.32127e-19
2.29703e-19
2.2726e-19
2.24797e-19
2.22317e-19
2.1982e-19
2.17308e-19
2.14781e-19
2.12242e-19
2.0969e-19
2.07128e-19
2.04556e-19
2.01976e-19
1.99389e-19
1.96795e-19
1.94196e-19
1.91593e-19
1.88987e-19
1.8638e-19
1.83772e-19
1.81164e-19
1.78557e-19
1.75952e-19
1.73351e-19
1.70755e-19
1.68163e-19
1.65578e-19
1.63e-19
1.6043e-19
1.57869e-19
1.55318e-19
1.52777e-19
1.50248e-19
1.47731e-19
1.45228e-19
1.42738e-19
1.40263e-19
1.37803e-19
1.3536e-19
1.32933e-19
1.30523e-19
1.28132e-19
1.25759e-19
1.23406e-19
1.21072e-19
1.18759e-19
1.16467e-19
1.14196e-19
1.11947e-19
1.0972e-19
1.07516e-19
1.05336e-19
1.03179e-19
1.01046e-19
9.89369e-20
9.68528e-20
9.47936e-20
9.27597e-20
9.07513e-20
8.87686e-20
8.68118e-20
8.48812e-20
8.2977e-20
8.10993e-20
7.92482e-20
7.74239e-20
7.56265e-20
7.3856e-20
7.21126e-20
7.03962e-20
6.8707e-20
6.70448e-20
6.54099e-20
6.3802e-20
6.22212e-20
6.06675e-20
5.91407e-20
5.76408e-20
5.61677e-20
5.47214e-20
5.33016e-20
5.19083e-20
5.05413e-20
4.92004e-20
4.78856e-20
4.65966e-20
4.53332e-20
4.40952e-20
4.28825e-20
4.16948e-20
4.05319e-20
3.93935e-20
3.82795e-20
3.71895e-20
3.61234e-20
3.50807e-20
3.40614e-20
3.30651e-20
3.20915e-20
3.11403e-20
3.02113e-20
2.93042e-20
2.84186e-20
2.75542e-20
2.67108e-20
2.58881e-20
2.50856e-20
2.43032e-20
2.35405e-20
2.27971e-20
2.20729e-20
2.13673e-20
2.06802e-20
2.00111e-20
1.93598e-20
1.8726e-20
1.81093e-20
1.75094e-20
1.6926e-20
1.63588e-20
1.58074e-20
1.52716e-20
1.47509e-20
1.42452e-20
1.3754e-20
1.32771e-20
1.28142e-20
1.2365e-20
1.19291e-20
1.15062e-20
1.10962e-20
1.06986e-20
1.03132e-20
9.93969e-21
9.57779e-21
9.22722e-21
8.8877e-21
8.55896e-21
8.24072e-21
7.93273e-21
7.63472e-21
7.34644e-21
7.06762e-21
6.79802e-21
6.5374e-21
6.28551e-21
6.04211e-21
5.80697e-21
5.57987e-21
5.36057e-21
5.14885e-21
4.94451e-21
4.74732e-21
4.55708e-21
4.37359e-21
4.19664e-21
4.02604e-21
3.8616e-21
3.70314e-21
3.55046e-21
3.40339e-21
3.26176e-21
3.12539e-21
2.99412e-21
2.86779e-21
2.74623e-21
2.6293e-21
2.51683e-21
2.40869e-21
2.30474e-21
2.20482e-21
2.10881e-21
2.01657e-21
1.92797e-21
1.8429e-21
1.76122e-21
1.68282e-21
1.60758e-21
1.5354e-21
1.46616e-21
1.39975e-21
1.33608e-21
1.27505e-21
1.21656e-21
1.16051e-21
1.10682e-21
1.05539e-21
1.00615e-21
9.59007e-22
9.13885e-22
8.70707e-22
8.29397e-22
7.89883e-22
7.52096e-22
7.15968e-22
6.81434e-22
6.48431e-22
6.16897e-22
5.86775e-22
5.58006e-22
5.30537e-22
5.04314e-22
4.79286e-22
4.55405e-22
4.32621e-22
4.10891e-22
3.90169e-22
3.70413e-22
3.51582e-22
3.33637e-22
3.16541e-22
3.00255e-22
2.84746e-22
2.6998e-22
2.55924e-22
2.42547e-22
2.29819e-22
2.17711e-22
2.06197e-22
1.95249e-22
1.84841e-22
1.7495e-22
1.65551e-22
1.56623e-22
1.48144e-22
1.40092e-22
1.32449e-22
1.25195e-22
1.18311e-22
1.11781e-22
1.05587e-22
9.97143e-23
9.41467e-23
8.887e-23
8.387e-23
7.91335e-23
7.46475e-23
7.04e-23
6.6379e-23
6.25736e-23
5.8973e-23
5.55669e-23
5.23457e-23
4.93001e-23
4.64211e-23
4.37003e-23
4.11296e-23
3.87014e-23
3.64082e-23
3.42431e-23
3.21994e-23
3.02708e-23
2.84512e-23
2.67349e-23
2.51164e-23
2.35905e-23
2.21522e-23
2.07969e-23
1.952e-23
1.83173e-23
1.71848e-23
1.61186e-23
1.51151e-23
1.41708e-23
1.32825e-23
1.2447e-23
1.16613e-23
1.09228e-23
1.02286e-23
9.5764e-24
8.96369e-24
8.38826e-24
7.84796e-24
7.34076e-24
6.86476e-24
6.41815e-24
5.99921e-24
5.60631e-24
5.23794e-24
4.89264e-24
4.56905e-24
4.26587e-24
3.98189e-24
3.71595e-24
3.46697e-24
3.23393e-24
3.01585e-24
2.81182e-24
2.621e-24
2.44255e-24
2.27573e-24
2.11981e-24
1.97411e-24
1.838e-24
1.71088e-24
1.59218e-24
1.48138e-24
1.37796e-24
1.28147e-24
1.19146e-24
1.10751e-24
1.02924e-24
9.56281e-25
8.88287e-25
8.24937e-25
7.65927e-25
7.10974e-25
6.59811e-25
6.12188e-25
5.67872e-25
5.26641e-25
4.88292e-25
4.52631e-25
4.19477e-25
3.88663e-25
3.60029e-25
3.33428e-25
3.08721e-25
2.8578e-25
2.64483e-25
2.44717e-25
2.26377e-25
2.09363e-25
1.93583e-25
1.78953e-25
1.6539e-25
1.52821e-25
1.41175e-25
1.30387e-25
1.20396e-25
1.11146e-25
1.02583e-25
9.46588e-26
8.73272e-26
8.05455e-26
7.42739e-26
6.84755e-26
6.31158e-26
5.81628e-26
5.35868e-26
4.936e-26
4.54567e-26
4.1853e-26
3.85267e-26
3.54572e-26
3.26252e-26
3.00131e-26
2.76044e-26
2.53836e-26
2.33367e-26
2.14505e-26
1.97127e-26
1.81121e-26
1.66381e-26
1.52811e-26
1.40321e-26
1.28828e-26
1.18254e-26
1.08528e-26
9.9585e-27
9.13632e-27
8.38064e-27
7.68625e-27
7.04833e-27
6.46243e-27
5.92443e-27
5.43054e-27
4.97727e-27
4.56137e-27
4.17987e-27
3.83002e-27
3.50929e-27
3.21536e-27
2.94607e-27
2.69944e-27
2.47362e-27
2.26694e-27
2.07783e-27
1.90488e-27
1.74678e-27
1.60232e-27
1.4704e-27
1.34997e-27
1.24009e-27
1.13991e-27
1.04861e-27
9.65509e-28
8.89923e-28
8.21249e-28
7.58921e-28
7.0242e-28
6.5127e-28
6.05033e-28
5.63311e-28
5.25738e-28
4.91978e-28
4.61726e-28
4.34703e-28
4.10652e-28
3.89342e-28
3.70558e-28
3.54107e-28
3.39813e-28
3.27514e-28
3.17066e-28
3.08335e-28
3.01201e-28
2.95555e-28
2.91299e-28
2.88344e-28
2.8661e-28
2.86025e-28
2.86526e-28
2.88054e-28
2.90558e-28
2.93993e-28
2.9832e-28
3.03503e-28
3.09513e-28
3.16322e-28
3.2391e-28
3.32257e-28
3.41349e-28
3.51174e-28
3.61723e-28
3.72989e-28
3.8497e-28
3.97663e-28
4.11069e-28
4.25192e-28
4.40037e-28
4.5561e-28
4.7192e-28
4.88978e-28
5.06795e-28
5.25385e-28
5.44764e-28
5.64947e-28
5.85952e-28
6.07799e-28
6.30507e-28
6.541e-28
6.78599e-28
7.04029e-28
7.30415e-28
7.57784e-28
7.86164e-28
8.15583e-28
8.46073e-28
