20
2e+18
1e+18
49.9998
20.0014
26524.1
1.07052e-20
1.07018e-20
1.06901e-20
1.06758e-20
1.06593e-20
1.06406e-20
1.06197e-20
1.05967e-20
1.05715e-20
1.05443e-20
1.0515e-20
1.04836e-20
1.04501e-20
1.04146e-20
1.03771e-20
1.03376e-20
1.02962e-20
1.02527e-20
1.02074e-20
1.01602e-20
1.01111e-20
1.00602e-20
1.00075e-20
9.953e-21
9.89677e-21
9.83883e-21
9.77922e-21
9.71798e-21
9.65513e-21
9.59072e-21
9.52479e-21
9.45736e-21
9.38849e-21
9.3182e-21
9.24654e-21
9.17355e-21
9.09927e-21
9.02373e-21
8.94699e-21
8.86908e-21
8.79004e-21
8.70991e-21
8.62875e-21
8.54659e-21
8.46347e-21
8.37945e-21
8.29456e-21
8.20884e-21
8.12234e-21
8.0351e-21
7.94717e-21
7.85859e-21
7.7694e-21
7.67965e-21
7.58938e-21
7.49863e-21
7.40745e-21
7.31587e-21
7.22395e-21
7.13171e-21
7.03921e-21
6.94649e-21
6.85358e-21
6.76053e-21
6.66737e-21
6.57414e-21
6.48089e-21
6.38764e-21
6.29445e-21
6.20134e-21
6.10835e-21
6.01551e-21
5.92287e-21
5.83046e-21
5.7383e-21
5.64643e-21
5.55488e-21
5.4637e-21
5.37289e-21
5.28251e-21
5.19257e-21
5.1031e-21
5.01415e-21
4.92572e-21
4.83785e-21
4.75056e-21
4.66389e-21
4.57785e-21
4.49247e-21
4.40778e-21
4.3238e-21
4.24054e-21
4.15804e-21
4.07631e-21
3.99538e-21
3.91527e-21
3.83598e-21
3.75755e-21
3.67998e-21
3.60329e-21
3.52749e-21
3.4526e-21
3.37863e-21
3.30559e-21
3.23349e-21
3.16234e-21
3.09214e-21
3.02291e-21
2.95466e-21
2.88739e-21
2.82109e-21
2.75579e-21
2.69148e-21
2.62816e-21
2.56584e-21
2.50452e-21
2.4442e-21
2.38487e-21
2.32655e-21
2.26922e-21
2.21289e-21
2.15755e-21
2.1032e-21
2.04984e-21
1.99746e-21
1.94606e-21
1.89563e-21
1.84616e-21
1.79766e-21
1.75011e-21
1.70351e-21
1.65785e-21
1.61313e-21
1.56932e-21
1.52644e-21
1.48445e-21
1.44337e-21
1.40318e-21
1.36386e-21
1.32541e-21
1.28783e-21
1.25108e-21
1.21518e-21
1.1801e-21
1.14584e-21
1.11239e-21
1.07972e-21
1.04784e-21
1.01673e-21
9.86378e-22
9.56771e-22
9.27898e-22
8.99749e-22
8.7231e-22
8.4557e-22
8.19515e-22
7.94135e-22
7.69417e-22
7.45349e-22
7.21919e-22
6.99116e-22
6.76926e-22
6.55337e-22
6.34338e-22
6.13917e-22
5.94062e-22
5.74761e-22
5.56003e-22
5.37777e-22
5.2007e-22
5.02872e-22
4.86169e-22
4.69953e-22
4.54211e-22
4.38933e-22
4.24108e-22
4.09725e-22
3.95774e-22
3.82244e-22
3.69126e-22
3.56407e-22
3.4408e-22
3.32133e-22
3.20558e-22
3.09345e-22
2.98484e-22
2.87966e-22
2.77783e-22
2.67924e-22
2.58382e-22
2.49148e-22
2.40213e-22
2.31569e-22
2.23209e-22
2.15123e-22
2.07305e-22
1.99747e-22
1.92442e-22
1.85382e-22
1.78559e-22
1.71967e-22
1.656e-22
1.59449e-22
1.5351e-22
1.47775e-22
1.42239e-22
1.36894e-22
1.31737e-22
1.2676e-22
1.21958e-22
1.17325e-22
1.12857e-22
1.08547e-22
1.04392e-22
1.00385e-22
9.65219e-23
9.27985e-23
8.921e-23
8.57519e-23
8.24201e-23
7.92102e-23
7.61182e-23
7.31403e-23
7.02725e-23
6.75112e-23
6.48525e-23
6.2293e-23
5.98293e-23
5.74581e-23
5.51761e-23
5.29804e-23
5.08678e-23
4.88356e-23
4.68807e-23
4.50006e-23
4.31925e-23
4.1454e-23
3.97824e-23
3.81755e-23
3.66308e-23
3.5146e-23
3.3719e-23
3.23476e-23
3.10298e-23
2.97637e-23
2.85473e-23
2.73788e-23
2.62564e-23
2.51784e-23
2.41431e-23
2.3149e-23
2.21945e-23
2.12781e-23
2.03983e-23
1.95538e-23
1.87432e-23
1.79653e-23
1.72187e-23
1.65022e-23
1.58146e-23
1.5155e-23
1.4522e-23
1.39148e-23
1.33324e-23
1.27736e-23
1.22378e-23
1.17238e-23
1.1231e-23
1.07583e-23
1.03052e-23
9.87067e-24
9.4541e-24
9.05475e-24
8.67193e-24
8.30498e-24
7.95327e-24
7.61616e-24
7.29306e-24
6.98341e-24
6.68667e-24
6.40231e-24
6.12983e-24
5.86875e-24
5.61862e-24
5.37897e-24
5.14938e-24
4.92945e-24
4.71878e-24
4.51698e-24
4.32369e-24
4.13857e-24
3.96128e-24
3.79148e-24
3.62888e-24
3.47318e-24
3.32408e-24
3.18132e-24
3.04463e-24
2.91375e-24
2.78843e-24
2.66845e-24
2.55357e-24
2.4436e-24
2.33831e-24
2.23752e-24
2.14104e-24
2.04869e-24
1.96028e-24
1.87566e-24
1.79467e-24
1.71715e-24
1.64296e-24
1.57195e-24
1.50399e-24
1.43895e-24
1.37672e-24
1.31716e-24
1.26016e-24
1.20562e-24
1.15343e-24
1.1035e-24
1.05572e-24
1.01e-24
9.66252e-25
9.24395e-25
8.84344e-25
8.46022e-25
8.09355e-25
7.74272e-25
7.40705e-25
7.0859e-25
6.77863e-25
6.48466e-25
6.20341e-25
5.93434e-25
5.67693e-25
5.43066e-25
5.19507e-25
4.96968e-25
4.75407e-25
4.54781e-25
4.3505e-25
4.16175e-25
3.98119e-25
3.80847e-25
3.64325e-25
3.4852e-25
3.33402e-25
3.18941e-25
3.05108e-25
2.91876e-25
2.79219e-25
2.67113e-25
2.55533e-25
2.44456e-25
2.3386e-25
2.23724e-25
2.14027e-25
2.04752e-25
1.9588e-25
1.87393e-25
1.79275e-25
1.71509e-25
1.64081e-25
1.56975e-25
1.50179e-25
1.43677e-25
1.37459e-25
1.3151e-25
1.2582e-25
1.20378e-25
1.15172e-25
1.10192e-25
1.05429e-25
1.00873e-25
9.65151e-26
9.23468e-26
8.83599e-26
8.45463e-26
8.08987e-26
7.74097e-26
7.40726e-26
7.08807e-26
6.78278e-26
6.49077e-26
6.21148e-26
5.94435e-26
5.68885e-26
5.44448e-26
5.21075e-26
4.98719e-26
4.77335e-26
4.56882e-26
4.37318e-26
4.18606e-26
4.00708e-26
3.83589e-26
3.67216e-26
3.51557e-26
3.3658e-26
3.22256e-26
3.08557e-26
2.95456e-26
2.82927e-26
2.70945e-26
2.59487e-26
2.4853e-26
2.38053e-26
2.28035e-26
2.18456e-26
2.09297e-26
2.00541e-26
1.9217e-26
1.84167e-26
1.76517e-26
1.69204e-26
1.62215e-26
1.55535e-26
1.49151e-26
1.43051e-26
1.37222e-26
1.31654e-26
1.26334e-26
1.21253e-26
1.164e-26
1.11765e-26
1.0734e-26
1.03116e-26
9.90846e-27
9.52371e-27
9.15663e-27
8.80647e-27
8.47255e-27
8.15418e-27
7.85074e-27
7.56158e-27
7.28611e-27
7.02379e-27
6.77409e-27
6.5365e-27
6.31055e-27
6.09576e-27
5.89172e-27
5.69799e-27
5.51419e-27
5.33993e-27
5.17485e-27
5.01861e-27
4.87088e-27
4.73136e-27
4.59974e-27
4.47575e-27
4.35912e-27
4.2496e-27
4.14694e-27
4.05092e-27
3.96133e-27
3.87796e-27
3.80061e-27
3.72911e-27
3.66329e-27
3.60298e-27
3.54803e-27
3.4983e-27
3.45365e-27
3.41397e-27
3.37914e-27
3.34904e-27
3.32359e-27
3.30268e-27
3.28623e-27
3.27416e-27
3.26641e-27
3.26291e-27
3.26361e-27
3.26844e-27
3.27738e-27
3.29038e-27
3.30741e-27
3.32844e-27
3.35346e-27
3.38245e-27
3.4154e-27
3.45231e-27
3.49318e-27
3.53803e-27
3.58685e-27
3.63968e-27
3.69654e-27
3.75745e-27
3.82242e-27
3.8915e-27
3.96473e-27
4.04217e-27
4.12404e-27
4.21046e-27
4.30155e-27
4.39737e-27
4.49796e-27
4.60338e-27
4.71369e-27
