20
2e+18
5e+17
49.9997
20.0005
26524.1
1.02343e-20
1.02323e-20
1.02247e-20
1.02149e-20
1.0203e-20
1.0189e-20
1.0173e-20
1.01549e-20
1.01348e-20
1.01126e-20
1.00885e-20
1.00624e-20
1.00343e-20
1.00042e-20
9.97221e-21
9.93827e-21
9.90243e-21
9.86471e-21
9.82513e-21
9.78372e-21
9.74049e-21
9.69548e-21
9.6487e-21
9.6002e-21
9.54999e-21
9.49811e-21
9.44458e-21
9.38945e-21
9.33273e-21
9.27447e-21
9.2147e-21
9.15344e-21
9.09074e-21
9.02664e-21
8.96116e-21
8.89434e-21
8.82623e-21
8.75686e-21
8.68626e-21
8.61448e-21
8.54155e-21
8.46751e-21
8.39241e-21
8.31628e-21
8.23917e-21
8.16111e-21
8.08214e-21
8.00231e-21
7.92166e-21
7.84022e-21
7.75805e-21
7.67517e-21
7.59163e-21
7.50747e-21
7.42274e-21
7.33747e-21
7.25171e-21
7.16548e-21
7.07885e-21
6.99184e-21
6.90449e-21
6.81685e-21
6.72896e-21
6.64084e-21
6.55255e-21
6.46411e-21
6.37558e-21
6.28697e-21
6.19833e-21
6.1097e-21
6.02112e-21
5.9326e-21
5.8442e-21
5.75594e-21
5.66786e-21
5.57999e-21
5.49237e-21
5.40501e-21
5.31796e-21
5.23124e-21
5.14489e-21
5.05893e-21
4.9734e-21
4.88831e-21
4.80369e-21
4.71958e-21
4.636e-21
4.55296e-21
4.47051e-21
4.38865e-21
4.30742e-21
4.22683e-21
4.14691e-21
4.06768e-21
3.98916e-21
3.91137e-21
3.83432e-21
3.75803e-21
3.68252e-21
3.60781e-21
3.53391e-21
3.46082e-21
3.38858e-21
3.31718e-21
3.24664e-21
3.17697e-21
3.10818e-21
3.04027e-21
2.97326e-21
2.90716e-21
2.84197e-21
2.77769e-21
2.71433e-21
2.6519e-21
2.59039e-21
2.52982e-21
2.47019e-21
2.41149e-21
2.35372e-21
2.2969e-21
2.24101e-21
2.18606e-21
2.13205e-21
2.07897e-21
2.02682e-21
1.9756e-21
1.92531e-21
1.87594e-21
1.82749e-21
1.77994e-21
1.73331e-21
1.68758e-21
1.64274e-21
1.5988e-21
1.55574e-21
1.51355e-21
1.47223e-21
1.43177e-21
1.39216e-21
1.3534e-21
1.31547e-21
1.27837e-21
1.24208e-21
1.20661e-21
1.17193e-21
1.13804e-21
1.10492e-21
1.07258e-21
1.04099e-21
1.01015e-21
9.80047e-22
9.50669e-22
9.22007e-22
8.94048e-22
8.66783e-22
8.40198e-22
8.14285e-22
7.89031e-22
7.64426e-22
7.40458e-22
7.17116e-22
6.94388e-22
6.72263e-22
6.5073e-22
6.29778e-22
6.09395e-22
5.89571e-22
5.70295e-22
5.51554e-22
5.3334e-22
5.15639e-22
4.98442e-22
4.81737e-22
4.65514e-22
4.49763e-22
4.34473e-22
4.19633e-22
4.05234e-22
3.91265e-22
3.77715e-22
3.64576e-22
3.51837e-22
3.39488e-22
3.2752e-22
3.15924e-22
3.0469e-22
2.93809e-22
2.83272e-22
2.7307e-22
2.63195e-22
2.53637e-22
2.44389e-22
2.35442e-22
2.26787e-22
2.18418e-22
2.10326e-22
2.02503e-22
1.94942e-22
1.87636e-22
1.80577e-22
1.73757e-22
1.67171e-22
1.60811e-22
1.54671e-22
1.48743e-22
1.43023e-22
1.37503e-22
1.32177e-22
1.2704e-22
1.22086e-22
1.17308e-22
1.12702e-22
1.08263e-22
1.03983e-22
9.98598e-23
9.5887e-23
9.20599e-23
8.83739e-23
8.48243e-23
8.14068e-23
7.81168e-23
7.49502e-23
7.19028e-23
6.89707e-23
6.61498e-23
6.34364e-23
6.08267e-23
5.83172e-23
5.59044e-23
5.35849e-23
5.13555e-23
4.9213e-23
4.71543e-23
4.51764e-23
4.32765e-23
4.14517e-23
3.96993e-23
3.80168e-23
3.64014e-23
3.48509e-23
3.33627e-23
3.19345e-23
3.05642e-23
2.92494e-23
2.79883e-23
2.67787e-23
2.56186e-23
2.45063e-23
2.34399e-23
2.24176e-23
2.14377e-23
2.04986e-23
1.95987e-23
1.87365e-23
1.79105e-23
1.71193e-23
1.63615e-23
1.56358e-23
1.49408e-23
1.42754e-23
1.36384e-23
1.30286e-23
1.2445e-23
1.18864e-23
1.1352e-23
1.08406e-23
1.03514e-23
9.88336e-24
9.43573e-24
9.00763e-24
8.59825e-24
8.2068e-24
7.83256e-24
7.47479e-24
7.13281e-24
6.80595e-24
6.49356e-24
6.19504e-24
5.90979e-24
5.63725e-24
5.37688e-24
5.12816e-24
4.89059e-24
4.6637e-24
4.44701e-24
4.2401e-24
4.04254e-24
3.85392e-24
3.67385e-24
3.50197e-24
3.33791e-24
3.18133e-24
3.0319e-24
2.88931e-24
2.75325e-24
2.62344e-24
2.49961e-24
2.38147e-24
2.26878e-24
2.1613e-24
2.05878e-24
1.96101e-24
1.86778e-24
1.77887e-24
1.69411e-24
1.61329e-24
1.53624e-24
1.4628e-24
1.39279e-24
1.32606e-24
1.26246e-24
1.20185e-24
1.14409e-24
1.08905e-24
1.0366e-24
9.86638e-25
9.39035e-25
8.93685e-25
8.50485e-25
8.09335e-25
7.70141e-25
7.32811e-25
6.9726e-25
6.63403e-25
6.31161e-25
6.00459e-25
5.71224e-25
5.43388e-25
5.16885e-25
4.91653e-25
4.67632e-25
4.44765e-25
4.22998e-25
4.02279e-25
3.82559e-25
3.6379e-25
3.45927e-25
3.28928e-25
3.12751e-25
2.97358e-25
2.82711e-25
2.68774e-25
2.55514e-25
2.42899e-25
2.30897e-25
2.1948e-25
2.08619e-25
1.98288e-25
1.88461e-25
1.79115e-25
1.70225e-25
1.61771e-25
1.5373e-25
1.46084e-25
1.38813e-25
1.31898e-25
1.25323e-25
1.19071e-25
1.13126e-25
1.07474e-25
1.021e-25
9.69914e-26
9.21345e-26
8.75174e-26
8.31284e-26
7.89565e-26
7.4991e-26
7.12219e-26
6.76395e-26
6.42349e-26
6.09992e-26
5.79243e-26
5.50023e-26
5.22256e-26
4.95872e-26
4.70803e-26
4.46984e-26
4.24354e-26
4.02854e-26
3.82429e-26
3.63026e-26
3.44594e-26
3.27086e-26
3.10456e-26
2.94661e-26
2.79659e-26
2.65412e-26
2.51881e-26
2.39032e-26
2.26831e-26
2.15244e-26
2.04242e-26
1.93796e-26
1.83877e-26
1.7446e-26
1.6552e-26
1.57033e-26
1.48976e-26
1.41329e-26
1.3407e-26
1.2718e-26
1.20642e-26
1.14437e-26
1.08548e-26
1.0296e-26
9.76588e-27
9.26287e-27
8.78565e-27
8.33294e-27
7.90351e-27
7.49619e-27
7.10987e-27
6.74349e-27
6.39607e-27
6.06664e-27
5.7543e-27
5.4582e-27
5.17751e-27
4.91146e-27
4.65932e-27
4.42039e-27
4.194e-27
3.97952e-27
3.77635e-27
3.58393e-27
3.40171e-27
3.22918e-27
3.06586e-27
2.91128e-27
2.765e-27
2.62661e-27
2.49571e-27
2.37193e-27
2.25491e-27
2.14432e-27
2.03982e-27
1.94113e-27
1.84794e-27
1.75998e-27
1.67701e-27
1.59877e-27
1.52503e-27
1.45557e-27
1.39019e-27
1.32869e-27
1.27088e-27
1.21659e-27
1.16564e-27
1.11789e-27
1.07318e-27
1.03137e-27
9.92337e-28
9.55944e-28
9.22077e-28
8.90625e-28
8.61483e-28
8.34552e-28
8.09739e-28
7.86957e-28
7.66124e-28
7.47164e-28
7.30005e-28
7.1458e-28
7.00826e-28
6.88684e-28
6.78101e-28
6.69027e-28
6.61414e-28
6.5522e-28
6.50407e-28
6.46936e-28
6.44777e-28
6.43899e-28
6.44275e-28
6.45882e-28
6.48699e-28
6.52707e-28
6.57891e-28
6.64238e-28
6.71736e-28
6.80378e-28
6.90158e-28
7.01072e-28
7.13119e-28
7.26299e-28
7.40615e-28
7.56073e-28
7.72679e-28
7.90443e-28
8.09375e-28
8.29485e-28
8.50786e-28
8.73297e-28
8.97039e-28
9.22067e-28
9.48411e-28
9.76109e-28
1.00519e-27
1.03566e-27
1.06757e-27
1.10093e-27
