5
5e+17
2e+17
49.9997
4.99997
13262.1
7.68911e-20
7.68876e-20
7.68631e-20
7.6824e-20
7.67698e-20
7.67003e-20
7.66157e-20
7.65159e-20
7.6401e-20
7.6271e-20
7.61261e-20
7.59663e-20
7.57917e-20
7.56024e-20
7.53985e-20
7.51801e-20
7.49475e-20
7.47006e-20
7.44397e-20
7.41649e-20
7.38763e-20
7.35742e-20
7.32587e-20
7.293e-20
7.25882e-20
7.22337e-20
7.18665e-20
7.14869e-20
7.10952e-20
7.06914e-20
7.02759e-20
6.98489e-20
6.94107e-20
6.89614e-20
6.85014e-20
6.80308e-20
6.755e-20
6.70592e-20
6.65587e-20
6.60487e-20
6.55295e-20
6.50015e-20
6.44648e-20
6.39198e-20
6.33667e-20
6.28059e-20
6.22376e-20
6.16622e-20
6.10799e-20
6.0491e-20
5.98958e-20
5.92946e-20
5.86878e-20
5.80755e-20
5.74582e-20
5.68361e-20
5.62095e-20
5.55787e-20
5.4944e-20
5.43057e-20
5.36641e-20
5.30196e-20
5.23723e-20
5.17225e-20
5.10707e-20
5.04169e-20
4.97616e-20
4.91051e-20
4.84475e-20
4.77892e-20
4.71304e-20
4.64714e-20
4.58124e-20
4.51538e-20
4.44958e-20
4.38386e-20
4.31825e-20
4.25278e-20
4.18746e-20
4.12232e-20
4.05738e-20
3.99267e-20
3.9282e-20
3.86401e-20
3.8001e-20
3.73651e-20
3.67324e-20
3.61033e-20
3.54778e-20
3.48562e-20
3.42387e-20
3.36254e-20
3.30165e-20
3.24122e-20
3.18125e-20
3.12177e-20
3.06279e-20
3.00433e-20
2.94639e-20
2.88899e-20
2.83215e-20
2.77587e-20
2.72016e-20
2.66504e-20
2.61052e-20
2.5566e-20
2.50329e-20
2.45061e-20
2.39855e-20
2.34713e-20
2.29636e-20
2.24623e-20
2.19676e-20
2.14795e-20
2.09981e-20
2.05233e-20
2.00552e-20
1.9594e-20
1.91395e-20
1.86918e-20
1.82509e-20
1.78169e-20
1.73897e-20
1.69693e-20
1.65558e-20
1.61492e-20
1.57494e-20
1.53564e-20
1.49702e-20
1.45909e-20
1.42183e-20
1.38524e-20
1.34932e-20
1.31408e-20
1.27949e-20
1.24557e-20
1.21231e-20
1.17969e-20
1.14773e-20
1.1164e-20
1.08572e-20
1.05567e-20
1.02624e-20
9.9743e-21
9.69237e-21
9.41652e-21
9.14668e-21
8.8828e-21
8.62479e-21
8.3726e-21
8.12615e-21
7.88537e-21
7.65019e-21
7.42053e-21
7.19632e-21
6.97748e-21
6.76394e-21
6.55561e-21
6.35241e-21
6.15428e-21
5.96113e-21
5.77287e-21
5.58943e-21
5.41073e-21
5.23669e-21
5.06722e-21
4.90225e-21
4.74169e-21
4.58547e-21
4.43349e-21
4.28569e-21
4.14197e-21
4.00226e-21
3.86649e-21
3.73456e-21
3.60641e-21
3.48195e-21
3.3611e-21
3.24379e-21
3.12994e-21
3.01948e-21
2.91232e-21
2.8084e-21
2.70763e-21
2.60995e-21
2.51529e-21
2.42357e-21
2.33472e-21
2.24867e-21
2.16536e-21
2.0847e-21
2.00665e-21
1.93113e-21
1.85807e-21
1.78742e-21
1.7191e-21
1.65306e-21
1.58923e-21
1.52756e-21
1.46799e-21
1.41045e-21
1.35489e-21
1.30126e-21
1.2495e-21
1.19955e-21
1.15137e-21
1.1049e-21
1.06008e-21
1.01688e-21
9.75248e-22
9.35126e-22
8.96474e-22
8.59245e-22
8.23395e-22
7.88881e-22
7.55661e-22
7.23693e-22
6.92937e-22
6.63353e-22
6.34904e-22
6.07552e-22
5.81261e-22
5.55995e-22
5.31719e-22
5.084e-22
4.86005e-22
4.64503e-22
4.43863e-22
4.24053e-22
4.05046e-22
3.86812e-22
3.69324e-22
3.52556e-22
3.36481e-22
3.21074e-22
3.0631e-22
2.92166e-22
2.78619e-22
2.65646e-22
2.53226e-22
2.41338e-22
2.29962e-22
2.19077e-22
2.08666e-22
1.98709e-22
1.89189e-22
1.80089e-22
1.71392e-22
1.63082e-22
1.55143e-22
1.47562e-22
1.40322e-22
1.33411e-22
1.26814e-22
1.2052e-22
1.14514e-22
1.08786e-22
1.03324e-22
9.81163e-23
9.31523e-23
8.84217e-23
8.39143e-23
7.96208e-23
7.55317e-23
7.16382e-23
6.79318e-23
6.44042e-23
6.10475e-23
5.78542e-23
5.48169e-23
5.19286e-23
4.91827e-23
4.65726e-23
4.40922e-23
4.17355e-23
3.94969e-23
3.73709e-23
3.53523e-23
3.3436e-23
3.16173e-23
2.98915e-23
2.82543e-23
2.67014e-23
2.52288e-23
2.38327e-23
2.25094e-23
2.12553e-23
2.00671e-23
1.89416e-23
1.78756e-23
1.68662e-23
1.59107e-23
1.50064e-23
1.41506e-23
1.3341e-23
1.25752e-23
1.1851e-23
1.11663e-23
1.05191e-23
9.90745e-24
9.32952e-24
8.78355e-24
8.26791e-24
7.78099e-24
7.32131e-24
6.88743e-24
6.47798e-24
6.09167e-24
5.72727e-24
5.3836e-24
5.05957e-24
4.7541e-24
4.46619e-24
4.1949e-24
3.93931e-24
3.69857e-24
3.47186e-24
3.2584e-24
3.05747e-24
2.86837e-24
2.69044e-24
2.52305e-24
2.36561e-24
2.21756e-24
2.07837e-24
1.94753e-24
1.82458e-24
1.70905e-24
1.60053e-24
1.4986e-24
1.40289e-24
1.31304e-24
1.2287e-24
1.14955e-24
1.0753e-24
1.00564e-24
9.40315e-25
8.7906e-25
8.21635e-25
7.67812e-25
7.17375e-25
6.70121e-25
6.25858e-25
5.84404e-25
5.4559e-25
5.09255e-25
4.75247e-25
4.43424e-25
4.13651e-25
3.85802e-25
3.59758e-25
3.35407e-25
3.12644e-25
2.91368e-25
2.71488e-25
2.52915e-25
2.35567e-25
2.19366e-25
2.04239e-25
1.90119e-25
1.7694e-25
1.64643e-25
1.53171e-25
1.4247e-25
1.32491e-25
1.23187e-25
1.14515e-25
1.06432e-25
9.89e-26
9.18834e-26
8.5348e-26
7.9262e-26
7.35957e-26
6.83212e-26
6.34123e-26
5.88446e-26
5.45954e-26
5.06431e-26
4.69678e-26
4.35507e-26
4.03743e-26
3.74223e-26
3.46794e-26
3.21313e-26
2.97646e-26
2.75668e-26
2.55264e-26
2.36323e-26
2.18746e-26
2.02436e-26
1.87306e-26
1.73272e-26
1.60259e-26
1.48194e-26
1.37011e-26
1.26647e-26
1.17044e-26
1.08148e-26
9.99084e-27
9.22787e-27
8.5215e-27
7.86767e-27
7.26257e-27
6.70271e-27
6.18479e-27
5.70578e-27
5.26284e-27
4.85333e-27
4.47481e-27
4.12501e-27
3.8018e-27
3.50324e-27
3.22749e-27
2.97286e-27
2.73779e-27
2.52081e-27
2.32057e-27
2.13582e-27
1.96539e-27
1.80821e-27
1.66327e-27
1.52966e-27
1.4065e-27
1.293e-27
1.18843e-27
1.09211e-27
1.00339e-27
9.21707e-28
8.46506e-28
7.77289e-28
7.13594e-28
6.54991e-28
6.01085e-28
5.5151e-28
5.05927e-28
4.64022e-28
4.25508e-28
3.90117e-28
3.57603e-28
3.27738e-28
3.00312e-28
2.75132e-28
2.52019e-28
2.30807e-28
2.11345e-28
1.93493e-28
1.77121e-28
1.6211e-28
1.48351e-28
1.35742e-28
1.2419e-28
1.13611e-28
1.03924e-28
9.50578e-29
8.69454e-29
7.95255e-29
7.27417e-29
6.65423e-29
6.08798e-29
5.57105e-29
5.09944e-29
4.66948e-29
4.2778e-29
3.92132e-29
3.5972e-29
3.30289e-29
3.03601e-29
2.79441e-29
2.57614e-29
2.37939e-29
2.20255e-29
2.04416e-29
1.90291e-29
1.77759e-29
1.66709e-29
1.57047e-29
1.48682e-29
1.4154e-29
1.35551e-29
1.30654e-29
1.26795e-29
1.23929e-29
1.22015e-29
1.21021e-29
1.2092e-29
1.21691e-29
1.23318e-29
1.2579e-29
1.29103e-29
1.33255e-29
1.38251e-29
1.44098e-29
1.50808e-29
1.58398e-29
1.6689e-29
1.76306e-29
1.86676e-29
1.98032e-29
2.1041e-29
2.23849e-29
2.38394e-29
