10
2e+16
5e+18
49.8231
10.0001
18755.4
3.55235e-20
3.54335e-20
3.51722e-20
3.48981e-20
3.46197e-20
3.43394e-20
3.40578e-20
3.37754e-20
3.34922e-20
3.32085e-20
3.29242e-20
3.26395e-20
3.23553e-20
3.20714e-20
3.17877e-20
3.15041e-20
3.12204e-20
3.09366e-20
3.06526e-20
3.03683e-20
3.00839e-20
2.97997e-20
2.95158e-20
2.9232e-20
2.89483e-20
2.86647e-20
2.83815e-20
2.80986e-20
2.78161e-20
2.75338e-20
2.72517e-20
2.69701e-20
2.66889e-20
2.64081e-20
2.61277e-20
2.58479e-20
2.55686e-20
2.52898e-20
2.50115e-20
2.47339e-20
2.44569e-20
2.41805e-20
2.39049e-20
2.363e-20
2.33559e-20
2.30826e-20
2.28102e-20
2.25386e-20
2.22679e-20
2.19981e-20
2.17292e-20
2.14614e-20
2.11945e-20
2.09286e-20
2.06637e-20
2.03999e-20
2.01372e-20
1.98757e-20
1.96153e-20
1.93561e-20
1.90981e-20
1.88414e-20
1.85859e-20
1.83318e-20
1.80789e-20
1.78274e-20
1.75772e-20
1.73284e-20
1.7081e-20
1.6835e-20
1.65905e-20
1.63474e-20
1.61058e-20
1.58657e-20
1.56272e-20
1.53901e-20
1.51547e-20
1.49208e-20
1.46886e-20
1.44579e-20
1.42289e-20
1.40015e-20
1.37757e-20
1.35515e-20
1.33291e-20
1.31083e-20
1.28893e-20
1.2672e-20
1.24564e-20
1.22425e-20
1.20304e-20
1.182e-20
1.16113e-20
1.14045e-20
1.11994e-20
1.0996e-20
1.07944e-20
1.05947e-20
1.03967e-20
1.02005e-20
1.0006e-20
9.81331e-21
9.62243e-21
9.43332e-21
9.24599e-21
9.06047e-21
8.87671e-21
8.69473e-21
8.51449e-21
8.33602e-21
8.15934e-21
7.98445e-21
7.81137e-21
7.64013e-21
7.47071e-21
7.30314e-21
7.13742e-21
6.97356e-21
6.81159e-21
6.65152e-21
6.49338e-21
6.33722e-21
6.18309e-21
6.03102e-21
5.88104e-21
5.73315e-21
5.5874e-21
5.4438e-21
5.3024e-21
5.16328e-21
5.02649e-21
4.89205e-21
4.75998e-21
4.63033e-21
4.50309e-21
4.37829e-21
4.25594e-21
4.13605e-21
4.0186e-21
3.90361e-21
3.79106e-21
3.68096e-21
3.57327e-21
3.46799e-21
3.36511e-21
3.26461e-21
3.16645e-21
3.07062e-21
2.97709e-21
2.88585e-21
2.79686e-21
2.71008e-21
2.62549e-21
2.54307e-21
2.46277e-21
2.38457e-21
2.30842e-21
2.23431e-21
2.1622e-21
2.09204e-21
2.0238e-21
1.95746e-21
1.89296e-21
1.83028e-21
1.76938e-21
1.71022e-21
1.65277e-21
1.597e-21
1.54286e-21
1.49031e-21
1.43933e-21
1.38989e-21
1.34193e-21
1.29543e-21
1.25036e-21
1.20667e-21
1.16434e-21
1.12334e-21
1.08362e-21
1.04515e-21
1.00791e-21
9.71863e-22
9.36976e-22
9.03221e-22
8.70563e-22
8.38974e-22
8.08425e-22
7.78887e-22
7.50334e-22
7.22739e-22
6.96069e-22
6.703e-22
6.45405e-22
6.2136e-22
5.98141e-22
5.75723e-22
5.54079e-22
5.33186e-22
5.13023e-22
4.93566e-22
4.74795e-22
4.56688e-22
4.39223e-22
4.2238e-22
4.06138e-22
3.9048e-22
3.75387e-22
3.60841e-22
3.46824e-22
3.33318e-22
3.20304e-22
3.07769e-22
2.95695e-22
2.84068e-22
2.72873e-22
2.62095e-22
2.51719e-22
2.41731e-22
2.32119e-22
2.22868e-22
2.13967e-22
2.05404e-22
1.97168e-22
1.89246e-22
1.81627e-22
1.743e-22
1.67254e-22
1.6048e-22
1.53969e-22
1.4771e-22
1.41695e-22
1.35915e-22
1.3036e-22
1.25023e-22
1.19895e-22
1.14969e-22
1.10238e-22
1.05694e-22
1.0133e-22
9.71402e-23
9.31169e-23
8.92538e-23
8.55452e-23
8.19851e-23
7.85681e-23
7.52886e-23
7.21415e-23
6.91218e-23
6.62246e-23
6.34448e-23
6.07778e-23
5.82193e-23
5.57651e-23
5.34112e-23
5.11538e-23
4.89891e-23
4.69134e-23
4.49233e-23
4.30154e-23
4.11862e-23
3.94326e-23
3.77516e-23
3.61404e-23
3.45961e-23
3.31162e-23
3.1698e-23
3.03391e-23
2.90371e-23
2.77898e-23
2.65947e-23
2.54498e-23
2.43529e-23
2.33023e-23
2.2296e-23
2.13321e-23
2.04091e-23
1.95251e-23
1.86787e-23
1.78683e-23
1.70924e-23
1.63495e-23
1.56382e-23
1.49572e-23
1.43053e-23
1.36813e-23
1.30839e-23
1.25122e-23
1.1965e-23
1.14414e-23
1.09403e-23
1.04608e-23
1.0002e-23
9.56295e-24
9.14285e-24
8.7409e-24
8.35632e-24
7.98839e-24
7.63641e-24
7.29971e-24
6.97764e-24
6.66957e-24
6.37493e-24
6.09314e-24
5.82365e-24
5.5659e-24
5.31939e-24
5.08363e-24
4.85818e-24
4.64259e-24
4.43644e-24
4.23932e-24
4.05085e-24
3.87066e-24
3.69839e-24
3.53371e-24
3.37628e-24
3.22579e-24
3.08195e-24
2.94444e-24
2.81299e-24
2.68734e-24
2.56724e-24
2.45244e-24
2.34272e-24
2.23786e-24
2.13764e-24
2.04187e-24
1.95034e-24
1.86288e-24
1.77931e-24
1.69946e-24
1.62317e-24
1.55027e-24
1.48062e-24
1.41406e-24
1.35047e-24
1.28971e-24
1.23165e-24
1.17619e-24
1.1232e-24
1.07258e-24
1.02423e-24
9.78032e-25
9.33907e-25
8.91758e-25
8.51499e-25
8.13047e-25
7.76321e-25
7.41245e-25
7.07741e-25
6.75739e-25
6.45172e-25
6.15977e-25
5.88093e-25
5.61462e-25
5.36029e-25
5.1174e-25
4.88544e-25
4.66393e-25
4.45241e-25
4.25042e-25
4.05755e-25
3.87339e-25
3.69754e-25
3.52965e-25
3.36935e-25
3.21628e-25
3.07012e-25
2.93055e-25
2.79729e-25
2.67005e-25
2.54857e-25
2.43257e-25
2.32183e-25
2.2161e-25
2.11516e-25
2.0188e-25
1.9268e-25
1.83898e-25
1.75514e-25
1.67511e-25
1.59872e-25
1.5258e-25
1.45619e-25
1.38975e-25
1.32633e-25
1.26579e-25
1.20799e-25
1.15282e-25
1.10015e-25
1.04988e-25
1.0019e-25
9.56096e-26
9.12378e-26
8.70651e-26
8.30824e-26
7.92812e-26
7.56533e-26
7.21908e-26
6.88863e-26
6.57326e-26
6.27229e-26
5.98507e-26
5.71098e-26
5.44942e-26
5.19982e-26
4.96164e-26
4.73434e-26
4.51741e-26
4.31038e-26
4.11281e-26
3.92427e-26
3.74435e-26
3.57265e-26
3.40881e-26
3.25247e-26
3.10328e-26
2.96093e-26
2.8251e-26
2.6955e-26
2.57184e-26
2.45386e-26
2.34129e-26
2.23389e-26
2.13143e-26
2.03368e-26
1.94043e-26
1.85147e-26
1.76661e-26
1.68566e-26
1.60843e-26
1.53476e-26
1.46448e-26
1.39743e-26
1.33347e-26
1.27247e-26
1.21428e-26
1.15878e-26
1.10585e-26
1.05536e-26
1.00722e-26
9.61313e-27
9.17537e-27
8.75799e-27
8.36006e-27
7.98069e-27
7.61907e-27
7.27438e-27
6.94587e-27
6.63282e-27
6.33453e-27
6.05035e-27
5.77965e-27
5.52182e-27
5.2763e-27
5.04255e-27
4.82005e-27
4.60827e-27
4.40674e-27
4.21502e-27
4.03267e-27
3.85931e-27
3.69455e-27
3.53803e-27
3.38939e-27
3.24831e-27
3.11449e-27
2.98762e-27
2.86743e-27
2.75364e-27
2.64602e-27
2.54431e-27
2.44831e-27
2.35779e-27
2.27256e-27
2.19242e-27
2.11721e-27
2.04676e-27
1.98091e-27
1.91952e-27
1.86246e-27
1.80959e-27
1.76081e-27
1.71601e-27
1.67509e-27
1.63795e-27
1.60458e-27
1.575e-27
1.54917e-27
1.52703e-27
1.50861e-27
1.49384e-27
1.48268e-27
1.47508e-27
1.47103e-27
1.47048e-27
1.47343e-27
1.47986e-27
1.48979e-27
1.50321e-27
1.52015e-27
