20
1e+18
5e+17
49.9998
20.0004
26524.1
1.06805e-20
1.06773e-20
1.06657e-20
1.06517e-20
1.06354e-20
1.06169e-20
1.05963e-20
1.05735e-20
1.05486e-20
1.05216e-20
1.04926e-20
1.04615e-20
1.04283e-20
1.03931e-20
1.03559e-20
1.03166e-20
1.02754e-20
1.02323e-20
1.01873e-20
1.01404e-20
1.00916e-20
1.0041e-20
9.98858e-21
9.9344e-21
9.87848e-21
9.82085e-21
9.76155e-21
9.70062e-21
9.63809e-21
9.574e-21
9.50838e-21
9.44127e-21
9.37271e-21
9.30275e-21
9.23141e-21
9.15874e-21
9.08477e-21
9.00956e-21
8.93313e-21
8.85554e-21
8.77681e-21
8.697e-21
8.61615e-21
8.5343e-21
8.4515e-21
8.36779e-21
8.2832e-21
8.19779e-21
8.11159e-21
8.02466e-21
7.93703e-21
7.84874e-21
7.75985e-21
7.67039e-21
7.58041e-21
7.48994e-21
7.39904e-21
7.30775e-21
7.2161e-21
7.12414e-21
7.03191e-21
6.93945e-21
6.8468e-21
6.754e-21
6.6611e-21
6.56812e-21
6.47512e-21
6.38212e-21
6.28916e-21
6.19628e-21
6.10353e-21
6.01092e-21
5.9185e-21
5.8263e-21
5.73436e-21
5.6427e-21
5.55136e-21
5.46038e-21
5.36977e-21
5.27958e-21
5.18983e-21
5.10055e-21
5.01177e-21
4.92352e-21
4.83583e-21
4.74871e-21
4.6622e-21
4.57632e-21
4.4911e-21
4.40656e-21
4.32272e-21
4.23961e-21
4.15724e-21
4.07565e-21
3.99485e-21
3.91486e-21
3.83569e-21
3.75737e-21
3.67991e-21
3.60333e-21
3.52764e-21
3.45285e-21
3.37897e-21
3.30602e-21
3.234e-21
3.16293e-21
3.09281e-21
3.02366e-21
2.95547e-21
2.88826e-21
2.82203e-21
2.75679e-21
2.69253e-21
2.62926e-21
2.56699e-21
2.50571e-21
2.44543e-21
2.38614e-21
2.32785e-21
2.27055e-21
2.21425e-21
2.15893e-21
2.1046e-21
2.05126e-21
1.9989e-21
1.94751e-21
1.89709e-21
1.84764e-21
1.79914e-21
1.7516e-21
1.705e-21
1.65934e-21
1.61461e-21
1.5708e-21
1.52791e-21
1.48592e-21
1.44483e-21
1.40463e-21
1.3653e-21
1.32684e-21
1.28924e-21
1.25248e-21
1.21656e-21
1.18147e-21
1.14719e-21
1.11371e-21
1.08103e-21
1.04913e-21
1.01799e-21
9.87617e-22
9.57987e-22
9.29091e-22
9.00918e-22
8.73455e-22
8.4669e-22
8.20611e-22
7.95206e-22
7.70462e-22
7.46369e-22
7.22914e-22
7.00084e-22
6.77869e-22
6.56254e-22
6.35229e-22
6.14782e-22
5.94902e-22
5.75576e-22
5.56793e-22
5.38541e-22
5.2081e-22
5.03587e-22
4.86861e-22
4.7062e-22
4.54855e-22
4.39553e-22
4.24705e-22
4.103e-22
3.96326e-22
3.82775e-22
3.69635e-22
3.56895e-22
3.44547e-22
3.3258e-22
3.20985e-22
3.09752e-22
2.98873e-22
2.88336e-22
2.78135e-22
2.68259e-22
2.587e-22
2.49449e-22
2.40498e-22
2.31838e-22
2.23463e-22
2.15362e-22
2.0753e-22
1.99958e-22
1.92639e-22
1.85566e-22
1.78731e-22
1.72127e-22
1.65747e-22
1.59586e-22
1.53635e-22
1.4789e-22
1.42343e-22
1.3699e-22
1.31822e-22
1.26836e-22
1.22026e-22
1.17385e-22
1.12909e-22
1.08592e-22
1.04429e-22
1.00415e-22
9.65458e-23
9.28162e-23
8.92217e-23
8.5758e-23
8.24207e-23
7.92057e-23
7.6109e-23
7.31264e-23
7.02543e-23
6.74889e-23
6.48264e-23
6.22633e-23
5.97962e-23
5.74218e-23
5.51369e-23
5.29384e-23
5.08233e-23
4.87886e-23
4.68316e-23
4.49494e-23
4.31395e-23
4.13992e-23
3.9726e-23
3.81177e-23
3.65717e-23
3.50857e-23
3.36577e-23
3.22854e-23
3.09668e-23
2.96999e-23
2.84829e-23
2.73139e-23
2.61911e-23
2.51128e-23
2.40774e-23
2.30831e-23
2.21285e-23
2.12121e-23
2.03324e-23
1.9488e-23
1.86776e-23
1.78999e-23
1.71536e-23
1.64374e-23
1.57503e-23
1.5091e-23
1.44586e-23
1.38519e-23
1.327e-23
1.27118e-23
1.21765e-23
1.16632e-23
1.1171e-23
1.06991e-23
1.02466e-23
9.81281e-24
9.39697e-24
8.99836e-24
8.6163e-24
8.25012e-24
7.89918e-24
7.56286e-24
7.24055e-24
6.9317e-24
6.63576e-24
6.3522e-24
6.08053e-24
5.82026e-24
5.57093e-24
5.33209e-24
5.10331e-24
4.88418e-24
4.67431e-24
4.47331e-24
4.28082e-24
4.09648e-24
3.91997e-24
3.75095e-24
3.58912e-24
3.43418e-24
3.28583e-24
3.14382e-24
3.00786e-24
2.87771e-24
2.75311e-24
2.63384e-24
2.51967e-24
2.41039e-24
2.30579e-24
2.20567e-24
2.10985e-24
2.01815e-24
1.93039e-24
1.84641e-24
1.76604e-24
1.68913e-24
1.61554e-24
1.54513e-24
1.47776e-24
1.4133e-24
1.35162e-24
1.29261e-24
1.23616e-24
1.18216e-24
1.13049e-24
1.08107e-24
1.03379e-24
9.88567e-25
9.45308e-25
9.03926e-25
8.64341e-25
8.26475e-25
7.90256e-25
7.55611e-25
7.22474e-25
6.9078e-25
6.60466e-25
6.31473e-25
6.03744e-25
5.77224e-25
5.51861e-25
5.27605e-25
5.04409e-25
4.82226e-25
4.61012e-25
4.40726e-25
4.21328e-25
4.02778e-25
3.8504e-25
3.68079e-25
3.51861e-25
3.36354e-25
3.21526e-25
3.07349e-25
2.93794e-25
2.80834e-25
2.68442e-25
2.56595e-25
2.45269e-25
2.34439e-25
2.24085e-25
2.14185e-25
2.04719e-25
1.9567e-25
1.87018e-25
1.78746e-25
1.70838e-25
1.63278e-25
1.5605e-25
1.4914e-25
1.42535e-25
1.3622e-25
1.30184e-25
1.24413e-25
1.18897e-25
1.13624e-25
1.08583e-25
1.03765e-25
9.91594e-26
9.47571e-26
9.05493e-26
8.65273e-26
8.26831e-26
7.90088e-26
7.5497e-26
7.21406e-26
6.89326e-26
6.58667e-26
6.29366e-26
6.01363e-26
5.74601e-26
5.49026e-26
5.24586e-26
5.0123e-26
4.78911e-26
4.57581e-26
4.37198e-26
4.17719e-26
3.99105e-26
3.81318e-26
3.64322e-26
3.48081e-26
3.32562e-26
3.17735e-26
3.03568e-26
2.90032e-26
2.771e-26
2.64745e-26
2.52942e-26
2.41666e-26
2.30895e-26
2.20606e-26
2.10777e-26
2.0139e-26
1.92423e-26
1.8386e-26
1.75681e-26
1.67871e-26
1.60412e-26
1.5329e-26
1.4649e-26
1.39997e-26
1.33799e-26
1.27881e-26
1.22233e-26
1.16841e-26
1.11696e-26
1.06785e-26
1.02099e-26
9.76281e-27
9.33627e-27
8.92938e-27
8.5413e-27
8.17119e-27
7.81829e-27
7.48184e-27
7.16113e-27
6.85548e-27
6.56424e-27
6.28679e-27
6.02251e-27
5.77084e-27
5.53123e-27
5.30318e-27
5.08619e-27
4.8798e-27
4.68356e-27
4.49705e-27
4.31986e-27
4.1516e-27
3.99191e-27
3.84044e-27
3.69685e-27
3.56082e-27
3.43206e-27
3.31027e-27
3.19518e-27
3.08653e-27
2.98407e-27
2.88757e-27
2.79681e-27
2.71157e-27
2.63165e-27
2.55687e-27
2.48704e-27
2.422e-27
2.36159e-27
2.30565e-27
2.25405e-27
2.20664e-27
2.16331e-27
2.12394e-27
2.08841e-27
2.05663e-27
2.0285e-27
2.00393e-27
1.98283e-27
1.96514e-27
1.95079e-27
1.93971e-27
1.93184e-27
1.92714e-27
1.92555e-27
1.92704e-27
1.93158e-27
1.93913e-27
1.94966e-27
1.96317e-27
1.97963e-27
1.99904e-27
2.02139e-27
2.04669e-27
2.07492e-27
2.10611e-27
2.14027e-27
2.17741e-27
2.21753e-27
2.26068e-27
2.30689e-27
2.3563e-27
2.40897e-27
2.46498e-27
2.52438e-27
2.5872e-27
2.65348e-27
2.72329e-27
