5
5e+16
5e+17
49.9999
4.99992
13262.1
7.52387e-20
7.52328e-20
7.52022e-20
7.51574e-20
7.50981e-20
7.50244e-20
7.49364e-20
7.48339e-20
7.47172e-20
7.45862e-20
7.44411e-20
7.42818e-20
7.41086e-20
7.39215e-20
7.37206e-20
7.35061e-20
7.32781e-20
7.30366e-20
7.27819e-20
7.2514e-20
7.22332e-20
7.19395e-20
7.16332e-20
7.13143e-20
7.09832e-20
7.064e-20
7.02848e-20
6.99179e-20
6.95394e-20
6.91496e-20
6.87487e-20
6.83369e-20
6.79145e-20
6.74816e-20
6.70385e-20
6.65854e-20
6.61226e-20
6.56503e-20
6.51687e-20
6.46782e-20
6.4179e-20
6.36713e-20
6.31554e-20
6.26315e-20
6.21e-20
6.1561e-20
6.1015e-20
6.04621e-20
5.99026e-20
5.93368e-20
5.87649e-20
5.81874e-20
5.76043e-20
5.70161e-20
5.64229e-20
5.58251e-20
5.52229e-20
5.46167e-20
5.40067e-20
5.33931e-20
5.27763e-20
5.21565e-20
5.1534e-20
5.09091e-20
5.0282e-20
4.96531e-20
4.90225e-20
4.83905e-20
4.77574e-20
4.71235e-20
4.6489e-20
4.58542e-20
4.52192e-20
4.45844e-20
4.395e-20
4.33162e-20
4.26833e-20
4.20515e-20
4.1421e-20
4.0792e-20
4.01648e-20
3.95395e-20
3.89164e-20
3.82957e-20
3.76776e-20
3.70623e-20
3.64499e-20
3.58407e-20
3.52348e-20
3.46325e-20
3.40338e-20
3.34389e-20
3.28481e-20
3.22614e-20
3.1679e-20
3.1101e-20
3.05277e-20
2.99591e-20
2.93953e-20
2.88366e-20
2.82829e-20
2.77344e-20
2.71913e-20
2.66535e-20
2.61213e-20
2.55947e-20
2.50739e-20
2.45588e-20
2.40495e-20
2.35462e-20
2.30489e-20
2.25577e-20
2.20726e-20
2.15937e-20
2.1121e-20
2.06545e-20
2.01944e-20
1.97406e-20
1.92932e-20
1.88522e-20
1.84177e-20
1.79895e-20
1.75679e-20
1.71526e-20
1.67439e-20
1.63416e-20
1.59458e-20
1.55565e-20
1.51736e-20
1.47972e-20
1.44272e-20
1.40636e-20
1.37064e-20
1.33555e-20
1.3011e-20
1.26728e-20
1.23408e-20
1.20151e-20
1.16956e-20
1.13822e-20
1.10749e-20
1.07737e-20
1.04784e-20
1.01892e-20
9.9058e-21
9.62829e-21
9.35656e-21
9.09057e-21
8.83025e-21
8.57555e-21
8.32638e-21
8.08271e-21
7.84445e-21
7.61154e-21
7.38391e-21
7.16151e-21
6.94425e-21
6.73208e-21
6.52492e-21
6.3227e-21
6.12535e-21
5.9328e-21
5.74498e-21
5.56181e-21
5.38323e-21
5.20915e-21
5.03951e-21
4.87423e-21
4.71324e-21
4.55648e-21
4.40386e-21
4.25532e-21
4.1108e-21
3.97021e-21
3.83349e-21
3.70056e-21
3.57136e-21
3.44581e-21
3.32384e-21
3.20538e-21
3.09037e-21
2.97873e-21
2.87041e-21
2.76534e-21
2.66344e-21
2.56466e-21
2.46893e-21
2.37618e-21
2.28634e-21
2.19935e-21
2.11514e-21
2.03365e-21
1.95482e-21
1.87857e-21
1.80485e-21
1.7336e-21
1.66474e-21
1.59822e-21
1.53398e-21
1.47195e-21
1.41209e-21
1.35432e-21
1.29859e-21
1.24485e-21
1.19304e-21
1.1431e-21
1.09498e-21
1.04863e-21
1.00399e-21
9.61012e-22
9.19648e-22
8.79847e-22
8.41561e-22
8.04742e-22
7.69345e-22
7.35324e-22
7.02633e-22
6.71231e-22
6.41075e-22
6.12123e-22
5.84336e-22
5.57672e-22
5.32095e-22
5.07567e-22
4.8405e-22
4.61511e-22
4.39913e-22
4.19224e-22
3.99411e-22
3.80441e-22
3.62284e-22
3.4491e-22
3.28289e-22
3.12393e-22
2.97196e-22
2.82669e-22
2.68787e-22
2.55526e-22
2.4286e-22
2.30767e-22
2.19224e-22
2.08208e-22
1.97698e-22
1.87674e-22
1.78116e-22
1.69005e-22
1.60321e-22
1.52048e-22
1.44168e-22
1.36664e-22
1.2952e-22
1.22721e-22
1.16252e-22
1.10098e-22
1.04246e-22
9.86814e-23
9.33926e-23
8.8367e-23
8.35926e-23
7.9058e-23
7.47525e-23
7.06653e-23
6.67865e-23
6.31063e-23
5.96155e-23
5.63052e-23
5.31668e-23
5.01922e-23
4.73735e-23
4.47032e-23
4.21742e-23
3.97796e-23
3.75127e-23
3.53674e-23
3.33375e-23
3.14174e-23
2.96015e-23
2.78847e-23
2.62619e-23
2.47283e-23
2.32794e-23
2.19108e-23
2.06184e-23
1.93982e-23
1.82465e-23
1.71596e-23
1.61343e-23
1.51671e-23
1.4255e-23
1.33952e-23
1.25847e-23
1.18209e-23
1.11013e-23
1.04235e-23
9.78519e-24
9.18421e-24
8.61849e-24
8.0861e-24
7.58517e-24
7.11395e-24
6.67077e-24
6.25405e-24
5.8623e-24
5.49409e-24
5.14809e-24
4.82302e-24
4.51768e-24
4.23093e-24
3.96169e-24
3.70895e-24
3.47174e-24
3.24915e-24
3.04032e-24
2.84444e-24
2.66075e-24
2.4885e-24
2.32703e-24
2.17569e-24
2.03387e-24
1.90099e-24
1.77652e-24
1.65994e-24
1.55078e-24
1.44857e-24
1.3529e-24
1.26335e-24
1.17956e-24
1.10117e-24
1.02783e-24
9.59248e-25
8.95112e-25
8.35146e-25
7.79088e-25
7.26694e-25
6.7773e-25
6.31981e-25
5.89241e-25
5.49319e-25
5.12034e-25
4.77218e-25
4.44712e-25
4.14367e-25
3.86044e-25
3.59612e-25
3.34948e-25
3.11937e-25
2.90472e-25
2.70452e-25
2.51781e-25
2.34371e-25
2.18139e-25
2.03008e-25
1.88904e-25
1.7576e-25
1.63512e-25
1.521e-25
1.41469e-25
1.31566e-25
1.22343e-25
1.13754e-25
1.05756e-25
9.83101e-26
9.13784e-26
8.49263e-26
7.89213e-26
7.33331e-26
6.81334e-26
6.32956e-26
5.87952e-26
5.4609e-26
5.07155e-26
4.70948e-26
4.3728e-26
4.05978e-26
3.76877e-26
3.49826e-26
3.24684e-26
3.01317e-26
2.79603e-26
2.59428e-26
2.40684e-26
2.23271e-26
2.07097e-26
1.92075e-26
1.78124e-26
1.6517e-26
1.53142e-26
1.41976e-26
1.3161e-26
1.21989e-26
1.13059e-26
1.04772e-26
9.70828e-27
8.99485e-27
8.33299e-27
7.71903e-27
7.14957e-27
6.62143e-27
6.13166e-27
5.67752e-27
5.25647e-27
4.86613e-27
4.5043e-27
4.16893e-27
3.85813e-27
3.57012e-27
3.30326e-27
3.05602e-27
2.82699e-27
2.61484e-27
2.41835e-27
2.23638e-27
2.06788e-27
1.91187e-27
1.76744e-27
1.63374e-27
1.50999e-27
1.39547e-27
1.28949e-27
1.19143e-27
1.10071e-27
1.01678e-27
9.39156e-28
8.6736e-28
8.00966e-28
7.39575e-28
6.82815e-28
6.30345e-28
5.81844e-28
5.3702e-28
4.95596e-28
4.57322e-28
4.2196e-28
3.89294e-28
3.59121e-28
3.31255e-28
3.05522e-28
2.81763e-28
2.59828e-28
2.3958e-28
2.20892e-28
2.03647e-28
1.87734e-28
1.73054e-28
1.59513e-28
1.47025e-28
1.35509e-28
1.24891e-28
1.15104e-28
1.06083e-28
9.77699e-29
9.01111e-29
8.30564e-29
7.65597e-29
7.05784e-29
6.50729e-29
6.00069e-29
5.53468e-29
5.10616e-29
4.71226e-29
4.35035e-29
4.01798e-29
3.71292e-29
3.43304e-29
3.17645e-29
2.94138e-29
2.72622e-29
2.52948e-29
2.3498e-29
2.18587e-29
2.03659e-29
1.90103e-29
1.7784e-29
1.66777e-29
1.56837e-29
1.47951e-29
1.40049e-29
1.33084e-29
1.27002e-29
1.21753e-29
1.17288e-29
1.13565e-29
1.10546e-29
1.08198e-29
1.0649e-29
1.05398e-29
1.04899e-29
1.04975e-29
1.05611e-29
1.06794e-29
1.08516e-29
1.10769e-29
1.13551e-29
1.1686e-29
1.20698e-29
1.25068e-29
1.29978e-29
1.35435e-29
1.41451e-29
1.4804e-29
1.55217e-29
