10
1e+16
2e+18
49.9328
10.0001
18755.4
3.51596e-20
3.50745e-20
3.48272e-20
3.45673e-20
3.43029e-20
3.40362e-20
3.3768e-20
3.34985e-20
3.32279e-20
3.29563e-20
3.26838e-20
3.24106e-20
3.21374e-20
3.18641e-20
3.15907e-20
3.1317e-20
3.10428e-20
3.07682e-20
3.04931e-20
3.02175e-20
2.99413e-20
2.96651e-20
2.93889e-20
2.91125e-20
2.88359e-20
2.85591e-20
2.82824e-20
2.80058e-20
2.77293e-20
2.74528e-20
2.71762e-20
2.68999e-20
2.66238e-20
2.63478e-20
2.6072e-20
2.57966e-20
2.55215e-20
2.52468e-20
2.49723e-20
2.46982e-20
2.44247e-20
2.41515e-20
2.3879e-20
2.36071e-20
2.33357e-20
2.3065e-20
2.2795e-20
2.25257e-20
2.22572e-20
2.19894e-20
2.17224e-20
2.14563e-20
2.11911e-20
2.09267e-20
2.06633e-20
2.04008e-20
2.01393e-20
1.98789e-20
1.96195e-20
1.93612e-20
1.91041e-20
1.88481e-20
1.85933e-20
1.83397e-20
1.80874e-20
1.78364e-20
1.75866e-20
1.73381e-20
1.70909e-20
1.68451e-20
1.66007e-20
1.63578e-20
1.61162e-20
1.58762e-20
1.56376e-20
1.54005e-20
1.5165e-20
1.4931e-20
1.46986e-20
1.44677e-20
1.42384e-20
1.40108e-20
1.37847e-20
1.35603e-20
1.33375e-20
1.31165e-20
1.28971e-20
1.26794e-20
1.24635e-20
1.22493e-20
1.20367e-20
1.1826e-20
1.1617e-20
1.14097e-20
1.12042e-20
1.10005e-20
1.07986e-20
1.05984e-20
1.04001e-20
1.02035e-20
1.00087e-20
9.81567e-21
9.62446e-21
9.43503e-21
9.2474e-21
9.06158e-21
8.87755e-21
8.69531e-21
8.51483e-21
8.33613e-21
8.15924e-21
7.98416e-21
7.81091e-21
7.63951e-21
7.46995e-21
7.30225e-21
7.13644e-21
6.97249e-21
6.81044e-21
6.65033e-21
6.49215e-21
6.33597e-21
6.18183e-21
6.02977e-21
5.8798e-21
5.73194e-21
5.58623e-21
5.44267e-21
5.30133e-21
5.16228e-21
5.02555e-21
4.89118e-21
4.75919e-21
4.62961e-21
4.50245e-21
4.37772e-21
4.25544e-21
4.13563e-21
4.01825e-21
3.90333e-21
3.79085e-21
3.68081e-21
3.57319e-21
3.46797e-21
3.36514e-21
3.26469e-21
3.16658e-21
3.0708e-21
2.97732e-21
2.88612e-21
2.79716e-21
2.71042e-21
2.62587e-21
2.54348e-21
2.4632e-21
2.38502e-21
2.3089e-21
2.2348e-21
2.16271e-21
2.09256e-21
2.02434e-21
1.958e-21
1.89352e-21
1.83085e-21
1.76995e-21
1.71079e-21
1.65334e-21
1.59757e-21
1.54342e-21
1.49088e-21
1.43989e-21
1.39044e-21
1.34248e-21
1.29597e-21
1.25089e-21
1.20719e-21
1.16485e-21
1.12384e-21
1.08411e-21
1.04563e-21
1.00838e-21
9.72317e-22
9.37417e-22
9.0365e-22
8.70979e-22
8.39377e-22
8.08814e-22
7.79264e-22
7.50697e-22
7.23088e-22
6.96406e-22
6.70623e-22
6.45716e-22
6.21658e-22
5.98426e-22
5.75995e-22
5.54339e-22
5.33434e-22
5.13258e-22
4.93789e-22
4.75007e-22
4.56889e-22
4.39413e-22
4.22558e-22
4.06307e-22
3.90638e-22
3.75535e-22
3.60979e-22
3.46953e-22
3.33437e-22
3.20416e-22
3.07872e-22
2.9579e-22
2.84155e-22
2.72952e-22
2.62167e-22
2.51784e-22
2.41789e-22
2.3217e-22
2.22913e-22
2.14006e-22
2.05438e-22
1.97196e-22
1.89269e-22
1.81645e-22
1.74313e-22
1.67263e-22
1.60485e-22
1.53969e-22
1.47706e-22
1.41688e-22
1.35904e-22
1.30346e-22
1.25006e-22
1.19875e-22
1.14947e-22
1.10213e-22
1.05667e-22
1.01301e-22
9.71086e-23
9.30833e-23
8.92185e-23
8.55083e-23
8.19467e-23
7.85282e-23
7.52475e-23
7.20993e-23
6.90785e-23
6.61804e-23
6.33997e-23
6.07319e-23
5.81728e-23
5.5718e-23
5.33637e-23
5.11058e-23
4.89407e-23
4.68648e-23
4.48745e-23
4.29664e-23
4.11371e-23
3.93835e-23
3.77025e-23
3.60914e-23
3.45472e-23
3.30674e-23
3.16494e-23
3.02908e-23
2.89891e-23
2.77421e-23
2.65473e-23
2.54027e-23
2.43063e-23
2.32561e-23
2.22502e-23
2.12868e-23
2.03642e-23
1.94808e-23
1.86349e-23
1.7825e-23
1.70496e-23
1.63073e-23
1.55965e-23
1.49161e-23
1.42648e-23
1.36413e-23
1.30446e-23
1.24734e-23
1.19269e-23
1.14038e-23
1.09033e-23
1.04244e-23
9.96624e-24
9.52781e-24
9.10832e-24
8.70697e-24
8.32299e-24
7.95567e-24
7.60428e-24
7.26817e-24
6.94669e-24
6.63922e-24
6.34516e-24
6.06394e-24
5.79502e-24
5.53784e-24
5.29189e-24
5.05669e-24
4.83178e-24
4.61673e-24
4.41111e-24
4.21453e-24
4.02658e-24
3.8469e-24
3.67515e-24
3.51096e-24
3.35402e-24
3.20402e-24
3.06066e-24
2.92362e-24
2.79264e-24
2.66744e-24
2.54779e-24
2.43343e-24
2.32414e-24
2.21971e-24
2.11991e-24
2.02455e-24
1.93343e-24
1.84636e-24
1.76318e-24
1.68371e-24
1.60779e-24
1.53526e-24
1.46597e-24
1.39977e-24
1.33652e-24
1.2761e-24
1.21838e-24
1.16324e-24
1.11057e-24
1.06026e-24
1.01221e-24
9.66317e-25
9.22484e-25
8.80622e-25
8.40644e-25
8.02466e-25
7.66009e-25
7.31195e-25
6.97948e-25
6.66196e-25
6.35875e-25
6.0692e-25
5.79271e-25
5.52869e-25
5.2766e-25
5.03589e-25
4.80607e-25
4.58665e-25
4.37717e-25
4.17717e-25
3.98624e-25
3.80398e-25
3.62999e-25
3.4639e-25
3.30537e-25
3.15402e-25
3.00954e-25
2.87161e-25
2.73995e-25
2.61427e-25
2.49431e-25
2.3798e-25
2.2705e-25
2.16619e-25
2.06662e-25
1.9716e-25
1.88091e-25
1.79436e-25
1.71177e-25
1.63295e-25
1.55774e-25
1.48597e-25
1.41748e-25
1.35213e-25
1.28977e-25
1.23026e-25
1.17347e-25
1.11928e-25
1.06758e-25
1.01824e-25
9.71157e-26
9.26238e-26
8.8338e-26
8.42489e-26
8.03476e-26
7.66256e-26
7.30748e-26
6.96873e-26
6.64558e-26
6.33731e-26
6.04324e-26
5.76274e-26
5.49518e-26
5.23996e-26
4.99654e-26
4.76437e-26
4.5429e-26
4.33165e-26
4.13014e-26
3.93793e-26
3.75461e-26
3.57975e-26
3.41298e-26
3.25393e-26
3.10223e-26
2.95757e-26
2.81961e-26
2.68804e-26
2.56258e-26
2.44295e-26
2.32887e-26
2.2201e-26
2.11638e-26
2.0175e-26
1.92322e-26
1.83333e-26
1.74764e-26
1.66595e-26
1.58807e-26
1.51383e-26
1.44305e-26
1.37557e-26
1.31125e-26
1.24994e-26
1.19149e-26
1.13579e-26
1.08269e-26
1.03209e-26
9.83869e-27
9.37916e-27
8.94129e-27
8.52409e-27
8.12659e-27
7.74792e-27
7.38719e-27
7.0436e-27
6.71636e-27
6.40473e-27
6.10799e-27
5.82547e-27
5.55652e-27
5.30054e-27
5.05692e-27
4.82512e-27
4.60461e-27
4.39488e-27
4.1954e-27
4.00574e-27
3.82545e-27
3.65411e-27
3.49135e-27
3.33677e-27
3.19004e-27
3.0508e-27
2.91875e-27
2.79357e-27
2.67498e-27
2.56271e-27
2.4565e-27
2.3561e-27
2.26129e-27
2.17183e-27
2.08754e-27
2.0082e-27
1.93365e-27
1.86371e-27
1.79822e-27
1.73702e-27
1.67997e-27
1.62696e-27
1.57784e-27
1.53252e-27
1.49088e-27
1.45284e-27
1.41828e-27
1.3872e-27
1.3596e-27
1.33544e-27
1.31466e-27
1.29728e-27
1.28323e-27
1.27247e-27
1.26497e-27
1.26069e-27
1.25961e-27
1.26171e-27
1.26698e-27
1.27543e-27
1.28706e-27
1.30189e-27
