5
2e+18
1e+18
49.9972
4.99988
13262.1
7.68518e-20
7.68483e-20
7.68237e-20
7.67845e-20
7.67302e-20
7.66607e-20
7.6576e-20
7.64762e-20
7.63613e-20
7.62314e-20
7.60865e-20
7.59268e-20
7.57523e-20
7.55631e-20
7.53593e-20
7.51411e-20
7.49086e-20
7.46619e-20
7.44011e-20
7.41265e-20
7.38382e-20
7.35363e-20
7.32211e-20
7.28926e-20
7.25512e-20
7.21969e-20
7.183e-20
7.14508e-20
7.10593e-20
7.0656e-20
7.02408e-20
6.98142e-20
6.93764e-20
6.89275e-20
6.84679e-20
6.79977e-20
6.75174e-20
6.7027e-20
6.65269e-20
6.60174e-20
6.54987e-20
6.49712e-20
6.4435e-20
6.38905e-20
6.33379e-20
6.27776e-20
6.22099e-20
6.1635e-20
6.10532e-20
6.04648e-20
5.98702e-20
5.92696e-20
5.86633e-20
5.80516e-20
5.74348e-20
5.68133e-20
5.61872e-20
5.5557e-20
5.49229e-20
5.42852e-20
5.36442e-20
5.30001e-20
5.23534e-20
5.17042e-20
5.10529e-20
5.03998e-20
4.97451e-20
4.9089e-20
4.8432e-20
4.77742e-20
4.7116e-20
4.64575e-20
4.57992e-20
4.51411e-20
4.44836e-20
4.3827e-20
4.31714e-20
4.25171e-20
4.18644e-20
4.12135e-20
4.05646e-20
3.9918e-20
3.92738e-20
3.86324e-20
3.79938e-20
3.73583e-20
3.67261e-20
3.60974e-20
3.54724e-20
3.48512e-20
3.42341e-20
3.36212e-20
3.30127e-20
3.24088e-20
3.18095e-20
3.12151e-20
3.06257e-20
3.00414e-20
2.94623e-20
2.88887e-20
2.83206e-20
2.77581e-20
2.72013e-20
2.66504e-20
2.61055e-20
2.55666e-20
2.50338e-20
2.45072e-20
2.39869e-20
2.34729e-20
2.29654e-20
2.24644e-20
2.19699e-20
2.1482e-20
2.10007e-20
2.05261e-20
2.00582e-20
1.95971e-20
1.91428e-20
1.86952e-20
1.82545e-20
1.78206e-20
1.73935e-20
1.69733e-20
1.65599e-20
1.61534e-20
1.57536e-20
1.53607e-20
1.49746e-20
1.45953e-20
1.42228e-20
1.3857e-20
1.34979e-20
1.31454e-20
1.27996e-20
1.24604e-20
1.21278e-20
1.18017e-20
1.1482e-20
1.11688e-20
1.08619e-20
1.05614e-20
1.02671e-20
9.97898e-21
9.69702e-21
9.42114e-21
9.15127e-21
8.88734e-21
8.62929e-21
8.37705e-21
8.13054e-21
7.88971e-21
7.65446e-21
7.42474e-21
7.20046e-21
6.98155e-21
6.76792e-21
6.55952e-21
6.35624e-21
6.15803e-21
5.96479e-21
5.77645e-21
5.59292e-21
5.41413e-21
5.24e-21
5.07044e-21
4.90537e-21
4.74471e-21
4.58839e-21
4.43632e-21
4.28841e-21
4.1446e-21
4.0048e-21
3.86892e-21
3.7369e-21
3.60865e-21
3.48409e-21
3.36315e-21
3.24574e-21
3.13179e-21
3.02123e-21
2.91398e-21
2.80997e-21
2.70912e-21
2.61135e-21
2.5166e-21
2.42479e-21
2.33586e-21
2.24973e-21
2.16634e-21
2.08561e-21
2.00748e-21
1.93189e-21
1.85876e-21
1.78804e-21
1.71966e-21
1.65355e-21
1.58966e-21
1.52794e-21
1.4683e-21
1.41071e-21
1.3551e-21
1.30142e-21
1.24961e-21
1.19962e-21
1.15139e-21
1.10488e-21
1.06003e-21
1.0168e-21
9.75124e-22
9.34969e-22
8.96286e-22
8.59028e-22
8.23151e-22
7.88611e-22
7.55367e-22
7.23377e-22
6.926e-22
6.62998e-22
6.34531e-22
6.07163e-22
5.80857e-22
5.55577e-22
5.31289e-22
5.0796e-22
4.85556e-22
4.64045e-22
4.43397e-22
4.23581e-22
4.04569e-22
3.86331e-22
3.6884e-22
3.52069e-22
3.35992e-22
3.20584e-22
3.0582e-22
2.91676e-22
2.7813e-22
2.65159e-22
2.52742e-22
2.40857e-22
2.29484e-22
2.18603e-22
2.08196e-22
1.98244e-22
1.88729e-22
1.79635e-22
1.70943e-22
1.62639e-22
1.54707e-22
1.47132e-22
1.39899e-22
1.32995e-22
1.26406e-22
1.20119e-22
1.14121e-22
1.08401e-22
1.02946e-22
9.77463e-23
9.27901e-23
8.80673e-23
8.3568e-23
7.92823e-23
7.52012e-23
7.13157e-23
6.76172e-23
6.40975e-23
6.07487e-23
5.75631e-23
5.45336e-23
5.1653e-23
4.89146e-23
4.63121e-23
4.38391e-23
4.14898e-23
3.92584e-23
3.71395e-23
3.51279e-23
3.32185e-23
3.14065e-23
2.96874e-23
2.80567e-23
2.65102e-23
2.50439e-23
2.3654e-23
2.23366e-23
2.10884e-23
1.9906e-23
1.8786e-23
1.77255e-23
1.67215e-23
1.57712e-23
1.48719e-23
1.40211e-23
1.32163e-23
1.24551e-23
1.17355e-23
1.10552e-23
1.04123e-23
9.80482e-24
9.23092e-24
8.68888e-24
8.17703e-24
7.69379e-24
7.23767e-24
6.80723e-24
6.40112e-24
6.01803e-24
5.65675e-24
5.3161e-24
4.99496e-24
4.6923e-24
4.4071e-24
4.13841e-24
3.88534e-24
3.64702e-24
3.42264e-24
3.21143e-24
3.01266e-24
2.82563e-24
2.64969e-24
2.48422e-24
2.32863e-24
2.18234e-24
2.04485e-24
1.91564e-24
1.79425e-24
1.68022e-24
1.57313e-24
1.47257e-24
1.37817e-24
1.28958e-24
1.20644e-24
1.12844e-24
1.05528e-24
9.86673e-25
9.22346e-25
8.62044e-25
8.05529e-25
7.52574e-25
7.02963e-25
6.56496e-25
6.12982e-25
5.72241e-25
5.34106e-25
4.98415e-25
4.65021e-25
4.3378e-25
4.0456e-25
3.77236e-25
3.5169e-25
3.27812e-25
3.05496e-25
2.84644e-25
2.65166e-25
2.46973e-25
2.29984e-25
2.14124e-25
1.99319e-25
1.85502e-25
1.72611e-25
1.60584e-25
1.49368e-25
1.38908e-25
1.29157e-25
1.20067e-25
1.11596e-25
1.03703e-25
9.63499e-26
8.95014e-26
8.3124e-26
7.71865e-26
7.16596e-26
6.6516e-26
6.17299e-26
5.72775e-26
5.31362e-26
4.92851e-26
4.57045e-26
4.23761e-26
3.92828e-26
3.64084e-26
3.37381e-26
3.12577e-26
2.89543e-26
2.68157e-26
2.48303e-26
2.29877e-26
2.12778e-26
1.96915e-26
1.822e-26
1.68553e-26
1.559e-26
1.4417e-26
1.33297e-26
1.23222e-26
1.13887e-26
1.0524e-26
9.72308e-27
8.9815e-27
8.29494e-27
7.65945e-27
7.07135e-27
6.52719e-27
6.02381e-27
5.55823e-27
5.1277e-27
4.72965e-27
4.36171e-27
4.02166e-27
3.70746e-27
3.41718e-27
3.14908e-27
2.90149e-27
2.67289e-27
2.46188e-27
2.26713e-27
2.08742e-27
1.92164e-27
1.76872e-27
1.62771e-27
1.49769e-27
1.37785e-27
1.2674e-27
1.16562e-27
1.07187e-27
9.85523e-28
9.06014e-28
8.32817e-28
7.65447e-28
7.03456e-28
6.46429e-28
5.9398e-28
5.45755e-28
5.01426e-28
4.6069e-28
4.23267e-28
3.88898e-28
3.57345e-28
3.28388e-28
3.01823e-28
2.77463e-28
2.55135e-28
2.3468e-28
2.1595e-28
1.9881e-28
1.83137e-28
1.68814e-28
1.55735e-28
1.43805e-28
1.32933e-28
1.23038e-28
1.14043e-28
1.0588e-28
9.84841e-29
9.17982e-29
8.57684e-29
8.03458e-29
7.54856e-29
7.11468e-29
6.72922e-29
6.38877e-29
6.09021e-29
5.83071e-29
5.60769e-29
5.41884e-29
5.26207e-29
5.1355e-29
5.03742e-29
4.96629e-29
4.9208e-29
4.89988e-29
4.90266e-29
4.92817e-29
4.97562e-29
5.0444e-29
5.13391e-29
5.24377e-29
5.37365e-29
5.52323e-29
5.69226e-29
5.8806e-29
6.08816e-29
6.31496e-29
6.56106e-29
6.82661e-29
7.1118e-29
7.41691e-29
7.74227e-29
8.08825e-29
8.45531e-29
8.84393e-29
9.25466e-29
9.6881e-29
1.01449e-28
1.06257e-28
1.11314e-28
1.16626e-28
1.22203e-28
1.28054e-28
1.34186e-28
