20
2e+17
5e+17
49.9999
19.9999
26524.1
1.24626e-20
1.24512e-20
1.24161e-20
1.23773e-20
1.23357e-20
1.22916e-20
1.2245e-20
1.21962e-20
1.21452e-20
1.20921e-20
1.20369e-20
1.19795e-20
1.192e-20
1.18585e-20
1.17948e-20
1.17292e-20
1.16616e-20
1.1592e-20
1.15206e-20
1.14474e-20
1.13723e-20
1.12954e-20
1.12168e-20
1.11366e-20
1.10547e-20
1.09712e-20
1.08861e-20
1.07996e-20
1.07115e-20
1.06221e-20
1.05314e-20
1.04393e-20
1.0346e-20
1.02515e-20
1.01558e-20
1.0059e-20
9.96112e-21
9.86223e-21
9.76238e-21
9.66161e-21
9.55995e-21
9.45748e-21
9.35423e-21
9.25026e-21
9.14562e-21
9.04037e-21
8.93453e-21
8.82816e-21
8.72131e-21
8.61402e-21
8.50635e-21
8.39833e-21
8.29003e-21
8.18147e-21
8.07271e-21
7.96379e-21
7.85475e-21
7.74565e-21
7.63652e-21
7.52741e-21
7.41837e-21
7.30943e-21
7.20062e-21
7.092e-21
6.98359e-21
6.87544e-21
6.76759e-21
6.66007e-21
6.55291e-21
6.44615e-21
6.33982e-21
6.23396e-21
6.1286e-21
6.02376e-21
5.91948e-21
5.81578e-21
5.7127e-21
5.61026e-21
5.50849e-21
5.40742e-21
5.30707e-21
5.20748e-21
5.10866e-21
5.01064e-21
4.91345e-21
4.81711e-21
4.72165e-21
4.62709e-21
4.53346e-21
4.44078e-21
4.34907e-21
4.25835e-21
4.16867e-21
4.08003e-21
3.99246e-21
3.90599e-21
3.82062e-21
3.73638e-21
3.65327e-21
3.57131e-21
3.49051e-21
3.41087e-21
3.33242e-21
3.25515e-21
3.17907e-21
3.10418e-21
3.0305e-21
2.95802e-21
2.88675e-21
2.81668e-21
2.74782e-21
2.68016e-21
2.61371e-21
2.54845e-21
2.48439e-21
2.42151e-21
2.35983e-21
2.29932e-21
2.23998e-21
2.18181e-21
2.12479e-21
2.06893e-21
2.0142e-21
1.96061e-21
1.90813e-21
1.85675e-21
1.80648e-21
1.75729e-21
1.70918e-21
1.66212e-21
1.61612e-21
1.57115e-21
1.5272e-21
1.48427e-21
1.44232e-21
1.40136e-21
1.36137e-21
1.32233e-21
1.28422e-21
1.24705e-21
1.21078e-21
1.1754e-21
1.1409e-21
1.10727e-21
1.07449e-21
1.04254e-21
1.01141e-21
9.81086e-22
9.51549e-22
9.22785e-22
8.9478e-22
8.6752e-22
8.40989e-22
8.15174e-22
7.90057e-22
7.65624e-22
7.41861e-22
7.18753e-22
6.96287e-22
6.7445e-22
6.53227e-22
6.32602e-22
6.12562e-22
5.93094e-22
5.74184e-22
5.5582e-22
5.3799e-22
5.2068e-22
5.03878e-22
4.87572e-22
4.71748e-22
4.56394e-22
4.41498e-22
4.27049e-22
4.13035e-22
3.99447e-22
3.86271e-22
3.73499e-22
3.61119e-22
3.4912e-22
3.37491e-22
3.26223e-22
3.15305e-22
3.04729e-22
2.94485e-22
2.84564e-22
2.74957e-22
2.65655e-22
2.56649e-22
2.47929e-22
2.39489e-22
2.3132e-22
2.23414e-22
2.15764e-22
2.08362e-22
2.01201e-22
1.94275e-22
1.87575e-22
1.81096e-22
1.7483e-22
1.6877e-22
1.62911e-22
1.57245e-22
1.51769e-22
1.46474e-22
1.41357e-22
1.36412e-22
1.31633e-22
1.27015e-22
1.22553e-22
1.18242e-22
1.14078e-22
1.10054e-22
1.06168e-22
1.02414e-22
9.87879e-23
9.52862e-23
9.19047e-23
8.86395e-23
8.54869e-23
8.24432e-23
7.95049e-23
7.66686e-23
7.39308e-23
7.12885e-23
6.8738e-23
6.62763e-23
6.39004e-23
6.16076e-23
5.9395e-23
5.726e-23
5.52e-23
5.32125e-23
5.12951e-23
4.94454e-23
4.76611e-23
4.594e-23
4.42799e-23
4.26789e-23
4.11348e-23
3.96455e-23
3.82091e-23
3.68238e-23
3.54878e-23
3.41995e-23
3.29572e-23
3.17594e-23
3.06044e-23
2.94908e-23
2.84172e-23
2.73822e-23
2.63845e-23
2.54226e-23
2.44955e-23
2.36018e-23
2.27405e-23
2.19102e-23
2.111e-23
2.03386e-23
1.9595e-23
1.88784e-23
1.81877e-23
1.7522e-23
1.68804e-23
1.62621e-23
1.56663e-23
1.50921e-23
1.45388e-23
1.40057e-23
1.34919e-23
1.29969e-23
1.252e-23
1.20605e-23
1.16178e-23
1.11912e-23
1.07803e-23
1.03844e-23
1.00029e-23
9.63531e-24
9.28115e-24
8.93994e-24
8.61121e-24
8.2945e-24
7.98938e-24
7.69543e-24
7.41226e-24
7.13947e-24
6.87668e-24
6.62354e-24
6.37969e-24
6.1448e-24
5.91854e-24
5.7006e-24
5.49068e-24
5.28848e-24
5.09373e-24
4.90615e-24
4.72548e-24
4.55144e-24
4.3838e-24
4.2223e-24
4.06674e-24
3.9169e-24
3.77256e-24
3.63353e-24
3.49962e-24
3.37063e-24
3.24639e-24
3.12672e-24
3.01145e-24
2.90043e-24
2.79351e-24
2.69052e-24
2.59133e-24
2.49579e-24
2.40378e-24
2.31517e-24
2.22982e-24
2.14762e-24
2.06846e-24
1.99222e-24
1.9188e-24
1.84809e-24
1.77999e-24
1.7144e-24
1.65122e-24
1.59036e-24
1.53175e-24
1.4753e-24
1.42092e-24
1.36854e-24
1.3181e-24
1.26951e-24
1.22271e-24
1.17764e-24
1.13423e-24
1.09242e-24
1.05215e-24
1.01336e-24
9.76005e-25
9.40026e-25
9.05375e-25
8.72001e-25
8.39859e-25
8.08902e-25
7.79088e-25
7.50374e-25
7.2272e-25
6.96087e-25
6.70437e-25
6.45735e-25
6.21944e-25
5.99033e-25
5.76968e-25
5.55715e-25
5.35243e-25
5.15525e-25
4.96532e-25
4.78239e-25
4.60618e-25
4.43646e-25
4.27299e-25
4.11553e-25
3.96387e-25
3.8178e-25
3.6771e-25
3.54158e-25
3.41106e-25
3.28534e-25
3.16426e-25
3.04763e-25
2.9353e-25
2.82711e-25
2.72291e-25
2.62255e-25
2.52589e-25
2.43279e-25
2.34313e-25
2.25677e-25
2.1736e-25
2.0935e-25
2.01635e-25
1.94205e-25
1.87049e-25
1.80158e-25
1.73521e-25
1.67129e-25
1.60973e-25
1.55045e-25
1.49336e-25
1.43837e-25
1.38541e-25
1.3344e-25
1.28527e-25
1.23795e-25
1.19237e-25
1.14847e-25
1.10619e-25
1.06548e-25
1.02626e-25
9.88494e-26
9.52121e-26
9.17091e-26
8.83357e-26
8.50869e-26
8.19583e-26
7.89455e-26
7.60442e-26
7.32504e-26
7.05601e-26
6.79695e-26
6.54751e-26
6.30733e-26
6.07607e-26
5.85341e-26
5.63903e-26
5.43263e-26
5.23393e-26
5.04264e-26
4.85849e-26
4.68122e-26
4.51059e-26
4.34635e-26
4.18827e-26
4.03613e-26
3.88971e-26
3.74881e-26
3.61322e-26
3.48276e-26
3.35724e-26
3.23649e-26
3.12032e-26
3.00859e-26
2.90112e-26
2.79777e-26
2.69838e-26
2.6028e-26
2.5109e-26
2.42255e-26
2.33762e-26
2.256e-26
2.17757e-26
2.10221e-26
2.02983e-26
1.96032e-26
1.89357e-26
1.82951e-26
1.76802e-26
1.70903e-26
1.65246e-26
1.59822e-26
1.54623e-26
1.49642e-26
1.44873e-26
1.40307e-26
1.35939e-26
1.31762e-26
1.27771e-26
1.23959e-26
1.20321e-26
1.16852e-26
1.13547e-26
1.10401e-26
1.07409e-26
1.04568e-26
1.01872e-26
9.93189e-27
9.69037e-27
9.46232e-27
9.2474e-27
9.0453e-27
8.85572e-27
8.67837e-27
8.51299e-27
8.35931e-27
8.21712e-27
8.08619e-27
7.96632e-27
7.85732e-27
7.75901e-27
7.67124e-27
7.59386e-27
7.52675e-27
7.46977e-27
7.42284e-27
7.38586e-27
7.35875e-27
7.34145e-27
7.33391e-27
7.33609e-27
7.34792e-27
7.36938e-27
7.40046e-27
7.44122e-27
7.49203e-27
7.55302e-27
7.62437e-27
7.7061e-27
7.79825e-27
7.90086e-27
8.01398e-27
