10
1e+16
5e+17
50
9.99992
18755.4
3.22864e-20
3.22376e-20
3.20928e-20
3.1938e-20
3.17777e-20
3.1613e-20
3.14444e-20
3.12723e-20
3.10966e-20
3.09175e-20
3.07351e-20
3.05494e-20
3.03611e-20
3.01701e-20
2.99763e-20
2.97798e-20
2.95805e-20
2.93785e-20
2.91738e-20
2.89663e-20
2.87563e-20
2.85439e-20
2.83292e-20
2.81123e-20
2.78932e-20
2.76719e-20
2.74486e-20
2.72234e-20
2.69963e-20
2.67673e-20
2.65365e-20
2.63041e-20
2.60701e-20
2.58346e-20
2.55975e-20
2.53591e-20
2.51194e-20
2.48785e-20
2.46363e-20
2.43931e-20
2.41488e-20
2.39036e-20
2.36576e-20
2.34108e-20
2.31632e-20
2.2915e-20
2.26663e-20
2.2417e-20
2.21674e-20
2.19173e-20
2.1667e-20
2.14164e-20
2.11657e-20
2.09148e-20
2.0664e-20
2.04131e-20
2.01624e-20
1.99118e-20
1.96615e-20
1.94114e-20
1.91617e-20
1.89124e-20
1.86636e-20
1.84154e-20
1.81677e-20
1.79207e-20
1.76743e-20
1.74287e-20
1.71839e-20
1.694e-20
1.6697e-20
1.64549e-20
1.62138e-20
1.59738e-20
1.57349e-20
1.54972e-20
1.52606e-20
1.50253e-20
1.47912e-20
1.45585e-20
1.43271e-20
1.40971e-20
1.38685e-20
1.36413e-20
1.34157e-20
1.31915e-20
1.2969e-20
1.2748e-20
1.25287e-20
1.2311e-20
1.2095e-20
1.18806e-20
1.1668e-20
1.14571e-20
1.12481e-20
1.10407e-20
1.08352e-20
1.06315e-20
1.04297e-20
1.02297e-20
1.00316e-20
9.8353e-21
9.64095e-21
9.44849e-21
9.25795e-21
9.06935e-21
8.88267e-21
8.69793e-21
8.51512e-21
8.33426e-21
8.15537e-21
7.97845e-21
7.80354e-21
7.63064e-21
7.45976e-21
7.29091e-21
7.12411e-21
6.95936e-21
6.79668e-21
6.63609e-21
6.4776e-21
6.32125e-21
6.16707e-21
6.0151e-21
5.86534e-21
5.71781e-21
5.57252e-21
5.42948e-21
5.28875e-21
5.15036e-21
5.01434e-21
4.88071e-21
4.74949e-21
4.6207e-21
4.49434e-21
4.37041e-21
4.24892e-21
4.12988e-21
4.01328e-21
3.8991e-21
3.78735e-21
3.67801e-21
3.57106e-21
3.46648e-21
3.36427e-21
3.2644e-21
3.16684e-21
3.07158e-21
2.97859e-21
2.88784e-21
2.79931e-21
2.71295e-21
2.62876e-21
2.5467e-21
2.46673e-21
2.38882e-21
2.31294e-21
2.23906e-21
2.16716e-21
2.09718e-21
2.0291e-21
1.96288e-21
1.8985e-21
1.8359e-21
1.77507e-21
1.71595e-21
1.65853e-21
1.60276e-21
1.54861e-21
1.49605e-21
1.44503e-21
1.39553e-21
1.34752e-21
1.30095e-21
1.25579e-21
1.21201e-21
1.16958e-21
1.12847e-21
1.08864e-21
1.05005e-21
1.01269e-21
9.76511e-22
9.41492e-22
9.07602e-22
8.74807e-22
8.43078e-22
8.12388e-22
7.82708e-22
7.54013e-22
7.26274e-22
6.99462e-22
6.73551e-22
6.48516e-22
6.24332e-22
6.00974e-22
5.7842e-22
5.56642e-22
5.35617e-22
5.15324e-22
4.95741e-22
4.76845e-22
4.58618e-22
4.41034e-22
4.24076e-22
4.07722e-22
3.91956e-22
3.76757e-22
3.62109e-22
3.47993e-22
3.34391e-22
3.21285e-22
3.08661e-22
2.96502e-22
2.84793e-22
2.73518e-22
2.62665e-22
2.52216e-22
2.42159e-22
2.3248e-22
2.23166e-22
2.14205e-22
2.05584e-22
1.97293e-22
1.89319e-22
1.81651e-22
1.74277e-22
1.67188e-22
1.60373e-22
1.53822e-22
1.47526e-22
1.41477e-22
1.35664e-22
1.3008e-22
1.24714e-22
1.1956e-22
1.1461e-22
1.09856e-22
1.05292e-22
1.00909e-22
9.67013e-23
9.2662e-23
8.87845e-23
8.50628e-23
8.14911e-23
7.80636e-23
7.47749e-23
7.16198e-23
6.85932e-23
6.569e-23
6.29053e-23
6.02343e-23
5.76728e-23
5.52164e-23
5.28611e-23
5.0603e-23
4.84383e-23
4.63632e-23
4.43744e-23
4.24684e-23
4.06416e-23
3.88909e-23
3.72133e-23
3.56058e-23
3.40658e-23
3.25905e-23
3.11772e-23
2.98236e-23
2.85271e-23
2.72856e-23
2.60966e-23
2.49579e-23
2.38675e-23
2.28235e-23
2.1824e-23
2.08671e-23
1.99511e-23
1.90743e-23
1.82351e-23
1.7432e-23
1.66635e-23
1.5928e-23
1.52241e-23
1.45506e-23
1.39062e-23
1.32896e-23
1.26998e-23
1.21355e-23
1.15957e-23
1.10795e-23
1.05857e-23
1.01135e-23
9.66198e-24
9.23013e-24
8.81715e-24
8.42225e-24
8.04466e-24
7.68363e-24
7.33847e-24
7.00851e-24
6.69308e-24
6.39158e-24
6.1034e-24
5.82797e-24
5.56475e-24
5.31317e-24
5.07273e-24
4.84295e-24
4.62338e-24
4.41356e-24
4.21308e-24
4.02153e-24
3.83853e-24
3.6637e-24
3.4967e-24
3.33717e-24
3.18479e-24
3.03926e-24
2.90027e-24
2.76751e-24
2.64071e-24
2.51961e-24
2.40396e-24
2.29353e-24
2.18807e-24
2.08738e-24
1.99123e-24
1.89944e-24
1.81181e-24
1.72816e-24
1.6483e-24
1.57207e-24
1.49931e-24
1.42987e-24
1.36359e-24
1.30032e-24
1.23993e-24
1.1823e-24
1.1273e-24
1.07482e-24
1.02473e-24
9.76941e-25
9.31341e-25
8.87834e-25
8.46325e-25
8.06726e-25
7.6895e-25
7.32915e-25
6.98543e-25
6.65758e-25
6.34484e-25
6.04653e-25
5.762e-25
5.49062e-25
5.23179e-25
4.98496e-25
4.74957e-25
4.5251e-25
4.31106e-25
4.10697e-25
3.91239e-25
3.72687e-25
3.55e-25
3.3814e-25
3.22067e-25
3.06746e-25
2.92143e-25
2.78222e-25
2.64953e-25
2.52305e-25
2.4025e-25
2.28761e-25
2.17811e-25
2.07376e-25
1.97433e-25
1.87957e-25
1.78928e-25
1.70326e-25
1.6213e-25
1.54322e-25
1.46883e-25
1.39797e-25
1.33046e-25
1.26617e-25
1.20493e-25
1.14661e-25
1.09105e-25
1.03814e-25
9.87745e-26
9.39752e-26
8.94046e-26
8.50523e-26
8.09079e-26
7.69617e-26
7.32045e-26
6.96273e-26
6.62217e-26
6.29797e-26
5.98935e-26
5.69558e-26
5.41597e-26
5.14983e-26
4.89655e-26
4.6555e-26
4.42612e-26
4.20784e-26
4.00015e-26
3.80253e-26
3.6145e-26
3.43558e-26
3.26536e-26
3.1034e-26
2.94933e-26
2.80277e-26
2.66335e-26
2.53073e-26
2.4046e-26
2.28464e-26
2.17055e-26
2.06206e-26
1.95889e-26
1.8608e-26
1.76753e-26
1.67885e-26
1.59455e-26
1.51441e-26
1.43823e-26
1.36582e-26
1.297e-26
1.23159e-26
1.16944e-26
1.11037e-26
1.05423e-26
1.00089e-26
9.50204e-27
9.02047e-27
8.56295e-27
8.12832e-27
7.71546e-27
7.32331e-27
6.95087e-27
6.59717e-27
6.2613e-27
5.94238e-27
5.6396e-27
5.35216e-27
5.07932e-27
4.82036e-27
4.5746e-27
4.3414e-27
4.12014e-27
3.91024e-27
3.71116e-27
3.52235e-27
3.34332e-27
3.1736e-27
3.01272e-27
2.86027e-27
2.71581e-27
2.57896e-27
2.44935e-27
2.32663e-27
2.21047e-27
2.10056e-27
1.9966e-27
1.89831e-27
1.80542e-27
1.71769e-27
1.63486e-27
1.55672e-27
1.48305e-27
1.41365e-27
1.34833e-27
1.28691e-27
1.22922e-27
1.17509e-27
1.12439e-27
1.07697e-27
1.03269e-27
9.91438e-28
9.53096e-28
9.17556e-28
8.84719e-28
8.54493e-28
8.26792e-28
8.01538e-28
7.78653e-28
7.58106e-28
7.39877e-28
7.2393e-28
7.10214e-28
6.9872e-28
6.89407e-28
6.82241e-28
6.77191e-28
6.74235e-28
6.73353e-28
6.74535e-28
6.77774e-28
6.83072e-28
6.90432e-28
6.99868e-28
