10
5e+17
1e+18
49.9997
9.99965
18755.4
2.7935e-20
2.793e-20
2.79105e-20
2.78853e-20
2.78545e-20
2.78183e-20
2.77767e-20
2.77296e-20
2.76772e-20
2.76194e-20
2.75564e-20
2.74881e-20
2.74146e-20
2.73359e-20
2.72522e-20
2.71633e-20
2.70694e-20
2.69706e-20
2.68668e-20
2.67582e-20
2.66448e-20
2.65266e-20
2.64038e-20
2.62764e-20
2.61445e-20
2.60081e-20
2.58674e-20
2.57224e-20
2.55732e-20
2.54198e-20
2.52624e-20
2.51011e-20
2.49358e-20
2.47668e-20
2.45942e-20
2.44179e-20
2.42381e-20
2.4055e-20
2.38685e-20
2.36788e-20
2.34861e-20
2.32903e-20
2.30916e-20
2.28901e-20
2.2686e-20
2.24792e-20
2.22699e-20
2.20583e-20
2.18444e-20
2.16283e-20
2.14102e-20
2.11901e-20
2.09681e-20
2.07444e-20
2.0519e-20
2.02921e-20
2.00638e-20
1.98341e-20
1.96032e-20
1.93712e-20
1.91382e-20
1.89043e-20
1.86695e-20
1.84341e-20
1.8198e-20
1.79615e-20
1.77245e-20
1.74872e-20
1.72497e-20
1.70121e-20
1.67744e-20
1.65368e-20
1.62994e-20
1.60622e-20
1.58253e-20
1.55888e-20
1.53529e-20
1.51175e-20
1.48829e-20
1.46489e-20
1.44158e-20
1.41836e-20
1.39524e-20
1.37222e-20
1.34932e-20
1.32653e-20
1.30387e-20
1.28135e-20
1.25896e-20
1.23672e-20
1.21463e-20
1.19269e-20
1.17092e-20
1.14932e-20
1.12789e-20
1.10664e-20
1.08557e-20
1.06469e-20
1.044e-20
1.02351e-20
1.00322e-20
9.83132e-21
9.63252e-21
9.43583e-21
9.24128e-21
9.04891e-21
8.85873e-21
8.67079e-21
8.4851e-21
8.30168e-21
8.12057e-21
7.94177e-21
7.76531e-21
7.5912e-21
7.41946e-21
7.25011e-21
7.08315e-21
6.9186e-21
6.75646e-21
6.59675e-21
6.43946e-21
6.28462e-21
6.13221e-21
5.98226e-21
5.83475e-21
5.68968e-21
5.54707e-21
5.40689e-21
5.26916e-21
5.13387e-21
5.00101e-21
4.87059e-21
4.74258e-21
4.61699e-21
4.4938e-21
4.373e-21
4.25457e-21
4.13851e-21
4.02479e-21
3.9134e-21
3.80432e-21
3.69754e-21
3.59302e-21
3.49076e-21
3.39072e-21
3.29289e-21
3.19724e-21
3.10375e-21
3.01239e-21
2.92313e-21
2.83596e-21
2.75084e-21
2.66775e-21
2.58666e-21
2.50754e-21
2.43036e-21
2.3551e-21
2.28172e-21
2.21019e-21
2.14049e-21
2.07259e-21
2.00645e-21
1.94205e-21
1.87935e-21
1.81832e-21
1.75894e-21
1.70118e-21
1.645e-21
1.59037e-21
1.53726e-21
1.48565e-21
1.4355e-21
1.38678e-21
1.33947e-21
1.29352e-21
1.24892e-21
1.20564e-21
1.16364e-21
1.12289e-21
1.08338e-21
1.04506e-21
1.00791e-21
9.7191e-22
9.37025e-22
9.03229e-22
8.70495e-22
8.38797e-22
8.08109e-22
7.78407e-22
7.49663e-22
7.21854e-22
6.94954e-22
6.6894e-22
6.43788e-22
6.19474e-22
5.95976e-22
5.73271e-22
5.51336e-22
5.30151e-22
5.09693e-22
4.89942e-22
4.70878e-22
4.5248e-22
4.34728e-22
4.17604e-22
4.01088e-22
3.85163e-22
3.6981e-22
3.55011e-22
3.4075e-22
3.27009e-22
3.13772e-22
3.01023e-22
2.88747e-22
2.76928e-22
2.65551e-22
2.54603e-22
2.44068e-22
2.33933e-22
2.24184e-22
2.1481e-22
2.05796e-22
1.97132e-22
1.88804e-22
1.80802e-22
1.73113e-22
1.65726e-22
1.58632e-22
1.5182e-22
1.4528e-22
1.39002e-22
1.32976e-22
1.27194e-22
1.21646e-22
1.16324e-22
1.1122e-22
1.06325e-22
1.01632e-22
9.71326e-23
9.28204e-23
8.86879e-23
8.47282e-23
8.09346e-23
7.73009e-23
7.38209e-23
7.04885e-23
6.72981e-23
6.4244e-23
6.13209e-23
5.85236e-23
5.58469e-23
5.32862e-23
5.08367e-23
4.8494e-23
4.62538e-23
4.41118e-23
4.20642e-23
4.01069e-23
3.82364e-23
3.64489e-23
3.47411e-23
3.31095e-23
3.1551e-23
3.00626e-23
2.86412e-23
2.72841e-23
2.59885e-23
2.47518e-23
2.35715e-23
2.24451e-23
2.13703e-23
2.03448e-23
1.93666e-23
1.84335e-23
1.75437e-23
1.66951e-23
1.5886e-23
1.51146e-23
1.43793e-23
1.36785e-23
1.30106e-23
1.23741e-23
1.17677e-23
1.11899e-23
1.06395e-23
1.01153e-23
9.61601e-24
9.14056e-24
8.68785e-24
8.25684e-24
7.84654e-24
7.45599e-24
7.08427e-24
6.7305e-24
6.39385e-24
6.07353e-24
5.76878e-24
5.47887e-24
5.20311e-24
4.94082e-24
4.69139e-24
4.4542e-24
4.22867e-24
4.01425e-24
3.81041e-24
3.61663e-24
3.43245e-24
3.25739e-24
3.09103e-24
2.93295e-24
2.78274e-24
2.64004e-24
2.50447e-24
2.37569e-24
2.25337e-24
2.1372e-24
2.02688e-24
1.92212e-24
1.82265e-24
1.7282e-24
1.63854e-24
1.55341e-24
1.47261e-24
1.39592e-24
1.32313e-24
1.25406e-24
1.18851e-24
1.12631e-24
1.0673e-24
1.01132e-24
9.58209e-25
9.07832e-25
8.6005e-25
8.1473e-25
7.71748e-25
7.30987e-25
6.92334e-25
6.55684e-25
6.20934e-25
5.8799e-25
5.56758e-25
5.27153e-25
4.99092e-25
4.72495e-25
4.47289e-25
4.23401e-25
4.00766e-25
3.79318e-25
3.58997e-25
3.39743e-25
3.21503e-25
3.04223e-25
2.87854e-25
2.72349e-25
2.57664e-25
2.43755e-25
2.30584e-25
2.18111e-25
2.063e-25
1.95118e-25
1.8453e-25
1.74507e-25
1.65018e-25
1.56036e-25
1.47535e-25
1.39488e-25
1.31872e-25
1.24665e-25
1.17844e-25
1.11389e-25
1.05282e-25
9.95028e-26
9.40355e-26
8.8863e-26
8.397e-26
7.93415e-26
7.49635e-26
7.08228e-26
6.69067e-26
6.32032e-26
5.97012e-26
5.63898e-26
5.32588e-26
5.02986e-26
4.75001e-26
4.48544e-26
4.23533e-26
3.99892e-26
3.77546e-26
3.56426e-26
3.36466e-26
3.17603e-26
2.99779e-26
2.82936e-26
2.67023e-26
2.51989e-26
2.37786e-26
2.24369e-26
2.11696e-26
1.99726e-26
1.8842e-26
1.77744e-26
1.67662e-26
1.58142e-26
1.49153e-26
1.40667e-26
1.32655e-26
1.25092e-26
1.17953e-26
1.11213e-26
1.04853e-26
9.88497e-27
9.31846e-27
8.78388e-27
8.27948e-27
7.80358e-27
7.35461e-27
6.93109e-27
6.53159e-27
6.15479e-27
5.79943e-27
5.46432e-27
5.14833e-27
4.85039e-27
4.5695e-27
4.30472e-27
4.05513e-27
3.81989e-27
3.5982e-27
3.3893e-27
3.19246e-27
3.00701e-27
2.83229e-27
2.66772e-27
2.51272e-27
2.36676e-27
2.22932e-27
2.09992e-27
1.97813e-27
1.86349e-27
1.75562e-27
1.65413e-27
1.55866e-27
1.46888e-27
1.38446e-27
1.30509e-27
1.23051e-27
1.16043e-27
1.09461e-27
1.03281e-27
9.74796e-28
9.20364e-28
8.69312e-28
8.21453e-28
7.7661e-28
7.34617e-28
6.95317e-28
6.58559e-28
6.24205e-28
5.92125e-28
5.62197e-28
5.34307e-28
5.08347e-28
4.84217e-28
4.61823e-28
4.41075e-28
4.21892e-28
4.04197e-28
3.87917e-28
3.72986e-28
3.59341e-28
3.46924e-28
3.35682e-28
3.25565e-28
3.16526e-28
3.08525e-28
3.01521e-28
2.95481e-28
2.90371e-28
2.86162e-28
2.82829e-28
2.80349e-28
2.787e-28
2.77864e-28
2.77828e-28
2.78573e-28
2.80105e-28
2.82431e-28
2.85552e-28
2.89461e-28
2.94172e-28
2.99681e-28
3.05988e-28
3.13096e-28
3.21008e-28
3.2973e-28
3.39271e-28
3.49642e-28
3.60854e-28
3.72922e-28
3.85864e-28
