20
5e+17
2e+18
50
20
26524.1
1.3212e-20
1.31956e-20
1.3146e-20
1.3092e-20
1.30351e-20
1.29757e-20
1.2914e-20
1.285e-20
1.27841e-20
1.27162e-20
1.26463e-20
1.25744e-20
1.25006e-20
1.24248e-20
1.2347e-20
1.22674e-20
1.21861e-20
1.2103e-20
1.20182e-20
1.19316e-20
1.18435e-20
1.17537e-20
1.16624e-20
1.15695e-20
1.14753e-20
1.13796e-20
1.12825e-20
1.11842e-20
1.10846e-20
1.09838e-20
1.08818e-20
1.07787e-20
1.06746e-20
1.05695e-20
1.04634e-20
1.03565e-20
1.02486e-20
1.01399e-20
1.00305e-20
9.92038e-21
9.80955e-21
9.6981e-21
9.58608e-21
9.47354e-21
9.36053e-21
9.2471e-21
9.13329e-21
9.01913e-21
8.90468e-21
8.78998e-21
8.67509e-21
8.56003e-21
8.44487e-21
8.32963e-21
8.21437e-21
8.09913e-21
7.98395e-21
7.86886e-21
7.75391e-21
7.63916e-21
7.52463e-21
7.41037e-21
7.2964e-21
7.18276e-21
7.06948e-21
6.9566e-21
6.84417e-21
6.7322e-21
6.62074e-21
6.5098e-21
6.39942e-21
6.28963e-21
6.18046e-21
6.07194e-21
5.96407e-21
5.8569e-21
5.75045e-21
5.64474e-21
5.5398e-21
5.43566e-21
5.33233e-21
5.22984e-21
5.12822e-21
5.02748e-21
4.92766e-21
4.82877e-21
4.73083e-21
4.63389e-21
4.53795e-21
4.44304e-21
4.34918e-21
4.2564e-21
4.16474e-21
4.0742e-21
3.98483e-21
3.89663e-21
3.80963e-21
3.72383e-21
3.63926e-21
3.55592e-21
3.47382e-21
3.39297e-21
3.31339e-21
3.23507e-21
3.15801e-21
3.08222e-21
3.00771e-21
2.93448e-21
2.86252e-21
2.79184e-21
2.72243e-21
2.65429e-21
2.58741e-21
2.52179e-21
2.45742e-21
2.39429e-21
2.33241e-21
2.27176e-21
2.21232e-21
2.1541e-21
2.09707e-21
2.04124e-21
1.98659e-21
1.93311e-21
1.88078e-21
1.82959e-21
1.77953e-21
1.73059e-21
1.68275e-21
1.63599e-21
1.59031e-21
1.54568e-21
1.5021e-21
1.45955e-21
1.41801e-21
1.37747e-21
1.33791e-21
1.29931e-21
1.26167e-21
1.22496e-21
1.18917e-21
1.15428e-21
1.12027e-21
1.08714e-21
1.05485e-21
1.02341e-21
9.92788e-22
9.6297e-22
9.33941e-22
9.05684e-22
8.78185e-22
8.51428e-22
8.25399e-22
8.00082e-22
7.75459e-22
7.51515e-22
7.28235e-22
7.05605e-22
6.8361e-22
6.62238e-22
6.41473e-22
6.21299e-22
6.01701e-22
5.82667e-22
5.64184e-22
5.46238e-22
5.28816e-22
5.11906e-22
4.95496e-22
4.79572e-22
4.64121e-22
4.49131e-22
4.34589e-22
4.20484e-22
4.06806e-22
3.93543e-22
3.80684e-22
3.6822e-22
3.56138e-22
3.44428e-22
3.33078e-22
3.2208e-22
3.11424e-22
3.011e-22
2.911e-22
2.81413e-22
2.72033e-22
2.6295e-22
2.54153e-22
2.45636e-22
2.37389e-22
2.29406e-22
2.21679e-22
2.14199e-22
2.06961e-22
1.99957e-22
1.9318e-22
1.86624e-22
1.80281e-22
1.74145e-22
1.68209e-22
1.62468e-22
1.56914e-22
1.51544e-22
1.4635e-22
1.41328e-22
1.36473e-22
1.31779e-22
1.27242e-22
1.22856e-22
1.18617e-22
1.14519e-22
1.10559e-22
1.06731e-22
1.03032e-22
9.94572e-23
9.60031e-23
9.26657e-23
8.94413e-23
8.63264e-23
8.33174e-23
8.0411e-23
7.76037e-23
7.48925e-23
7.22741e-23
6.97451e-23
6.73026e-23
6.49437e-23
6.26657e-23
6.0466e-23
5.8342e-23
5.62912e-23
5.43112e-23
5.23997e-23
5.05543e-23
4.8773e-23
4.70535e-23
4.53938e-23
4.37919e-23
4.22458e-23
4.07535e-23
3.9313e-23
3.79227e-23
3.65808e-23
3.52858e-23
3.4036e-23
3.28299e-23
3.1666e-23
3.0543e-23
2.94593e-23
2.84138e-23
2.7405e-23
2.64317e-23
2.54927e-23
2.45869e-23
2.3713e-23
2.28701e-23
2.20568e-23
2.12721e-23
2.05151e-23
1.97848e-23
1.90803e-23
1.84007e-23
1.77451e-23
1.71127e-23
1.65028e-23
1.59144e-23
1.53469e-23
1.47996e-23
1.42717e-23
1.37626e-23
1.32716e-23
1.2798e-23
1.23414e-23
1.1901e-23
1.14763e-23
1.10667e-23
1.06717e-23
1.02907e-23
9.92321e-24
9.56883e-24
9.22706e-24
8.89746e-24
8.57961e-24
8.27308e-24
7.97749e-24
7.69245e-24
7.41758e-24
7.15253e-24
6.89695e-24
6.6505e-24
6.41287e-24
6.18374e-24
5.96281e-24
5.7498e-24
5.54441e-24
5.34639e-24
5.15546e-24
4.97134e-24
4.7938e-24
4.62259e-24
4.4575e-24
4.2983e-24
4.14478e-24
3.99676e-24
3.85402e-24
3.71638e-24
3.58367e-24
3.4557e-24
3.33232e-24
3.21334e-24
3.09863e-24
2.98802e-24
2.88137e-24
2.77854e-24
2.6794e-24
2.58381e-24
2.49164e-24
2.40278e-24
2.3171e-24
2.2345e-24
2.15486e-24
2.07807e-24
2.00404e-24
1.93266e-24
1.86382e-24
1.79744e-24
1.73343e-24
1.67171e-24
1.61219e-24
1.5548e-24
1.49945e-24
1.44609e-24
1.39463e-24
1.34501e-24
1.29716e-24
1.25102e-24
1.20653e-24
1.16363e-24
1.12226e-24
1.08237e-24
1.04391e-24
1.00682e-24
9.71061e-25
9.36577e-25
9.03325e-25
8.71263e-25
8.40347e-25
8.10536e-25
7.81791e-25
7.54074e-25
7.27349e-25
7.01579e-25
6.76731e-25
6.52767e-25
6.29656e-25
6.07367e-25
5.85871e-25
5.6514e-25
5.45147e-25
5.25864e-25
5.07268e-25
4.89334e-25
4.72037e-25
4.55355e-25
4.39267e-25
4.23751e-25
4.08787e-25
3.94355e-25
3.80437e-25
3.67013e-25
3.54066e-25
3.4158e-25
3.29538e-25
3.17925e-25
3.06724e-25
2.95921e-25
2.85502e-25
2.75454e-25
2.65763e-25
2.56417e-25
2.47403e-25
2.38709e-25
2.30325e-25
2.22238e-25
2.1444e-25
2.06918e-25
1.99664e-25
1.92668e-25
1.85921e-25
1.79412e-25
1.73134e-25
1.67079e-25
1.61237e-25
1.55602e-25
1.50167e-25
1.44924e-25
1.39866e-25
1.34988e-25
1.30282e-25
1.25743e-25
1.21365e-25
1.17141e-25
1.13068e-25
1.09138e-25
1.05348e-25
1.01692e-25
9.81654e-26
9.4764e-26
9.14832e-26
8.83188e-26
8.52666e-26
8.23229e-26
7.94836e-26
7.67452e-26
7.41042e-26
7.15571e-26
6.91006e-26
6.67317e-26
6.44471e-26
6.2244e-26
6.01196e-26
5.8071e-26
5.60957e-26
5.41911e-26
5.23548e-26
5.05844e-26
4.88776e-26
4.72323e-26
4.56462e-26
4.41175e-26
4.2644e-26
4.1224e-26
3.98556e-26
3.8537e-26
3.72663e-26
3.60419e-26
3.48622e-26
3.37257e-26
3.26311e-26
3.15768e-26
3.05615e-26
2.9584e-26
2.86429e-26
2.77372e-26
2.68656e-26
2.60271e-26
2.52205e-26
2.44449e-26
2.36992e-26
2.29825e-26
2.22939e-26
2.16326e-26
2.09976e-26
2.03882e-26
1.98036e-26
1.92431e-26
1.87059e-26
1.81913e-26
1.76988e-26
1.72276e-26
1.67772e-26
1.6347e-26
1.59365e-26
1.55451e-26
1.51723e-26
1.48177e-26
1.44808e-26
1.41611e-26
1.38584e-26
1.35721e-26
1.33019e-26
1.30474e-26
1.28084e-26
1.25845e-26
1.23755e-26
1.2181e-26
1.20008e-26
1.18347e-26
1.16825e-26
1.15439e-26
1.14188e-26
1.1307e-26
1.12083e-26
1.11227e-26
1.105e-26
1.099e-26
1.09428e-26
1.09082e-26
1.08862e-26
1.08766e-26
1.08795e-26
1.08947e-26
1.09224e-26
1.09632e-26
1.1017e-26
1.10843e-26
1.1165e-26
1.1259e-26
1.13665e-26
1.14875e-26
