2
5e+17
2e+18
49.9998
1.99999
8387.66
3.04208e-19
3.04194e-19
3.04099e-19
3.03945e-19
3.03731e-19
3.03458e-19
3.03124e-19
3.0273e-19
3.02276e-19
3.01763e-19
3.0119e-19
3.00558e-19
2.99868e-19
2.99119e-19
2.98313e-19
2.97449e-19
2.96529e-19
2.95552e-19
2.9452e-19
2.93432e-19
2.92291e-19
2.91095e-19
2.89846e-19
2.88545e-19
2.87193e-19
2.85789e-19
2.84336e-19
2.82834e-19
2.81283e-19
2.79684e-19
2.7804e-19
2.76349e-19
2.74614e-19
2.72836e-19
2.71014e-19
2.69151e-19
2.67248e-19
2.65305e-19
2.63323e-19
2.61304e-19
2.59248e-19
2.57157e-19
2.55033e-19
2.52875e-19
2.50685e-19
2.48464e-19
2.46214e-19
2.43936e-19
2.4163e-19
2.39298e-19
2.36942e-19
2.34562e-19
2.32159e-19
2.29735e-19
2.2729e-19
2.24827e-19
2.22346e-19
2.19849e-19
2.17336e-19
2.14808e-19
2.12268e-19
2.09716e-19
2.07153e-19
2.04581e-19
2.02e-19
1.99411e-19
1.96817e-19
1.94218e-19
1.91614e-19
1.89008e-19
1.86399e-19
1.83791e-19
1.81182e-19
1.78574e-19
1.75969e-19
1.73368e-19
1.7077e-19
1.68178e-19
1.65593e-19
1.63014e-19
1.60443e-19
1.57882e-19
1.5533e-19
1.52789e-19
1.50259e-19
1.47742e-19
1.45238e-19
1.42748e-19
1.40272e-19
1.37812e-19
1.35368e-19
1.3294e-19
1.30531e-19
1.28139e-19
1.25766e-19
1.23412e-19
1.21078e-19
1.18764e-19
1.16471e-19
1.142e-19
1.1195e-19
1.09723e-19
1.07519e-19
1.05338e-19
1.03181e-19
1.01047e-19
9.89383e-20
9.68539e-20
9.47944e-20
9.27602e-20
9.07514e-20
8.87685e-20
8.68115e-20
8.48806e-20
8.29761e-20
8.10982e-20
7.92469e-20
7.74223e-20
7.56247e-20
7.3854e-20
7.21104e-20
7.03938e-20
6.87044e-20
6.70421e-20
6.5407e-20
6.3799e-20
6.2218e-20
6.06641e-20
5.91372e-20
5.76372e-20
5.61641e-20
5.47176e-20
5.32977e-20
5.19043e-20
5.05372e-20
4.91963e-20
4.78814e-20
4.65923e-20
4.53289e-20
4.40909e-20
4.28781e-20
4.16904e-20
4.05274e-20
3.9389e-20
3.8275e-20
3.7185e-20
3.61188e-20
3.50762e-20
3.40569e-20
3.30606e-20
3.2087e-20
3.11358e-20
3.02068e-20
2.92997e-20
2.84141e-20
2.75498e-20
2.67064e-20
2.58837e-20
2.50813e-20
2.42989e-20
2.35362e-20
2.27929e-20
2.20687e-20
2.13632e-20
2.06761e-20
2.00071e-20
1.93559e-20
1.87221e-20
1.81055e-20
1.75057e-20
1.69223e-20
1.63551e-20
1.58038e-20
1.5268e-20
1.47474e-20
1.42418e-20
1.37507e-20
1.32738e-20
1.2811e-20
1.23618e-20
1.1926e-20
1.15033e-20
1.10933e-20
1.06958e-20
1.03104e-20
9.93697e-21
9.57514e-21
9.22464e-21
8.88519e-21
8.55651e-21
8.23835e-21
7.93042e-21
7.63248e-21
7.34426e-21
7.06551e-21
6.79598e-21
6.53542e-21
6.28359e-21
6.04026e-21
5.80519e-21
5.57814e-21
5.3589e-21
5.14725e-21
4.94297e-21
4.74584e-21
4.55566e-21
4.37222e-21
4.19533e-21
4.02479e-21
3.8604e-21
3.70199e-21
3.54936e-21
3.40235e-21
3.26076e-21
3.12445e-21
2.99323e-21
2.86694e-21
2.74543e-21
2.62854e-21
2.51612e-21
2.40803e-21
2.30411e-21
2.20424e-21
2.10827e-21
2.01607e-21
1.92751e-21
1.84248e-21
1.76083e-21
1.68247e-21
1.60727e-21
1.53512e-21
1.46591e-21
1.39954e-21
1.3359e-21
1.2749e-21
1.21644e-21
1.16042e-21
1.10675e-21
1.05536e-21
1.00614e-21
9.59023e-22
9.13926e-22
8.70772e-22
8.29486e-22
7.89995e-22
7.5223e-22
7.16123e-22
6.81609e-22
6.48626e-22
6.17111e-22
5.87006e-22
5.58255e-22
5.30802e-22
5.04594e-22
4.79581e-22
4.55713e-22
4.32943e-22
4.11225e-22
3.90515e-22
3.7077e-22
3.5195e-22
3.34015e-22
3.16927e-22
3.0065e-22
2.85149e-22
2.70389e-22
2.5634e-22
2.42968e-22
2.30246e-22
2.18143e-22
2.06632e-22
1.95687e-22
1.85282e-22
1.75393e-22
1.65996e-22
1.57068e-22
1.48589e-22
1.40538e-22
1.32894e-22
1.25638e-22
1.18753e-22
1.12221e-22
1.06025e-22
1.00149e-22
9.45784e-23
8.9298e-23
8.42941e-23
7.95533e-23
7.50627e-23
7.08101e-23
6.67839e-23
6.29729e-23
5.93664e-23
5.59542e-23
5.27267e-23
4.96745e-23
4.67888e-23
4.40611e-23
4.14833e-23
3.90479e-23
3.67474e-23
3.45749e-23
3.25237e-23
3.05876e-23
2.87604e-23
2.70365e-23
2.54104e-23
2.38768e-23
2.24309e-23
2.1068e-23
1.97836e-23
1.85734e-23
1.74335e-23
1.63599e-23
1.53491e-23
1.43976e-23
1.35022e-23
1.26597e-23
1.18672e-23
1.11218e-23
1.0421e-23
9.76226e-24
9.14315e-24
8.56144e-24
8.015e-24
7.5018e-24
7.01994e-24
6.5676e-24
6.14307e-24
5.74474e-24
5.37107e-24
5.02062e-24
4.69201e-24
4.38397e-24
4.09526e-24
3.82473e-24
3.57131e-24
3.33395e-24
3.1117e-24
2.90364e-24
2.70891e-24
2.52669e-24
2.35622e-24
2.19678e-24
2.04769e-24
1.90831e-24
1.77803e-24
1.65629e-24
1.54256e-24
1.43633e-24
1.33713e-24
1.24452e-24
1.15807e-24
1.0774e-24
1.00214e-24
9.3193e-25
8.6646e-25
8.05419e-25
7.48519e-25
6.95493e-25
6.46086e-25
6.00063e-25
5.57201e-25
5.17292e-25
4.80141e-25
4.45564e-25
4.13391e-25
3.83461e-25
3.55624e-25
3.29739e-25
3.05674e-25
2.83307e-25
2.62523e-25
2.43212e-25
2.25276e-25
2.0862e-25
1.93155e-25
1.788e-25
1.65477e-25
1.53116e-25
1.4165e-25
1.31015e-25
1.21154e-25
1.12013e-25
1.0354e-25
9.56889e-26
8.84151e-26
8.16777e-26
7.54385e-26
6.96619e-26
6.43147e-26
5.9366e-26
5.47872e-26
5.05514e-26
4.66337e-26
4.30111e-26
3.96621e-26
3.65665e-26
3.37059e-26
3.10629e-26
2.86215e-26
2.63668e-26
2.42849e-26
2.2363e-26
2.05892e-26
1.89524e-26
1.74422e-26
1.60493e-26
1.47647e-26
1.35804e-26
1.24886e-26
1.14823e-26
1.05551e-26
9.70092e-27
8.91413e-27
8.1896e-27
7.52251e-27
6.90845e-27
6.3433e-27
5.82329e-27
5.3449e-27
4.90489e-27
4.50027e-27
4.12826e-27
3.78632e-27
3.47208e-27
3.18335e-27
2.91812e-27
2.67453e-27
2.45085e-27
2.24552e-27
2.05706e-27
1.88413e-27
1.72549e-27
1.57999e-27
1.44657e-27
1.32425e-27
1.21216e-27
1.10945e-27
1.01537e-27
9.29229e-28
8.50376e-28
7.78219e-28
7.12212e-28
6.51855e-28
5.96686e-28
5.46282e-28
5.00253e-28
4.58241e-28
4.1992e-28
3.84987e-28
3.53167e-28
3.24206e-28
2.97871e-28
2.73951e-28
2.52251e-28
2.32592e-28
2.14811e-28
1.98759e-28
1.843e-28
1.71311e-28
1.59677e-28
1.49297e-28
1.40075e-28
1.31928e-28
1.24777e-28
1.18553e-28
1.13193e-28
1.08639e-28
1.04841e-28
1.01753e-28
9.93334e-29
9.75465e-29
9.63599e-29
9.57454e-29
9.56785e-29
9.6138e-29
9.71058e-29
9.8567e-29
1.00509e-28
1.02923e-28
1.058e-28
1.09137e-28
1.1293e-28
1.17178e-28
1.21883e-28
1.27048e-28
1.32677e-28
1.38778e-28
1.45357e-28
1.52425e-28
1.59993e-28
1.68074e-28
1.76681e-28
1.85832e-28
1.95541e-28
2.05829e-28
2.16713e-28
2.28217e-28
2.40361e-28
2.5317e-28
