10
1e+17
2e+17
49.9999
9.99974
18755.4
2.78767e-20
2.7872e-20
2.78531e-20
2.78285e-20
2.77985e-20
2.77629e-20
2.7722e-20
2.76756e-20
2.76239e-20
2.75669e-20
2.75045e-20
2.74369e-20
2.73642e-20
2.72862e-20
2.72032e-20
2.71151e-20
2.7022e-20
2.69239e-20
2.68209e-20
2.6713e-20
2.66003e-20
2.64829e-20
2.63608e-20
2.62342e-20
2.6103e-20
2.59674e-20
2.58274e-20
2.56831e-20
2.55346e-20
2.5382e-20
2.52254e-20
2.50648e-20
2.49003e-20
2.4732e-20
2.45601e-20
2.43845e-20
2.42055e-20
2.4023e-20
2.38373e-20
2.36483e-20
2.34562e-20
2.32612e-20
2.30632e-20
2.28624e-20
2.26589e-20
2.24528e-20
2.22442e-20
2.20332e-20
2.18199e-20
2.16045e-20
2.1387e-20
2.11675e-20
2.09461e-20
2.0723e-20
2.04983e-20
2.02719e-20
2.00442e-20
1.98151e-20
1.95848e-20
1.93534e-20
1.91209e-20
1.88875e-20
1.86533e-20
1.84184e-20
1.81828e-20
1.79468e-20
1.77103e-20
1.74735e-20
1.72365e-20
1.69993e-20
1.67621e-20
1.65249e-20
1.62879e-20
1.60512e-20
1.58147e-20
1.55787e-20
1.53432e-20
1.51082e-20
1.48739e-20
1.46404e-20
1.44076e-20
1.41758e-20
1.39449e-20
1.37151e-20
1.34864e-20
1.32589e-20
1.30326e-20
1.28077e-20
1.25841e-20
1.2362e-20
1.21414e-20
1.19223e-20
1.17049e-20
1.14892e-20
1.12751e-20
1.10629e-20
1.08524e-20
1.06439e-20
1.04372e-20
1.02326e-20
1.00299e-20
9.82922e-21
9.63064e-21
9.43416e-21
9.23982e-21
9.04764e-21
8.85767e-21
8.66992e-21
8.48441e-21
8.30118e-21
8.12024e-21
7.94162e-21
7.76533e-21
7.59139e-21
7.41981e-21
7.25062e-21
7.08381e-21
6.91941e-21
6.75742e-21
6.59785e-21
6.4407e-21
6.28599e-21
6.13372e-21
5.98389e-21
5.8365e-21
5.69156e-21
5.54905e-21
5.40899e-21
5.27136e-21
5.13617e-21
5.00341e-21
4.87308e-21
4.74516e-21
4.61965e-21
4.49654e-21
4.37581e-21
4.25745e-21
4.14145e-21
4.02779e-21
3.91645e-21
3.80742e-21
3.70068e-21
3.5962e-21
3.49396e-21
3.39395e-21
3.29615e-21
3.20052e-21
3.10704e-21
3.01569e-21
2.92644e-21
2.83927e-21
2.75415e-21
2.67106e-21
2.58995e-21
2.51082e-21
2.43363e-21
2.35834e-21
2.28494e-21
2.21339e-21
2.14366e-21
2.07573e-21
2.00955e-21
1.94511e-21
1.88238e-21
1.82131e-21
1.76189e-21
1.70408e-21
1.64786e-21
1.59318e-21
1.54002e-21
1.48836e-21
1.43816e-21
1.38939e-21
1.34202e-21
1.29602e-21
1.25136e-21
1.20802e-21
1.16597e-21
1.12516e-21
1.08559e-21
1.04721e-21
1.01001e-21
9.7395e-22
9.39007e-22
9.05152e-22
8.7236e-22
8.40604e-22
8.09859e-22
7.80099e-22
7.51299e-22
7.23433e-22
6.96477e-22
6.70407e-22
6.452e-22
6.20832e-22
5.97281e-22
5.74523e-22
5.52536e-22
5.31299e-22
5.10791e-22
4.90991e-22
4.71879e-22
4.53433e-22
4.35635e-22
4.18465e-22
4.01904e-22
3.85935e-22
3.70539e-22
3.55699e-22
3.41397e-22
3.27616e-22
3.14341e-22
3.01555e-22
2.89242e-22
2.77387e-22
2.65977e-22
2.54995e-22
2.44428e-22
2.34261e-22
2.24483e-22
2.15079e-22
2.06038e-22
1.97346e-22
1.88992e-22
1.80964e-22
1.73251e-22
1.65842e-22
1.58725e-22
1.51892e-22
1.45331e-22
1.39033e-22
1.32988e-22
1.27188e-22
1.21623e-22
1.16285e-22
1.11165e-22
1.06255e-22
1.01548e-22
9.70358e-23
9.2711e-23
8.85666e-23
8.45957e-23
8.07917e-23
7.71481e-23
7.36588e-23
7.03177e-23
6.71192e-23
6.40576e-23
6.11276e-23
5.83238e-23
5.56412e-23
5.30751e-23
5.06206e-23
4.82734e-23
4.60291e-23
4.38835e-23
4.18326e-23
3.98726e-23
3.79996e-23
3.621e-23
3.45004e-23
3.28673e-23
3.13077e-23
2.98185e-23
2.83966e-23
2.70392e-23
2.57436e-23
2.45072e-23
2.33273e-23
2.22016e-23
2.11277e-23
2.01033e-23
1.91264e-23
1.81948e-23
1.73065e-23
1.64597e-23
1.56526e-23
1.48833e-23
1.41502e-23
1.34517e-23
1.27862e-23
1.21523e-23
1.15484e-23
1.09734e-23
1.04258e-23
9.90438e-24
9.40802e-24
8.93555e-24
8.48588e-24
8.05795e-24
7.65077e-24
7.26337e-24
6.89483e-24
6.54427e-24
6.21086e-24
5.89379e-24
5.5923e-24
5.30566e-24
5.03317e-24
4.77416e-24
4.52799e-24
4.29406e-24
4.07179e-24
3.86061e-24
3.65998e-24
3.46941e-24
3.28841e-24
3.11652e-24
2.9533e-24
2.79833e-24
2.6512e-24
2.51155e-24
2.379e-24
2.2532e-24
2.13383e-24
2.02058e-24
1.91313e-24
1.81121e-24
1.71453e-24
1.62284e-24
1.53588e-24
1.45343e-24
1.37526e-24
1.30115e-24
1.23091e-24
1.16433e-24
1.10124e-24
1.04145e-24
9.84802e-25
9.31136e-25
8.80301e-25
8.32153e-25
7.86554e-25
7.43372e-25
7.02484e-25
6.63772e-25
6.27124e-25
5.92434e-25
5.59602e-25
5.28531e-25
4.9913e-25
4.71313e-25
4.44996e-25
4.20103e-25
3.96558e-25
3.74291e-25
3.53235e-25
3.33327e-25
3.14506e-25
2.96714e-25
2.79897e-25
2.64002e-25
2.48982e-25
2.34789e-25
2.21379e-25
2.08712e-25
1.96746e-25
1.85445e-25
1.74773e-25
1.64696e-25
1.55182e-25
1.462e-25
1.37723e-25
1.29721e-25
1.22171e-25
1.15046e-25
1.08324e-25
1.01982e-25
9.60001e-26
9.0358e-26
8.50372e-26
8.002e-26
7.52897e-26
7.08303e-26
6.66269e-26
6.26653e-26
5.8932e-26
5.54143e-26
5.21001e-26
4.89781e-26
4.60375e-26
4.32681e-26
4.06603e-26
3.82049e-26
3.58933e-26
3.37173e-26
3.16692e-26
2.97417e-26
2.7928e-26
2.62214e-26
2.4616e-26
2.31059e-26
2.16857e-26
2.03501e-26
1.90942e-26
1.79136e-26
1.68038e-26
1.57607e-26
1.47804e-26
1.38593e-26
1.29939e-26
1.21809e-26
1.14173e-26
1.07002e-26
1.00268e-26
9.3946e-27
8.80108e-27
8.24396e-27
7.72108e-27
7.23039e-27
6.76998e-27
6.33804e-27
5.93286e-27
5.55284e-27
5.19647e-27
4.86231e-27
4.54903e-27
4.25537e-27
3.98014e-27
3.72221e-27
3.48053e-27
3.25411e-27
3.04202e-27
2.84337e-27
2.65735e-27
2.48318e-27
2.32012e-27
2.16749e-27
2.02464e-27
1.89096e-27
1.76589e-27
1.64888e-27
1.53943e-27
1.43706e-27
1.34134e-27
1.25185e-27
1.16818e-27
1.08999e-27
1.01691e-27
9.48635e-28
8.84851e-28
8.25273e-28
7.69636e-28
7.17687e-28
6.69191e-28
6.23928e-28
5.8169e-28
5.42283e-28
5.05526e-28
4.71247e-28
4.39289e-28
4.095e-28
3.81742e-28
3.55883e-28
3.318e-28
3.0938e-28
2.88514e-28
2.69101e-28
2.51047e-28
2.34266e-28
2.18675e-28
2.04197e-28
1.90762e-28
1.78302e-28
1.66757e-28
1.56067e-28
1.4618e-28
1.37045e-28
1.28615e-28
1.20847e-28
1.13701e-28
1.07139e-28
1.01127e-28
9.5633e-29
9.06271e-29
8.60822e-29
8.19731e-29
7.82767e-29
7.4972e-29
7.20396e-29
6.94619e-29
6.72232e-29
6.53089e-29
6.37063e-29
6.24038e-29
6.13909e-29
6.06616e-29
6.02115e-29
6.00357e-29
6.01287e-29
6.0489e-29
6.11134e-29
6.19994e-29
6.31457e-29
6.45519e-29
6.62189e-29
6.81484e-29
7.03432e-29
7.2807e-29
7.55445e-29
7.85616e-29
