20
2e+17
1e+17
50
19.9997
26524.1
1.06171e-20
1.06139e-20
1.06028e-20
1.05893e-20
1.05735e-20
1.05556e-20
1.05355e-20
1.05133e-20
1.04889e-20
1.04626e-20
1.04341e-20
1.04036e-20
1.0371e-20
1.03365e-20
1.02999e-20
1.02613e-20
1.02208e-20
1.01784e-20
1.01341e-20
1.00879e-20
1.00398e-20
9.98991e-21
9.93823e-21
9.88479e-21
9.82962e-21
9.77274e-21
9.71421e-21
9.65405e-21
9.59229e-21
9.52898e-21
9.46414e-21
9.39782e-21
9.33006e-21
9.26089e-21
9.19034e-21
9.11847e-21
9.04531e-21
8.97089e-21
8.89527e-21
8.81848e-21
8.74056e-21
8.66155e-21
8.5815e-21
8.50045e-21
8.41845e-21
8.33553e-21
8.25174e-21
8.16711e-21
8.0817e-21
7.99555e-21
7.9087e-21
7.82119e-21
7.73306e-21
7.64436e-21
7.55514e-21
7.46543e-21
7.37527e-21
7.28471e-21
7.19379e-21
7.10255e-21
7.01104e-21
6.91929e-21
6.82734e-21
6.73523e-21
6.64301e-21
6.55071e-21
6.45837e-21
6.36602e-21
6.27371e-21
6.18147e-21
6.08934e-21
5.99735e-21
5.90554e-21
5.81393e-21
5.72258e-21
5.63149e-21
5.54072e-21
5.45029e-21
5.36023e-21
5.27057e-21
5.18135e-21
5.09258e-21
5.00431e-21
4.91654e-21
4.82933e-21
4.74268e-21
4.65663e-21
4.5712e-21
4.48641e-21
4.40229e-21
4.31886e-21
4.23615e-21
4.15418e-21
4.07296e-21
3.99253e-21
3.91289e-21
3.83407e-21
3.75608e-21
3.67894e-21
3.60267e-21
3.52727e-21
3.45276e-21
3.37916e-21
3.30647e-21
3.2347e-21
3.16387e-21
3.09398e-21
3.02505e-21
2.95707e-21
2.89006e-21
2.82401e-21
2.75894e-21
2.69485e-21
2.63174e-21
2.56962e-21
2.50848e-21
2.44832e-21
2.38916e-21
2.33098e-21
2.27378e-21
2.21757e-21
2.16234e-21
2.1081e-21
2.05482e-21
2.00252e-21
1.95119e-21
1.90082e-21
1.85141e-21
1.80296e-21
1.75544e-21
1.70887e-21
1.66323e-21
1.61851e-21
1.57471e-21
1.53182e-21
1.48983e-21
1.44873e-21
1.40852e-21
1.36917e-21
1.3307e-21
1.29307e-21
1.25629e-21
1.22034e-21
1.18521e-21
1.15089e-21
1.11738e-21
1.08465e-21
1.05271e-21
1.02153e-21
9.91101e-22
9.6142e-22
9.32471e-22
9.04243e-22
8.76724e-22
8.49901e-22
8.23763e-22
7.98297e-22
7.73493e-22
7.49337e-22
7.25819e-22
7.02927e-22
6.80647e-22
6.58969e-22
6.37879e-22
6.17368e-22
5.97422e-22
5.78032e-22
5.59184e-22
5.40868e-22
5.23072e-22
5.05785e-22
4.88995e-22
4.72692e-22
4.56864e-22
4.415e-22
4.2659e-22
4.12124e-22
3.98091e-22
3.8448e-22
3.71281e-22
3.58484e-22
3.46079e-22
3.34057e-22
3.22407e-22
3.1112e-22
3.00187e-22
2.89599e-22
2.79347e-22
2.69421e-22
2.59813e-22
2.50514e-22
2.41516e-22
2.32811e-22
2.24391e-22
2.16247e-22
2.08373e-22
2.0076e-22
1.93401e-22
1.86288e-22
1.79415e-22
1.72774e-22
1.66359e-22
1.60162e-22
1.54178e-22
1.484e-22
1.42822e-22
1.37437e-22
1.32241e-22
1.27226e-22
1.22387e-22
1.1772e-22
1.13218e-22
1.08876e-22
1.04689e-22
1.00652e-22
9.67605e-23
9.30094e-23
8.93944e-23
8.59109e-23
8.25547e-23
7.93215e-23
7.62073e-23
7.32082e-23
7.03201e-23
6.75394e-23
6.48623e-23
6.22854e-23
5.9805e-23
5.7418e-23
5.51211e-23
5.29112e-23
5.07852e-23
4.87403e-23
4.67735e-23
4.48821e-23
4.30634e-23
4.13149e-23
3.96341e-23
3.80184e-23
3.64655e-23
3.49732e-23
3.35391e-23
3.21612e-23
3.08374e-23
2.95657e-23
2.83442e-23
2.7171e-23
2.60444e-23
2.49626e-23
2.39239e-23
2.29267e-23
2.19695e-23
2.10507e-23
2.01688e-23
1.93226e-23
1.85105e-23
1.77314e-23
1.69838e-23
1.62666e-23
1.55787e-23
1.49188e-23
1.42858e-23
1.36789e-23
1.30968e-23
1.25387e-23
1.20035e-23
1.14905e-23
1.09987e-23
1.05273e-23
1.00755e-23
9.64246e-24
9.22749e-24
8.82983e-24
8.44882e-24
8.08377e-24
7.73404e-24
7.399e-24
7.07804e-24
6.7706e-24
6.47614e-24
6.19412e-24
5.92403e-24
5.6654e-24
5.41774e-24
5.18062e-24
4.95359e-24
4.73625e-24
4.52819e-24
4.32903e-24
4.1384e-24
3.95595e-24
3.78135e-24
3.61425e-24
3.45435e-24
3.30135e-24
3.15496e-24
3.0149e-24
2.88091e-24
2.75273e-24
2.6301e-24
2.5128e-24
2.4006e-24
2.29328e-24
2.19064e-24
2.09248e-24
1.99861e-24
1.90884e-24
1.82301e-24
1.74095e-24
1.66248e-24
1.58747e-24
1.51576e-24
1.44721e-24
1.38169e-24
1.31906e-24
1.2592e-24
1.202e-24
1.14733e-24
1.09508e-24
1.04516e-24
9.97462e-25
9.51889e-25
9.08348e-25
8.66751e-25
8.27012e-25
7.89049e-25
7.52784e-25
7.18145e-25
6.85058e-25
6.53458e-25
6.23278e-25
5.94457e-25
5.66934e-25
5.40653e-25
5.15559e-25
4.916e-25
4.68726e-25
4.46889e-25
4.26042e-25
4.06144e-25
3.8715e-25
3.69021e-25
3.5172e-25
3.35208e-25
3.19451e-25
3.04416e-25
2.90069e-25
2.76381e-25
2.63322e-25
2.50863e-25
2.38979e-25
2.27643e-25
2.1683e-25
2.06517e-25
1.96681e-25
1.873e-25
1.78354e-25
1.69823e-25
1.61688e-25
1.53932e-25
1.46538e-25
1.39488e-25
1.32768e-25
1.26362e-25
1.20257e-25
1.14437e-25
1.08892e-25
1.03607e-25
9.85705e-26
9.37721e-26
8.92003e-26
8.48448e-26
8.06957e-26
7.67435e-26
7.2979e-26
6.93937e-26
6.59793e-26
6.27278e-26
5.96318e-26
5.6684e-26
5.38775e-26
5.12058e-26
4.86625e-26
4.62418e-26
4.39379e-26
4.17453e-26
3.96588e-26
3.76735e-26
3.57846e-26
3.39875e-26
3.22778e-26
3.06515e-26
2.91045e-26
2.76332e-26
2.62338e-26
2.49032e-26
2.36379e-26
2.24348e-26
2.12911e-26
2.02038e-26
1.91704e-26
1.81881e-26
1.72546e-26
1.63675e-26
1.55246e-26
1.47238e-26
1.3963e-26
1.32403e-26
1.25538e-26
1.19019e-26
1.12828e-26
1.06949e-26
1.01367e-26
9.60685e-27
9.10384e-27
8.62641e-27
8.17329e-27
7.7433e-27
7.3353e-27
6.9482e-27
6.58098e-27
6.23266e-27
5.90229e-27
5.58899e-27
5.29192e-27
5.01027e-27
4.74326e-27
4.49018e-27
4.25031e-27
4.02302e-27
3.80766e-27
3.60363e-27
3.41037e-27
3.22734e-27
3.05402e-27
2.88991e-27
2.73456e-27
2.5875e-27
2.44834e-27
2.31666e-27
2.19209e-27
2.07428e-27
1.96287e-27
1.85754e-27
1.75799e-27
1.66393e-27
1.57507e-27
1.49116e-27
1.41193e-27
1.33717e-27
1.26663e-27
1.20011e-27
1.13741e-27
1.07833e-27
1.0227e-27
9.70338e-28
9.21086e-28
8.74791e-28
8.31307e-28
7.90497e-28
7.52231e-28
7.16388e-28
6.8285e-28
6.51511e-28
6.22267e-28
5.95022e-28
5.69684e-28
5.4617e-28
5.24398e-28
5.04295e-28
4.85789e-28
4.68816e-28
4.53314e-28
4.39226e-28
4.265e-28
4.15087e-28
4.04941e-28
3.96022e-28
3.88291e-28
3.81713e-28
3.76258e-28
3.71896e-28
3.68603e-28
3.66357e-28
3.65137e-28
3.64927e-28
3.65714e-28
3.67486e-28
3.70234e-28
3.73952e-28
3.78633e-28
3.84278e-28
3.90885e-28
3.98462e-28
4.0703e-28
4.16602e-28
4.27195e-28
4.38822e-28
4.51494e-28
4.65227e-28
4.80039e-28
