10
1e+17
1e+17
49.9999
9.99986
18755.4
2.75714e-20
2.75684e-20
2.75546e-20
2.75353e-20
2.75105e-20
2.74804e-20
2.74448e-20
2.74038e-20
2.73575e-20
2.73058e-20
2.72488e-20
2.71866e-20
2.71191e-20
2.70465e-20
2.69687e-20
2.68857e-20
2.67978e-20
2.67048e-20
2.66069e-20
2.6504e-20
2.63963e-20
2.62839e-20
2.61667e-20
2.6045e-20
2.59186e-20
2.57877e-20
2.56524e-20
2.55128e-20
2.53689e-20
2.52208e-20
2.50686e-20
2.49123e-20
2.47522e-20
2.45882e-20
2.44204e-20
2.4249e-20
2.4074e-20
2.38955e-20
2.37137e-20
2.35285e-20
2.33402e-20
2.31488e-20
2.29545e-20
2.27572e-20
2.25572e-20
2.23545e-20
2.21492e-20
2.19415e-20
2.17314e-20
2.1519e-20
2.13045e-20
2.1088e-20
2.08695e-20
2.06492e-20
2.04271e-20
2.02035e-20
1.99783e-20
1.97517e-20
1.95238e-20
1.92948e-20
1.90646e-20
1.88334e-20
1.86014e-20
1.83685e-20
1.8135e-20
1.79009e-20
1.76664e-20
1.74314e-20
1.71961e-20
1.69607e-20
1.67251e-20
1.64896e-20
1.62541e-20
1.60189e-20
1.57838e-20
1.55492e-20
1.5315e-20
1.50813e-20
1.48483e-20
1.46159e-20
1.43843e-20
1.41536e-20
1.39238e-20
1.3695e-20
1.34673e-20
1.32407e-20
1.30154e-20
1.27913e-20
1.25686e-20
1.23473e-20
1.21275e-20
1.19092e-20
1.16925e-20
1.14775e-20
1.12641e-20
1.10525e-20
1.08428e-20
1.06348e-20
1.04288e-20
1.02247e-20
1.00226e-20
9.82252e-21
9.6245e-21
9.42857e-21
9.23478e-21
9.04314e-21
8.85369e-21
8.66646e-21
8.48148e-21
8.29876e-21
8.11834e-21
7.94023e-21
7.76445e-21
7.59102e-21
7.41995e-21
7.25127e-21
7.08497e-21
6.92108e-21
6.7596e-21
6.60054e-21
6.4439e-21
6.2897e-21
6.13793e-21
5.9886e-21
5.84171e-21
5.69726e-21
5.55524e-21
5.41565e-21
5.2785e-21
5.14376e-21
5.01145e-21
4.88155e-21
4.75404e-21
4.62893e-21
4.5062e-21
4.38583e-21
4.26782e-21
4.15214e-21
4.03878e-21
3.92772e-21
3.81895e-21
3.71244e-21
3.60818e-21
3.50615e-21
3.40631e-21
3.30866e-21
3.21316e-21
3.11979e-21
3.02854e-21
2.93936e-21
2.85224e-21
2.76716e-21
2.68408e-21
2.60297e-21
2.52382e-21
2.44659e-21
2.37125e-21
2.29778e-21
2.22615e-21
2.15632e-21
2.08827e-21
2.02197e-21
1.9574e-21
1.89451e-21
1.83329e-21
1.77369e-21
1.7157e-21
1.65928e-21
1.60441e-21
1.55104e-21
1.49916e-21
1.44874e-21
1.39974e-21
1.35214e-21
1.3059e-21
1.261e-21
1.21741e-21
1.1751e-21
1.13405e-21
1.09422e-21
1.05559e-21
1.01812e-21
9.81803e-22
9.46599e-22
9.12484e-22
8.79432e-22
8.47417e-22
8.16414e-22
7.86398e-22
7.57343e-22
7.29225e-22
7.02019e-22
6.75703e-22
6.50251e-22
6.25643e-22
6.01854e-22
5.78863e-22
5.56647e-22
5.35185e-22
5.14457e-22
4.9444e-22
4.75116e-22
4.56464e-22
4.38464e-22
4.21097e-22
4.04345e-22
3.88189e-22
3.72612e-22
3.57596e-22
3.43123e-22
3.29177e-22
3.15741e-22
3.028e-22
2.90338e-22
2.7834e-22
2.66791e-22
2.55675e-22
2.4498e-22
2.34691e-22
2.24795e-22
2.15278e-22
2.06129e-22
1.97335e-22
1.88883e-22
1.80762e-22
1.7296e-22
1.65467e-22
1.58271e-22
1.51363e-22
1.44731e-22
1.38367e-22
1.3226e-22
1.26401e-22
1.20782e-22
1.15393e-22
1.10226e-22
1.05273e-22
1.00526e-22
9.5977e-23
9.16188e-23
8.7444e-23
8.34458e-23
7.96173e-23
7.5952e-23
7.24437e-23
6.90862e-23
6.58736e-23
6.28003e-23
5.98607e-23
5.70496e-23
5.43617e-23
5.17922e-23
4.93362e-23
4.69892e-23
4.47468e-23
4.26046e-23
4.05586e-23
3.86048e-23
3.67393e-23
3.49585e-23
3.32587e-23
3.16367e-23
3.00891e-23
2.86127e-23
2.72045e-23
2.58617e-23
2.45813e-23
2.33607e-23
2.21973e-23
2.10886e-23
2.00322e-23
1.90258e-23
1.80672e-23
1.71542e-23
1.62849e-23
1.54573e-23
1.46695e-23
1.39198e-23
1.32064e-23
1.25276e-23
1.1882e-23
1.12679e-23
1.06839e-23
1.01286e-23
9.60077e-24
9.09906e-24
8.62226e-24
8.16922e-24
7.73883e-24
7.33e-24
6.94174e-24
6.57305e-24
6.22301e-24
5.89072e-24
5.57534e-24
5.27604e-24
4.99206e-24
4.72266e-24
4.46712e-24
4.22478e-24
3.99498e-24
3.77712e-24
3.5706e-24
3.37486e-24
3.18938e-24
3.01363e-24
2.84714e-24
2.68944e-24
2.54009e-24
2.39866e-24
2.26478e-24
2.13804e-24
2.01808e-24
1.90457e-24
1.79717e-24
1.69557e-24
1.59947e-24
1.50859e-24
1.42266e-24
1.34141e-24
1.26461e-24
1.19203e-24
1.12344e-24
1.05863e-24
9.97407e-25
9.3958e-25
8.8497e-25
8.33405e-25
7.84724e-25
7.38772e-25
6.95404e-25
6.5448e-25
6.15869e-25
5.79446e-25
5.45091e-25
5.12693e-25
4.82145e-25
4.53345e-25
4.26199e-25
4.00615e-25
3.76508e-25
3.53795e-25
3.324e-25
3.1225e-25
2.93274e-25
2.75408e-25
2.5859e-25
2.4276e-25
2.27863e-25
2.13846e-25
2.00659e-25
1.88254e-25
1.76588e-25
1.65619e-25
1.55305e-25
1.45611e-25
1.36499e-25
1.27937e-25
1.19892e-25
1.12336e-25
1.05238e-25
9.85726e-26
9.23145e-26
8.64396e-26
8.09255e-26
7.57507e-26
7.08952e-26
6.634e-26
6.20672e-26
5.806e-26
5.43025e-26
5.07798e-26
4.74778e-26
4.43831e-26
4.14832e-26
3.87664e-26
3.62215e-26
3.3838e-26
3.16061e-26
2.95165e-26
2.75605e-26
2.57298e-26
2.40167e-26
2.24139e-26
2.09146e-26
1.95123e-26
1.8201e-26
1.69749e-26
1.58287e-26
1.47575e-26
1.37564e-26
1.2821e-26
1.19472e-26
1.11311e-26
1.0369e-26
9.65742e-27
8.99315e-27
8.37315e-27
7.79456e-27
7.25473e-27
6.75114e-27
6.28143e-27
5.84342e-27
5.43502e-27
5.05432e-27
4.69948e-27
4.36881e-27
4.06071e-27
3.7737e-27
3.50637e-27
3.25741e-27
3.02562e-27
2.80983e-27
2.60899e-27
2.42209e-27
2.24819e-27
2.08642e-27
1.93595e-27
1.79603e-27
1.66594e-27
1.545e-27
1.4326e-27
1.32815e-27
1.23111e-27
1.14096e-27
1.05723e-27
9.79476e-28
9.07289e-28
8.4028e-28
7.78089e-28
7.20378e-28
6.66834e-28
6.17166e-28
5.71101e-28
5.28385e-28
4.88782e-28
4.52073e-28
4.18051e-28
3.86527e-28
3.57322e-28
3.30271e-28
3.0522e-28
2.82025e-28
2.60553e-28
2.4068e-28
2.2229e-28
2.05277e-28
1.89541e-28
1.74989e-28
1.61535e-28
1.49098e-28
1.37606e-28
1.26988e-28
1.1718e-28
1.08125e-28
9.97648e-29
9.20501e-29
8.49328e-29
7.83691e-29
7.23182e-29
6.67423e-29
6.16067e-29
5.68789e-29
5.2529e-29
4.85295e-29
4.48547e-29
4.1481e-29
3.83866e-29
3.55514e-29
3.29568e-29
3.05858e-29
2.84226e-29
2.64529e-29
2.46632e-29
2.30415e-29
2.15766e-29
2.02584e-29
1.90776e-29
1.80257e-29
1.70952e-29
1.62791e-29
1.55712e-29
1.49661e-29
1.44587e-29
1.40447e-29
1.37201e-29
1.34824e-29
1.33291e-29
1.32584e-29
1.32682e-29
1.33577e-29
1.35257e-29
1.37717e-29
1.40952e-29
1.44965e-29
1.4976e-29
1.55346e-29
1.61735e-29
1.68943e-29
1.76989e-29
1.85898e-29
