2
1e+18
2e+18
50
1.99999
8387.66
3.04266e-19
3.04252e-19
3.04157e-19
3.04003e-19
3.0379e-19
3.03516e-19
3.03182e-19
3.02788e-19
3.02334e-19
3.0182e-19
3.01247e-19
3.00615e-19
2.99925e-19
2.99176e-19
2.98369e-19
2.97505e-19
2.96585e-19
2.95608e-19
2.94575e-19
2.93487e-19
2.92345e-19
2.91149e-19
2.899e-19
2.88598e-19
2.87245e-19
2.85842e-19
2.84388e-19
2.82885e-19
2.81333e-19
2.79734e-19
2.78089e-19
2.76398e-19
2.74663e-19
2.72883e-19
2.71062e-19
2.69198e-19
2.67294e-19
2.6535e-19
2.63368e-19
2.61348e-19
2.59292e-19
2.572e-19
2.55074e-19
2.52916e-19
2.50725e-19
2.48504e-19
2.46253e-19
2.43974e-19
2.41668e-19
2.39335e-19
2.36978e-19
2.34597e-19
2.32194e-19
2.29769e-19
2.27324e-19
2.2486e-19
2.22378e-19
2.1988e-19
2.17366e-19
2.14838e-19
2.12297e-19
2.09744e-19
2.0718e-19
2.04607e-19
2.02026e-19
1.99437e-19
1.96841e-19
1.94241e-19
1.91637e-19
1.8903e-19
1.86421e-19
1.83811e-19
1.81202e-19
1.78594e-19
1.75988e-19
1.73386e-19
1.70788e-19
1.68195e-19
1.65609e-19
1.63029e-19
1.60458e-19
1.57896e-19
1.55343e-19
1.52802e-19
1.50272e-19
1.47754e-19
1.45249e-19
1.42758e-19
1.40282e-19
1.37821e-19
1.35377e-19
1.32949e-19
1.30538e-19
1.28146e-19
1.25772e-19
1.23418e-19
1.21083e-19
1.18769e-19
1.16476e-19
1.14204e-19
1.11955e-19
1.09727e-19
1.07522e-19
1.05341e-19
1.03183e-19
1.01049e-19
9.894e-20
9.68552e-20
9.47954e-20
9.27608e-20
9.07518e-20
8.87685e-20
8.68112e-20
8.48801e-20
8.29753e-20
8.10971e-20
7.92455e-20
7.74207e-20
7.56228e-20
7.38519e-20
7.21081e-20
7.03913e-20
6.87017e-20
6.70392e-20
6.54039e-20
6.37957e-20
6.22146e-20
6.06606e-20
5.91336e-20
5.76334e-20
5.61601e-20
5.47136e-20
5.32936e-20
5.19001e-20
5.05329e-20
4.91919e-20
4.78769e-20
4.65878e-20
4.53242e-20
4.40862e-20
4.28734e-20
4.16856e-20
4.05226e-20
3.93842e-20
3.82701e-20
3.71801e-20
3.61139e-20
3.50713e-20
3.4052e-20
3.30556e-20
3.20821e-20
3.11309e-20
3.02019e-20
2.92948e-20
2.84093e-20
2.7545e-20
2.67017e-20
2.5879e-20
2.50766e-20
2.42943e-20
2.35316e-20
2.27883e-20
2.20642e-20
2.13587e-20
2.06717e-20
2.00027e-20
1.93516e-20
1.87179e-20
1.81013e-20
1.75015e-20
1.69182e-20
1.63511e-20
1.57999e-20
1.52641e-20
1.47436e-20
1.4238e-20
1.3747e-20
1.32703e-20
1.28075e-20
1.23584e-20
1.19226e-20
1.14999e-20
1.109e-20
1.06926e-20
1.03073e-20
9.93396e-21
9.5722e-21
9.22177e-21
8.8824e-21
8.55379e-21
8.2357e-21
7.92785e-21
7.62998e-21
7.34184e-21
7.06316e-21
6.7937e-21
6.53321e-21
6.28145e-21
6.03818e-21
5.80318e-21
5.5762e-21
5.35703e-21
5.14544e-21
4.94122e-21
4.74416e-21
4.55404e-21
4.37067e-21
4.19384e-21
4.02336e-21
3.85903e-21
3.70068e-21
3.54811e-21
3.40115e-21
3.25962e-21
3.12336e-21
2.99219e-21
2.86596e-21
2.7445e-21
2.62766e-21
2.51529e-21
2.40724e-21
2.30338e-21
2.20355e-21
2.10762e-21
2.01547e-21
1.92696e-21
1.84196e-21
1.76036e-21
1.68204e-21
1.60688e-21
1.53477e-21
1.4656e-21
1.39926e-21
1.33566e-21
1.27469e-21
1.21626e-21
1.16028e-21
1.10665e-21
1.05528e-21
1.0061e-21
9.59009e-22
9.13942e-22
8.70816e-22
8.29557e-22
7.90093e-22
7.52353e-22
7.16272e-22
6.81782e-22
6.48821e-22
6.17328e-22
5.87245e-22
5.58514e-22
5.3108e-22
5.04892e-22
4.79896e-22
4.56045e-22
4.33291e-22
4.11589e-22
3.90893e-22
3.71162e-22
3.52354e-22
3.34431e-22
3.17354e-22
3.01088e-22
2.85596e-22
2.70846e-22
2.56804e-22
2.43441e-22
2.30725e-22
2.18628e-22
2.07122e-22
1.96181e-22
1.8578e-22
1.75894e-22
1.66499e-22
1.57573e-22
1.49095e-22
1.41044e-22
1.334e-22
1.26143e-22
1.19257e-22
1.12723e-22
1.06524e-22
1.00646e-22
9.50714e-23
8.97871e-23
8.47788e-23
8.00331e-23
7.55373e-23
7.1279e-23
6.72467e-23
6.34293e-23
5.9816e-23
5.63968e-23
5.31618e-23
5.01019e-23
4.72083e-23
4.44724e-23
4.18864e-23
3.94424e-23
3.71333e-23
3.4952e-23
3.2892e-23
3.09469e-23
2.91107e-23
2.73777e-23
2.57425e-23
2.41999e-23
2.2745e-23
2.13731e-23
2.00797e-23
1.88606e-23
1.77119e-23
1.66296e-23
1.56102e-23
1.46502e-23
1.37463e-23
1.28955e-23
1.20949e-23
1.13416e-23
1.0633e-23
9.96653e-24
9.33991e-24
8.75086e-24
8.19724e-24
7.67705e-24
7.18836e-24
6.72937e-24
6.29838e-24
5.89375e-24
5.51397e-24
5.15759e-24
4.82323e-24
4.5096e-24
4.21549e-24
3.93974e-24
3.68126e-24
3.43903e-24
3.21206e-24
2.99945e-24
2.80033e-24
2.61388e-24
2.43934e-24
2.27598e-24
2.12312e-24
1.98012e-24
1.84636e-24
1.72128e-24
1.60435e-24
1.49505e-24
1.3929e-24
1.29747e-24
1.20832e-24
1.12507e-24
1.04734e-24
9.74773e-25
9.0705e-25
8.43858e-25
7.84907e-25
7.29924e-25
6.78653e-25
6.30853e-25
5.863e-25
5.44782e-25
5.06099e-25
4.70068e-25
4.36512e-25
4.05268e-25
3.76184e-25
3.49116e-25
3.2393e-25
3.00499e-25
2.78706e-25
2.58441e-25
2.39601e-25
2.2209e-25
2.05816e-25
1.90696e-25
1.76651e-25
1.63607e-25
1.51496e-25
1.40253e-25
1.29818e-25
1.20136e-25
1.11153e-25
1.02821e-25
9.50945e-26
8.7931e-26
8.12907e-26
7.51369e-26
6.94349e-26
6.41529e-26
5.92608e-26
5.47308e-26
5.0537e-26
4.66553e-26
4.30631e-26
3.97396e-26
3.66653e-26
3.38221e-26
3.11932e-26
2.87629e-26
2.65167e-26
2.44411e-26
2.25235e-26
2.07523e-26
1.91165e-26
1.76063e-26
1.62122e-26
1.49255e-26
1.37382e-26
1.2643e-26
1.16327e-26
1.07011e-26
9.84223e-27
9.05051e-27
8.32087e-27
7.64858e-27
7.02925e-27
6.45884e-27
5.93358e-27
5.45001e-27
5.00491e-27
4.5953e-27
4.21844e-27
3.87179e-27
3.55298e-27
3.25985e-27
2.99039e-27
2.74273e-27
2.51517e-27
2.30613e-27
2.11414e-27
1.93785e-27
1.77602e-27
1.6275e-27
1.49123e-27
1.36623e-27
1.25161e-27
1.14653e-27
1.05023e-27
9.62005e-28
8.81207e-28
8.07237e-28
7.39545e-28
6.77625e-28
6.21011e-28
5.69275e-28
5.22023e-28
4.78894e-28
4.39555e-28
4.03702e-28
3.71054e-28
3.41354e-28
3.14368e-28
2.89878e-28
2.67689e-28
2.47618e-28
2.29501e-28
2.13185e-28
1.98535e-28
1.85422e-28
1.73734e-28
1.63365e-28
1.54221e-28
1.46215e-28
1.39271e-28
1.33317e-28
1.2829e-28
1.24134e-28
1.20798e-28
1.18236e-28
1.16407e-28
1.15277e-28
1.14815e-28
1.14992e-28
1.15787e-28
1.17179e-28
1.19153e-28
1.21696e-28
1.24797e-28
1.28448e-28
1.32646e-28
1.37389e-28
1.42675e-28
1.48509e-28
1.54893e-28
1.61836e-28
1.69344e-28
1.7743e-28
1.86104e-28
1.95382e-28
2.05279e-28
2.15812e-28
2.27e-28
2.38865e-28
2.51428e-28
2.64714e-28
2.78748e-28
2.93557e-28
3.09171e-28
