20
1e+16
1e+18
50
19.9989
26524.1
1.66609e-20
1.66062e-20
1.64482e-20
1.62831e-20
1.61161e-20
1.59487e-20
1.57812e-20
1.5614e-20
1.54478e-20
1.52825e-20
1.51179e-20
1.49539e-20
1.47904e-20
1.46274e-20
1.44649e-20
1.43028e-20
1.41414e-20
1.39807e-20
1.38206e-20
1.3661e-20
1.35019e-20
1.33432e-20
1.31853e-20
1.30279e-20
1.28711e-20
1.27149e-20
1.25593e-20
1.24044e-20
1.22501e-20
1.20965e-20
1.19437e-20
1.17915e-20
1.164e-20
1.14893e-20
1.13392e-20
1.11899e-20
1.10414e-20
1.08935e-20
1.07465e-20
1.06002e-20
1.04545e-20
1.03097e-20
1.01656e-20
1.00224e-20
9.87994e-21
9.73835e-21
9.59758e-21
9.45759e-21
9.31844e-21
9.18011e-21
9.04264e-21
8.90601e-21
8.77027e-21
8.63539e-21
8.50141e-21
8.3683e-21
8.2361e-21
8.10479e-21
7.97441e-21
7.84499e-21
7.71652e-21
7.58901e-21
7.46244e-21
7.33684e-21
7.21218e-21
7.08849e-21
6.96579e-21
6.84407e-21
6.72333e-21
6.60356e-21
6.48477e-21
6.36699e-21
6.25019e-21
6.13438e-21
6.01954e-21
5.90569e-21
5.79284e-21
5.68096e-21
5.57009e-21
5.46024e-21
5.3514e-21
5.24359e-21
5.13683e-21
5.0311e-21
4.92644e-21
4.82286e-21
4.72038e-21
4.61903e-21
4.51884e-21
4.4198e-21
4.32196e-21
4.22535e-21
4.13004e-21
4.03603e-21
3.94335e-21
3.85204e-21
3.76212e-21
3.6736e-21
3.5865e-21
3.50082e-21
3.41656e-21
3.33373e-21
3.25234e-21
3.1724e-21
3.09389e-21
3.01682e-21
2.94118e-21
2.86699e-21
2.79423e-21
2.72289e-21
2.65297e-21
2.58445e-21
2.51733e-21
2.45159e-21
2.38721e-21
2.32419e-21
2.26252e-21
2.20219e-21
2.14316e-21
2.08544e-21
2.029e-21
1.97384e-21
1.91993e-21
1.86725e-21
1.81579e-21
1.76553e-21
1.71645e-21
1.66855e-21
1.62178e-21
1.57614e-21
1.5316e-21
1.48816e-21
1.44579e-21
1.40448e-21
1.3642e-21
1.32492e-21
1.28665e-21
1.24935e-21
1.21301e-21
1.17762e-21
1.14314e-21
1.10957e-21
1.07687e-21
1.04504e-21
1.01406e-21
9.83913e-22
9.5458e-22
9.26037e-22
8.98268e-22
8.71257e-22
8.44988e-22
8.19444e-22
7.94611e-22
7.70473e-22
7.47007e-22
7.24198e-22
7.02031e-22
6.80492e-22
6.59567e-22
6.3924e-22
6.19498e-22
6.00322e-22
5.81697e-22
5.6361e-22
5.46049e-22
5.29e-22
5.12452e-22
4.96391e-22
4.80805e-22
4.65682e-22
4.51007e-22
4.36767e-22
4.22951e-22
4.09549e-22
3.96549e-22
3.83942e-22
3.71716e-22
3.59862e-22
3.48369e-22
3.37226e-22
3.26421e-22
3.15946e-22
3.05792e-22
2.95951e-22
2.86413e-22
2.7717e-22
2.68215e-22
2.59538e-22
2.5113e-22
2.42983e-22
2.3509e-22
2.27444e-22
2.20036e-22
2.12862e-22
2.05914e-22
1.99185e-22
1.92669e-22
1.8636e-22
1.80252e-22
1.74337e-22
1.6861e-22
1.63065e-22
1.57696e-22
1.52499e-22
1.47469e-22
1.426e-22
1.37887e-22
1.33326e-22
1.28913e-22
1.24643e-22
1.20511e-22
1.16512e-22
1.12642e-22
1.08898e-22
1.05275e-22
1.01769e-22
9.83781e-23
9.50973e-23
9.19237e-23
8.8854e-23
8.58848e-23
8.30132e-23
8.0236e-23
7.75503e-23
7.49532e-23
7.24413e-23
7.00119e-23
6.76624e-23
6.53902e-23
6.3193e-23
6.10684e-23
5.9014e-23
5.70277e-23
5.51073e-23
5.32507e-23
5.14559e-23
4.97208e-23
4.80436e-23
4.64225e-23
4.48556e-23
4.33407e-23
4.18762e-23
4.04605e-23
3.9092e-23
3.77692e-23
3.64906e-23
3.52547e-23
3.40603e-23
3.29059e-23
3.17902e-23
3.0712e-23
2.96701e-23
2.86632e-23
2.76903e-23
2.67503e-23
2.58419e-23
2.49643e-23
2.41162e-23
2.32965e-23
2.25045e-23
2.17391e-23
2.09995e-23
2.02849e-23
1.95943e-23
1.89271e-23
1.82825e-23
1.76597e-23
1.70579e-23
1.64766e-23
1.59149e-23
1.53724e-23
1.48483e-23
1.43419e-23
1.38529e-23
1.33804e-23
1.29241e-23
1.24832e-23
1.20572e-23
1.16457e-23
1.12482e-23
1.08641e-23
1.04931e-23
1.01346e-23
9.78838e-24
9.45391e-24
9.13082e-24
8.81873e-24
8.51728e-24
8.2261e-24
7.94485e-24
7.6732e-24
7.41082e-24
7.15741e-24
6.91266e-24
6.67627e-24
6.44798e-24
6.22751e-24
6.01458e-24
5.8089e-24
5.61023e-24
5.41832e-24
5.23296e-24
5.05391e-24
4.88097e-24
4.71392e-24
4.55258e-24
4.39675e-24
4.24623e-24
4.10086e-24
3.96046e-24
3.82486e-24
3.69389e-24
3.56741e-24
3.44526e-24
3.32728e-24
3.21335e-24
3.10333e-24
2.99707e-24
2.89446e-24
2.79536e-24
2.69967e-24
2.60726e-24
2.51803e-24
2.43186e-24
2.34863e-24
2.26825e-24
2.19061e-24
2.11562e-24
2.0432e-24
1.97325e-24
1.90569e-24
1.84044e-24
1.77742e-24
1.71656e-24
1.65778e-24
1.60102e-24
1.54619e-24
1.49325e-24
1.44211e-24
1.39273e-24
1.34504e-24
1.29898e-24
1.25451e-24
1.21156e-24
1.17008e-24
1.13002e-24
1.09134e-24
1.05398e-24
1.01791e-24
9.83075e-25
9.49437e-25
9.16954e-25
8.85588e-25
8.55299e-25
8.26046e-25
7.97792e-25
7.70503e-25
7.44148e-25
7.18693e-25
6.94108e-25
6.70364e-25
6.47432e-25
6.25284e-25
6.03894e-25
5.83235e-25
5.63283e-25
5.44014e-25
5.25405e-25
5.07432e-25
4.90075e-25
4.73312e-25
4.57123e-25
4.41488e-25
4.26389e-25
4.11807e-25
3.97725e-25
3.84125e-25
3.70991e-25
3.58308e-25
3.4606e-25
3.34231e-25
3.22808e-25
3.11778e-25
3.01125e-25
2.90839e-25
2.80905e-25
2.71312e-25
2.62049e-25
2.53105e-25
2.44467e-25
2.36125e-25
2.28068e-25
2.20286e-25
2.12771e-25
2.05512e-25
1.98502e-25
1.91731e-25
1.85193e-25
1.78878e-25
1.72779e-25
1.66889e-25
1.61201e-25
1.55707e-25
1.50402e-25
1.45279e-25
1.40331e-25
1.35553e-25
1.30939e-25
1.26484e-25
1.22181e-25
1.18026e-25
1.14014e-25
1.1014e-25
1.06399e-25
1.02787e-25
9.92995e-26
9.5932e-26
9.26805e-26
8.95413e-26
8.65104e-26
8.35843e-26
8.07594e-26
7.80322e-26
7.53996e-26
7.28582e-26
7.04051e-26
6.80373e-26
6.57518e-26
6.3546e-26
6.14172e-26
5.93628e-26
5.73803e-26
5.54674e-26
5.36216e-26
5.18409e-26
5.01226e-26
4.84648e-26
4.68654e-26
4.53226e-26
4.38344e-26
4.23991e-26
4.1015e-26
3.96803e-26
3.83936e-26
3.71532e-26
3.59576e-26
3.48055e-26
3.36954e-26
3.26261e-26
3.15961e-26
3.06044e-26
2.96496e-26
2.87307e-26
2.78466e-26
2.69961e-26
2.61783e-26
2.53922e-26
2.46369e-26
2.39114e-26
2.32148e-26
2.25465e-26
2.19054e-26
2.12909e-26
2.07023e-26
2.01388e-26
1.95997e-26
1.90845e-26
1.85925e-26
1.81231e-26
1.76758e-26
1.72499e-26
1.68451e-26
1.64609e-26
1.60967e-26
1.57522e-26
1.54269e-26
1.51205e-26
1.48326e-26
1.45628e-26
1.43109e-26
1.40766e-26
1.38595e-26
1.36594e-26
1.34762e-26
1.33095e-26
1.31593e-26
1.30252e-26
1.29072e-26
1.28052e-26
1.2719e-26
1.26484e-26
1.25934e-26
1.2554e-26
1.253e-26
1.25222e-26
1.25307e-26
1.25556e-26
1.25971e-26
1.2655e-26
1.27295e-26
1.28203e-26
