20
2e+16
5e+17
49.9912
19.9991
26524.1
1.56226e-20
1.5582e-20
1.54633e-20
1.53382e-20
1.52107e-20
1.50816e-20
1.49514e-20
1.48203e-20
1.46889e-20
1.45571e-20
1.44248e-20
1.4292e-20
1.41586e-20
1.40247e-20
1.38902e-20
1.37551e-20
1.36197e-20
1.3484e-20
1.3348e-20
1.32116e-20
1.30748e-20
1.29376e-20
1.28003e-20
1.26627e-20
1.25249e-20
1.23869e-20
1.22489e-20
1.21107e-20
1.19724e-20
1.18342e-20
1.1696e-20
1.15578e-20
1.14198e-20
1.12818e-20
1.1144e-20
1.10063e-20
1.08688e-20
1.07315e-20
1.05945e-20
1.04577e-20
1.03211e-20
1.01849e-20
1.0049e-20
9.91347e-21
9.77835e-21
9.64368e-21
9.50946e-21
9.37566e-21
9.24237e-21
9.10956e-21
8.97729e-21
8.84557e-21
8.71444e-21
8.58389e-21
8.45398e-21
8.3247e-21
8.19609e-21
8.06814e-21
7.9409e-21
7.81442e-21
7.68868e-21
7.56372e-21
7.43953e-21
7.31614e-21
7.19355e-21
7.07178e-21
6.95087e-21
6.8308e-21
6.71161e-21
6.59328e-21
6.47583e-21
6.3593e-21
6.24368e-21
6.12897e-21
6.01517e-21
5.90229e-21
5.79037e-21
5.67939e-21
5.56936e-21
5.46033e-21
5.35227e-21
5.24522e-21
5.13919e-21
5.03418e-21
4.93022e-21
4.82733e-21
4.72552e-21
4.62483e-21
4.52528e-21
4.42687e-21
4.32964e-21
4.23363e-21
4.13888e-21
4.04541e-21
3.95325e-21
3.86242e-21
3.77295e-21
3.68485e-21
3.59812e-21
3.5128e-21
3.42885e-21
3.34631e-21
3.26517e-21
3.18546e-21
3.10714e-21
3.03023e-21
2.95473e-21
2.88064e-21
2.80797e-21
2.73668e-21
2.66678e-21
2.59826e-21
2.53112e-21
2.46534e-21
2.4009e-21
2.3378e-21
2.27603e-21
2.21559e-21
2.15643e-21
2.09857e-21
2.04197e-21
1.98663e-21
1.93254e-21
1.87967e-21
1.82801e-21
1.77753e-21
1.72824e-21
1.6801e-21
1.6331e-21
1.58722e-21
1.54244e-21
1.49875e-21
1.45613e-21
1.41457e-21
1.37403e-21
1.3345e-21
1.29597e-21
1.25842e-21
1.22182e-21
1.18617e-21
1.15144e-21
1.11761e-21
1.08466e-21
1.05258e-21
1.02135e-21
9.90959e-22
9.61383e-22
9.32601e-22
9.04597e-22
8.77354e-22
8.50857e-22
8.2509e-22
8.00037e-22
7.75683e-22
7.52006e-22
7.2899e-22
7.06622e-22
6.84886e-22
6.63768e-22
6.43254e-22
6.23329e-22
6.03974e-22
5.85177e-22
5.66922e-22
5.49198e-22
5.31991e-22
5.15288e-22
4.99078e-22
4.83348e-22
4.68086e-22
4.53275e-22
4.38905e-22
4.24963e-22
4.11439e-22
3.98322e-22
3.85602e-22
3.73267e-22
3.61308e-22
3.49715e-22
3.38474e-22
3.27576e-22
3.17012e-22
3.06773e-22
2.96849e-22
2.87233e-22
2.77915e-22
2.68887e-22
2.60142e-22
2.51668e-22
2.43459e-22
2.35506e-22
2.27803e-22
2.20342e-22
2.13116e-22
2.06119e-22
1.99343e-22
1.92784e-22
1.86433e-22
1.80286e-22
1.74334e-22
1.68572e-22
1.62994e-22
1.57594e-22
1.52368e-22
1.4731e-22
1.42415e-22
1.37679e-22
1.33096e-22
1.28662e-22
1.24372e-22
1.20222e-22
1.16206e-22
1.12321e-22
1.08563e-22
1.04926e-22
1.01409e-22
9.80071e-23
9.47166e-23
9.15341e-23
8.84565e-23
8.54803e-23
8.26024e-23
7.98198e-23
7.71293e-23
7.45282e-23
7.2013e-23
6.95809e-23
6.72293e-23
6.49557e-23
6.27575e-23
6.06324e-23
5.85781e-23
5.65923e-23
5.46728e-23
5.28174e-23
5.10242e-23
4.92912e-23
4.76163e-23
4.59978e-23
4.44337e-23
4.2922e-23
4.14609e-23
4.00488e-23
3.86841e-23
3.73653e-23
3.60909e-23
3.48594e-23
3.36694e-23
3.25196e-23
3.14087e-23
3.03353e-23
2.92983e-23
2.82965e-23
2.73287e-23
2.63937e-23
2.54906e-23
2.46182e-23
2.37753e-23
2.29609e-23
2.21742e-23
2.14141e-23
2.06798e-23
1.99705e-23
1.92853e-23
1.86234e-23
1.79841e-23
1.73665e-23
1.67701e-23
1.61939e-23
1.56375e-23
1.51001e-23
1.45811e-23
1.40798e-23
1.35957e-23
1.31283e-23
1.26768e-23
1.22408e-23
1.18196e-23
1.14129e-23
1.102e-23
1.06406e-23
1.02741e-23
9.92021e-24
9.57841e-24
9.24833e-24
8.92957e-24
8.62174e-24
8.32448e-24
8.03743e-24
7.76025e-24
7.49259e-24
7.23414e-24
6.98459e-24
6.74364e-24
6.51098e-24
6.28635e-24
6.06947e-24
5.86007e-24
5.65786e-24
5.46258e-24
5.27401e-24
5.09192e-24
4.91608e-24
4.74629e-24
4.58234e-24
4.42402e-24
4.27116e-24
4.12355e-24
3.98103e-24
3.84342e-24
3.71055e-24
3.58227e-24
3.45841e-24
3.33882e-24
3.22336e-24
3.11188e-24
3.00426e-24
2.90036e-24
2.80005e-24
2.7032e-24
2.60971e-24
2.51945e-24
2.43232e-24
2.34821e-24
2.26699e-24
2.18857e-24
2.11286e-24
2.03975e-24
1.96916e-24
1.90101e-24
1.8352e-24
1.77167e-24
1.71032e-24
1.6511e-24
1.59392e-24
1.53871e-24
1.48541e-24
1.43396e-24
1.38428e-24
1.33631e-24
1.29001e-24
1.24531e-24
1.20215e-24
1.16049e-24
1.12027e-24
1.08144e-24
1.04396e-24
1.00778e-24
9.72845e-25
9.39126e-25
9.06576e-25
8.75154e-25
8.44823e-25
8.15545e-25
7.87277e-25
7.59985e-25
7.33635e-25
7.08196e-25
6.83635e-25
6.59922e-25
6.37029e-25
6.14927e-25
5.93589e-25
5.72989e-25
5.53101e-25
5.33901e-25
5.15365e-25
4.97471e-25
4.80196e-25
4.63519e-25
4.4742e-25
4.31878e-25
4.16875e-25
4.02391e-25
3.8841e-25
3.74913e-25
3.61884e-25
3.49308e-25
3.37167e-25
3.25448e-25
3.14136e-25
3.03216e-25
2.92676e-25
2.82502e-25
2.72682e-25
2.63203e-25
2.54054e-25
2.45223e-25
2.36699e-25
2.28472e-25
2.20531e-25
2.12864e-25
2.05463e-25
1.98319e-25
1.91422e-25
1.84765e-25
1.78339e-25
1.72135e-25
1.66148e-25
1.60368e-25
1.54789e-25
1.49404e-25
1.44206e-25
1.39189e-25
1.34346e-25
1.29672e-25
1.25161e-25
1.20808e-25
1.16606e-25
1.1255e-25
1.08636e-25
1.04859e-25
1.01214e-25
9.76959e-26
9.43011e-26
9.10253e-26
8.78642e-26
8.48139e-26
8.18707e-26
7.90309e-26
7.62909e-26
7.36472e-26
7.10968e-26
6.86362e-26
6.62625e-26
6.39727e-26
6.17639e-26
5.96334e-26
5.75785e-26
5.55967e-26
5.36854e-26
5.18423e-26
5.0065e-26
4.83514e-26
4.66992e-26
4.51061e-26
4.35702e-26
4.20895e-26
4.06622e-26
3.92865e-26
3.79606e-26
3.6683e-26
3.54519e-26
3.4266e-26
3.31236e-26
3.20234e-26
3.0964e-26
2.99441e-26
2.89624e-26
2.80176e-26
2.71086e-26
2.62343e-26
2.53935e-26
2.45852e-26
2.38084e-26
2.30621e-26
2.23453e-26
2.16572e-26
2.0997e-26
2.03637e-26
1.97565e-26
1.91749e-26
1.86178e-26
1.80848e-26
1.75751e-26
1.70881e-26
1.66232e-26
1.61797e-26
1.57572e-26
1.53551e-26
1.49728e-26
1.461e-26
1.42662e-26
1.39408e-26
1.36336e-26
1.33441e-26
1.3072e-26
1.2817e-26
1.25786e-26
1.23566e-26
1.21508e-26
1.19609e-26
1.17866e-26
1.16278e-26
1.14842e-26
1.13556e-26
1.12419e-26
1.1143e-26
1.10587e-26
1.0989e-26
1.09336e-26
1.08925e-26
1.08657e-26
1.08531e-26
1.08554e-26
1.08725e-26
1.09048e-26
1.09522e-26
1.10147e-26
1.10923e-26
1.11851e-26
