2
2e+18
2e+17
49.9993
2
8387.66
3.04328e-19
3.04314e-19
3.04219e-19
3.04065e-19
3.03851e-19
3.03578e-19
3.03243e-19
3.02849e-19
3.02395e-19
3.01881e-19
3.01308e-19
3.00676e-19
2.99985e-19
2.99236e-19
2.98429e-19
2.97565e-19
2.96644e-19
2.95667e-19
2.94634e-19
2.93545e-19
2.92403e-19
2.91206e-19
2.89957e-19
2.88655e-19
2.87301e-19
2.85897e-19
2.84443e-19
2.82939e-19
2.81387e-19
2.79788e-19
2.78142e-19
2.7645e-19
2.74714e-19
2.72934e-19
2.71112e-19
2.69248e-19
2.67343e-19
2.65398e-19
2.63415e-19
2.61395e-19
2.59338e-19
2.57246e-19
2.55119e-19
2.5296e-19
2.50769e-19
2.48547e-19
2.46295e-19
2.44015e-19
2.41708e-19
2.39375e-19
2.37017e-19
2.34635e-19
2.32231e-19
2.29805e-19
2.27359e-19
2.24895e-19
2.22412e-19
2.19913e-19
2.17398e-19
2.1487e-19
2.12328e-19
2.09774e-19
2.0721e-19
2.04636e-19
2.02053e-19
1.99464e-19
1.96868e-19
1.94267e-19
1.91662e-19
1.89054e-19
1.86444e-19
1.83834e-19
1.81224e-19
1.78615e-19
1.76008e-19
1.73405e-19
1.70807e-19
1.68213e-19
1.65626e-19
1.63046e-19
1.60474e-19
1.57911e-19
1.55358e-19
1.52816e-19
1.50285e-19
1.47766e-19
1.45261e-19
1.4277e-19
1.40293e-19
1.37831e-19
1.35386e-19
1.32958e-19
1.30547e-19
1.28154e-19
1.2578e-19
1.23425e-19
1.2109e-19
1.18775e-19
1.16481e-19
1.14209e-19
1.11959e-19
1.09731e-19
1.07526e-19
1.05344e-19
1.03186e-19
1.01052e-19
9.89418e-20
9.68566e-20
9.47964e-20
9.27615e-20
9.07521e-20
8.87685e-20
8.68109e-20
8.48794e-20
8.29744e-20
8.10958e-20
7.9244e-20
7.7419e-20
7.56208e-20
7.38497e-20
7.21056e-20
7.03886e-20
6.86988e-20
6.70361e-20
6.54006e-20
6.37923e-20
6.2211e-20
6.06568e-20
5.91296e-20
5.76293e-20
5.61559e-20
5.47092e-20
5.32891e-20
5.18955e-20
5.05282e-20
4.91871e-20
4.7872e-20
4.65828e-20
4.53192e-20
4.40811e-20
4.28683e-20
4.16804e-20
4.05174e-20
3.9379e-20
3.82649e-20
3.71748e-20
3.61086e-20
3.5066e-20
3.40467e-20
3.30503e-20
3.20768e-20
3.11256e-20
3.01967e-20
2.92896e-20
2.84041e-20
2.75398e-20
2.66965e-20
2.58738e-20
2.50715e-20
2.42892e-20
2.35266e-20
2.27834e-20
2.20592e-20
2.13538e-20
2.06669e-20
1.9998e-20
1.93469e-20
1.87133e-20
1.80967e-20
1.7497e-20
1.69138e-20
1.63468e-20
1.57956e-20
1.526e-20
1.47395e-20
1.4234e-20
1.3743e-20
1.32664e-20
1.28037e-20
1.23546e-20
1.1919e-20
1.14964e-20
1.10865e-20
1.06892e-20
1.0304e-20
9.93071e-21
9.56903e-21
9.21868e-21
8.87938e-21
8.55086e-21
8.23285e-21
7.92508e-21
7.62728e-21
7.33922e-21
7.06061e-21
6.79123e-21
6.53082e-21
6.27913e-21
6.03594e-21
5.80101e-21
5.57411e-21
5.35501e-21
5.14349e-21
4.93934e-21
4.74235e-21
4.5523e-21
4.36899e-21
4.19223e-21
4.02181e-21
3.85755e-21
3.69926e-21
3.54675e-21
3.39985e-21
3.25839e-21
3.12218e-21
2.99107e-21
2.8649e-21
2.74349e-21
2.62671e-21
2.51439e-21
2.4064e-21
2.30258e-21
2.20281e-21
2.10693e-21
2.01482e-21
1.92636e-21
1.84141e-21
1.75986e-21
1.68158e-21
1.60646e-21
1.53439e-21
1.46526e-21
1.39896e-21
1.3354e-21
1.27447e-21
1.21608e-21
1.16013e-21
1.10653e-21
1.0552e-21
1.00605e-21
9.58996e-22
9.1396e-22
8.70865e-22
8.29636e-22
7.90201e-22
7.5249e-22
7.16435e-22
6.81971e-22
6.49035e-22
6.17567e-22
5.87506e-22
5.58797e-22
5.31385e-22
5.05216e-22
4.8024e-22
4.56408e-22
4.33671e-22
4.11985e-22
3.91305e-22
3.71588e-22
3.52795e-22
3.34885e-22
3.1782e-22
3.01565e-22
2.86084e-22
2.71344e-22
2.57311e-22
2.43955e-22
2.31247e-22
2.19156e-22
2.07656e-22
1.96721e-22
1.86324e-22
1.76441e-22
1.67049e-22
1.58125e-22
1.49648e-22
1.41597e-22
1.33952e-22
1.26695e-22
1.19807e-22
1.13271e-22
1.0707e-22
1.01188e-22
9.56105e-23
9.03221e-23
8.53091e-23
8.05583e-23
7.60568e-23
7.17925e-23
6.77538e-23
6.39294e-23
6.03089e-23
5.6882e-23
5.36391e-23
5.0571e-23
4.76689e-23
4.49243e-23
4.23292e-23
3.98761e-23
3.75577e-23
3.53669e-23
3.32973e-23
3.13426e-23
2.94966e-23
2.77539e-23
2.61089e-23
2.45565e-23
2.30917e-23
2.171e-23
2.04069e-23
1.91782e-23
1.80199e-23
1.69281e-23
1.58993e-23
1.493e-23
1.4017e-23
1.31572e-23
1.23477e-23
1.15857e-23
1.08685e-23
1.01937e-23
9.55889e-24
8.9618e-24
8.40033e-24
7.87246e-24
7.37629e-24
6.91001e-24
6.4719e-24
6.06036e-24
5.67386e-24
5.31094e-24
4.97025e-24
4.65047e-24
4.3504e-24
4.06888e-24
3.80482e-24
3.55718e-24
3.32499e-24
3.10734e-24
2.90336e-24
2.71222e-24
2.53316e-24
2.36545e-24
2.2084e-24
2.06136e-24
1.92373e-24
1.79493e-24
1.67442e-24
1.56168e-24
1.45625e-24
1.35766e-24
1.2655e-24
1.17935e-24
1.09885e-24
1.02364e-24
9.53385e-25
8.87775e-25
8.26515e-25
7.69329e-25
7.15955e-25
6.66152e-25
6.19689e-25
5.76351e-25
5.35937e-25
4.98257e-25
4.63134e-25
4.30401e-25
3.99901e-25
3.71488e-25
3.45025e-25
3.20382e-25
2.97441e-25
2.76087e-25
2.56214e-25
2.37725e-25
2.20526e-25
2.0453e-25
1.89656e-25
1.75829e-25
1.62978e-25
1.51035e-25
1.3994e-25
1.29634e-25
1.20063e-25
1.11176e-25
1.02926e-25
9.52697e-26
8.81652e-26
8.15741e-26
7.54607e-26
6.97914e-26
6.45352e-26
5.96629e-26
5.51475e-26
5.09635e-26
4.70876e-26
4.34978e-26
4.01736e-26
3.7096e-26
3.42474e-26
3.16111e-26
2.9172e-26
2.69157e-26
2.48289e-26
2.28993e-26
2.11155e-26
1.94668e-26
1.79431e-26
1.65355e-26
1.52352e-26
1.40343e-26
1.29256e-26
1.1902e-26
1.09573e-26
1.00856e-26
9.28134e-27
8.53953e-27
7.85544e-27
7.2247e-27
6.64328e-27
6.10743e-27
5.61367e-27
5.15881e-27
4.73985e-27
4.35404e-27
3.99884e-27
3.67188e-27
3.37098e-27
3.09412e-27
2.83943e-27
2.60518e-27
2.38978e-27
2.19176e-27
2.00974e-27
1.84246e-27
1.68877e-27
1.5476e-27
1.41794e-27
1.29888e-27
1.18958e-27
1.08926e-27
9.97205e-28
9.12745e-28
8.35271e-28
7.6422e-28
6.99074e-28
6.39353e-28
5.84616e-28
5.34459e-28
4.88508e-28
4.46418e-28
4.07873e-28
3.72581e-28
3.40275e-28
3.10708e-28
2.83654e-28
2.58903e-28
2.36265e-28
2.15563e-28
1.96636e-28
1.79335e-28
1.63523e-28
1.49076e-28
1.35877e-28
1.23823e-28
1.12815e-28
1.02766e-28
9.35927e-29
8.52214e-29
7.75833e-29
7.06157e-29
6.42609e-29
5.84664e-29
5.31837e-29
4.83686e-29
4.39807e-29
3.99829e-29
3.63412e-29
3.30245e-29
3.00046e-29
2.72554e-29
2.47531e-29
2.2476e-29
2.04044e-29
1.852e-29
1.68062e-29
1.5248e-29
1.38315e-29
1.25441e-29
1.13742e-29
1.03114e-29
9.346e-30
8.46931e-30
7.67331e-30
6.95074e-30
6.29496e-30
5.69991e-30
5.1601e-30
4.67056e-30
4.22679e-30
