10
1e+18
1e+17
49.9994
9.99998
18755.4
2.72636e-20
2.72622e-20
2.72531e-20
2.72387e-20
2.7219e-20
2.71938e-20
2.71633e-20
2.71274e-20
2.70861e-20
2.70395e-20
2.69876e-20
2.69304e-20
2.6868e-20
2.68003e-20
2.67275e-20
2.66496e-20
2.65665e-20
2.64785e-20
2.63854e-20
2.62874e-20
2.61846e-20
2.60769e-20
2.59645e-20
2.58475e-20
2.57258e-20
2.55995e-20
2.54688e-20
2.53337e-20
2.51943e-20
2.50507e-20
2.49028e-20
2.4751e-20
2.45951e-20
2.44353e-20
2.42717e-20
2.41044e-20
2.39334e-20
2.3759e-20
2.3581e-20
2.33998e-20
2.32153e-20
2.30276e-20
2.28369e-20
2.26432e-20
2.24467e-20
2.22475e-20
2.20456e-20
2.18412e-20
2.16344e-20
2.14252e-20
2.12139e-20
2.10004e-20
2.07849e-20
2.05675e-20
2.03483e-20
2.01274e-20
1.9905e-20
1.96811e-20
1.94558e-20
1.92292e-20
1.90015e-20
1.87727e-20
1.8543e-20
1.83124e-20
1.80811e-20
1.78491e-20
1.76166e-20
1.73836e-20
1.71503e-20
1.69168e-20
1.66831e-20
1.64493e-20
1.62156e-20
1.5982e-20
1.57486e-20
1.55155e-20
1.52828e-20
1.50506e-20
1.4819e-20
1.4588e-20
1.43577e-20
1.41282e-20
1.38997e-20
1.36721e-20
1.34455e-20
1.32201e-20
1.29958e-20
1.27728e-20
1.25511e-20
1.23308e-20
1.21119e-20
1.18945e-20
1.16787e-20
1.14645e-20
1.1252e-20
1.10413e-20
1.08323e-20
1.06251e-20
1.04198e-20
1.02165e-20
1.00151e-20
9.81568e-21
9.61833e-21
9.42306e-21
9.22992e-21
9.03892e-21
8.8501e-21
8.66349e-21
8.47911e-21
8.297e-21
8.11717e-21
7.93965e-21
7.76446e-21
7.59161e-21
7.42112e-21
7.25301e-21
7.08728e-21
6.92396e-21
6.76304e-21
6.60453e-21
6.44845e-21
6.2948e-21
6.14357e-21
5.99477e-21
5.84841e-21
5.70448e-21
5.56297e-21
5.42388e-21
5.28721e-21
5.15296e-21
5.0211e-21
4.89164e-21
4.76456e-21
4.63986e-21
4.51751e-21
4.39751e-21
4.27983e-21
4.16448e-21
4.05142e-21
3.94064e-21
3.83212e-21
3.72585e-21
3.6218e-21
3.51995e-21
3.42028e-21
3.32277e-21
3.22739e-21
3.13412e-21
3.04294e-21
2.95382e-21
2.86674e-21
2.78167e-21
2.69859e-21
2.61746e-21
2.53827e-21
2.46097e-21
2.38556e-21
2.312e-21
2.24026e-21
2.17031e-21
2.10212e-21
2.03567e-21
1.97093e-21
1.90786e-21
1.84645e-21
1.78666e-21
1.72845e-21
1.67181e-21
1.61671e-21
1.56311e-21
1.51098e-21
1.46031e-21
1.41105e-21
1.36318e-21
1.31667e-21
1.2715e-21
1.22763e-21
1.18504e-21
1.1437e-21
1.10358e-21
1.06466e-21
1.02691e-21
9.90295e-22
9.54799e-22
9.20392e-22
8.87049e-22
8.54745e-22
8.23453e-22
7.9315e-22
7.6381e-22
7.3541e-22
7.07925e-22
6.81333e-22
6.55609e-22
6.30732e-22
6.06678e-22
5.83427e-22
5.60955e-22
5.39242e-22
5.18267e-22
4.9801e-22
4.7845e-22
4.59567e-22
4.41342e-22
4.23756e-22
4.06791e-22
3.90428e-22
3.74649e-22
3.59437e-22
3.44774e-22
3.30645e-22
3.17032e-22
3.0392e-22
2.91292e-22
2.79135e-22
2.67432e-22
2.56169e-22
2.45333e-22
2.34909e-22
2.24883e-22
2.15243e-22
2.05976e-22
1.97069e-22
1.88511e-22
1.80288e-22
1.72391e-22
1.64807e-22
1.57526e-22
1.50537e-22
1.4383e-22
1.37395e-22
1.31223e-22
1.25303e-22
1.19627e-22
1.14185e-22
1.0897e-22
1.03973e-22
9.91854e-23
9.46e-23
9.0209e-23
8.6005e-23
8.1981e-23
7.813e-23
7.44455e-23
7.09209e-23
6.75501e-23
6.43269e-23
6.12457e-23
5.83007e-23
5.54866e-23
5.2798e-23
5.023e-23
4.77776e-23
4.54362e-23
4.32011e-23
4.1068e-23
3.90327e-23
3.70911e-23
3.52392e-23
3.34733e-23
3.17898e-23
3.01851e-23
2.86559e-23
2.71988e-23
2.58109e-23
2.44891e-23
2.32305e-23
2.20323e-23
2.08919e-23
1.98067e-23
1.87743e-23
1.77922e-23
1.68583e-23
1.59703e-23
1.51262e-23
1.43239e-23
1.35616e-23
1.28374e-23
1.21495e-23
1.14963e-23
1.08761e-23
1.02874e-23
9.72864e-24
9.19849e-24
8.69557e-24
8.21856e-24
7.76622e-24
7.33738e-24
6.93088e-24
6.54565e-24
6.18064e-24
5.83487e-24
5.50739e-24
5.19728e-24
4.9037e-24
4.62581e-24
4.36284e-24
4.11402e-24
3.87865e-24
3.65605e-24
3.44556e-24
3.24656e-24
3.05847e-24
2.88073e-24
2.71279e-24
2.55416e-24
2.40434e-24
2.26287e-24
2.12932e-24
2.00326e-24
1.88431e-24
1.77208e-24
1.66621e-24
1.56637e-24
1.47223e-24
1.38348e-24
1.29983e-24
1.221e-24
1.14674e-24
1.07678e-24
1.0109e-24
9.48865e-25
8.90466e-25
8.355e-25
7.83777e-25
7.35114e-25
6.8934e-25
6.46291e-25
6.05815e-25
5.67764e-25
5.32e-25
4.98393e-25
4.6682e-25
4.37162e-25
4.09309e-25
3.83157e-25
3.58607e-25
3.35565e-25
3.13943e-25
2.93657e-25
2.74629e-25
2.56784e-25
2.40053e-25
2.24368e-25
2.09668e-25
1.95893e-25
1.82987e-25
1.70899e-25
1.59578e-25
1.48978e-25
1.39056e-25
1.29769e-25
1.21079e-25
1.12949e-25
1.05344e-25
9.82328e-26
9.15835e-26
8.53677e-26
7.95583e-26
7.41299e-26
6.90584e-26
6.43214e-26
5.98977e-26
5.57674e-26
5.19118e-26
4.83134e-26
4.49557e-26
4.18232e-26
3.89014e-26
3.61766e-26
3.36362e-26
3.1268e-26
2.9061e-26
2.70044e-26
2.50885e-26
2.3304e-26
2.16422e-26
2.0095e-26
1.86547e-26
1.73143e-26
1.60671e-26
1.49068e-26
1.38276e-26
1.28241e-26
1.1891e-26
1.10237e-26
1.02176e-26
9.46868e-27
8.7729e-27
8.12666e-27
7.52655e-27
6.96939e-27
6.45222e-27
5.97225e-27
5.52691e-27
5.11378e-27
4.7306e-27
4.37528e-27
4.04585e-27
3.7405e-27
3.45751e-27
3.19531e-27
2.95242e-27
2.72746e-27
2.51914e-27
2.32628e-27
2.14777e-27
1.98256e-27
1.82971e-27
1.68831e-27
1.55753e-27
1.4366e-27
1.3248e-27
1.22146e-27
1.12596e-27
1.03773e-27
9.56218e-28
8.80939e-28
8.11428e-28
7.47255e-28
6.88023e-28
6.33362e-28
5.8293e-28
5.36408e-28
4.93503e-28
4.5394e-28
4.17468e-28
3.83852e-28
3.52873e-28
3.24332e-28
2.98041e-28
2.73828e-28
2.51533e-28
2.31009e-28
2.12118e-28
1.94735e-28
1.78742e-28
1.64031e-28
1.50502e-28
1.38064e-28
1.26629e-28
1.1612e-28
1.06464e-28
9.75927e-29
8.9445e-29
8.19634e-29
7.50949e-29
6.87908e-29
6.30061e-29
5.76992e-29
5.2832e-29
4.83692e-29
4.42783e-29
4.05295e-29
3.70952e-29
3.39501e-29
3.10708e-29
2.84359e-29
2.60256e-29
2.38219e-29
2.18081e-29
1.99688e-29
1.82901e-29
1.6759e-29
1.53638e-29
1.40937e-29
1.29386e-29
1.18896e-29
1.09385e-29
1.00775e-29
9.29988e-30
8.59935e-30
7.97018e-30
7.40722e-30
6.90579e-30
6.46166e-30
6.07103e-30
5.7305e-30
5.43702e-30
5.1879e-30
4.98077e-30
4.81353e-30
4.68439e-30
4.59182e-30
4.53451e-30
4.51142e-30
4.52174e-30
4.56493e-30
4.64057e-30
4.74844e-30
4.88853e-30
5.06098e-30
5.26608e-30
5.5043e-30
5.77627e-30
6.08278e-30
6.42478e-30
6.80338e-30
7.21985e-30
7.6756e-30
8.17221e-30
