5
2e+16
5e+17
50
4.9999
13262.1
7.38996e-20
7.38903e-20
7.38505e-20
7.37966e-20
7.3729e-20
7.36476e-20
7.35526e-20
7.34439e-20
7.33217e-20
7.31861e-20
7.3037e-20
7.28746e-20
7.26989e-20
7.25101e-20
7.23084e-20
7.20938e-20
7.18665e-20
7.16265e-20
7.1374e-20
7.11091e-20
7.08319e-20
7.05426e-20
7.02414e-20
6.99283e-20
6.96037e-20
6.92677e-20
6.89204e-20
6.8562e-20
6.81927e-20
6.78127e-20
6.74223e-20
6.70215e-20
6.66107e-20
6.619e-20
6.57597e-20
6.532e-20
6.4871e-20
6.44131e-20
6.39465e-20
6.34714e-20
6.2988e-20
6.24966e-20
6.19974e-20
6.14907e-20
6.09768e-20
6.04558e-20
5.9928e-20
5.93938e-20
5.88533e-20
5.83068e-20
5.77545e-20
5.71968e-20
5.66338e-20
5.60659e-20
5.54933e-20
5.49163e-20
5.43351e-20
5.37499e-20
5.31611e-20
5.25689e-20
5.19736e-20
5.13753e-20
5.07745e-20
5.01713e-20
4.95659e-20
4.89587e-20
4.83498e-20
4.77395e-20
4.71282e-20
4.65159e-20
4.59029e-20
4.52895e-20
4.4676e-20
4.40624e-20
4.34491e-20
4.28363e-20
4.22242e-20
4.1613e-20
4.1003e-20
4.03943e-20
3.97871e-20
3.91817e-20
3.85782e-20
3.79769e-20
3.73779e-20
3.67813e-20
3.61875e-20
3.55965e-20
3.50086e-20
3.44239e-20
3.38425e-20
3.32647e-20
3.26905e-20
3.21202e-20
3.15538e-20
3.09915e-20
3.04334e-20
2.98797e-20
2.93305e-20
2.87859e-20
2.82461e-20
2.7711e-20
2.7181e-20
2.66559e-20
2.6136e-20
2.56213e-20
2.51119e-20
2.46079e-20
2.41094e-20
2.36165e-20
2.31291e-20
2.26474e-20
2.21715e-20
2.17013e-20
2.1237e-20
2.07785e-20
2.0326e-20
1.98794e-20
1.94389e-20
1.90043e-20
1.85758e-20
1.81534e-20
1.77371e-20
1.73269e-20
1.69227e-20
1.65247e-20
1.61329e-20
1.57471e-20
1.53675e-20
1.49939e-20
1.46265e-20
1.42652e-20
1.39099e-20
1.35606e-20
1.32174e-20
1.28802e-20
1.2549e-20
1.22237e-20
1.19043e-20
1.15908e-20
1.12831e-20
1.09812e-20
1.06851e-20
1.03947e-20
1.01099e-20
9.83073e-21
9.55714e-21
9.28906e-21
9.02644e-21
8.76922e-21
8.51735e-21
8.27076e-21
8.02941e-21
7.79323e-21
7.56216e-21
7.33614e-21
7.11513e-21
6.89906e-21
6.68787e-21
6.48149e-21
6.27988e-21
6.08296e-21
5.89067e-21
5.70294e-21
5.51972e-21
5.34093e-21
5.16652e-21
4.99641e-21
4.83056e-21
4.66889e-21
4.51135e-21
4.35789e-21
4.20843e-21
4.06293e-21
3.92132e-21
3.78354e-21
3.64952e-21
3.51919e-21
3.3925e-21
3.26938e-21
3.14978e-21
3.03364e-21
2.9209e-21
2.81152e-21
2.70543e-21
2.60257e-21
2.50287e-21
2.40629e-21
2.31275e-21
2.22219e-21
2.13455e-21
2.04977e-21
1.96778e-21
1.88851e-21
1.81192e-21
1.73792e-21
1.66646e-21
1.59748e-21
1.53091e-21
1.46669e-21
1.40476e-21
1.34506e-21
1.28753e-21
1.2321e-21
1.17872e-21
1.12733e-21
1.07788e-21
1.03029e-21
9.84534e-22
9.40538e-22
8.98254e-22
8.57628e-22
8.18607e-22
7.81142e-22
7.45181e-22
7.10675e-22
6.77578e-22
6.4584e-22
6.15417e-22
5.86264e-22
5.58336e-22
5.31591e-22
5.05986e-22
4.81482e-22
4.58037e-22
4.35615e-22
4.14176e-22
3.93684e-22
3.74104e-22
3.55401e-22
3.37541e-22
3.20491e-22
3.0422e-22
2.88698e-22
2.73894e-22
2.59779e-22
2.46326e-22
2.33507e-22
2.21297e-22
2.0967e-22
1.98601e-22
1.88067e-22
1.78045e-22
1.68513e-22
1.5945e-22
1.50836e-22
1.4265e-22
1.34873e-22
1.27488e-22
1.20477e-22
1.13823e-22
1.07508e-22
1.01519e-22
9.58392e-23
9.04548e-23
8.53517e-23
8.05167e-23
7.59369e-23
7.16002e-23
6.74948e-23
6.36095e-23
5.99334e-23
5.64563e-23
5.31683e-23
5.006e-23
4.71225e-23
4.43469e-23
4.17252e-23
3.92494e-23
3.69121e-23
3.47061e-23
3.26246e-23
3.06611e-23
2.88093e-23
2.70634e-23
2.54177e-23
2.38669e-23
2.24059e-23
2.10299e-23
1.97341e-23
1.85143e-23
1.73663e-23
1.6286e-23
1.52699e-23
1.43142e-23
1.34156e-23
1.25709e-23
1.17771e-23
1.10312e-23
1.03305e-23
9.67253e-24
9.0547e-24
8.47474e-24
7.93044e-24
7.41972e-24
6.94062e-24
6.49128e-24
6.06994e-24
5.67495e-24
5.30472e-24
4.95779e-24
4.63276e-24
4.3283e-24
4.04317e-24
3.7762e-24
3.52628e-24
3.29238e-24
3.07349e-24
2.86871e-24
2.67715e-24
2.49801e-24
2.3305e-24
2.17389e-24
2.02752e-24
1.89072e-24
1.7629e-24
1.64349e-24
1.53195e-24
1.42779e-24
1.33053e-24
1.23973e-24
1.15498e-24
1.07588e-24
1.00207e-24
9.33207e-25
8.6897e-25
8.09056e-25
7.53183e-25
7.01087e-25
6.52519e-25
6.07246e-25
5.65051e-25
5.2573e-25
4.89092e-25
4.54959e-25
4.23164e-25
3.93551e-25
3.65974e-25
3.40295e-25
3.16387e-25
2.9413e-25
2.73413e-25
2.54132e-25
2.36189e-25
2.19493e-25
2.0396e-25
1.89509e-25
1.76068e-25
1.63566e-25
1.51939e-25
1.41127e-25
1.31075e-25
1.21728e-25
1.1304e-25
1.04964e-25
9.74575e-26
9.04813e-26
8.39983e-26
7.79742e-26
7.23771e-26
6.71771e-26
6.23465e-26
5.78593e-26
5.36916e-26
4.98208e-26
4.62261e-26
4.2888e-26
3.97884e-26
3.69104e-26
3.42385e-26
3.17581e-26
2.94556e-26
2.73184e-26
2.53347e-26
2.34937e-26
2.17852e-26
2.01998e-26
1.87286e-26
1.73636e-26
1.60971e-26
1.49221e-26
1.38321e-26
1.2821e-26
1.18831e-26
1.10133e-26
1.02065e-26
9.45829e-27
8.76442e-27
8.12099e-27
7.52437e-27
6.97118e-27
6.4583e-27
5.9828e-27
5.542e-27
5.13339e-27
4.75464e-27
4.40358e-27
4.0782e-27
3.77664e-27
3.49717e-27
3.23819e-27
2.99822e-27
2.77586e-27
2.56983e-27
2.37896e-27
2.20213e-27
2.03833e-27
1.88659e-27
1.74605e-27
1.61587e-27
1.49531e-27
1.38365e-27
1.28026e-27
1.18451e-27
1.09585e-27
1.01377e-27
9.37769e-28
8.67414e-28
8.02286e-28
7.42e-28
6.86201e-28
6.34556e-28
5.86759e-28
5.42525e-28
5.01593e-28
4.63719e-28
4.28675e-28
3.96254e-28
3.6626e-28
3.38515e-28
3.12851e-28
2.89114e-28
2.67161e-28
2.46859e-28
2.28085e-28
2.10726e-28
1.94675e-28
1.79836e-28
1.66118e-28
1.53437e-28
1.41716e-28
1.30883e-28
1.20872e-28
1.11621e-28
1.03074e-28
9.51766e-29
8.78813e-29
8.11425e-29
7.49182e-29
6.91696e-29
6.3861e-29
5.89592e-29
5.44337e-29
5.0256e-29
4.63999e-29
4.28413e-29
3.95575e-29
3.6528e-29
3.37335e-29
3.11563e-29
2.87799e-29
2.65894e-29
2.45706e-29
2.27104e-29
2.09969e-29
1.9419e-29
1.79666e-29
1.66304e-29
1.54015e-29
1.42718e-29
1.32342e-29
1.22827e-29
1.14118e-29
1.06158e-29
9.88951e-30
9.22834e-30
8.62778e-30
8.08441e-30
7.59474e-30
7.15528e-30
6.76278e-30
6.41433e-30
6.10728e-30
5.83925e-30
5.60809e-30
5.4119e-30
5.24897e-30
5.11781e-30
5.01712e-30
4.94578e-30
4.90284e-30
4.88753e-30
4.89921e-30
4.93742e-30
5.00183e-30
5.09225e-30
5.20866e-30
5.35112e-30
5.51989e-30
5.7153e-30
5.93786e-30
