5
1e+17
1e+18
49.9999
4.99988
13262.1
7.5179e-20
7.51731e-20
7.51423e-20
7.50973e-20
7.5038e-20
7.49642e-20
7.48761e-20
7.47736e-20
7.46568e-20
7.45259e-20
7.43808e-20
7.42216e-20
7.40485e-20
7.38615e-20
7.36607e-20
7.34464e-20
7.32186e-20
7.29773e-20
7.27229e-20
7.24553e-20
7.21748e-20
7.18814e-20
7.15754e-20
7.1257e-20
7.09263e-20
7.05834e-20
7.02287e-20
6.98623e-20
6.94843e-20
6.9095e-20
6.86947e-20
6.82834e-20
6.78616e-20
6.74293e-20
6.69868e-20
6.65343e-20
6.60721e-20
6.56005e-20
6.51196e-20
6.46298e-20
6.41313e-20
6.36243e-20
6.31091e-20
6.2586e-20
6.20553e-20
6.15171e-20
6.09718e-20
6.04197e-20
5.9861e-20
5.9296e-20
5.8725e-20
5.81483e-20
5.75661e-20
5.69787e-20
5.63863e-20
5.57894e-20
5.51881e-20
5.45827e-20
5.39735e-20
5.33608e-20
5.27449e-20
5.2126e-20
5.15044e-20
5.08803e-20
5.02541e-20
4.9626e-20
4.89963e-20
4.83652e-20
4.77329e-20
4.70999e-20
4.64662e-20
4.58322e-20
4.51981e-20
4.45641e-20
4.39305e-20
4.32976e-20
4.26654e-20
4.20344e-20
4.14047e-20
4.07765e-20
4.015e-20
3.95255e-20
3.89032e-20
3.82833e-20
3.76659e-20
3.70513e-20
3.64396e-20
3.58311e-20
3.52259e-20
3.46242e-20
3.40261e-20
3.34319e-20
3.28417e-20
3.22556e-20
3.16738e-20
3.10965e-20
3.05237e-20
2.99556e-20
2.93924e-20
2.88342e-20
2.8281e-20
2.77331e-20
2.71904e-20
2.66531e-20
2.61214e-20
2.55953e-20
2.50748e-20
2.45601e-20
2.40513e-20
2.35484e-20
2.30514e-20
2.25605e-20
2.20758e-20
2.15972e-20
2.11248e-20
2.06586e-20
2.01988e-20
1.97453e-20
1.92982e-20
1.88574e-20
1.8423e-20
1.79951e-20
1.75736e-20
1.71586e-20
1.67501e-20
1.63479e-20
1.59523e-20
1.55631e-20
1.51803e-20
1.4804e-20
1.44341e-20
1.40706e-20
1.37135e-20
1.33627e-20
1.30182e-20
1.268e-20
1.23481e-20
1.20224e-20
1.17029e-20
1.13895e-20
1.10822e-20
1.0781e-20
1.04857e-20
1.01965e-20
9.91305e-21
9.63549e-21
9.36371e-21
9.09766e-21
8.83727e-21
8.58249e-21
8.33325e-21
8.08949e-21
7.85113e-21
7.61813e-21
7.3904e-21
7.16788e-21
6.95051e-21
6.73822e-21
6.53093e-21
6.32858e-21
6.1311e-21
5.93842e-21
5.75046e-21
5.56715e-21
5.38842e-21
5.2142e-21
5.04441e-21
4.87898e-21
4.71784e-21
4.56092e-21
4.40815e-21
4.25946e-21
4.11478e-21
3.97403e-21
3.83716e-21
3.70408e-21
3.57472e-21
3.44902e-21
3.3269e-21
3.20829e-21
3.09313e-21
2.98135e-21
2.87288e-21
2.76766e-21
2.66563e-21
2.56671e-21
2.47085e-21
2.37797e-21
2.288e-21
2.20089e-21
2.11656e-21
2.03496e-21
1.95601e-21
1.87966e-21
1.80583e-21
1.73447e-21
1.66551e-21
1.5989e-21
1.53457e-21
1.47246e-21
1.41251e-21
1.35466e-21
1.29886e-21
1.24504e-21
1.19316e-21
1.14316e-21
1.09497e-21
1.04856e-21
1.00387e-21
9.60837e-22
9.19423e-22
8.79576e-22
8.41246e-22
8.04386e-22
7.6895e-22
7.34893e-22
7.0217e-22
6.70737e-22
6.40553e-22
6.11575e-22
5.83764e-22
5.57079e-22
5.31482e-22
5.06936e-22
4.83404e-22
4.60851e-22
4.39241e-22
4.18542e-22
3.9872e-22
3.79742e-22
3.6158e-22
3.44201e-22
3.27577e-22
3.11679e-22
2.96481e-22
2.81954e-22
2.68074e-22
2.54814e-22
2.42152e-22
2.30063e-22
2.18524e-22
2.07513e-22
1.9701e-22
1.86993e-22
1.77442e-22
1.68338e-22
1.59663e-22
1.51399e-22
1.43528e-22
1.36034e-22
1.289e-22
1.22111e-22
1.15652e-22
1.09509e-22
1.03667e-22
9.81142e-23
9.28366e-23
8.78223e-23
8.30593e-23
7.85362e-23
7.42421e-23
7.01664e-23
6.62991e-23
6.26304e-23
5.91511e-23
5.58522e-23
5.27252e-23
4.97618e-23
4.69543e-23
4.42951e-23
4.17771e-23
3.93933e-23
3.71371e-23
3.50024e-23
3.29829e-23
3.10731e-23
2.92673e-23
2.75605e-23
2.59474e-23
2.44234e-23
2.2984e-23
2.16246e-23
2.03413e-23
1.913e-23
1.79869e-23
1.69086e-23
1.58916e-23
1.49325e-23
1.40284e-23
1.31763e-23
1.23734e-23
1.16169e-23
1.09045e-23
1.02337e-23
9.60221e-24
9.00784e-24
8.44857e-24
7.92244e-24
7.4276e-24
6.96229e-24
6.52485e-24
6.1137e-24
5.72734e-24
5.36437e-24
5.02344e-24
4.70329e-24
4.40271e-24
4.12056e-24
3.85578e-24
3.60735e-24
3.3743e-24
3.15574e-24
2.9508e-24
2.75868e-24
2.5786e-24
2.40986e-24
2.25176e-24
2.10367e-24
1.96498e-24
1.83512e-24
1.71356e-24
1.59978e-24
1.4933e-24
1.39368e-24
1.3005e-24
1.21335e-24
1.13186e-24
1.05567e-24
9.84461e-25
9.17909e-25
8.55725e-25
7.97632e-25
7.43369e-25
6.92695e-25
6.4538e-25
6.01208e-25
5.59979e-25
5.21503e-25
4.85601e-25
4.52108e-25
4.20866e-25
3.91729e-25
3.6456e-25
3.39229e-25
3.15617e-25
2.9361e-25
2.73102e-25
2.53994e-25
2.36193e-25
2.19611e-25
2.04169e-25
1.89789e-25
1.764e-25
1.63937e-25
1.52336e-25
1.41539e-25
1.31493e-25
1.22145e-25
1.13449e-25
1.05361e-25
9.78382e-26
9.08428e-26
8.43384e-26
7.82914e-26
7.26703e-26
6.74457e-26
6.25903e-26
5.80784e-26
5.38863e-26
4.99918e-26
4.63741e-26
4.3014e-26
3.98935e-26
3.69959e-26
3.43054e-26
3.18076e-26
2.94889e-26
2.73367e-26
2.53392e-26
2.34855e-26
2.17655e-26
2.01696e-26
1.86891e-26
1.73157e-26
1.60418e-26
1.48604e-26
1.37647e-26
1.27488e-26
1.18068e-26
1.09335e-26
1.01239e-26
9.37345e-27
8.67792e-27
8.03332e-27
7.43599e-27
6.8825e-27
6.36969e-27
5.89459e-27
5.45448e-27
5.04682e-27
4.66924e-27
4.31955e-27
3.99572e-27
3.69587e-27
3.41825e-27
3.16122e-27
2.92329e-27
2.70304e-27
2.49919e-27
2.31053e-27
2.13593e-27
1.97437e-27
1.82488e-27
1.68658e-27
1.55863e-27
1.44027e-27
1.3308e-27
1.22955e-27
1.13592e-27
1.04933e-27
9.69271e-28
8.95249e-28
8.26817e-28
7.63557e-28
7.05084e-28
6.5104e-28
6.01095e-28
5.54941e-28
5.12295e-28
4.72894e-28
4.36495e-28
4.02871e-28
3.71814e-28
3.43132e-28
3.16644e-28
2.92185e-28
2.69601e-28
2.48752e-28
2.29507e-28
2.11743e-28
1.95348e-28
1.8022e-28
1.66261e-28
1.53383e-28
1.41504e-28
1.30548e-28
1.20445e-28
1.11129e-28
1.02541e-28
9.46249e-29
8.73295e-29
8.06075e-29
7.44152e-29
6.87122e-29
6.34613e-29
5.86279e-29
5.41804e-29
5.00892e-29
4.63274e-29
4.287e-29
3.96939e-29
3.67779e-29
3.41025e-29
3.1649e-29
2.9401e-29
2.73431e-29
2.54613e-29
2.37426e-29
2.21752e-29
2.07477e-29
1.94506e-29
1.82761e-29
1.72179e-29
1.62679e-29
1.54194e-29
1.46667e-29
1.40036e-29
1.34263e-29
1.29305e-29
1.25115e-29
1.21652e-29
1.18879e-29
1.16763e-29
1.15274e-29
1.14387e-29
1.1408e-29
1.14335e-29
1.15134e-29
1.16466e-29
1.1832e-29
1.20689e-29
1.23568e-29
1.26955e-29
1.30849e-29
1.35252e-29
1.40169e-29
1.45607e-29
1.51574e-29
1.5808e-29
1.65139e-29
1.72766e-29
