5
2e+18
1e+19
49.9973
4.99918
13262.1
7.58228e-20
7.58179e-20
7.579e-20
7.57478e-20
7.56909e-20
7.56193e-20
7.55329e-20
7.5432e-20
7.53164e-20
7.51863e-20
7.50417e-20
7.48828e-20
7.47096e-20
7.45221e-20
7.43206e-20
7.41052e-20
7.38759e-20
7.36329e-20
7.33764e-20
7.31064e-20
7.28232e-20
7.25269e-20
7.22176e-20
7.18956e-20
7.1561e-20
7.1214e-20
7.08549e-20
7.04837e-20
7.01008e-20
6.97062e-20
6.93004e-20
6.88834e-20
6.84555e-20
6.8017e-20
6.7568e-20
6.71089e-20
6.66398e-20
6.6161e-20
6.56729e-20
6.51755e-20
6.46693e-20
6.41544e-20
6.36312e-20
6.30998e-20
6.25607e-20
6.2014e-20
6.14601e-20
6.08991e-20
6.03315e-20
5.97575e-20
5.91773e-20
5.85913e-20
5.79997e-20
5.74029e-20
5.68011e-20
5.61945e-20
5.55836e-20
5.49685e-20
5.43496e-20
5.37271e-20
5.31014e-20
5.24726e-20
5.18412e-20
5.12073e-20
5.05713e-20
4.99333e-20
4.92938e-20
4.86529e-20
4.80109e-20
4.73681e-20
4.67248e-20
4.60811e-20
4.54375e-20
4.4794e-20
4.4151e-20
4.35087e-20
4.28673e-20
4.22271e-20
4.15883e-20
4.09511e-20
4.03157e-20
3.96825e-20
3.90515e-20
3.8423e-20
3.77972e-20
3.71743e-20
3.65545e-20
3.5938e-20
3.53249e-20
3.47155e-20
3.41098e-20
3.35082e-20
3.29107e-20
3.23175e-20
3.17287e-20
3.11446e-20
3.05652e-20
2.99906e-20
2.94211e-20
2.88567e-20
2.82975e-20
2.77438e-20
2.71955e-20
2.66528e-20
2.61157e-20
2.55845e-20
2.5059e-20
2.45396e-20
2.40261e-20
2.35188e-20
2.30176e-20
2.25227e-20
2.2034e-20
2.15516e-20
2.10757e-20
2.06061e-20
2.0143e-20
1.96865e-20
1.92364e-20
1.87929e-20
1.8356e-20
1.79256e-20
1.75019e-20
1.70848e-20
1.66743e-20
1.62703e-20
1.5873e-20
1.54823e-20
1.50982e-20
1.47207e-20
1.43497e-20
1.39852e-20
1.36273e-20
1.32758e-20
1.29308e-20
1.25922e-20
1.226e-20
1.19341e-20
1.16146e-20
1.13012e-20
1.09941e-20
1.06931e-20
1.03983e-20
1.01094e-20
9.82663e-21
9.54974e-21
9.27873e-21
9.01354e-21
8.7541e-21
8.50035e-21
8.25222e-21
8.00964e-21
7.77255e-21
7.54088e-21
7.31456e-21
7.09351e-21
6.87767e-21
6.66696e-21
6.46131e-21
6.26065e-21
6.06491e-21
5.874e-21
5.68785e-21
5.50639e-21
5.32954e-21
5.15723e-21
4.98937e-21
4.8259e-21
4.66673e-21
4.51179e-21
4.36102e-21
4.21432e-21
4.07164e-21
3.93288e-21
3.79799e-21
3.66689e-21
3.53949e-21
3.41573e-21
3.29554e-21
3.17883e-21
3.06554e-21
2.95561e-21
2.84895e-21
2.74551e-21
2.64521e-21
2.54798e-21
2.45376e-21
2.36247e-21
2.27406e-21
2.18844e-21
2.10556e-21
2.02535e-21
1.94775e-21
1.87268e-21
1.80009e-21
1.72991e-21
1.66209e-21
1.59655e-21
1.53324e-21
1.4721e-21
1.41307e-21
1.3561e-21
1.30112e-21
1.24808e-21
1.19692e-21
1.14759e-21
1.10005e-21
1.05422e-21
1.01008e-21
9.67553e-22
9.26604e-22
8.87183e-22
8.49241e-22
8.12734e-22
7.77615e-22
7.43841e-22
7.11369e-22
6.80157e-22
6.50163e-22
6.21348e-22
5.93671e-22
5.67096e-22
5.41585e-22
5.17101e-22
4.9361e-22
4.71076e-22
4.49467e-22
4.2875e-22
4.08892e-22
3.89864e-22
3.71635e-22
3.54176e-22
3.3746e-22
3.21458e-22
3.06143e-22
2.91491e-22
2.77476e-22
2.64073e-22
2.5126e-22
2.39013e-22
2.27311e-22
2.16132e-22
2.05455e-22
1.9526e-22
1.85529e-22
1.76241e-22
1.67381e-22
1.58929e-22
1.50869e-22
1.43185e-22
1.35861e-22
1.28882e-22
1.22234e-22
1.15902e-22
1.09873e-22
1.04134e-22
9.86717e-23
9.34749e-23
8.85316e-23
8.38306e-23
7.93612e-23
7.5113e-23
7.10761e-23
6.72409e-23
6.35982e-23
6.01393e-23
5.68557e-23
5.37392e-23
5.07821e-23
4.7977e-23
4.53166e-23
4.27941e-23
4.0403e-23
3.8137e-23
3.59901e-23
3.39564e-23
3.20305e-23
3.02072e-23
2.84813e-23
2.68481e-23
2.5303e-23
2.38415e-23
2.24595e-23
2.11529e-23
1.9918e-23
1.87511e-23
1.76487e-23
1.66075e-23
1.56243e-23
1.46962e-23
1.38202e-23
1.29936e-23
1.22138e-23
1.14783e-23
1.07848e-23
1.0131e-23
9.51487e-24
8.93428e-24
8.38734e-24
7.87221e-24
7.38716e-24
6.93053e-24
6.50076e-24
6.09637e-24
5.71594e-24
5.35813e-24
5.02167e-24
4.70537e-24
4.40808e-24
4.12872e-24
3.86627e-24
3.61977e-24
3.38829e-24
3.17096e-24
2.96698e-24
2.77555e-24
2.59595e-24
2.42749e-24
2.2695e-24
2.12138e-24
1.98253e-24
1.8524e-24
1.73047e-24
1.61624e-24
1.50926e-24
1.40909e-24
1.31531e-24
1.22754e-24
1.1454e-24
1.06855e-24
9.9667e-25
9.29446e-25
8.66592e-25
8.07836e-25
7.52923e-25
7.01611e-25
6.53674e-25
6.089e-25
5.67088e-25
5.2805e-25
4.9161e-25
4.57601e-25
4.25867e-25
3.96263e-25
3.68651e-25
3.42902e-25
3.18895e-25
2.96517e-25
2.7566e-25
2.56226e-25
2.3812e-25
2.21256e-25
2.05551e-25
1.90928e-25
1.77316e-25
1.64646e-25
1.52856e-25
1.41887e-25
1.31683e-25
1.22193e-25
1.13368e-25
1.05164e-25
9.75373e-26
9.04496e-26
8.38636e-26
7.7745e-26
7.20615e-26
6.67831e-26
6.18818e-26
5.73314e-26
5.31076e-26
4.91876e-26
4.55502e-26
4.21756e-26
3.90452e-26
3.61419e-26
3.34497e-26
3.09536e-26
2.86397e-26
2.64951e-26
2.45077e-26
2.26663e-26
2.09603e-26
1.93802e-26
1.79168e-26
1.65618e-26
1.53072e-26
1.41459e-26
1.3071e-26
1.20763e-26
1.11559e-26
1.03044e-26
9.51672e-27
8.78824e-27
8.11458e-27
7.49171e-27
6.91587e-27
6.38359e-27
5.89164e-27
5.43702e-27
5.01695e-27
4.62887e-27
4.27039e-27
3.93928e-27
3.63351e-27
3.35117e-27
3.09049e-27
2.84984e-27
2.62772e-27
2.42272e-27
2.23355e-27
2.05899e-27
1.89795e-27
1.7494e-27
1.61237e-27
1.486e-27
1.36946e-27
1.26201e-27
1.16295e-27
1.07163e-27
9.87462e-28
9.09886e-28
8.38398e-28
7.72527e-28
7.11839e-28
6.55931e-28
6.04434e-28
5.57005e-28
5.13329e-28
4.73112e-28
4.36085e-28
4.02e-28
3.70627e-28
3.41754e-28
3.15185e-28
2.9074e-28
2.68251e-28
2.47566e-28
2.28544e-28
2.11054e-28
1.94975e-28
1.80197e-28
1.66617e-28
1.54143e-28
1.42686e-28
1.32167e-28
1.22513e-28
1.13655e-28
1.05532e-28
9.80841e-29
9.12601e-29
8.50111e-29
7.92924e-29
7.40629e-29
6.92849e-29
6.49238e-29
6.09477e-29
5.73273e-29
5.40359e-29
5.10487e-29
4.83434e-29
4.58991e-29
4.3697e-29
4.17186e-29
3.99482e-29
3.83713e-29
3.69749e-29
3.57469e-29
3.46765e-29
3.37526e-29
3.29676e-29
3.2317e-29
3.17981e-29
3.14036e-29
3.11278e-29
3.09672e-29
3.09161e-29
3.09737e-29
3.1137e-29
3.14022e-29
3.17653e-29
3.22233e-29
3.27734e-29
3.34133e-29
3.41412e-29
3.49555e-29
3.58552e-29
3.68395e-29
3.7908e-29
3.90607e-29
4.02977e-29
4.16196e-29
4.30271e-29
4.45214e-29
4.61037e-29
4.77757e-29
4.95391e-29
5.13961e-29
5.3349e-29
5.54004e-29
5.75531e-29
