20
5e+17
1e+19
49.9999
19.9991
26524.1
1.5506e-20
1.54669e-20
1.53526e-20
1.5232e-20
1.51089e-20
1.49841e-20
1.48581e-20
1.47311e-20
1.46037e-20
1.44757e-20
1.43471e-20
1.42178e-20
1.40879e-20
1.39573e-20
1.3826e-20
1.36941e-20
1.35618e-20
1.3429e-20
1.32958e-20
1.31621e-20
1.30279e-20
1.28932e-20
1.27583e-20
1.26231e-20
1.24875e-20
1.23517e-20
1.22157e-20
1.20795e-20
1.19432e-20
1.18068e-20
1.16703e-20
1.15338e-20
1.13973e-20
1.12609e-20
1.11245e-20
1.09882e-20
1.0852e-20
1.0716e-20
1.05801e-20
1.04445e-20
1.0309e-20
1.01738e-20
1.00388e-20
9.90424e-21
9.76999e-21
9.63613e-21
9.50268e-21
9.36961e-21
9.23699e-21
9.10482e-21
8.97315e-21
8.84199e-21
8.71138e-21
8.58133e-21
8.45187e-21
8.32301e-21
8.1948e-21
8.06721e-21
7.94031e-21
7.81414e-21
7.68869e-21
7.56399e-21
7.44004e-21
7.31687e-21
7.19447e-21
7.07288e-21
6.95213e-21
6.83222e-21
6.71316e-21
6.59494e-21
6.4776e-21
6.36117e-21
6.24562e-21
6.13099e-21
6.01725e-21
5.90443e-21
5.79256e-21
5.68162e-21
5.57164e-21
5.46264e-21
5.35461e-21
5.24759e-21
5.14159e-21
5.03661e-21
4.93267e-21
4.8298e-21
4.72801e-21
4.62733e-21
4.5278e-21
4.42941e-21
4.33219e-21
4.23619e-21
4.14145e-21
4.04799e-21
3.95582e-21
3.865e-21
3.77553e-21
3.68742e-21
3.60068e-21
3.51534e-21
3.43138e-21
3.34882e-21
3.26766e-21
3.18792e-21
3.10958e-21
3.03264e-21
2.95711e-21
2.88299e-21
2.81027e-21
2.73895e-21
2.669e-21
2.60044e-21
2.53326e-21
2.46743e-21
2.40294e-21
2.33979e-21
2.27798e-21
2.21748e-21
2.15827e-21
2.10035e-21
2.0437e-21
1.98831e-21
1.93417e-21
1.88124e-21
1.82952e-21
1.77899e-21
1.72964e-21
1.68145e-21
1.6344e-21
1.58846e-21
1.54363e-21
1.49989e-21
1.45722e-21
1.4156e-21
1.37501e-21
1.33543e-21
1.29685e-21
1.25925e-21
1.22261e-21
1.18691e-21
1.15213e-21
1.11826e-21
1.08526e-21
1.05314e-21
1.02187e-21
9.91438e-22
9.61823e-22
9.33002e-22
9.04961e-22
8.77682e-22
8.5115e-22
8.25349e-22
8.00263e-22
7.75877e-22
7.5217e-22
7.29125e-22
7.06729e-22
6.84966e-22
6.63822e-22
6.43283e-22
6.23334e-22
6.03956e-22
5.85137e-22
5.66862e-22
5.49118e-22
5.31892e-22
5.15172e-22
4.98945e-22
4.83199e-22
4.67921e-22
4.53097e-22
4.38713e-22
4.24759e-22
4.11223e-22
3.98095e-22
3.85365e-22
3.73021e-22
3.61053e-22
3.49452e-22
3.38203e-22
3.27299e-22
3.16729e-22
3.06484e-22
2.96555e-22
2.86935e-22
2.77613e-22
2.68582e-22
2.59834e-22
2.51358e-22
2.43146e-22
2.35192e-22
2.27488e-22
2.20026e-22
2.128e-22
2.05803e-22
1.99028e-22
1.92469e-22
1.8612e-22
1.79974e-22
1.74024e-22
1.68263e-22
1.62687e-22
1.5729e-22
1.52066e-22
1.47011e-22
1.42119e-22
1.37386e-22
1.32806e-22
1.28375e-22
1.24089e-22
1.19942e-22
1.15931e-22
1.1205e-22
1.08295e-22
1.04663e-22
1.0115e-22
9.7752e-23
9.44657e-23
9.12876e-23
8.82143e-23
8.52425e-23
8.2369e-23
7.95908e-23
7.69049e-23
7.43083e-23
7.17975e-23
6.93699e-23
6.70228e-23
6.47536e-23
6.256e-23
6.04393e-23
5.83895e-23
5.6408e-23
5.44929e-23
5.2642e-23
5.08531e-23
4.91243e-23
4.74537e-23
4.58393e-23
4.42794e-23
4.27718e-23
4.13148e-23
3.99067e-23
3.85459e-23
3.7231e-23
3.59604e-23
3.47327e-23
3.35465e-23
3.24004e-23
3.12931e-23
3.02233e-23
2.91898e-23
2.81914e-23
2.72269e-23
2.62953e-23
2.53954e-23
2.45262e-23
2.36864e-23
2.28751e-23
2.20914e-23
2.13343e-23
2.06029e-23
1.98964e-23
1.92139e-23
1.85547e-23
1.7918e-23
1.73031e-23
1.67091e-23
1.61354e-23
1.55814e-23
1.50463e-23
1.45296e-23
1.40305e-23
1.35486e-23
1.30833e-23
1.26339e-23
1.21999e-23
1.17807e-23
1.13758e-23
1.09848e-23
1.06071e-23
1.02424e-23
9.89021e-24
9.55007e-24
9.22159e-24
8.90438e-24
8.59806e-24
8.30227e-24
8.01664e-24
7.74083e-24
7.4745e-24
7.21735e-24
6.96904e-24
6.7293e-24
6.49782e-24
6.27432e-24
6.05853e-24
5.85019e-24
5.64899e-24
5.45471e-24
5.26709e-24
5.08591e-24
4.91096e-24
4.74202e-24
4.57889e-24
4.42137e-24
4.26926e-24
4.12239e-24
3.98057e-24
3.84364e-24
3.71142e-24
3.58376e-24
3.46049e-24
3.34148e-24
3.22657e-24
3.11562e-24
3.0085e-24
2.90507e-24
2.80522e-24
2.70881e-24
2.61574e-24
2.52588e-24
2.43912e-24
2.35537e-24
2.27449e-24
2.19639e-24
2.12098e-24
2.04816e-24
1.97784e-24
1.90995e-24
1.84438e-24
1.78108e-24
1.71995e-24
1.66092e-24
1.60392e-24
1.54889e-24
1.49575e-24
1.44444e-24
1.3949e-24
1.34706e-24
1.30087e-24
1.25628e-24
1.21321e-24
1.17164e-24
1.13149e-24
1.09273e-24
1.0553e-24
1.01917e-24
9.84279e-25
9.50593e-25
9.18068e-25
8.86666e-25
8.56347e-25
8.27074e-25
7.98805e-25
7.71507e-25
7.45144e-25
7.19686e-25
6.95101e-25
6.7136e-25
6.48433e-25
6.26293e-25
6.04912e-25
5.84265e-25
5.64326e-25
5.45071e-25
5.26477e-25
5.08521e-25
4.91181e-25
4.74435e-25
4.58265e-25
4.42649e-25
4.27569e-25
4.13007e-25
3.98944e-25
3.85364e-25
3.7225e-25
3.59586e-25
3.47357e-25
3.35547e-25
3.24143e-25
3.1313e-25
3.02495e-25
2.92226e-25
2.82309e-25
2.72732e-25
2.63484e-25
2.54554e-25
2.45931e-25
2.37603e-25
2.29561e-25
2.21793e-25
2.1429e-25
2.07043e-25
2.00045e-25
1.93285e-25
1.86756e-25
1.8045e-25
1.74359e-25
1.68477e-25
1.62796e-25
1.57309e-25
1.52009e-25
1.4689e-25
1.41947e-25
1.37172e-25
1.32561e-25
1.28107e-25
1.23806e-25
1.19652e-25
1.1564e-25
1.11765e-25
1.08024e-25
1.0441e-25
1.0092e-25
9.75497e-26
9.42951e-26
9.11521e-26
8.8117e-26
8.51862e-26
8.23562e-26
7.96234e-26
7.69848e-26
7.4437e-26
7.19771e-26
6.96021e-26
6.73091e-26
6.50954e-26
6.29584e-26
6.08955e-26
5.89042e-26
5.69822e-26
5.51271e-26
5.33368e-26
5.1609e-26
4.99415e-26
4.83322e-26
4.67791e-26
4.52806e-26
4.38347e-26
4.24399e-26
4.10944e-26
3.97966e-26
3.8545e-26
3.73382e-26
3.61747e-26
3.50531e-26
3.39721e-26
3.29304e-26
3.19269e-26
3.09603e-26
3.00295e-26
2.91334e-26
2.82709e-26
2.7441e-26
2.66428e-26
2.58753e-26
2.51377e-26
2.4429e-26
2.37484e-26
2.30951e-26
2.24684e-26
2.18676e-26
2.12918e-26
2.07406e-26
2.02131e-26
1.97089e-26
1.92273e-26
1.87677e-26
1.83297e-26
1.79127e-26
1.75162e-26
1.71398e-26
1.67831e-26
1.64456e-26
1.6127e-26
1.58268e-26
1.55449e-26
1.52807e-26
1.50341e-26
1.48047e-26
1.45923e-26
1.43966e-26
1.42175e-26
1.40547e-26
1.39081e-26
1.37775e-26
1.36627e-26
1.35637e-26
1.34803e-26
1.34124e-26
1.33598e-26
1.33226e-26
1.33007e-26
1.32948e-26
1.3305e-26
1.33317e-26
1.33747e-26
1.34341e-26
1.35098e-26
1.36019e-26
