10
2e+18
2e+18
49.9994
9.99986
18755.4
2.76475e-20
2.76442e-20
2.76298e-20
2.76098e-20
2.75843e-20
2.75534e-20
2.75171e-20
2.74754e-20
2.74283e-20
2.73758e-20
2.7318e-20
2.7255e-20
2.71867e-20
2.71132e-20
2.70346e-20
2.69508e-20
2.6862e-20
2.67681e-20
2.66693e-20
2.65656e-20
2.64571e-20
2.63437e-20
2.62257e-20
2.6103e-20
2.59757e-20
2.58439e-20
2.57077e-20
2.55672e-20
2.54224e-20
2.52733e-20
2.51202e-20
2.49631e-20
2.4802e-20
2.46371e-20
2.44684e-20
2.4296e-20
2.41201e-20
2.39407e-20
2.3758e-20
2.35719e-20
2.33827e-20
2.31904e-20
2.29951e-20
2.2797e-20
2.2596e-20
2.23924e-20
2.21863e-20
2.19777e-20
2.17667e-20
2.15535e-20
2.13381e-20
2.11207e-20
2.09014e-20
2.06802e-20
2.04574e-20
2.02329e-20
2.00069e-20
1.97795e-20
1.95509e-20
1.9321e-20
1.909e-20
1.88581e-20
1.86253e-20
1.83917e-20
1.81575e-20
1.79227e-20
1.76874e-20
1.74517e-20
1.72157e-20
1.69796e-20
1.67434e-20
1.65072e-20
1.62711e-20
1.60351e-20
1.57995e-20
1.55642e-20
1.53294e-20
1.50952e-20
1.48615e-20
1.46286e-20
1.43964e-20
1.41652e-20
1.39348e-20
1.37055e-20
1.34773e-20
1.32502e-20
1.30243e-20
1.27998e-20
1.25766e-20
1.23549e-20
1.21346e-20
1.19159e-20
1.16987e-20
1.14833e-20
1.12695e-20
1.10576e-20
1.08474e-20
1.06391e-20
1.04327e-20
1.02282e-20
1.00258e-20
9.82535e-21
9.627e-21
9.43074e-21
9.23663e-21
9.04468e-21
8.85494e-21
8.66742e-21
8.48215e-21
8.29916e-21
8.11847e-21
7.94009e-21
7.76406e-21
7.59039e-21
7.41908e-21
7.25017e-21
7.08365e-21
6.91954e-21
6.75785e-21
6.59858e-21
6.44175e-21
6.28735e-21
6.1354e-21
5.9859e-21
5.83883e-21
5.69422e-21
5.55204e-21
5.41231e-21
5.27501e-21
5.14014e-21
5.0077e-21
4.87767e-21
4.75006e-21
4.62484e-21
4.502e-21
4.38154e-21
4.26344e-21
4.14769e-21
4.03426e-21
3.92314e-21
3.81431e-21
3.70775e-21
3.60345e-21
3.50138e-21
3.40151e-21
3.30383e-21
3.20832e-21
3.11494e-21
3.02368e-21
2.9345e-21
2.84739e-21
2.76231e-21
2.67925e-21
2.59817e-21
2.51904e-21
2.44183e-21
2.36653e-21
2.2931e-21
2.2215e-21
2.15172e-21
2.08373e-21
2.01748e-21
1.95296e-21
1.89013e-21
1.82897e-21
1.76944e-21
1.71152e-21
1.65517e-21
1.60036e-21
1.54707e-21
1.49527e-21
1.44492e-21
1.396e-21
1.34847e-21
1.30232e-21
1.2575e-21
1.21399e-21
1.17177e-21
1.1308e-21
1.09105e-21
1.05251e-21
1.01513e-21
9.78892e-22
9.43773e-22
9.09743e-22
8.76776e-22
8.44846e-22
8.13927e-22
7.83993e-22
7.55021e-22
7.26985e-22
6.99861e-22
6.73625e-22
6.48254e-22
6.23724e-22
6.00013e-22
5.77098e-22
5.54958e-22
5.3357e-22
5.12915e-22
4.9297e-22
4.73716e-22
4.55133e-22
4.37201e-22
4.199e-22
4.03213e-22
3.87121e-22
3.71606e-22
3.5665e-22
3.42236e-22
3.28348e-22
3.14968e-22
3.02082e-22
2.89673e-22
2.77726e-22
2.66226e-22
2.55159e-22
2.44511e-22
2.34267e-22
2.24415e-22
2.14941e-22
2.05832e-22
1.97077e-22
1.88663e-22
1.80579e-22
1.72812e-22
1.65353e-22
1.5819e-22
1.51312e-22
1.44711e-22
1.38375e-22
1.32295e-22
1.26463e-22
1.20868e-22
1.15503e-22
1.10358e-22
1.05426e-22
1.00699e-22
9.61691e-23
9.18288e-23
8.7671e-23
8.36886e-23
7.9875e-23
7.62237e-23
7.27284e-23
6.9383e-23
6.61817e-23
6.31188e-23
6.01888e-23
5.73864e-23
5.47066e-23
5.21443e-23
4.96949e-23
4.73538e-23
4.51166e-23
4.2979e-23
4.0937e-23
3.89865e-23
3.71239e-23
3.53454e-23
3.36474e-23
3.20266e-23
3.04798e-23
2.90038e-23
2.75956e-23
2.62522e-23
2.4971e-23
2.37492e-23
2.25842e-23
2.14736e-23
2.0415e-23
1.9406e-23
1.84446e-23
1.75286e-23
1.6656e-23
1.58249e-23
1.50334e-23
1.42797e-23
1.35622e-23
1.28791e-23
1.2229e-23
1.16103e-23
1.10216e-23
1.04616e-23
9.92876e-24
9.42201e-24
8.94009e-24
8.48185e-24
8.04619e-24
7.63204e-24
7.23841e-24
6.86431e-24
6.50883e-24
6.17108e-24
5.85021e-24
5.54543e-24
5.25596e-24
4.98107e-24
4.72006e-24
4.47225e-24
4.23702e-24
4.01374e-24
3.80185e-24
3.60077e-24
3.40999e-24
3.22898e-24
3.05728e-24
2.89442e-24
2.73997e-24
2.5935e-24
2.45463e-24
2.32297e-24
2.19816e-24
2.07987e-24
1.96775e-24
1.86151e-24
1.76084e-24
1.66546e-24
1.57511e-24
1.48952e-24
1.40846e-24
1.33168e-24
1.25899e-24
1.19015e-24
1.12498e-24
1.06329e-24
1.00489e-24
9.49621e-25
8.97315e-25
8.47819e-25
8.00988e-25
7.56681e-25
7.14766e-25
6.75118e-25
6.37617e-25
6.0215e-25
5.6861e-25
5.36895e-25
5.06909e-25
4.78559e-25
4.5176e-25
4.26429e-25
4.02487e-25
3.7986e-25
3.58478e-25
3.38274e-25
3.19185e-25
3.01151e-25
2.84115e-25
2.68022e-25
2.52823e-25
2.38467e-25
2.24911e-25
2.12109e-25
2.00021e-25
1.88609e-25
1.77835e-25
1.67665e-25
1.58065e-25
1.49004e-25
1.40453e-25
1.32384e-25
1.24769e-25
1.17584e-25
1.10806e-25
1.04411e-25
9.83787e-26
9.26884e-26
8.73211e-26
8.22591e-26
7.74852e-26
7.29834e-26
6.87385e-26
6.47362e-26
6.09628e-26
5.74056e-26
5.40524e-26
5.08917e-26
4.79127e-26
4.51051e-26
4.24594e-26
3.99662e-26
3.76171e-26
3.54038e-26
3.33187e-26
3.13543e-26
2.95038e-26
2.77608e-26
2.61191e-26
2.4573e-26
2.31169e-26
2.17457e-26
2.04547e-26
1.92391e-26
1.80946e-26
1.70172e-26
1.60031e-26
1.50485e-26
1.415e-26
1.33045e-26
1.25087e-26
1.176e-26
1.10555e-26
1.03926e-26
9.76903e-27
9.18243e-27
8.63066e-27
8.11166e-27
7.62354e-27
7.16449e-27
6.73281e-27
6.3269e-27
5.94527e-27
5.58648e-27
5.2492e-27
4.93217e-27
4.6342e-27
4.35416e-27
4.09102e-27
3.84376e-27
3.61146e-27
3.39323e-27
3.18824e-27
2.99572e-27
2.81492e-27
2.64515e-27
2.48576e-27
2.33614e-27
2.1957e-27
2.0639e-27
1.94023e-27
1.8242e-27
1.71536e-27
1.61328e-27
1.51756e-27
1.42783e-27
1.34373e-27
1.26492e-27
1.1911e-27
1.12197e-27
1.05725e-27
9.96678e-28
9.40015e-28
8.87028e-28
8.37503e-28
7.91236e-28
7.48037e-28
7.07727e-28
6.7014e-28
6.35117e-28
6.02512e-28
5.72187e-28
5.44011e-28
5.17864e-28
4.93633e-28
4.7121e-28
4.50498e-28
4.314e-28
4.1383e-28
3.97707e-28
3.82957e-28
3.69508e-28
3.57296e-28
3.46259e-28
3.36343e-28
3.27494e-28
3.19665e-28
3.1281e-28
3.06889e-28
3.01864e-28
2.97701e-28
2.94369e-28
2.91837e-28
2.90082e-28
2.89079e-28
2.88807e-28
2.89248e-28
2.90387e-28
2.92208e-28
2.94701e-28
2.97854e-28
3.01662e-28
3.06116e-28
3.11215e-28
3.16953e-28
3.23329e-28
3.30358e-28
3.38059e-28
3.46442e-28
3.55512e-28
3.65289e-28
3.75778e-28
3.86987e-28
3.98922e-28
4.11594e-28
4.25014e-28
4.39195e-28
4.54152e-28
4.69901e-28
4.8646e-28
5.03848e-28
