0.5
5e+17
1e+17
49.9996
0.5
5871.36
2.43457e-18
2.43436e-18
2.43286e-18
2.43045e-18
2.42711e-18
2.42282e-18
2.4176e-18
2.41144e-18
2.40436e-18
2.39636e-18
2.38745e-18
2.37764e-18
2.36695e-18
2.35537e-18
2.34294e-18
2.32966e-18
2.31555e-18
2.30062e-18
2.28489e-18
2.26838e-18
2.25111e-18
2.23309e-18
2.21435e-18
2.1949e-18
2.17477e-18
2.15399e-18
2.13256e-18
2.11052e-18
2.08789e-18
2.0647e-18
2.04096e-18
2.0167e-18
1.99195e-18
1.96674e-18
1.94108e-18
1.915e-18
1.88854e-18
1.86171e-18
1.83454e-18
1.80706e-18
1.7793e-18
1.75127e-18
1.72301e-18
1.69455e-18
1.6659e-18
1.63709e-18
1.60815e-18
1.5791e-18
1.54997e-18
1.52078e-18
1.49155e-18
1.46232e-18
1.43309e-18
1.4039e-18
1.37476e-18
1.34571e-18
1.31674e-18
1.2879e-18
1.2592e-18
1.23065e-18
1.20228e-18
1.1741e-18
1.14613e-18
1.11839e-18
1.0909e-18
1.06366e-18
1.0367e-18
1.01002e-18
9.83649e-19
9.57587e-19
9.31851e-19
9.06451e-19
8.81398e-19
8.56701e-19
8.3237e-19
8.08413e-19
7.84838e-19
7.61651e-19
7.3886e-19
7.1647e-19
6.94487e-19
6.72913e-19
6.51755e-19
6.31014e-19
6.10694e-19
5.90797e-19
5.71324e-19
5.52276e-19
5.33655e-19
5.15458e-19
4.97688e-19
4.80341e-19
4.63418e-19
4.46915e-19
4.30831e-19
4.15164e-19
3.99909e-19
3.85064e-19
3.70624e-19
3.56586e-19
3.42946e-19
3.29698e-19
3.16837e-19
3.04359e-19
2.92258e-19
2.80528e-19
2.69163e-19
2.58157e-19
2.47504e-19
2.37198e-19
2.27232e-19
2.176e-19
2.08294e-19
1.99307e-19
1.90634e-19
1.82267e-19
1.74199e-19
1.66422e-19
1.58931e-19
1.51717e-19
1.44774e-19
1.38094e-19
1.31671e-19
1.25498e-19
1.19567e-19
1.13872e-19
1.08405e-19
1.03161e-19
9.81315e-20
9.33109e-20
8.86923e-20
8.42692e-20
8.00354e-20
7.59844e-20
7.21103e-20
6.84068e-20
6.48681e-20
6.14884e-20
5.82619e-20
5.51831e-20
5.22465e-20
4.94468e-20
4.67787e-20
4.42373e-20
4.18176e-20
3.95147e-20
3.7324e-20
3.52409e-20
3.32611e-20
3.13802e-20
2.9594e-20
2.78986e-20
2.629e-20
2.47644e-20
2.33183e-20
2.19479e-20
2.065e-20
1.94213e-20
1.82585e-20
1.71586e-20
1.61186e-20
1.51357e-20
1.42072e-20
1.33304e-20
1.25029e-20
1.17221e-20
1.09857e-20
1.02916e-20
9.63757e-21
9.02155e-21
8.44161e-21
7.89585e-21
7.38247e-21
6.89977e-21
6.44611e-21
6.01991e-21
5.61969e-21
5.24402e-21
4.89155e-21
4.56098e-21
4.25108e-21
3.96068e-21
3.68868e-21
3.43401e-21
3.19567e-21
2.97271e-21
2.76422e-21
2.56934e-21
2.38727e-21
2.21723e-21
2.05849e-21
1.91037e-21
1.77221e-21
1.6434e-21
1.52336e-21
1.41153e-21
1.3074e-21
1.21047e-21
1.12029e-21
1.03642e-21
9.5846e-22
8.86013e-22
8.18722e-22
7.56244e-22
6.9826e-22
6.4447e-22
5.9459e-22
5.48356e-22
5.05518e-22
4.65845e-22
4.29116e-22
3.95129e-22
3.63691e-22
3.34623e-22
3.07758e-22
2.82938e-22
2.60018e-22
2.38862e-22
2.1934e-22
2.01335e-22
1.84736e-22
1.69439e-22
1.55347e-22
1.42372e-22
1.30429e-22
1.19442e-22
1.09337e-22
1.00047e-22
9.15115e-23
8.3671e-23
7.64723e-23
6.98655e-23
6.38045e-23
5.82465e-23
5.31518e-23
4.84837e-23
4.42083e-23
4.02941e-23
3.6712e-23
3.34353e-23
3.04391e-23
2.77006e-23
2.51985e-23
2.29135e-23
2.08275e-23
1.8924e-23
1.71877e-23
1.56046e-23
1.41617e-23
1.28473e-23
1.16503e-23
1.05606e-23
9.56915e-24
8.66736e-24
7.84748e-24
7.10237e-24
6.42549e-24
5.81084e-24
5.25292e-24
4.74671e-24
4.28761e-24
3.87139e-24
3.4942e-24
3.15253e-24
2.84315e-24
2.56313e-24
2.30978e-24
2.08066e-24
1.87353e-24
1.68636e-24
1.51729e-24
1.36464e-24
1.22687e-24
1.10257e-24
9.90478e-25
8.89433e-25
7.98383e-25
7.16372e-25
6.42534e-25
5.76081e-25
5.16298e-25
4.62538e-25
4.14213e-25
3.70792e-25
3.31792e-25
2.96778e-25
2.65355e-25
2.37166e-25
2.11888e-25
1.89231e-25
1.6893e-25
1.50748e-25
1.3447e-25
1.19903e-25
1.06872e-25
9.52194e-26
8.48045e-26
7.54991e-26
6.71884e-26
5.97691e-26
5.31482e-26
4.72422e-26
4.19761e-26
3.72824e-26
3.31005e-26
2.93762e-26
2.60607e-26
2.31103e-26
2.0486e-26
1.81525e-26
1.60785e-26
1.42359e-26
1.25995e-26
1.11469e-26
9.85785e-27
8.71447e-27
7.70068e-27
6.80216e-27
6.00613e-27
5.30117e-27
4.67713e-27
4.12493e-27
3.6365e-27
3.20464e-27
2.82297e-27
2.48578e-27
2.188e-27
1.92514e-27
1.6932e-27
1.48862e-27
1.30824e-27
1.14927e-27
1.00922e-27
8.85893e-28
7.77329e-28
6.81802e-28
5.97781e-28
5.23908e-28
4.58984e-28
4.01949e-28
3.51862e-28
3.07897e-28
2.69319e-28
2.35482e-28
2.05816e-28
1.79817e-28
1.57041e-28
1.37095e-28
1.19636e-28
1.0436e-28
9.09982e-29
7.93163e-29
6.9107e-29
6.01881e-29
5.23998e-29
4.56014e-29
3.96695e-29
3.44957e-29
2.99849e-29
2.60538e-29
2.26291e-29
1.9647e-29
1.70511e-29
1.47924e-29
1.28279e-29
1.11199e-29
9.63557e-30
8.34609e-30
7.22635e-30
6.25438e-30
5.41102e-30
4.67955e-30
4.04537e-30
3.49577e-30
3.01965e-30
2.60735e-30
2.25047e-30
1.94168e-30
1.6746e-30
1.44369e-30
1.24413e-30
1.07173e-30
9.22867e-31
7.94366e-31
6.8349e-31
5.87859e-31
5.05411e-31
4.34355e-31
3.73143e-31
3.20432e-31
2.75059e-31
2.36018e-31
2.02439e-31
1.7357e-31
1.48759e-31
1.27445e-31
1.09142e-31
9.34306e-32
7.99498e-32
6.83872e-32
5.8474e-32
4.99781e-32
4.26999e-32
3.64673e-32
3.11322e-32
2.65672e-32
2.26627e-32
1.93245e-32
1.64715e-32
1.40342e-32
1.19529e-32
1.01763e-32
8.6603e-33
7.36728e-33
6.26486e-33
5.32531e-33
4.52489e-33
3.84328e-33
3.26306e-33
2.76935e-33
2.34942e-33
1.99238e-33
1.68894e-33
1.43115e-33
1.21224e-33
1.02641e-33
8.68721e-34
7.34973e-34
6.21573e-34
5.25463e-34
4.4404e-34
3.75087e-34
3.16718e-34
2.67326e-34
2.25549e-34
1.90226e-34
1.60372e-34
1.3515e-34
1.13851e-34
9.58701e-35
8.06976e-35
6.78998e-35
5.71091e-35
4.80145e-35
4.03524e-35
3.38997e-35
2.84677e-35
2.38967e-35
2.00518e-35
1.6819e-35
1.41018e-35
1.1819e-35
9.90181e-36
8.29238e-36
6.94182e-36
5.80895e-36
4.85905e-36
4.06289e-36
3.39585e-36
2.83721e-36
2.36954e-36
1.97819e-36
1.65082e-36
1.37709e-36
1.1483e-36
9.57139e-37
7.97493e-37
6.64214e-37
5.52992e-37
4.60214e-37
3.82851e-37
3.18369e-37
2.64643e-37
2.19897e-37
1.82646e-37
1.51645e-37
1.25857e-37
1.04413e-37
8.65894e-38
7.17799e-38
5.948e-38
4.92684e-38
4.0794e-38
3.3764e-38
2.79345e-38
2.31024e-38
1.90987e-38
1.57827e-38
1.30373e-38
1.07652e-38
8.88563e-39
7.33135e-39
6.04659e-39
4.98506e-39
4.1084e-39
3.38487e-39
2.78831e-39
2.29739e-39
1.89498e-39
1.5678e-39
1.30627e-39
