20
2e+16
2e+18
49.9788
19.9988
26524.1
1.66735e-20
1.66187e-20
1.64602e-20
1.62947e-20
1.61273e-20
1.59595e-20
1.57916e-20
1.5624e-20
1.54575e-20
1.52918e-20
1.51268e-20
1.49625e-20
1.47987e-20
1.46354e-20
1.44725e-20
1.43102e-20
1.41485e-20
1.39875e-20
1.38271e-20
1.36673e-20
1.3508e-20
1.33491e-20
1.31909e-20
1.30333e-20
1.28763e-20
1.27199e-20
1.25641e-20
1.2409e-20
1.22546e-20
1.21008e-20
1.19478e-20
1.17954e-20
1.16438e-20
1.1493e-20
1.13428e-20
1.11933e-20
1.10447e-20
1.08967e-20
1.07495e-20
1.06031e-20
1.04574e-20
1.03124e-20
1.01683e-20
1.00249e-20
9.88236e-21
9.74068e-21
9.59982e-21
9.45975e-21
9.32053e-21
9.18212e-21
9.04458e-21
8.90788e-21
8.77207e-21
8.63712e-21
8.50308e-21
8.36991e-21
8.23765e-21
8.10628e-21
7.97585e-21
7.84638e-21
7.71786e-21
7.5903e-21
7.46369e-21
7.33804e-21
7.21333e-21
7.0896e-21
6.96686e-21
6.8451e-21
6.72432e-21
6.60451e-21
6.48569e-21
6.36787e-21
6.25104e-21
6.1352e-21
6.02032e-21
5.90644e-21
5.79355e-21
5.68165e-21
5.57074e-21
5.46086e-21
5.35199e-21
5.24415e-21
5.13736e-21
5.03161e-21
4.92691e-21
4.82331e-21
4.7208e-21
4.61942e-21
4.51921e-21
4.42015e-21
4.32227e-21
4.22565e-21
4.13031e-21
4.03627e-21
3.94357e-21
3.85224e-21
3.7623e-21
3.67376e-21
3.58663e-21
3.50094e-21
3.41666e-21
3.33381e-21
3.2524e-21
3.17244e-21
3.09392e-21
3.01683e-21
2.94118e-21
2.86697e-21
2.79421e-21
2.72285e-21
2.65291e-21
2.58438e-21
2.51725e-21
2.4515e-21
2.38711e-21
2.32408e-21
2.2624e-21
2.20206e-21
2.14304e-21
2.0853e-21
2.02886e-21
1.97369e-21
1.91978e-21
1.86709e-21
1.81563e-21
1.76536e-21
1.71628e-21
1.66837e-21
1.6216e-21
1.57595e-21
1.53142e-21
1.48797e-21
1.4456e-21
1.40429e-21
1.364e-21
1.32473e-21
1.28645e-21
1.24915e-21
1.21282e-21
1.17742e-21
1.14295e-21
1.10937e-21
1.07667e-21
1.04485e-21
1.01386e-21
9.83717e-22
9.54385e-22
9.25844e-22
8.98076e-22
8.71066e-22
8.44798e-22
8.19256e-22
7.94425e-22
7.70288e-22
7.46824e-22
7.24017e-22
7.01853e-22
6.80316e-22
6.59392e-22
6.39068e-22
6.19328e-22
6.00154e-22
5.81531e-22
5.63447e-22
5.45888e-22
5.28842e-22
5.12296e-22
4.96237e-22
4.80654e-22
4.65534e-22
4.50861e-22
4.36623e-22
4.2281e-22
4.09411e-22
3.96413e-22
3.83809e-22
3.71585e-22
3.59734e-22
3.48244e-22
3.37102e-22
3.263e-22
3.15828e-22
3.05677e-22
2.95838e-22
2.86302e-22
2.77062e-22
2.68109e-22
2.59435e-22
2.51029e-22
2.42884e-22
2.34994e-22
2.27349e-22
2.19944e-22
2.12772e-22
2.05826e-22
1.99099e-22
1.92586e-22
1.86279e-22
1.80173e-22
1.7426e-22
1.68535e-22
1.62992e-22
1.57625e-22
1.5243e-22
1.47401e-22
1.42534e-22
1.37823e-22
1.33265e-22
1.28853e-22
1.24584e-22
1.20454e-22
1.16457e-22
1.12589e-22
1.08846e-22
1.05225e-22
1.01721e-22
9.83311e-23
9.50518e-23
9.18797e-23
8.88114e-23
8.58436e-23
8.29733e-23
8.01975e-23
7.75131e-23
7.49173e-23
7.24067e-23
6.99785e-23
6.76301e-23
6.53592e-23
6.31631e-23
6.10396e-23
5.89863e-23
5.70011e-23
5.50817e-23
5.32261e-23
5.14323e-23
4.96982e-23
4.8022e-23
4.64017e-23
4.48357e-23
4.33217e-23
4.18581e-23
4.04432e-23
3.90755e-23
3.77535e-23
3.64756e-23
3.52405e-23
3.40468e-23
3.28931e-23
3.17781e-23
3.07005e-23
2.96593e-23
2.8653e-23
2.76808e-23
2.67413e-23
2.58335e-23
2.49564e-23
2.41089e-23
2.32897e-23
2.24982e-23
2.17333e-23
2.09942e-23
2.028e-23
1.95899e-23
1.89231e-23
1.82789e-23
1.76565e-23
1.70551e-23
1.64742e-23
1.59129e-23
1.53707e-23
1.48469e-23
1.43409e-23
1.38522e-23
1.338e-23
1.2924e-23
1.24834e-23
1.20577e-23
1.16464e-23
1.12491e-23
1.08653e-23
1.04945e-23
1.01363e-23
9.79026e-24
9.456e-24
9.13311e-24
8.82121e-24
8.51993e-24
8.22893e-24
7.94784e-24
7.67635e-24
7.41412e-24
7.16085e-24
6.91623e-24
6.67998e-24
6.45181e-24
6.23145e-24
6.01864e-24
5.81306e-24
5.61449e-24
5.42267e-24
5.23739e-24
5.05843e-24
4.88556e-24
4.71859e-24
4.55731e-24
4.40154e-24
4.25108e-24
4.10577e-24
3.96541e-24
3.82986e-24
3.69893e-24
3.57249e-24
3.45037e-24
3.33242e-24
3.21852e-24
3.10851e-24
3.00228e-24
2.89968e-24
2.8006e-24
2.70492e-24
2.61252e-24
2.52329e-24
2.43712e-24
2.3539e-24
2.27351e-24
2.19586e-24
2.12087e-24
2.04844e-24
1.97847e-24
1.9109e-24
1.84564e-24
1.78261e-24
1.72173e-24
1.66293e-24
1.60614e-24
1.55129e-24
1.49832e-24
1.44716e-24
1.39775e-24
1.35003e-24
1.30395e-24
1.25944e-24
1.21645e-24
1.17494e-24
1.13485e-24
1.09613e-24
1.05874e-24
1.02263e-24
9.87761e-25
9.54085e-25
9.21564e-25
8.90158e-25
8.5983e-25
8.30536e-25
8.02241e-25
7.74911e-25
7.48514e-25
7.23017e-25
6.9839e-25
6.74603e-25
6.51627e-25
6.29436e-25
6.08002e-25
5.873e-25
5.67304e-25
5.47991e-25
5.29337e-25
5.1132e-25
4.93918e-25
4.77111e-25
4.60877e-25
4.45198e-25
4.30054e-25
4.15428e-25
4.01302e-25
3.87658e-25
3.7448e-25
3.61753e-25
3.4946e-25
3.37588e-25
3.26122e-25
3.15048e-25
3.04353e-25
2.94023e-25
2.84047e-25
2.74412e-25
2.65107e-25
2.5612e-25
2.47441e-25
2.39058e-25
2.3096e-25
2.23138e-25
2.15582e-25
2.08283e-25
2.01233e-25
1.94423e-25
1.87846e-25
1.81492e-25
1.75355e-25
1.69427e-25
1.63701e-25
1.5817e-25
1.52828e-25
1.47668e-25
1.42684e-25
1.3787e-25
1.33221e-25
1.2873e-25
1.24393e-25
1.20204e-25
1.16158e-25
1.12251e-25
1.08477e-25
1.04832e-25
1.01312e-25
9.79126e-26
9.46297e-26
9.14595e-26
8.83981e-26
8.54418e-26
8.25871e-26
7.98306e-26
7.7169e-26
7.45991e-26
7.21179e-26
6.97223e-26
6.74096e-26
6.5177e-26
6.30217e-26
6.09413e-26
5.89332e-26
5.6995e-26
5.51245e-26
5.33193e-26
5.15771e-26
4.98957e-26
4.82731e-26
4.67075e-26
4.51969e-26
4.37395e-26
4.23338e-26
4.09779e-26
3.96703e-26
3.84094e-26
3.71938e-26
3.60219e-26
3.48925e-26
3.38042e-26
3.27557e-26
3.17457e-26
3.07732e-26
2.98368e-26
2.89356e-26
2.80684e-26
2.72343e-26
2.64322e-26
2.56612e-26
2.49204e-26
2.4209e-26
2.35261e-26
2.28708e-26
2.22425e-26
2.16404e-26
2.10638e-26
2.05119e-26
1.99843e-26
1.94802e-26
1.8999e-26
1.85402e-26
1.81033e-26
1.76878e-26
1.72932e-26
1.69189e-26
1.65647e-26
1.623e-26
1.59145e-26
1.56179e-26
1.53397e-26
1.50797e-26
1.48376e-26
1.46131e-26
1.44059e-26
1.42158e-26
1.40427e-26
1.38863e-26
1.37464e-26
1.36229e-26
1.35156e-26
1.34245e-26
1.33493e-26
1.32901e-26
1.32466e-26
1.3219e-26
1.32078e-26
1.32133e-26
1.32356e-26
1.32748e-26
1.33308e-26
1.34037e-26
1.34933e-26
