5
2e+18
5e+18
49.9979
4.99951
13262.1
7.63477e-20
7.63435e-20
7.63175e-20
7.6277e-20
7.62216e-20
7.61512e-20
7.60659e-20
7.59657e-20
7.58507e-20
7.57208e-20
7.55762e-20
7.5417e-20
7.52432e-20
7.5055e-20
7.48525e-20
7.46358e-20
7.4405e-20
7.41602e-20
7.39017e-20
7.36294e-20
7.33437e-20
7.30446e-20
7.27324e-20
7.24072e-20
7.20692e-20
7.17186e-20
7.13555e-20
7.09803e-20
7.05931e-20
7.01941e-20
6.97836e-20
6.93618e-20
6.89288e-20
6.84851e-20
6.80307e-20
6.7566e-20
6.70911e-20
6.66065e-20
6.61123e-20
6.56087e-20
6.50962e-20
6.45748e-20
6.4045e-20
6.35069e-20
6.29609e-20
6.24073e-20
6.18463e-20
6.12782e-20
6.07033e-20
6.0122e-20
5.95344e-20
5.89409e-20
5.83418e-20
5.77373e-20
5.71278e-20
5.65136e-20
5.58949e-20
5.5272e-20
5.46453e-20
5.4015e-20
5.33814e-20
5.27448e-20
5.21055e-20
5.14638e-20
5.08199e-20
5.01741e-20
4.95267e-20
4.88781e-20
4.82283e-20
4.75778e-20
4.69268e-20
4.62755e-20
4.56243e-20
4.49733e-20
4.43228e-20
4.36731e-20
4.30244e-20
4.23769e-20
4.17309e-20
4.10867e-20
4.04443e-20
3.98042e-20
3.91664e-20
3.85312e-20
3.78988e-20
3.72694e-20
3.66431e-20
3.60203e-20
3.54011e-20
3.47856e-20
3.4174e-20
3.35665e-20
3.29633e-20
3.23646e-20
3.17704e-20
3.11809e-20
3.05963e-20
3.00167e-20
2.94422e-20
2.88731e-20
2.83093e-20
2.7751e-20
2.71983e-20
2.66513e-20
2.61102e-20
2.55749e-20
2.50457e-20
2.45225e-20
2.40055e-20
2.34948e-20
2.29903e-20
2.24922e-20
2.20005e-20
2.15152e-20
2.10365e-20
2.05644e-20
2.00988e-20
1.96399e-20
1.91876e-20
1.8742e-20
1.83031e-20
1.78709e-20
1.74454e-20
1.70267e-20
1.66147e-20
1.62094e-20
1.58108e-20
1.5419e-20
1.50338e-20
1.46554e-20
1.42836e-20
1.39184e-20
1.35599e-20
1.32079e-20
1.28625e-20
1.25236e-20
1.21911e-20
1.18651e-20
1.15455e-20
1.12322e-20
1.09253e-20
1.06245e-20
1.033e-20
1.00415e-20
9.75916e-21
9.4828e-21
9.21239e-21
8.94786e-21
8.68916e-21
8.4362e-21
8.18893e-21
7.94727e-21
7.71115e-21
7.48051e-21
7.25526e-21
7.03534e-21
6.82067e-21
6.61117e-21
6.40677e-21
6.2074e-21
6.01298e-21
5.82342e-21
5.63865e-21
5.4586e-21
5.28318e-21
5.11232e-21
4.94593e-21
4.78394e-21
4.62627e-21
4.47284e-21
4.32358e-21
4.1784e-21
4.03723e-21
3.9e-21
3.76661e-21
3.63701e-21
3.51111e-21
3.38883e-21
3.2701e-21
3.15485e-21
3.04299e-21
2.93447e-21
2.8292e-21
2.72711e-21
2.62814e-21
2.53221e-21
2.43925e-21
2.3492e-21
2.26198e-21
2.17752e-21
2.09577e-21
2.01664e-21
1.94008e-21
1.86602e-21
1.7944e-21
1.72516e-21
1.65822e-21
1.59354e-21
1.53105e-21
1.47069e-21
1.4124e-21
1.35613e-21
1.30181e-21
1.2494e-21
1.19884e-21
1.15008e-21
1.10306e-21
1.05773e-21
1.01404e-21
9.71948e-22
9.31399e-22
8.92347e-22
8.54746e-22
8.18552e-22
7.83719e-22
7.50206e-22
7.17969e-22
6.86968e-22
6.57162e-22
6.28512e-22
6.0098e-22
5.7453e-22
5.49123e-22
5.24726e-22
5.01303e-22
4.78822e-22
4.57249e-22
4.36553e-22
4.16703e-22
3.97668e-22
3.79421e-22
3.61932e-22
3.45173e-22
3.29119e-22
3.13743e-22
2.99021e-22
2.84927e-22
2.71438e-22
2.58532e-22
2.46185e-22
2.34378e-22
2.23088e-22
2.12295e-22
2.01981e-22
1.92126e-22
1.82712e-22
1.73722e-22
1.65138e-22
1.56944e-22
1.49124e-22
1.41663e-22
1.34547e-22
1.2776e-22
1.21289e-22
1.15121e-22
1.09243e-22
1.03642e-22
9.83077e-23
9.32275e-23
8.83908e-23
8.37869e-23
7.94056e-23
7.52372e-23
7.12723e-23
6.75018e-23
6.3917e-23
6.05095e-23
5.72714e-23
5.41949e-23
5.12727e-23
4.84976e-23
4.58629e-23
4.33621e-23
4.09888e-23
3.87372e-23
3.66014e-23
3.4576e-23
3.26558e-23
3.08356e-23
2.91107e-23
2.74764e-23
2.59284e-23
2.44625e-23
2.30745e-23
2.17607e-23
2.05173e-23
1.93409e-23
1.82282e-23
1.71758e-23
1.61808e-23
1.52402e-23
1.43514e-23
1.35115e-23
1.27181e-23
1.19688e-23
1.12613e-23
1.05935e-23
9.96316e-24
9.3684e-24
8.80733e-24
8.27815e-24
7.77916e-24
7.30875e-24
6.86538e-24
6.44758e-24
6.05397e-24
5.68323e-24
5.3341e-24
5.00541e-24
4.69602e-24
4.40486e-24
4.13092e-24
3.87323e-24
3.63089e-24
3.40303e-24
3.18883e-24
2.98751e-24
2.79835e-24
2.62065e-24
2.45374e-24
2.29701e-24
2.14987e-24
2.01175e-24
1.88214e-24
1.76054e-24
1.64647e-24
1.53949e-24
1.43919e-24
1.34516e-24
1.25703e-24
1.17445e-24
1.09708e-24
1.02461e-24
9.56752e-25
8.93216e-25
8.33741e-25
7.7808e-25
7.25998e-25
6.77275e-25
6.31705e-25
5.89091e-25
5.4925e-25
5.12009e-25
4.77205e-25
4.44685e-25
4.14306e-25
3.85933e-25
3.59437e-25
3.347e-25
3.11609e-25
2.9006e-25
2.69952e-25
2.51194e-25
2.33698e-25
2.17383e-25
2.02171e-25
1.87991e-25
1.74775e-25
1.62461e-25
1.50988e-25
1.40301e-25
1.30348e-25
1.21081e-25
1.12454e-25
1.04424e-25
9.69515e-26
8.99986e-26
8.35306e-26
7.75146e-26
7.19203e-26
6.67188e-26
6.18836e-26
5.73896e-26
5.32135e-26
4.93334e-26
4.57291e-26
4.23815e-26
3.92728e-26
3.63865e-26
3.37072e-26
3.12204e-26
2.89127e-26
2.67716e-26
2.47853e-26
2.29431e-26
2.12346e-26
1.96505e-26
1.8182e-26
1.68207e-26
1.55592e-26
1.43903e-26
1.33073e-26
1.23042e-26
1.13751e-26
1.05148e-26
9.71819e-27
8.98079e-27
8.29827e-27
7.66663e-27
7.08217e-27
6.54145e-27
6.04128e-27
5.57869e-27
5.15091e-27
4.75538e-27
4.38974e-27
4.05176e-27
3.73941e-27
3.45079e-27
3.18412e-27
2.93778e-27
2.71025e-27
2.50013e-27
2.30611e-27
2.12698e-27
1.96163e-27
1.80902e-27
1.66819e-27
1.53825e-27
1.41837e-27
1.3078e-27
1.20582e-27
1.11179e-27
1.0251e-27
9.45183e-28
8.7153e-28
8.03659e-28
7.41129e-28
6.83529e-28
6.30481e-28
5.81636e-28
5.36669e-28
4.95283e-28
4.57202e-28
4.22169e-28
3.89949e-28
3.60325e-28
3.33097e-28
3.08078e-28
2.85098e-28
2.64001e-28
2.44639e-28
2.26879e-28
2.10597e-28
1.9568e-28
1.82022e-28
1.69527e-28
1.58105e-28
1.47673e-28
1.38157e-28
1.29485e-28
1.21596e-28
1.14429e-28
1.0793e-28
1.02052e-28
9.67466e-29
9.19738e-29
8.7695e-29
8.38752e-29
8.04823e-29
7.74872e-29
7.48631e-29
7.25856e-29
7.06308e-29
6.89786e-29
6.76108e-29
6.65108e-29
6.56638e-29
6.50563e-29
6.46744e-29
6.45096e-29
6.45578e-29
6.4818e-29
6.52811e-29
6.59412e-29
6.67948e-29
6.78358e-29
6.90649e-29
7.04801e-29
7.20771e-29
7.38521e-29
7.58021e-29
7.7925e-29
8.0219e-29
8.26833e-29
8.53177e-29
8.81223e-29
9.10979e-29
9.4246e-29
9.75683e-29
1.01067e-28
1.04745e-28
1.08606e-28
1.12653e-28
1.1689e-28
1.21322e-28
1.25954e-28
1.3079e-28
1.35838e-28
1.41102e-28
1.46589e-28
