20
1e+18
1e+18
50
20.001
26524.1
1.1361e-20
1.13552e-20
1.13364e-20
1.13146e-20
1.12904e-20
1.12638e-20
1.12349e-20
1.12038e-20
1.11704e-20
1.11349e-20
1.10973e-20
1.10575e-20
1.10156e-20
1.09715e-20
1.09254e-20
1.08772e-20
1.0827e-20
1.07748e-20
1.07207e-20
1.06646e-20
1.06067e-20
1.05468e-20
1.04852e-20
1.04217e-20
1.03565e-20
1.02896e-20
1.0221e-20
1.01508e-20
1.0079e-20
1.00056e-20
9.93077e-21
9.85443e-21
9.77667e-21
9.69754e-21
9.61706e-21
9.53529e-21
9.45227e-21
9.36805e-21
9.28267e-21
9.19618e-21
9.10862e-21
9.02003e-21
8.93047e-21
8.83999e-21
8.74862e-21
8.65642e-21
8.56344e-21
8.4697e-21
8.37528e-21
8.28019e-21
8.18451e-21
8.08827e-21
7.99152e-21
7.8943e-21
7.79665e-21
7.69863e-21
7.60028e-21
7.50164e-21
7.40276e-21
7.30368e-21
7.20444e-21
7.10509e-21
7.00566e-21
6.90621e-21
6.80676e-21
6.70735e-21
6.60804e-21
6.50884e-21
6.40982e-21
6.31099e-21
6.21239e-21
6.11408e-21
6.01606e-21
5.91839e-21
5.82108e-21
5.72418e-21
5.62772e-21
5.53173e-21
5.43623e-21
5.34126e-21
5.24685e-21
5.15303e-21
5.05982e-21
4.96726e-21
4.87536e-21
4.78415e-21
4.69367e-21
4.60393e-21
4.51497e-21
4.42679e-21
4.33944e-21
4.25292e-21
4.16728e-21
4.08251e-21
3.99866e-21
3.91574e-21
3.83376e-21
3.75275e-21
3.67271e-21
3.59366e-21
3.51561e-21
3.43858e-21
3.36258e-21
3.28761e-21
3.21369e-21
3.14082e-21
3.06901e-21
2.99826e-21
2.92859e-21
2.85999e-21
2.79247e-21
2.72603e-21
2.66067e-21
2.59639e-21
2.53319e-21
2.47107e-21
2.41003e-21
2.35007e-21
2.29118e-21
2.23336e-21
2.17661e-21
2.12092e-21
2.06628e-21
2.0127e-21
1.96016e-21
1.90865e-21
1.85817e-21
1.80872e-21
1.76027e-21
1.71283e-21
1.66638e-21
1.62091e-21
1.57642e-21
1.5329e-21
1.49032e-21
1.44869e-21
1.40799e-21
1.36821e-21
1.32934e-21
1.29137e-21
1.25427e-21
1.21805e-21
1.18269e-21
1.14817e-21
1.11449e-21
1.08163e-21
1.04958e-21
1.01832e-21
9.87842e-22
9.58132e-22
9.29178e-22
9.00966e-22
8.73482e-22
8.46715e-22
8.20649e-22
7.95271e-22
7.70568e-22
7.46527e-22
7.23136e-22
7.00381e-22
6.7825e-22
6.56728e-22
6.35802e-22
6.15461e-22
5.95691e-22
5.76481e-22
5.57818e-22
5.3969e-22
5.22086e-22
5.04992e-22
4.88397e-22
4.72288e-22
4.56654e-22
4.41485e-22
4.26768e-22
4.12493e-22
3.98649e-22
3.85225e-22
3.72211e-22
3.59595e-22
3.47368e-22
3.35518e-22
3.24038e-22
3.12916e-22
3.02144e-22
2.91711e-22
2.8161e-22
2.7183e-22
2.62363e-22
2.532e-22
2.44332e-22
2.35752e-22
2.2745e-22
2.1942e-22
2.11653e-22
2.04142e-22
1.96879e-22
1.89858e-22
1.83071e-22
1.76511e-22
1.7017e-22
1.64043e-22
1.58123e-22
1.52404e-22
1.4688e-22
1.41544e-22
1.36391e-22
1.31415e-22
1.26611e-22
1.21974e-22
1.17498e-22
1.13177e-22
1.09007e-22
1.04983e-22
1.01101e-22
9.73546e-23
9.37409e-23
9.02553e-23
8.68935e-23
8.36514e-23
8.05252e-23
7.75111e-23
7.46052e-23
7.1804e-23
6.91039e-23
6.65014e-23
6.39931e-23
6.15759e-23
5.92466e-23
5.70022e-23
5.48399e-23
5.27569e-23
5.07503e-23
4.88176e-23
4.69562e-23
4.51637e-23
4.34375e-23
4.17755e-23
4.01752e-23
3.86347e-23
3.71515e-23
3.57237e-23
3.43492e-23
3.30263e-23
3.1753e-23
3.05275e-23
2.93483e-23
2.82135e-23
2.71216e-23
2.6071e-23
2.50603e-23
2.4088e-23
2.31526e-23
2.22529e-23
2.13875e-23
2.05552e-23
1.97547e-23
1.89848e-23
1.82444e-23
1.75323e-23
1.68476e-23
1.61891e-23
1.5556e-23
1.49473e-23
1.4362e-23
1.37993e-23
1.32584e-23
1.27384e-23
1.22385e-23
1.17581e-23
1.12963e-23
1.08524e-23
1.04258e-23
1.00158e-23
9.62175e-24
9.2431e-24
8.87919e-24
8.52947e-24
8.19339e-24
7.87042e-24
7.56008e-24
7.26186e-24
6.97532e-24
6.7e-24
6.43546e-24
6.1813e-24
5.93712e-24
5.70253e-24
5.47715e-24
5.26064e-24
5.05264e-24
4.85284e-24
4.66091e-24
4.47655e-24
4.29945e-24
4.12935e-24
3.96597e-24
3.80904e-24
3.65829e-24
3.51349e-24
3.3744e-24
3.2408e-24
3.11248e-24
2.98922e-24
2.87084e-24
2.75713e-24
2.64792e-24
2.54303e-24
2.4423e-24
2.34555e-24
2.25263e-24
2.16339e-24
2.07769e-24
1.99538e-24
1.91634e-24
1.84044e-24
1.76754e-24
1.69754e-24
1.63031e-24
1.56576e-24
1.50376e-24
1.44423e-24
1.38707e-24
1.33217e-24
1.27946e-24
1.22883e-24
1.1802e-24
1.13351e-24
1.08866e-24
1.04559e-24
1.00423e-24
9.64514e-25
9.2637e-25
8.89738e-25
8.54559e-25
8.20776e-25
7.88333e-25
7.57176e-25
7.27256e-25
6.98523e-25
6.7093e-25
6.44432e-25
6.18985e-25
5.94549e-25
5.71081e-25
5.48546e-25
5.26904e-25
5.06121e-25
4.86163e-25
4.66998e-25
4.48592e-25
4.30918e-25
4.13945e-25
3.97645e-25
3.8199e-25
3.66955e-25
3.52514e-25
3.38645e-25
3.25324e-25
3.1253e-25
3.00242e-25
2.8844e-25
2.77105e-25
2.66218e-25
2.55761e-25
2.45718e-25
2.36071e-25
2.26807e-25
2.17908e-25
2.09361e-25
2.01152e-25
1.93267e-25
1.85694e-25
1.7842e-25
1.71434e-25
1.64724e-25
1.58278e-25
1.52088e-25
1.46142e-25
1.40431e-25
1.34945e-25
1.29677e-25
1.24616e-25
1.19755e-25
1.15087e-25
1.10602e-25
1.06295e-25
1.02158e-25
9.81848e-26
9.43682e-26
9.07021e-26
8.71803e-26
8.37973e-26
8.05475e-26
7.74257e-26
7.4427e-26
7.15464e-26
6.87793e-26
6.61212e-26
6.3568e-26
6.11154e-26
5.87595e-26
5.64965e-26
5.43229e-26
5.2235e-26
5.02295e-26
4.83033e-26
4.64532e-26
4.46762e-26
4.29694e-26
4.13303e-26
3.9756e-26
3.82441e-26
3.67921e-26
3.53978e-26
3.40588e-26
3.27731e-26
3.15385e-26
3.03532e-26
2.92151e-26
2.81224e-26
2.70735e-26
2.60666e-26
2.51001e-26
2.41724e-26
2.32821e-26
2.24277e-26
2.16079e-26
2.08214e-26
2.00668e-26
1.9343e-26
1.86488e-26
1.79831e-26
1.73448e-26
1.67329e-26
1.61463e-26
1.55842e-26
1.50455e-26
1.45294e-26
1.40351e-26
1.35618e-26
1.31087e-26
1.26752e-26
1.22604e-26
1.18638e-26
1.14846e-26
1.11224e-26
1.07764e-26
1.04462e-26
1.01312e-26
9.83079e-27
9.54462e-27
9.27216e-27
9.01298e-27
8.76664e-27
8.53273e-27
8.31086e-27
8.10067e-27
7.9018e-27
7.71392e-27
7.5367e-27
7.36984e-27
7.21306e-27
7.06609e-27
6.92866e-27
6.80053e-27
6.68147e-27
6.57127e-27
6.46972e-27
6.37663e-27
6.29182e-27
6.21513e-27
6.1464e-27
6.08549e-27
6.03226e-27
5.98659e-27
5.94837e-27
5.9175e-27
5.89389e-27
5.87746e-27
5.86814e-27
5.86586e-27
5.87057e-27
5.88223e-27
5.90081e-27
5.92628e-27
5.95863e-27
5.99784e-27
6.04393e-27
6.0969e-27
6.15672e-27
6.22342e-27
6.29705e-27
6.37766e-27
6.46561e-27
6.56102e-27
6.66408e-27
6.77484e-27
6.89334e-27
7.01963e-27
7.15379e-27
