20
2e+16
1e+17
50
19.9993
26524.1
1.33417e-20
1.3324e-20
1.32706e-20
1.32127e-20
1.31519e-20
1.30887e-20
1.30232e-20
1.29555e-20
1.28859e-20
1.28143e-20
1.27409e-20
1.26655e-20
1.25883e-20
1.25091e-20
1.24281e-20
1.23453e-20
1.22608e-20
1.21746e-20
1.20868e-20
1.19973e-20
1.19063e-20
1.18137e-20
1.17196e-20
1.16242e-20
1.15273e-20
1.14291e-20
1.13296e-20
1.12288e-20
1.11269e-20
1.10238e-20
1.09197e-20
1.08145e-20
1.07084e-20
1.06013e-20
1.04933e-20
1.03844e-20
1.02748e-20
1.01644e-20
1.00533e-20
9.94157e-21
9.82919e-21
9.71626e-21
9.60281e-21
9.4889e-21
9.37457e-21
9.25988e-21
9.14487e-21
9.02956e-21
8.91401e-21
8.79826e-21
8.68236e-21
8.56635e-21
8.45028e-21
8.33418e-21
8.21811e-21
8.10209e-21
7.98617e-21
7.87039e-21
7.75479e-21
7.63942e-21
7.52431e-21
7.40951e-21
7.29502e-21
7.18091e-21
7.06718e-21
6.95389e-21
6.84107e-21
6.72875e-21
6.61695e-21
6.5057e-21
6.39503e-21
6.28498e-21
6.17557e-21
6.06682e-21
5.95875e-21
5.85139e-21
5.74477e-21
5.63891e-21
5.53382e-21
5.42955e-21
5.3261e-21
5.2235e-21
5.12179e-21
5.02097e-21
4.92106e-21
4.82211e-21
4.72411e-21
4.62711e-21
4.53113e-21
4.43618e-21
4.34229e-21
4.24949e-21
4.15782e-21
4.06728e-21
3.97791e-21
3.88972e-21
3.80274e-21
3.71698e-21
3.63244e-21
3.54916e-21
3.46711e-21
3.38633e-21
3.30681e-21
3.22856e-21
3.15159e-21
3.0759e-21
3.00148e-21
2.92835e-21
2.85651e-21
2.78594e-21
2.71665e-21
2.64863e-21
2.58188e-21
2.51639e-21
2.45216e-21
2.38917e-21
2.32742e-21
2.26692e-21
2.20763e-21
2.14955e-21
2.09268e-21
2.037e-21
1.9825e-21
1.92917e-21
1.87699e-21
1.82595e-21
1.77605e-21
1.72726e-21
1.67957e-21
1.63296e-21
1.58743e-21
1.54295e-21
1.49952e-21
1.45712e-21
1.41572e-21
1.37532e-21
1.3359e-21
1.29744e-21
1.25993e-21
1.22335e-21
1.18769e-21
1.15293e-21
1.11904e-21
1.08603e-21
1.05386e-21
1.02253e-21
9.92025e-22
9.62316e-22
9.33392e-22
9.05238e-22
8.77837e-22
8.51177e-22
8.2524e-22
8.00013e-22
7.75476e-22
7.51614e-22
7.28414e-22
7.0586e-22
6.83939e-22
6.62637e-22
6.41939e-22
6.21828e-22
6.02291e-22
5.83315e-22
5.64886e-22
5.46991e-22
5.29618e-22
5.12754e-22
4.96387e-22
4.80504e-22
4.6509e-22
4.50135e-22
4.35625e-22
4.21551e-22
4.079e-22
3.94662e-22
3.81827e-22
3.69383e-22
3.5732e-22
3.45626e-22
3.34291e-22
3.23306e-22
3.1266e-22
3.02346e-22
2.92352e-22
2.82672e-22
2.73296e-22
2.64215e-22
2.55419e-22
2.46901e-22
2.38653e-22
2.30667e-22
2.22935e-22
2.1545e-22
2.08205e-22
2.01194e-22
1.94408e-22
1.87842e-22
1.81489e-22
1.75342e-22
1.69394e-22
1.6364e-22
1.58073e-22
1.52688e-22
1.4748e-22
1.42443e-22
1.37572e-22
1.32862e-22
1.28308e-22
1.23905e-22
1.19649e-22
1.15534e-22
1.11556e-22
1.0771e-22
1.03992e-22
1.00399e-22
9.6926e-23
9.35698e-23
9.03266e-23
8.71927e-23
8.41647e-23
8.12392e-23
7.8413e-23
7.56828e-23
7.30455e-23
7.04976e-23
6.80363e-23
6.56588e-23
6.33622e-23
6.1144e-23
5.90017e-23
5.69328e-23
5.49348e-23
5.30054e-23
5.11424e-23
4.93437e-23
4.76069e-23
4.59303e-23
4.43116e-23
4.2749e-23
4.12404e-23
3.97839e-23
3.83778e-23
3.70204e-23
3.57101e-23
3.44453e-23
3.32245e-23
3.20462e-23
3.09089e-23
2.98114e-23
2.87521e-23
2.773e-23
2.67436e-23
2.57919e-23
2.48735e-23
2.39874e-23
2.31325e-23
2.23075e-23
2.15114e-23
2.07433e-23
2.00021e-23
1.9287e-23
1.85971e-23
1.79314e-23
1.72892e-23
1.66697e-23
1.60721e-23
1.54956e-23
1.49395e-23
1.44031e-23
1.38857e-23
1.33866e-23
1.29053e-23
1.24411e-23
1.19934e-23
1.15616e-23
1.11452e-23
1.07435e-23
1.0356e-23
9.98237e-24
9.62198e-24
9.27441e-24
8.93921e-24
8.61595e-24
8.30422e-24
8.00361e-24
7.71373e-24
7.43421e-24
7.16468e-24
6.9048e-24
6.65422e-24
6.41262e-24
6.17969e-24
5.95512e-24
5.73861e-24
5.52988e-24
5.32866e-24
5.13468e-24
4.94765e-24
4.76733e-24
4.59348e-24
4.42586e-24
4.26427e-24
4.10849e-24
3.9583e-24
3.81353e-24
3.67397e-24
3.53943e-24
3.40975e-24
3.28475e-24
3.16426e-24
3.04812e-24
2.93619e-24
2.8283e-24
2.72432e-24
2.62411e-24
2.52752e-24
2.43445e-24
2.34475e-24
2.25831e-24
2.17501e-24
2.09475e-24
2.0174e-24
1.94288e-24
1.87105e-24
1.80184e-24
1.73514e-24
1.67086e-24
1.60892e-24
1.54924e-24
1.49173e-24
1.43631e-24
1.38292e-24
1.33147e-24
1.2819e-24
1.23415e-24
1.18814e-24
1.14381e-24
1.10111e-24
1.05997e-24
1.02035e-24
9.82171e-25
9.45399e-25
9.09978e-25
8.7586e-25
8.42998e-25
8.11347e-25
7.80862e-25
7.51502e-25
7.23227e-25
6.95996e-25
6.69772e-25
6.44519e-25
6.20202e-25
5.96782e-25
5.74228e-25
5.52507e-25
5.31589e-25
5.11446e-25
4.9205e-25
4.73372e-25
4.55388e-25
4.38072e-25
4.21399e-25
4.05347e-25
3.89892e-25
3.75014e-25
3.6069e-25
3.46901e-25
3.33627e-25
3.2085e-25
3.0855e-25
2.96712e-25
2.85317e-25
2.7435e-25
2.63795e-25
2.53637e-25
2.43861e-25
2.34453e-25
2.254e-25
2.16688e-25
2.08306e-25
2.0024e-25
1.9248e-25
1.85014e-25
1.77831e-25
1.70921e-25
1.64273e-25
1.57879e-25
1.51728e-25
1.4581e-25
1.40118e-25
1.34642e-25
1.29374e-25
1.24308e-25
1.19435e-25
1.14748e-25
1.1024e-25
1.05905e-25
1.01737e-25
9.7728e-26
9.38732e-26
9.01667e-26
8.6603e-26
8.31766e-26
7.98825e-26
7.67157e-26
7.36714e-26
7.0745e-26
6.79321e-26
6.52284e-26
6.26299e-26
6.01325e-26
5.77325e-26
5.54261e-26
5.32099e-26
5.10804e-26
4.90344e-26
4.70687e-26
4.51802e-26
4.33661e-26
4.16235e-26
3.99498e-26
3.83422e-26
3.67983e-26
3.53156e-26
3.38919e-26
3.25249e-26
3.12125e-26
2.99525e-26
2.8743e-26
2.7582e-26
2.64677e-26
2.53984e-26
2.43722e-26
2.33875e-26
2.24427e-26
2.15361e-26
2.06665e-26
1.98323e-26
1.90323e-26
1.82651e-26
1.75295e-26
1.68244e-26
1.61484e-26
1.55006e-26
1.48799e-26
1.42853e-26
1.37157e-26
1.31703e-26
1.26481e-26
1.21483e-26
1.16701e-26
1.12126e-26
1.07751e-26
1.03569e-26
9.95721e-27
9.57541e-27
9.21086e-27
8.86293e-27
8.53104e-27
8.21462e-27
7.91314e-27
7.62607e-27
7.35294e-27
7.09326e-27
6.84659e-27
6.61252e-27
6.39062e-27
6.18053e-27
5.98187e-27
5.79429e-27
5.61748e-27
5.45111e-27
5.2949e-27
5.14857e-27
5.01186e-27
4.88453e-27
4.76635e-27
4.6571e-27
4.5566e-27
4.46465e-27
4.38109e-27
4.30576e-27
4.23853e-27
4.17927e-27
4.12786e-27
4.0842e-27
4.04822e-27
4.01982e-27
3.99893e-27
3.9855e-27
3.97948e-27
3.98087e-27
3.98986e-27
4.00648e-27
4.03083e-27
4.06291e-27
4.10274e-27
4.15034e-27
4.20576e-27
