10
2e+18
1e+17
49.9987
9.99999
18755.4
2.72426e-20
2.72413e-20
2.72325e-20
2.72184e-20
2.71989e-20
2.71741e-20
2.71439e-20
2.71083e-20
2.70674e-20
2.70211e-20
2.69695e-20
2.69126e-20
2.68505e-20
2.67831e-20
2.67106e-20
2.6633e-20
2.65503e-20
2.64625e-20
2.63698e-20
2.62721e-20
2.61696e-20
2.60622e-20
2.59502e-20
2.58334e-20
2.5712e-20
2.55861e-20
2.54557e-20
2.53209e-20
2.51817e-20
2.50384e-20
2.48908e-20
2.47392e-20
2.45836e-20
2.44241e-20
2.42608e-20
2.40938e-20
2.39231e-20
2.37489e-20
2.35712e-20
2.33902e-20
2.3206e-20
2.30186e-20
2.28281e-20
2.26347e-20
2.24385e-20
2.22395e-20
2.20378e-20
2.18337e-20
2.16271e-20
2.14181e-20
2.1207e-20
2.09937e-20
2.07784e-20
2.05612e-20
2.03423e-20
2.01216e-20
1.98993e-20
1.96756e-20
1.94505e-20
1.92241e-20
1.89966e-20
1.8768e-20
1.85384e-20
1.8308e-20
1.80768e-20
1.7845e-20
1.76127e-20
1.73799e-20
1.71467e-20
1.69133e-20
1.66797e-20
1.64461e-20
1.62125e-20
1.5979e-20
1.57458e-20
1.55128e-20
1.52802e-20
1.50481e-20
1.48166e-20
1.45857e-20
1.43556e-20
1.41262e-20
1.38978e-20
1.36703e-20
1.34438e-20
1.32184e-20
1.29942e-20
1.27713e-20
1.25497e-20
1.23295e-20
1.21107e-20
1.18934e-20
1.16776e-20
1.14635e-20
1.12511e-20
1.10404e-20
1.08315e-20
1.06244e-20
1.04192e-20
1.02159e-20
1.00145e-20
9.81518e-21
9.61789e-21
9.42268e-21
9.22958e-21
9.03863e-21
8.84987e-21
8.66331e-21
8.47898e-21
8.29692e-21
8.11714e-21
7.93967e-21
7.76452e-21
7.59172e-21
7.42128e-21
7.25321e-21
7.08752e-21
6.92424e-21
6.76336e-21
6.6049e-21
6.44886e-21
6.29525e-21
6.14406e-21
5.9953e-21
5.84898e-21
5.70508e-21
5.56361e-21
5.42456e-21
5.28793e-21
5.1537e-21
5.02188e-21
4.89245e-21
4.7654e-21
4.64072e-21
4.5184e-21
4.39842e-21
4.28077e-21
4.16544e-21
4.0524e-21
3.94164e-21
3.83314e-21
3.72688e-21
3.62284e-21
3.52101e-21
3.42135e-21
3.32384e-21
3.22847e-21
3.13521e-21
3.04403e-21
2.95492e-21
2.86784e-21
2.78277e-21
2.69968e-21
2.61855e-21
2.53935e-21
2.46205e-21
2.38663e-21
2.31306e-21
2.24131e-21
2.17135e-21
2.10315e-21
2.03669e-21
1.97194e-21
1.90886e-21
1.84743e-21
1.78762e-21
1.7294e-21
1.67275e-21
1.61762e-21
1.56401e-21
1.51186e-21
1.46117e-21
1.41189e-21
1.364e-21
1.31747e-21
1.27228e-21
1.22839e-21
1.18578e-21
1.14442e-21
1.10428e-21
1.06533e-21
1.02756e-21
9.90924e-22
9.55407e-22
9.20979e-22
8.87614e-22
8.55288e-22
8.23975e-22
7.93651e-22
7.6429e-22
7.35869e-22
7.08363e-22
6.8175e-22
6.56007e-22
6.31109e-22
6.07036e-22
5.83765e-22
5.61275e-22
5.39543e-22
5.1855e-22
4.98275e-22
4.78697e-22
4.59797e-22
4.41556e-22
4.23954e-22
4.06972e-22
3.90594e-22
3.748e-22
3.59573e-22
3.44897e-22
3.30753e-22
3.17127e-22
3.04002e-22
2.91363e-22
2.79193e-22
2.67479e-22
2.56205e-22
2.45358e-22
2.34924e-22
2.24889e-22
2.15239e-22
2.05963e-22
1.97048e-22
1.88482e-22
1.80252e-22
1.72347e-22
1.64756e-22
1.57469e-22
1.50474e-22
1.43762e-22
1.37321e-22
1.31144e-22
1.25219e-22
1.19538e-22
1.14093e-22
1.08874e-22
1.03874e-22
9.90833e-23
9.4495e-23
9.01015e-23
8.58953e-23
8.18694e-23
7.80167e-23
7.43307e-23
7.08048e-23
6.7433e-23
6.4209e-23
6.11271e-23
5.81818e-23
5.53674e-23
5.26788e-23
5.01108e-23
4.76587e-23
4.53177e-23
4.30832e-23
4.09508e-23
3.89162e-23
3.69755e-23
3.51247e-23
3.336e-23
3.16777e-23
3.00743e-23
2.85465e-23
2.7091e-23
2.57046e-23
2.43844e-23
2.31274e-23
2.1931e-23
2.07924e-23
1.9709e-23
1.86784e-23
1.76982e-23
1.67662e-23
1.58801e-23
1.50379e-23
1.42376e-23
1.34773e-23
1.2755e-23
1.20691e-23
1.14178e-23
1.07996e-23
1.02128e-23
9.65606e-24
9.12785e-24
8.62685e-24
8.15175e-24
7.70131e-24
7.27433e-24
6.86968e-24
6.48627e-24
6.12306e-24
5.77906e-24
5.45332e-24
5.14493e-24
4.85303e-24
4.5768e-24
4.31544e-24
4.06821e-24
3.8344e-24
3.61332e-24
3.40431e-24
3.20677e-24
3.0201e-24
2.84375e-24
2.67716e-24
2.51984e-24
2.3713e-24
2.23108e-24
2.09874e-24
1.97387e-24
1.85606e-24
1.74494e-24
1.64015e-24
1.54136e-24
1.44823e-24
1.36046e-24
1.27776e-24
1.19985e-24
1.12647e-24
1.05738e-24
9.92323e-25
9.3109e-25
8.73463e-25
8.19243e-25
7.68238e-25
7.20267e-25
6.7516e-25
6.32753e-25
5.92893e-25
5.55436e-25
5.20243e-25
4.87184e-25
4.56137e-25
4.26984e-25
3.99616e-25
3.73929e-25
3.49824e-25
3.27209e-25
3.05996e-25
2.86102e-25
2.67449e-25
2.49963e-25
2.33574e-25
2.18217e-25
2.03829e-25
1.90353e-25
1.77733e-25
1.65917e-25
1.54856e-25
1.44504e-25
1.34817e-25
1.25755e-25
1.17279e-25
1.09353e-25
1.01943e-25
9.50156e-26
8.85418e-26
8.24928e-26
7.6842e-26
7.15641e-26
6.66357e-26
6.20344e-26
5.77395e-26
5.37313e-26
4.99916e-26
4.65029e-26
4.32492e-26
4.02152e-26
3.73867e-26
3.47503e-26
3.22934e-26
3.00043e-26
2.7872e-26
2.5886e-26
2.40369e-26
2.23154e-26
2.07132e-26
1.92222e-26
1.78349e-26
1.65446e-26
1.53446e-26
1.42288e-26
1.31915e-26
1.22274e-26
1.13316e-26
1.04993e-26
9.72621e-27
9.00827e-27
8.34168e-27
7.72289e-27
7.14859e-27
6.61569e-27
6.12131e-27
5.66275e-27
5.2375e-27
4.84323e-27
4.47776e-27
4.13905e-27
3.8252e-27
3.53445e-27
3.26516e-27
3.01578e-27
2.7849e-27
2.57119e-27
2.37341e-27
2.19041e-27
2.02112e-27
1.86455e-27
1.71976e-27
1.58591e-27
1.46218e-27
1.34784e-27
1.24219e-27
1.1446e-27
1.05447e-27
9.71244e-28
8.94409e-28
8.23489e-28
7.58043e-28
6.9766e-28
6.4196e-28
5.9059e-28
5.43224e-28
4.99558e-28
4.59311e-28
4.22223e-28
3.88053e-28
3.56579e-28
3.27593e-28
3.00903e-28
2.76334e-28
2.53721e-28
2.32913e-28
2.1377e-28
1.96161e-28
1.79968e-28
1.6508e-28
1.51394e-28
1.38816e-28
1.27259e-28
1.16642e-28
1.06891e-28
9.79363e-29
8.97156e-29
8.21702e-29
7.52462e-29
6.88937e-29
6.30671e-29
5.7724e-29
5.28255e-29
4.83359e-29
4.4222e-29
4.04535e-29
3.70024e-29
3.38429e-29
3.09514e-29
2.83061e-29
2.5887e-29
2.36756e-29
2.16551e-29
1.981e-29
1.81259e-29
1.659e-29
1.51902e-29
1.39155e-29
1.27559e-29
1.17022e-29
1.0746e-29
9.87973e-30
9.09632e-30
8.38943e-30
7.75326e-30
7.18256e-30
6.67258e-30
6.21901e-30
5.81797e-30
5.46598e-30
5.15992e-30
4.89701e-30
4.67479e-30
4.49111e-30
4.34408e-30
4.23207e-30
4.15371e-30
4.10785e-30
4.09355e-30
4.11011e-30
4.15704e-30
4.23401e-30
4.34085e-30
4.4776e-30
4.64443e-30
4.84168e-30
5.06983e-30
5.32954e-30
5.62159e-30
5.94693e-30
6.30665e-30
6.70198e-30
7.1343e-30
7.60512e-30
