5
2e+17
1e+18
50
4.99988
13262.1
7.59145e-20
7.59097e-20
7.58822e-20
7.58403e-20
7.57837e-20
7.57123e-20
7.56262e-20
7.55254e-20
7.54099e-20
7.52798e-20
7.51353e-20
7.49763e-20
7.4803e-20
7.46154e-20
7.44137e-20
7.41981e-20
7.39686e-20
7.37253e-20
7.34684e-20
7.3198e-20
7.29144e-20
7.26176e-20
7.23078e-20
7.19852e-20
7.165e-20
7.13024e-20
7.09425e-20
7.05707e-20
7.0187e-20
6.97917e-20
6.9385e-20
6.89671e-20
6.85384e-20
6.80989e-20
6.7649e-20
6.71889e-20
6.67188e-20
6.6239e-20
6.57497e-20
6.52513e-20
6.47439e-20
6.42279e-20
6.37035e-20
6.3171e-20
6.26306e-20
6.20827e-20
6.15275e-20
6.09653e-20
6.03964e-20
5.98211e-20
5.92396e-20
5.86522e-20
5.80593e-20
5.74611e-20
5.68579e-20
5.625e-20
5.56377e-20
5.50213e-20
5.4401e-20
5.37771e-20
5.315e-20
5.25198e-20
5.1887e-20
5.12517e-20
5.06143e-20
4.99749e-20
4.9334e-20
4.86917e-20
4.80484e-20
4.74042e-20
4.67595e-20
4.61145e-20
4.54695e-20
4.48247e-20
4.41804e-20
4.35367e-20
4.2894e-20
4.22525e-20
4.16125e-20
4.0974e-20
4.03374e-20
3.9703e-20
3.90708e-20
3.84411e-20
3.78141e-20
3.71901e-20
3.65691e-20
3.59515e-20
3.53373e-20
3.47268e-20
3.41201e-20
3.35174e-20
3.29189e-20
3.23247e-20
3.1735e-20
3.11499e-20
3.05696e-20
2.99942e-20
2.94238e-20
2.88585e-20
2.82986e-20
2.7744e-20
2.71949e-20
2.66515e-20
2.61137e-20
2.55817e-20
2.50557e-20
2.45355e-20
2.40215e-20
2.35135e-20
2.30118e-20
2.25163e-20
2.20271e-20
2.15442e-20
2.10678e-20
2.05978e-20
2.01343e-20
1.96773e-20
1.92268e-20
1.8783e-20
1.83457e-20
1.7915e-20
1.7491e-20
1.70736e-20
1.66628e-20
1.62587e-20
1.58612e-20
1.54703e-20
1.5086e-20
1.47083e-20
1.43372e-20
1.39726e-20
1.36146e-20
1.3263e-20
1.2918e-20
1.25793e-20
1.22471e-20
1.19212e-20
1.16016e-20
1.12883e-20
1.09812e-20
1.06803e-20
1.03855e-20
1.00968e-20
9.81408e-21
9.5373e-21
9.26641e-21
9.00135e-21
8.74206e-21
8.48846e-21
8.2405e-21
7.9981e-21
7.7612e-21
7.52973e-21
7.30361e-21
7.08278e-21
6.86716e-21
6.65668e-21
6.45128e-21
6.25086e-21
6.05536e-21
5.86471e-21
5.67882e-21
5.49763e-21
5.32105e-21
5.149e-21
4.98142e-21
4.81823e-21
4.65934e-21
4.50469e-21
4.35419e-21
4.20778e-21
4.06538e-21
3.92691e-21
3.7923e-21
3.66148e-21
3.53436e-21
3.41088e-21
3.29096e-21
3.17452e-21
3.0615e-21
2.95183e-21
2.84543e-21
2.74224e-21
2.64219e-21
2.5452e-21
2.45121e-21
2.36015e-21
2.27196e-21
2.18656e-21
2.10389e-21
2.02388e-21
1.94647e-21
1.87159e-21
1.79918e-21
1.72917e-21
1.66151e-21
1.59613e-21
1.53298e-21
1.47198e-21
1.41309e-21
1.35624e-21
1.30139e-21
1.24846e-21
1.19742e-21
1.1482e-21
1.10075e-21
1.05502e-21
1.01095e-21
9.68509e-22
9.27634e-22
8.88281e-22
8.50403e-22
8.13953e-22
7.78887e-22
7.45162e-22
7.12733e-22
6.8156e-22
6.516e-22
6.22816e-22
5.95166e-22
5.68614e-22
5.43122e-22
5.18654e-22
4.95175e-22
4.72651e-22
4.51048e-22
4.30335e-22
4.10478e-22
3.91449e-22
3.73216e-22
3.55752e-22
3.39027e-22
3.23015e-22
3.07689e-22
2.93023e-22
2.78993e-22
2.65574e-22
2.52743e-22
2.40478e-22
2.28755e-22
2.17555e-22
2.06856e-22
1.96639e-22
1.86884e-22
1.77573e-22
1.68687e-22
1.6021e-22
1.52125e-22
1.44415e-22
1.37065e-22
1.3006e-22
1.23385e-22
1.17027e-22
1.10971e-22
1.05205e-22
9.97167e-23
9.44934e-23
8.95237e-23
8.47966e-23
8.03012e-23
7.60273e-23
7.19649e-23
6.81046e-23
6.44371e-23
6.09537e-23
5.76459e-23
5.45056e-23
5.15251e-23
4.8697e-23
4.60141e-23
4.34695e-23
4.10567e-23
3.87695e-23
3.66017e-23
3.45477e-23
3.2602e-23
3.07592e-23
2.90144e-23
2.73627e-23
2.57996e-23
2.43205e-23
2.29215e-23
2.15983e-23
2.03473e-23
1.91646e-23
1.8047e-23
1.6991e-23
1.59934e-23
1.50513e-23
1.41618e-23
1.33221e-23
1.25296e-23
1.17818e-23
1.10764e-23
1.04112e-23
9.78387e-24
9.19253e-24
8.63519e-24
8.11003e-24
7.61529e-24
7.14931e-24
6.71052e-24
6.29743e-24
5.90861e-24
5.54272e-24
5.19847e-24
4.87467e-24
4.57016e-24
4.28385e-24
4.01471e-24
3.76177e-24
3.5241e-24
3.30083e-24
3.09113e-24
2.89421e-24
2.70934e-24
2.53581e-24
2.37297e-24
2.22017e-24
2.07684e-24
1.94242e-24
1.81637e-24
1.6982e-24
1.58744e-24
1.48364e-24
1.38639e-24
1.29529e-24
1.20996e-24
1.13007e-24
1.05527e-24
9.85252e-25
9.19727e-25
8.58417e-25
8.01061e-25
7.47415e-25
6.97248e-25
6.50342e-25
6.06494e-25
5.65512e-25
5.27215e-25
4.91433e-25
4.58009e-25
4.26791e-25
3.9764e-25
3.70423e-25
3.45016e-25
3.21303e-25
2.99175e-25
2.78529e-25
2.59269e-25
2.41306e-25
2.24554e-25
2.08935e-25
1.94374e-25
1.80803e-25
1.68154e-25
1.56369e-25
1.45389e-25
1.35161e-25
1.25636e-25
1.16765e-25
1.08506e-25
1.00818e-25
9.36613e-26
8.70013e-26
8.08041e-26
7.50383e-26
6.96747e-26
6.46861e-26
6.00468e-26
5.5733e-26
5.17225e-26
4.79944e-26
4.45294e-26
4.13093e-26
3.83172e-26
3.55374e-26
3.29551e-26
3.05566e-26
2.83292e-26
2.62609e-26
2.43406e-26
2.2558e-26
2.09034e-26
1.93678e-26
1.79429e-26
1.66207e-26
1.53942e-26
1.42564e-26
1.32012e-26
1.22226e-26
1.13152e-26
1.04739e-26
9.69401e-27
8.97115e-27
8.30121e-27
7.6804e-27
7.10517e-27
6.57226e-27
6.0786e-27
5.62137e-27
5.19792e-27
4.80582e-27
4.44277e-27
4.10668e-27
3.79557e-27
3.50763e-27
3.24116e-27
2.99459e-27
2.76646e-27
2.55541e-27
2.3602e-27
2.17965e-27
2.01269e-27
1.85831e-27
1.71558e-27
1.58363e-27
1.46168e-27
1.34896e-27
1.24481e-27
1.14858e-27
1.05967e-27
9.77544e-28
9.01691e-28
8.3164e-28
7.66956e-28
7.07236e-28
6.52106e-28
6.01221e-28
5.54259e-28
5.10925e-28
4.70943e-28
4.3406e-28
4.0004e-28
3.68665e-28
3.39734e-28
3.13061e-28
2.88474e-28
2.65813e-28
2.44932e-28
2.25693e-28
2.07972e-28
1.91651e-28
1.76624e-28
1.62791e-28
1.5006e-28
1.38346e-28
1.27572e-28
1.17663e-28
1.08555e-28
1.00185e-28
9.2497e-29
8.54379e-29
7.89597e-29
7.30179e-29
6.75715e-29
6.25827e-29
5.80166e-29
5.38412e-29
5.00271e-29
4.65471e-29
4.33762e-29
4.04911e-29
3.78705e-29
3.54954e-29
3.33479e-29
3.14121e-29
2.96731e-29
2.81166e-29
2.67312e-29
2.55079e-29
2.44395e-29
2.35162e-29
2.27298e-29
2.2074e-29
2.15415e-29
2.11282e-29
2.08294e-29
2.06398e-29
2.05547e-29
2.057e-29
2.06822e-29
2.08882e-29
2.11856e-29
2.15723e-29
2.20467e-29
2.26078e-29
2.32546e-29
2.39869e-29
2.48047e-29
2.57082e-29
2.66983e-29
2.77758e-29
2.89422e-29
3.0199e-29
3.15484e-29
3.29924e-29
3.45337e-29
3.61751e-29
3.79197e-29
