2
5e+17
1e+18
49.9998
2
8387.66
3.04274e-19
3.04261e-19
3.04165e-19
3.04012e-19
3.03798e-19
3.03524e-19
3.0319e-19
3.02796e-19
3.02342e-19
3.01829e-19
3.01256e-19
3.00624e-19
2.99933e-19
2.99184e-19
2.98377e-19
2.97513e-19
2.96593e-19
2.95616e-19
2.94583e-19
2.93495e-19
2.92353e-19
2.91157e-19
2.89908e-19
2.88606e-19
2.87253e-19
2.85849e-19
2.84395e-19
2.82892e-19
2.81341e-19
2.79742e-19
2.78096e-19
2.76405e-19
2.7467e-19
2.7289e-19
2.71068e-19
2.69205e-19
2.673e-19
2.65356e-19
2.63374e-19
2.61354e-19
2.59298e-19
2.57206e-19
2.55081e-19
2.52922e-19
2.50731e-19
2.4851e-19
2.46259e-19
2.4398e-19
2.41673e-19
2.39341e-19
2.36983e-19
2.34602e-19
2.32199e-19
2.29774e-19
2.27328e-19
2.24864e-19
2.22383e-19
2.19884e-19
2.1737e-19
2.14842e-19
2.12301e-19
2.09748e-19
2.07184e-19
2.04611e-19
2.02029e-19
1.9944e-19
1.96845e-19
1.94245e-19
1.9164e-19
1.89033e-19
1.86424e-19
1.83814e-19
1.81205e-19
1.78597e-19
1.75991e-19
1.73388e-19
1.7079e-19
1.68198e-19
1.65611e-19
1.63032e-19
1.6046e-19
1.57898e-19
1.55345e-19
1.52804e-19
1.50273e-19
1.47755e-19
1.45251e-19
1.4276e-19
1.40283e-19
1.37823e-19
1.35378e-19
1.3295e-19
1.30539e-19
1.28147e-19
1.25773e-19
1.23419e-19
1.21084e-19
1.1877e-19
1.16477e-19
1.14205e-19
1.11955e-19
1.09728e-19
1.07523e-19
1.05341e-19
1.03184e-19
1.0105e-19
9.89402e-20
9.68553e-20
9.47955e-20
9.27609e-20
9.07518e-20
8.87684e-20
8.68111e-20
8.48799e-20
8.29751e-20
8.10968e-20
7.92452e-20
7.74204e-20
7.56225e-20
7.38516e-20
7.21077e-20
7.03909e-20
6.87013e-20
6.70388e-20
6.54034e-20
6.37952e-20
6.22141e-20
6.06601e-20
5.9133e-20
5.76329e-20
5.61595e-20
5.47129e-20
5.32929e-20
5.18994e-20
5.05322e-20
4.91912e-20
4.78762e-20
4.65871e-20
4.53235e-20
4.40855e-20
4.28727e-20
4.16849e-20
4.05219e-20
3.93835e-20
3.82694e-20
3.71794e-20
3.61132e-20
3.50706e-20
3.40512e-20
3.30549e-20
3.20813e-20
3.11302e-20
3.02012e-20
2.92941e-20
2.84086e-20
2.75443e-20
2.67009e-20
2.58783e-20
2.50759e-20
2.42936e-20
2.35309e-20
2.27877e-20
2.20635e-20
2.1358e-20
2.0671e-20
2.00021e-20
1.93509e-20
1.87172e-20
1.81007e-20
1.75009e-20
1.69176e-20
1.63506e-20
1.57993e-20
1.52636e-20
1.47431e-20
1.42375e-20
1.37465e-20
1.32697e-20
1.2807e-20
1.23579e-20
1.19221e-20
1.14995e-20
1.10896e-20
1.06921e-20
1.03069e-20
9.93354e-21
9.57179e-21
9.22137e-21
8.88201e-21
8.55342e-21
8.23534e-21
7.9275e-21
7.62964e-21
7.3415e-21
7.06284e-21
6.79339e-21
6.53291e-21
6.28116e-21
6.0379e-21
5.80291e-21
5.57594e-21
5.35678e-21
5.1452e-21
4.94099e-21
4.74394e-21
4.55383e-21
4.37047e-21
4.19364e-21
4.02317e-21
3.85885e-21
3.70051e-21
3.54795e-21
3.401e-21
3.25948e-21
3.12322e-21
2.99206e-21
2.86584e-21
2.74439e-21
2.62756e-21
2.51519e-21
2.40715e-21
2.30329e-21
2.20347e-21
2.10755e-21
2.0154e-21
1.9269e-21
1.84191e-21
1.76032e-21
1.682e-21
1.60684e-21
1.53474e-21
1.46557e-21
1.39924e-21
1.33564e-21
1.27468e-21
1.21625e-21
1.16027e-21
1.10665e-21
1.05528e-21
1.0061e-21
9.59021e-22
9.13957e-22
8.70834e-22
8.29578e-22
7.90117e-22
7.52381e-22
7.16302e-22
6.81815e-22
6.48857e-22
6.17367e-22
5.87286e-22
5.58557e-22
5.31125e-22
5.04938e-22
4.79945e-22
4.56096e-22
4.33344e-22
4.11642e-22
3.90948e-22
3.71218e-22
3.52412e-22
3.3449e-22
3.17414e-22
3.01148e-22
2.85658e-22
2.70908e-22
2.56867e-22
2.43504e-22
2.30789e-22
2.18692e-22
2.07187e-22
1.96246e-22
1.85845e-22
1.75959e-22
1.66565e-22
1.57639e-22
1.49161e-22
1.41109e-22
1.33465e-22
1.26208e-22
1.19321e-22
1.12787e-22
1.06588e-22
1.00709e-22
9.51341e-23
8.98493e-23
8.48404e-23
8.00941e-23
7.55975e-23
7.13386e-23
6.73056e-23
6.34874e-23
5.98733e-23
5.64532e-23
5.32174e-23
5.01567e-23
4.72621e-23
4.45254e-23
4.19384e-23
3.94935e-23
3.71834e-23
3.50012e-23
3.29401e-23
3.09941e-23
2.91569e-23
2.74229e-23
2.57867e-23
2.42431e-23
2.27872e-23
2.14143e-23
2.01199e-23
1.88998e-23
1.77501e-23
1.66668e-23
1.56464e-23
1.46855e-23
1.37807e-23
1.29289e-23
1.21273e-23
1.13731e-23
1.06636e-23
9.99623e-24
9.36873e-24
8.7788e-24
8.22432e-24
7.70327e-24
7.21375e-24
6.75395e-24
6.32215e-24
5.91674e-24
5.53619e-24
5.17905e-24
4.84395e-24
4.5296e-24
4.23479e-24
3.95835e-24
3.6992e-24
3.4563e-24
3.2287e-24
3.01546e-24
2.81573e-24
2.6287e-24
2.45358e-24
2.28967e-24
2.13627e-24
1.99274e-24
1.85847e-24
1.7329e-24
1.61549e-24
1.50572e-24
1.40313e-24
1.30726e-24
1.21769e-24
1.13403e-24
1.05591e-24
9.82967e-25
9.14879e-25
8.51335e-25
7.92044e-25
7.36734e-25
6.85148e-25
6.37046e-25
5.92201e-25
5.50402e-25
5.11451e-25
4.75161e-25
4.41357e-25
4.09875e-25
3.80563e-25
3.53276e-25
3.2788e-25
3.04249e-25
2.82264e-25
2.61815e-25
2.428e-25
2.2512e-25
2.08686e-25
1.93413e-25
1.79223e-25
1.6604e-25
1.53796e-25
1.42427e-25
1.31872e-25
1.22075e-25
1.12983e-25
1.04547e-25
9.67226e-26
8.94657e-26
8.27368e-26
7.64988e-26
7.07171e-26
6.53594e-26
6.03956e-26
5.57978e-26
5.15398e-26
4.75973e-26
4.39476e-26
4.05698e-26
3.74442e-26
3.45526e-26
3.18779e-26
2.94045e-26
2.71176e-26
2.50037e-26
2.305e-26
2.12447e-26
1.9577e-26
1.80366e-26
1.66142e-26
1.53009e-26
1.40886e-26
1.29698e-26
1.19375e-26
1.09852e-26
1.01069e-26
9.29698e-27
8.55027e-27
7.86199e-27
7.22768e-27
6.64324e-27
6.10486e-27
5.60901e-27
5.15241e-27
4.73206e-27
4.34514e-27
3.98908e-27
3.66148e-27
3.36013e-27
3.08298e-27
2.82813e-27
2.59385e-27
2.37852e-27
2.18064e-27
1.99885e-27
1.83186e-27
1.6785e-27
1.53769e-27
1.40844e-27
1.28981e-27
1.18096e-27
1.08111e-27
9.89534e-28
9.05563e-28
8.28585e-28
7.58035e-28
6.93392e-28
6.34177e-28
5.79948e-28
5.30301e-28
4.8486e-28
4.43283e-28
4.05254e-28
3.70483e-28
3.38702e-28
3.09667e-28
2.83154e-28
2.58955e-28
2.36881e-28
2.16758e-28
1.98428e-28
1.81744e-28
1.66573e-28
1.52793e-28
1.40292e-28
1.28968e-28
1.18728e-28
1.09487e-28
1.01168e-28
9.37008e-29
8.70208e-29
8.10707e-29
7.5798e-29
7.11556e-29
6.71009e-29
6.35958e-29
6.06064e-29
5.81024e-29
5.60571e-29
5.44469e-29
5.32516e-29
5.24535e-29
5.20378e-29
5.19922e-29
5.23067e-29
5.29736e-29
5.39872e-29
5.53439e-29
5.70421e-29
5.90818e-29
6.14649e-29
6.41951e-29
6.72775e-29
7.07189e-29
7.45277e-29
7.87136e-29
8.32881e-29
8.82639e-29
9.36551e-29
9.94775e-29
1.05748e-28
1.12485e-28
