20
2e+18
1e+19
49.9994
20.0001
26524.1
1.3634e-20
1.36143e-20
1.3555e-20
1.34911e-20
1.34242e-20
1.33548e-20
1.32833e-20
1.32096e-20
1.31341e-20
1.30567e-20
1.29775e-20
1.28965e-20
1.28136e-20
1.27289e-20
1.26425e-20
1.25542e-20
1.24644e-20
1.2373e-20
1.228e-20
1.21855e-20
1.20894e-20
1.19919e-20
1.1893e-20
1.17927e-20
1.16911e-20
1.15883e-20
1.14843e-20
1.13791e-20
1.12728e-20
1.11654e-20
1.10571e-20
1.09477e-20
1.08375e-20
1.07265e-20
1.06146e-20
1.0502e-20
1.03886e-20
1.02746e-20
1.01599e-20
1.00447e-20
9.92889e-21
9.81263e-21
9.69591e-21
9.57882e-21
9.46139e-21
9.34367e-21
9.22569e-21
9.10749e-21
8.98913e-21
8.87063e-21
8.75205e-21
8.63342e-21
8.51481e-21
8.39623e-21
8.27774e-21
8.15936e-21
8.04115e-21
7.92314e-21
7.80536e-21
7.68789e-21
7.57072e-21
7.45391e-21
7.33749e-21
7.22148e-21
7.10592e-21
6.99084e-21
6.87628e-21
6.76226e-21
6.64882e-21
6.53597e-21
6.42375e-21
6.31219e-21
6.20131e-21
6.09113e-21
5.98167e-21
5.87295e-21
5.76501e-21
5.65785e-21
5.55151e-21
5.44602e-21
5.34138e-21
5.23763e-21
5.13479e-21
5.03286e-21
4.93189e-21
4.83189e-21
4.73288e-21
4.63489e-21
4.53795e-21
4.44207e-21
4.34728e-21
4.2536e-21
4.16109e-21
4.06973e-21
3.97958e-21
3.89064e-21
3.80294e-21
3.71649e-21
3.6313e-21
3.54738e-21
3.46474e-21
3.38339e-21
3.30334e-21
3.22459e-21
3.14714e-21
3.07099e-21
2.99615e-21
2.92263e-21
2.85042e-21
2.7795e-21
2.70989e-21
2.64158e-21
2.57457e-21
2.50883e-21
2.44437e-21
2.38118e-21
2.31925e-21
2.25858e-21
2.19915e-21
2.14095e-21
2.08397e-21
2.0282e-21
1.97363e-21
1.92024e-21
1.86802e-21
1.81695e-21
1.76703e-21
1.71824e-21
1.67056e-21
1.62398e-21
1.57847e-21
1.53404e-21
1.49065e-21
1.44831e-21
1.40699e-21
1.36666e-21
1.32732e-21
1.28895e-21
1.25154e-21
1.21507e-21
1.17952e-21
1.14486e-21
1.1111e-21
1.0782e-21
1.04616e-21
1.01496e-21
9.84587e-22
9.55013e-22
9.26225e-22
8.98209e-22
8.70948e-22
8.44429e-22
8.18634e-22
7.9355e-22
7.69157e-22
7.45439e-22
7.22382e-22
6.99972e-22
6.78194e-22
6.57034e-22
6.36478e-22
6.16508e-22
5.97111e-22
5.78273e-22
5.59981e-22
5.42222e-22
5.24983e-22
5.08252e-22
4.92016e-22
4.76262e-22
4.60976e-22
4.46146e-22
4.3176e-22
4.17807e-22
4.04275e-22
3.91154e-22
3.78434e-22
3.66102e-22
3.5415e-22
3.42565e-22
3.31336e-22
3.20454e-22
3.09909e-22
2.99693e-22
2.89797e-22
2.80211e-22
2.70927e-22
2.61936e-22
2.53228e-22
2.44795e-22
2.3663e-22
2.28725e-22
2.21072e-22
2.13664e-22
2.06493e-22
1.99554e-22
1.92839e-22
1.86341e-22
1.80055e-22
1.73972e-22
1.68087e-22
1.62393e-22
1.56885e-22
1.51557e-22
1.46404e-22
1.41421e-22
1.36601e-22
1.31941e-22
1.27436e-22
1.2308e-22
1.18869e-22
1.14797e-22
1.10861e-22
1.07056e-22
1.03378e-22
9.98223e-23
9.63861e-23
9.30652e-23
8.9856e-23
8.67549e-23
8.37585e-23
8.08634e-23
7.80664e-23
7.53644e-23
7.27542e-23
7.02324e-23
6.77961e-23
6.54426e-23
6.31691e-23
6.09731e-23
5.8852e-23
5.68034e-23
5.48249e-23
5.29142e-23
5.10692e-23
4.92875e-23
4.75672e-23
4.59062e-23
4.43025e-23
4.27542e-23
4.12593e-23
3.98158e-23
3.84221e-23
3.70765e-23
3.57774e-23
3.45233e-23
3.33126e-23
3.21439e-23
3.10158e-23
2.99269e-23
2.88759e-23
2.78615e-23
2.68824e-23
2.59376e-23
2.50257e-23
2.41457e-23
2.32966e-23
2.2477e-23
2.1686e-23
2.09225e-23
2.01858e-23
1.94748e-23
1.87886e-23
1.81265e-23
1.74875e-23
1.6871e-23
1.62761e-23
1.5702e-23
1.51482e-23
1.46138e-23
1.40982e-23
1.36007e-23
1.31208e-23
1.26578e-23
1.22112e-23
1.17803e-23
1.13645e-23
1.09633e-23
1.05763e-23
1.02029e-23
9.84257e-24
9.49496e-24
9.15959e-24
8.83605e-24
8.52392e-24
8.22279e-24
7.9323e-24
7.65206e-24
7.38172e-24
7.12094e-24
6.86938e-24
6.62671e-24
6.39264e-24
6.16685e-24
5.94906e-24
5.73899e-24
5.53636e-24
5.34092e-24
5.15238e-24
4.97049e-24
4.79501e-24
4.62574e-24
4.46244e-24
4.30491e-24
4.15294e-24
4.00635e-24
3.86493e-24
3.72852e-24
3.59693e-24
3.47e-24
3.34756e-24
3.22945e-24
3.11553e-24
3.00563e-24
2.89963e-24
2.79739e-24
2.69877e-24
2.60364e-24
2.51188e-24
2.42338e-24
2.33802e-24
2.25568e-24
2.17627e-24
2.09967e-24
2.02578e-24
1.95449e-24
1.88572e-24
1.81938e-24
1.75538e-24
1.69364e-24
1.63409e-24
1.57663e-24
1.5212e-24
1.46773e-24
1.41615e-24
1.36639e-24
1.31839e-24
1.27209e-24
1.22742e-24
1.18433e-24
1.14276e-24
1.10266e-24
1.06397e-24
1.02666e-24
9.90661e-25
9.55936e-25
9.22438e-25
8.90124e-25
8.58952e-25
8.28882e-25
7.99875e-25
7.71893e-25
7.44901e-25
7.18863e-25
6.93741e-25
6.69502e-25
6.46116e-25
6.23552e-25
6.01781e-25
5.80775e-25
5.60508e-25
5.40954e-25
5.22086e-25
5.03882e-25
4.86318e-25
4.69371e-25
4.53019e-25
4.37242e-25
4.2202e-25
4.07332e-25
3.9316e-25
3.79486e-25
3.66293e-25
3.53563e-25
3.4128e-25
3.29428e-25
3.17993e-25
3.06959e-25
2.96313e-25
2.86041e-25
2.76129e-25
2.66565e-25
2.57337e-25
2.48433e-25
2.39842e-25
2.31553e-25
2.23554e-25
2.15837e-25
2.0839e-25
2.01205e-25
1.94271e-25
1.87579e-25
1.81121e-25
1.74888e-25
1.68873e-25
1.63068e-25
1.57466e-25
1.52059e-25
1.46842e-25
1.41806e-25
1.36946e-25
1.32256e-25
1.2773e-25
1.23362e-25
1.19147e-25
1.15079e-25
1.11152e-25
1.07364e-25
1.03707e-25
1.00178e-25
9.67731e-26
9.34869e-26
9.03157e-26
8.72554e-26
8.43023e-26
8.14526e-26
7.87027e-26
7.60493e-26
7.34889e-26
7.10183e-26
6.86345e-26
6.63345e-26
6.41154e-26
6.19744e-26
5.99088e-26
5.79161e-26
5.59938e-26
5.41394e-26
5.23507e-26
5.06254e-26
4.89613e-26
4.73564e-26
4.58087e-26
4.43163e-26
4.28773e-26
4.14896e-26
4.01516e-26
3.88615e-26
3.76178e-26
3.64189e-26
3.52634e-26
3.41499e-26
3.30769e-26
3.20431e-26
3.10474e-26
3.00884e-26
2.91649e-26
2.82759e-26
2.74202e-26
2.65969e-26
2.58048e-26
2.5043e-26
2.43106e-26
2.36066e-26
2.29303e-26
2.22807e-26
2.16572e-26
2.10589e-26
2.0485e-26
1.9935e-26
1.9408e-26
1.89036e-26
1.8421e-26
1.79597e-26
1.75191e-26
1.70986e-26
1.66979e-26
1.63162e-26
1.59533e-26
1.56087e-26
1.52819e-26
1.49725e-26
1.46802e-26
1.44046e-26
1.41453e-26
1.39022e-26
1.36748e-26
1.34628e-26
1.32661e-26
1.30844e-26
1.29174e-26
1.2765e-26
1.2627e-26
1.25031e-26
1.23933e-26
1.22974e-26
1.22153e-26
1.21469e-26
1.20921e-26
1.20508e-26
1.20229e-26
1.20083e-26
1.20071e-26
1.20192e-26
1.20453e-26
1.20855e-26
1.214e-26
1.22089e-26
1.22921e-26
1.23897e-26
1.25017e-26
