18755.4
2.40593e-20
2.40578e-20
2.40512e-20
2.40405e-20
2.40255e-20
2.40063e-20
2.39834e-20
2.39569e-20
2.39267e-20
2.38927e-20
2.3855e-20
2.38135e-20
2.37683e-20
2.37192e-20
2.36665e-20
2.361e-20
2.35498e-20
2.34859e-20
2.34183e-20
2.33472e-20
2.32725e-20
2.31942e-20
2.31124e-20
2.30272e-20
2.29385e-20
2.28464e-20
2.2751e-20
2.26523e-20
2.25504e-20
2.24452e-20
2.23369e-20
2.22255e-20
2.21111e-20
2.19937e-20
2.18733e-20
2.175e-20
2.1624e-20
2.14951e-20
2.13635e-20
2.12293e-20
2.10925e-20
2.09531e-20
2.08113e-20
2.06671e-20
2.05205e-20
2.03715e-20
2.02204e-20
2.00671e-20
1.99117e-20
1.97542e-20
1.95948e-20
1.94334e-20
1.92702e-20
1.91052e-20
1.89384e-20
1.877e-20
1.86e-20
1.84284e-20
1.82553e-20
1.80809e-20
1.7905e-20
1.77279e-20
1.75495e-20
1.737e-20
1.71894e-20
1.70077e-20
1.6825e-20
1.66414e-20
1.64569e-20
1.62716e-20
1.60855e-20
1.58988e-20
1.57114e-20
1.55234e-20
1.53349e-20
1.51459e-20
1.49565e-20
1.47667e-20
1.45766e-20
1.43863e-20
1.41958e-20
1.40051e-20
1.38143e-20
1.36234e-20
1.34325e-20
1.32417e-20
1.30509e-20
1.28603e-20
1.26699e-20
1.24797e-20
1.22898e-20
1.21001e-20
1.19109e-20
1.1722e-20
1.15335e-20
1.13456e-20
1.11581e-20
1.09712e-20
1.07849e-20
1.05992e-20
1.04141e-20
1.02298e-20
1.00462e-20
9.86332e-21
9.68125e-21
9.50001e-21
9.31961e-21
9.14009e-21
8.96148e-21
8.78381e-21
8.60713e-21
8.43149e-21
8.25695e-21
8.08353e-21
7.91128e-21
7.74024e-21
7.57045e-21
7.40196e-21
7.23481e-21
7.06906e-21
6.90476e-21
6.74201e-21
6.58087e-21
6.42141e-21
6.26368e-21
6.10774e-21
5.95363e-21
5.80142e-21
5.65121e-21
5.50308e-21
5.3571e-21
5.21335e-21
5.07188e-21
4.93275e-21
4.79599e-21
4.66166e-21
4.52977e-21
4.40036e-21
4.27344e-21
4.14903e-21
4.02714e-21
3.90777e-21
3.79094e-21
3.67663e-21
3.56484e-21
3.45557e-21
3.3488e-21
3.24451e-21
3.1427e-21
3.04334e-21
2.94641e-21
2.85189e-21
2.75975e-21
2.66997e-21
2.58251e-21
2.49734e-21
2.41444e-21
2.33378e-21
2.25531e-21
2.17901e-21
2.10483e-21
2.03275e-21
1.96272e-21
1.89471e-21
1.82868e-21
1.76459e-21
1.7024e-21
1.64208e-21
1.58359e-21
1.52688e-21
1.47192e-21
1.41866e-21
1.36708e-21
1.31713e-21
1.26876e-21
1.22196e-21
1.17666e-21
1.13285e-21
1.09047e-21
1.0495e-21
1.0099e-21
9.71621e-22
9.34639e-22
8.98915e-22
8.64416e-22
8.31106e-22
7.98952e-22
7.6792e-22
7.37979e-22
7.09096e-22
6.81239e-22
6.54378e-22
6.28483e-22
6.03523e-22
5.79471e-22
5.56297e-22
5.33975e-22
5.12476e-22
4.91775e-22
4.71846e-22
4.52663e-22
4.34202e-22
4.16439e-22
3.99351e-22
3.82915e-22
3.67108e-22
3.5191e-22
3.37299e-22
3.23256e-22
3.09759e-22
2.96791e-22
2.84332e-22
2.72364e-22
2.6087e-22
2.49833e-22
2.39236e-22
2.29062e-22
2.19298e-22
2.09927e-22
2.00934e-22
1.92307e-22
1.84031e-22
1.76093e-22
1.6848e-22
1.6118e-22
1.54181e-22
1.47471e-22
1.4104e-22
1.34876e-22
1.28969e-22
1.23309e-22
1.17887e-22
1.12693e-22
1.07718e-22
1.02954e-22
9.83909e-23
9.40223e-23
8.98399e-23
8.58361e-23
8.20039e-23
7.83362e-23
7.48263e-23
7.14678e-23
6.82545e-23
6.51805e-23
6.224e-23
5.94275e-23
5.67376e-23
5.41654e-23
5.17058e-23
4.93542e-23
4.7106e-23
4.4957e-23
4.29028e-23
4.09395e-23
3.90633e-23
3.72704e-23
3.55573e-23
3.39206e-23
3.2357e-23
3.08633e-23
2.94366e-23
2.8074e-23
2.67726e-23
2.55299e-23
2.43433e-23
2.32103e-23
2.21287e-23
2.10961e-23
2.01104e-23
1.91695e-23
1.82716e-23
1.74146e-23
1.65968e-23
1.58164e-23
1.50719e-23
1.43615e-23
1.36837e-23
1.30372e-23
1.24205e-23
1.18323e-23
1.12713e-23
1.07362e-23
1.0226e-23
9.7395e-24
9.27559e-24
8.83328e-24
8.4116e-24
8.0096e-24
7.62639e-24
7.26112e-24
6.91296e-24
6.58114e-24
6.26491e-24
5.96356e-24
5.6764e-24
5.40278e-24
5.14208e-24
4.8937e-24
4.65708e-24
4.43166e-24
4.21695e-24
4.01242e-24
3.81763e-24
3.63211e-24
3.45543e-24
3.28718e-24
3.12697e-24
2.97442e-24
2.82917e-24
2.69089e-24
2.55924e-24
2.43391e-24
2.31462e-24
2.20107e-24
2.09299e-24
1.99013e-24
1.89224e-24
1.79908e-24
1.71044e-24
1.62609e-24
1.54584e-24
1.46948e-24
1.39684e-24
1.32774e-24
1.26201e-24
1.19949e-24
1.14002e-24
1.08347e-24
1.02968e-24
9.78536e-25
9.29902e-25
8.8366e-25
8.39695e-25
7.97899e-25
7.58167e-25
7.20399e-25
6.84501e-25
6.50384e-25
6.17961e-25
5.87151e-25
5.57875e-25
5.30061e-25
5.03637e-25
4.78536e-25
4.54694e-25
4.3205e-25
4.10546e-25
3.90128e-25
3.70742e-25
3.52339e-25
3.34871e-25
3.18292e-25
3.0256e-25
2.87633e-25
2.73472e-25
2.60041e-25
2.47305e-25
2.35228e-25
2.2378e-25
2.12931e-25
2.0265e-25
1.92912e-25
1.83689e-25
1.74957e-25
1.66692e-25
1.58871e-25
1.51473e-25
1.44478e-25
1.37864e-25
1.31615e-25
1.25711e-25
1.20136e-25
1.14874e-25
1.09908e-25
1.05224e-25
1.00808e-25
9.66456e-26
9.27237e-26
8.90297e-26
8.55519e-26
8.22824e-26
7.92648e-26
7.64942e-26
7.39642e-26
7.1668e-26
6.95993e-26
6.77527e-26
6.61227e-26
6.47038e-26
6.34911e-26
6.24802e-26
6.16674e-26
6.10495e-26
6.06202e-26
6.0377e-26
6.03179e-26
6.04417e-26
6.07477e-26
6.12358e-26
6.19064e-26
