18755.4
2.65048e-20
2.65036e-20
2.64955e-20
2.64826e-20
2.64647e-20
2.64417e-20
2.64136e-20
2.63806e-20
2.63427e-20
2.62997e-20
2.62518e-20
2.6199e-20
2.61413e-20
2.60788e-20
2.60114e-20
2.59392e-20
2.58623e-20
2.57807e-20
2.56944e-20
2.56034e-20
2.5508e-20
2.5408e-20
2.53035e-20
2.51947e-20
2.50815e-20
2.49641e-20
2.48424e-20
2.47166e-20
2.45867e-20
2.44528e-20
2.4315e-20
2.41734e-20
2.40279e-20
2.38788e-20
2.3726e-20
2.35697e-20
2.34099e-20
2.32468e-20
2.30803e-20
2.29107e-20
2.2738e-20
2.25622e-20
2.23835e-20
2.22019e-20
2.20176e-20
2.18306e-20
2.1641e-20
2.1449e-20
2.12546e-20
2.10579e-20
2.0859e-20
2.0658e-20
2.0455e-20
2.02501e-20
2.00434e-20
1.9835e-20
1.96249e-20
1.94134e-20
1.92004e-20
1.8986e-20
1.87705e-20
1.85538e-20
1.8336e-20
1.81173e-20
1.78977e-20
1.76773e-20
1.74563e-20
1.72347e-20
1.70125e-20
1.679e-20
1.65671e-20
1.63441e-20
1.61208e-20
1.58975e-20
1.56742e-20
1.5451e-20
1.5228e-20
1.50052e-20
1.47828e-20
1.45608e-20
1.43393e-20
1.41183e-20
1.3898e-20
1.36784e-20
1.34596e-20
1.32417e-20
1.30246e-20
1.28085e-20
1.25935e-20
1.23796e-20
1.21668e-20
1.19553e-20
1.17451e-20
1.15361e-20
1.13286e-20
1.11225e-20
1.09179e-20
1.07148e-20
1.05134e-20
1.03135e-20
1.01153e-20
9.91884e-21
9.72412e-21
9.53118e-21
9.34007e-21
9.15081e-21
8.96345e-21
8.778e-21
8.59451e-21
8.41299e-21
8.23348e-21
8.056e-21
7.88059e-21
7.70726e-21
7.53603e-21
7.36693e-21
7.19998e-21
7.0352e-21
6.87259e-21
6.71219e-21
6.55401e-21
6.39806e-21
6.24437e-21
6.09295e-21
5.94381e-21
5.79696e-21
5.65241e-21
5.51017e-21
5.37025e-21
5.23268e-21
5.09744e-21
4.96457e-21
4.83405e-21
4.70589e-21
4.58009e-21
4.45665e-21
4.33556e-21
4.21681e-21
4.10041e-21
3.98633e-21
3.87458e-21
3.76512e-21
3.65796e-21
3.55307e-21
3.45044e-21
3.35004e-21
3.25187e-21
3.15589e-21
3.06209e-21
2.97045e-21
2.88093e-21
2.79352e-21
2.70819e-21
2.62492e-21
2.54367e-21
2.46443e-21
2.38715e-21
2.31183e-21
2.23841e-21
2.16689e-21
2.09722e-21
2.02938e-21
1.96334e-21
1.89906e-21
1.83651e-21
1.77567e-21
1.71651e-21
1.65899e-21
1.60307e-21
1.54874e-21
1.49596e-21
1.44469e-21
1.39491e-21
1.34659e-21
1.29969e-21
1.25418e-21
1.21004e-21
1.16723e-21
1.12572e-21
1.08548e-21
1.04649e-21
1.00871e-21
9.72112e-22
9.3667e-22
9.02355e-22
8.69139e-22
8.36993e-22
8.05891e-22
7.75805e-22
7.46708e-22
7.18574e-22
6.91378e-22
6.65094e-22
6.39696e-22
6.15161e-22
5.91463e-22
5.6858e-22
5.46488e-22
5.25164e-22
5.04586e-22
4.84731e-22
4.65579e-22
4.47107e-22
4.29297e-22
4.12127e-22
3.95577e-22
3.79629e-22
3.64264e-22
3.49462e-22
3.35207e-22
3.21481e-22
3.08267e-22
2.95547e-22
2.83307e-22
2.71529e-22
2.60199e-22
2.49302e-22
2.38823e-22
2.28748e-22
2.19063e-22
2.09754e-22
2.00809e-22
1.92216e-22
1.83961e-22
1.76032e-22
1.68419e-22
1.6111e-22
1.54094e-22
1.4736e-22
1.40899e-22
1.34699e-22
1.28753e-22
1.2305e-22
1.17581e-22
1.12338e-22
1.07311e-22
1.02494e-22
9.78782e-23
9.34556e-23
8.92189e-23
8.51611e-23
8.12753e-23
7.75548e-23
7.39931e-23
7.05841e-23
6.73217e-23
6.42001e-23
6.12138e-23
5.83574e-23
5.56257e-23
5.30136e-23
5.05163e-23
4.81292e-23
4.58478e-23
4.36678e-23
4.15849e-23
3.95953e-23
3.76949e-23
3.58802e-23
3.41475e-23
3.24935e-23
3.09147e-23
2.9408e-23
2.79704e-23
2.65989e-23
2.52907e-23
2.4043e-23
2.28533e-23
2.17191e-23
2.06379e-23
1.96074e-23
1.86255e-23
1.76899e-23
1.67987e-23
1.59498e-23
1.51414e-23
1.43718e-23
1.36391e-23
1.29416e-23
1.22779e-23
1.16464e-23
1.10456e-23
1.04741e-23
9.93058e-24
9.41376e-24
8.92241e-24
8.45535e-24
8.01145e-24
7.58963e-24
7.18887e-24
6.80816e-24
6.44658e-24
6.10322e-24
5.7772e-24
5.46772e-24
5.17398e-24
4.89522e-24
4.63073e-24
4.37982e-24
4.14182e-24
3.91612e-24
3.70212e-24
3.49923e-24
3.30693e-24
3.12468e-24
2.95199e-24
2.78839e-24
2.63342e-24
2.48666e-24
2.34769e-24
2.21612e-24
2.09158e-24
1.97371e-24
1.86217e-24
1.75665e-24
1.65684e-24
1.56243e-24
1.47316e-24
1.38876e-24
1.30898e-24
1.23358e-24
1.16233e-24
1.09501e-24
1.03141e-24
9.71351e-25
9.14633e-25
8.61083e-25
8.10532e-25
7.62821e-25
7.17798e-25
6.75319e-25
6.35247e-25
5.97452e-25
5.61811e-25
5.28208e-25
4.9653e-25
4.66673e-25
4.38537e-25
4.12027e-25
3.87055e-25
3.63534e-25
3.41384e-25
3.2053e-25
3.00898e-25
2.8242e-25
2.65031e-25
2.48671e-25
2.33281e-25
2.18806e-25
2.05194e-25
1.92395e-25
1.80365e-25
1.69057e-25
1.58432e-25
1.48449e-25
1.39071e-25
1.30264e-25
1.21995e-25
1.14231e-25
1.06944e-25
1.00105e-25
9.36894e-26
8.76711e-26
8.2027e-26
7.67352e-26
7.17748e-26
6.71263e-26
6.27712e-26
5.86921e-26
5.48727e-26
5.12976e-26
4.79523e-26
4.48231e-26
4.18973e-26
3.91627e-26
3.66082e-26
3.4223e-26
3.19972e-26
2.99216e-26
2.79872e-26
2.61861e-26
2.45109e-26
2.29612e-26
2.15308e-26
2.02138e-26
1.90051e-26
1.78997e-26
1.68932e-26
1.59817e-26
1.51614e-26
1.44291e-26
1.37819e-26
1.32175e-26
1.27334e-26
1.23247e-26
1.19894e-26
1.17262e-26
1.15339e-26
1.14121e-26
1.13605e-26
1.13791e-26
