16242.6
3.43419e-20
3.43397e-20
3.4331e-20
3.43168e-20
3.42969e-20
3.42714e-20
3.42402e-20
3.42041e-20
3.4163e-20
3.41171e-20
3.40662e-20
3.40103e-20
3.39494e-20
3.38834e-20
3.38125e-20
3.37365e-20
3.36556e-20
3.35698e-20
3.3479e-20
3.33834e-20
3.3283e-20
3.31778e-20
3.30679e-20
3.29533e-20
3.2834e-20
3.27103e-20
3.2582e-20
3.24492e-20
3.23121e-20
3.21706e-20
3.20249e-20
3.18749e-20
3.17209e-20
3.15628e-20
3.14006e-20
3.12346e-20
3.10647e-20
3.08911e-20
3.07137e-20
3.05327e-20
3.03482e-20
3.01602e-20
2.99689e-20
2.97742e-20
2.95763e-20
2.93752e-20
2.91711e-20
2.8964e-20
2.87539e-20
2.85411e-20
2.83255e-20
2.81073e-20
2.78865e-20
2.76633e-20
2.74376e-20
2.72096e-20
2.69794e-20
2.6747e-20
2.65125e-20
2.62761e-20
2.60378e-20
2.57976e-20
2.55557e-20
2.53122e-20
2.50671e-20
2.48205e-20
2.45725e-20
2.43231e-20
2.40725e-20
2.38208e-20
2.35679e-20
2.3314e-20
2.30592e-20
2.28035e-20
2.2547e-20
2.22899e-20
2.2032e-20
2.17736e-20
2.15147e-20
2.12554e-20
2.09957e-20
2.07358e-20
2.04756e-20
2.02152e-20
1.99548e-20
1.96943e-20
1.94339e-20
1.91736e-20
1.89135e-20
1.86535e-20
1.83939e-20
1.81346e-20
1.78757e-20
1.76172e-20
1.73593e-20
1.71019e-20
1.68451e-20
1.6589e-20
1.63335e-20
1.60789e-20
1.5825e-20
1.55721e-20
1.532e-20
1.50688e-20
1.48186e-20
1.45695e-20
1.43214e-20
1.40744e-20
1.38286e-20
1.35839e-20
1.33404e-20
1.30982e-20
1.28573e-20
1.26177e-20
1.23794e-20
1.21424e-20
1.19069e-20
1.16728e-20
1.14402e-20
1.1209e-20
1.09793e-20
1.07511e-20
1.05245e-20
1.02994e-20
1.00759e-20
9.85403e-21
9.63378e-21
9.41523e-21
9.19843e-21
8.98345e-21
8.77032e-21
8.5591e-21
8.34981e-21
8.14249e-21
7.9372e-21
7.73398e-21
7.53288e-21
7.33395e-21
7.13728e-21
6.94296e-21
6.75109e-21
6.56175e-21
6.37502e-21
6.19096e-21
6.00962e-21
5.83105e-21
5.6553e-21
5.48247e-21
5.31267e-21
5.14602e-21
4.98257e-21
4.82241e-21
4.66558e-21
4.51214e-21
4.36211e-21
4.21552e-21
4.07239e-21
3.93272e-21
3.79652e-21
3.66377e-21
3.53446e-21
3.40859e-21
3.28611e-21
3.16701e-21
3.05125e-21
2.93879e-21
2.82959e-21
2.72362e-21
2.62082e-21
2.52114e-21
2.42453e-21
2.33095e-21
2.24033e-21
2.15261e-21
2.06775e-21
1.98568e-21
1.90634e-21
1.82967e-21
1.75561e-21
1.6841e-21
1.61507e-21
1.54847e-21
1.48424e-21
1.4223e-21
1.36261e-21
1.30509e-21
1.2497e-21
1.19636e-21
1.14502e-21
1.09563e-21
1.04812e-21
1.00243e-21
9.58513e-22
9.16311e-22
8.75769e-22
8.36833e-22
7.99452e-22
7.63573e-22
7.29147e-22
6.96124e-22
6.64455e-22
6.34095e-22
6.04997e-22
5.77116e-22
5.50409e-22
5.24832e-22
5.00345e-22
4.76907e-22
4.5448e-22
4.33024e-22
4.12503e-22
3.92882e-22
3.74124e-22
3.56197e-22
3.39068e-22
3.22706e-22
3.07079e-22
2.92157e-22
2.77913e-22
2.64319e-22
2.51347e-22
2.38972e-22
2.2717e-22
2.15915e-22
2.05185e-22
1.94958e-22
1.85211e-22
1.75925e-22
1.67078e-22
1.58653e-22
1.5063e-22
1.42992e-22
1.35722e-22
1.28803e-22
1.22219e-22
1.15956e-22
1.09998e-22
1.04333e-22
9.89458e-23
9.38245e-23
8.89567e-23
8.43305e-23
7.99348e-23
7.57586e-23
7.17917e-23
6.80243e-23
6.44467e-23
6.105e-23
5.78256e-23
5.47651e-23
5.18606e-23
4.91046e-23
4.64899e-23
4.40096e-23
4.16571e-23
3.94261e-23
3.73107e-23
3.53051e-23
3.34039e-23
3.16018e-23
2.9894e-23
2.82757e-23
2.67424e-23
2.52898e-23
2.39138e-23
2.26106e-23
2.13765e-23
2.02078e-23
1.91014e-23
1.80539e-23
1.70624e-23
1.6124e-23
1.52359e-23
1.43955e-23
1.36003e-23
1.2848e-23
1.21364e-23
1.14632e-23
1.08266e-23
1.02245e-23
9.65519e-24
9.11689e-24
8.60796e-24
8.12685e-24
7.67207e-24
7.24224e-24
6.83601e-24
6.45212e-24
6.08937e-24
5.74663e-24
5.42282e-24
5.11693e-24
4.82797e-24
4.55505e-24
4.29728e-24
4.05385e-24
3.82398e-24
3.60692e-24
3.40198e-24
3.20849e-24
3.02583e-24
2.85341e-24
2.69066e-24
2.53705e-24
2.39208e-24
2.25526e-24
2.12616e-24
2.00434e-24
1.8894e-24
1.78095e-24
1.67865e-24
1.58214e-24
1.4911e-24
1.40523e-24
1.32424e-24
1.24785e-24
1.17582e-24
1.10789e-24
1.04383e-24
9.83431e-25
9.26482e-25
8.7279e-25
8.22171e-25
7.74453e-25
7.2947e-25
6.87068e-25
6.47102e-25
6.09433e-25
5.73931e-25
5.40473e-25
5.08943e-25
4.7923e-25
4.51233e-25
4.24851e-25
3.99995e-25
3.76576e-25
3.54513e-25
3.33727e-25
3.14146e-25
2.95701e-25
2.78327e-25
2.61962e-25
2.46548e-25
2.32031e-25
2.18359e-25
2.05484e-25
1.9336e-25
1.81943e-25
1.71194e-25
1.61073e-25
1.51544e-25
1.42573e-25
1.34128e-25
1.26179e-25
1.18695e-25
1.11651e-25
1.05021e-25
9.87805e-26
9.29065e-26
8.73775e-26
8.21732e-26
7.72743e-26
7.26625e-26
6.83206e-26
6.42321e-26
6.03817e-26
5.67545e-26
5.33367e-26
5.01148e-26
4.70764e-26
4.42094e-26
4.15022e-26
3.8944e-26
3.65241e-26
3.42344e-26
3.20889e-26
3.00806e-26
2.82026e-26
2.64488e-26
2.48124e-26
2.32879e-26
2.18696e-26
2.05529e-26
1.93331e-26
1.82057e-26
1.71664e-26
1.62116e-26
1.53378e-26
1.45419e-26
1.38212e-26
1.31732e-26
1.25957e-26
1.2087e-26
1.16454e-26
1.12697e-26
1.09589e-26
1.07122e-26
1.05291e-26
1.04095e-26
1.03532e-26
1.03607e-26
