16242.6
4.00047e-20
4.00029e-20
3.9991e-20
3.99719e-20
3.99453e-20
3.99112e-20
3.98697e-20
3.98207e-20
3.97642e-20
3.97004e-20
3.96293e-20
3.95508e-20
3.94651e-20
3.93721e-20
3.92719e-20
3.91646e-20
3.90503e-20
3.89289e-20
3.88006e-20
3.86654e-20
3.85234e-20
3.83747e-20
3.82194e-20
3.80575e-20
3.78892e-20
3.77145e-20
3.75335e-20
3.73463e-20
3.71531e-20
3.69539e-20
3.67488e-20
3.65379e-20
3.63214e-20
3.60994e-20
3.5872e-20
3.56393e-20
3.54014e-20
3.51584e-20
3.49105e-20
3.46579e-20
3.44005e-20
3.41386e-20
3.38723e-20
3.36018e-20
3.33271e-20
3.30484e-20
3.27658e-20
3.24795e-20
3.21896e-20
3.18963e-20
3.15996e-20
3.12998e-20
3.0997e-20
3.06913e-20
3.03828e-20
3.00718e-20
2.97583e-20
2.94424e-20
2.91244e-20
2.88044e-20
2.84825e-20
2.81588e-20
2.78335e-20
2.75068e-20
2.71787e-20
2.68494e-20
2.6519e-20
2.61877e-20
2.58556e-20
2.55229e-20
2.51896e-20
2.4856e-20
2.45221e-20
2.4188e-20
2.38539e-20
2.35199e-20
2.31861e-20
2.28527e-20
2.25197e-20
2.21874e-20
2.18557e-20
2.15248e-20
2.11948e-20
2.08659e-20
2.05381e-20
2.02115e-20
1.98862e-20
1.95624e-20
1.92401e-20
1.89194e-20
1.86004e-20
1.82833e-20
1.7968e-20
1.76546e-20
1.73433e-20
1.70342e-20
1.67272e-20
1.64225e-20
1.61201e-20
1.58202e-20
1.55227e-20
1.52278e-20
1.49355e-20
1.46458e-20
1.43588e-20
1.40746e-20
1.37932e-20
1.35147e-20
1.32391e-20
1.29664e-20
1.26967e-20
1.243e-20
1.21664e-20
1.19059e-20
1.16485e-20
1.13943e-20
1.11432e-20
1.08953e-20
1.06506e-20
1.04092e-20
1.0171e-20
9.93609e-21
9.70444e-21
9.47608e-21
9.25102e-21
9.02925e-21
8.81079e-21
8.59564e-21
8.38381e-21
8.1753e-21
7.97011e-21
7.76824e-21
7.56969e-21
7.37445e-21
7.18251e-21
6.99387e-21
6.80852e-21
6.62645e-21
6.44766e-21
6.27214e-21
6.09987e-21
5.93087e-21
5.7651e-21
5.60256e-21
5.44324e-21
5.2871e-21
5.13414e-21
4.98434e-21
4.8377e-21
4.69419e-21
4.5538e-21
4.41652e-21
4.28231e-21
4.15117e-21
4.02305e-21
3.89793e-21
3.77579e-21
3.65659e-21
3.5403e-21
3.42689e-21
3.31631e-21
3.20853e-21
3.10352e-21
3.00124e-21
2.90164e-21
2.80469e-21
2.71034e-21
2.61855e-21
2.52929e-21
2.4425e-21
2.35814e-21
2.27618e-21
2.19656e-21
2.11924e-21
2.04417e-21
1.97132e-21
1.90064e-21
1.83208e-21
1.76559e-21
1.70114e-21
1.63868e-21
1.57816e-21
1.51954e-21
1.46278e-21
1.40783e-21
1.35465e-21
1.3032e-21
1.25343e-21
1.20531e-21
1.15878e-21
1.11382e-21
1.07037e-21
1.0284e-21
9.87869e-22
9.48739e-22
9.1097e-22
8.74525e-22
8.39366e-22
8.05456e-22
7.7276e-22
7.41241e-22
7.10866e-22
6.816e-22
6.5341e-22
6.26262e-22
6.00125e-22
5.74967e-22
5.50757e-22
5.27465e-22
5.05062e-22
4.83519e-22
4.62807e-22
4.429e-22
4.2377e-22
4.05392e-22
3.87739e-22
3.70788e-22
3.54514e-22
3.38892e-22
3.23902e-22
3.09519e-22
2.95723e-22
2.82493e-22
2.69807e-22
2.57647e-22
2.45992e-22
2.34825e-22
2.24126e-22
2.1388e-22
2.04067e-22
1.94673e-22
1.8568e-22
1.77074e-22
1.68839e-22
1.60961e-22
1.53426e-22
1.46221e-22
1.39331e-22
1.32746e-22
1.26452e-22
1.20438e-22
1.14692e-22
1.09203e-22
1.03961e-22
9.8956e-23
9.41775e-23
8.96163e-23
8.52633e-23
8.11097e-23
7.7147e-23
7.33671e-23
6.97622e-23
6.63248e-23
6.30476e-23
5.99237e-23
5.69464e-23
5.41093e-23
5.14062e-23
4.88312e-23
4.63786e-23
4.4043e-23
4.18192e-23
3.9702e-23
3.76868e-23
3.5769e-23
3.3944e-23
3.22076e-23
3.05559e-23
2.89848e-23
2.74908e-23
2.60702e-23
2.47196e-23
2.34358e-23
2.22157e-23
2.10561e-23
1.99544e-23
1.89078e-23
1.79136e-23
1.69694e-23
1.60728e-23
1.52215e-23
1.44133e-23
1.36462e-23
1.29181e-23
1.22273e-23
1.15718e-23
1.095e-23
1.03601e-23
9.80077e-24
9.27033e-24
8.76742e-24
8.29065e-24
7.83875e-24
7.41047e-24
7.00463e-24
6.62012e-24
6.25586e-24
5.91083e-24
5.58407e-24
5.27464e-24
4.98168e-24
4.70434e-24
4.44183e-24
4.19339e-24
3.9583e-24
3.73587e-24
3.52544e-24
3.32641e-24
3.13818e-24
2.96019e-24
2.7919e-24
2.6328e-24
2.48243e-24
2.34031e-24
2.20602e-24
2.07914e-24
1.95928e-24
1.84607e-24
1.73915e-24
1.63819e-24
1.54287e-24
1.45288e-24
1.36795e-24
1.2878e-24
1.21216e-24
1.1408e-24
1.07349e-24
1.01e-24
9.50124e-25
8.93665e-25
8.40436e-25
7.9026e-25
7.42968e-25
6.98401e-25
6.56407e-25
6.16845e-25
5.79578e-25
5.44478e-25
5.11425e-25
4.80303e-25
4.51004e-25
4.23426e-25
3.9747e-25
3.73045e-25
3.50065e-25
3.28446e-25
3.08112e-25
2.88988e-25
2.71006e-25
2.541e-25
2.38209e-25
2.23272e-25
2.09236e-25
1.96048e-25
1.83659e-25
1.72022e-25
1.61094e-25
1.50833e-25
1.41199e-25
1.32157e-25
1.23671e-25
1.15709e-25
1.08239e-25
1.01233e-25
9.46633e-26
8.85033e-26
8.2729e-26
7.73175e-26
7.2247e-26
6.74971e-26
6.30486e-26
5.88833e-26
5.49841e-26
5.1335e-26
4.79215e-26
4.47393e-26
4.17756e-26
3.90185e-26
3.64573e-26
3.40817e-26
3.18823e-26
2.98503e-26
2.79777e-26
2.62574e-26
2.46824e-26
2.32466e-26
2.19445e-26
2.0771e-26
1.97218e-26
1.87929e-26
1.79809e-26
1.72831e-26
1.66969e-26
1.62206e-26
1.58526e-26
1.55919e-26
1.54381e-26
1.5391e-26
1.54509e-26
1.56186e-26
1.58954e-26
