16242.6
3.50335e-20
3.50315e-20
3.50225e-20
3.50079e-20
3.49875e-20
3.49614e-20
3.49295e-20
3.48923e-20
3.48499e-20
3.48022e-20
3.47493e-20
3.46911e-20
3.46276e-20
3.45588e-20
3.44848e-20
3.44055e-20
3.4321e-20
3.42314e-20
3.41366e-20
3.40367e-20
3.39318e-20
3.38219e-20
3.3707e-20
3.35873e-20
3.34627e-20
3.33333e-20
3.31992e-20
3.30605e-20
3.29171e-20
3.27693e-20
3.26169e-20
3.24602e-20
3.22992e-20
3.21339e-20
3.19644e-20
3.17909e-20
3.16133e-20
3.14318e-20
3.12464e-20
3.10572e-20
3.08643e-20
3.06679e-20
3.04679e-20
3.02644e-20
3.00576e-20
2.98475e-20
2.96342e-20
2.94178e-20
2.91984e-20
2.8976e-20
2.87509e-20
2.85229e-20
2.82924e-20
2.80592e-20
2.78236e-20
2.75856e-20
2.73453e-20
2.71028e-20
2.68581e-20
2.66115e-20
2.63629e-20
2.61124e-20
2.58602e-20
2.56064e-20
2.53509e-20
2.5094e-20
2.48356e-20
2.45759e-20
2.4315e-20
2.4053e-20
2.37898e-20
2.35258e-20
2.32608e-20
2.2995e-20
2.27284e-20
2.24613e-20
2.21935e-20
2.19253e-20
2.16567e-20
2.13877e-20
2.11185e-20
2.08491e-20
2.05795e-20
2.031e-20
2.00405e-20
1.97711e-20
1.95019e-20
1.92329e-20
1.89642e-20
1.8696e-20
1.84281e-20
1.81608e-20
1.7894e-20
1.76279e-20
1.73625e-20
1.70978e-20
1.68339e-20
1.65709e-20
1.63088e-20
1.60477e-20
1.57875e-20
1.55285e-20
1.52706e-20
1.50138e-20
1.47582e-20
1.45039e-20
1.42509e-20
1.39993e-20
1.3749e-20
1.35001e-20
1.32527e-20
1.30068e-20
1.27624e-20
1.25196e-20
1.22784e-20
1.20388e-20
1.18009e-20
1.15646e-20
1.133e-20
1.10972e-20
1.08662e-20
1.06369e-20
1.04094e-20
1.01838e-20
9.95996e-21
9.73802e-21
9.51799e-21
9.2999e-21
9.08382e-21
8.86978e-21
8.65783e-21
8.448e-21
8.24032e-21
8.03483e-21
7.83157e-21
7.63056e-21
7.43187e-21
7.23552e-21
7.04158e-21
6.85015e-21
6.66128e-21
6.47504e-21
6.29151e-21
6.11073e-21
5.93274e-21
5.75758e-21
5.58527e-21
5.41592e-21
5.24961e-21
5.08643e-21
4.92643e-21
4.76966e-21
4.61618e-21
4.46601e-21
4.31919e-21
4.17571e-21
4.03561e-21
3.89888e-21
3.76551e-21
3.63549e-21
3.50882e-21
3.38546e-21
3.2654e-21
3.1486e-21
3.03504e-21
2.92467e-21
2.81747e-21
2.71337e-21
2.61235e-21
2.51435e-21
2.41933e-21
2.32723e-21
2.238e-21
2.15158e-21
2.06793e-21
1.98699e-21
1.90869e-21
1.83299e-21
1.75982e-21
1.68913e-21
1.62085e-21
1.55494e-21
1.49132e-21
1.42995e-21
1.37075e-21
1.31369e-21
1.25869e-21
1.2057e-21
1.15467e-21
1.10553e-21
1.05824e-21
1.01273e-21
9.68958e-22
9.26868e-22
8.86406e-22
8.47522e-22
8.10166e-22
7.74287e-22
7.39838e-22
7.0677e-22
6.75039e-22
6.44597e-22
6.15402e-22
5.87409e-22
5.60576e-22
5.34862e-22
5.10227e-22
4.86632e-22
4.64038e-22
4.42409e-22
4.21709e-22
4.01903e-22
3.82956e-22
3.64836e-22
3.4751e-22
3.30949e-22
3.15121e-22
2.99999e-22
2.85553e-22
2.71757e-22
2.58583e-22
2.46008e-22
2.34006e-22
2.22554e-22
2.11628e-22
2.01207e-22
1.91269e-22
1.81795e-22
1.72763e-22
1.64156e-22
1.55954e-22
1.4814e-22
1.40698e-22
1.3361e-22
1.26862e-22
1.20437e-22
1.14323e-22
1.08504e-22
1.02968e-22
9.77008e-23
9.26913e-23
8.79274e-23
8.33978e-23
7.90917e-23
7.49986e-23
7.11087e-23
6.74125e-23
6.39009e-23
6.0565e-23
5.73967e-23
5.4388e-23
5.15312e-23
4.88191e-23
4.62446e-23
4.38012e-23
4.14825e-23
3.92824e-23
3.71952e-23
3.52153e-23
3.33374e-23
3.15565e-23
2.98679e-23
2.82669e-23
2.67491e-23
2.53105e-23
2.39471e-23
2.2655e-23
2.14307e-23
2.02708e-23
1.91719e-23
1.81311e-23
1.71453e-23
1.62118e-23
1.53278e-23
1.44909e-23
1.36985e-23
1.29484e-23
1.22385e-23
1.15666e-23
1.09307e-23
1.0329e-23
9.75971e-24
9.22112e-24
8.71163e-24
8.2297e-24
7.77388e-24
7.3428e-24
6.93515e-24
6.54969e-24
6.18523e-24
5.84068e-24
5.51495e-24
5.20706e-24
4.91605e-24
4.641e-24
4.38108e-24
4.13546e-24
3.90337e-24
3.68409e-24
3.47692e-24
3.2812e-24
3.09633e-24
2.9217e-24
2.75677e-24
2.601e-24
2.4539e-24
2.31499e-24
2.18383e-24
2.05998e-24
1.94306e-24
1.83267e-24
1.72847e-24
1.6301e-24
1.53726e-24
1.44963e-24
1.36692e-24
1.28887e-24
1.21522e-24
1.14572e-24
1.08014e-24
1.01826e-24
9.59882e-25
9.04807e-25
8.52851e-25
8.0384e-25
7.5761e-25
7.14006e-25
6.72879e-25
6.34091e-25
5.97512e-25
5.63016e-25
5.30488e-25
4.99816e-25
4.70895e-25
4.43628e-25
4.17921e-25
3.93685e-25
3.70839e-25
3.49302e-25
3.29001e-25
3.09867e-25
2.91832e-25
2.74835e-25
2.58817e-25
2.43722e-25
2.29498e-25
2.16095e-25
2.03467e-25
1.91569e-25
1.80361e-25
1.69802e-25
1.59856e-25
1.50488e-25
1.41664e-25
1.33353e-25
1.25526e-25
1.18156e-25
1.11214e-25
1.04678e-25
9.8523e-26
9.27269e-26
8.72689e-26
8.21291e-26
7.72886e-26
7.27295e-26
6.84351e-26
6.43891e-26
6.05765e-26
5.69826e-26
5.35938e-26
5.0397e-26
4.73795e-26
4.45295e-26
4.18355e-26
3.92884e-26
3.69027e-26
3.46706e-26
3.25844e-26
3.06373e-26
2.88222e-26
2.71327e-26
2.55627e-26
2.4107e-26
2.27606e-26
2.15184e-26
2.0376e-26
1.93292e-26
1.83743e-26
1.75078e-26
1.67269e-26
1.60288e-26
1.54112e-26
1.48722e-26
1.44099e-26
1.40232e-26
1.37107e-26
1.34719e-26
1.33061e-26
1.32131e-26
1.31931e-26
1.32462e-26
