13262.1
0
2.5587e-14
0
0
0
4.09722e-24
5.96876e-24
7.13615e-27
4.53265e-28
4.30583e-29
5.71834e-28
0
7.05961e-28
0
4.60616e-28
0
2.93602e-28
0
1.7555e-28
0
1.02801e-28
0
6.37783e-29
2.03086e-31
2.68077e-29
8.0467e-32
1.30822e-29
4.60915e-32
6.18589e-30
2.74802e-32
2.2389e-30
9.81107e-33
8.48743e-31
3.52339e-33
3.77862e-31
3.81467e-32
2.2323e-31
1.20725e-31
1.74051e-31
1.43955e-31
1.57873e-31
1.48839e-31
1.51562e-31
1.48296e-31
1.48007e-31
1.46208e-31
1.45133e-31
1.4367e-31
1.42383e-31
1.40977e-31
1.39618e-31
1.38204e-31
1.36808e-31
1.35374e-31
1.33951e-31
1.32496e-31
1.3105e-31
1.29576e-31
1.2811e-31
1.2662e-31
1.25137e-31
1.23633e-31
1.22136e-31
1.20621e-31
1.19113e-31
1.17589e-31
1.16072e-31
1.14543e-31
1.13019e-31
1.11486e-31
1.0996e-31
1.08425e-31
1.06898e-31
1.05365e-31
1.03839e-31
1.02309e-31
1.00787e-31
9.92634e-32
9.7748e-32
9.62319e-32
9.47249e-32
9.3219e-32
9.17225e-32
9.02287e-32
8.87448e-32
8.72649e-32
8.57956e-32
8.43314e-32
8.28786e-32
8.14319e-32
7.99971e-32
7.85696e-32
7.71546e-32
7.57478e-32
7.43539e-32
7.29693e-32
7.1598e-32
7.02369e-32
6.88896e-32
6.75532e-32
6.62309e-32
6.49204e-32
6.36243e-32
6.23406e-32
6.10718e-32
5.98158e-32
5.85751e-32
5.73477e-32
5.61358e-32
5.49378e-32
5.37554e-32
5.25873e-32
5.14351e-32
5.02974e-32
4.91758e-32
4.80691e-32
4.69784e-32
4.59029e-32
4.48436e-32
4.37996e-32
4.27718e-32
4.17594e-32
4.07633e-32
3.97827e-32
3.88182e-32
3.78694e-32
3.69366e-32
3.60195e-32
3.51183e-32
3.42327e-32
3.3363e-32
3.25087e-32
3.16702e-32
3.08471e-32
3.00395e-32
2.92471e-32
2.84701e-32
2.7708e-32
2.69612e-32
2.62292e-32
2.5512e-32
2.48095e-32
2.41216e-32
2.3448e-32
2.27888e-32
2.21437e-32
2.15126e-32
2.08952e-32
2.02916e-32
1.97015e-32
1.91248e-32
1.85612e-32
1.80092e-32
1.74724e-32
1.69469e-32
1.64348e-32
1.59342e-32
1.54458e-32
1.49695e-32
1.4505e-32
1.4052e-32
1.36104e-32
1.31796e-32
1.27607e-32
1.23524e-32
1.19548e-32
1.15669e-32
1.11887e-32
1.08229e-32
1.0466e-32
1.01184e-32
9.78035e-33
9.45191e-33
9.13263e-33
8.82227e-33
8.52085e-33
8.22815e-33
7.9421e-33
7.66573e-33
7.39937e-33
7.13888e-33
6.88618e-33
6.6412e-33
6.40366e-33
6.17338e-33
5.95022e-33
5.73398e-33
5.52452e-33
5.32166e-33
5.12524e-33
4.93511e-33
4.75109e-33
4.57303e-33
4.40078e-33
4.23418e-33
4.07309e-33
3.91735e-33
3.76682e-33
3.62136e-33
3.48083e-33
3.34509e-33
3.21401e-33
3.08745e-33
2.96529e-33
2.84741e-33
2.73366e-33
2.62394e-33
2.51813e-33
2.4161e-33
2.31775e-33
2.22296e-33
2.13162e-33
2.04363e-33
1.95889e-33
1.87729e-33
1.79873e-33
1.72311e-33
1.65035e-33
1.58035e-33
1.51301e-33
1.44826e-33
1.38601e-33
1.32616e-33
1.26865e-33
1.21339e-33
1.16031e-33
1.10933e-33
1.06038e-33
1.01339e-33
9.68292e-34
9.25015e-34
8.83497e-34
8.43675e-34
8.05488e-34
7.68877e-34
7.33785e-34
7.00155e-34
6.67933e-34
6.37069e-34
6.0751e-34
5.79208e-34
5.52114e-34
5.26183e-34
5.01371e-34
4.77634e-34
4.54931e-34
4.33221e-34
4.12465e-34
3.92625e-34
3.73666e-34
3.55552e-34
3.38249e-34
3.21723e-34
3.05945e-34
2.90882e-34
2.76507e-34
2.6279e-34
2.49703e-34
2.37221e-34
2.25319e-34
2.13971e-34
2.03155e-34
1.92847e-34
1.83025e-34
1.73669e-34
1.64759e-34
1.56275e-34
1.48199e-34
1.40512e-34
1.33197e-34
1.26238e-34
1.19619e-34
1.13325e-34
1.0734e-34
1.01651e-34
9.62451e-35
9.11082e-35
8.62284e-35
8.15938e-35
7.7193e-35
7.3015e-35
6.90495e-35
6.52863e-35
6.1716e-35
5.83294e-35
5.51177e-35
5.20726e-35
4.91858e-35
4.64499e-35
4.38575e-35
4.14015e-35
3.90754e-35
3.68726e-35
3.47871e-35
3.2813e-35
3.09448e-35
2.91772e-35
2.75051e-35
2.59237e-35
2.44284e-35
2.30147e-35
2.16786e-35
2.0416e-35
1.92231e-35
1.80963e-35
1.70322e-35
1.60275e-35
1.5079e-35
1.41838e-35
1.33391e-35
1.25421e-35
1.17903e-35
1.10812e-35
1.04117e-35
9.77991e-36
9.18552e-36
8.62758e-36
8.10216e-36
7.60622e-36
7.139e-36
6.6994e-36
6.28566e-36
5.89621e-36
5.52967e-36
5.18506e-36
4.86103e-36
4.55611e-36
4.26922e-36
3.99984e-36
3.74711e-36
3.50955e-36
3.28618e-36
3.07643e-36
2.87951e-36
2.69466e-36
2.52116e-36
2.35838e-36
2.20571e-36
2.06255e-36
1.92834e-36
1.80262e-36
1.68494e-36
1.57488e-36
1.47207e-36
1.37623e-36
1.28706e-36
1.2043e-36
1.12756e-36
1.05632e-36
9.8966e-37
9.26174e-37
8.63781e-37
7.99769e-37
7.3111e-37
6.55124e-37
5.70368e-37
4.7736e-37
3.78376e-37
2.84718e-37
2.0139e-36
9.09741e-38
3.71925e-35
5.73863e-36
5.93472e-34
3.77647e-36
2.2178e-35
3.92922e-37
1.5995e-37
1.63257e-37
4.05277e-36
8.48851e-38
7.19938e-38
4.28452e-37
3.69824e-36
8.03327e-38
2.83471e-36
2.11592e-38
3.83474e-39
2.74432e-37
1.15362e-37
8.72621e-38
1.24131e-37
8.25818e-38
9.22104e-38
1.21745e-37
8.80506e-38
5.81721e-38
6.65646e-38
4.82857e-38
5.42537e-38
4.39002e-38
4.42169e-38
3.80756e-38
3.38465e-38
3.05596e-38
2.52434e-38
1.90538e-38
1.32705e-38
6.82623e-39
1.25037e-39
4.60796e-41
