13262.1
6.24452e-20
6.2442e-20
6.24261e-20
6.24002e-20
6.23642e-20
6.23179e-20
6.22615e-20
6.21949e-20
6.21187e-20
6.2033e-20
6.19379e-20
6.18334e-20
6.17194e-20
6.1596e-20
6.14632e-20
6.13211e-20
6.11696e-20
6.10089e-20
6.08389e-20
6.06599e-20
6.04718e-20
6.02748e-20
6.00689e-20
5.98542e-20
5.96309e-20
5.9399e-20
5.91586e-20
5.89099e-20
5.86529e-20
5.83878e-20
5.81147e-20
5.78338e-20
5.75451e-20
5.72488e-20
5.6945e-20
5.66339e-20
5.63155e-20
5.59901e-20
5.56578e-20
5.53188e-20
5.49731e-20
5.46209e-20
5.42625e-20
5.38979e-20
5.35272e-20
5.31508e-20
5.27686e-20
5.2381e-20
5.1988e-20
5.15898e-20
5.11866e-20
5.07785e-20
5.03657e-20
4.99484e-20
4.95268e-20
4.9101e-20
4.86711e-20
4.82374e-20
4.78001e-20
4.73592e-20
4.6915e-20
4.64676e-20
4.60172e-20
4.55639e-20
4.5108e-20
4.46497e-20
4.41889e-20
4.3726e-20
4.32611e-20
4.27944e-20
4.2326e-20
4.1856e-20
4.13847e-20
4.09122e-20
4.04387e-20
3.99642e-20
3.94891e-20
3.90133e-20
3.85371e-20
3.80606e-20
3.7584e-20
3.71074e-20
3.66309e-20
3.61547e-20
3.56789e-20
3.52037e-20
3.47291e-20
3.42554e-20
3.37826e-20
3.33109e-20
3.28404e-20
3.23712e-20
3.19035e-20
3.14372e-20
3.09727e-20
3.05099e-20
3.00489e-20
2.959e-20
2.91331e-20
2.86784e-20
2.8226e-20
2.7776e-20
2.73284e-20
2.68833e-20
2.64409e-20
2.60012e-20
2.55642e-20
2.51302e-20
2.4699e-20
2.42709e-20
2.38459e-20
2.3424e-20
2.30053e-20
2.25898e-20
2.21777e-20
2.17689e-20
2.13636e-20
2.09617e-20
2.05634e-20
2.01686e-20
1.97774e-20
1.93898e-20
1.90059e-20
1.86257e-20
1.82493e-20
1.78766e-20
1.75076e-20
1.71425e-20
1.67813e-20
1.64238e-20
1.60702e-20
1.57205e-20
1.53747e-20
1.50328e-20
1.46948e-20
1.43607e-20
1.40305e-20
1.37042e-20
1.33819e-20
1.30634e-20
1.27489e-20
1.24382e-20
1.21315e-20
1.18286e-20
1.15296e-20
1.12345e-20
1.09432e-20
1.06557e-20
1.03721e-20
1.00922e-20
9.81616e-21
9.54384e-21
9.27526e-21
9.01039e-21
8.74926e-21
8.4919e-21
8.23836e-21
7.98868e-21
7.74289e-21
7.50102e-21
7.26307e-21
7.02906e-21
6.79897e-21
6.57283e-21
6.35064e-21
6.13244e-21
5.91823e-21
5.70805e-21
5.50191e-21
5.2999e-21
5.1021e-21
4.90857e-21
4.71938e-21
4.53457e-21
4.35417e-21
4.17819e-21
4.00665e-21
3.83952e-21
3.67678e-21
3.51846e-21
3.36463e-21
3.21534e-21
3.07064e-21
2.93054e-21
2.79504e-21
2.66412e-21
2.53777e-21
2.41594e-21
2.29858e-21
2.18563e-21
2.07702e-21
1.97268e-21
1.87252e-21
1.77645e-21
1.68439e-21
1.59623e-21
1.51188e-21
1.43122e-21
1.35416e-21
1.28059e-21
1.21039e-21
1.14347e-21
1.07971e-21
1.01899e-21
9.61225e-22
9.06293e-22
8.54091e-22
8.04516e-22
7.57462e-22
7.1283e-22
6.7052e-22
6.30435e-22
5.92479e-22
5.5656e-22
5.22588e-22
4.90476e-22
4.60137e-22
4.3149e-22
4.04455e-22
3.78955e-22
3.54915e-22
3.32262e-22
3.10929e-22
2.90848e-22
2.71955e-22
2.54189e-22
2.3749e-22
2.21802e-22
2.0707e-22
1.93244e-22
1.80273e-22
1.68109e-22
1.56709e-22
1.46028e-22
1.36027e-22
1.26665e-22
1.17905e-22
1.09713e-22
1.02055e-22
9.48986e-23
8.82143e-23
8.19735e-23
7.61489e-23
7.0715e-23
6.56477e-23
6.0924e-23
5.65223e-23
5.24223e-23
4.86047e-23
4.50514e-23
4.17453e-23
3.86704e-23
3.58115e-23
3.31544e-23
3.06856e-23
2.83927e-23
2.62639e-23
2.4288e-23
2.24547e-23
2.07543e-23
1.91776e-23
1.77162e-23
1.63619e-23
1.51074e-23
1.39457e-23
1.28702e-23
1.18748e-23
1.09538e-23
1.01019e-23
9.31421e-24
8.58601e-24
7.91301e-24
7.29121e-24
6.71687e-24
6.18649e-24
5.69685e-24
5.24492e-24
4.82791e-24
4.44322e-24
4.08842e-24
3.76127e-24
3.45969e-24
3.18174e-24
2.92562e-24
2.68968e-24
2.47237e-24
2.27226e-24
2.08803e-24
1.91845e-24
1.76239e-24
1.61879e-24
1.48669e-24
1.36519e-24
1.25346e-24
1.15072e-24
1.05628e-24
9.69472e-25
8.89694e-25
8.16389e-25
7.49042e-25
6.87176e-25
6.30354e-25
5.78171e-25
5.30254e-25
4.8626e-25
4.45872e-25
4.08799e-25
3.74771e-25
3.43543e-25
3.14885e-25
2.8859e-25
2.64463e-25
2.42327e-25
2.22021e-25
2.03394e-25
1.86308e-25
1.70637e-25
1.56264e-25
1.43083e-25
1.30996e-25
1.19913e-25
1.09751e-25
1.00434e-25
9.1893e-26
8.40637e-26
7.68874e-26
7.03104e-26
6.42833e-26
5.87606e-26
5.37007e-26
4.90654e-26
4.48195e-26
4.09308e-26
3.73698e-26
3.41092e-26
3.11242e-26
2.83919e-26
2.58913e-26
2.36031e-26
2.15096e-26
1.95946e-26
1.7843e-26
1.62411e-26
1.47763e-26
1.34369e-26
1.22124e-26
1.10927e-26
1.00688e-26
9.13239e-27
8.27558e-27
7.49126e-27
6.77275e-27
6.11388e-27
5.50889e-27
4.95238e-27
4.43925e-27
3.96468e-27
3.52404e-27
3.11287e-27
2.7269e-27
2.36262e-27
2.02131e-27
1.70134e-27
1.40327e-27
1.12863e-27
8.78772e-28
6.55378e-28
4.60431e-28
2.96299e-28
1.655e-28
7.07949e-29
1.51192e-29
0
0
0
0
0
0
0
0
0
0
0
0
0
0
0
0
0
0
0
0
0
0
0
0
0
0
0
0
0
