       350.00000       9.0550000
       351.00000       8.1000000
       352.00000       11.065000
       353.00000       8.4600000
       354.00000       5.9600000
       355.00000       6.9400000
       356.00000       7.4850000
       357.00000       9.1950000
       358.00000       8.8000000
       359.00000       9.0300000
       360.00000       5.1900000
       361.00000       6.0900000
       362.00000       12.100000
       363.00000       9.9250000
       364.00000       5.7250000
       365.00000       6.2550000
       366.00000       8.6200000
       367.00000       15.025000
       368.00000       5.2250000
       369.00000       10.090000
       370.00000       13.495000
       371.00000       11.960000
       372.00000       7.8050000
       373.00000       8.7900000
       374.00000       17.030000
       375.00000       16.495000
       376.00000       12.485000
       377.00000       12.855000
       378.00000       23.365000
       379.00000       19.995000
       380.00000       21.450000
       381.00000       26.770000
       382.00000       23.120000
       383.00000       26.570000
       384.00000       27.510000
       385.00000       34.065000
       386.00000       31.355000
       387.00000       32.880000
       388.00000       36.955000
       389.00000       34.645000
       390.00000       34.580000
       391.00000       44.380000
       392.00000       47.765000
       393.00000       47.160000
       394.00000       47.820000
       395.00000       55.375000
       396.00000       50.055000
       397.00000       57.935000
       398.00000       62.610000
       399.00000       71.075000
       400.00000       71.445000
       401.00000       80.570000
       402.00000       82.390000
       403.00000       102.96500
       404.00000       112.30000
       405.00000       108.31500
       406.00000       105.51000
       407.00000       120.06500
       408.00000       126.05500
       409.00000       125.04000
       410.00000       127.52000
       411.00000       131.85500
       412.00000       130.54500
       413.00000       142.08000
       414.00000       137.38500
       415.00000       141.68815
       416.00000       146.53815
       417.00000       150.99815
       418.00000       159.38315
       419.00000       167.82315
       420.00000       172.16315
       421.00000       181.90815
       422.00000       195.17815
       423.00000       208.74315
       424.00000       220.88815
       425.00000       239.13815
       426.00000       253.09315
       427.00000       257.60815
       428.00000       269.66815
       429.00000       283.07815
       430.00000       283.24815
       431.00000       302.18815
       432.00000       307.49315
       433.00000       305.64815
       434.00000       308.55649
       435.00000       337.10382
       436.00000       333.49214
       437.00000       331.11418
       438.00000       320.70815
       439.00000       332.79315
       440.00000       335.60315
       441.00000       335.20315
       442.00000       338.76815
       443.00000       352.25315
       444.00000       362.72815
       445.00000       374.66815
       446.00000       389.79815
       447.00000       404.70815
       448.00000       422.90815
       449.00000       431.53815
       450.00000       462.11815
       451.00000       479.49815
       452.00000       506.58315
       453.00000       539.03315
       454.00000       548.07815
       455.00000       569.91815
       456.00000       599.24500
       457.00000       611.60500
       458.00000       621.91000
       459.00000       632.28500
       460.00000       646.91000
       461.00000       658.09000
       462.00000       662.34500
       463.00000       652.54000
       464.00000       664.99000
       465.00000       659.07500
       466.00000       671.40000
       467.00000       667.05000
       468.00000       676.14000
       469.00000       673.05317
       470.00000       696.95317
       471.00000       690.51317
       472.00000       708.55317
       473.00000       723.42817
       474.00000       755.16817
       475.00000       769.35317
       476.00000       802.91817
       477.00000       838.06317
       478.00000       876.51810
       479.00000       896.83736
       480.00000       934.75619
       481.00000       982.16603
       482.00000       1027.7037
       483.00000       1077.4937
       484.00000       1138.9115
       485.00000       1190.8921
       486.00000       1236.7471
       487.00000       1279.6347
       488.00000       1338.2378
       489.00000       1395.8046
       490.00000       1439.7532
       491.00000       1505.5357
       492.00000       1557.9935
       493.00000       1614.1578
       494.00000       1642.1037
       495.00000       1665.2753
       496.00000       1688.3424
       497.00000       1708.9896
       498.00000       1717.1128
       499.00000       1714.7531
       500.00000       1722.2882
       501.00000       1731.8132
       502.00000       1726.8732
       503.00000       1731.6232
       504.00000       1725.5132
       505.00000       1727.9932
       506.00000       1740.9032
       507.00000       1758.5732
       508.00000       1727.1532
       509.00000       1744.8132
       510.00000       1750.6150
       511.00000       1772.8650
       512.00000       1804.8150
       513.00000       1830.1600
       514.00000       1830.6150
       515.00000       1858.4450
       516.00000       1878.7300
       517.00000       1891.7650
       518.00000       1938.0350
       519.00000       1973.6300
       520.00000       2001.1850
       521.00000       2040.5100
       522.00000       2076.0900
       523.00000       2110.2000
       524.00000       2173.9592
       525.00000       2203.6892
       526.00000       2255.2442
       527.00000       2315.7092
       528.00000       2362.7442
       529.00000       2414.3242
       530.00000       2454.6142
       531.00000       2509.1842
       532.00000       2559.2492
       533.00000       2615.9192
       534.00000       2650.2992
       535.00000       2685.3740
       536.00000       2722.2601
       537.00000       2763.0487
       538.00000       2786.9781
       539.00000       2804.2144
       540.00000       2826.7145
       541.00000       2866.7456
       542.00000       2876.3565
       543.00000       2842.4505
       544.00000       2780.3340
       545.00000       2824.0781
       546.00000       2855.9730
       547.00000       2820.0312
       548.00000       2828.7861
       549.00000       2835.7383
       550.00000       2794.6503
       551.00000       2792.1027
       552.00000       2794.3400
       553.00000       2778.9640
       554.00000       2788.1842
       555.00000       2764.8242
       556.00000       2793.6242
       557.00000       2788.6792
       558.00000       2776.1242
       559.00000       2796.9142
       560.00000       2807.9442
       561.00000       2813.0492
       562.00000       2860.0142
       563.00000       2842.0742
       564.00000       2876.9492
       565.00000       2898.5900
       566.00000       2943.1500
       567.00000       2956.6012
       568.00000       2943.0374
       569.00000       2989.2186
       570.00000       3029.5285
       571.00000       3065.9157
       572.00000       3065.5290
       573.00000       3124.3880
       574.00000       3149.9871
       575.00000       3192.9372
       576.00000       3204.0602
       577.00000       3212.3982
       578.00000       3253.1880
       579.00000       3288.8727
       580.00000       3321.7003
       581.00000       3323.9000
       582.00000       3333.2956
       583.00000       3353.7953
       584.00000       3384.1295
       585.00000       3348.8980
       586.00000       3328.9354
       587.00000       3343.2200
       588.00000       3353.4408
       589.00000       3330.2696
       590.00000       3318.6403
       591.00000       3349.8187
       592.00000       3336.3887
       593.00000       3334.3237
       594.00000       3301.5337
       595.00000       3236.6987
       596.00000       3251.6337
       597.00000       3249.7037
       598.00000       3217.2537
       599.00000       3223.6637
       600.00000       3221.4237
       601.00000       3168.9137
       602.00000       3164.8037
       603.00000       3144.3387
       604.00000       3141.4587
       605.00000       3149.3987
       606.00000       3126.6937
       607.00000       3141.3037
       608.00000       3122.0438
       609.00000       3113.0361
       610.00000       3117.2563
       611.00000       3174.0897
       612.00000       3075.4707
       613.00000       3135.0022
       614.00000       3175.8436
       615.00000       3172.3590
       616.00000       3139.6532
       617.00000       3105.5837
       618.00000       3108.0887
       619.00000       3143.1687
       620.00000       3117.4537
       621.00000       3143.5337
       622.00000       3147.0637
       623.00000       3161.3787
       624.00000       3182.0287
       625.00000       3145.9687
       626.00000       3152.9337
       627.00000       3189.0937
       628.00000       3178.1437
       629.00000       3198.0587
       630.00000       3202.3987
       631.00000       3254.5087
       632.00000       3187.6137
       633.00000       3164.4637
       634.00000       3187.5337
       635.00000       3179.0787
       636.00000       3177.7287
       637.00000       3158.1237
       638.00000       3182.9037
       639.00000       3140.0537
       640.00000       3158.5737
       641.00000       3124.3037
       642.00000       3090.6987
       643.00000       3087.4787
       644.00000       3056.7187
       645.00000       3031.2987
       646.00000       3010.2937
       647.00000       2979.4137
       648.00000       2944.1937
       649.00000       2921.7437
       650.00000       2900.1187
       651.00000       2881.9037
       652.00000       2850.6637
       653.00000       2807.4237
       654.00000       2790.4237
       655.00000       2761.5737
       656.00000       2728.1437
       657.00000       2712.1887
       658.00000       2664.0937
       659.00000       2647.6387
       660.00000       2606.1887
       661.00000       2595.8537
       662.00000       2590.3850
       663.00000       2587.6600
       664.00000       2536.0250
       665.00000       2503.1600
       666.00000       2523.1000
       667.00000       2480.9800
       668.00000       2459.1650
       669.00000       2451.1750
       670.00000       2439.2250
       671.00000       2440.4150
       672.00000       2411.0000
       673.00000       2404.8500
       674.00000       2407.0100
       675.00000       2364.3500
       676.00000       2372.2000
       677.00000       2362.6450
       678.00000       2362.1400
       679.00000       2342.3000
       680.00000       2339.7500
       681.00000       2337.2900
       682.00000       2332.0350
       683.00000       2330.6600
       684.00000       2320.9800
       685.00000       2314.7700
       686.00000       2307.0250
       687.00000       2310.8600
       688.00000       2312.4650
       689.00000       2322.5600
       690.00000       2288.6850
       691.00000       2323.0550
       692.00000       2323.3300
       693.00000       2321.4850
       694.00000       2311.9500
       695.00000       2323.7800
       696.00000       2294.0000
       697.00000       2330.1400
       698.00000       2321.5550
       699.00000       2325.9000
       700.00000       2294.3900
       701.00000       2313.1150
       702.00000       2305.7750
       703.00000       2288.4950
       704.00000       2284.8650
       705.00000       2283.1850
       706.00000       2244.3250
       707.00000       2253.9600
       708.00000       2245.4900
       709.00000       2254.7750
       710.00000       2220.5850
       711.00000       2233.9050
       712.00000       2218.9950
       713.00000       2161.5200
       714.00000       2157.6650
       715.00000       2128.9300
       716.00000       2088.7450
       717.00000       2071.3750
       718.00000       2049.2450
       719.00000       2020.0650
       720.00000       1993.9250
       721.00000       1943.7650
       722.00000       1914.4550
       723.00000       1881.2900
       724.00000       1858.2650
       725.00000       1842.9400
       726.00000       1821.9400
       727.00000       1784.7750
       728.00000       1777.3150
       729.00000       1749.6200
       730.00000       1744.9700
       731.00000       1709.3200
       732.00000       1695.5850
       733.00000       1697.3350
       734.00000       1652.2200
       735.00000       1642.5150
       736.00000       1638.1100
       737.00000       1592.6350
       738.00000       1585.4300
       739.00000       1552.4350
       740.00000       1571.2550
       741.00000       1550.1450
       742.00000       1510.8200
       743.00000       1507.5750
       744.00000       1484.7650
       745.00000       1457.9400
       746.00000       1439.1100
       747.00000       1436.4550
       748.00000       1412.9250
       749.00000       1404.4600
       750.00000       1372.1950
       751.00000       1364.8000
       752.00000       1355.0450
       753.00000       1336.8050
       754.00000       1324.9000
       755.00000       1307.8550
       756.00000       1292.6550
       757.00000       1294.1900
       758.00000       1291.7550
       759.00000       1282.8850
       760.00000       1252.0050
       761.00000       1245.6600
       762.00000       1238.5950
       763.00000       1212.3550
       764.00000       1197.4750
       765.00000       1193.7750
       766.00000       1172.9250
       767.00000       1199.1500
       768.00000       1172.6150
       769.00000       1163.7800
       770.00000       1149.0850
       771.00000       1136.6900
       772.00000       1124.0750
       773.00000       1130.7600
       774.00000       1120.7600
       775.00000       1094.0900
       776.00000       1070.3650
       777.00000       1083.9300
       778.00000       1049.5800
       779.00000       1054.0500
       780.00000       1040.0650
       781.00000       1036.3900
       782.00000       1029.6250
       783.00000       1018.1250
       784.00000       1040.9900
       785.00000       1038.1800
       786.00000       1038.9050
       787.00000       1041.3650
       788.00000       1048.0850
       789.00000       1047.5400
       790.00000       1053.1100
       791.00000       1038.5300
       792.00000       1047.3050
       793.00000       1051.0800
       794.00000       1054.5950
       795.00000       1047.8850
       796.00000       1046.4200
       797.00000       1051.0950
       798.00000       1058.7150
       799.00000       1038.9800
       800.00000       1050.9700
       801.00000       1032.7500
       802.00000       1019.8900
       803.00000       1020.7900
       804.00000       1007.5500
       805.00000       1005.1350
       806.00000       995.93000
       807.00000       983.53500
       808.00000       972.28500
       809.00000       960.34000
       810.00000       944.97000
       811.00000       933.51500
       812.00000       925.71500
       813.00000       899.70000
       814.00000       891.10500
       815.00000       890.76000
       816.00000       873.87500
       817.00000       859.59500
       818.00000       843.37500
       819.00000       848.50500
       820.00000       816.70000
       821.00000       805.13500
       822.00000       772.68000
       823.00000       777.80000
       824.00000       749.97500
       825.00000       740.08000
       826.00000       735.22500
       827.00000       722.38500
       828.00000       712.04500
       829.00000       692.16000
       830.00000       679.56500
       831.00000       667.50500
       832.00000       656.64500
       833.00000       635.06000
       834.00000       627.02500
       835.00000       624.59500
       836.00000       606.85000
       837.00000       602.46500
       838.00000       589.14500
       839.00000       576.04500
       840.00000       572.51500
       841.00000       553.55000
       842.00000       548.14500
       843.00000       528.98000
       844.00000       520.96000
       845.00000       522.71500
       846.00000       501.59000
       847.00000       489.59500
       848.00000       482.72500
       849.00000       486.59500
       850.00000       474.53000
       851.00000       466.88500
       852.00000       458.52500
       853.00000       451.61000
       854.00000       440.18000
       855.00000       439.73000
       856.00000       420.48500
       857.00000       416.79500
       858.00000       413.29000
       859.00000       407.80500
       860.00000       403.81500
       861.00000       395.43000
       862.00000       389.89000
       863.00000       387.88000
       864.00000       373.00000
       865.00000       368.80000
       866.00000       361.77000
       867.00000       364.82000
       868.00000       349.99000
       869.00000       340.79500
       870.00000       334.63000
       871.00000       328.85000
       872.00000       323.13000
       873.00000       321.66000
       874.00000       309.80000
       875.00000       312.25000
       876.00000       304.91000
       877.00000       303.24000
       878.00000       288.66500
       879.00000       287.34000
       880.00000       283.01000
       881.00000       280.42000
       882.00000       274.52500
       883.00000       271.85500
       884.00000       271.01500
       885.00000       263.85500
       886.00000       260.34500
       887.00000       255.05500
       888.00000       253.91500
       889.00000       251.82500
       890.00000       244.59500
       891.00000       245.22500
       892.00000       236.27000
       893.00000       241.14000
       894.00000       239.99000
       895.00000       234.30500
       896.00000       241.62500
       897.00000       234.85500
       898.00000       229.72500
       899.00000       235.65000
       900.00000       232.59500
       901.00000       234.89000
       902.00000       226.67000
       903.00000       227.10500
       904.00000       235.81000
       905.00000       233.53500
       906.00000       233.93500
       907.00000       235.28000
       908.00000       224.67500
       909.00000       222.84000
       910.00000       231.36500
       911.00000       228.77500
       912.00000       222.35000
       913.00000       220.99000
       914.00000       219.91000
       915.00000       221.45500
       916.00000       214.19500
       917.00000       210.30500
       918.00000       213.55500
       919.00000       211.87500
       920.00000       203.17000
       921.00000       199.60500
       922.00000       199.32500
       923.00000       192.79500
       924.00000       190.93000
       925.00000       182.78500
       926.00000       181.98000
       927.00000       173.82500
       928.00000       166.29500
       929.00000       162.98500
       930.00000       160.31500
       931.00000       156.09500
       932.00000       150.11500
       933.00000       141.81000
       934.00000       143.39500
       935.00000       133.36000
       936.00000       119.18000
       937.00000       116.85500
       938.00000       103.63500
       939.00000       91.055000
       940.00000       85.030000
       941.00000       75.095000
       942.00000       73.445000
       943.00000       64.115000
       944.00000       58.165000
       945.00000       61.460000
       946.00000       53.485000
       947.00000       58.940000
       948.00000       57.575000
       949.00000       50.910000
       950.00000       49.705000
       951.00000       55.445000
       952.00000       51.485000
       953.00000       53.665000
       954.00000       50.980000
       955.00000       55.420000
       956.00000       56.845000
       957.00000       50.915000
       958.00000       54.160000
       959.00000       52.995000
       960.00000       52.580000
       961.00000       50.425000
       962.00000       55.350000
       963.00000       53.895000
       964.00000       52.050000
       965.00000       50.870000
       966.00000       52.315000
       967.00000       47.785000
       968.00000       49.500000
       969.00000       47.850000
       970.00000       41.995000
       971.00000       42.185000
       972.00000       51.190000
       973.00000       36.075000
       974.00000       39.140000
       975.00000       37.125000
       976.00000       41.580000
       977.00000       39.585000
       978.00000       43.390000
       979.00000       37.600000
       980.00000       31.255000
       981.00000       33.095000
       982.00000       30.190000
       983.00000       35.305000
       984.00000       33.090000
       985.00000       25.665000
       986.00000       28.240000
       987.00000       30.530000
       988.00000       26.320000
       989.00000       24.530000
       990.00000       28.165000
       991.00000       24.580000
       992.00000       24.815000
       993.00000       17.525000
       994.00000       22.325000
       995.00000       21.720000
       996.00000       18.630000
       997.00000       22.980000
       998.00000       11.355000
       999.00000       23.140000
       1000.0000       13.950000