20
1e+18
1e+19
49.9993
20.001
26524.1
1.46383e-20
1.46091e-20
1.45229e-20
1.44308e-20
1.43356e-20
1.42381e-20
1.41387e-20
1.40376e-20
1.39349e-20
1.38308e-20
1.37255e-20
1.36191e-20
1.35116e-20
1.3403e-20
1.32932e-20
1.31824e-20
1.30704e-20
1.29574e-20
1.28433e-20
1.27283e-20
1.26123e-20
1.24954e-20
1.23776e-20
1.22589e-20
1.21395e-20
1.20193e-20
1.18983e-20
1.17767e-20
1.16545e-20
1.15316e-20
1.14082e-20
1.12843e-20
1.11599e-20
1.10351e-20
1.09099e-20
1.07843e-20
1.06585e-20
1.05323e-20
1.0406e-20
1.02795e-20
1.01528e-20
1.0026e-20
9.89915e-21
9.77227e-21
9.6454e-21
9.51858e-21
9.39184e-21
9.26522e-21
9.13875e-21
9.01248e-21
8.88643e-21
8.76064e-21
8.63514e-21
8.50996e-21
8.38514e-21
8.26071e-21
8.1367e-21
8.01313e-21
7.89004e-21
7.76745e-21
7.6454e-21
7.52391e-21
7.403e-21
7.2827e-21
7.16303e-21
7.04402e-21
6.9257e-21
6.80808e-21
6.69118e-21
6.57502e-21
6.45964e-21
6.34503e-21
6.23123e-21
6.11824e-21
6.0061e-21
5.8948e-21
5.78437e-21
5.67483e-21
5.56618e-21
5.45846e-21
5.35167e-21
5.24584e-21
5.14098e-21
5.03712e-21
4.93426e-21
4.83243e-21
4.73166e-21
4.63197e-21
4.53339e-21
4.43594e-21
4.33963e-21
4.2445e-21
4.15058e-21
4.0579e-21
3.96649e-21
3.87636e-21
3.78753e-21
3.70002e-21
3.61384e-21
3.529e-21
3.44551e-21
3.36339e-21
3.28262e-21
3.20322e-21
3.12519e-21
3.04853e-21
2.97324e-21
2.89932e-21
2.82676e-21
2.75555e-21
2.6857e-21
2.6172e-21
2.55004e-21
2.48421e-21
2.4197e-21
2.3565e-21
2.29461e-21
2.234e-21
2.17467e-21
2.11661e-21
2.0598e-21
2.00422e-21
1.94988e-21
1.89674e-21
1.84479e-21
1.79403e-21
1.74442e-21
1.69597e-21
1.64864e-21
1.60243e-21
1.55732e-21
1.51329e-21
1.47032e-21
1.4284e-21
1.3875e-21
1.34762e-21
1.30873e-21
1.27081e-21
1.23386e-21
1.19784e-21
1.16275e-21
1.12856e-21
1.09526e-21
1.06283e-21
1.03126e-21
1.00052e-21
9.70593e-22
9.41471e-22
9.13134e-22
8.85563e-22
8.58744e-22
8.32659e-22
8.07291e-22
7.82626e-22
7.58646e-22
7.35336e-22
7.12681e-22
6.90665e-22
6.69273e-22
6.48489e-22
6.28301e-22
6.08692e-22
5.89648e-22
5.71157e-22
5.53203e-22
5.35773e-22
5.18854e-22
5.02434e-22
4.86498e-22
4.71035e-22
4.56032e-22
4.41477e-22
4.27358e-22
4.13663e-22
4.00382e-22
3.87503e-22
3.75015e-22
3.62907e-22
3.51169e-22
3.3979e-22
3.28762e-22
3.18073e-22
3.07715e-22
2.97678e-22
2.87952e-22
2.7853e-22
2.69402e-22
2.6056e-22
2.51996e-22
2.43701e-22
2.35668e-22
2.27889e-22
2.20357e-22
2.13064e-22
2.06003e-22
1.99167e-22
1.9255e-22
1.86145e-22
1.79946e-22
1.73946e-22
1.6814e-22
1.62521e-22
1.57084e-22
1.51823e-22
1.46733e-22
1.41808e-22
1.37044e-22
1.32436e-22
1.27978e-22
1.23666e-22
1.19496e-22
1.15462e-22
1.11562e-22
1.0779e-22
1.04142e-22
1.00615e-22
9.72043e-23
9.39069e-23
9.07189e-23
8.76368e-23
8.46572e-23
8.17768e-23
7.89926e-23
7.63012e-23
7.36998e-23
7.11855e-23
6.87554e-23
6.64068e-23
6.41371e-23
6.19437e-23
5.9824e-23
5.77757e-23
5.57965e-23
5.38841e-23
5.20362e-23
5.02509e-23
4.85259e-23
4.68593e-23
4.52493e-23
4.36938e-23
4.21912e-23
4.07396e-23
3.93373e-23
3.79828e-23
3.66744e-23
3.54106e-23
3.41899e-23
3.30109e-23
3.18721e-23
3.07722e-23
2.971e-23
2.86841e-23
2.76933e-23
2.67364e-23
2.58124e-23
2.492e-23
2.40582e-23
2.32261e-23
2.24225e-23
2.16465e-23
2.08973e-23
2.01738e-23
1.94752e-23
1.88006e-23
1.81493e-23
1.75204e-23
1.69132e-23
1.6327e-23
1.5761e-23
1.52145e-23
1.46869e-23
1.41775e-23
1.36857e-23
1.32109e-23
1.27526e-23
1.231e-23
1.18828e-23
1.14704e-23
1.10723e-23
1.06879e-23
1.03169e-23
9.95868e-24
9.61291e-24
9.27912e-24
8.9569e-24
8.64586e-24
8.3456e-24
8.05577e-24
7.77599e-24
7.50592e-24
7.24522e-24
6.99358e-24
6.75067e-24
6.51621e-24
6.28988e-24
6.07142e-24
5.86055e-24
5.657e-24
5.46053e-24
5.27089e-24
5.08784e-24
4.91115e-24
4.74061e-24
4.57599e-24
4.4171e-24
4.26374e-24
4.11571e-24
3.97283e-24
3.83491e-24
3.7018e-24
3.57331e-24
3.4493e-24
3.3296e-24
3.21406e-24
3.10254e-24
2.99491e-24
2.89101e-24
2.79074e-24
2.69395e-24
2.60052e-24
2.51035e-24
2.42332e-24
2.33931e-24
2.25823e-24
2.17996e-24
2.10442e-24
2.03151e-24
1.96113e-24
1.8932e-24
1.82763e-24
1.76435e-24
1.70326e-24
1.6443e-24
1.58739e-24
1.53246e-24
1.47943e-24
1.42826e-24
1.37886e-24
1.33117e-24
1.28515e-24
1.24072e-24
1.19784e-24
1.15645e-24
1.11649e-24
1.07793e-24
1.0407e-24
1.00477e-24
9.7008e-25
9.36598e-25
9.0428e-25
8.73083e-25
8.42969e-25
8.139e-25
7.8584e-25
7.58754e-25
7.32607e-25
7.07368e-25
6.83004e-25
6.59485e-25
6.36781e-25
6.14864e-25
5.93708e-25
5.73284e-25
5.53568e-25
5.34536e-25
5.16163e-25
4.98426e-25
4.81303e-25
4.64774e-25
4.48817e-25
4.33412e-25
4.1854e-25
4.04183e-25
3.90323e-25
3.76943e-25
3.64025e-25
3.51554e-25
3.39514e-25
3.27891e-25
3.16669e-25
3.05835e-25
2.95376e-25
2.85278e-25
2.75529e-25
2.66116e-25
2.57029e-25
2.48256e-25
2.39785e-25
2.31607e-25
2.23712e-25
2.16088e-25
2.08728e-25
2.01622e-25
1.94761e-25
1.88137e-25
1.81742e-25
1.75567e-25
1.69605e-25
1.63848e-25
1.5829e-25
1.52924e-25
1.47743e-25
1.42741e-25
1.37911e-25
1.33247e-25
1.28745e-25
1.24398e-25
1.20201e-25
1.16148e-25
1.12236e-25
1.08458e-25
1.04811e-25
1.01289e-25
9.78896e-26
9.46072e-26
9.14383e-26
8.83789e-26
8.54252e-26
8.25737e-26
7.98209e-26
7.71634e-26
7.4598e-26
7.21215e-26
6.9731e-26
6.74234e-26
6.5196e-26
6.30461e-26
6.09711e-26
5.89684e-26
5.70356e-26
5.51704e-26
5.33704e-26
5.16335e-26
4.99577e-26
4.83408e-26
4.67809e-26
4.52761e-26
4.38247e-26
4.24247e-26
4.10746e-26
3.97727e-26
3.85175e-26
3.73074e-26
3.61409e-26
3.50168e-26
3.39335e-26
3.28898e-26
3.18845e-26
3.09163e-26
2.99841e-26
2.90868e-26
2.82232e-26
2.73924e-26
2.65933e-26
2.5825e-26
2.50866e-26
2.43772e-26
2.3696e-26
2.3042e-26
2.24147e-26
2.18131e-26
2.12366e-26
2.06845e-26
2.01562e-26
1.96509e-26
1.91682e-26
1.87075e-26
1.82681e-26
1.78496e-26
1.74515e-26
1.70733e-26
1.67146e-26
1.63749e-26
1.60539e-26
1.57511e-26
1.54662e-26
1.5199e-26
1.49489e-26
1.47159e-26
1.44995e-26
1.42997e-26
1.4116e-26
1.39483e-26
1.37964e-26
1.36602e-26
1.35394e-26
1.3434e-26
1.33438e-26
1.32687e-26
1.32087e-26
1.31636e-26
1.31334e-26
1.31181e-26
1.31178e-26
1.3133e-26
1.31639e-26
1.32109e-26
1.32739e-26
1.33529e-26
1.34479e-26
1.3559e-26
