20
1e+17
5e+17
50
20.0009
26524.1
1.34564e-20
1.3438e-20
1.33828e-20
1.33228e-20
1.32597e-20
1.31941e-20
1.31262e-20
1.3056e-20
1.29838e-20
1.29096e-20
1.28336e-20
1.27558e-20
1.26762e-20
1.25948e-20
1.25117e-20
1.2427e-20
1.23405e-20
1.22524e-20
1.21626e-20
1.20713e-20
1.19785e-20
1.18842e-20
1.17885e-20
1.16913e-20
1.15928e-20
1.1493e-20
1.1392e-20
1.12897e-20
1.11863e-20
1.10818e-20
1.09762e-20
1.08695e-20
1.07619e-20
1.06534e-20
1.0544e-20
1.04338e-20
1.03228e-20
1.02111e-20
1.00987e-20
9.98565e-21
9.87203e-21
9.75788e-21
9.64323e-21
9.52814e-21
9.41266e-21
9.29682e-21
9.18068e-21
9.06428e-21
8.94767e-21
8.83088e-21
8.71397e-21
8.59698e-21
8.47994e-21
8.36291e-21
8.24592e-21
8.12901e-21
8.01222e-21
7.89559e-21
7.77916e-21
7.66297e-21
7.54705e-21
7.43145e-21
7.31618e-21
7.2013e-21
7.08683e-21
6.9728e-21
6.85926e-21
6.74621e-21
6.63371e-21
6.52178e-21
6.41044e-21
6.29972e-21
6.18965e-21
6.08026e-21
5.97157e-21
5.8636e-21
5.75638e-21
5.64993e-21
5.54427e-21
5.43944e-21
5.33544e-21
5.23231e-21
5.13006e-21
5.02872e-21
4.92831e-21
4.82885e-21
4.73038e-21
4.63291e-21
4.53647e-21
4.44108e-21
4.34676e-21
4.25354e-21
4.16145e-21
4.07052e-21
3.98076e-21
3.8922e-21
3.80486e-21
3.71874e-21
3.63387e-21
3.55025e-21
3.46789e-21
3.38681e-21
3.307e-21
3.22848e-21
3.15125e-21
3.07532e-21
3.00067e-21
2.92732e-21
2.85525e-21
2.78448e-21
2.715e-21
2.6468e-21
2.57987e-21
2.51422e-21
2.44984e-21
2.38671e-21
2.32484e-21
2.2642e-21
2.2048e-21
2.14661e-21
2.08964e-21
2.03387e-21
1.97929e-21
1.92588e-21
1.87363e-21
1.82254e-21
1.77258e-21
1.72374e-21
1.67601e-21
1.62937e-21
1.58381e-21
1.53931e-21
1.49586e-21
1.45344e-21
1.41203e-21
1.37163e-21
1.33221e-21
1.29376e-21
1.25626e-21
1.21969e-21
1.18405e-21
1.1493e-21
1.11544e-21
1.08246e-21
1.05032e-21
1.01902e-21
9.88543e-22
9.58869e-22
9.29983e-22
9.01868e-22
8.74509e-22
8.47891e-22
8.21996e-22
7.96811e-22
7.72318e-22
7.48503e-22
7.25351e-22
7.02847e-22
6.80975e-22
6.59722e-22
6.39073e-22
6.19013e-22
5.99529e-22
5.80606e-22
5.62231e-22
5.44391e-22
5.27072e-22
5.10262e-22
4.93947e-22
4.78115e-22
4.62753e-22
4.4785e-22
4.33393e-22
4.19371e-22
4.05773e-22
3.92587e-22
3.79801e-22
3.67406e-22
3.55391e-22
3.43745e-22
3.32458e-22
3.21521e-22
3.10923e-22
3.00655e-22
2.90708e-22
2.81072e-22
2.7174e-22
2.62701e-22
2.53949e-22
2.45474e-22
2.37268e-22
2.29324e-22
2.21633e-22
2.1419e-22
2.06985e-22
2.00012e-22
1.93265e-22
1.86736e-22
1.80418e-22
1.74306e-22
1.68394e-22
1.62674e-22
1.57141e-22
1.5179e-22
1.46615e-22
1.41611e-22
1.36771e-22
1.32092e-22
1.27567e-22
1.23193e-22
1.18964e-22
1.14876e-22
1.10924e-22
1.07105e-22
1.03413e-22
9.98451e-23
9.63971e-23
9.3065e-23
8.98453e-23
8.67342e-23
8.37283e-23
8.08241e-23
7.80183e-23
7.53077e-23
7.26893e-23
7.016e-23
6.77169e-23
6.53571e-23
6.30779e-23
6.08767e-23
5.87508e-23
5.66978e-23
5.47153e-23
5.28009e-23
5.09524e-23
4.91674e-23
4.74441e-23
4.57801e-23
4.41737e-23
4.26227e-23
4.11255e-23
3.968e-23
3.82847e-23
3.69378e-23
3.56377e-23
3.43827e-23
3.31714e-23
3.20023e-23
3.08739e-23
2.97848e-23
2.87337e-23
2.77193e-23
2.67404e-23
2.57956e-23
2.4884e-23
2.40042e-23
2.31553e-23
2.23361e-23
2.15456e-23
2.07829e-23
2.00469e-23
1.93369e-23
1.86517e-23
1.79907e-23
1.73529e-23
1.67376e-23
1.61439e-23
1.55712e-23
1.50186e-23
1.44856e-23
1.39713e-23
1.34752e-23
1.29966e-23
1.2535e-23
1.20896e-23
1.166e-23
1.12456e-23
1.08458e-23
1.04602e-23
1.00882e-23
9.72943e-24
9.38335e-24
9.04953e-24
8.72754e-24
8.41697e-24
8.11741e-24
7.82848e-24
7.5498e-24
7.28101e-24
7.02176e-24
6.77172e-24
6.53055e-24
6.29795e-24
6.07362e-24
5.85726e-24
5.64859e-24
5.44733e-24
5.25324e-24
5.06604e-24
4.8855e-24
4.71139e-24
4.54346e-24
4.38152e-24
4.22533e-24
4.07471e-24
3.92945e-24
3.78936e-24
3.65425e-24
3.52396e-24
3.39831e-24
3.27713e-24
3.16027e-24
3.04757e-24
2.93889e-24
2.83408e-24
2.733e-24
2.63553e-24
2.54153e-24
2.45087e-24
2.36345e-24
2.27915e-24
2.19785e-24
2.11945e-24
2.04384e-24
1.97093e-24
1.90062e-24
1.83281e-24
1.76743e-24
1.70437e-24
1.64356e-24
1.58492e-24
1.52837e-24
1.47384e-24
1.42126e-24
1.37054e-24
1.32164e-24
1.27448e-24
1.229e-24
1.18515e-24
1.14286e-24
1.10207e-24
1.06274e-24
1.02482e-24
9.88244e-25
9.52975e-25
9.18964e-25
8.86166e-25
8.54538e-25
8.24038e-25
7.94626e-25
7.66263e-25
7.38912e-25
7.12536e-25
6.87101e-25
6.62573e-25
6.38921e-25
6.16112e-25
5.94116e-25
5.72905e-25
5.52451e-25
5.32727e-25
5.13706e-25
4.95364e-25
4.77676e-25
4.60619e-25
4.4417e-25
4.28309e-25
4.13013e-25
3.98263e-25
3.84039e-25
3.70323e-25
3.57096e-25
3.44342e-25
3.32042e-25
3.20181e-25
3.08744e-25
2.97715e-25
2.8708e-25
2.76824e-25
2.66934e-25
2.57397e-25
2.48201e-25
2.39333e-25
2.30782e-25
2.22536e-25
2.14585e-25
2.06918e-25
1.99524e-25
1.92395e-25
1.85521e-25
1.78892e-25
1.725e-25
1.66336e-25
1.60393e-25
1.54663e-25
1.49137e-25
1.43809e-25
1.38672e-25
1.33719e-25
1.28943e-25
1.24337e-25
1.19897e-25
1.15616e-25
1.11488e-25
1.07509e-25
1.03672e-25
9.99723e-26
9.64056e-26
9.2967e-26
8.96519e-26
8.64559e-26
8.33748e-26
8.04046e-26
7.75412e-26
7.47809e-26
7.21201e-26
6.95553e-26
6.70829e-26
6.46999e-26
6.2403e-26
6.01891e-26
5.80555e-26
5.59991e-26
5.40173e-26
5.21076e-26
5.02673e-26
4.84939e-26
4.67853e-26
4.51391e-26
4.3553e-26
4.20251e-26
4.05532e-26
3.91355e-26
3.77701e-26
3.6455e-26
3.51887e-26
3.39694e-26
3.27954e-26
3.16653e-26
3.05775e-26
2.95306e-26
2.85232e-26
2.75539e-26
2.66214e-26
2.57246e-26
2.48622e-26
2.40331e-26
2.32361e-26
2.24702e-26
2.17344e-26
2.10277e-26
2.03491e-26
1.96978e-26
1.90729e-26
1.84734e-26
1.78988e-26
1.73481e-26
1.68206e-26
1.63156e-26
1.58325e-26
1.53706e-26
1.49293e-26
1.45079e-26
1.41059e-26
1.37229e-26
1.33581e-26
1.30113e-26
1.26818e-26
1.23693e-26
1.20733e-26
1.17935e-26
1.15293e-26
1.12806e-26
1.10469e-26
1.0828e-26
1.06234e-26
1.04331e-26
1.02566e-26
1.00937e-26
9.94424e-27
9.80799e-27
9.68476e-27
9.57436e-27
9.47664e-27
9.39146e-27
9.31869e-27
9.25823e-27
9.20998e-27
9.17386e-27
9.14982e-27
9.1378e-27
9.13778e-27
9.14974e-27
9.17372e-27
9.21016e-27
9.25923e-27
9.32114e-27
9.39591e-27
9.48356e-27
9.58413e-27
9.69767e-27
