20
5e+17
1e+19
49.9996
20.0006
26524.1
1.55196e-20
1.54805e-20
1.5366e-20
1.52448e-20
1.51206e-20
1.49946e-20
1.48672e-20
1.47387e-20
1.46094e-20
1.44794e-20
1.43489e-20
1.4218e-20
1.40869e-20
1.39553e-20
1.38233e-20
1.36909e-20
1.35581e-20
1.34248e-20
1.32911e-20
1.31571e-20
1.30227e-20
1.28879e-20
1.27529e-20
1.26176e-20
1.2482e-20
1.23462e-20
1.22102e-20
1.20741e-20
1.19379e-20
1.18015e-20
1.16651e-20
1.15287e-20
1.13922e-20
1.12558e-20
1.11194e-20
1.09831e-20
1.0847e-20
1.0711e-20
1.05751e-20
1.04395e-20
1.03041e-20
1.0169e-20
1.00342e-20
9.89963e-21
9.76546e-21
9.63167e-21
9.49827e-21
9.3653e-21
9.23278e-21
9.10074e-21
8.96921e-21
8.83819e-21
8.70773e-21
8.57783e-21
8.44854e-21
8.31985e-21
8.19181e-21
8.06442e-21
7.93771e-21
7.81169e-21
7.68639e-21
7.56183e-21
7.43801e-21
7.31496e-21
7.1927e-21
7.07124e-21
6.95059e-21
6.83077e-21
6.71179e-21
6.59367e-21
6.47642e-21
6.36005e-21
6.24457e-21
6.12999e-21
6.01632e-21
5.90358e-21
5.79176e-21
5.68089e-21
5.57097e-21
5.46202e-21
5.35405e-21
5.24709e-21
5.14113e-21
5.03619e-21
4.9323e-21
4.82947e-21
4.72772e-21
4.62709e-21
4.5276e-21
4.42926e-21
4.33209e-21
4.23614e-21
4.14144e-21
4.04802e-21
3.9559e-21
3.86511e-21
3.77566e-21
3.68757e-21
3.60085e-21
3.51552e-21
3.43159e-21
3.34905e-21
3.26792e-21
3.18819e-21
3.10987e-21
3.03296e-21
2.95746e-21
2.88335e-21
2.81065e-21
2.73933e-21
2.6694e-21
2.60085e-21
2.53367e-21
2.46785e-21
2.40337e-21
2.34023e-21
2.27842e-21
2.21792e-21
2.15871e-21
2.10079e-21
2.04415e-21
1.98875e-21
1.9346e-21
1.88167e-21
1.82995e-21
1.77942e-21
1.73006e-21
1.68186e-21
1.6348e-21
1.58887e-21
1.54403e-21
1.50029e-21
1.45761e-21
1.41599e-21
1.37539e-21
1.33581e-21
1.29723e-21
1.25962e-21
1.22297e-21
1.18726e-21
1.15248e-21
1.1186e-21
1.08561e-21
1.05348e-21
1.02221e-21
9.91764e-22
9.62138e-22
9.33309e-22
9.05261e-22
8.77977e-22
8.51439e-22
8.2563e-22
8.00535e-22
7.76137e-22
7.52419e-22
7.29366e-22
7.06963e-22
6.85193e-22
6.64041e-22
6.43493e-22
6.23533e-22
6.04148e-22
5.85322e-22
5.67042e-22
5.49294e-22
5.32064e-22
5.1534e-22
4.99107e-22
4.83354e-22
4.68068e-22
4.53236e-22
4.38847e-22
4.24888e-22
4.11348e-22
3.98216e-22
3.8548e-22
3.73131e-22
3.61156e-22
3.49547e-22
3.38292e-22
3.27382e-22
3.16807e-22
3.06557e-22
2.96625e-22
2.87e-22
2.77673e-22
2.68637e-22
2.59882e-22
2.51401e-22
2.43186e-22
2.35229e-22
2.27522e-22
2.20058e-22
2.1283e-22
2.05831e-22
1.99054e-22
1.92493e-22
1.8614e-22
1.79991e-22
1.74037e-22
1.68275e-22
1.62698e-22
1.57299e-22
1.52075e-22
1.47019e-22
1.42126e-22
1.37392e-22
1.32811e-22
1.28379e-22
1.24091e-22
1.19943e-22
1.1593e-22
1.12048e-22
1.08293e-22
1.0466e-22
1.01147e-22
9.77494e-23
9.44632e-23
9.12853e-23
8.8212e-23
8.52401e-23
8.23664e-23
7.95878e-23
7.69011e-23
7.43034e-23
7.17919e-23
6.93639e-23
6.70166e-23
6.47473e-23
6.25537e-23
6.04333e-23
5.83836e-23
5.64024e-23
5.44874e-23
5.26365e-23
5.08476e-23
4.91187e-23
4.74478e-23
4.58331e-23
4.42725e-23
4.27645e-23
4.13072e-23
3.98991e-23
3.85383e-23
3.72235e-23
3.59531e-23
3.47256e-23
3.35396e-23
3.23936e-23
3.12865e-23
3.02169e-23
2.91835e-23
2.81851e-23
2.72207e-23
2.62889e-23
2.53888e-23
2.45193e-23
2.36793e-23
2.28679e-23
2.20842e-23
2.13271e-23
2.05958e-23
1.98894e-23
1.92071e-23
1.85481e-23
1.79116e-23
1.72968e-23
1.67029e-23
1.61294e-23
1.55755e-23
1.50405e-23
1.45238e-23
1.40248e-23
1.35429e-23
1.30775e-23
1.2628e-23
1.21939e-23
1.17747e-23
1.13699e-23
1.09789e-23
1.06013e-23
1.02367e-23
9.88464e-24
9.54463e-24
9.2163e-24
8.89924e-24
8.59307e-24
8.29742e-24
8.01192e-24
7.73624e-24
7.47004e-24
7.21298e-24
6.96477e-24
6.72509e-24
6.49366e-24
6.27018e-24
6.0544e-24
5.84604e-24
5.64486e-24
5.4506e-24
5.26302e-24
5.08191e-24
4.90703e-24
4.73817e-24
4.57513e-24
4.4177e-24
4.2657e-24
4.11893e-24
3.97722e-24
3.84039e-24
3.70827e-24
3.58071e-24
3.45754e-24
3.33862e-24
3.2238e-24
3.11293e-24
3.00589e-24
2.90253e-24
2.80273e-24
2.70638e-24
2.61335e-24
2.52352e-24
2.43679e-24
2.35304e-24
2.27219e-24
2.19412e-24
2.11874e-24
2.04596e-24
1.97569e-24
1.90784e-24
1.84233e-24
1.77907e-24
1.718e-24
1.65903e-24
1.60209e-24
1.54712e-24
1.49403e-24
1.44278e-24
1.39329e-24
1.34551e-24
1.29937e-24
1.25482e-24
1.21181e-24
1.17028e-24
1.13017e-24
1.09145e-24
1.05406e-24
1.01796e-24
9.83105e-25
9.49446e-25
9.16945e-25
8.85563e-25
8.55261e-25
8.26002e-25
7.97749e-25
7.70468e-25
7.44125e-25
7.18688e-25
6.94126e-25
6.70408e-25
6.47506e-25
6.25391e-25
6.04036e-25
5.83415e-25
5.63503e-25
5.44275e-25
5.25707e-25
5.07777e-25
4.90463e-25
4.73744e-25
4.57599e-25
4.42008e-25
4.26952e-25
4.12413e-25
3.98372e-25
3.84814e-25
3.71721e-25
3.59077e-25
3.46867e-25
3.35075e-25
3.23688e-25
3.12691e-25
3.02071e-25
2.91816e-25
2.81911e-25
2.72347e-25
2.63109e-25
2.54189e-25
2.45574e-25
2.37254e-25
2.29219e-25
2.2146e-25
2.13966e-25
2.06728e-25
1.99739e-25
1.92989e-25
1.8647e-25
1.80174e-25
1.74093e-25
1.68221e-25
1.6255e-25
1.57073e-25
1.51783e-25
1.46675e-25
1.41741e-25
1.36976e-25
1.32375e-25
1.27931e-25
1.23639e-25
1.19494e-25
1.15491e-25
1.11625e-25
1.07892e-25
1.04286e-25
1.00805e-25
9.74423e-26
9.41953e-26
9.10598e-26
8.80319e-26
8.5108e-26
8.22846e-26
7.95583e-26
7.69258e-26
7.4384e-26
7.19298e-26
6.95602e-26
6.72724e-26
6.50637e-26
6.29314e-26
6.08729e-26
5.88859e-26
5.69678e-26
5.51165e-26
5.33297e-26
5.16052e-26
4.99411e-26
4.83352e-26
4.67858e-26
4.52909e-26
4.38488e-26
4.24577e-26
4.11161e-26
3.98222e-26
3.85746e-26
3.73718e-26
3.62124e-26
3.50949e-26
3.4018e-26
3.29806e-26
3.19813e-26
3.10189e-26
3.00924e-26
2.92006e-26
2.83424e-26
2.7517e-26
2.67232e-26
2.59601e-26
2.5227e-26
2.45228e-26
2.38468e-26
2.31981e-26
2.25761e-26
2.19799e-26
2.1409e-26
2.08625e-26
2.034e-26
1.98406e-26
1.9364e-26
1.89095e-26
1.84767e-26
1.80649e-26
1.76737e-26
1.73027e-26
1.69515e-26
1.66196e-26
1.63066e-26
1.60123e-26
1.57362e-26
1.5478e-26
1.52375e-26
1.50144e-26
1.48084e-26
1.46193e-26
1.44469e-26
1.4291e-26
1.41514e-26
1.40279e-26
1.39205e-26
1.3829e-26
1.37534e-26
1.36935e-26
1.36492e-26
1.36206e-26
1.36077e-26
1.36111e-26
1.36311e-26
1.36678e-26
1.37213e-26
1.37916e-26
1.38786e-26
1.39825e-26
