20
5e+16
1e+17
50
20.0004
26524.1
1.20533e-20
1.20441e-20
1.20153e-20
1.19829e-20
1.19478e-20
1.19102e-20
1.18702e-20
1.18279e-20
1.17834e-20
1.17366e-20
1.16877e-20
1.16368e-20
1.15837e-20
1.15286e-20
1.14714e-20
1.14123e-20
1.13511e-20
1.12881e-20
1.12231e-20
1.11562e-20
1.10875e-20
1.1017e-20
1.09447e-20
1.08707e-20
1.0795e-20
1.07177e-20
1.06388e-20
1.05584e-20
1.04764e-20
1.03929e-20
1.03081e-20
1.02218e-20
1.01343e-20
1.00455e-20
9.95538e-21
9.86412e-21
9.77173e-21
9.67825e-21
9.58372e-21
9.4882e-21
9.39173e-21
9.29437e-21
9.19616e-21
9.09715e-21
8.99738e-21
8.89691e-21
8.79579e-21
8.69406e-21
8.59176e-21
8.48896e-21
8.38568e-21
8.28199e-21
8.17792e-21
8.07353e-21
7.96885e-21
7.86393e-21
7.75882e-21
7.65357e-21
7.5482e-21
7.44277e-21
7.33732e-21
7.2319e-21
7.12653e-21
7.02126e-21
6.91613e-21
6.81118e-21
6.70645e-21
6.60197e-21
6.49779e-21
6.39393e-21
6.29042e-21
6.18732e-21
6.08464e-21
5.98241e-21
5.88068e-21
5.77947e-21
5.67882e-21
5.57874e-21
5.47927e-21
5.38043e-21
5.28227e-21
5.18479e-21
5.08803e-21
4.99202e-21
4.89678e-21
4.80233e-21
4.70871e-21
4.61594e-21
4.52403e-21
4.43302e-21
4.34293e-21
4.25379e-21
4.16561e-21
4.07842e-21
3.99224e-21
3.90709e-21
3.823e-21
3.73996e-21
3.65801e-21
3.57714e-21
3.49739e-21
3.41874e-21
3.34122e-21
3.26483e-21
3.18958e-21
3.11548e-21
3.04252e-21
2.97072e-21
2.90008e-21
2.83059e-21
2.76226e-21
2.69509e-21
2.62908e-21
2.56423e-21
2.50053e-21
2.43798e-21
2.37657e-21
2.31631e-21
2.25719e-21
2.19919e-21
2.14232e-21
2.08657e-21
2.03192e-21
1.97838e-21
1.92592e-21
1.87455e-21
1.82425e-21
1.77501e-21
1.72683e-21
1.67968e-21
1.63356e-21
1.58846e-21
1.54437e-21
1.50126e-21
1.45914e-21
1.41798e-21
1.37778e-21
1.33852e-21
1.30018e-21
1.26276e-21
1.22624e-21
1.1906e-21
1.15583e-21
1.12192e-21
1.08885e-21
1.05662e-21
1.02519e-21
9.94566e-22
9.64727e-22
9.35658e-22
9.07346e-22
8.79777e-22
8.52935e-22
8.26807e-22
8.01378e-22
7.76634e-22
7.52561e-22
7.29146e-22
7.06374e-22
6.84231e-22
6.62705e-22
6.4178e-22
6.21445e-22
6.01686e-22
5.82489e-22
5.63842e-22
5.45732e-22
5.28146e-22
5.11073e-22
4.94498e-22
4.78411e-22
4.628e-22
4.47653e-22
4.32957e-22
4.18703e-22
4.04878e-22
3.91471e-22
3.78472e-22
3.65871e-22
3.53656e-22
3.41818e-22
3.30345e-22
3.1923e-22
3.08461e-22
2.9803e-22
2.87927e-22
2.78142e-22
2.68668e-22
2.59496e-22
2.50616e-22
2.42021e-22
2.33702e-22
2.25652e-22
2.17862e-22
2.10326e-22
2.03035e-22
1.95983e-22
1.89162e-22
1.82566e-22
1.76187e-22
1.7002e-22
1.64057e-22
1.58293e-22
1.52722e-22
1.47337e-22
1.42133e-22
1.37105e-22
1.32246e-22
1.27551e-22
1.23016e-22
1.18636e-22
1.14405e-22
1.10318e-22
1.06371e-22
1.02561e-22
9.88808e-23
9.53281e-23
9.18982e-23
8.85873e-23
8.53913e-23
8.23065e-23
7.93293e-23
7.64562e-23
7.36836e-23
7.10083e-23
6.8427e-23
6.59366e-23
6.3534e-23
6.12163e-23
5.89807e-23
5.68243e-23
5.47445e-23
5.27387e-23
5.08044e-23
4.8939e-23
4.71404e-23
4.54061e-23
4.3734e-23
4.21219e-23
4.05678e-23
3.90696e-23
3.76254e-23
3.62334e-23
3.48917e-23
3.35985e-23
3.23522e-23
3.11511e-23
2.99936e-23
2.88782e-23
2.78035e-23
2.67679e-23
2.57701e-23
2.48087e-23
2.38825e-23
2.29903e-23
2.21307e-23
2.13026e-23
2.0505e-23
1.97367e-23
1.89966e-23
1.82838e-23
1.75973e-23
1.69361e-23
1.62993e-23
1.5686e-23
1.50955e-23
1.45268e-23
1.39791e-23
1.34518e-23
1.2944e-23
1.24552e-23
1.19844e-23
1.15312e-23
1.10949e-23
1.06748e-23
1.02703e-23
9.88099e-24
9.50619e-24
9.14538e-24
8.79806e-24
8.46373e-24
8.14191e-24
7.83215e-24
7.534e-24
7.24703e-24
6.97083e-24
6.705e-24
6.44916e-24
6.20294e-24
5.96598e-24
5.73794e-24
5.51848e-24
5.3073e-24
5.10408e-24
4.90853e-24
4.72035e-24
4.53929e-24
4.36507e-24
4.19743e-24
4.03614e-24
3.88095e-24
3.73164e-24
3.58799e-24
3.44979e-24
3.31683e-24
3.18891e-24
3.06585e-24
2.94747e-24
2.83359e-24
2.72404e-24
2.61866e-24
2.51729e-24
2.41978e-24
2.326e-24
2.23578e-24
2.14901e-24
2.06556e-24
1.98529e-24
1.90809e-24
1.83384e-24
1.76243e-24
1.69376e-24
1.62771e-24
1.5642e-24
1.50313e-24
1.44439e-24
1.38792e-24
1.33361e-24
1.28139e-24
1.23117e-24
1.18289e-24
1.13647e-24
1.09184e-24
1.04893e-24
1.00767e-24
9.68004e-25
9.29871e-25
8.93212e-25
8.5797e-25
8.24092e-25
7.91525e-25
7.6022e-25
7.30129e-25
7.01205e-25
6.73403e-25
6.46682e-25
6.20999e-25
5.96316e-25
5.72593e-25
5.49794e-25
5.27884e-25
5.06828e-25
4.86594e-25
4.67151e-25
4.48468e-25
4.30516e-25
4.13266e-25
3.96692e-25
3.80769e-25
3.6547e-25
3.50771e-25
3.36651e-25
3.23086e-25
3.10055e-25
2.97537e-25
2.85513e-25
2.73963e-25
2.6287e-25
2.52215e-25
2.41982e-25
2.32154e-25
2.22715e-25
2.13651e-25
2.04946e-25
1.96588e-25
1.88562e-25
1.80856e-25
1.73456e-25
1.66352e-25
1.59532e-25
1.52984e-25
1.46698e-25
1.40664e-25
1.34871e-25
1.29311e-25
1.23975e-25
1.18852e-25
1.13936e-25
1.09219e-25
1.04691e-25
1.00346e-25
9.61768e-26
9.21762e-26
8.83377e-26
8.46548e-26
8.11214e-26
7.77316e-26
7.44797e-26
7.13603e-26
6.83681e-26
6.54981e-26
6.27454e-26
6.01053e-26
5.75734e-26
5.51454e-26
5.28171e-26
5.05846e-26
4.8444e-26
4.63917e-26
4.44242e-26
4.25379e-26
4.07298e-26
3.89966e-26
3.73353e-26
3.57432e-26
3.42173e-26
3.2755e-26
3.13538e-26
3.00111e-26
2.87247e-26
2.74923e-26
2.63116e-26
2.51806e-26
2.40973e-26
2.30597e-26
2.20661e-26
2.11145e-26
2.02033e-26
1.93309e-26
1.84957e-26
1.76961e-26
1.69308e-26
1.61983e-26
1.54973e-26
1.48265e-26
1.41847e-26
1.35706e-26
1.29833e-26
1.24215e-26
1.18843e-26
1.13706e-26
1.08795e-26
1.041e-26
9.96134e-27
9.53262e-27
9.12303e-27
8.73181e-27
8.3582e-27
8.0015e-27
7.66102e-27
7.33612e-27
7.02618e-27
6.73059e-27
6.44879e-27
6.18023e-27
5.92439e-27
5.68078e-27
5.4489e-27
5.22833e-27
5.0186e-27
4.81933e-27
4.6301e-27
4.45055e-27
4.28031e-27
4.11905e-27
3.96644e-27
3.82217e-27
3.68595e-27
3.55751e-27
3.43658e-27
3.32292e-27
3.21628e-27
3.11644e-27
3.02321e-27
2.93638e-27
2.85577e-27
2.7812e-27
2.71252e-27
2.64957e-27
2.59222e-27
2.54034e-27
2.49381e-27
2.45252e-27
2.41638e-27
2.3853e-27
2.3592e-27
2.33801e-27
2.32167e-27
2.31013e-27
2.30334e-27
2.30129e-27
2.30394e-27
2.31127e-27
2.3233e-27
2.34012e-27
2.36179e-27
2.38837e-27
2.41986e-27
2.45631e-27
2.49773e-27
2.54418e-27
