20
1e+17
2e+18
50
20.0006
26524.1
1.54492e-20
1.54109e-20
1.52988e-20
1.518e-20
1.50582e-20
1.49345e-20
1.48094e-20
1.46832e-20
1.4556e-20
1.44282e-20
1.42997e-20
1.41709e-20
1.40416e-20
1.39119e-20
1.37817e-20
1.36511e-20
1.35199e-20
1.33883e-20
1.32562e-20
1.31236e-20
1.29907e-20
1.28573e-20
1.27237e-20
1.25897e-20
1.24554e-20
1.23208e-20
1.2186e-20
1.2051e-20
1.19159e-20
1.17806e-20
1.16452e-20
1.15097e-20
1.13742e-20
1.12387e-20
1.11032e-20
1.09677e-20
1.08324e-20
1.06971e-20
1.0562e-20
1.04271e-20
1.02924e-20
1.01579e-20
1.00236e-20
9.88971e-21
9.7561e-21
9.62283e-21
9.48994e-21
9.35745e-21
9.22539e-21
9.09378e-21
8.96266e-21
8.83204e-21
8.70195e-21
8.57241e-21
8.44344e-21
8.31508e-21
8.18734e-21
8.06023e-21
7.93379e-21
7.80803e-21
7.68298e-21
7.55864e-21
7.43504e-21
7.3122e-21
7.19013e-21
7.06885e-21
6.94837e-21
6.82872e-21
6.7099e-21
6.59192e-21
6.47481e-21
6.35857e-21
6.24322e-21
6.12876e-21
6.01521e-21
5.90257e-21
5.79086e-21
5.68009e-21
5.57027e-21
5.46141e-21
5.35354e-21
5.24666e-21
5.14079e-21
5.03594e-21
4.93213e-21
4.82937e-21
4.72771e-21
4.62715e-21
4.52773e-21
4.42946e-21
4.33237e-21
4.23649e-21
4.14185e-21
4.04849e-21
3.95643e-21
3.8657e-21
3.7763e-21
3.68826e-21
3.60159e-21
3.51631e-21
3.43241e-21
3.34991e-21
3.26881e-21
3.18912e-21
3.11083e-21
3.03394e-21
2.95846e-21
2.88438e-21
2.81169e-21
2.74039e-21
2.67047e-21
2.60193e-21
2.53476e-21
2.46894e-21
2.40447e-21
2.34133e-21
2.27952e-21
2.21901e-21
2.15981e-21
2.10189e-21
2.04523e-21
1.98983e-21
1.93567e-21
1.88273e-21
1.831e-21
1.78045e-21
1.73108e-21
1.68287e-21
1.6358e-21
1.58985e-21
1.545e-21
1.50124e-21
1.45854e-21
1.4169e-21
1.37629e-21
1.33669e-21
1.29808e-21
1.26046e-21
1.22379e-21
1.18807e-21
1.15326e-21
1.11936e-21
1.08635e-21
1.0542e-21
1.02291e-21
9.92449e-22
9.62804e-22
9.33956e-22
9.05889e-22
8.78586e-22
8.52029e-22
8.26202e-22
8.01089e-22
7.76673e-22
7.52937e-22
7.29867e-22
7.07447e-22
6.8566e-22
6.64492e-22
6.43927e-22
6.23952e-22
6.04551e-22
5.8571e-22
5.67415e-22
5.49653e-22
5.32409e-22
5.15671e-22
4.99425e-22
4.83659e-22
4.6836e-22
4.53516e-22
4.39114e-22
4.25144e-22
4.11593e-22
3.98449e-22
3.85703e-22
3.73343e-22
3.61359e-22
3.49739e-22
3.38475e-22
3.27556e-22
3.16972e-22
3.06714e-22
2.96774e-22
2.8714e-22
2.77806e-22
2.68763e-22
2.60001e-22
2.51513e-22
2.43292e-22
2.35328e-22
2.27615e-22
2.20146e-22
2.12912e-22
2.05908e-22
1.99125e-22
1.92559e-22
1.86202e-22
1.80047e-22
1.7409e-22
1.68323e-22
1.62742e-22
1.5734e-22
1.52112e-22
1.47052e-22
1.42156e-22
1.37419e-22
1.32835e-22
1.284e-22
1.2411e-22
1.19959e-22
1.15943e-22
1.12059e-22
1.08301e-22
1.04667e-22
1.01152e-22
9.7752e-23
9.4464e-23
9.12844e-23
8.82095e-23
8.52361e-23
8.2361e-23
7.9581e-23
7.6893e-23
7.42942e-23
7.17816e-23
6.93525e-23
6.70042e-23
6.47341e-23
6.25396e-23
6.04184e-23
5.8368e-23
5.63861e-23
5.44705e-23
5.2619e-23
5.08296e-23
4.91002e-23
4.74289e-23
4.58137e-23
4.42528e-23
4.27444e-23
4.12869e-23
3.98784e-23
3.85175e-23
3.72025e-23
3.59319e-23
3.47042e-23
3.3518e-23
3.2372e-23
3.12648e-23
3.01951e-23
2.91617e-23
2.81633e-23
2.71988e-23
2.62671e-23
2.5367e-23
2.44976e-23
2.36577e-23
2.28464e-23
2.20627e-23
2.13057e-23
2.05745e-23
1.98682e-23
1.91861e-23
1.85272e-23
1.78908e-23
1.72761e-23
1.66825e-23
1.61091e-23
1.55554e-23
1.50206e-23
1.45041e-23
1.40053e-23
1.35235e-23
1.30583e-23
1.2609e-23
1.21751e-23
1.17561e-23
1.13514e-23
1.09607e-23
1.05833e-23
1.02189e-23
9.86705e-24
9.52725e-24
9.19912e-24
8.88227e-24
8.57631e-24
8.28087e-24
7.99559e-24
7.72011e-24
7.45412e-24
7.19727e-24
6.94927e-24
6.70979e-24
6.47857e-24
6.2553e-24
6.03972e-24
5.83156e-24
5.63058e-24
5.43652e-24
5.24914e-24
5.06822e-24
4.89354e-24
4.72487e-24
4.56202e-24
4.40479e-24
4.25297e-24
4.10639e-24
3.96486e-24
3.82822e-24
3.69628e-24
3.5689e-24
3.44591e-24
3.32716e-24
3.21251e-24
3.10181e-24
2.99494e-24
2.89175e-24
2.79212e-24
2.69593e-24
2.60305e-24
2.51338e-24
2.42681e-24
2.34322e-24
2.26252e-24
2.1846e-24
2.10937e-24
2.03674e-24
1.96661e-24
1.89891e-24
1.83353e-24
1.77042e-24
1.70948e-24
1.65065e-24
1.59384e-24
1.539e-24
1.48605e-24
1.43492e-24
1.38556e-24
1.3379e-24
1.29189e-24
1.24746e-24
1.20456e-24
1.16315e-24
1.12316e-24
1.08455e-24
1.04728e-24
1.01129e-24
9.76536e-25
9.42984e-25
9.1059e-25
8.79312e-25
8.49112e-25
8.19954e-25
7.918e-25
7.64617e-25
7.38371e-25
7.13029e-25
6.8856e-25
6.64935e-25
6.42123e-25
6.20098e-25
5.98831e-25
5.78297e-25
5.5847e-25
5.39325e-25
5.2084e-25
5.02992e-25
4.85758e-25
4.69118e-25
4.5305e-25
4.37535e-25
4.22555e-25
4.0809e-25
3.94122e-25
3.80636e-25
3.67613e-25
3.55039e-25
3.42897e-25
3.31173e-25
3.19852e-25
3.0892e-25
2.98365e-25
2.88172e-25
2.7833e-25
2.68827e-25
2.5965e-25
2.50788e-25
2.42232e-25
2.33969e-25
2.25991e-25
2.18287e-25
2.10847e-25
2.03664e-25
1.96727e-25
1.90029e-25
1.83561e-25
1.77315e-25
1.71284e-25
1.65461e-25
1.59837e-25
1.54407e-25
1.49164e-25
1.44101e-25
1.39212e-25
1.34491e-25
1.29933e-25
1.25532e-25
1.21282e-25
1.17178e-25
1.13215e-25
1.09389e-25
1.05695e-25
1.02128e-25
9.86841e-26
9.53589e-26
9.21484e-26
8.90487e-26
8.6056e-26
8.31667e-26
8.03773e-26
7.76845e-26
7.50848e-26
7.25752e-26
7.01527e-26
6.78142e-26
6.5557e-26
6.33783e-26
6.12754e-26
5.92459e-26
5.72872e-26
5.53971e-26
5.35731e-26
5.18132e-26
5.01151e-26
4.84768e-26
4.68964e-26
4.53718e-26
4.39014e-26
4.24833e-26
4.11157e-26
3.97971e-26
3.85259e-26
3.73005e-26
3.61194e-26
3.49813e-26
3.38847e-26
3.28283e-26
3.18109e-26
3.08312e-26
2.98881e-26
2.89804e-26
2.8107e-26
2.7267e-26
2.64592e-26
2.56827e-26
2.49366e-26
2.422e-26
2.3532e-26
2.28718e-26
2.22386e-26
2.16317e-26
2.10504e-26
2.04938e-26
1.99615e-26
1.94526e-26
1.89668e-26
1.85032e-26
1.80615e-26
1.76411e-26
1.72414e-26
1.68621e-26
1.65026e-26
1.61626e-26
1.58416e-26
1.55392e-26
1.52552e-26
1.49891e-26
1.47407e-26
1.45096e-26
1.42956e-26
1.40985e-26
1.3918e-26
1.37539e-26
1.3606e-26
1.34741e-26
1.33582e-26
1.3258e-26
1.31735e-26
1.31045e-26
1.3051e-26
1.3013e-26
1.29903e-26
1.29831e-26
1.29919e-26
1.30169e-26
1.30584e-26
1.31165e-26
1.3191e-26
1.3282e-26
1.33895e-26
