20
2e+16
1e+17
50
20.0004
26524.1
1.33408e-20
1.33231e-20
1.32697e-20
1.32117e-20
1.31506e-20
1.3087e-20
1.3021e-20
1.29529e-20
1.28827e-20
1.28105e-20
1.27364e-20
1.26605e-20
1.25828e-20
1.25033e-20
1.24221e-20
1.23392e-20
1.22546e-20
1.21683e-20
1.20804e-20
1.19908e-20
1.18998e-20
1.18072e-20
1.17132e-20
1.16178e-20
1.1521e-20
1.14229e-20
1.13235e-20
1.12228e-20
1.1121e-20
1.10181e-20
1.0914e-20
1.08089e-20
1.07029e-20
1.05959e-20
1.0488e-20
1.03792e-20
1.02696e-20
1.01593e-20
1.00483e-20
9.93668e-21
9.82441e-21
9.71159e-21
9.59825e-21
9.48445e-21
9.37023e-21
9.25564e-21
9.14072e-21
9.02552e-21
8.91009e-21
8.79447e-21
8.67869e-21
8.56281e-21
8.44688e-21
8.33092e-21
8.21498e-21
8.0991e-21
7.98333e-21
7.86769e-21
7.75224e-21
7.637e-21
7.52202e-21
7.40733e-21
7.29296e-21
7.17896e-21
7.06534e-21
6.95216e-21
6.83944e-21
6.7272e-21
6.61549e-21
6.50433e-21
6.39375e-21
6.28377e-21
6.17443e-21
6.06575e-21
5.95775e-21
5.85046e-21
5.74391e-21
5.63811e-21
5.53309e-21
5.42887e-21
5.32548e-21
5.22295e-21
5.12128e-21
5.02051e-21
4.92066e-21
4.82175e-21
4.7238e-21
4.62685e-21
4.53092e-21
4.43602e-21
4.34218e-21
4.24943e-21
4.15779e-21
4.06729e-21
3.97796e-21
3.88981e-21
3.80286e-21
3.71712e-21
3.63261e-21
3.54934e-21
3.46732e-21
3.38656e-21
3.30707e-21
3.22884e-21
3.15189e-21
3.07622e-21
3.00183e-21
2.92872e-21
2.85689e-21
2.78633e-21
2.71706e-21
2.64905e-21
2.58231e-21
2.51682e-21
2.4526e-21
2.38962e-21
2.32788e-21
2.26737e-21
2.20809e-21
2.15002e-21
2.09314e-21
2.03746e-21
1.98296e-21
1.92963e-21
1.87745e-21
1.82641e-21
1.7765e-21
1.7277e-21
1.68001e-21
1.6334e-21
1.58787e-21
1.54339e-21
1.49995e-21
1.45754e-21
1.41614e-21
1.37573e-21
1.3363e-21
1.29784e-21
1.26033e-21
1.22374e-21
1.18807e-21
1.1533e-21
1.11941e-21
1.08639e-21
1.05422e-21
1.02289e-21
9.92366e-22
9.62649e-22
9.33718e-22
9.05556e-22
8.78149e-22
8.5148e-22
8.25534e-22
8.00295e-22
7.75748e-22
7.51878e-22
7.2867e-22
7.06109e-22
6.84179e-22
6.62868e-22
6.4216e-22
6.22041e-22
6.02497e-22
5.83514e-22
5.6508e-22
5.4718e-22
5.29801e-22
5.1293e-22
4.96556e-22
4.80664e-22
4.65244e-22
4.50282e-22
4.35767e-22
4.21687e-22
4.08031e-22
3.94788e-22
3.81946e-22
3.69495e-22
3.57425e-22
3.45724e-22
3.34384e-22
3.23393e-22
3.12743e-22
3.02423e-22
2.92425e-22
2.8274e-22
2.73358e-22
2.64271e-22
2.55471e-22
2.46949e-22
2.38697e-22
2.30708e-22
2.22974e-22
2.15486e-22
2.08239e-22
2.01225e-22
1.94437e-22
1.87867e-22
1.81511e-22
1.75361e-22
1.6941e-22
1.63654e-22
1.58086e-22
1.527e-22
1.47491e-22
1.42453e-22
1.37581e-22
1.32869e-22
1.28314e-22
1.23909e-22
1.19651e-22
1.15534e-22
1.11555e-22
1.07708e-22
1.0399e-22
1.00396e-22
9.69234e-23
9.3567e-23
9.03236e-23
8.71895e-23
8.41612e-23
8.12353e-23
7.84085e-23
7.56774e-23
7.30392e-23
7.04906e-23
6.80287e-23
6.56508e-23
6.33541e-23
6.11359e-23
5.89936e-23
5.69246e-23
5.49267e-23
5.29974e-23
5.11344e-23
4.93355e-23
4.75986e-23
4.59217e-23
4.43026e-23
4.27395e-23
4.12305e-23
3.97738e-23
3.83676e-23
3.70102e-23
3.56999e-23
3.44353e-23
3.32146e-23
3.20364e-23
3.08993e-23
2.98019e-23
2.87428e-23
2.77208e-23
2.67345e-23
2.57827e-23
2.48642e-23
2.3978e-23
2.31229e-23
2.22978e-23
2.15016e-23
2.07335e-23
1.99924e-23
1.92774e-23
1.85876e-23
1.79221e-23
1.72801e-23
1.66608e-23
1.60633e-23
1.5487e-23
1.4931e-23
1.43948e-23
1.38775e-23
1.33786e-23
1.28973e-23
1.24331e-23
1.19854e-23
1.15536e-23
1.11371e-23
1.07355e-23
1.03481e-23
9.97454e-24
9.61427e-24
9.26684e-24
8.93179e-24
8.60869e-24
8.29712e-24
7.99667e-24
7.70696e-24
7.4276e-24
7.15824e-24
6.8985e-24
6.64807e-24
6.4066e-24
6.17378e-24
5.94931e-24
5.73288e-24
5.52422e-24
5.32305e-24
5.12911e-24
4.94213e-24
4.76188e-24
4.5881e-24
4.42058e-24
4.25909e-24
4.10341e-24
3.95334e-24
3.80868e-24
3.66924e-24
3.53483e-24
3.40527e-24
3.28039e-24
3.16002e-24
3.044e-24
2.93217e-24
2.8244e-24
2.72052e-24
2.62041e-24
2.52392e-24
2.43093e-24
2.34131e-24
2.25494e-24
2.17171e-24
2.09151e-24
2.01421e-24
1.93973e-24
1.86796e-24
1.79879e-24
1.73215e-24
1.66793e-24
1.60606e-24
1.54644e-24
1.48899e-24
1.43365e-24
1.38032e-24
1.32895e-24
1.27945e-24
1.23176e-24
1.18582e-24
1.14156e-24
1.09892e-24
1.05785e-24
1.01828e-24
9.80167e-25
9.43452e-25
9.08087e-25
8.74022e-25
8.41211e-25
8.09607e-25
7.79168e-25
7.49851e-25
7.21615e-25
6.94422e-25
6.68232e-25
6.43011e-25
6.18722e-25
5.95332e-25
5.72808e-25
5.51119e-25
5.30234e-25
5.10124e-25
4.9076e-25
4.72116e-25
4.54165e-25
4.36883e-25
4.20243e-25
4.04224e-25
3.88802e-25
3.73955e-25
3.59663e-25
3.45905e-25
3.32661e-25
3.19913e-25
3.07643e-25
2.95833e-25
2.84465e-25
2.73525e-25
2.62996e-25
2.52862e-25
2.4311e-25
2.33725e-25
2.24695e-25
2.16005e-25
2.07643e-25
1.99597e-25
1.91855e-25
1.84407e-25
1.77241e-25
1.70346e-25
1.63714e-25
1.57333e-25
1.51196e-25
1.45291e-25
1.39612e-25
1.34149e-25
1.28895e-25
1.23842e-25
1.18982e-25
1.14308e-25
1.09814e-25
1.05491e-25
1.01335e-25
9.73385e-26
9.34958e-26
8.98011e-26
8.6249e-26
8.2834e-26
7.9551e-26
7.6395e-26
7.33612e-26
7.04452e-26
6.76423e-26
6.49485e-26
6.23594e-26
5.98713e-26
5.74802e-26
5.51825e-26
5.29747e-26
5.08534e-26
4.88152e-26
4.68571e-26
4.4976e-26
4.3169e-26
4.14332e-26
3.97661e-26
3.81648e-26
3.6627e-26
3.51502e-26
3.37322e-26
3.23705e-26
3.10633e-26
2.98082e-26
2.86034e-26
2.74469e-26
2.6337e-26
2.52717e-26
2.42494e-26
2.32686e-26
2.23275e-26
2.14246e-26
2.05586e-26
1.97281e-26
1.89315e-26
1.81678e-26
1.74356e-26
1.67336e-26
1.60609e-26
1.54163e-26
1.47986e-26
1.4207e-26
1.36404e-26
1.30978e-26
1.25784e-26
1.20814e-26
1.16058e-26
1.11509e-26
1.07159e-26
1.03001e-26
9.90287e-27
9.52342e-27
9.16115e-27
8.81544e-27
8.48572e-27
8.17141e-27
7.87199e-27
7.58694e-27
7.31577e-27
7.05801e-27
6.81322e-27
6.58097e-27
6.36087e-27
6.15253e-27
5.95558e-27
5.76969e-27
5.59452e-27
5.42977e-27
5.27515e-27
5.13039e-27
4.99521e-27
4.86939e-27
4.75271e-27
4.64493e-27
4.54588e-27
4.45538e-27
4.37325e-27
4.29934e-27
4.23352e-27
4.17566e-27
4.12564e-27
4.08338e-27
4.04879e-27
4.02179e-27
4.00233e-27
3.99035e-27
3.98583e-27
3.98876e-27
3.99932e-27
4.01757e-27
4.0436e-27
4.07742e-27
4.11905e-27
4.16852e-27
4.22587e-27
