20
2e+18
5e+18
49.9996
20.0024
26524.1
1.25901e-20
1.2578e-20
1.25408e-20
1.24996e-20
1.24555e-20
1.24088e-20
1.23597e-20
1.23083e-20
1.22547e-20
1.21988e-20
1.21409e-20
1.20809e-20
1.2019e-20
1.1955e-20
1.1889e-20
1.18211e-20
1.17512e-20
1.16795e-20
1.16059e-20
1.15305e-20
1.14533e-20
1.13743e-20
1.12937e-20
1.12114e-20
1.11276e-20
1.10421e-20
1.09552e-20
1.08667e-20
1.07769e-20
1.06857e-20
1.05931e-20
1.04993e-20
1.04042e-20
1.03079e-20
1.02105e-20
1.01121e-20
1.00125e-20
9.91204e-21
9.8106e-21
9.70826e-21
9.60508e-21
9.50111e-21
9.39641e-21
9.291e-21
9.18496e-21
9.07832e-21
8.97113e-21
8.86344e-21
8.75531e-21
8.64676e-21
8.53787e-21
8.42866e-21
8.31919e-21
8.2095e-21
8.09963e-21
7.98964e-21
7.87956e-21
7.76944e-21
7.65932e-21
7.54924e-21
7.43924e-21
7.32937e-21
7.21966e-21
7.11015e-21
7.00089e-21
6.8919e-21
6.78322e-21
6.67489e-21
6.56695e-21
6.45943e-21
6.35236e-21
6.24577e-21
6.1397e-21
6.03418e-21
5.92923e-21
5.82488e-21
5.72116e-21
5.61811e-21
5.51574e-21
5.41408e-21
5.31317e-21
5.21302e-21
5.11366e-21
5.01513e-21
4.91743e-21
4.82059e-21
4.72465e-21
4.62963e-21
4.53556e-21
4.44244e-21
4.35032e-21
4.2592e-21
4.16913e-21
4.08012e-21
3.9922e-21
3.90538e-21
3.81968e-21
3.73512e-21
3.65171e-21
3.56947e-21
3.4884e-21
3.40851e-21
3.32982e-21
3.25233e-21
3.17604e-21
3.10096e-21
3.0271e-21
2.95446e-21
2.88303e-21
2.81282e-21
2.74382e-21
2.67605e-21
2.60948e-21
2.54413e-21
2.47998e-21
2.41703e-21
2.35528e-21
2.29471e-21
2.23533e-21
2.17712e-21
2.12007e-21
2.06419e-21
2.00944e-21
1.95584e-21
1.90336e-21
1.852e-21
1.80174e-21
1.75257e-21
1.70448e-21
1.65746e-21
1.61149e-21
1.56656e-21
1.52266e-21
1.47977e-21
1.43789e-21
1.39698e-21
1.35705e-21
1.31808e-21
1.28004e-21
1.24293e-21
1.20674e-21
1.17143e-21
1.13701e-21
1.10346e-21
1.07076e-21
1.03889e-21
1.00784e-21
9.77596e-22
9.48142e-22
9.19462e-22
8.91541e-22
8.64364e-22
8.37916e-22
8.12182e-22
7.87147e-22
7.62797e-22
7.39116e-22
7.1609e-22
6.93706e-22
6.71948e-22
6.50803e-22
6.30256e-22
6.10294e-22
5.90904e-22
5.72071e-22
5.53784e-22
5.36027e-22
5.1879e-22
5.02058e-22
4.8582e-22
4.70064e-22
4.54776e-22
4.39946e-22
4.25561e-22
4.11611e-22
3.98083e-22
3.84967e-22
3.72251e-22
3.59926e-22
3.47981e-22
3.36405e-22
3.25188e-22
3.14321e-22
3.03794e-22
2.93597e-22
2.83721e-22
2.74158e-22
2.64898e-22
2.55933e-22
2.47254e-22
2.38853e-22
2.30722e-22
2.22853e-22
2.15239e-22
2.07871e-22
2.00743e-22
1.93848e-22
1.87179e-22
1.80728e-22
1.74489e-22
1.68456e-22
1.62623e-22
1.56983e-22
1.51531e-22
1.4626e-22
1.41165e-22
1.36241e-22
1.31482e-22
1.26883e-22
1.22439e-22
1.18145e-22
1.13997e-22
1.09989e-22
1.06118e-22
1.02378e-22
9.87663e-23
9.52779e-23
9.19089e-23
8.86556e-23
8.55142e-23
8.2481e-23
7.95524e-23
7.6725e-23
7.39956e-23
7.13608e-23
6.88175e-23
6.63626e-23
6.39933e-23
6.17067e-23
5.95e-23
5.73704e-23
5.53155e-23
5.33327e-23
5.14196e-23
4.95737e-23
4.77929e-23
4.60749e-23
4.44175e-23
4.28188e-23
4.12766e-23
3.9789e-23
3.83543e-23
3.69704e-23
3.56358e-23
3.43487e-23
3.31074e-23
3.19103e-23
3.0756e-23
2.96429e-23
2.85696e-23
2.75347e-23
2.65369e-23
2.55748e-23
2.46473e-23
2.3753e-23
2.28909e-23
2.20597e-23
2.12585e-23
2.04861e-23
1.97416e-23
1.90239e-23
1.83321e-23
1.76652e-23
1.70225e-23
1.6403e-23
1.58059e-23
1.52304e-23
1.46757e-23
1.41411e-23
1.36259e-23
1.31294e-23
1.26509e-23
1.21897e-23
1.17453e-23
1.1317e-23
1.09044e-23
1.05067e-23
1.01234e-23
9.75413e-24
9.39828e-24
9.05538e-24
8.72497e-24
8.4066e-24
8.09982e-24
7.80423e-24
7.51942e-24
7.24499e-24
6.98058e-24
6.72581e-24
6.48034e-24
6.24383e-24
6.01595e-24
5.7964e-24
5.58486e-24
5.38105e-24
5.18469e-24
4.9955e-24
4.81323e-24
4.63762e-24
4.46843e-24
4.30542e-24
4.14838e-24
3.99707e-24
3.8513e-24
3.71086e-24
3.57556e-24
3.44521e-24
3.31962e-24
3.19863e-24
3.08206e-24
2.96976e-24
2.86156e-24
2.75733e-24
2.6569e-24
2.56015e-24
2.46694e-24
2.37714e-24
2.29062e-24
2.20727e-24
2.12696e-24
2.0496e-24
1.97506e-24
1.90325e-24
1.83406e-24
1.7674e-24
1.70318e-24
1.64131e-24
1.5817e-24
1.52427e-24
1.46894e-24
1.41563e-24
1.36426e-24
1.31478e-24
1.2671e-24
1.22116e-24
1.1769e-24
1.13425e-24
1.09317e-24
1.05358e-24
1.01543e-24
9.78682e-25
9.43272e-25
9.09153e-25
8.76278e-25
8.44602e-25
8.14081e-25
7.84672e-25
7.56335e-25
7.29031e-25
7.02721e-25
6.77369e-25
6.52941e-25
6.29402e-25
6.06719e-25
5.84863e-25
5.63801e-25
5.43505e-25
5.23948e-25
5.05101e-25
4.8694e-25
4.69439e-25
4.52573e-25
4.3632e-25
4.20658e-25
4.05564e-25
3.91018e-25
3.77e-25
3.6349e-25
3.5047e-25
3.37923e-25
3.2583e-25
3.14176e-25
3.02944e-25
2.92119e-25
2.81686e-25
2.71631e-25
2.6194e-25
2.52599e-25
2.43597e-25
2.3492e-25
2.26557e-25
2.18496e-25
2.10727e-25
2.03239e-25
1.96021e-25
1.89064e-25
1.82358e-25
1.75894e-25
1.69664e-25
1.63658e-25
1.57869e-25
1.52289e-25
1.46911e-25
1.41726e-25
1.36728e-25
1.31911e-25
1.27267e-25
1.22791e-25
1.18475e-25
1.14316e-25
1.10306e-25
1.06441e-25
1.02715e-25
9.91235e-26
9.56612e-26
9.23238e-26
8.91065e-26
8.60053e-26
8.30158e-26
8.0134e-26
7.73562e-26
7.46785e-26
7.20974e-26
6.96095e-26
6.72113e-26
6.48997e-26
6.26717e-26
6.05241e-26
5.84542e-26
5.64593e-26
5.45365e-26
5.26835e-26
5.08977e-26
4.91767e-26
4.75182e-26
4.59201e-26
4.43803e-26
4.28966e-26
4.14671e-26
4.009e-26
3.87633e-26
3.74854e-26
3.62546e-26
3.50692e-26
3.39276e-26
3.28284e-26
3.17701e-26
3.07513e-26
2.97706e-26
2.88268e-26
2.79187e-26
2.7045e-26
2.62045e-26
2.53962e-26
2.46191e-26
2.3872e-26
2.31541e-26
2.24643e-26
2.18017e-26
2.11656e-26
2.0555e-26
1.99691e-26
1.94073e-26
1.88687e-26
1.83526e-26
1.78584e-26
1.73854e-26
1.6933e-26
1.65005e-26
1.60876e-26
1.56934e-26
1.53177e-26
1.49598e-26
1.46193e-26
1.42958e-26
1.39887e-26
1.36978e-26
1.34226e-26
1.31628e-26
1.29179e-26
1.26878e-26
1.2472e-26
1.22703e-26
1.20824e-26
1.1908e-26
1.17469e-26
1.1599e-26
1.14639e-26
1.13415e-26
1.12315e-26
1.1134e-26
1.10486e-26
1.09753e-26
1.0914e-26
1.08645e-26
1.08268e-26
1.08008e-26
1.07864e-26
1.07836e-26
1.07924e-26
1.08127e-26
1.08445e-26
1.08879e-26
1.09429e-26
1.10101e-26
1.10896e-26
1.11817e-26
1.12864e-26
1.14038e-26
1.15339e-26
1.16768e-26
