20
2e+16
5e+17
50
20.0005
26524.1
1.56374e-20
1.55968e-20
1.54779e-20
1.53522e-20
1.52235e-20
1.50931e-20
1.49614e-20
1.48287e-20
1.46953e-20
1.45614e-20
1.44271e-20
1.42926e-20
1.41579e-20
1.4023e-20
1.38877e-20
1.37521e-20
1.36162e-20
1.348e-20
1.33435e-20
1.32067e-20
1.30697e-20
1.29324e-20
1.27949e-20
1.26573e-20
1.25195e-20
1.23815e-20
1.22435e-20
1.21053e-20
1.19672e-20
1.1829e-20
1.16909e-20
1.15527e-20
1.14147e-20
1.12767e-20
1.11389e-20
1.10013e-20
1.08638e-20
1.07265e-20
1.05895e-20
1.04527e-20
1.03162e-20
1.01801e-20
1.00443e-20
9.90884e-21
9.77381e-21
9.63919e-21
9.50503e-21
9.37133e-21
9.23813e-21
9.10545e-21
8.97332e-21
8.84174e-21
8.71075e-21
8.58037e-21
8.45062e-21
8.32151e-21
8.19308e-21
8.06532e-21
7.93828e-21
7.81196e-21
7.68637e-21
7.56155e-21
7.43749e-21
7.31423e-21
7.19177e-21
7.07013e-21
6.94932e-21
6.82935e-21
6.71024e-21
6.592e-21
6.47465e-21
6.35818e-21
6.24262e-21
6.12796e-21
6.01423e-21
5.90143e-21
5.78957e-21
5.67865e-21
5.56869e-21
5.4597e-21
5.3517e-21
5.24471e-21
5.13872e-21
5.03376e-21
4.92985e-21
4.82699e-21
4.72523e-21
4.62458e-21
4.52507e-21
4.42672e-21
4.32954e-21
4.23358e-21
4.13887e-21
4.04544e-21
3.95332e-21
3.86253e-21
3.77308e-21
3.685e-21
3.59829e-21
3.51297e-21
3.42905e-21
3.34653e-21
3.26542e-21
3.18572e-21
3.10743e-21
3.03055e-21
2.95508e-21
2.88101e-21
2.80834e-21
2.73707e-21
2.66718e-21
2.59867e-21
2.53153e-21
2.46576e-21
2.40133e-21
2.33824e-21
2.27648e-21
2.21602e-21
2.15687e-21
2.09901e-21
2.04241e-21
1.98707e-21
1.93297e-21
1.8801e-21
1.82843e-21
1.77796e-21
1.72866e-21
1.68051e-21
1.63351e-21
1.58762e-21
1.54285e-21
1.49915e-21
1.45653e-21
1.41495e-21
1.37441e-21
1.33488e-21
1.29635e-21
1.25879e-21
1.22219e-21
1.18653e-21
1.15179e-21
1.11795e-21
1.085e-21
1.05292e-21
1.02169e-21
9.91287e-22
9.617e-22
9.3291e-22
9.04899e-22
8.77651e-22
8.51147e-22
8.25373e-22
8.0031e-22
7.75944e-22
7.52257e-22
7.29233e-22
7.06858e-22
6.85115e-22
6.63989e-22
6.43466e-22
6.2353e-22
6.04167e-22
5.85363e-22
5.67104e-22
5.49376e-22
5.32165e-22
5.15458e-22
4.99243e-22
4.83506e-22
4.68234e-22
4.53417e-22
4.3904e-22
4.25094e-22
4.11566e-22
3.98444e-22
3.85719e-22
3.73379e-22
3.61413e-22
3.49811e-22
3.38564e-22
3.2766e-22
3.17091e-22
3.06848e-22
2.9692e-22
2.87299e-22
2.77976e-22
2.68943e-22
2.60192e-22
2.51713e-22
2.435e-22
2.35544e-22
2.27838e-22
2.20375e-22
2.13147e-22
2.06148e-22
1.99371e-22
1.92808e-22
1.86455e-22
1.80304e-22
1.74349e-22
1.68585e-22
1.63005e-22
1.57605e-22
1.52378e-22
1.47319e-22
1.42423e-22
1.37686e-22
1.33102e-22
1.28667e-22
1.24375e-22
1.20223e-22
1.16206e-22
1.1232e-22
1.08561e-22
1.04925e-22
1.01407e-22
9.80053e-23
9.47149e-23
9.15326e-23
8.84549e-23
8.54787e-23
8.26005e-23
7.98173e-23
7.71262e-23
7.4524e-23
7.2008e-23
6.95755e-23
6.72236e-23
6.49499e-23
6.27518e-23
6.06269e-23
5.85727e-23
5.65871e-23
5.46677e-23
5.28125e-23
5.10193e-23
4.92861e-23
4.76109e-23
4.59919e-23
4.44272e-23
4.29151e-23
4.14538e-23
4.00416e-23
3.86769e-23
3.73581e-23
3.60839e-23
3.48525e-23
3.36628e-23
3.25132e-23
3.14024e-23
3.03292e-23
2.92923e-23
2.82905e-23
2.73226e-23
2.63876e-23
2.54842e-23
2.46115e-23
2.37684e-23
2.29539e-23
2.21671e-23
2.14071e-23
2.06729e-23
1.99637e-23
1.92786e-23
1.86169e-23
1.79777e-23
1.73604e-23
1.6764e-23
1.6188e-23
1.56317e-23
1.50944e-23
1.45754e-23
1.40742e-23
1.35901e-23
1.31225e-23
1.2671e-23
1.22349e-23
1.18137e-23
1.1407e-23
1.10141e-23
1.06348e-23
1.02684e-23
9.91463e-24
9.57297e-24
9.24303e-24
8.92441e-24
8.61673e-24
8.31961e-24
8.03269e-24
7.75563e-24
7.48809e-24
7.22974e-24
6.98027e-24
6.73938e-24
6.50677e-24
6.28217e-24
6.06529e-24
5.85587e-24
5.65366e-24
5.45841e-24
5.26988e-24
5.08784e-24
4.91207e-24
4.74236e-24
4.57849e-24
4.42027e-24
4.26751e-24
4.12001e-24
3.97759e-24
3.84008e-24
3.70732e-24
3.57913e-24
3.45536e-24
3.33587e-24
3.22049e-24
3.1091e-24
3.00155e-24
2.89771e-24
2.79746e-24
2.70067e-24
2.60722e-24
2.51699e-24
2.42988e-24
2.34578e-24
2.26459e-24
2.1862e-24
2.11051e-24
2.03744e-24
1.9669e-24
1.89879e-24
1.83304e-24
1.76956e-24
1.70827e-24
1.6491e-24
1.59198e-24
1.53683e-24
1.48358e-24
1.43218e-24
1.38256e-24
1.33465e-24
1.2884e-24
1.24374e-24
1.20064e-24
1.15902e-24
1.11884e-24
1.08006e-24
1.04261e-24
1.00646e-24
9.7156e-25
9.37868e-25
9.05342e-25
8.73942e-25
8.43628e-25
8.14364e-25
7.86112e-25
7.58838e-25
7.32509e-25
7.07091e-25
6.82553e-25
6.58865e-25
6.35996e-25
6.1392e-25
5.92609e-25
5.72035e-25
5.52174e-25
5.33001e-25
5.14492e-25
4.96625e-25
4.79376e-25
4.62725e-25
4.46651e-25
4.31134e-25
4.16155e-25
4.01696e-25
3.87737e-25
3.74262e-25
3.61255e-25
3.48699e-25
3.36578e-25
3.24877e-25
3.13582e-25
3.02679e-25
2.92155e-25
2.81995e-25
2.72188e-25
2.62722e-25
2.53584e-25
2.44763e-25
2.36249e-25
2.2803e-25
2.20097e-25
2.1244e-25
2.05048e-25
1.97913e-25
1.91027e-25
1.8438e-25
1.77964e-25
1.71771e-25
1.65793e-25
1.60024e-25
1.54456e-25
1.49081e-25
1.43893e-25
1.38887e-25
1.34055e-25
1.29391e-25
1.2489e-25
1.20546e-25
1.16353e-25
1.12307e-25
1.08402e-25
1.04634e-25
1.00998e-25
9.74883e-26
9.41018e-26
9.0834e-26
8.76807e-26
8.4638e-26
8.17021e-26
7.88693e-26
7.61361e-26
7.34991e-26
7.09549e-26
6.85004e-26
6.61325e-26
6.38482e-26
6.16447e-26
5.95193e-26
5.74692e-26
5.54919e-26
5.35849e-26
5.17458e-26
4.99724e-26
4.82624e-26
4.66136e-26
4.5024e-26
4.34915e-26
4.20144e-26
4.05906e-26
3.92185e-26
3.78963e-26
3.66223e-26
3.5395e-26
3.42128e-26
3.30741e-26
3.19777e-26
3.09221e-26
2.99059e-26
2.89279e-26
2.79869e-26
2.70816e-26
2.62111e-26
2.5374e-26
2.45694e-26
2.37964e-26
2.30538e-26
2.23408e-26
2.16564e-26
2.09999e-26
2.03704e-26
1.9767e-26
1.91891e-26
1.86359e-26
1.81067e-26
1.76008e-26
1.71176e-26
1.66565e-26
1.62169e-26
1.57983e-26
1.54001e-26
1.50218e-26
1.4663e-26
1.43232e-26
1.4002e-26
1.36989e-26
1.34136e-26
1.31458e-26
1.2895e-26
1.26611e-26
1.24436e-26
1.22423e-26
1.2057e-26
1.18875e-26
1.17334e-26
1.15947e-26
1.14711e-26
1.13626e-26
1.12689e-26
1.11899e-26
1.11257e-26
1.1076e-26
1.10408e-26
1.10201e-26
1.10139e-26
1.10228e-26
1.10468e-26
1.10862e-26
1.11411e-26
1.12114e-26
1.12972e-26
1.13984e-26
