20
2e+18
1e+19
49.9997
20.0016
26524.1
1.36342e-20
1.36145e-20
1.35552e-20
1.34911e-20
1.34239e-20
1.33541e-20
1.3282e-20
1.32078e-20
1.31316e-20
1.30534e-20
1.29734e-20
1.28918e-20
1.28084e-20
1.27234e-20
1.26367e-20
1.25483e-20
1.24583e-20
1.23668e-20
1.22736e-20
1.2179e-20
1.20829e-20
1.19854e-20
1.18865e-20
1.17863e-20
1.16848e-20
1.15821e-20
1.14781e-20
1.13731e-20
1.12669e-20
1.11596e-20
1.10514e-20
1.09422e-20
1.0832e-20
1.07211e-20
1.06093e-20
1.04967e-20
1.03834e-20
1.02695e-20
1.01549e-20
1.00397e-20
9.92406e-21
9.8079e-21
9.69131e-21
9.57433e-21
9.457e-21
9.33937e-21
9.22149e-21
9.10341e-21
8.98516e-21
8.86678e-21
8.74833e-21
8.62984e-21
8.51136e-21
8.39292e-21
8.27457e-21
8.15634e-21
8.03828e-21
7.92042e-21
7.8028e-21
7.68545e-21
7.56842e-21
7.45173e-21
7.33542e-21
7.21953e-21
7.10408e-21
6.98911e-21
6.87465e-21
6.76073e-21
6.64737e-21
6.53461e-21
6.42248e-21
6.31099e-21
6.20018e-21
6.09006e-21
5.98067e-21
5.87203e-21
5.76415e-21
5.65706e-21
5.55079e-21
5.44535e-21
5.34077e-21
5.23708e-21
5.13428e-21
5.03241e-21
4.93149e-21
4.83153e-21
4.73257e-21
4.63463e-21
4.53774e-21
4.44191e-21
4.34716e-21
4.25354e-21
4.16106e-21
4.06975e-21
3.97963e-21
3.89073e-21
3.80306e-21
3.71663e-21
3.63146e-21
3.54757e-21
3.46495e-21
3.38362e-21
3.30359e-21
3.22486e-21
3.14743e-21
3.07131e-21
2.9965e-21
2.92299e-21
2.85079e-21
2.7799e-21
2.7103e-21
2.642e-21
2.57499e-21
2.50926e-21
2.44481e-21
2.38163e-21
2.31971e-21
2.25904e-21
2.19961e-21
2.14141e-21
2.08443e-21
2.02866e-21
1.97408e-21
1.92069e-21
1.86847e-21
1.8174e-21
1.76748e-21
1.71868e-21
1.67099e-21
1.6244e-21
1.5789e-21
1.53446e-21
1.49108e-21
1.44872e-21
1.40739e-21
1.36706e-21
1.32772e-21
1.28935e-21
1.25193e-21
1.21545e-21
1.17989e-21
1.14523e-21
1.11146e-21
1.07856e-21
1.04652e-21
1.01531e-21
9.84921e-22
9.55338e-22
9.26543e-22
8.9852e-22
8.71253e-22
8.44725e-22
8.18921e-22
7.93825e-22
7.69422e-22
7.45695e-22
7.22631e-22
7.00213e-22
6.78427e-22
6.57258e-22
6.36692e-22
6.16714e-22
5.9731e-22
5.78466e-22
5.60169e-22
5.42405e-22
5.25161e-22
5.08424e-22
4.9218e-22
4.76418e-22
4.61125e-22
4.46288e-22
4.31897e-22
4.17939e-22
4.04402e-22
3.91276e-22
3.78549e-22
3.66211e-22
3.54251e-22
3.42659e-22
3.31424e-22
3.20537e-22
3.09988e-22
2.99768e-22
2.89867e-22
2.80276e-22
2.70986e-22
2.61989e-22
2.53277e-22
2.4484e-22
2.36672e-22
2.28764e-22
2.21108e-22
2.13698e-22
2.06525e-22
1.99583e-22
1.92865e-22
1.86365e-22
1.80075e-22
1.73989e-22
1.68101e-22
1.62406e-22
1.56897e-22
1.51568e-22
1.46414e-22
1.41429e-22
1.36609e-22
1.31948e-22
1.27441e-22
1.23083e-22
1.1887e-22
1.14797e-22
1.1086e-22
1.07054e-22
1.03375e-22
9.98198e-23
9.63834e-23
9.30624e-23
8.98531e-23
8.67519e-23
8.37553e-23
8.08598e-23
7.80623e-23
7.53595e-23
7.27483e-23
7.02258e-23
6.77891e-23
6.54352e-23
6.31616e-23
6.09656e-23
5.88445e-23
5.6796e-23
5.48176e-23
5.2907e-23
5.1062e-23
4.92803e-23
4.75598e-23
4.58986e-23
4.42945e-23
4.27457e-23
4.12504e-23
3.98067e-23
3.84129e-23
3.70673e-23
3.57683e-23
3.45143e-23
3.33038e-23
3.21353e-23
3.10074e-23
2.99186e-23
2.88678e-23
2.78534e-23
2.68745e-23
2.59296e-23
2.50177e-23
2.41375e-23
2.32882e-23
2.24684e-23
2.16774e-23
2.0914e-23
2.01773e-23
1.94663e-23
1.87803e-23
1.81184e-23
1.74796e-23
1.68632e-23
1.62685e-23
1.56946e-23
1.51409e-23
1.46067e-23
1.40912e-23
1.35938e-23
1.3114e-23
1.2651e-23
1.22043e-23
1.17733e-23
1.13576e-23
1.09564e-23
1.05695e-23
1.01961e-23
9.83592e-24
9.48844e-24
9.15321e-24
8.82982e-24
8.51784e-24
8.21688e-24
7.92654e-24
7.64646e-24
7.37627e-24
7.11563e-24
6.8642e-24
6.62166e-24
6.38769e-24
6.16199e-24
5.94427e-24
5.73425e-24
5.53166e-24
5.33624e-24
5.14773e-24
4.96589e-24
4.79048e-24
4.62128e-24
4.45807e-24
4.30064e-24
4.14877e-24
4.00229e-24
3.86098e-24
3.72468e-24
3.59321e-24
3.46639e-24
3.34406e-24
3.22606e-24
3.11224e-24
3.00244e-24
2.89654e-24
2.79438e-24
2.69584e-24
2.60079e-24
2.50911e-24
2.42067e-24
2.33536e-24
2.25307e-24
2.17369e-24
2.09712e-24
2.02326e-24
1.95202e-24
1.8833e-24
1.81701e-24
1.75306e-24
1.69138e-24
1.63188e-24
1.57448e-24
1.51911e-24
1.4657e-24
1.41418e-24
1.36449e-24
1.31655e-24
1.2703e-24
1.22569e-24
1.18265e-24
1.14114e-24
1.10109e-24
1.06246e-24
1.02519e-24
9.89239e-25
9.54557e-25
9.21099e-25
8.88823e-25
8.57686e-25
8.27648e-25
7.98669e-25
7.70713e-25
7.43744e-25
7.17725e-25
6.92624e-25
6.68408e-25
6.45045e-25
6.22506e-25
6.00761e-25
5.79783e-25
5.59543e-25
5.40016e-25
5.21176e-25
5.03e-25
4.85464e-25
4.68545e-25
4.52221e-25
4.36471e-25
4.21275e-25
4.06614e-25
3.92468e-25
3.7882e-25
3.6565e-25
3.52944e-25
3.40684e-25
3.28855e-25
3.17441e-25
3.06428e-25
2.95801e-25
2.85547e-25
2.75653e-25
2.66107e-25
2.56895e-25
2.48006e-25
2.39428e-25
2.31152e-25
2.23165e-25
2.15459e-25
2.08022e-25
2.00846e-25
1.93921e-25
1.87239e-25
1.80791e-25
1.74568e-25
1.68564e-25
1.62769e-25
1.57177e-25
1.51781e-25
1.46574e-25
1.41549e-25
1.367e-25
1.3202e-25
1.27504e-25
1.23146e-25
1.18941e-25
1.14882e-25
1.10966e-25
1.07187e-25
1.03539e-25
1.0002e-25
9.66235e-26
9.3346e-26
9.01833e-26
8.71313e-26
8.41862e-26
8.13443e-26
7.8602e-26
7.59559e-26
7.34026e-26
7.0939e-26
6.85618e-26
6.62682e-26
6.40553e-26
6.19202e-26
5.98604e-26
5.78732e-26
5.59561e-26
5.41067e-26
5.23228e-26
5.06021e-26
4.89425e-26
4.73418e-26
4.57981e-26
4.43094e-26
4.2874e-26
4.14899e-26
4.01556e-26
3.88693e-26
3.76294e-26
3.64344e-26
3.52828e-26
3.41732e-26
3.31042e-26
3.20745e-26
3.10828e-26
3.01279e-26
2.92086e-26
2.83237e-26
2.74722e-26
2.6653e-26
2.58651e-26
2.51075e-26
2.43794e-26
2.36797e-26
2.30077e-26
2.23625e-26
2.17433e-26
2.11494e-26
2.058e-26
2.00344e-26
1.9512e-26
1.90121e-26
1.85341e-26
1.80774e-26
1.76415e-26
1.72258e-26
1.68298e-26
1.64531e-26
1.60951e-26
1.57554e-26
1.54337e-26
1.51295e-26
1.48424e-26
1.45721e-26
1.43183e-26
1.40806e-26
1.38588e-26
1.36526e-26
1.34618e-26
1.3286e-26
1.31251e-26
1.29789e-26
1.28471e-26
1.27298e-26
1.26266e-26
1.25375e-26
1.24623e-26
1.2401e-26
1.23534e-26
1.23196e-26
1.22994e-26
1.22928e-26
1.22999e-26
1.23206e-26
1.23555e-26
1.2405e-26
1.24691e-26
1.2548e-26
1.26416e-26
1.275e-26
1.28731e-26
