20
5e+17
5e+18
49.9998
20.0009
26524.1
1.46003e-20
1.45715e-20
1.44864e-20
1.43955e-20
1.43014e-20
1.42051e-20
1.41067e-20
1.40067e-20
1.39051e-20
1.38021e-20
1.36978e-20
1.35924e-20
1.34858e-20
1.33781e-20
1.32693e-20
1.31593e-20
1.30482e-20
1.2936e-20
1.28228e-20
1.27086e-20
1.25933e-20
1.24772e-20
1.23601e-20
1.22421e-20
1.21234e-20
1.20038e-20
1.18835e-20
1.17625e-20
1.16409e-20
1.15186e-20
1.13958e-20
1.12724e-20
1.11486e-20
1.10243e-20
1.08996e-20
1.07745e-20
1.06491e-20
1.05234e-20
1.03975e-20
1.02714e-20
1.01451e-20
1.00187e-20
9.8922e-21
9.76567e-21
9.63914e-21
9.51264e-21
9.38621e-21
9.25989e-21
9.13371e-21
9.00771e-21
8.88192e-21
8.75638e-21
8.63112e-21
8.50618e-21
8.38158e-21
8.25736e-21
8.13354e-21
8.01017e-21
7.88726e-21
7.76485e-21
7.64296e-21
7.52162e-21
7.40087e-21
7.28071e-21
7.16118e-21
7.0423e-21
6.9241e-21
6.8066e-21
6.68981e-21
6.57377e-21
6.45848e-21
6.34397e-21
6.23027e-21
6.11737e-21
6.00531e-21
5.8941e-21
5.78375e-21
5.67428e-21
5.56571e-21
5.45805e-21
5.35134e-21
5.24557e-21
5.14078e-21
5.03698e-21
4.93418e-21
4.83241e-21
4.7317e-21
4.63206e-21
4.53354e-21
4.43613e-21
4.33987e-21
4.24479e-21
4.15092e-21
4.05828e-21
3.96691e-21
3.87682e-21
3.78803e-21
3.70055e-21
3.6144e-21
3.5296e-21
3.44614e-21
3.36403e-21
3.28329e-21
3.20391e-21
3.1259e-21
3.04926e-21
2.97399e-21
2.90007e-21
2.82752e-21
2.75633e-21
2.68649e-21
2.61799e-21
2.55084e-21
2.48501e-21
2.4205e-21
2.3573e-21
2.29541e-21
2.2348e-21
2.17547e-21
2.1174e-21
2.06058e-21
2.005e-21
1.95065e-21
1.8975e-21
1.84555e-21
1.79477e-21
1.74516e-21
1.69669e-21
1.64936e-21
1.60314e-21
1.55801e-21
1.51397e-21
1.47098e-21
1.42905e-21
1.38814e-21
1.34824e-21
1.30934e-21
1.27141e-21
1.23444e-21
1.19841e-21
1.1633e-21
1.1291e-21
1.09578e-21
1.06334e-21
1.03175e-21
1.00099e-21
9.71054e-22
9.41917e-22
9.13566e-22
8.85981e-22
8.59148e-22
8.33049e-22
8.07668e-22
7.82989e-22
7.58996e-22
7.35673e-22
7.13005e-22
6.90976e-22
6.69572e-22
6.48776e-22
6.28576e-22
6.08955e-22
5.89901e-22
5.71398e-22
5.53433e-22
5.35993e-22
5.19065e-22
5.02634e-22
4.86689e-22
4.71216e-22
4.56204e-22
4.4164e-22
4.27513e-22
4.1381e-22
4.00521e-22
3.87634e-22
3.75138e-22
3.63023e-22
3.51278e-22
3.39893e-22
3.28858e-22
3.18163e-22
3.07799e-22
2.97756e-22
2.88025e-22
2.78597e-22
2.69464e-22
2.60617e-22
2.52048e-22
2.43749e-22
2.35712e-22
2.27928e-22
2.20392e-22
2.13095e-22
2.06031e-22
1.99192e-22
1.92572e-22
1.86163e-22
1.79961e-22
1.73959e-22
1.68149e-22
1.62528e-22
1.57088e-22
1.51825e-22
1.46733e-22
1.41807e-22
1.37041e-22
1.3243e-22
1.27971e-22
1.23658e-22
1.19486e-22
1.15451e-22
1.11549e-22
1.07776e-22
1.04127e-22
1.00599e-22
9.71872e-23
9.38888e-23
9.07e-23
8.76171e-23
8.46368e-23
8.17558e-23
7.8971e-23
7.62791e-23
7.36773e-23
7.11625e-23
6.8732e-23
6.63831e-23
6.41131e-23
6.19194e-23
5.97996e-23
5.77511e-23
5.57718e-23
5.38592e-23
5.20113e-23
5.02259e-23
4.85009e-23
4.68344e-23
4.52243e-23
4.3669e-23
4.21664e-23
4.07149e-23
3.93128e-23
3.79584e-23
3.66502e-23
3.53865e-23
3.4166e-23
3.29872e-23
3.18486e-23
3.0749e-23
2.96869e-23
2.86613e-23
2.76707e-23
2.67141e-23
2.57903e-23
2.48982e-23
2.40368e-23
2.32049e-23
2.24016e-23
2.16259e-23
2.08769e-23
2.01537e-23
1.94554e-23
1.87811e-23
1.81301e-23
1.75016e-23
1.68947e-23
1.63087e-23
1.5743e-23
1.51968e-23
1.46695e-23
1.41604e-23
1.36689e-23
1.31944e-23
1.27364e-23
1.22941e-23
1.18672e-23
1.14551e-23
1.10572e-23
1.06731e-23
1.03024e-23
9.94447e-24
9.59897e-24
9.26545e-24
8.9435e-24
8.63272e-24
8.33272e-24
8.04314e-24
7.76361e-24
7.49379e-24
7.23334e-24
6.98194e-24
6.73927e-24
6.50504e-24
6.27894e-24
6.06071e-24
5.85006e-24
5.64673e-24
5.45048e-24
5.26105e-24
5.0782e-24
4.90172e-24
4.73138e-24
4.56696e-24
4.40827e-24
4.25509e-24
4.10725e-24
3.96455e-24
3.82682e-24
3.69388e-24
3.56556e-24
3.44172e-24
3.32218e-24
3.20681e-24
3.09545e-24
2.98797e-24
2.88423e-24
2.7841e-24
2.68746e-24
2.59418e-24
2.50415e-24
2.41725e-24
2.33338e-24
2.25243e-24
2.17429e-24
2.09888e-24
2.02609e-24
1.95583e-24
1.88802e-24
1.82257e-24
1.7594e-24
1.69842e-24
1.63957e-24
1.58277e-24
1.52794e-24
1.47502e-24
1.42394e-24
1.37463e-24
1.32705e-24
1.28111e-24
1.23678e-24
1.19398e-24
1.15268e-24
1.11281e-24
1.07433e-24
1.03718e-24
1.00133e-24
9.66718e-25
9.33312e-25
9.01067e-25
8.69943e-25
8.39899e-25
8.10899e-25
7.82907e-25
7.55886e-25
7.29804e-25
7.04627e-25
6.80325e-25
6.56865e-25
6.3422e-25
6.12361e-25
5.9126e-25
5.70891e-25
5.51229e-25
5.32249e-25
5.13926e-25
4.96239e-25
4.79166e-25
4.62684e-25
4.46773e-25
4.31413e-25
4.16586e-25
4.02272e-25
3.88455e-25
3.75115e-25
3.62238e-25
3.49806e-25
3.37805e-25
3.26219e-25
3.15034e-25
3.04237e-25
2.93812e-25
2.83749e-25
2.74033e-25
2.64654e-25
2.55598e-25
2.46856e-25
2.38416e-25
2.30268e-25
2.22402e-25
2.14807e-25
2.07475e-25
2.00396e-25
1.93562e-25
1.86964e-25
1.80593e-25
1.74443e-25
1.68505e-25
1.62773e-25
1.57238e-25
1.51895e-25
1.46736e-25
1.41755e-25
1.36946e-25
1.32304e-25
1.27821e-25
1.23494e-25
1.19316e-25
1.15283e-25
1.11388e-25
1.07629e-25
1.03999e-25
1.00495e-25
9.71122e-26
9.38463e-26
9.06935e-26
8.76498e-26
8.47116e-26
8.18751e-26
7.9137e-26
7.64939e-26
7.39426e-26
7.14798e-26
6.91027e-26
6.68083e-26
6.45937e-26
6.24564e-26
6.03937e-26
5.8403e-26
5.64819e-26
5.46281e-26
5.28394e-26
5.11135e-26
4.94484e-26
4.7842e-26
4.62923e-26
4.47976e-26
4.33559e-26
4.19655e-26
4.06248e-26
3.9332e-26
3.80857e-26
3.68843e-26
3.57264e-26
3.46106e-26
3.35355e-26
3.24998e-26
3.15023e-26
3.05417e-26
2.96169e-26
2.87269e-26
2.78704e-26
2.70465e-26
2.62542e-26
2.54926e-26
2.47607e-26
2.40576e-26
2.33825e-26
2.27346e-26
2.21131e-26
2.15173e-26
2.09464e-26
2.03998e-26
1.98768e-26
1.93768e-26
1.88991e-26
1.84433e-26
1.80088e-26
1.75951e-26
1.72016e-26
1.68279e-26
1.64735e-26
1.61381e-26
1.58212e-26
1.55225e-26
1.52416e-26
1.49782e-26
1.47319e-26
1.45025e-26
1.42897e-26
1.40933e-26
1.39129e-26
1.37485e-26
1.35998e-26
1.34667e-26
1.33489e-26
1.32464e-26
1.3159e-26
1.30867e-26
1.30292e-26
1.29867e-26
1.2959e-26
1.29462e-26
1.29481e-26
1.29656e-26
1.29987e-26
1.30477e-26
1.31127e-26
1.31936e-26
1.32904e-26
1.34032e-26
