20
1e+17
1e+17
50
20.0004
26524.1
1.12369e-20
1.12315e-20
1.12138e-20
1.11932e-20
1.11702e-20
1.11448e-20
1.11171e-20
1.10872e-20
1.10551e-20
1.10208e-20
1.09844e-20
1.09458e-20
1.09052e-20
1.08626e-20
1.08178e-20
1.07711e-20
1.07224e-20
1.06717e-20
1.0619e-20
1.05645e-20
1.0508e-20
1.04497e-20
1.03896e-20
1.03278e-20
1.02642e-20
1.01989e-20
1.01319e-20
1.00633e-20
9.9931e-21
9.92136e-21
9.84811e-21
9.7734e-21
9.69726e-21
9.61974e-21
9.54088e-21
9.46072e-21
9.37932e-21
9.29671e-21
9.21293e-21
9.12804e-21
9.04207e-21
8.95508e-21
8.8671e-21
8.77819e-21
8.68839e-21
8.59774e-21
8.5063e-21
8.4141e-21
8.3212e-21
8.22763e-21
8.13345e-21
8.0387e-21
7.94342e-21
7.84766e-21
7.75147e-21
7.65488e-21
7.55795e-21
7.46071e-21
7.36322e-21
7.2655e-21
7.16761e-21
7.06958e-21
6.97146e-21
6.87329e-21
6.77511e-21
6.67695e-21
6.57886e-21
6.48088e-21
6.38303e-21
6.28537e-21
6.18792e-21
6.09071e-21
5.9938e-21
5.8972e-21
5.80096e-21
5.7051e-21
5.60965e-21
5.51465e-21
5.42013e-21
5.32612e-21
5.23265e-21
5.13974e-21
5.04742e-21
4.95572e-21
4.86467e-21
4.7743e-21
4.68462e-21
4.59567e-21
4.50747e-21
4.42005e-21
4.33342e-21
4.24761e-21
4.16264e-21
4.07854e-21
3.99533e-21
3.91302e-21
3.83163e-21
3.75119e-21
3.6717e-21
3.59317e-21
3.51564e-21
3.43909e-21
3.36355e-21
3.28903e-21
3.21553e-21
3.14307e-21
3.07164e-21
3.00126e-21
2.93193e-21
2.86365e-21
2.79644e-21
2.73028e-21
2.66519e-21
2.60116e-21
2.5382e-21
2.4763e-21
2.41547e-21
2.35569e-21
2.29697e-21
2.23931e-21
2.1827e-21
2.12714e-21
2.07262e-21
2.01914e-21
1.96668e-21
1.91525e-21
1.86484e-21
1.81544e-21
1.76703e-21
1.71962e-21
1.6732e-21
1.62775e-21
1.58326e-21
1.53973e-21
1.49714e-21
1.45549e-21
1.41476e-21
1.37495e-21
1.33603e-21
1.29801e-21
1.26086e-21
1.22458e-21
1.18915e-21
1.15457e-21
1.12081e-21
1.08787e-21
1.05573e-21
1.02438e-21
9.93814e-22
9.64011e-22
9.3496e-22
9.06648e-22
8.79062e-22
8.52189e-22
8.26016e-22
8.00531e-22
7.75719e-22
7.51569e-22
7.28067e-22
7.052e-22
6.82955e-22
6.6132e-22
6.40283e-22
6.1983e-22
5.99949e-22
5.80627e-22
5.61853e-22
5.43615e-22
5.25899e-22
5.08695e-22
4.91991e-22
4.75775e-22
4.60035e-22
4.4476e-22
4.29939e-22
4.15562e-22
4.01616e-22
3.88092e-22
3.74979e-22
3.62266e-22
3.49943e-22
3.38001e-22
3.26428e-22
3.15217e-22
3.04356e-22
2.93838e-22
2.83651e-22
2.73789e-22
2.64241e-22
2.54999e-22
2.46054e-22
2.37399e-22
2.29024e-22
2.20923e-22
2.13087e-22
2.05509e-22
1.98181e-22
1.91096e-22
1.84246e-22
1.77626e-22
1.71227e-22
1.65044e-22
1.59069e-22
1.53297e-22
1.47722e-22
1.42337e-22
1.37136e-22
1.32114e-22
1.27266e-22
1.22585e-22
1.18066e-22
1.13705e-22
1.09497e-22
1.05435e-22
1.01517e-22
9.77367e-23
9.40901e-23
9.05728e-23
8.71806e-23
8.39093e-23
8.07551e-23
7.77139e-23
7.47821e-23
7.19559e-23
6.92319e-23
6.66065e-23
6.40765e-23
6.16386e-23
5.92897e-23
5.70266e-23
5.48466e-23
5.27467e-23
5.07241e-23
4.87761e-23
4.69003e-23
4.50939e-23
4.33547e-23
4.16802e-23
4.00681e-23
3.85163e-23
3.70226e-23
3.55849e-23
3.42013e-23
3.28698e-23
3.15885e-23
3.03556e-23
2.91694e-23
2.80282e-23
2.69303e-23
2.58742e-23
2.48584e-23
2.38813e-23
2.29416e-23
2.20378e-23
2.11687e-23
2.0333e-23
1.95295e-23
1.87569e-23
1.80141e-23
1.72999e-23
1.66134e-23
1.59535e-23
1.53192e-23
1.47095e-23
1.41236e-23
1.35604e-23
1.30192e-23
1.24991e-23
1.19993e-23
1.15191e-23
1.10576e-23
1.06143e-23
1.01884e-23
9.77919e-24
9.3861e-24
9.00848e-24
8.64574e-24
8.29732e-24
7.96266e-24
7.64123e-24
7.33252e-24
7.03604e-24
6.75132e-24
6.4779e-24
6.21534e-24
5.96322e-24
5.72114e-24
5.48869e-24
5.26552e-24
5.05125e-24
4.84554e-24
4.64805e-24
4.45846e-24
4.27647e-24
4.10176e-24
3.93407e-24
3.7731e-24
3.6186e-24
3.47031e-24
3.32799e-24
3.1914e-24
3.06031e-24
2.93451e-24
2.81378e-24
2.69793e-24
2.58677e-24
2.4801e-24
2.37775e-24
2.27954e-24
2.18532e-24
2.09492e-24
2.00818e-24
1.92498e-24
1.84515e-24
1.76858e-24
1.69512e-24
1.62466e-24
1.55706e-24
1.49223e-24
1.43005e-24
1.3704e-24
1.3132e-24
1.25834e-24
1.20572e-24
1.15526e-24
1.10687e-24
1.06047e-24
1.01597e-24
9.73304e-25
9.32392e-25
8.93165e-25
8.55554e-25
8.19494e-25
7.84922e-25
7.51778e-25
7.20005e-25
6.89545e-25
6.60346e-25
6.32357e-25
6.05529e-25
5.79814e-25
5.55167e-25
5.31545e-25
5.08905e-25
4.87208e-25
4.66415e-25
4.46489e-25
4.27395e-25
4.09098e-25
3.91567e-25
3.74769e-25
3.58675e-25
3.43256e-25
3.28484e-25
3.14332e-25
3.00775e-25
2.87789e-25
2.7535e-25
2.63435e-25
2.52022e-25
2.41092e-25
2.30624e-25
2.20599e-25
2.10999e-25
2.01806e-25
1.93003e-25
1.84575e-25
1.76504e-25
1.68778e-25
1.6138e-25
1.54299e-25
1.4752e-25
1.41031e-25
1.34819e-25
1.28874e-25
1.23184e-25
1.17738e-25
1.12527e-25
1.07539e-25
1.02767e-25
9.8201e-26
9.38319e-26
8.96519e-26
8.56528e-26
8.18272e-26
7.81676e-26
7.4667e-26
7.13188e-26
6.81165e-26
6.50538e-26
6.2125e-26
5.93242e-26
5.66461e-26
5.40854e-26
5.16372e-26
4.92966e-26
4.7059e-26
4.49201e-26
4.28756e-26
4.09215e-26
3.90539e-26
3.7269e-26
3.55634e-26
3.39337e-26
3.23764e-26
3.08886e-26
2.94673e-26
2.81095e-26
2.68124e-26
2.55736e-26
2.43904e-26
2.32604e-26
2.21814e-26
2.1151e-26
2.01673e-26
1.9228e-26
1.83314e-26
1.74755e-26
1.66585e-26
1.58788e-26
1.51347e-26
1.44246e-26
1.37471e-26
1.31007e-26
1.2484e-26
1.18957e-26
1.13347e-26
1.07995e-26
1.02892e-26
9.80264e-27
9.33871e-27
8.89645e-27
8.47488e-27
8.07309e-27
7.69019e-27
7.32535e-27
6.97776e-27
6.64665e-27
6.33129e-27
6.03098e-27
5.74503e-27
5.47282e-27
5.21374e-27
4.96718e-27
4.73261e-27
4.50948e-27
4.29729e-27
4.09555e-27
3.90379e-27
3.72158e-27
3.5485e-27
3.38413e-27
3.2281e-27
3.08005e-27
2.93962e-27
2.80648e-27
2.68032e-27
2.56084e-27
2.44776e-27
2.34079e-27
2.23969e-27
2.1442e-27
2.0541e-27
1.96917e-27
1.88919e-27
1.81397e-27
1.74332e-27
1.67706e-27
1.61503e-27
1.55707e-27
1.50303e-27
1.45277e-27
1.40615e-27
1.36306e-27
1.32338e-27
1.28701e-27
1.25384e-27
1.22377e-27
1.19674e-27
1.17264e-27
1.15142e-27
1.13301e-27
1.11734e-27
1.10437e-27
1.09405e-27
1.08632e-27
1.08117e-27
1.07855e-27
1.07845e-27
1.08084e-27
1.0857e-27
1.09304e-27
1.10284e-27
1.11512e-27
1.12992e-27
1.14727e-27
1.16722e-27
1.18978e-27
1.21497e-27
1.24282e-27
1.27336e-27
