20
2e+18
2e+17
49.9997
20.0005
26524.1
9.8862e-21
9.88515e-21
9.88024e-21
9.87334e-21
9.86445e-21
9.85358e-21
9.84073e-21
9.82591e-21
9.80914e-21
9.79042e-21
9.76977e-21
9.7472e-21
9.72272e-21
9.69635e-21
9.6681e-21
9.63799e-21
9.60603e-21
9.57225e-21
9.53666e-21
9.4993e-21
9.46016e-21
9.41929e-21
9.3767e-21
9.33243e-21
9.28649e-21
9.23891e-21
9.18972e-21
9.13894e-21
9.08662e-21
9.03277e-21
8.97743e-21
8.92063e-21
8.8624e-21
8.80278e-21
8.74179e-21
8.67947e-21
8.61587e-21
8.551e-21
8.48491e-21
8.41763e-21
8.3492e-21
8.27966e-21
8.20904e-21
8.13739e-21
8.06473e-21
7.99111e-21
7.91657e-21
7.84114e-21
7.76486e-21
7.68778e-21
7.60992e-21
7.53134e-21
7.45206e-21
7.37214e-21
7.2916e-21
7.21049e-21
7.12884e-21
7.04669e-21
6.96409e-21
6.88107e-21
6.79767e-21
6.71393e-21
6.62988e-21
6.54556e-21
6.46102e-21
6.37628e-21
6.29138e-21
6.20636e-21
6.12126e-21
6.0361e-21
5.95093e-21
5.86578e-21
5.78068e-21
5.69567e-21
5.61078e-21
5.52603e-21
5.44147e-21
5.35712e-21
5.27302e-21
5.18918e-21
5.10565e-21
5.02245e-21
4.93961e-21
4.85716e-21
4.77512e-21
4.69352e-21
4.61238e-21
4.53173e-21
4.45159e-21
4.37199e-21
4.29295e-21
4.21449e-21
4.13663e-21
4.05939e-21
3.9828e-21
3.90686e-21
3.83161e-21
3.75705e-21
3.6832e-21
3.61009e-21
3.53771e-21
3.4661e-21
3.39526e-21
3.3252e-21
3.25593e-21
3.18748e-21
3.11984e-21
3.05303e-21
2.98705e-21
2.92192e-21
2.85764e-21
2.79422e-21
2.73167e-21
2.66999e-21
2.60918e-21
2.54925e-21
2.49021e-21
2.43205e-21
2.37478e-21
2.31841e-21
2.26292e-21
2.20833e-21
2.15463e-21
2.10182e-21
2.0499e-21
1.99888e-21
1.94874e-21
1.89948e-21
1.85111e-21
1.80362e-21
1.757e-21
1.71125e-21
1.66637e-21
1.62235e-21
1.57918e-21
1.53686e-21
1.49539e-21
1.45475e-21
1.41494e-21
1.37596e-21
1.33779e-21
1.30042e-21
1.26386e-21
1.22809e-21
1.1931e-21
1.15888e-21
1.12543e-21
1.09273e-21
1.06078e-21
1.02957e-21
9.99081e-22
9.69312e-22
9.40251e-22
9.11887e-22
8.8421e-22
8.5721e-22
8.30876e-22
8.05199e-22
7.80168e-22
7.55772e-22
7.32e-22
7.08842e-22
6.86288e-22
6.64326e-22
6.42946e-22
6.22138e-22
6.01891e-22
5.82193e-22
5.63035e-22
5.44406e-22
5.26296e-22
5.08694e-22
4.91589e-22
4.74971e-22
4.5883e-22
4.43157e-22
4.27939e-22
4.13169e-22
3.98835e-22
3.84928e-22
3.71438e-22
3.58355e-22
3.4567e-22
3.33374e-22
3.21457e-22
3.0991e-22
2.98724e-22
2.87889e-22
2.77398e-22
2.67241e-22
2.5741e-22
2.47896e-22
2.38691e-22
2.29788e-22
2.21177e-22
2.12851e-22
2.04802e-22
1.97024e-22
1.89507e-22
1.82245e-22
1.75231e-22
1.68457e-22
1.61917e-22
1.55604e-22
1.49511e-22
1.43632e-22
1.3796e-22
1.3249e-22
1.27215e-22
1.22128e-22
1.17226e-22
1.12501e-22
1.07948e-22
1.03562e-22
9.93372e-23
9.5269e-23
9.13521e-23
8.75816e-23
8.39528e-23
8.04609e-23
7.71016e-23
7.38704e-23
7.07629e-23
6.77751e-23
6.49028e-23
6.21421e-23
5.94892e-23
5.69404e-23
5.4492e-23
5.21404e-23
4.98824e-23
4.77146e-23
4.56337e-23
4.36366e-23
4.17204e-23
3.9882e-23
3.81187e-23
3.64276e-23
3.48062e-23
3.32517e-23
3.17618e-23
3.0334e-23
2.89659e-23
2.76553e-23
2.63999e-23
2.51978e-23
2.40467e-23
2.29448e-23
2.189e-23
2.08807e-23
1.99149e-23
1.8991e-23
1.81072e-23
1.72621e-23
1.6454e-23
1.56814e-23
1.49429e-23
1.42372e-23
1.35628e-23
1.29185e-23
1.23031e-23
1.17153e-23
1.1154e-23
1.06181e-23
1.01065e-23
9.61824e-24
9.15227e-24
8.70767e-24
8.28352e-24
7.87894e-24
7.49309e-24
7.12516e-24
6.77437e-24
6.43998e-24
6.12127e-24
5.81755e-24
5.52815e-24
5.25245e-24
4.98984e-24
4.73972e-24
4.50155e-24
4.27479e-24
4.05891e-24
3.85344e-24
3.65789e-24
3.47181e-24
3.29477e-24
3.12636e-24
2.96618e-24
2.81385e-24
2.66899e-24
2.53128e-24
2.40037e-24
2.27594e-24
2.15769e-24
2.04533e-24
1.93858e-24
1.83717e-24
1.74085e-24
1.64938e-24
1.56252e-24
1.48005e-24
1.40177e-24
1.32746e-24
1.25694e-24
1.19002e-24
1.12653e-24
1.0663e-24
1.00916e-24
9.54976e-25
9.0359e-25
8.54867e-25
8.08674e-25
7.64887e-25
7.23385e-25
6.84054e-25
6.46784e-25
6.11473e-25
5.78022e-25
5.46336e-25
5.16327e-25
4.87909e-25
4.61e-25
4.35525e-25
4.1141e-25
3.88584e-25
3.66982e-25
3.4654e-25
3.27199e-25
3.08901e-25
2.91593e-25
2.75222e-25
2.59741e-25
2.45101e-25
2.3126e-25
2.18175e-25
2.05806e-25
1.94116e-25
1.83069e-25
1.7263e-25
1.62768e-25
1.53451e-25
1.4465e-25
1.36338e-25
1.28489e-25
1.21077e-25
1.1408e-25
1.07474e-25
1.01239e-25
9.53546e-26
8.98014e-26
8.45616e-26
7.96182e-26
7.49547e-26
7.05561e-26
6.64076e-26
6.24956e-26
5.8807e-26
5.53295e-26
5.20513e-26
4.89614e-26
4.60494e-26
4.33054e-26
4.07199e-26
3.8284e-26
3.59895e-26
3.38284e-26
3.17931e-26
2.98766e-26
2.80721e-26
2.63734e-26
2.47743e-26
2.32693e-26
2.1853e-26
2.05203e-26
1.92665e-26
1.8087e-26
1.69775e-26
1.59341e-26
1.49528e-26
1.40302e-26
1.31629e-26
1.23476e-26
1.15812e-26
1.08611e-26
1.01844e-26
9.54856e-27
8.95129e-27
8.39028e-27
7.86339e-27
7.36863e-27
6.90408e-27
6.46796e-27
6.0586e-27
5.67438e-27
5.31383e-27
4.97553e-27
4.65815e-27
4.36043e-27
4.08119e-27
3.81933e-27
3.5738e-27
3.34361e-27
3.12783e-27
2.92559e-27
2.73607e-27
2.55849e-27
2.39213e-27
2.2363e-27
2.09034e-27
1.95367e-27
1.82571e-27
1.70591e-27
1.59378e-27
1.48885e-27
1.39066e-27
1.29879e-27
1.21286e-27
1.1325e-27
1.05735e-27
9.87091e-28
9.21415e-28
8.60034e-28
8.02678e-28
7.49092e-28
6.9904e-28
6.52297e-28
6.08653e-28
5.67912e-28
5.29889e-28
4.94411e-28
4.61316e-28
4.30451e-28
4.01674e-28
3.74852e-28
3.49858e-28
3.26576e-28
3.04895e-28
2.84714e-28
2.65934e-28
2.48467e-28
2.32228e-28
2.17138e-28
2.03123e-28
1.90114e-28
1.78046e-28
1.6686e-28
1.56499e-28
1.46911e-28
1.38045e-28
1.29857e-28
1.22304e-28
1.15346e-28
1.08946e-28
1.0307e-28
9.76839e-29
9.27596e-29
8.82687e-29
8.41856e-29
8.04861e-29
7.71482e-29
7.41513e-29
7.14763e-29
6.91057e-29
6.70233e-29
6.52142e-29
6.36647e-29
6.23622e-29
6.12953e-29
6.04535e-29
5.98271e-29
5.94077e-29
5.91874e-29
5.91593e-29
5.93172e-29
5.96555e-29
6.01695e-29
6.08551e-29
6.17087e-29
6.27274e-29
6.39088e-29
6.52511e-29
6.6753e-29
6.84138e-29
7.0233e-29
7.22108e-29
7.43479e-29
7.66452e-29
7.91042e-29
8.17268e-29
8.45152e-29
8.74721e-29
9.06006e-29
9.39044e-29
9.73896e-29
1.01061e-28
1.04925e-28
1.08985e-28
1.13247e-28
1.17716e-28
1.22397e-28
