20
2e+18
1e+17
50
20.0002
26524.1
9.75752e-21
9.75677e-21
9.7528e-21
9.7469e-21
9.73907e-21
9.72929e-21
9.71757e-21
9.70391e-21
9.68833e-21
9.67083e-21
9.65143e-21
9.63013e-21
9.60695e-21
9.5819e-21
9.55499e-21
9.52625e-21
9.49569e-21
9.46332e-21
9.42917e-21
9.39326e-21
9.3556e-21
9.31622e-21
9.27515e-21
9.2324e-21
9.188e-21
9.14198e-21
9.09436e-21
9.04517e-21
8.99444e-21
8.9422e-21
8.88848e-21
8.8333e-21
8.7767e-21
8.71872e-21
8.65937e-21
8.59871e-21
8.53675e-21
8.47354e-21
8.40911e-21
8.34349e-21
8.27672e-21
8.20884e-21
8.13987e-21
8.06987e-21
7.99886e-21
7.92688e-21
7.85398e-21
7.78018e-21
7.70553e-21
7.63006e-21
7.55381e-21
7.47682e-21
7.39914e-21
7.32079e-21
7.24181e-21
7.16225e-21
7.08214e-21
7.00152e-21
6.92042e-21
6.8389e-21
6.75697e-21
6.67469e-21
6.59209e-21
6.5092e-21
6.42606e-21
6.34271e-21
6.25918e-21
6.17551e-21
6.09174e-21
6.0079e-21
5.92402e-21
5.84014e-21
5.75629e-21
5.67251e-21
5.58882e-21
5.50526e-21
5.42186e-21
5.33865e-21
5.25567e-21
5.17293e-21
5.09047e-21
5.00832e-21
4.92651e-21
4.84506e-21
4.764e-21
4.68335e-21
4.60315e-21
4.52341e-21
4.44416e-21
4.36542e-21
4.28721e-21
4.20956e-21
4.13249e-21
4.05602e-21
3.98016e-21
3.90494e-21
3.83038e-21
3.75649e-21
3.68328e-21
3.61078e-21
3.539e-21
3.46795e-21
3.39765e-21
3.32811e-21
3.25934e-21
3.19135e-21
3.12416e-21
3.05778e-21
2.9922e-21
2.92745e-21
2.86353e-21
2.80045e-21
2.73821e-21
2.67682e-21
2.61629e-21
2.55662e-21
2.49781e-21
2.43987e-21
2.3828e-21
2.3266e-21
2.27128e-21
2.21683e-21
2.16326e-21
2.11056e-21
2.05874e-21
2.0078e-21
1.95772e-21
1.90852e-21
1.86019e-21
1.81272e-21
1.76611e-21
1.72037e-21
1.67547e-21
1.63143e-21
1.58823e-21
1.54587e-21
1.50434e-21
1.46364e-21
1.42376e-21
1.38469e-21
1.34643e-21
1.30897e-21
1.27231e-21
1.23642e-21
1.20132e-21
1.16698e-21
1.1334e-21
1.10057e-21
1.06848e-21
1.03713e-21
1.0065e-21
9.76578e-22
9.47365e-22
9.18846e-22
8.91011e-22
8.63852e-22
8.37357e-22
8.11517e-22
7.86322e-22
7.6176e-22
7.37823e-22
7.14499e-22
6.91778e-22
6.6965e-22
6.48104e-22
6.2713e-22
6.06718e-22
5.86856e-22
5.67535e-22
5.48745e-22
5.30474e-22
5.12713e-22
4.95451e-22
4.78679e-22
4.62385e-22
4.46561e-22
4.31195e-22
4.16278e-22
4.01801e-22
3.87753e-22
3.74124e-22
3.60906e-22
3.48088e-22
3.35662e-22
3.23618e-22
3.11947e-22
3.00639e-22
2.89687e-22
2.7908e-22
2.68812e-22
2.58872e-22
2.49252e-22
2.39945e-22
2.30942e-22
2.22235e-22
2.13816e-22
2.05677e-22
1.97811e-22
1.9021e-22
1.82867e-22
1.75775e-22
1.68926e-22
1.62314e-22
1.55932e-22
1.49773e-22
1.4383e-22
1.38098e-22
1.3257e-22
1.27239e-22
1.221e-22
1.17147e-22
1.12375e-22
1.07777e-22
1.03348e-22
9.9083e-23
9.49766e-23
9.10238e-23
8.72196e-23
8.35592e-23
8.00378e-23
7.66509e-23
7.3394e-23
7.02628e-23
6.7253e-23
6.43605e-23
6.15814e-23
5.89116e-23
5.63475e-23
5.38853e-23
5.15214e-23
4.92525e-23
4.70751e-23
4.49859e-23
4.29818e-23
4.10597e-23
3.92166e-23
3.74496e-23
3.57559e-23
3.41327e-23
3.25776e-23
3.10878e-23
2.96609e-23
2.82946e-23
2.69865e-23
2.57344e-23
2.4536e-23
2.33895e-23
2.22926e-23
2.12435e-23
2.02403e-23
1.92811e-23
1.83642e-23
1.74878e-23
1.66505e-23
1.58505e-23
1.50864e-23
1.43566e-23
1.36599e-23
1.29947e-23
1.23598e-23
1.17539e-23
1.11759e-23
1.06244e-23
1.00985e-23
9.59701e-24
9.11887e-24
8.6631e-24
8.22873e-24
7.81483e-24
7.4205e-24
7.0449e-24
6.6872e-24
6.3466e-24
6.02235e-24
5.71371e-24
5.42e-24
5.14053e-24
4.87467e-24
4.6218e-24
4.38132e-24
4.15267e-24
3.93531e-24
3.72872e-24
3.53239e-24
3.34585e-24
3.16865e-24
3.00034e-24
2.84051e-24
2.68875e-24
2.54469e-24
2.40796e-24
2.27821e-24
2.1551e-24
2.03831e-24
1.92754e-24
1.82249e-24
1.72289e-24
1.62847e-24
1.53898e-24
1.45417e-24
1.37382e-24
1.29769e-24
1.22559e-24
1.15731e-24
1.09266e-24
1.03145e-24
9.73519e-25
9.18692e-25
8.66814e-25
8.17735e-25
7.71312e-25
7.27407e-25
6.85893e-25
6.46644e-25
6.09544e-25
5.7448e-25
5.41347e-25
5.10043e-25
4.80473e-25
4.52545e-25
4.26172e-25
4.01272e-25
3.77766e-25
3.55581e-25
3.34644e-25
3.1489e-25
2.96255e-25
2.78678e-25
2.62101e-25
2.46471e-25
2.31736e-25
2.17847e-25
2.04757e-25
1.92423e-25
1.80803e-25
1.69857e-25
1.59548e-25
1.49841e-25
1.40701e-25
1.32097e-25
1.24e-25
1.1638e-25
1.0921e-25
1.02466e-25
9.61221e-26
9.01565e-26
8.45473e-26
7.92741e-26
7.43177e-26
6.96597e-26
6.52829e-26
6.11711e-26
5.73088e-26
5.36815e-26
5.02755e-26
4.70778e-26
4.40761e-26
4.1259e-26
3.86156e-26
3.61354e-26
3.3809e-26
3.1627e-26
2.95809e-26
2.76625e-26
2.58642e-26
2.41787e-26
2.25992e-26
2.11194e-26
1.97331e-26
1.84347e-26
1.72188e-26
1.60803e-26
1.50146e-26
1.40171e-26
1.30836e-26
1.22102e-26
1.13932e-26
1.0629e-26
9.91434e-27
9.24614e-27
8.62149e-27
8.03765e-27
7.49205e-27
6.98227e-27
6.50604e-27
6.06124e-27
5.64587e-27
5.25804e-27
4.896e-27
4.55808e-27
4.24275e-27
3.94853e-27
3.67408e-27
3.4181e-27
3.17939e-27
2.95683e-27
2.74936e-27
2.556e-27
2.37582e-27
2.20795e-27
2.05158e-27
1.90595e-27
1.77034e-27
1.64408e-27
1.52656e-27
1.41719e-27
1.31543e-27
1.22075e-27
1.13269e-27
1.0508e-27
9.74657e-28
9.03873e-28
8.38083e-28
7.76947e-28
7.20146e-28
6.67382e-28
6.18379e-28
5.72876e-28
5.30632e-28
4.91422e-28
4.55034e-28
4.21272e-28
3.89953e-28
3.60906e-28
3.33972e-28
3.09001e-28
2.85857e-28
2.64409e-28
2.44538e-28
2.26132e-28
2.09087e-28
1.93306e-28
1.78698e-28
1.6518e-28
1.52674e-28
1.41107e-28
1.30411e-28
1.20524e-28
1.11387e-28
1.02946e-28
9.51509e-29
8.79547e-29
8.13139e-29
7.51883e-29
6.95404e-29
6.43355e-29
5.95414e-29
5.51282e-29
5.10684e-29
4.73363e-29
4.39081e-29
4.07619e-29
3.78773e-29
3.52356e-29
3.28193e-29
3.06125e-29
2.86002e-29
2.67689e-29
2.51058e-29
2.35994e-29
2.2239e-29
2.10146e-29
1.99174e-29
1.89389e-29
1.80715e-29
1.73084e-29
1.66432e-29
1.607e-29
1.55836e-29
1.51792e-29
1.48525e-29
1.45996e-29
1.44169e-29
1.43014e-29
1.42503e-29
1.42612e-29
1.43318e-29
1.44604e-29
1.46454e-29
1.48854e-29
1.51794e-29
1.55266e-29
1.59262e-29
1.6378e-29
1.68817e-29
1.74373e-29
1.80449e-29
1.87049e-29
1.94178e-29
2.01843e-29
2.10051e-29
2.18814e-29
2.28142e-29
2.38048e-29
2.48552e-29
2.5967e-29
2.71421e-29
2.83824e-29
2.96898e-29
3.10663e-29
3.25144e-29
