101
0.600000	0.610000	0.620000	0.630000	0.640000	0.650000	0.660000	0.670000	0.680000	0.690000	0.700000	0.710000	0.720000	0.730000	0.740000	0.750000	0.760000	0.770000	0.780000	0.790000	0.800000	0.810000	0.820000	0.830000	0.840000	0.850000	0.860000	0.870000	0.880000	0.890000	0.900000	0.910000	0.920000	0.930000	0.940000	0.950000	0.960000	0.970000	0.980000	0.990000	1.000000	1.010000	1.020000	1.030000	1.040000	1.050000	1.060000	1.070000	1.080000	1.090000	1.100000	1.110000	1.120000	1.130000	1.140000	1.150000	1.160000	1.170000	1.180000	1.190000	1.200000	1.210000	1.220000	1.230000	1.240000	1.250000	1.260000	1.270000	1.280000	1.290000	1.300000	1.310000	1.320000	1.330000	1.340000	1.350000	1.360000	1.370000	1.380000	1.390000	1.400000	1.410000	1.420000	1.430000	1.440000	1.450000	1.460000	1.470000	1.480000	1.490000	1.500000	1.510000	1.520000	1.530000	1.540000	1.550000	1.560000	1.570000	1.580000	1.590000	1.600000	
0.000000	0.003334	0.016683	0.044836	0.092204	0.162749	0.259919	0.386599	0.545076	0.737017	0.963452	1.224782	1.520785	1.850645	2.212975	2.605866	3.026926	3.473337	3.941910	4.429146	4.931297	5.444427	5.964481	6.487340	7.008882	7.525039	8.031849	8.525507	9.002404	9.459167	9.892695	10.300185	10.679151	11.027446	11.343272	11.625182	11.872088	12.083251	12.258277	12.397108	12.500000	12.567512	12.600481	12.600002	12.567405	12.504223	12.412175	12.293131	12.149091	11.982155	11.794500	11.588351	11.365961	11.129585	10.881462	10.623792	10.358721	10.088323	9.814586	9.539400	9.264548	8.991693	8.722375	8.458003	8.199855	7.949071	7.706658	7.473486	7.250292	7.037682	6.836139	6.646021	6.467574	6.300933	6.146130	6.003103	5.871704	5.751702	5.642795	5.544618	5.456747	5.378713	5.310001	5.250066	5.198333	5.154208	5.117083	5.086339	5.061357	5.041520	5.026215	5.014843	5.006818	5.001573	4.998561	4.997259	4.997171	4.997827	4.998786	4.999637	5.000000	
0.000000E+000	7.330157E+012	3.394943E+013	8.673014E+013	1.723957E+014	2.974541E+014	4.681326E+014	6.903155E+014	9.694844E+014	1.310663E+015	1.718362E+015	2.196538E+015	2.748543E+015	3.377094E+015	4.084237E+015	4.871323E+015	5.738988E+015	6.687140E+015	7.714954E+015	8.820868E+015	1.000259E+016	1.125712E+016	1.258076E+016	1.396913E+016	1.541722E+016	1.691942E+016	1.846955E+016	2.006094E+016	2.168644E+016	2.333851E+016	2.500925E+016	2.669051E+016	2.837389E+016	3.005088E+016	3.171287E+016	3.335125E+016	3.495749E+016	3.652317E+016	3.804009E+016	3.950031E+016	4.089624E+016	4.222067E+016	4.346686E+016	4.462857E+016	4.570014E+016	4.667649E+016	4.755322E+016	4.832658E+016	4.899356E+016	4.955188E+016	5.000000E+016	5.033715E+016	5.056333E+016	5.067929E+016	5.068655E+016	5.058735E+016	5.038467E+016	5.008215E+016	4.968411E+016	4.919545E+016	4.862166E+016	4.796876E+016	4.724320E+016	4.645187E+016	4.560197E+016	4.470101E+016	4.375671E+016	4.277691E+016	4.176956E+016	4.074259E+016	3.970388E+016	3.866119E+016	3.762204E+016	3.659374E+016	3.558323E+016	3.459709E+016	3.364143E+016	3.272190E+016	3.184359E+016	3.101100E+016	3.022802E+016	2.949788E+016	2.882315E+016	2.820569E+016	2.764666E+016	2.714649E+016	2.670491E+016	2.632096E+016	2.599296E+016	2.571856E+016	2.549478E+016	2.531800E+016	2.518406E+016	2.508823E+016	2.502531E+016	2.498966E+016	2.497526E+016	2.497578E+016	2.498462E+016	2.499499E+016	2.500000E+016	
0.000000E+000
0.000000E+000
0.000000E+000
2.628762E-154
3.162366E-075
1.319865E-042
1.529637E-026
1.244328E-017
3.047768E-012
9.272683E-009
2.193838E-006
1.074415E-004
1.900168E-003
1.693131E-002
9.358862E-002
3.672321E-001
1.119410E+000
2.820065E+000
6.133064E+000
1.188137E+001
2.098160E+001
3.436350E+001
5.288936E+001
7.728428E+001
1.080835E+002
1.455985E+002
1.899014E+002
2.408241E+002
2.979705E+002
3.607368E+002
4.283383E+002
4.998399E+002
5.741883E+002
6.502450E+002
7.268181E+002
8.026938E+002
8.766653E+002
9.475598E+002
1.014264E+003
1.075745E+003
1.131072E+003
1.179431E+003
1.220141E+003
1.252663E+003
1.276610E+003
1.291748E+003
1.298003E+003
1.295456E+003
1.284338E+003
1.265022E+003
1.238014E+003
1.203937E+003
1.163513E+003
1.117548E+003
1.066909E+003
1.012502E+003
9.552507E+002
8.960743E+002
8.358659E+002
7.754724E+002
7.156774E+002
6.571858E+002
6.006129E+002
5.464757E+002
4.951893E+002
4.470663E+002
4.023194E+002
3.610685E+002
3.233485E+002
2.891204E+002
2.582836E+002
2.306877E+002
2.061453E+002
1.844436E+002
1.653547E+002
1.486453E+002
1.340837E+002
1.214460E+002
1.105205E+002
1.011104E+002
9.303555E+001
8.613342E+001
8.025854E+001
7.528200E+001
7.109024E+001
6.758365E+001
6.467503E+001
6.228800E+001
6.035540E+001
5.881786E+001
5.762239E+001
5.672112E+001
5.607027E+001
5.562914E+001
5.535939E+001
5.522438E+001
5.518877E+001
5.521819E+001
5.527909E+001
5.533879E+001
5.536555E+001
