101
0.600000	0.610000	0.620000	0.630000	0.640000	0.650000	0.660000	0.670000	0.680000	0.690000	0.700000	0.710000	0.720000	0.730000	0.740000	0.750000	0.760000	0.770000	0.780000	0.790000	0.800000	0.810000	0.820000	0.830000	0.840000	0.850000	0.860000	0.870000	0.880000	0.890000	0.900000	0.910000	0.920000	0.930000	0.940000	0.950000	0.960000	0.970000	0.980000	0.990000	1.000000	1.010000	1.020000	1.030000	1.040000	1.050000	1.060000	1.070000	1.080000	1.090000	1.100000	1.110000	1.120000	1.130000	1.140000	1.150000	1.160000	1.170000	1.180000	1.190000	1.200000	1.210000	1.220000	1.230000	1.240000	1.250000	1.260000	1.270000	1.280000	1.290000	1.300000	1.310000	1.320000	1.330000	1.340000	1.350000	1.360000	1.370000	1.380000	1.390000	1.400000	1.410000	1.420000	1.430000	1.440000	1.450000	1.460000	1.470000	1.480000	1.490000	1.500000	1.510000	1.520000	1.530000	1.540000	1.550000	1.560000	1.570000	1.580000	1.590000	1.600000	
0.000000	0.002000	0.010010	0.026901	0.055322	0.097649	0.155951	0.231959	0.327046	0.442210	0.578071	0.734869	0.912471	1.110387	1.327785	1.563519	1.816156	2.084002	2.365146	2.657488	2.958778	3.266656	3.578689	3.892404	4.205329	4.515023	4.819110	5.115304	5.401442	5.675500	5.935617	6.180111	6.407490	6.616468	6.805963	6.975109	7.123253	7.249950	7.354966	7.438265	7.500000	7.540507	7.560288	7.560001	7.540443	7.502534	7.447305	7.375879	7.289455	7.189293	7.076700	6.953011	6.819577	6.677751	6.528877	6.374275	6.215232	6.052994	5.888751	5.723640	5.558729	5.395016	5.233425	5.074802	4.919913	4.769443	4.623995	4.484092	4.350175	4.222609	4.101683	3.987613	3.880545	3.780560	3.687678	3.601862	3.523022	3.451021	3.385677	3.326771	3.274048	3.227228	3.186001	3.150040	3.119000	3.092525	3.070250	3.051803	3.036814	3.024912	3.015729	3.008906	3.004091	3.000944	2.999136	2.998356	2.998303	2.998696	2.999272	2.999782	3.000000	
0.000000E+000	7.330157E+012	3.394943E+013	8.673014E+013	1.723957E+014	2.974541E+014	4.681326E+014	6.903155E+014	9.694844E+014	1.310663E+015	1.718362E+015	2.196538E+015	2.748543E+015	3.377094E+015	4.084237E+015	4.871323E+015	5.738988E+015	6.687140E+015	7.714954E+015	8.820868E+015	1.000259E+016	1.125712E+016	1.258076E+016	1.396913E+016	1.541722E+016	1.691942E+016	1.846955E+016	2.006094E+016	2.168644E+016	2.333851E+016	2.500925E+016	2.669051E+016	2.837389E+016	3.005088E+016	3.171287E+016	3.335125E+016	3.495749E+016	3.652317E+016	3.804009E+016	3.950031E+016	4.089624E+016	4.222067E+016	4.346686E+016	4.462857E+016	4.570014E+016	4.667649E+016	4.755322E+016	4.832658E+016	4.899356E+016	4.955188E+016	5.000000E+016	5.033715E+016	5.056333E+016	5.067929E+016	5.068655E+016	5.058735E+016	5.038467E+016	5.008215E+016	4.968411E+016	4.919545E+016	4.862166E+016	4.796876E+016	4.724320E+016	4.645187E+016	4.560197E+016	4.470101E+016	4.375671E+016	4.277691E+016	4.176956E+016	4.074259E+016	3.970388E+016	3.866119E+016	3.762204E+016	3.659374E+016	3.558323E+016	3.459709E+016	3.364143E+016	3.272190E+016	3.184359E+016	3.101100E+016	3.022802E+016	2.949788E+016	2.882315E+016	2.820569E+016	2.764666E+016	2.714649E+016	2.670491E+016	2.632096E+016	2.599296E+016	2.571856E+016	2.549478E+016	2.531800E+016	2.518406E+016	2.508823E+016	2.502531E+016	2.498966E+016	2.497526E+016	2.497578E+016	2.498462E+016	2.499499E+016	2.500000E+016	
0.000000E+000
0.000000E+000
0.000000E+000
1.900352E-256
5.950662E-125
7.934510E-071
2.952324E-044
1.397718E-029
9.370961E-021
4.333954E-015
2.919091E-011
1.457178E-008
1.358915E-006
4.115738E-005
5.717395E-004
4.554926E-003
2.416012E-002
9.451964E-002
2.930953E-001
7.585785E-001
1.701828E+000
3.403870E+000
6.200267E+000
1.045478E+001
1.652713E+001
2.473994E+001
3.534901E+001
4.851980E+001
6.431158E+001
8.266970E+001
1.034254E+002
1.263020E+002
1.509272E+002
1.768481E+002
2.035501E+002
2.304772E+002
2.570519E+002
2.826964E+002
3.068513E+002
3.289935E+002
3.486521E+002
3.654217E+002
3.789729E+002
3.890602E+002
3.955272E+002
3.983083E+002
3.974279E+002
3.929966E+002
3.852051E+002
3.743156E+002
3.606508E+002
3.445825E+002
3.265175E+002
3.068844E+002
2.861191E+002
2.646518E+002
2.428941E+002
2.212282E+002
1.999972E+002
1.794987E+002
1.599794E+002
1.416330E+002
1.246001E+002
1.089704E+002
9.478635E+001
8.204885E+001
7.072332E+001
6.074672E+001
5.203454E+001
4.448753E+001
3.799786E+001
3.245444E+001
2.774731E+001
2.377101E+001
2.042705E+001
1.762544E+001
1.528552E+001
1.333615E+001
1.171548E+001
1.037041E+001
9.255787E+000
8.333566E+000
7.571919E+000
6.944360E+000
6.428933E+000
6.007476E+000
5.664969E+000
5.388964E+000
5.169100E+000
4.996686E+000
4.864354E+000
4.765770E+000
4.695393E+000
4.648278E+000
4.619924E+000
4.606152E+000
4.603013E+000
4.606728E+000
4.613657E+000
4.620282E+000
4.623216E+000
