  1  2 0.00E+00
  1  3 1.56E+08
  1  4 0.00E+00
  1  5 4.24E+08
  1  6 0.00E+00
  1  7 0.00E+00
  1  8 0.00E+00
  1  9 0.00E+00
  1 10 0.00E+00
  1 11 0.00E+00
  1 12 1.49E+06
  1 13 0.00E+00
  1 14 0.00E+00
  1 15 8.58E+07
  1 16 3.37E+07
  1 17 3.78E+08
  1 18 0.00E+00
  1 19 0.00E+00
  1 20 1.32E+07
  1 21 1.82E+07
  1 22 0.00E+00
  1 23 0.00E+00
  1 24 0.00E+00
  1 25 0.00E+00
  1 26 5.30E+05
  1 27 9.81E+06
  1 28 0.00E+00
  1 29 0.00E+00
  1 30 0.00E+00
  1 31 0.00E+00
  1 32 0.00E+00
  1 33 9.80E+06
  1 34 0.00E+00
  1 35 0.00E+00
  1 36 0.00E+00
  1 37 0.00E+00
  1 38 0.00E+00
  1 39 0.00E+00
  1 40 0.00E+00
  1 41 0.00E+00
  1 42 0.00E+00
  1 43 0.00E+00
  1 44 0.00E+00
  1 45 0.00E+00
  1 46 0.00E+00
  1 47 0.00E+00
  1 48 0.00E+00
  1 49 0.00E+00
  1 50 0.00E+00
  1 51 0.00E+00
  1 52 0.00E+00
  1 53 0.00E+00
  1 54 0.00E+00
  1 55 0.00E+00
  1 56 0.00E+00
  1 57 0.00E+00
  1 58 0.00E+00
  1 59 0.00E+00
  1 60 0.00E+00
  1 61 0.00E+00
  1 62 0.00E+00
  1 63 0.00E+00
  1 64 0.00E+00
  1 65 0.00E+00
  2  3 0.00E+00
  2  4 0.00E+00
  2  5 0.00E+00
  2  6 1.89E+07
  2  7 2.08E+07
  2  8 2.61E+06
  2  9 6.39E+06
  2 10 0.00E+00
  2 11 0.00E+00
  2 12 0.00E+00
  2 13 0.00E+00
  2 14 0.00E+00
  2 15 0.00E+00
  2 16 0.00E+00
  2 17 0.00E+00
  2 18 6.82E+05
  2 19 1.37E+05
  2 20 0.00E+00
  2 21 0.00E+00
  2 22 0.00E+00
  2 23 0.00E+00
  2 24 1.00E+05
  2 25 5.00E+05
  2 26 0.00E+00
  2 27 0.00E+00
  2 28 0.00E+00
  2 29 0.00E+00
  2 30 7.40E+04
  2 31 3.50E+05
  2 32 0.00E+00
  2 33 0.00E+00
  2 34 0.00E+00
  2 35 0.00E+00
  2 36 3.80E+04
  2 37 2.60E+05
  2 38 0.00E+00
  2 39 0.00E+00
  2 40 0.00E+00
  2 41 0.00E+00
  2 42 0.00E+00
  2 43 0.00E+00
  2 44 0.00E+00
  2 45 8.80E+03
  2 46 0.00E+00
  2 47 3.50E+03
  2 48 0.00E+00
  2 49 2.10E+03
  2 50 0.00E+00
  2 51 1.30E+03
  2 52 0.00E+00
  2 53 8.80E+02
  2 54 0.00E+00
  2 55 5.80E+02
  2 56 0.00E+00
  2 57 3.90E+02
  2 58 0.00E+00
  2 59 2.60E+02
  2 60 0.00E+00
  2 61 1.90E+02
  2 62 0.00E+00
  2 63 1.30E+02
  2 64 0.00E+00
  2 65 1.00E+02
  3  4 0.00E+00
  3  5 0.00E+00
  3  6 5.43E+06
  3  7 9.25E+06
  3  8 5.30E+06
  3  9 1.83E+06
  3 10 4.02E+07
  3 11 2.36E+05
  3 12 0.00E+00
  3 13 0.00E+00
  3 14 0.00E+00
  3 15 0.00E+00
  3 16 0.00E+00
  3 17 0.00E+00
  3 18 3.52E+05
  3 19 1.56E+05
  3 20 0.00E+00
  3 21 0.00E+00
  3 22 0.00E+00
  3 23 0.00E+00
  3 24 1.20E+05
  3 25 2.30E+05
  3 26 0.00E+00
  3 27 0.00E+00
  3 28 0.00E+00
  3 29 0.00E+00
  3 30 4.60E+04
  3 31 2.20E+05
  3 32 0.00E+00
  3 33 0.00E+00
  3 34 0.00E+00
  3 35 0.00E+00
  3 36 2.20E+04
  3 37 1.50E+05
  3 38 0.00E+00
  3 39 0.00E+00
  3 40 0.00E+00
  3 41 0.00E+00
  3 42 0.00E+00
  3 43 0.00E+00
  3 44 0.00E+00
  3 45 4.10E+03
  3 46 0.00E+00
  3 47 2.10E+03
  3 48 0.00E+00
  3 49 1.30E+03
  3 50 0.00E+00
  3 51 7.90E+02
  3 52 0.00E+00
  3 53 5.30E+02
  3 54 0.00E+00
  3 55 3.40E+02
  3 56 0.00E+00
  3 57 2.40E+02
  3 58 0.00E+00
  3 59 1.60E+02
  3 60 0.00E+00
  3 61 1.10E+02
  3 62 0.00E+00
  3 63 7.90E+01
  3 64 0.00E+00
  3 65 6.00E+01
  4  5 0.00E+00
  4  6 9.80E+05
  4  7 3.65E+05
  4  8 6.98E+06
  4  9 1.17E+07
  4 10 0.00E+00
  4 11 0.00E+00
  4 12 0.00E+00
  4 13 0.00E+00
  4 14 0.00E+00
  4 15 0.00E+00
  4 16 0.00E+00
  4 17 0.00E+00
  4 18 1.21E+04
  4 19 2.75E+05
  4 20 0.00E+00
  4 21 0.00E+00
  4 22 0.00E+00
  4 23 0.00E+00
  4 24 1.70E+05
  4 25 3.00E+01
  4 26 0.00E+00
  4 27 0.00E+00
  4 28 0.00E+00
  4 29 0.00E+00
  4 30 9.40E+04
  4 31 4.30E+03
  4 32 0.00E+00
  4 33 0.00E+00
  4 34 0.00E+00
  4 35 0.00E+00
  4 36 8.70E+04
  4 37 1.20E+03
  4 38 0.00E+00
  4 39 0.00E+00
  4 40 0.00E+00
  4 41 0.00E+00
  4 42 0.00E+00
  4 43 0.00E+00
  4 44 3.40E+03
  4 45 0.00E+00
  4 46 1.40E+03
  4 47 0.00E+00
  4 48 8.50E+02
  4 49 0.00E+00
  4 50 5.30E+02
  4 51 0.00E+00
  4 52 3.50E+02
  4 53 0.00E+00
  4 54 2.30E+02
  4 55 0.00E+00
  4 56 1.60E+02
  4 57 0.00E+00
  4 58 1.10E+02
  4 59 0.00E+00
  4 60 7.50E+01
  4 61 0.00E+00
  4 62 5.30E+01
  4 63 0.00E+00
  4 64 4.00E+01
  4 65 0.00E+00
  5  6 1.90E+05
  5  7 1.78E+06
  5  8 1.92E+07
  5  9 1.53E+07
  5 10 1.00E+03
  5 11 4.45E+07
  5 12 0.00E+00
  5 13 0.00E+00
  5 14 0.00E+00
  5 15 0.00E+00
  5 16 0.00E+00
  5 17 0.00E+00
  5 18 8.39E+04
  5 19 7.39E+05
  5 20 0.00E+00
  5 21 0.00E+00
  5 22 0.00E+00
  5 23 0.00E+00
  5 24 1.90E+05
  5 25 3.90E+04
  5 26 0.00E+00
  5 27 0.00E+00
  5 28 0.00E+00
  5 29 0.00E+00
  5 30 2.30E+05
  5 31 6.70E+03
  5 32 0.00E+00
  5 33 0.00E+00
  5 34 0.00E+00
  5 35 0.00E+00
  5 36 1.80E+05
  5 37 2.60E+03
  5 38 0.00E+00
  5 39 0.00E+00
  5 40 0.00E+00
  5 41 0.00E+00
  5 42 0.00E+00
  5 43 0.00E+00
  5 44 6.90E+03
  5 45 0.00E+00
  5 46 4.20E+03
  5 47 0.00E+00
  5 48 2.60E+03
  5 49 0.00E+00
  5 50 1.60E+03
  5 51 0.00E+00
  5 52 1.10E+03
  5 53 0.00E+00
  5 54 6.90E+02
  5 55 0.00E+00
  5 56 4.70E+02
  5 57 0.00E+00
  5 58 3.20E+02
  5 59 0.00E+00
  5 60 2.30E+02
  5 61 0.00E+00
  5 62 1.60E+02
  5 63 0.00E+00
  5 64 1.20E+02
  5 65 0.00E+00
  6  7 0.00E+00
  6  8 0.00E+00
  6  9 0.00E+00
  6 10 0.00E+00
  6 11 0.00E+00
  6 12 8.50E+06
  6 13 0.00E+00
  6 14 0.00E+00
  6 15 1.80E+06
  6 16 1.90E+06
  6 17 0.00E+00
  6 18 0.00E+00
  6 19 0.00E+00
  6 20 4.00E+05
  6 21 7.50E+04
  6 22 0.00E+00
  6 23 0.00E+00
  6 24 0.00E+00
  6 25 0.00E+00
  6 26 1.10E+05
  6 27 3.70E+05
  6 28 0.00E+00
  6 29 0.00E+00
  6 30 0.00E+00
  6 31 0.00E+00
  6 32 5.90E+04
  6 33 2.40E+05
  6 34 0.00E+00
  6 35 0.00E+00
  6 36 0.00E+00
  6 37 0.00E+00
  6 38 0.00E+00
  6 39 2.50E+05
  6 40 0.00E+00
  6 41 0.00E+00
  6 42 0.00E+00
  6 43 8.30E+03
  6 44 0.00E+00
  6 45 3.50E+03
  6 46 0.00E+00
  6 47 2.00E+03
  6 48 0.00E+00
  6 49 1.20E+03
  6 50 0.00E+00
  6 51 7.70E+02
  6 52 0.00E+00
  6 53 5.00E+02
  6 54 0.00E+00
  6 55 3.30E+02
  6 56 0.00E+00
  6 57 2.20E+02
  6 58 0.00E+00
  6 59 1.60E+02
  6 60 0.00E+00
  6 61 1.10E+02
  6 62 0.00E+00
  6 63 8.00E+01
  6 64 0.00E+00
  6 65 5.60E+01
  7  8 0.00E+00
  7  9 0.00E+00
  7 10 0.00E+00
  7 11 0.00E+00
  7 12 3.30E+06
  7 13 1.60E+07
  7 14 0.00E+00
  7 15 2.40E+06
  7 16 1.70E+07
  7 17 0.00E+00
  7 18 0.00E+00
  7 19 0.00E+00
  7 20 2.10E+06
  7 21 2.00E+05
  7 22 0.00E+00
  7 23 0.00E+00
  7 24 0.00E+00
  7 25 0.00E+00
  7 26 2.80E+07
  7 27 1.90E+06
  7 28 0.00E+00
  7 29 0.00E+00
  7 30 0.00E+00
  7 31 0.00E+00
  7 32 6.50E+05
  7 33 1.30E+06
  7 34 0.00E+00
  7 35 0.00E+00
  7 36 0.00E+00
  7 37 0.00E+00
  7 38 0.00E+00
  7 39 1.20E+06
  7 40 0.00E+00
  7 41 0.00E+00
  7 42 0.00E+00
  7 43 5.50E+04
  7 44 0.00E+00
  7 45 2.30E+04
  7 46 0.00E+00
  7 47 1.40E+04
  7 48 0.00E+00
  7 49 8.00E+03
  7 50 0.00E+00
  7 51 5.00E+03
  7 52 0.00E+00
  7 53 3.30E+03
  7 54 0.00E+00
  7 55 2.20E+03
  7 56 0.00E+00
  7 57 1.50E+03
  7 58 0.00E+00
  7 59 1.00E+03
  7 60 0.00E+00
  7 61 7.00E+02
  7 62 0.00E+00
  7 63 5.10E+02
  7 64 0.00E+00
  7 65 3.70E+02
  8  9 0.00E+00
  8 10 0.00E+00
  8 11 0.00E+00
  8 12 0.00E+00
  8 13 0.00E+00
  8 14 1.40E+07
  8 15 1.10E+07
  8 16 1.50E+05
  8 17 3.90E+06
  8 18 0.00E+00
  8 19 0.00E+00
  8 20 6.20E+04
  8 21 1.20E+06
  8 22 0.00E+00
  8 23 0.00E+00
  8 24 0.00E+00
  8 25 0.00E+00
  8 26 1.90E+06
  8 27 6.80E+04
  8 28 0.00E+00
  8 29 0.00E+00
  8 30 0.00E+00
  8 31 0.00E+00
  8 32 1.10E+06
  8 33 4.00E+04
  8 34 0.00E+00
  8 35 0.00E+00
  8 36 0.00E+00
  8 37 0.00E+00
  8 38 8.60E+05
  8 39 0.00E+00
  8 40 0.00E+00
  8 41 0.00E+00
  8 42 4.40E+04
  8 43 0.00E+00
  8 44 1.90E+04
  8 45 0.00E+00
  8 46 1.10E+04
  8 47 0.00E+00
  8 48 6.50E+03
  8 49 0.00E+00
  8 50 4.20E+03
  8 51 0.00E+00
  8 52 2.70E+03
  8 53 0.00E+00
  8 54 1.80E+03
  8 55 0.00E+00
  8 56 1.30E+03
  8 57 0.00E+00
  8 58 9.00E+02
  8 59 0.00E+00
  8 60 6.20E+02
  8 61 0.00E+00
  8 62 4.50E+02
  8 63 0.00E+00
  8 64 3.20E+02
  8 65 0.00E+00
  9 10 0.00E+00
  9 11 0.00E+00
  9 12 0.00E+00
  9 13 0.00E+00
  9 14 4.20E+06
  9 15 3.70E+06
  9 16 5.60E+04
  9 17 6.00E+06
  9 18 0.00E+00
  9 19 0.00E+00
  9 20 2.10E+04
  9 21 4.30E+05
  9 22 0.00E+00
  9 23 0.00E+00
  9 24 0.00E+00
  9 25 0.00E+00
  9 26 7.00E+05
  9 27 2.20E+04
  9 28 0.00E+00
  9 29 0.00E+00
  9 30 0.00E+00
  9 31 0.00E+00
  9 32 3.90E+05
  9 33 1.20E+04
  9 34 0.00E+00
  9 35 0.00E+00
  9 36 0.00E+00
  9 37 0.00E+00
  9 38 4.40E+05
  9 39 0.00E+00
  9 40 0.00E+00
  9 41 0.00E+00
  9 42 1.60E+04
  9 43 0.00E+00
  9 44 7.00E+03
  9 45 0.00E+00
  9 46 4.00E+03
  9 47 0.00E+00
  9 48 2.40E+03
  9 49 0.00E+00
  9 50 1.50E+03
  9 51 0.00E+00
  9 52 9.50E+02
  9 53 0.00E+00
  9 54 6.40E+02
  9 55 0.00E+00
  9 56 4.30E+02
  9 57 0.00E+00
  9 58 2.90E+02
  9 59 0.00E+00
  9 60 2.10E+02
  9 61 0.00E+00
  9 62 1.50E+02
  9 63 0.00E+00
  9 64 1.10E+02
  9 65 0.00E+00
 10 11 0.00E+00
 10 12 4.10E+05
 10 13 0.00E+00
 10 14 0.00E+00
 10 15 2.80E+05
 10 16 7.90E+05
 10 17 0.00E+00
 10 18 0.00E+00
 10 19 0.00E+00
 10 20 7.30E+04
 10 21 2.90E+04
 10 22 0.00E+00
 10 23 0.00E+00
 10 24 0.00E+00
 10 25 0.00E+00
 10 26 3.30E+04
 10 27 7.30E+04
 10 28 0.00E+00
 10 29 0.00E+00
 10 30 0.00E+00
 10 31 0.00E+00
 10 32 3.50E+04
 10 33 4.40E+04
 10 34 0.00E+00
 10 35 0.00E+00
 10 36 0.00E+00
 10 37 0.00E+00
 10 38 0.00E+00
 10 39 6.50E+04
 10 40 0.00E+00
 10 41 0.00E+00
 10 42 0.00E+00
 10 43 2.70E+03
 10 44 0.00E+00
 10 45 1.10E+03
 10 46 0.00E+00
 10 47 6.70E+02
 10 48 0.00E+00
 10 49 3.90E+02
 10 50 0.00E+00
 10 51 2.40E+02
 10 52 0.00E+00
 10 53 1.50E+02
 10 54 0.00E+00
 10 55 9.70E+01
 10 56 0.00E+00
 10 57 6.70E+01
 10 58 0.00E+00
 10 59 4.70E+01
 10 60 0.00E+00
 10 61 3.40E+01
 10 62 0.00E+00
 10 63 2.50E+01
 10 64 0.00E+00
 10 65 1.80E+01
 11 12 0.00E+00
 11 13 0.00E+00
 11 14 0.00E+00
 11 15 7.10E+05
 11 16 1.20E+04
 11 17 8.10E+06
 11 18 0.00E+00
 11 19 0.00E+00
 11 20 9.90E+03
 11 21 1.00E+05
 11 22 0.00E+00
 11 23 0.00E+00
 11 24 0.00E+00
 11 25 0.00E+00
 11 26 1.80E+05
 11 27 8.00E+03
 11 28 0.00E+00
 11 29 0.00E+00
 11 30 0.00E+00
 11 31 0.00E+00
 11 32 9.00E+04
 11 33 8.30E+03
 11 34 0.00E+00
 11 35 0.00E+00
 11 36 0.00E+00
 11 37 0.00E+00
 11 38 8.70E+04
 11 39 0.00E+00
 11 40 0.00E+00
 11 41 0.00E+00
 11 42 5.50E+03
 11 43 0.00E+00
 11 44 2.30E+03
 11 45 0.00E+00
 11 46 1.30E+03
 11 47 0.00E+00
 11 48 7.80E+02
 11 49 0.00E+00
 11 50 5.00E+02
 11 51 0.00E+00
 11 52 3.20E+02
 11 53 0.00E+00
 11 54 2.10E+02
 11 55 0.00E+00
 11 56 1.40E+02
 11 57 0.00E+00
 11 58 1.00E+02
 11 59 0.00E+00
 11 60 6.90E+01
 11 61 0.00E+00
 11 62 5.00E+01
 11 63 0.00E+00
 11 64 3.70E+01
 11 65 0.00E+00
 12 13 0.00E+00
 12 14 0.00E+00
 12 15 0.00E+00
 12 16 0.00E+00
 12 17 0.00E+00
 12 18 5.40E+05
 12 19 0.00E+00
 12 20 0.00E+00
 12 21 0.00E+00
 12 22 0.00E+00
 12 23 4.20E+06
 12 24 0.00E+00
 12 25 1.70E+05
 12 26 0.00E+00
 12 27 0.00E+00
 12 28 0.00E+00
 12 29 7.50E+05
 12 30 0.00E+00
 12 31 0.00E+00
 12 32 0.00E+00
 12 33 0.00E+00
 12 34 0.00E+00
 12 35 2.50E+05
 12 36 0.00E+00
 12 37 0.00E+00
 12 38 0.00E+00
 12 39 0.00E+00
 12 40 0.00E+00
 12 41 1.00E+05
 12 42 0.00E+00
 12 43 4.60E+04
 12 44 0.00E+00
 12 45 2.40E+04
 12 46 0.00E+00
 12 47 1.40E+04
 12 48 0.00E+00
 12 49 8.10E+03
 12 50 0.00E+00
 12 51 5.00E+03
 12 52 0.00E+00
 12 53 3.10E+03
 12 54 0.00E+00
 12 55 2.00E+03
 12 56 0.00E+00
 12 57 1.30E+03
 12 58 0.00E+00
 12 59 8.50E+02
 12 60 0.00E+00
 12 61 5.70E+02
 12 62 0.00E+00
 12 63 4.00E+02
 12 64 0.00E+00
 12 65 2.80E+02
 13 14 0.00E+00
 13 15 0.00E+00
 13 16 0.00E+00
 13 17 0.00E+00
 13 18 9.20E+05
 13 19 0.00E+00
 13 20 0.00E+00
 13 21 0.00E+00
 13 22 0.00E+00
 13 23 7.20E+06
 13 24 0.00E+00
 13 25 2.70E+05
 13 26 0.00E+00
 13 27 0.00E+00
 13 28 0.00E+00
 13 29 1.40E+06
 13 30 0.00E+00
 13 31 0.00E+00
 13 32 0.00E+00
 13 33 0.00E+00
 13 34 0.00E+00
 13 35 4.60E+05
 13 36 0.00E+00
 13 37 0.00E+00
 13 38 0.00E+00
 13 39 0.00E+00
 13 40 0.00E+00
 13 41 1.80E+05
 13 42 0.00E+00
 13 43 7.80E+04
 13 44 0.00E+00
 13 45 4.30E+04
 13 46 0.00E+00
 13 47 2.30E+04
 13 48 0.00E+00
 13 49 1.40E+04
 13 50 0.00E+00
 13 51 8.40E+03
 13 52 0.00E+00
 13 53 5.20E+03
 13 54 0.00E+00
 13 55 3.30E+03
 13 56 0.00E+00
 13 57 2.20E+03
 13 58 0.00E+00
 13 59 1.50E+03
 13 60 0.00E+00
 13 61 1.00E+03
 13 62 0.00E+00
 13 63 6.90E+02
 13 64 0.00E+00
 13 65 4.90E+02
 14 15 0.00E+00
 14 16 0.00E+00
 14 17 0.00E+00
 14 18 0.00E+00
 14 19 1.80E+06
 14 20 0.00E+00
 14 21 0.00E+00
 14 22 1.50E+07
 14 23 0.00E+00
 14 24 5.10E+05
 14 25 0.00E+00
 14 26 0.00E+00
 14 27 0.00E+00
 14 28 2.90E+06
 14 29 0.00E+00
 14 30 0.00E+00
 14 31 0.00E+00
 14 32 0.00E+00
 14 33 0.00E+00
 14 34 9.30E+05
 14 35 0.00E+00
 14 36 1.40E+05
 14 37 0.00E+00
 14 38 0.00E+00
 14 39 0.00E+00
 14 40 3.80E+05
 14 41 0.00E+00
 14 42 1.70E+05
 14 43 0.00E+00
 14 44 9.20E+04
 14 45 0.00E+00
 14 46 5.00E+04
 14 47 0.00E+00
 14 48 2.90E+04
 14 49 0.00E+00
 14 50 1.70E+04
 14 51 0.00E+00
 14 52 1.00E+04
 14 53 0.00E+00
 14 54 6.80E+03
 14 55 0.00E+00
 14 56 4.60E+03
 14 57 0.00E+00
 14 58 3.20E+03
 14 59 0.00E+00
 14 60 2.30E+03
 14 61 0.00E+00
 14 62 1.60E+03
 14 63 0.00E+00
 14 64 1.10E+03
 14 65 0.00E+00
 15 16 0.00E+00
 15 17 0.00E+00
 15 18 5.90E+03
 15 19 4.10E+06
 15 20 0.00E+00
 15 21 0.00E+00
 15 22 0.00E+00
 15 23 0.00E+00
 15 24 4.00E+05
 15 25 0.00E+00
 15 26 0.00E+00
 15 27 0.00E+00
 15 28 0.00E+00
 15 29 0.00E+00
 15 30 2.00E+05
 15 31 0.00E+00
 15 32 0.00E+00
 15 33 0.00E+00
 15 34 0.00E+00
 15 35 0.00E+00
 15 36 1.10E+05
 15 37 0.00E+00
 15 38 0.00E+00
 15 39 0.00E+00
 15 40 0.00E+00
 15 41 0.00E+00
 15 42 0.00E+00
 15 43 0.00E+00
 15 44 2.80E+03
 15 45 0.00E+00
 15 46 1.60E+03
 15 47 0.00E+00
 15 48 1.00E+03
 15 49 0.00E+00
 15 50 6.70E+02
 15 51 0.00E+00
 15 52 4.40E+02
 15 53 0.00E+00
 15 54 3.10E+02
 15 55 0.00E+00
 15 56 2.10E+02
 15 57 0.00E+00
 15 58 1.60E+02
 15 59 0.00E+00
 15 60 1.10E+02
 15 61 0.00E+00
 15 62 8.50E+01
 15 63 0.00E+00
 15 64 6.60E+01
 15 65 0.00E+00
 16 17 0.00E+00
 16 18 4.70E+06
 16 19 1.60E+05
 16 20 0.00E+00
 16 21 0.00E+00
 16 22 0.00E+00
 16 23 6.30E+06
 16 24 0.00E+00
 16 25 6.10E+05
 16 26 0.00E+00
 16 27 0.00E+00
 16 28 0.00E+00
 16 29 1.30E+06
 16 30 0.00E+00
 16 31 0.00E+00
 16 32 0.00E+00
 16 33 0.00E+00
 16 34 0.00E+00
 16 35 4.10E+05
 16 36 0.00E+00
 16 37 0.00E+00
 16 38 0.00E+00
 16 39 0.00E+00
 16 40 0.00E+00
 16 41 1.60E+05
 16 42 0.00E+00
 16 43 7.40E+04
 16 44 0.00E+00
 16 45 4.30E+04
 16 46 0.00E+00
 16 47 2.50E+04
 16 48 0.00E+00
 16 49 1.60E+04
 16 50 0.00E+00
 16 51 9.60E+03
 16 52 0.00E+00
 16 53 6.00E+03
 16 54 0.00E+00
 16 55 3.80E+03
 16 56 0.00E+00
 16 57 2.50E+03
 16 58 0.00E+00
 16 59 1.70E+03
 16 60 0.00E+00
 16 61 1.10E+03
 16 62 0.00E+00
 16 63 7.70E+02
 16 64 0.00E+00
 16 65 5.50E+02
 17 18 0.00E+00
 17 19 2.80E+05
 17 20 0.00E+00
 17 21 0.00E+00
 17 22 2.50E+06
 17 23 0.00E+00
 17 24 7.70E+04
 17 25 0.00E+00
 17 26 0.00E+00
 17 27 0.00E+00
 17 28 5.20E+05
 17 29 0.00E+00
 17 30 3.80E+04
 17 31 0.00E+00
 17 32 0.00E+00
 17 33 0.00E+00
 17 34 1.60E+05
 17 35 0.00E+00
 17 36 2.10E+04
 17 37 0.00E+00
 17 38 0.00E+00
 17 39 0.00E+00
 17 40 6.70E+04
 17 41 0.00E+00
 17 42 3.00E+04
 17 43 0.00E+00
 17 44 1.50E+04
 17 45 0.00E+00
 17 46 8.10E+03
 17 47 0.00E+00
 17 48 4.70E+03
 17 49 0.00E+00
 17 50 2.90E+03
 17 51 0.00E+00
 17 52 1.80E+03
 17 53 0.00E+00
 17 54 1.20E+03
 17 55 0.00E+00
 17 56 7.90E+02
 17 57 0.00E+00
 17 58 5.20E+02
 17 59 0.00E+00
 17 60 3.60E+02
 17 61 0.00E+00
 17 62 2.50E+02
 17 63 0.00E+00
 17 64 1.80E+02
 17 65 0.00E+00
 18 19 0.00E+00
 18 20 2.60E+06
 18 21 4.10E+04
 18 22 0.00E+00
 18 23 0.00E+00
 18 24 0.00E+00
 18 25 0.00E+00
 18 26 0.00E+00
 18 27 4.00E+05
 18 28 0.00E+00
 18 29 0.00E+00
 18 30 0.00E+00
 18 31 0.00E+00
 18 32 0.00E+00
 18 33 3.00E+05
 18 34 0.00E+00
 18 35 0.00E+00
 18 36 0.00E+00
 18 37 0.00E+00
 18 38 0.00E+00
 18 39 2.50E+05
 18 40 0.00E+00
 18 41 0.00E+00
 18 42 0.00E+00
 18 43 1.20E+04
 18 44 0.00E+00
 18 45 7.00E+03
 18 46 0.00E+00
 18 47 6.60E+03
 18 48 0.00E+00
 18 49 3.90E+03
 18 50 0.00E+00
 18 51 2.60E+03
 18 52 0.00E+00
 18 53 1.70E+03
 18 54 0.00E+00
 18 55 1.20E+03
 18 56 0.00E+00
 18 57 8.00E+02
 18 58 0.00E+00
 18 59 5.70E+02
 18 60 0.00E+00
 18 61 4.30E+02
 18 62 0.00E+00
 18 63 3.20E+02
 18 64 0.00E+00
 18 65 2.40E+02
 19 20 5.20E+02
 19 21 2.60E+06
 19 22 0.00E+00
 19 23 0.00E+00
 19 24 0.00E+00
 19 25 0.00E+00
 19 26 4.10E+05
 19 27 0.00E+00
 19 28 0.00E+00
 19 29 0.00E+00
 19 30 0.00E+00
 19 31 0.00E+00
 19 32 3.10E+05
 19 33 0.00E+00
 19 34 0.00E+00
 19 35 0.00E+00
 19 36 0.00E+00
 19 37 0.00E+00
 19 38 2.00E+05
 19 39 0.00E+00
 19 40 0.00E+00
 19 41 0.00E+00
 19 42 1.20E+04
 19 43 0.00E+00
 19 44 7.00E+03
 19 45 0.00E+00
 19 46 6.60E+03
 19 47 0.00E+00
 19 48 3.90E+03
 19 49 0.00E+00
 19 50 2.60E+03
 19 51 0.00E+00
 19 52 1.70E+03
 19 53 0.00E+00
 19 54 1.20E+03
 19 55 0.00E+00
 19 56 8.00E+02
 19 57 0.00E+00
 19 58 5.70E+02
 19 59 0.00E+00
 19 60 4.30E+02
 19 61 0.00E+00
 19 62 3.20E+02
 19 63 0.00E+00
 19 64 2.40E+02
 19 65 0.00E+00
 20 21 0.00E+00
 20 22 0.00E+00
 20 23 3.20E+05
 20 24 8.10E+03
 20 25 2.30E+06
 20 26 0.00E+00
 20 27 0.00E+00
 20 28 0.00E+00
 20 29 6.30E+05
 20 30 0.00E+00
 20 31 5.80E+05
 20 32 0.00E+00
 20 33 0.00E+00
 20 34 0.00E+00
 20 35 2.90E+05
 20 36 0.00E+00
 20 37 3.00E+05
 20 38 0.00E+00
 20 39 0.00E+00
 20 40 0.00E+00
 20 41 1.40E+05
 20 42 0.00E+00
 20 43 6.20E+04
 20 44 0.00E+00
 20 45 3.90E+04
 20 46 0.00E+00
 20 47 2.10E+04
 20 48 0.00E+00
 20 49 1.30E+04
 20 50 0.00E+00
 20 51 8.00E+03
 20 52 0.00E+00
 20 53 5.30E+03
 20 54 0.00E+00
 20 55 3.50E+03
 20 56 0.00E+00
 20 57 2.40E+03
 20 58 0.00E+00
 20 59 1.70E+03
 20 60 0.00E+00
 20 61 1.20E+03
 20 62 0.00E+00
 20 63 9.00E+02
 20 64 0.00E+00
 20 65 6.80E+02
 21 22 2.10E+05
 21 23 0.00E+00
 21 24 1.40E+06
 21 25 3.70E+01
 21 26 0.00E+00
 21 27 0.00E+00
 21 28 6.30E+05
 21 29 0.00E+00
 21 30 6.00E+05
 21 31 0.00E+00
 21 32 0.00E+00
 21 33 0.00E+00
 21 34 2.90E+05
 21 35 0.00E+00
 21 36 3.10E+05
 21 37 0.00E+00
 21 38 0.00E+00
 21 39 0.00E+00
 21 40 1.40E+05
 21 41 0.00E+00
 21 42 6.20E+04
 21 43 0.00E+00
 21 44 3.90E+04
 21 45 0.00E+00
 21 46 2.10E+04
 21 47 0.00E+00
 21 48 1.30E+04
 21 49 0.00E+00
 21 50 8.00E+03
 21 51 0.00E+00
 21 52 5.30E+03
 21 53 0.00E+00
 21 54 3.50E+03
 21 55 0.00E+00
 21 56 2.40E+03
 21 57 0.00E+00
 21 58 1.70E+03
 21 59 0.00E+00
 21 60 1.20E+03
 21 61 0.00E+00
 21 62 9.00E+02
 21 63 0.00E+00
 21 64 6.80E+02
 21 65 0.00E+00
 22 23 0.00E+00
 22 24 0.00E+00
 22 25 0.00E+00
 22 26 4.20E+04
 22 27 0.00E+00
 22 28 2.40E+06
 22 29 0.00E+00
 22 30 0.00E+00
 22 31 0.00E+00
 22 32 1.80E+04
 22 33 0.00E+00
 22 34 4.60E+05
 22 35 0.00E+00
 22 36 0.00E+00
 22 37 0.00E+00
 22 38 9.40E+03
 22 39 0.00E+00
 22 40 1.50E+05
 22 41 0.00E+00
 22 42 5.60E+04
 22 43 0.00E+00
 22 44 2.60E+04
 22 45 0.00E+00
 22 46 1.40E+04
 22 47 0.00E+00
 22 48 8.20E+03
 22 49 0.00E+00
 22 50 5.30E+03
 22 51 0.00E+00
 22 52 3.30E+03
 22 53 0.00E+00
 22 54 2.30E+03
 22 55 0.00E+00
 22 56 1.60E+03
 22 57 0.00E+00
 22 58 1.20E+03
 22 59 0.00E+00
 22 60 8.10E+02
 22 61 0.00E+00
 22 62 6.20E+02
 22 63 0.00E+00
 22 64 4.70E+02
 22 65 0.00E+00
 23 24 0.00E+00
 23 25 0.00E+00
 23 26 0.00E+00
 23 27 4.20E+04
 23 28 0.00E+00
 23 29 2.40E+06
 23 30 0.00E+00
 23 31 0.00E+00
 23 32 0.00E+00
 23 33 1.80E+04
 23 34 0.00E+00
 23 35 4.60E+05
 23 36 0.00E+00
 23 37 0.00E+00
 23 38 0.00E+00
 23 39 9.40E+05
 23 40 0.00E+00
 23 41 1.50E+05
 23 42 0.00E+00
 23 43 5.60E+04
 23 44 0.00E+00
 23 45 2.60E+04
 23 46 0.00E+00
 23 47 1.40E+04
 23 48 0.00E+00
 23 49 8.20E+03
 23 50 0.00E+00
 23 51 5.30E+03
 23 52 0.00E+00
 23 53 3.30E+03
 23 54 0.00E+00
 23 55 2.30E+03
 23 56 0.00E+00
 23 57 1.60E+03
 23 58 0.00E+00
 23 59 1.20E+03
 23 60 0.00E+00
 23 61 8.10E+02
 23 62 0.00E+00
 23 63 6.20E+02
 23 64 0.00E+00
 23 65 4.70E+02
 24 25 0.00E+00
 24 26 2.40E+05
 24 27 0.00E+00
 24 28 0.00E+00
 24 29 0.00E+00
 24 30 0.00E+00
 24 31 0.00E+00
 24 32 9.20E+04
 24 33 0.00E+00
 24 34 0.00E+00
 24 35 0.00E+00
 24 36 0.00E+00
 24 37 0.00E+00
 24 38 6.60E+04
 24 39 0.00E+00
 24 40 0.00E+00
 24 41 0.00E+00
 24 42 9.70E+03
 24 43 0.00E+00
 24 44 5.20E+03
 24 45 0.00E+00
 24 46 3.10E+03
 24 47 0.00E+00
 24 48 2.10E+03
 24 49 0.00E+00
 24 50 1.30E+03
 24 51 0.00E+00
 24 52 8.80E+02
 24 53 0.00E+00
 24 54 6.20E+02
 24 55 0.00E+00
 24 56 4.30E+02
 24 57 0.00E+00
 24 58 3.10E+02
 24 59 0.00E+00
 24 60 2.30E+02
 24 61 0.00E+00
 24 62 1.70E+02
 24 63 0.00E+00
 24 64 1.30E+02
 24 65 0.00E+00
 25 26 0.00E+00
 25 27 2.40E+05
 25 28 0.00E+00
 25 29 0.00E+00
 25 30 0.00E+00
 25 31 0.00E+00
 25 32 0.00E+00
 25 33 9.10E+04
 25 34 0.00E+00
 25 35 0.00E+00
 25 36 0.00E+00
 25 37 0.00E+00
 25 38 0.00E+00
 25 39 5.00E+04
 25 40 0.00E+00
 25 41 0.00E+00
 25 42 0.00E+00
 25 43 9.70E+03
 25 44 0.00E+00
 25 45 5.20E+03
 25 46 0.00E+00
 25 47 3.40E+03
 25 48 0.00E+00
 25 49 2.10E+03
 25 50 0.00E+00
 25 51 1.30E+03
 25 52 0.00E+00
 25 53 8.80E+02
 25 54 0.00E+00
 25 55 6.20E+02
 25 56 0.00E+00
 25 57 4.30E+02
 25 58 0.00E+00
 25 59 3.10E+02
 25 60 0.00E+00
 25 61 2.30E+02
 25 62 0.00E+00
 25 63 1.70E+02
 25 64 0.00E+00
 25 65 1.30E+02
 26 27 0.00E+00
 26 28 8.40E+04
 26 29 0.00E+00
 26 30 8.30E+05
 26 31 0.00E+00
 26 32 0.00E+00
 26 33 0.00E+00
 26 34 5.80E+04
 26 35 0.00E+00
 26 36 2.90E+05
 26 37 0.00E+00
 26 38 0.00E+00
 26 39 0.00E+00
 26 40 3.80E+04
 26 41 0.00E+00
 26 42 2.00E+04
 26 43 0.00E+00
 26 44 1.70E+04
 26 45 0.00E+00
 26 46 9.60E+03
 26 47 0.00E+00
 26 48 6.30E+03
 26 49 0.00E+00
 26 50 4.00E+03
 26 51 0.00E+00
 26 52 2.60E+03
 26 53 0.00E+00
 26 54 1.80E+03
 26 55 0.00E+00
 26 56 1.30E+03
 26 57 0.00E+00
 26 58 9.20E+02
 26 59 0.00E+00
 26 60 6.80E+02
 26 61 0.00E+00
 26 62 5.10E+02
 26 63 0.00E+00
 26 64 3.90E+02
 26 65 0.00E+00
 27 28 0.00E+00
 27 29 8.40E+04
 27 30 0.00E+00
 27 31 8.00E+05
 27 32 0.00E+00
 27 33 0.00E+00
 27 34 0.00E+00
 27 35 5.80E+04
 27 36 0.00E+00
 27 37 2.80E+05
 27 38 0.00E+00
 27 39 0.00E+00
 27 40 0.00E+00
 27 41 3.80E+04
 27 42 0.00E+00
 27 43 2.00E+04
 27 44 0.00E+00
 27 45 1.70E+04
 27 46 0.00E+00
 27 47 9.60E+03
 27 48 0.00E+00
 27 49 6.30E+03
 27 50 0.00E+00
 27 51 4.00E+03
 27 52 0.00E+00
 27 53 2.60E+03
 27 54 0.00E+00
 27 55 1.80E+03
 27 56 0.00E+00
 27 57 1.30E+03
 27 58 0.00E+00
 27 59 9.20E+02
 27 60 0.00E+00
 27 61 6.80E+02
 27 62 0.00E+00
 27 63 5.10E+02
 27 64 0.00E+00
 27 65 3.90E+02
 28 29 0.00E+00
 28 30 0.00E+00
 28 31 0.00E+00
 28 32 1.70E+05
 28 33 0.00E+00
 28 34 9.80E+05
 28 35 0.00E+00
 28 36 0.00E+00
 28 37 0.00E+00
 28 38 7.20E+04
 28 39 0.00E+00
 28 40 2.60E+05
 28 41 0.00E+00
 28 42 9.00E+04
 28 43 0.00E+00
 28 44 4.10E+04
 28 45 0.00E+00
 28 46 2.10E+04
 28 47 0.00E+00
 28 48 1.20E+04
 28 49 0.00E+00
 28 50 7.50E+03
 28 51 0.00E+00
 28 52 4.80E+03
 28 53 0.00E+00
 28 54 3.20E+03
 28 55 0.00E+00
 28 56 2.20E+03
 28 57 0.00E+00
 28 58 1.60E+03
 28 59 0.00E+00
 28 60 1.20E+03
 28 61 0.00E+00
 28 62 8.70E+02
 28 63 0.00E+00
 28 64 6.70E+02
 28 65 0.00E+00
 29 30 0.00E+00
 29 31 0.00E+00
 29 32 0.00E+00
 29 33 1.70E+05
 29 34 0.00E+00
 29 35 9.80E+05
 29 36 0.00E+00
 29 37 0.00E+00
 29 38 0.00E+00
 29 39 7.20E+04
 29 40 0.00E+00
 29 41 2.60E+05
 29 42 0.00E+00
 29 43 9.00E+04
 29 44 0.00E+00
 29 45 4.10E+04
 29 46 0.00E+00
 29 47 2.10E+04
 29 48 0.00E+00
 29 49 1.20E+04
 29 50 0.00E+00
 29 51 7.50E+03
 29 52 0.00E+00
 29 53 4.80E+03
 29 54 0.00E+00
 29 55 3.20E+03
 29 56 0.00E+00
 29 57 2.20E+03
 29 58 0.00E+00
 29 59 1.60E+03
 29 60 0.00E+00
 29 61 1.20E+03
 29 62 0.00E+00
 29 63 8.70E+02
 29 64 0.00E+00
 29 65 6.70E+02
 30 31 0.00E+00
 30 32 6.50E+04
 30 33 0.00E+00
 30 34 0.00E+00
 30 35 0.00E+00
 30 36 0.00E+00
 30 37 0.00E+00
 30 38 0.00E+00
 30 39 0.00E+00
 30 40 0.00E+00
 30 41 0.00E+00
 30 42 6.40E+03
 30 43 0.00E+00
 30 44 3.40E+03
 30 45 0.00E+00
 30 46 2.30E+03
 30 47 0.00E+00
 30 48 1.40E+03
 30 49 0.00E+00
 30 50 9.00E+02
 30 51 0.00E+00
 30 52 6.00E+02
 30 53 0.00E+00
 30 54 4.10E+02
 30 55 0.00E+00
 30 56 2.90E+02
 30 57 0.00E+00
 30 58 2.10E+02
 30 59 0.00E+00
 30 60 1.60E+02
 30 61 0.00E+00
 30 62 1.20E+02
 30 63 0.00E+00
 30 64 8.90E+02
 30 65 0.00E+00
 31 32 0.00E+00
 31 33 6.50E+04
 31 34 0.00E+00
 31 35 0.00E+00
 31 36 0.00E+00
 31 37 0.00E+00
 31 38 0.00E+00
 31 39 0.00E+00
 31 40 0.00E+00
 31 41 0.00E+00
 31 42 0.00E+00
 31 43 6.40E+03
 31 44 0.00E+00
 31 45 3.40E+03
 31 46 0.00E+00
 31 47 2.30E+03
 31 48 0.00E+00
 31 49 1.40E+03
 31 50 0.00E+00
 31 51 9.00E+02
 31 52 0.00E+00
 31 53 6.00E+02
 31 54 0.00E+00
 31 55 4.10E+02
 31 56 0.00E+00
 31 57 2.90E+02
 31 58 0.00E+00
 31 59 2.10E+02
 31 60 0.00E+00
 31 61 1.60E+02
 31 62 0.00E+00
 31 63 1.20E+02
 31 64 0.00E+00
 31 65 8.90E+01
 32 33 0.00E+00
 32 34 0.00E+00
 32 35 0.00E+00
 32 36 3.00E+04
 32 37 0.00E+00
 32 38 0.00E+00
 32 39 0.00E+00
 32 40 4.50E+04
 32 41 0.00E+00
 32 42 2.00E+04
 32 43 0.00E+00
 32 44 1.20E+04
 32 45 0.00E+00
 32 46 6.80E+03
 32 47 0.00E+00
 32 48 4.10E+03
 32 49 0.00E+00
 32 50 2.60E+03
 32 51 0.00E+00
 32 52 1.70E+03
 32 53 0.00E+00
 32 54 1.20E+03
 32 55 0.00E+00
 32 56 8.40E+02
 32 57 0.00E+00
 32 58 6.10E+02
 32 59 0.00E+00
 32 60 4.50E+02
 32 61 0.00E+00
 32 62 3.30E+02
 32 63 0.00E+00
 32 64 2.60E+02
 32 65 0.00E+00
 33 34 0.00E+00
 33 35 0.00E+00
 33 36 0.00E+00
 33 37 3.00E+04
 33 38 0.00E+00
 33 39 0.00E+00
 33 40 0.00E+00
 33 41 4.50E+04
 33 42 0.00E+00
 33 43 2.00E+04
 33 44 0.00E+00
 33 45 1.20E+04
 33 46 0.00E+00
 33 47 6.80E+03
 33 48 0.00E+00
 33 49 4.10E+03
 33 50 0.00E+00
 33 51 2.60E+03
 33 52 0.00E+00
 33 53 1.70E+03
 33 54 0.00E+00
 33 55 1.20E+03
 33 56 0.00E+00
 33 57 8.40E+02
 33 58 0.00E+00
 33 59 6.10E+02
 33 60 0.00E+00
 33 61 4.50E+02
 33 62 0.00E+00
 33 63 3.30E+02
 33 64 0.00E+00
 33 65 2.60E+02
 34 35 0.00E+00
 34 36 0.00E+00
 34 37 0.00E+00
 34 38 4.00E+04
 34 39 0.00E+00
 34 40 4.70E+05
 34 41 0.00E+00
 34 42 1.30E+05
 34 43 0.00E+00
 34 44 5.30E+04
 34 45 0.00E+00
 34 46 2.60E+04
 34 47 0.00E+00
 34 48 1.50E+04
 34 49 0.00E+00
 34 50 8.70E+03
 34 51 0.00E+00
 34 52 5.50E+03
 34 53 0.00E+00
 34 54 3.60E+03
 34 55 0.00E+00
 34 56 2.50E+03
 34 57 0.00E+00
 34 58 1.80E+03
 34 59 0.00E+00
 34 60 1.30E+03
 34 61 0.00E+00
 34 62 9.70E+02
 34 63 0.00E+00
 34 64 7.30E+02
 34 65 0.00E+00
 35 36 0.00E+00
 35 37 0.00E+00
 35 38 0.00E+00
 35 39 4.00E+04
 35 40 0.00E+00
 35 41 4.70E+05
 35 42 0.00E+00
 35 43 1.30E+05
 35 44 0.00E+00
 35 45 5.30E+04
 35 46 0.00E+00
 35 47 2.60E+04
 35 48 0.00E+00
 35 49 1.50E+04
 35 50 0.00E+00
 35 51 8.70E+03
 35 52 0.00E+00
 35 53 5.50E+03
 35 54 0.00E+00
 35 55 3.60E+03
 35 56 0.00E+00
 35 57 2.50E+03
 35 58 0.00E+00
 35 59 1.80E+03
 35 60 0.00E+00
 35 61 1.30E+03
 35 62 0.00E+00
 35 63 9.70E+02
 35 64 0.00E+00
 35 65 7.30E+02
 36 37 0.00E+00
 36 38 0.00E+00
 36 39 0.00E+00
 36 40 0.00E+00
 36 41 0.00E+00
 36 42 0.00E+00
 36 43 0.00E+00
 36 44 2.30E+03
 36 45 0.00E+00
 36 46 1.70E+03
 36 47 0.00E+00
 36 48 1.00E+03
 36 49 0.00E+00
 36 50 6.60E+02
 36 51 0.00E+00
 36 52 4.30E+02
 36 53 0.00E+00
 36 54 3.00E+02
 36 55 0.00E+00
 36 56 2.10E+02
 36 57 0.00E+00
 36 58 1.50E+02
 36 59 0.00E+00
 36 60 1.10E+02
 36 61 0.00E+00
 36 62 8.40E+01
 36 63 0.00E+00
 36 64 6.30E+01
 36 65 0.00E+00
 37 38 0.00E+00
 37 39 0.00E+00
 37 40 0.00E+00
 37 41 0.00E+00
 37 42 0.00E+00
 37 43 0.00E+00
 37 44 0.00E+00
 37 45 2.30E+03
 37 46 0.00E+00
 37 47 1.70E+03
 37 48 0.00E+00
 37 49 1.00E+03
 37 50 0.00E+00
 37 51 6.60E+02
 37 52 0.00E+00
 37 53 4.30E+02
 37 54 0.00E+00
 37 55 3.00E+02
 37 56 0.00E+00
 37 57 2.10E+02
 37 58 0.00E+00
 37 59 1.50E+02
 37 60 0.00E+00
 37 61 1.10E+02
 37 62 0.00E+00
 37 63 8.40E+01
 37 64 0.00E+00
 37 65 6.30E+01
 38 39 0.00E+00
 38 40 0.00E+00
 38 41 0.00E+00
 38 42 1.30E+04
 38 43 0.00E+00
 38 44 7.50E+03
 38 45 0.00E+00
 38 46 4.70E+03
 38 47 0.00E+00
 38 48 2.90E+03
 38 49 0.00E+00
 38 50 1.80E+03
 38 51 0.00E+00
 38 52 1.20E+03
 38 53 0.00E+00
 38 54 8.20E+02
 38 55 0.00E+00
 38 56 5.80E+02
 38 57 0.00E+00
 38 58 4.10E+02
 38 59 0.00E+00
 38 60 3.10E+02
 38 61 0.00E+00
 38 62 2.30E+02
 38 63 0.00E+00
 38 64 1.80E+02
 38 65 0.00E+00
 39 40 0.00E+00
 39 41 0.00E+00
 39 42 0.00E+00
 39 43 1.30E+04
 39 44 0.00E+00
 39 45 7.50E+03
 39 46 0.00E+00
 39 47 4.70E+03
 39 48 0.00E+00
 39 49 2.90E+03
 39 50 0.00E+00
 39 51 1.80E+03
 39 52 0.00E+00
 39 53 1.20E+03
 39 54 0.00E+00
 39 55 8.20E+02
 39 56 0.00E+00
 39 57 5.80E+02
 39 58 0.00E+00
 39 59 4.10E+02
 39 60 0.00E+00
 39 61 3.10E+02
 39 62 0.00E+00
 39 63 2.30E+02
 39 64 0.00E+00
 39 65 1.80E+02
 40 41 0.00E+00
 40 42 2.20E+05
 40 43 0.00E+00
 40 44 7.10E+04
 40 45 0.00E+00
 40 46 3.20E+04
 40 47 0.00E+00
 40 48 1.70E+04
 40 49 0.00E+00
 40 50 9.60E+03
 40 51 0.00E+00
 40 52 5.90E+03
 40 53 0.00E+00
 40 54 3.90E+03
 40 55 0.00E+00
 40 56 2.60E+03
 40 57 0.00E+00
 40 58 1.80E+03
 40 59 0.00E+00
 40 60 1.30E+03
 40 61 0.00E+00
 40 62 1.00E+03
 40 63 0.00E+00
 40 64 7.70E+02
 40 65 0.00E+00
 41 42 0.00E+00
 41 43 2.20E+05
 41 44 0.00E+00
 41 45 7.10E+04
 41 46 0.00E+00
 41 47 3.20E+04
 41 48 0.00E+00
 41 49 1.70E+04
 41 50 0.00E+00
 41 51 9.60E+03
 41 52 0.00E+00
 41 53 5.90E+03
 41 54 0.00E+00
 41 55 3.90E+03
 41 56 0.00E+00
 41 57 2.60E+03
 41 58 0.00E+00
 41 59 1.80E+03
 41 60 0.00E+00
 41 61 1.30E+03
 41 62 0.00E+00
 41 63 1.00E+03
 41 64 0.00E+00
 41 65 7.70E+02
 42 43 0.00E+00
 42 44 1.20E+05
 42 45 0.00E+00
 42 46 4.40E+04
 42 47 0.00E+00
 42 48 2.20E+04
 42 49 0.00E+00
 42 50 1.20E+04
 42 51 0.00E+00
 42 52 7.20E+03
 42 53 0.00E+00
 42 54 4.60E+03
 42 55 0.00E+00
 42 56 3.10E+03
 42 57 0.00E+00
 42 58 2.10E+03
 42 59 0.00E+00
 42 60 1.60E+03
 42 61 0.00E+00
 42 62 1.20E+03
 42 63 0.00E+00
 42 64 9.00E+02
 42 65 0.00E+00
 43 44 0.00E+00
 43 45 1.20E+05
 43 46 0.00E+00
 43 47 4.40E+04
 43 48 0.00E+00
 43 49 2.20E+04
 43 50 0.00E+00
 43 51 1.20E+04
 43 52 0.00E+00
 43 53 7.20E+03
 43 54 0.00E+00
 43 55 4.60E+03
 43 56 0.00E+00
 43 57 3.10E+03
 43 58 0.00E+00
 43 59 2.10E+03
 43 60 0.00E+00
 43 61 1.60E+03
 43 62 0.00E+00
 43 63 1.20E+03
 43 64 0.00E+00
 43 65 9.00E+02
 44 45 0.00E+00
 44 46 7.10E+04
 44 47 0.00E+00
 44 48 2.80E+04
 44 49 0.00E+00
 44 50 1.40E+04
 44 51 0.00E+00
 44 52 8.10E+03
 44 53 0.00E+00
 44 54 5.00E+03
 44 55 0.00E+00
 44 56 3.30E+03
 44 57 0.00E+00
 44 58 2.20E+03
 44 59 0.00E+00
 44 60 1.60E+03
 44 61 0.00E+00
 44 62 1.20E+03
 44 63 0.00E+00
 44 64 9.40E+02
 44 65 0.00E+00
 45 46 0.00E+00
 45 47 7.10E+04
 45 48 0.00E+00
 45 49 2.80E+04
 45 50 0.00E+00
 45 51 1.40E+04
 45 52 0.00E+00
 45 53 8.10E+03
 45 54 0.00E+00
 45 55 5.00E+03
 45 56 0.00E+00
 45 57 3.30E+03
 45 58 0.00E+00
 45 59 2.20E+03
 45 60 0.00E+00
 45 61 1.60E+03
 45 62 0.00E+00
 45 63 1.20E+03
 45 64 0.00E+00
 45 65 9.40E+02
 46 47 0.00E+00
 46 48 4.40E+04
 46 49 0.00E+00
 46 50 1.80E+04
 46 51 0.00E+00
 46 52 9.20E+03
 46 53 0.00E+00
 46 54 5.40E+03
 46 55 0.00E+00
 46 56 3.40E+03
 46 57 0.00E+00
 46 58 2.30E+03
 46 59 0.00E+00
 46 60 1.60E+03
 46 61 0.00E+00
 46 62 1.10E+03
 46 63 0.00E+00
 46 64 8.30E+02
 46 65 0.00E+00
 47 48 0.00E+00
 47 49 4.40E+04
 47 50 0.00E+00
 47 51 1.80E+04
 47 52 0.00E+00
 47 53 9.20E+03
 47 54 0.00E+00
 47 55 5.40E+03
 47 56 0.00E+00
 47 57 3.40E+03
 47 58 0.00E+00
 47 59 2.30E+03
 47 60 0.00E+00
 47 61 1.60E+03
 47 62 0.00E+00
 47 63 1.10E+03
 47 64 0.00E+00
 47 65 8.30E+02
 48 49 0.00E+00
 48 50 2.80E+04
 48 51 0.00E+00
 48 52 1.20E+04
 48 53 0.00E+00
 48 54 6.20E+03
 48 55 0.00E+00
 48 56 3.70E+03
 48 57 0.00E+00
 48 58 2.40E+03
 48 59 0.00E+00
 48 60 1.60E+03
 48 61 0.00E+00
 48 62 1.10E+03
 48 63 0.00E+00
 48 64 8.10E+02
 48 65 0.00E+00
 49 50 0.00E+00
 49 51 2.80E+04
 49 52 0.00E+00
 49 53 1.20E+04
 49 54 0.00E+00
 49 55 6.20E+04
 49 56 0.00E+00
 49 57 3.70E+04
 49 58 0.00E+00
 49 59 2.40E+04
 49 60 0.00E+00
 49 61 1.60E+04
 49 62 0.00E+00
 49 63 1.10E+04
 49 64 0.00E+00
 49 65 8.10E+02
 50 51 0.00E+00
 50 52 1.90E+04
 50 53 0.00E+00
 50 54 7.90E+03
 50 55 0.00E+00
 50 56 4.30E+03
 50 57 0.00E+00
 50 58 2.60E+03
 50 59 0.00E+00
 50 60 1.70E+03
 50 61 0.00E+00
 50 62 1.20E+03
 50 63 0.00E+00
 50 64 8.20E+02
 50 65 0.00E+00
 51 52 0.00E+00
 51 53 1.90E+04
 51 54 0.00E+00
 51 55 7.90E+03
 51 56 0.00E+00
 51 57 4.30E+03
 51 58 0.00E+00
 51 59 2.60E+03
 51 60 0.00E+00
 51 61 1.70E+03
 51 62 0.00E+00
 51 63 1.20E+03
 51 64 0.00E+00
 51 65 8.20E+02
 52 53 0.00E+00
 52 54 1.30E+04
 52 55 0.00E+00
 52 56 5.50E+03
 52 57 0.00E+00
 52 58 3.00E+03
 52 59 0.00E+00
 52 60 1.90E+03
 52 61 0.00E+00
 52 62 1.20E+03
 52 63 0.00E+00
 52 64 8.50E+02
 52 65 0.00E+00
 53 54 0.00E+00
 53 55 1.30E+04
 53 56 0.00E+00
 53 57 5.50E+03
 53 58 0.00E+00
 53 59 3.00E+03
 53 60 0.00E+00
 53 61 1.90E+03
 53 62 0.00E+00
 53 63 1.20E+03
 53 64 0.00E+00
 53 65 8.50E+02
 54 55 0.00E+00
 54 56 8.90E+03
 54 57 0.00E+00
 54 58 3.90E+03
 54 59 0.00E+00
 54 60 2.20E+03
 54 61 0.00E+00
 54 62 1.40E+03
 54 63 0.00E+00
 54 64 9.10E+02
 54 65 0.00E+00
 55 56 0.00E+00
 55 57 8.90E+03
 55 58 0.00E+00
 55 59 3.90E+03
 55 60 0.00E+00
 55 61 2.20E+03
 55 62 0.00E+00
 55 63 1.40E+03
 55 64 0.00E+00
 55 65 9.10E+02
 56 57 0.00E+00
 56 58 6.40E+03
 56 59 0.00E+00
 56 60 2.90E+03
 56 61 0.00E+00
 56 62 1.60E+03
 56 63 0.00E+00
 56 64 1.00E+03
 56 65 0.00E+00
 57 58 0.00E+00
 57 59 6.40E+03
 57 60 0.00E+00
 57 61 2.90E+03
 57 62 0.00E+00
 57 63 1.60E+03
 57 64 0.00E+00
 57 65 1.00E+03
 58 59 0.00E+00
 58 60 4.70E+03
 58 61 0.00E+00
 58 62 2.10E+03
 58 63 0.00E+00
 58 64 1.20E+03
 58 65 0.00E+00
 59 60 0.00E+00
 59 61 4.70E+03
 59 62 0.00E+00
 59 63 2.10E+03
 59 64 0.00E+00
 59 65 1.20E+03
 60 61 0.00E+00
 60 62 3.50E+03
 60 63 0.00E+00
 60 64 1.60E+03
 60 65 0.00E+00
 61 62 0.00E+00
 61 63 3.50E+03
 61 64 0.00E+00
 61 65 1.60E+03
 62 63 0.00E+00
 62 64 2.70E+03
 62 65 0.00E+00
 63 64 0.00E+00
 63 65 2.70E+03
 64 65 0.00E+00
