10
1e+16
2e+17
49.999
10
18755.4
3.02872e-20
3.02604e-20
3.01782e-20
3.00876e-20
2.99912e-20
2.98895e-20
2.9783e-20
2.96717e-20
2.95559e-20
2.94356e-20
2.9311e-20
2.91823e-20
2.90494e-20
2.89124e-20
2.87714e-20
2.86263e-20
2.84772e-20
2.83243e-20
2.81674e-20
2.80068e-20
2.78425e-20
2.76746e-20
2.75031e-20
2.73281e-20
2.71497e-20
2.6968e-20
2.6783e-20
2.65949e-20
2.64037e-20
2.62095e-20
2.60124e-20
2.58124e-20
2.56097e-20
2.54044e-20
2.51965e-20
2.49861e-20
2.47733e-20
2.45583e-20
2.4341e-20
2.41216e-20
2.39002e-20
2.36769e-20
2.34517e-20
2.32247e-20
2.29961e-20
2.2766e-20
2.25343e-20
2.23013e-20
2.20669e-20
2.18314e-20
2.15947e-20
2.1357e-20
2.11184e-20
2.08789e-20
2.06386e-20
2.03977e-20
2.01561e-20
1.99141e-20
1.96716e-20
1.94288e-20
1.91857e-20
1.89424e-20
1.86991e-20
1.84557e-20
1.82124e-20
1.79692e-20
1.77263e-20
1.74836e-20
1.72413e-20
1.69994e-20
1.6758e-20
1.65172e-20
1.6277e-20
1.60376e-20
1.57989e-20
1.5561e-20
1.53241e-20
1.50881e-20
1.48531e-20
1.46192e-20
1.43865e-20
1.41549e-20
1.39246e-20
1.36955e-20
1.34678e-20
1.32415e-20
1.30167e-20
1.27933e-20
1.25714e-20
1.23511e-20
1.21325e-20
1.19154e-20
1.17001e-20
1.14865e-20
1.12746e-20
1.10645e-20
1.08563e-20
1.06499e-20
1.04454e-20
1.02427e-20
1.00421e-20
9.84332e-21
9.64656e-21
9.4518e-21
9.25905e-21
9.06833e-21
8.87967e-21
8.69306e-21
8.50854e-21
8.32611e-21
8.14579e-21
7.96761e-21
7.79157e-21
7.61769e-21
7.44599e-21
7.27648e-21
7.10916e-21
6.94405e-21
6.78116e-21
6.6205e-21
6.46209e-21
6.30596e-21
6.15211e-21
6.00057e-21
5.85135e-21
5.70445e-21
5.55988e-21
5.41766e-21
5.2778e-21
5.14033e-21
5.00527e-21
4.87262e-21
4.74239e-21
4.6146e-21
4.48924e-21
4.3663e-21
4.2458e-21
4.12771e-21
4.01204e-21
3.89877e-21
3.78788e-21
3.67938e-21
3.57322e-21
3.46941e-21
3.36792e-21
3.26872e-21
3.1718e-21
3.07714e-21
2.9847e-21
2.89446e-21
2.80639e-21
2.72047e-21
2.63667e-21
2.55495e-21
2.4753e-21
2.39767e-21
2.32204e-21
2.24837e-21
2.17664e-21
2.1068e-21
2.03883e-21
1.9727e-21
1.90837e-21
1.8458e-21
1.78497e-21
1.72585e-21
1.66838e-21
1.61256e-21
1.55833e-21
1.50567e-21
1.45454e-21
1.40491e-21
1.35675e-21
1.31003e-21
1.26471e-21
1.22076e-21
1.17814e-21
1.13683e-21
1.0968e-21
1.05801e-21
1.02044e-21
9.84043e-22
9.48804e-22
9.14687e-22
8.81666e-22
8.4971e-22
8.18792e-22
7.88883e-22
7.59957e-22
7.31987e-22
7.04946e-22
6.78809e-22
6.53549e-22
6.29143e-22
6.05565e-22
5.82792e-22
5.608e-22
5.39566e-22
5.19067e-22
4.99283e-22
4.8019e-22
4.61768e-22
4.43997e-22
4.26855e-22
4.10325e-22
3.94386e-22
3.7902e-22
3.64209e-22
3.49935e-22
3.3618e-22
3.22928e-22
3.10162e-22
2.97867e-22
2.86027e-22
2.74626e-22
2.6365e-22
2.53085e-22
2.42916e-22
2.33131e-22
2.23716e-22
2.14658e-22
2.05945e-22
1.97565e-22
1.89507e-22
1.81759e-22
1.74309e-22
1.67149e-22
1.60266e-22
1.53652e-22
1.47296e-22
1.41189e-22
1.35323e-22
1.29688e-22
1.24276e-22
1.19079e-22
1.14089e-22
1.09297e-22
1.04698e-22
1.00282e-22
9.6045e-23
9.19785e-23
8.80764e-23
8.43325e-23
8.07408e-23
7.72955e-23
7.39909e-23
7.08216e-23
6.77824e-23
6.48683e-23
6.20744e-23
5.9396e-23
5.68285e-23
5.43677e-23
5.20093e-23
4.97493e-23
4.75837e-23
4.55089e-23
4.35212e-23
4.16171e-23
3.97932e-23
3.80465e-23
3.63736e-23
3.47717e-23
3.32379e-23
3.17694e-23
3.03636e-23
2.90179e-23
2.77297e-23
2.64969e-23
2.53171e-23
2.4188e-23
2.31077e-23
2.20741e-23
2.10852e-23
2.01392e-23
1.92343e-23
1.83688e-23
1.7541e-23
1.67494e-23
1.59924e-23
1.52686e-23
1.45766e-23
1.39149e-23
1.32825e-23
1.26779e-23
1.21e-23
1.15477e-23
1.10198e-23
1.05154e-23
1.00334e-23
9.5729e-24
9.1329e-24
8.71255e-24
8.311e-24
7.92744e-24
7.56108e-24
7.21118e-24
6.87702e-24
6.55792e-24
6.25321e-24
5.96228e-24
5.68451e-24
5.41932e-24
5.16617e-24
4.92452e-24
4.69387e-24
4.47373e-24
4.26364e-24
4.06315e-24
3.87183e-24
3.68928e-24
3.51511e-24
3.34894e-24
3.19042e-24
3.0392e-24
2.89495e-24
2.75738e-24
2.62617e-24
2.50103e-24
2.3817e-24
2.26792e-24
2.15943e-24
2.05599e-24
1.95738e-24
1.86337e-24
1.77376e-24
1.68834e-24
1.60693e-24
1.52934e-24
1.4554e-24
1.38494e-24
1.31781e-24
1.25384e-24
1.1929e-24
1.13484e-24
1.07953e-24
1.02685e-24
9.76668e-25
9.28877e-25
8.83363e-25
8.40021e-25
7.98749e-25
7.59452e-25
7.22038e-25
6.86419e-25
6.5251e-25
6.20233e-25
5.8951e-25
5.60269e-25
5.3244e-25
5.05957e-25
4.80757e-25
4.56779e-25
4.33965e-25
4.1226e-25
3.91613e-25
3.71972e-25
3.5329e-25
3.35521e-25
3.18623e-25
3.02553e-25
2.87272e-25
2.72743e-25
2.58928e-25
2.45795e-25
2.3331e-25
2.21443e-25
2.10163e-25
1.99443e-25
1.89254e-25
1.79572e-25
1.70373e-25
1.61632e-25
1.53327e-25
1.45438e-25
1.37944e-25
1.30826e-25
1.24065e-25
1.17644e-25
1.11547e-25
1.05757e-25
1.0026e-25
9.50407e-26
9.00858e-26
8.53824e-26
8.09179e-26
7.66807e-26
7.26593e-26
6.88432e-26
6.52221e-26
6.17864e-26
5.85268e-26
5.54346e-26
5.25013e-26
4.97191e-26
4.70804e-26
4.45779e-26
4.22049e-26
3.99549e-26
3.78216e-26
3.57991e-26
3.38819e-26
3.20646e-26
3.03422e-26
2.87098e-26
2.71629e-26
2.56972e-26
2.43084e-26
2.29927e-26
2.17463e-26
2.05656e-26
1.94474e-26
1.83884e-26
1.73855e-26
1.64358e-26
1.55367e-26
1.46854e-26
1.38796e-26
1.31169e-26
1.23949e-26
1.17117e-26
1.10651e-26
1.04533e-26
9.87452e-27
9.32693e-27
8.80892e-27
8.31896e-27
7.85556e-27
7.41733e-27
7.00294e-27
6.61113e-27
6.24071e-27
5.89054e-27
5.55955e-27
5.24671e-27
4.95107e-27
4.67171e-27
4.40776e-27
4.15839e-27
3.92283e-27
3.70033e-27
3.49019e-27
3.29175e-27
3.10439e-27
2.92749e-27
2.76051e-27
2.6029e-27
2.45416e-27
2.3138e-27
2.18138e-27
2.05646e-27
1.93864e-27
1.82753e-27
1.72276e-27
1.624e-27
1.53092e-27
1.44321e-27
1.36057e-27
1.28274e-27
1.20944e-27
1.14044e-27
1.07551e-27
1.01442e-27
9.56964e-28
9.02952e-28
8.52197e-28
8.04526e-28
7.59775e-28
7.1779e-28
6.78426e-28
6.41547e-28
6.07023e-28
5.74735e-28
5.4457e-28
5.16421e-28
4.90188e-28
4.6578e-28
4.4311e-28
4.22096e-28
4.02663e-28
3.84741e-28
3.68265e-28
3.53176e-28
3.39418e-28
3.26941e-28
3.15699e-28
3.0566e-28
2.96806e-28
2.89109e-28
2.82538e-28
2.77081e-28
2.72712e-28
2.69411e-28
2.6716e-28
2.65946e-28
2.65758e-28
2.66591e-28
2.68441e-28
2.7131e-28
2.75202e-28
2.80123e-28
