10
2e+17
1e+17
49.9999
10
18755.4
2.74113e-20
2.74092e-20
2.73979e-20
2.73813e-20
2.73592e-20
2.73317e-20
2.72989e-20
2.72606e-20
2.7217e-20
2.7168e-20
2.71138e-20
2.70542e-20
2.69894e-20
2.69195e-20
2.68443e-20
2.67641e-20
2.66787e-20
2.65884e-20
2.6493e-20
2.63928e-20
2.62877e-20
2.61778e-20
2.60632e-20
2.59439e-20
2.582e-20
2.56916e-20
2.55587e-20
2.54215e-20
2.528e-20
2.51342e-20
2.49843e-20
2.48304e-20
2.46725e-20
2.45107e-20
2.43451e-20
2.41758e-20
2.4003e-20
2.38266e-20
2.36468e-20
2.34637e-20
2.32774e-20
2.30879e-20
2.28954e-20
2.27001e-20
2.25019e-20
2.2301e-20
2.20974e-20
2.18914e-20
2.1683e-20
2.14723e-20
2.12594e-20
2.10444e-20
2.08275e-20
2.06087e-20
2.03881e-20
2.01658e-20
1.99421e-20
1.97168e-20
1.94903e-20
1.92625e-20
1.90335e-20
1.88036e-20
1.85727e-20
1.8341e-20
1.81086e-20
1.78756e-20
1.7642e-20
1.74081e-20
1.71738e-20
1.69393e-20
1.67046e-20
1.647e-20
1.62354e-20
1.60009e-20
1.57667e-20
1.55328e-20
1.52994e-20
1.50664e-20
1.48341e-20
1.46024e-20
1.43714e-20
1.41413e-20
1.39121e-20
1.36839e-20
1.34567e-20
1.32307e-20
1.30059e-20
1.27823e-20
1.25601e-20
1.23393e-20
1.21199e-20
1.1902e-20
1.16858e-20
1.14711e-20
1.12582e-20
1.1047e-20
1.08376e-20
1.063e-20
1.04244e-20
1.02206e-20
1.00188e-20
9.81908e-21
9.62138e-21
9.42577e-21
9.23228e-21
9.04094e-21
8.85179e-21
8.66486e-21
8.48017e-21
8.29774e-21
8.11761e-21
7.93978e-21
7.76429e-21
7.59114e-21
7.42036e-21
7.25195e-21
7.08594e-21
6.92232e-21
6.76112e-21
6.60234e-21
6.44598e-21
6.29205e-21
6.14056e-21
5.9915e-21
5.84487e-21
5.70068e-21
5.55892e-21
5.41959e-21
5.28269e-21
5.1482e-21
5.01612e-21
4.88644e-21
4.75916e-21
4.63426e-21
4.51172e-21
4.39154e-21
4.27371e-21
4.1582e-21
4.04499e-21
3.93408e-21
3.82545e-21
3.71906e-21
3.61491e-21
3.51297e-21
3.41323e-21
3.31565e-21
3.22021e-21
3.1269e-21
3.03569e-21
2.94655e-21
2.85945e-21
2.77438e-21
2.6913e-21
2.61019e-21
2.53101e-21
2.45376e-21
2.37838e-21
2.30487e-21
2.23318e-21
2.1633e-21
2.09518e-21
2.02881e-21
1.96415e-21
1.90118e-21
1.83986e-21
1.78017e-21
1.72207e-21
1.66554e-21
1.61055e-21
1.55707e-21
1.50507e-21
1.45452e-21
1.40539e-21
1.35765e-21
1.31128e-21
1.26625e-21
1.22252e-21
1.18007e-21
1.13887e-21
1.0989e-21
1.06012e-21
1.02251e-21
9.86047e-22
9.50697e-22
9.16436e-22
8.83239e-22
8.51079e-22
8.19932e-22
7.89772e-22
7.60575e-22
7.32315e-22
7.0497e-22
6.78516e-22
6.52928e-22
6.28185e-22
6.04264e-22
5.81143e-22
5.58799e-22
5.37212e-22
5.1636e-22
4.96223e-22
4.76781e-22
4.58014e-22
4.39902e-22
4.22426e-22
4.05567e-22
3.89308e-22
3.7363e-22
3.58517e-22
3.43949e-22
3.29912e-22
3.16388e-22
3.03362e-22
2.90818e-22
2.7874e-22
2.67114e-22
2.55926e-22
2.45161e-22
2.34804e-22
2.24844e-22
2.15266e-22
2.06059e-22
1.97208e-22
1.88704e-22
1.80532e-22
1.72683e-22
1.65145e-22
1.57907e-22
1.50959e-22
1.4429e-22
1.37891e-22
1.31752e-22
1.25863e-22
1.20215e-22
1.148e-22
1.0961e-22
1.04635e-22
9.98678e-23
9.53009e-23
9.09264e-23
8.67373e-23
8.27263e-23
7.88868e-23
7.52121e-23
7.16958e-23
6.83317e-23
6.5114e-23
6.20367e-23
5.90945e-23
5.62819e-23
5.35937e-23
5.10249e-23
4.85708e-23
4.62265e-23
4.39877e-23
4.185e-23
3.98092e-23
3.78614e-23
3.60026e-23
3.42291e-23
3.25373e-23
3.09238e-23
2.93851e-23
2.79183e-23
2.652e-23
2.51875e-23
2.39177e-23
2.27081e-23
2.1556e-23
2.04588e-23
1.94141e-23
1.84196e-23
1.7473e-23
1.65723e-23
1.57153e-23
1.49001e-23
1.41247e-23
1.33874e-23
1.26865e-23
1.20202e-23
1.1387e-23
1.07853e-23
1.02136e-23
9.67061e-24
9.15493e-24
8.66529e-24
8.20044e-24
7.75921e-24
7.34049e-24
6.94318e-24
6.56627e-24
6.20877e-24
5.86974e-24
5.54828e-24
5.24355e-24
4.95471e-24
4.68099e-24
4.42165e-24
4.17597e-24
3.94327e-24
3.72291e-24
3.51428e-24
3.31677e-24
3.12983e-24
2.95293e-24
2.78556e-24
2.62723e-24
2.47748e-24
2.33587e-24
2.20198e-24
2.07542e-24
1.95579e-24
1.84275e-24
1.73595e-24
1.63506e-24
1.53977e-24
1.44979e-24
1.36483e-24
1.28464e-24
1.20895e-24
1.13752e-24
1.07014e-24
1.00657e-24
9.46616e-25
8.90082e-25
8.3678e-25
7.86536e-25
7.39181e-25
6.94558e-25
6.52517e-25
6.12916e-25
5.75618e-25
5.40497e-25
5.07431e-25
4.76306e-25
4.47013e-25
4.19448e-25
3.93515e-25
3.69122e-25
3.4618e-25
3.24608e-25
3.04327e-25
2.85264e-25
2.67348e-25
2.50514e-25
2.34698e-25
2.19843e-25
2.05892e-25
1.92792e-25
1.80494e-25
1.68951e-25
1.58118e-25
1.47954e-25
1.38419e-25
1.29476e-25
1.21089e-25
1.13225e-25
1.05853e-25
9.89437e-26
9.2469e-26
8.64026e-26
8.07199e-26
7.53975e-26
7.04135e-26
6.57473e-26
6.13794e-26
5.72914e-26
5.34662e-26
4.98874e-26
4.65399e-26
4.34092e-26
4.04818e-26
3.77451e-26
3.51871e-26
3.27966e-26
3.0563e-26
2.84764e-26
2.65274e-26
2.47074e-26
2.30081e-26
2.14219e-26
1.99414e-26
1.85598e-26
1.72709e-26
1.60685e-26
1.49472e-26
1.39016e-26
1.29268e-26
1.20182e-26
1.11714e-26
1.03824e-26
9.64733e-27
8.96271e-27
8.32515e-27
7.73155e-27
7.17896e-27
6.66465e-27
6.18606e-27
5.7408e-27
5.32661e-27
4.9414e-27
4.58322e-27
4.25022e-27
3.9407e-27
3.65305e-27
3.38578e-27
3.13749e-27
2.90688e-27
2.69272e-27
2.49389e-27
2.30931e-27
2.13801e-27
1.97905e-27
1.83157e-27
1.69477e-27
1.5679e-27
1.45027e-27
1.34121e-27
1.24013e-27
1.14646e-27
1.05966e-27
9.79264e-28
9.04797e-28
8.35841e-28
7.71998e-28
7.12902e-28
6.5821e-28
6.07602e-28
5.60783e-28
5.17478e-28
4.7743e-28
4.40402e-28
4.06172e-28
3.74535e-28
3.45301e-28
3.18291e-28
2.93342e-28
2.703e-28
2.49025e-28
2.29385e-28
2.11257e-28
1.94528e-28
1.79095e-28
1.64858e-28
1.51729e-28
1.39624e-28
1.28464e-28
1.1818e-28
1.08703e-28
9.99733e-29
9.19334e-29
8.45307e-29
7.77165e-29
7.14457e-29
6.56767e-29
6.0371e-29
5.5493e-29
5.10098e-29
4.68911e-29
4.31089e-29
3.96372e-29
3.64523e-29
3.35321e-29
3.08564e-29
2.84065e-29
2.61651e-29
2.41166e-29
2.22463e-29
2.05409e-29
1.89881e-29
1.75767e-29
1.62964e-29
1.51378e-29
1.40923e-29
1.3152e-29
1.23099e-29
1.15594e-29
1.08946e-29
1.03104e-29
9.80183e-30
9.36478e-30
8.99543e-30
8.69043e-30
8.44683e-30
8.26211e-30
8.1341e-30
8.06114e-30
8.04213e-30
8.076e-30
8.16186e-30
8.29938e-30
8.4882e-30
8.72826e-30
9.01974e-30
9.36311e-30
9.75907e-30
1.02086e-29
1.07129e-29
1.12733e-29
1.18917e-29
1.25699e-29
