10
5e+16
2e+17
50
10
18755.4
2.8305e-20
2.82971e-20
2.82692e-20
2.82352e-20
2.81955e-20
2.81503e-20
2.80998e-20
2.80439e-20
2.79827e-20
2.79163e-20
2.78447e-20
2.7768e-20
2.76862e-20
2.75993e-20
2.75074e-20
2.74106e-20
2.73089e-20
2.72023e-20
2.70909e-20
2.69748e-20
2.68541e-20
2.67287e-20
2.65988e-20
2.64644e-20
2.63256e-20
2.61826e-20
2.60353e-20
2.58838e-20
2.57283e-20
2.55688e-20
2.54054e-20
2.52382e-20
2.50672e-20
2.48926e-20
2.47145e-20
2.45329e-20
2.4348e-20
2.41598e-20
2.39685e-20
2.37741e-20
2.35767e-20
2.33765e-20
2.31735e-20
2.29679e-20
2.27597e-20
2.2549e-20
2.2336e-20
2.21208e-20
2.19034e-20
2.16839e-20
2.14626e-20
2.12394e-20
2.10145e-20
2.07879e-20
2.05599e-20
2.03304e-20
2.00996e-20
1.98676e-20
1.96345e-20
1.94004e-20
1.91654e-20
1.89295e-20
1.8693e-20
1.84559e-20
1.82182e-20
1.79802e-20
1.77418e-20
1.75032e-20
1.72645e-20
1.70258e-20
1.67871e-20
1.65485e-20
1.63102e-20
1.60722e-20
1.58346e-20
1.55974e-20
1.53609e-20
1.5125e-20
1.48898e-20
1.46554e-20
1.4422e-20
1.41894e-20
1.39579e-20
1.37275e-20
1.34982e-20
1.32702e-20
1.30435e-20
1.28181e-20
1.25942e-20
1.23717e-20
1.21507e-20
1.19314e-20
1.17137e-20
1.14977e-20
1.12834e-20
1.10709e-20
1.08602e-20
1.06515e-20
1.04446e-20
1.02397e-20
1.00368e-20
9.83599e-21
9.6372e-21
9.44051e-21
9.24595e-21
9.05355e-21
8.86333e-21
8.67533e-21
8.48955e-21
8.30603e-21
8.12479e-21
7.94584e-21
7.76921e-21
7.59492e-21
7.42296e-21
7.25337e-21
7.08615e-21
6.92131e-21
6.75886e-21
6.59881e-21
6.44117e-21
6.28594e-21
6.13314e-21
5.98278e-21
5.83484e-21
5.68934e-21
5.54627e-21
5.40564e-21
5.26744e-21
5.13168e-21
4.99836e-21
4.86746e-21
4.739e-21
4.61296e-21
4.48933e-21
4.36811e-21
4.24927e-21
4.13282e-21
4.01872e-21
3.90697e-21
3.79755e-21
3.69044e-21
3.58562e-21
3.48307e-21
3.38277e-21
3.28469e-21
3.18882e-21
3.09512e-21
3.00358e-21
2.91417e-21
2.82685e-21
2.74161e-21
2.65842e-21
2.57725e-21
2.49806e-21
2.42084e-21
2.34554e-21
2.27215e-21
2.20063e-21
2.13096e-21
2.06309e-21
1.997e-21
1.93267e-21
1.87005e-21
1.80912e-21
1.74984e-21
1.69219e-21
1.63614e-21
1.58165e-21
1.52869e-21
1.47723e-21
1.42724e-21
1.3787e-21
1.33156e-21
1.2858e-21
1.24139e-21
1.1983e-21
1.1565e-21
1.11596e-21
1.07665e-21
1.03854e-21
1.00161e-21
9.65818e-22
9.31147e-22
8.97566e-22
8.65047e-22
8.33565e-22
8.03093e-22
7.73604e-22
7.45073e-22
7.17474e-22
6.90783e-22
6.64976e-22
6.40027e-22
6.15915e-22
5.92614e-22
5.70103e-22
5.4836e-22
5.27362e-22
5.07088e-22
4.87516e-22
4.68627e-22
4.50399e-22
4.32814e-22
4.15852e-22
3.99493e-22
3.8372e-22
3.68514e-22
3.53858e-22
3.39735e-22
3.26127e-22
3.13018e-22
3.00392e-22
2.88235e-22
2.76529e-22
2.65261e-22
2.54416e-22
2.43981e-22
2.33941e-22
2.24282e-22
2.14993e-22
2.06061e-22
1.97473e-22
1.89217e-22
1.81283e-22
1.73658e-22
1.66332e-22
1.59294e-22
1.52534e-22
1.46042e-22
1.39808e-22
1.33824e-22
1.2808e-22
1.22566e-22
1.17276e-22
1.122e-22
1.07331e-22
1.0266e-22
9.81814e-23
9.38865e-23
8.97689e-23
8.58217e-23
8.20385e-23
7.84129e-23
7.49389e-23
7.16107e-23
6.84224e-23
6.53688e-23
6.24444e-23
5.96442e-23
5.69633e-23
5.43969e-23
5.19405e-23
4.95896e-23
4.73401e-23
4.51878e-23
4.31288e-23
4.11592e-23
3.92755e-23
3.74741e-23
3.57517e-23
3.41049e-23
3.25307e-23
3.1026e-23
2.95879e-23
2.82136e-23
2.69005e-23
2.5646e-23
2.44476e-23
2.33029e-23
2.22096e-23
2.11656e-23
2.01688e-23
1.9217e-23
1.83084e-23
1.74412e-23
1.66134e-23
1.58235e-23
1.50697e-23
1.43505e-23
1.36643e-23
1.30098e-23
1.23854e-23
1.179e-23
1.12222e-23
1.06807e-23
1.01645e-23
9.67232e-24
9.20316e-24
8.75598e-24
8.32979e-24
7.92363e-24
7.53662e-24
7.16787e-24
6.81656e-24
6.48191e-24
6.16314e-24
5.85953e-24
5.5704e-24
5.29507e-24
5.03291e-24
4.78331e-24
4.5457e-24
4.31951e-24
4.10423e-24
3.89933e-24
3.70435e-24
3.51881e-24
3.34227e-24
3.17431e-24
3.01454e-24
2.86256e-24
2.71801e-24
2.58053e-24
2.44979e-24
2.32548e-24
2.20728e-24
2.09491e-24
1.98809e-24
1.88655e-24
1.79004e-24
1.69831e-24
1.61115e-24
1.52833e-24
1.44964e-24
1.37488e-24
1.30386e-24
1.2364e-24
1.17232e-24
1.11147e-24
1.05369e-24
9.98815e-25
9.46717e-25
8.97256e-25
8.50304e-25
8.05736e-25
7.63435e-25
7.23289e-25
6.85193e-25
6.49044e-25
6.14746e-25
5.82208e-25
5.51341e-25
5.22063e-25
4.94293e-25
4.67958e-25
4.42984e-25
4.19305e-25
3.96854e-25
3.75569e-25
3.55393e-25
3.36269e-25
3.18144e-25
3.00967e-25
2.8469e-25
2.69268e-25
2.54657e-25
2.40815e-25
2.27704e-25
2.15286e-25
2.03525e-25
1.92387e-25
1.81842e-25
1.71857e-25
1.62404e-25
1.53457e-25
1.44987e-25
1.36972e-25
1.29386e-25
1.22209e-25
1.15417e-25
1.08992e-25
1.02915e-25
9.7166e-26
9.1729e-26
8.65873e-26
8.17254e-26
7.71284e-26
7.27825e-26
6.86742e-26
6.47911e-26
6.11211e-26
5.76529e-26
5.43757e-26
5.12794e-26
4.83542e-26
4.55911e-26
4.29812e-26
4.05164e-26
3.81888e-26
3.5991e-26
3.3916e-26
3.19572e-26
3.01082e-26
2.83631e-26
2.67162e-26
2.51621e-26
2.36959e-26
2.23126e-26
2.10077e-26
1.9777e-26
1.86162e-26
1.75217e-26
1.64896e-26
1.55166e-26
1.45994e-26
1.37348e-26
1.292e-26
1.21521e-26
1.14286e-26
1.07469e-26
1.01048e-26
9.49989e-27
8.93021e-27
8.39374e-27
7.88859e-27
7.41299e-27
6.96528e-27
6.54385e-27
6.14722e-27
5.77397e-27
5.42277e-27
5.09234e-27
4.78151e-27
4.48914e-27
4.21417e-27
3.95559e-27
3.71247e-27
3.48389e-27
3.26903e-27
3.06708e-27
2.87729e-27
2.69895e-27
2.53139e-27
2.37399e-27
2.22614e-27
2.08728e-27
1.95688e-27
1.83446e-27
1.71952e-27
1.61164e-27
1.51039e-27
1.41538e-27
1.32624e-27
1.24261e-27
1.16418e-27
1.09063e-27
1.02166e-27
9.57013e-28
8.96417e-28
8.39634e-28
7.86434e-28
7.36601e-28
6.89934e-28
6.46241e-28
6.05344e-28
5.67075e-28
5.31275e-28
4.97796e-28
4.66499e-28
4.37252e-28
4.09932e-28
3.84425e-28
3.60623e-28
3.38423e-28
3.17732e-28
2.98459e-28
2.80522e-28
2.63843e-28
2.4835e-28
2.33974e-28
2.20651e-28
2.08323e-28
1.96935e-28
1.86436e-28
1.76777e-28
1.67915e-28
1.59808e-28
1.5242e-28
1.45715e-28
1.39661e-28
1.3423e-28
1.29393e-28
1.25128e-28
1.21411e-28
1.18225e-28
1.15554e-28
1.13391e-28
1.11726e-28
1.10546e-28
1.09848e-28
1.09622e-28
1.09863e-28
1.10564e-28
1.11722e-28
1.13337e-28
1.15409e-28
1.17938e-28
1.20931e-28
1.2439e-28
1.28325e-28
