10
1e+17
5e+17
50
10
18755.4
2.85433e-20
2.85337e-20
2.85009e-20
2.84617e-20
2.84167e-20
2.83664e-20
2.83106e-20
2.82495e-20
2.81831e-20
2.81116e-20
2.8035e-20
2.79532e-20
2.78665e-20
2.77747e-20
2.76781e-20
2.75765e-20
2.747e-20
2.73588e-20
2.72429e-20
2.71223e-20
2.69971e-20
2.68673e-20
2.67331e-20
2.65945e-20
2.64516e-20
2.63044e-20
2.61531e-20
2.59977e-20
2.58383e-20
2.5675e-20
2.55079e-20
2.5337e-20
2.51625e-20
2.49844e-20
2.48029e-20
2.4618e-20
2.44299e-20
2.42385e-20
2.40441e-20
2.38467e-20
2.36464e-20
2.34433e-20
2.32376e-20
2.30293e-20
2.28185e-20
2.26053e-20
2.23898e-20
2.21722e-20
2.19525e-20
2.17309e-20
2.15073e-20
2.12821e-20
2.10552e-20
2.08267e-20
2.05968e-20
2.03655e-20
2.0133e-20
1.98994e-20
1.96647e-20
1.94291e-20
1.91926e-20
1.89554e-20
1.87175e-20
1.84791e-20
1.82403e-20
1.80011e-20
1.77616e-20
1.7522e-20
1.72823e-20
1.70426e-20
1.6803e-20
1.65636e-20
1.63245e-20
1.60858e-20
1.58474e-20
1.56097e-20
1.53725e-20
1.5136e-20
1.49003e-20
1.46654e-20
1.44314e-20
1.41984e-20
1.39665e-20
1.37357e-20
1.35061e-20
1.32777e-20
1.30506e-20
1.2825e-20
1.26007e-20
1.2378e-20
1.21568e-20
1.19372e-20
1.17193e-20
1.15031e-20
1.12886e-20
1.10759e-20
1.08651e-20
1.06562e-20
1.04492e-20
1.02441e-20
1.00411e-20
9.84005e-21
9.6411e-21
9.44425e-21
9.24953e-21
9.05697e-21
8.86658e-21
8.6784e-21
8.49244e-21
8.30874e-21
8.1273e-21
7.94815e-21
7.7713e-21
7.59678e-21
7.4246e-21
7.25477e-21
7.08729e-21
6.9222e-21
6.75948e-21
6.59915e-21
6.44123e-21
6.28571e-21
6.13262e-21
5.98195e-21
5.83371e-21
5.6879e-21
5.54451e-21
5.40357e-21
5.26506e-21
5.12898e-21
4.99536e-21
4.86416e-21
4.73541e-21
4.60908e-21
4.48518e-21
4.36369e-21
4.2446e-21
4.1279e-21
4.01357e-21
3.9016e-21
3.79197e-21
3.68467e-21
3.57967e-21
3.47696e-21
3.3765e-21
3.27829e-21
3.18229e-21
3.08849e-21
2.99685e-21
2.90735e-21
2.81996e-21
2.73466e-21
2.65142e-21
2.57021e-21
2.491e-21
2.41377e-21
2.33847e-21
2.26509e-21
2.19359e-21
2.12394e-21
2.05612e-21
1.99008e-21
1.9258e-21
1.86324e-21
1.80239e-21
1.74319e-21
1.68563e-21
1.62967e-21
1.57528e-21
1.52242e-21
1.47107e-21
1.4212e-21
1.37277e-21
1.32576e-21
1.28013e-21
1.23585e-21
1.19289e-21
1.15122e-21
1.11082e-21
1.07165e-21
1.03368e-21
9.96889e-22
9.61243e-22
9.26715e-22
8.93277e-22
8.60903e-22
8.29564e-22
7.99235e-22
7.69888e-22
7.41498e-22
7.1404e-22
6.87488e-22
6.61818e-22
6.37006e-22
6.13027e-22
5.89859e-22
5.67479e-22
5.45863e-22
5.24991e-22
5.0484e-22
4.85389e-22
4.66618e-22
4.48506e-22
4.31034e-22
4.14182e-22
3.97931e-22
3.82262e-22
3.67158e-22
3.526e-22
3.38573e-22
3.25057e-22
3.12038e-22
2.995e-22
2.87426e-22
2.75801e-22
2.64612e-22
2.53842e-22
2.43479e-22
2.33508e-22
2.23917e-22
2.14691e-22
2.0582e-22
1.97291e-22
1.89091e-22
1.8121e-22
1.73635e-22
1.66357e-22
1.59365e-22
1.52649e-22
1.46198e-22
1.40003e-22
1.34056e-22
1.28346e-22
1.22865e-22
1.17605e-22
1.12558e-22
1.07715e-22
1.03069e-22
9.86132e-23
9.43395e-23
9.02414e-23
8.63122e-23
8.25455e-23
7.89349e-23
7.54744e-23
7.21584e-23
6.8981e-23
6.5937e-23
6.30211e-23
6.02282e-23
5.75535e-23
5.49923e-23
5.25401e-23
5.01924e-23
4.79453e-23
4.57945e-23
4.37361e-23
4.17665e-23
3.98821e-23
3.80792e-23
3.63547e-23
3.47052e-23
3.31278e-23
3.16193e-23
3.01769e-23
2.8798e-23
2.74797e-23
2.62197e-23
2.50154e-23
2.38645e-23
2.27647e-23
2.17138e-23
2.07099e-23
1.97508e-23
1.88348e-23
1.79598e-23
1.71241e-23
1.63262e-23
1.55642e-23
1.48368e-23
1.41423e-23
1.34793e-23
1.28465e-23
1.22425e-23
1.16661e-23
1.11161e-23
1.05912e-23
1.00905e-23
9.61274e-24
9.157e-24
8.72228e-24
8.30765e-24
7.9122e-24
7.53508e-24
7.17547e-24
6.83258e-24
6.50566e-24
6.19398e-24
5.89686e-24
5.61364e-24
5.34368e-24
5.08639e-24
4.8412e-24
4.60753e-24
4.38488e-24
4.17273e-24
3.97061e-24
3.77805e-24
3.59461e-24
3.41988e-24
3.25344e-24
3.09493e-24
2.94396e-24
2.8002e-24
2.6633e-24
2.53294e-24
2.40883e-24
2.29066e-24
2.17817e-24
2.07108e-24
1.96915e-24
1.87212e-24
1.77978e-24
1.69189e-24
1.60825e-24
1.52867e-24
1.45293e-24
1.38088e-24
1.31232e-24
1.24709e-24
1.18504e-24
1.12602e-24
1.06987e-24
1.01647e-24
9.6568e-25
9.17375e-25
8.71438e-25
8.27755e-25
7.86218e-25
7.46723e-25
7.09172e-25
6.73472e-25
6.39533e-25
6.0727e-25
5.76602e-25
5.47452e-25
5.19747e-25
4.93415e-25
4.68391e-25
4.44611e-25
4.22014e-25
4.00542e-25
3.80142e-25
3.60759e-25
3.42345e-25
3.24852e-25
3.08236e-25
2.92452e-25
2.7746e-25
2.63221e-25
2.49699e-25
2.36857e-25
2.24662e-25
2.13083e-25
2.02088e-25
1.91649e-25
1.81739e-25
1.7233e-25
1.63399e-25
1.54921e-25
1.46874e-25
1.39237e-25
1.31988e-25
1.2511e-25
1.18582e-25
1.12388e-25
1.06511e-25
1.00934e-25
9.56442e-26
9.06254e-26
8.58645e-26
8.13486e-26
7.70652e-26
7.30026e-26
6.91497e-26
6.54959e-26
6.20312e-26
5.87458e-26
5.56308e-26
5.26775e-26
4.98776e-26
4.72234e-26
4.47075e-26
4.23227e-26
4.00625e-26
3.79204e-26
3.58903e-26
3.39667e-26
3.21439e-26
3.04169e-26
2.87806e-26
2.72305e-26
2.57621e-26
2.43712e-26
2.30538e-26
2.18061e-26
2.06244e-26
1.95054e-26
1.84459e-26
1.74426e-26
1.64928e-26
1.55936e-26
1.47423e-26
1.39366e-26
1.31739e-26
1.24522e-26
1.17691e-26
1.11227e-26
1.05111e-26
9.93244e-27
9.38498e-27
8.86708e-27
8.3772e-27
7.91384e-27
7.47561e-27
7.06118e-27
6.66929e-27
6.29874e-27
5.94841e-27
5.61722e-27
5.30414e-27
5.00822e-27
4.72855e-27
4.46425e-27
4.2145e-27
3.97853e-27
3.7556e-27
3.54501e-27
3.3461e-27
3.15825e-27
2.98085e-27
2.81335e-27
2.65521e-27
2.50593e-27
2.36504e-27
2.23208e-27
2.10663e-27
1.98827e-27
1.87664e-27
1.77136e-27
1.67209e-27
1.57852e-27
1.49032e-27
1.40723e-27
1.32895e-27
1.25523e-27
1.18583e-27
1.12052e-27
1.05908e-27
1.0013e-27
9.4699e-28
8.95967e-28
8.48057e-28
8.03099e-28
7.60938e-28
7.21431e-28
6.84441e-28
6.49842e-28
6.17513e-28
5.87341e-28
5.59221e-28
5.33054e-28
5.08747e-28
4.86214e-28
4.65374e-28
4.46151e-28
4.28475e-28
4.12281e-28
3.9751e-28
3.84104e-28
3.72013e-28
3.61191e-28
3.51593e-28
3.43182e-28
3.35922e-28
3.29782e-28
3.24747e-28
3.20815e-28
3.17972e-28
3.16201e-28
3.15501e-28
3.15859e-28
3.17265e-28
3.1971e-28
3.2319e-28
3.27703e-28
3.33252e-28
3.39841e-28
3.47479e-28
3.56176e-28
3.65947e-28
