10
5e+16
5e+18
49.9999
10.0001
18755.4
3.39991e-20
3.39294e-20
3.37255e-20
3.35093e-20
3.32876e-20
3.30622e-20
3.2834e-20
3.26033e-20
3.23707e-20
3.21362e-20
3.19003e-20
3.16631e-20
3.14247e-20
3.11849e-20
3.09438e-20
3.07013e-20
3.04575e-20
3.02124e-20
2.9966e-20
2.97184e-20
2.94696e-20
2.92197e-20
2.89686e-20
2.87165e-20
2.84634e-20
2.82094e-20
2.79544e-20
2.76987e-20
2.74421e-20
2.71848e-20
2.69268e-20
2.66681e-20
2.64089e-20
2.61492e-20
2.5889e-20
2.56284e-20
2.53674e-20
2.51061e-20
2.48446e-20
2.45828e-20
2.43209e-20
2.40589e-20
2.37969e-20
2.35348e-20
2.32728e-20
2.3011e-20
2.27493e-20
2.24878e-20
2.22265e-20
2.19656e-20
2.17051e-20
2.14449e-20
2.11853e-20
2.09261e-20
2.06675e-20
2.04094e-20
2.01521e-20
1.98954e-20
1.96394e-20
1.93843e-20
1.91299e-20
1.88765e-20
1.86239e-20
1.83723e-20
1.81217e-20
1.78721e-20
1.76235e-20
1.73761e-20
1.71298e-20
1.68847e-20
1.66408e-20
1.63981e-20
1.61567e-20
1.59166e-20
1.56779e-20
1.54405e-20
1.52045e-20
1.497e-20
1.47369e-20
1.45053e-20
1.42752e-20
1.40466e-20
1.38196e-20
1.35941e-20
1.33703e-20
1.3148e-20
1.29274e-20
1.27085e-20
1.24912e-20
1.22757e-20
1.20618e-20
1.18496e-20
1.16392e-20
1.14306e-20
1.12237e-20
1.10186e-20
1.08152e-20
1.06137e-20
1.04139e-20
1.0216e-20
1.00199e-20
9.82555e-21
9.63308e-21
9.44243e-21
9.25363e-21
9.06666e-21
8.88153e-21
8.69824e-21
8.5168e-21
8.33721e-21
8.15948e-21
7.98363e-21
7.80968e-21
7.63764e-21
7.46751e-21
7.29932e-21
7.13306e-21
6.96875e-21
6.80641e-21
6.64605e-21
6.48771e-21
6.33142e-21
6.17722e-21
6.02513e-21
5.87518e-21
5.72739e-21
5.58176e-21
5.43835e-21
5.29718e-21
5.15831e-21
5.02178e-21
4.88762e-21
4.75585e-21
4.6265e-21
4.49957e-21
4.37509e-21
4.25305e-21
4.13346e-21
4.01632e-21
3.90162e-21
3.78936e-21
3.67953e-21
3.5721e-21
3.46708e-21
3.36443e-21
3.26414e-21
3.16619e-21
3.07056e-21
2.97722e-21
2.88614e-21
2.7973e-21
2.71067e-21
2.62621e-21
2.54391e-21
2.46372e-21
2.38561e-21
2.30956e-21
2.23552e-21
2.16347e-21
2.09337e-21
2.02518e-21
1.95887e-21
1.89441e-21
1.83175e-21
1.77087e-21
1.71172e-21
1.65428e-21
1.5985e-21
1.54435e-21
1.4918e-21
1.44081e-21
1.39134e-21
1.34336e-21
1.29684e-21
1.25174e-21
1.20802e-21
1.16566e-21
1.12462e-21
1.08486e-21
1.04636e-21
1.00908e-21
9.72998e-22
9.38071e-22
9.04273e-22
8.71574e-22
8.39944e-22
8.09354e-22
7.79775e-22
7.51179e-22
7.23539e-22
6.96827e-22
6.71016e-22
6.4608e-22
6.21995e-22
5.98735e-22
5.76274e-22
5.54591e-22
5.3366e-22
5.1346e-22
4.93967e-22
4.7516e-22
4.57018e-22
4.39519e-22
4.22645e-22
4.06373e-22
3.90687e-22
3.75566e-22
3.60992e-22
3.46948e-22
3.33416e-22
3.2038e-22
3.07822e-22
2.95728e-22
2.8408e-22
2.72866e-22
2.62069e-22
2.51675e-22
2.41671e-22
2.32044e-22
2.22779e-22
2.13866e-22
2.05291e-22
1.97042e-22
1.89109e-22
1.81479e-22
1.74143e-22
1.67089e-22
1.60307e-22
1.53789e-22
1.47523e-22
1.41502e-22
1.35716e-22
1.30156e-22
1.24814e-22
1.19683e-22
1.14754e-22
1.1002e-22
1.05473e-22
1.01108e-22
9.69156e-23
9.28909e-23
8.90271e-23
8.53183e-23
8.17584e-23
7.83419e-23
7.50632e-23
7.1917e-23
6.88983e-23
6.60021e-23
6.32238e-23
6.05586e-23
5.80023e-23
5.55505e-23
5.31992e-23
5.09444e-23
4.87824e-23
4.67095e-23
4.47221e-23
4.2817e-23
4.09907e-23
3.92402e-23
3.75624e-23
3.59545e-23
3.44137e-23
3.29371e-23
3.15223e-23
3.01668e-23
2.88682e-23
2.76241e-23
2.64323e-23
2.52908e-23
2.41974e-23
2.31502e-23
2.21473e-23
2.1187e-23
2.02673e-23
1.93868e-23
1.85437e-23
1.77365e-23
1.69637e-23
1.62239e-23
1.55157e-23
1.48379e-23
1.41891e-23
1.35682e-23
1.29739e-23
1.24051e-23
1.18609e-23
1.13401e-23
1.08418e-23
1.0365e-23
9.90877e-24
9.47232e-24
9.05479e-24
8.65536e-24
8.27327e-24
7.90779e-24
7.5582e-24
7.22383e-24
6.90403e-24
6.59818e-24
6.30569e-24
6.02597e-24
5.75849e-24
5.50272e-24
5.25815e-24
5.02431e-24
4.80073e-24
4.58696e-24
4.3826e-24
4.18722e-24
4.00045e-24
3.8219e-24
3.65123e-24
3.48809e-24
3.33215e-24
3.1831e-24
3.04064e-24
2.90449e-24
2.77437e-24
2.65001e-24
2.53116e-24
2.4176e-24
2.30907e-24
2.20536e-24
2.10627e-24
2.01158e-24
1.92111e-24
1.83467e-24
1.75208e-24
1.67317e-24
1.59779e-24
1.52577e-24
1.45696e-24
1.39124e-24
1.32845e-24
1.26847e-24
1.21117e-24
1.15645e-24
1.10417e-24
1.05424e-24
1.00655e-24
9.60997e-25
9.17491e-25
8.7594e-25
8.36256e-25
7.98356e-25
7.62162e-25
7.27597e-25
6.94588e-25
6.63066e-25
6.32964e-25
6.0422e-25
5.76772e-25
5.50563e-25
5.25537e-25
5.01641e-25
4.78825e-25
4.5704e-25
4.3624e-25
4.1638e-25
3.9742e-25
3.79317e-25
3.62034e-25
3.45534e-25
3.29782e-25
3.14744e-25
3.00387e-25
2.86682e-25
2.73599e-25
2.6111e-25
2.49187e-25
2.37807e-25
2.26943e-25
2.16573e-25
2.06675e-25
1.97226e-25
1.88208e-25
1.796e-25
1.71383e-25
1.63541e-25
1.56056e-25
1.48912e-25
1.42094e-25
1.35586e-25
1.29375e-25
1.23447e-25
1.1779e-25
1.12391e-25
1.07238e-25
1.02321e-25
9.76283e-26
9.31499e-26
8.88761e-26
8.47977e-26
8.09058e-26
7.71918e-26
7.36477e-26
7.02657e-26
6.70385e-26
6.39591e-26
6.10206e-26
5.82167e-26
5.55413e-26
5.29884e-26
5.05526e-26
4.82284e-26
4.60108e-26
4.38949e-26
4.18761e-26
3.995e-26
3.81122e-26
3.63589e-26
3.46861e-26
3.30901e-26
3.15674e-26
3.01148e-26
2.87289e-26
2.74068e-26
2.61456e-26
2.49423e-26
2.37945e-26
2.26995e-26
2.1655e-26
2.06586e-26
1.97082e-26
1.88016e-26
1.79368e-26
1.7112e-26
1.63252e-26
1.55748e-26
1.48592e-26
1.41766e-26
1.35256e-26
1.29048e-26
1.23128e-26
1.17482e-26
1.12098e-26
1.06965e-26
1.0207e-26
9.74036e-27
9.29545e-27
8.8713e-27
8.46698e-27
8.08158e-27
7.71424e-27
7.36416e-27
7.03054e-27
6.71265e-27
6.40978e-27
6.12125e-27
5.84642e-27
5.58468e-27
5.33544e-27
5.09815e-27
4.87227e-27
4.65732e-27
4.45279e-27
4.25825e-27
4.07324e-27
3.89737e-27
3.73024e-27
3.57147e-27
3.4207e-27
3.27762e-27
3.14188e-27
3.01319e-27
2.89127e-27
2.77584e-27
2.66663e-27
2.56342e-27
2.46596e-27
2.37404e-27
2.28746e-27
2.20602e-27
2.12954e-27
2.05785e-27
1.99078e-27
1.9282e-27
1.86996e-27
1.81592e-27
1.76598e-27
1.72002e-27
1.67793e-27
1.63963e-27
1.60503e-27
1.57411e-27
1.54691e-27
1.52341e-27
1.50355e-27
1.48735e-27
1.47477e-27
1.46575e-27
1.46026e-27
1.45828e-27
1.45978e-27
1.46475e-27
1.47318e-27
1.48509e-27
1.50049e-27
1.51938e-27
