10
2e+16
2e+17
50
10
18755.4
2.92221e-20
2.92061e-20
2.91548e-20
2.90964e-20
2.90323e-20
2.89627e-20
2.88878e-20
2.88079e-20
2.87229e-20
2.8633e-20
2.85383e-20
2.84387e-20
2.83345e-20
2.82256e-20
2.81121e-20
2.79939e-20
2.78712e-20
2.77441e-20
2.76125e-20
2.74765e-20
2.73363e-20
2.71919e-20
2.70434e-20
2.68907e-20
2.67341e-20
2.65736e-20
2.64093e-20
2.62412e-20
2.60694e-20
2.58941e-20
2.57153e-20
2.55331e-20
2.53476e-20
2.51588e-20
2.4967e-20
2.47721e-20
2.45742e-20
2.43736e-20
2.41701e-20
2.3964e-20
2.37554e-20
2.35443e-20
2.33308e-20
2.31151e-20
2.28972e-20
2.26773e-20
2.24553e-20
2.22315e-20
2.2006e-20
2.17787e-20
2.15499e-20
2.13196e-20
2.10879e-20
2.0855e-20
2.06209e-20
2.03857e-20
2.01494e-20
1.99123e-20
1.96744e-20
1.94358e-20
1.91966e-20
1.89569e-20
1.87167e-20
1.84762e-20
1.82355e-20
1.79945e-20
1.77536e-20
1.75126e-20
1.72717e-20
1.7031e-20
1.67906e-20
1.65505e-20
1.63108e-20
1.60717e-20
1.58331e-20
1.55951e-20
1.53579e-20
1.51215e-20
1.48859e-20
1.46513e-20
1.44177e-20
1.41852e-20
1.39537e-20
1.37235e-20
1.34945e-20
1.32669e-20
1.30406e-20
1.28157e-20
1.25923e-20
1.23704e-20
1.21501e-20
1.19315e-20
1.17145e-20
1.14992e-20
1.12856e-20
1.10739e-20
1.0864e-20
1.0656e-20
1.04499e-20
1.02457e-20
1.00435e-20
9.84326e-21
9.64509e-21
9.44898e-21
9.25494e-21
9.06302e-21
8.87322e-21
8.68558e-21
8.5001e-21
8.3168e-21
8.13572e-21
7.95686e-21
7.78024e-21
7.60588e-21
7.4338e-21
7.264e-21
7.09649e-21
6.93129e-21
6.76841e-21
6.60786e-21
6.44965e-21
6.29379e-21
6.1403e-21
5.98919e-21
5.84047e-21
5.69413e-21
5.55018e-21
5.40864e-21
5.2695e-21
5.13278e-21
4.99849e-21
4.86664e-21
4.73721e-21
4.61022e-21
4.48566e-21
4.36352e-21
4.24379e-21
4.12647e-21
4.01154e-21
3.89899e-21
3.7888e-21
3.68096e-21
3.57545e-21
3.47225e-21
3.37134e-21
3.27269e-21
3.17629e-21
3.08211e-21
2.99012e-21
2.9003e-21
2.81262e-21
2.72705e-21
2.64357e-21
2.56215e-21
2.48276e-21
2.40536e-21
2.32993e-21
2.25644e-21
2.18485e-21
2.11513e-21
2.04726e-21
1.9812e-21
1.91691e-21
1.85438e-21
1.79355e-21
1.73441e-21
1.67691e-21
1.62103e-21
1.56674e-21
1.514e-21
1.46277e-21
1.41303e-21
1.36475e-21
1.31789e-21
1.27242e-21
1.22832e-21
1.18554e-21
1.14406e-21
1.10385e-21
1.06487e-21
1.02711e-21
9.90523e-22
9.55086e-22
9.20769e-22
8.87545e-22
8.55384e-22
8.2426e-22
7.94145e-22
7.65013e-22
7.36837e-22
7.09591e-22
6.8325e-22
6.57789e-22
6.33182e-22
6.09407e-22
5.86439e-22
5.64256e-22
5.42834e-22
5.22151e-22
5.02185e-22
4.82915e-22
4.64321e-22
4.46381e-22
4.29076e-22
4.12387e-22
3.96293e-22
3.80777e-22
3.65821e-22
3.51406e-22
3.37516e-22
3.24133e-22
3.11241e-22
2.98825e-22
2.86868e-22
2.75356e-22
2.64273e-22
2.53606e-22
2.4334e-22
2.33461e-22
2.23958e-22
2.14816e-22
2.06023e-22
1.97568e-22
1.89438e-22
1.81622e-22
1.74109e-22
1.66888e-22
1.59949e-22
1.53282e-22
1.46878e-22
1.40725e-22
1.34816e-22
1.29142e-22
1.23694e-22
1.18463e-22
1.13442e-22
1.08623e-22
1.03998e-22
9.95598e-23
9.53018e-23
9.1217e-23
8.72988e-23
8.35409e-23
7.99371e-23
7.64815e-23
7.31685e-23
6.99925e-23
6.69481e-23
6.40304e-23
6.12342e-23
5.85548e-23
5.59877e-23
5.35284e-23
5.11727e-23
4.89163e-23
4.67554e-23
4.4686e-23
4.27047e-23
4.08077e-23
3.89917e-23
3.72534e-23
3.55897e-23
3.39974e-23
3.24737e-23
3.10158e-23
2.9621e-23
2.82866e-23
2.70101e-23
2.57893e-23
2.46216e-23
2.3505e-23
2.24373e-23
2.14164e-23
2.04403e-23
1.95073e-23
1.86154e-23
1.7763e-23
1.69483e-23
1.61698e-23
1.54258e-23
1.4715e-23
1.40359e-23
1.33872e-23
1.27674e-23
1.21755e-23
1.16102e-23
1.10703e-23
1.05548e-23
1.00625e-23
9.59247e-24
9.14376e-24
8.7154e-24
8.30652e-24
7.91624e-24
7.54377e-24
7.18831e-24
6.8491e-24
6.52544e-24
6.21663e-24
5.92201e-24
5.64096e-24
5.37286e-24
5.11714e-24
4.87325e-24
4.64065e-24
4.41884e-24
4.20733e-24
4.00567e-24
3.8134e-24
3.6301e-24
3.45537e-24
3.28881e-24
3.13006e-24
2.97876e-24
2.83458e-24
2.69718e-24
2.56626e-24
2.44151e-24
2.32267e-24
2.20945e-24
2.1016e-24
1.99887e-24
1.90103e-24
1.80785e-24
1.7191e-24
1.6346e-24
1.55414e-24
1.47753e-24
1.40459e-24
1.33516e-24
1.26907e-24
1.20616e-24
1.14628e-24
1.0893e-24
1.03507e-24
9.83467e-25
9.34368e-25
8.87654e-25
8.43213e-25
8.00936e-25
7.60721e-25
7.22471e-25
6.86092e-25
6.51495e-25
6.18595e-25
5.87312e-25
5.57568e-25
5.29289e-25
5.02406e-25
4.76851e-25
4.5256e-25
4.29473e-25
4.07532e-25
3.86681e-25
3.66868e-25
3.48043e-25
3.30157e-25
3.13165e-25
2.97024e-25
2.81692e-25
2.6713e-25
2.533e-25
2.40166e-25
2.27695e-25
2.15853e-25
2.04611e-25
1.93938e-25
1.83806e-25
1.74189e-25
1.65062e-25
1.56399e-25
1.48179e-25
1.40379e-25
1.32978e-25
1.25957e-25
1.19296e-25
1.12978e-25
1.06985e-25
1.01301e-25
9.59106e-26
9.07993e-26
8.59529e-26
8.1358e-26
7.70019e-26
7.28727e-26
6.89588e-26
6.52492e-26
6.17337e-26
5.84024e-26
5.52459e-26
5.22553e-26
4.9422e-26
4.67382e-26
4.41961e-26
4.17884e-26
3.95083e-26
3.73492e-26
3.53048e-26
3.33692e-26
3.15368e-26
2.98023e-26
2.81605e-26
2.66067e-26
2.51363e-26
2.37449e-26
2.24284e-26
2.11829e-26
2.00047e-26
1.88903e-26
1.78362e-26
1.68393e-26
1.58967e-26
1.50053e-26
1.41626e-26
1.3366e-26
1.26129e-26
1.19012e-26
1.12285e-26
1.05928e-26
9.9922e-27
9.42471e-27
8.88859e-27
8.38217e-27
7.90384e-27
7.4521e-27
7.02551e-27
6.6227e-27
6.2424e-27
5.88338e-27
5.54448e-27
5.22462e-27
4.92275e-27
4.6379e-27
4.36913e-27
4.11556e-27
3.87636e-27
3.65074e-27
3.43796e-27
3.2373e-27
3.0481e-27
2.86972e-27
2.70157e-27
2.54308e-27
2.39372e-27
2.25297e-27
2.12036e-27
1.99543e-27
1.87776e-27
1.76694e-27
1.66259e-27
1.56435e-27
1.47187e-27
1.38483e-27
1.30293e-27
1.22588e-27
1.15341e-27
1.08526e-27
1.02118e-27
9.60961e-28
9.04375e-28
8.5122e-28
8.01306e-28
7.54451e-28
7.10486e-28
6.69251e-28
6.30594e-28
5.94374e-28
5.60458e-28
5.28719e-28
4.99041e-28
4.71312e-28
4.45428e-28
4.21294e-28
3.98816e-28
3.77911e-28
3.58499e-28
3.40505e-28
3.2386e-28
3.085e-28
2.94365e-28
2.814e-28
2.69553e-28
2.58778e-28
2.49032e-28
2.40275e-28
2.32471e-28
2.25596e-28
2.19636e-28
2.14568e-28
2.10372e-28
2.07035e-28
2.04541e-28
2.02874e-28
2.02022e-28
2.01975e-28
2.02728e-28
2.04276e-28
2.0662e-28
2.09761e-28
2.13705e-28
2.1846e-28
