10
5e+16
5e+17
50
10
18755.4
2.92969e-20
2.92805e-20
2.9228e-20
2.91684e-20
2.9103e-20
2.90322e-20
2.89561e-20
2.88749e-20
2.87887e-20
2.86975e-20
2.86016e-20
2.85008e-20
2.83954e-20
2.82853e-20
2.81705e-20
2.80512e-20
2.79273e-20
2.7799e-20
2.76662e-20
2.75291e-20
2.73878e-20
2.72422e-20
2.70926e-20
2.69388e-20
2.67811e-20
2.66195e-20
2.64541e-20
2.62849e-20
2.61121e-20
2.59358e-20
2.57559e-20
2.55727e-20
2.53862e-20
2.51965e-20
2.50036e-20
2.48078e-20
2.4609e-20
2.44074e-20
2.42031e-20
2.39961e-20
2.37866e-20
2.35746e-20
2.33603e-20
2.31437e-20
2.2925e-20
2.27042e-20
2.24815e-20
2.22569e-20
2.20306e-20
2.18026e-20
2.1573e-20
2.1342e-20
2.11096e-20
2.0876e-20
2.06412e-20
2.04053e-20
2.01685e-20
1.99307e-20
1.96922e-20
1.9453e-20
1.92132e-20
1.89729e-20
1.87321e-20
1.84911e-20
1.82498e-20
1.80084e-20
1.77669e-20
1.75254e-20
1.72841e-20
1.70429e-20
1.6802e-20
1.65615e-20
1.63214e-20
1.60818e-20
1.58428e-20
1.56044e-20
1.53668e-20
1.513e-20
1.48941e-20
1.46592e-20
1.44252e-20
1.41923e-20
1.39606e-20
1.373e-20
1.35007e-20
1.32728e-20
1.30462e-20
1.2821e-20
1.25974e-20
1.23752e-20
1.21547e-20
1.19358e-20
1.17185e-20
1.1503e-20
1.12892e-20
1.10773e-20
1.08671e-20
1.06589e-20
1.04526e-20
1.02482e-20
1.00458e-20
9.84537e-21
9.64701e-21
9.45071e-21
9.25649e-21
9.06439e-21
8.87442e-21
8.6866e-21
8.50095e-21
8.3175e-21
8.13625e-21
7.95723e-21
7.78045e-21
7.60594e-21
7.4337e-21
7.26375e-21
7.0961e-21
6.93075e-21
6.76773e-21
6.60704e-21
6.44869e-21
6.2927e-21
6.13907e-21
5.98783e-21
5.83898e-21
5.69252e-21
5.54845e-21
5.40678e-21
5.26753e-21
5.13071e-21
4.99631e-21
4.86436e-21
4.73484e-21
4.60775e-21
4.4831e-21
4.36088e-21
4.24108e-21
4.12368e-21
4.00869e-21
3.89608e-21
3.78584e-21
3.67795e-21
3.57239e-21
3.46915e-21
3.3682e-21
3.26953e-21
3.1731e-21
3.0789e-21
2.98689e-21
2.89706e-21
2.80937e-21
2.7238e-21
2.64033e-21
2.55891e-21
2.47952e-21
2.40214e-21
2.32673e-21
2.25325e-21
2.18169e-21
2.112e-21
2.04415e-21
1.97812e-21
1.91387e-21
1.85137e-21
1.79058e-21
1.73148e-21
1.67403e-21
1.61819e-21
1.56394e-21
1.51125e-21
1.46007e-21
1.41039e-21
1.36215e-21
1.31535e-21
1.26993e-21
1.22588e-21
1.18316e-21
1.14173e-21
1.10158e-21
1.06266e-21
1.02495e-21
9.88424e-22
9.53044e-22
9.18785e-22
8.85617e-22
8.53513e-22
8.22446e-22
7.92388e-22
7.63312e-22
7.35191e-22
7.08001e-22
6.81714e-22
6.56307e-22
6.31754e-22
6.08032e-22
5.85116e-22
5.62984e-22
5.41612e-22
5.20979e-22
5.01063e-22
4.81841e-22
4.63294e-22
4.45401e-22
4.28141e-22
4.11496e-22
3.95446e-22
3.79972e-22
3.65057e-22
3.50683e-22
3.36832e-22
3.23488e-22
3.10634e-22
2.98254e-22
2.86333e-22
2.74855e-22
2.63806e-22
2.53171e-22
2.42937e-22
2.33089e-22
2.23615e-22
2.14502e-22
2.05737e-22
1.97308e-22
1.89204e-22
1.81413e-22
1.73924e-22
1.66726e-22
1.5981e-22
1.53164e-22
1.4678e-22
1.40647e-22
1.34757e-22
1.29101e-22
1.2367e-22
1.18456e-22
1.13451e-22
1.08646e-22
1.04036e-22
9.96115e-23
9.53665e-23
9.1294e-23
8.73875e-23
8.36407e-23
8.00474e-23
7.66017e-23
7.3298e-23
7.01307e-23
6.70946e-23
6.41845e-23
6.13955e-23
5.87229e-23
5.6162e-23
5.37085e-23
5.13581e-23
4.91066e-23
4.69502e-23
4.4885e-23
4.29073e-23
4.10137e-23
3.92007e-23
3.74651e-23
3.58037e-23
3.42135e-23
3.26916e-23
3.12351e-23
2.98414e-23
2.8508e-23
2.72322e-23
2.60117e-23
2.48443e-23
2.37277e-23
2.26597e-23
2.16384e-23
2.06618e-23
1.9728e-23
1.88352e-23
1.79816e-23
1.71657e-23
1.63857e-23
1.56403e-23
1.49278e-23
1.42469e-23
1.35963e-23
1.29746e-23
1.23806e-23
1.18131e-23
1.1271e-23
1.07531e-23
1.02585e-23
9.78603e-24
9.3348e-24
8.90389e-24
8.49239e-24
8.09947e-24
7.72431e-24
7.36612e-24
7.02417e-24
6.69773e-24
6.38613e-24
6.08869e-24
5.80481e-24
5.53388e-24
5.27531e-24
5.02857e-24
4.79313e-24
4.56847e-24
4.35413e-24
4.14963e-24
3.95453e-24
3.76842e-24
3.5909e-24
3.42156e-24
3.26005e-24
3.10601e-24
2.9591e-24
2.81901e-24
2.68541e-24
2.55802e-24
2.43656e-24
2.32076e-24
2.21035e-24
2.10509e-24
2.00475e-24
1.9091e-24
1.81793e-24
1.73102e-24
1.6482e-24
1.56926e-24
1.49403e-24
1.42235e-24
1.35403e-24
1.28894e-24
1.22692e-24
1.16783e-24
1.11153e-24
1.05789e-24
1.0068e-24
9.58124e-25
9.11761e-25
8.67601e-25
8.2554e-25
7.85482e-25
7.47331e-25
7.10999e-25
6.76402e-25
6.43457e-25
6.12088e-25
5.8222e-25
5.53782e-25
5.26709e-25
5.00934e-25
4.76398e-25
4.53042e-25
4.3081e-25
4.09649e-25
3.89508e-25
3.70339e-25
3.52097e-25
3.34736e-25
3.18216e-25
3.02496e-25
2.87538e-25
2.73306e-25
2.59765e-25
2.46883e-25
2.34628e-25
2.2297e-25
2.1188e-25
2.01332e-25
1.91299e-25
1.81756e-25
1.72681e-25
1.6405e-25
1.55843e-25
1.48038e-25
1.40617e-25
1.33561e-25
1.26852e-25
1.20473e-25
1.1441e-25
1.08645e-25
1.03166e-25
9.79571e-26
9.30065e-26
8.83013e-26
8.38295e-26
7.95798e-26
7.55413e-26
7.17038e-26
6.80574e-26
6.45928e-26
6.13012e-26
5.8174e-26
5.52032e-26
5.23811e-26
4.97004e-26
4.71542e-26
4.47359e-26
4.24392e-26
4.0258e-26
3.81867e-26
3.62199e-26
3.43523e-26
3.25791e-26
3.08956e-26
2.92974e-26
2.77802e-26
2.63401e-26
2.49731e-26
2.36756e-26
2.24442e-26
2.12756e-26
2.01666e-26
1.91143e-26
1.81158e-26
1.71684e-26
1.62696e-26
1.5417e-26
1.46081e-26
1.38409e-26
1.31132e-26
1.24231e-26
1.17685e-26
1.11478e-26
1.05593e-26
1.00012e-26
9.47214e-27
8.97054e-27
8.49503e-27
8.04431e-27
7.61709e-27
7.2122e-27
6.82849e-27
6.46488e-27
6.12035e-27
5.79392e-27
5.48468e-27
5.19173e-27
4.91425e-27
4.65145e-27
4.40257e-27
4.1669e-27
3.94376e-27
3.73251e-27
3.53254e-27
3.34326e-27
3.16414e-27
2.99464e-27
2.83428e-27
2.68259e-27
2.53911e-27
2.40343e-27
2.27514e-27
2.15388e-27
2.03927e-27
1.93099e-27
1.8287e-27
1.73209e-27
1.64089e-27
1.55482e-27
1.47362e-27
1.39704e-27
1.32485e-27
1.25683e-27
1.19277e-27
1.13249e-27
1.07579e-27
1.0225e-27
9.72455e-28
9.25503e-28
8.81496e-28
8.40299e-28
8.01781e-28
7.65823e-28
7.3231e-28
7.01138e-28
6.72206e-28
6.45423e-28
6.20703e-28
5.97965e-28
5.77135e-28
5.58146e-28
5.40935e-28
5.25443e-28
5.11619e-28
4.99416e-28
4.88809e-28
4.79792e-28
4.72345e-28
4.66437e-28
4.62064e-28
4.59203e-28
4.57835e-28
4.57943e-28
4.59516e-28
4.62548e-28
4.67035e-28
4.72979e-28
4.80387e-28
4.89269e-28
4.99639e-28
