2
1e+17
2e+18
49.9995
1.99999
8387.66
3.03823e-19
3.03809e-19
3.03714e-19
3.03561e-19
3.03348e-19
3.03074e-19
3.02741e-19
3.02348e-19
3.01895e-19
3.01383e-19
3.00812e-19
3.00181e-19
2.99492e-19
2.98745e-19
2.97941e-19
2.97079e-19
2.96161e-19
2.95186e-19
2.94156e-19
2.93071e-19
2.91932e-19
2.90739e-19
2.89493e-19
2.88195e-19
2.86845e-19
2.85445e-19
2.83995e-19
2.82496e-19
2.80948e-19
2.79354e-19
2.77713e-19
2.76026e-19
2.74295e-19
2.7252e-19
2.70703e-19
2.68844e-19
2.66944e-19
2.65005e-19
2.63028e-19
2.61013e-19
2.58962e-19
2.56875e-19
2.54755e-19
2.52602e-19
2.50417e-19
2.48201e-19
2.45955e-19
2.43682e-19
2.41381e-19
2.39054e-19
2.36702e-19
2.34327e-19
2.31929e-19
2.29509e-19
2.2707e-19
2.24612e-19
2.22136e-19
2.19643e-19
2.17135e-19
2.14613e-19
2.12077e-19
2.0953e-19
2.06972e-19
2.04405e-19
2.01829e-19
1.99245e-19
1.96656e-19
1.94061e-19
1.91462e-19
1.88861e-19
1.86257e-19
1.83653e-19
1.81049e-19
1.78446e-19
1.75846e-19
1.73248e-19
1.70656e-19
1.68068e-19
1.65486e-19
1.62912e-19
1.60346e-19
1.57788e-19
1.55241e-19
1.52704e-19
1.50178e-19
1.47665e-19
1.45164e-19
1.42678e-19
1.40206e-19
1.3775e-19
1.35309e-19
1.32885e-19
1.30479e-19
1.28091e-19
1.25721e-19
1.2337e-19
1.21039e-19
1.18729e-19
1.16439e-19
1.14171e-19
1.11924e-19
1.097e-19
1.07498e-19
1.0532e-19
1.03165e-19
1.01034e-19
9.89275e-20
9.68454e-20
9.47882e-20
9.27562e-20
9.07496e-20
8.87687e-20
8.68137e-20
8.48847e-20
8.29821e-20
8.11059e-20
7.92563e-20
7.74334e-20
7.56373e-20
7.38681e-20
7.21259e-20
7.04107e-20
6.87226e-20
6.70615e-20
6.54275e-20
6.38206e-20
6.22407e-20
6.06878e-20
5.91618e-20
5.76627e-20
5.61904e-20
5.47446e-20
5.33255e-20
5.19327e-20
5.05662e-20
4.92259e-20
4.79115e-20
4.66228e-20
4.53598e-20
4.41222e-20
4.29097e-20
4.17223e-20
4.05596e-20
3.94214e-20
3.83075e-20
3.72176e-20
3.61515e-20
3.5109e-20
3.40897e-20
3.30933e-20
3.21197e-20
3.11685e-20
3.02394e-20
2.93321e-20
2.84464e-20
2.75819e-20
2.67383e-20
2.59154e-20
2.51127e-20
2.43301e-20
2.35671e-20
2.28235e-20
2.20989e-20
2.13931e-20
2.07056e-20
2.00363e-20
1.93847e-20
1.87505e-20
1.81335e-20
1.75332e-20
1.69495e-20
1.63818e-20
1.58301e-20
1.52938e-20
1.47728e-20
1.42666e-20
1.37751e-20
1.32978e-20
1.28344e-20
1.23848e-20
1.19485e-20
1.15252e-20
1.11147e-20
1.07167e-20
1.03309e-20
9.95697e-21
9.59464e-21
9.24364e-21
8.9037e-21
8.57454e-21
8.25588e-21
7.94747e-21
7.64905e-21
7.36035e-21
7.08112e-21
6.81112e-21
6.55009e-21
6.2978e-21
6.054e-21
5.81847e-21
5.59098e-21
5.37129e-21
5.1592e-21
4.95448e-21
4.75693e-21
4.56632e-21
4.38247e-21
4.20517e-21
4.03422e-21
3.86944e-21
3.71063e-21
3.55762e-21
3.41023e-21
3.26827e-21
3.13159e-21
3.00001e-21
2.87337e-21
2.75152e-21
2.63429e-21
2.52154e-21
2.41312e-21
2.30888e-21
2.2087e-21
2.11242e-21
2.01993e-21
1.93108e-21
1.84575e-21
1.76383e-21
1.6852e-21
1.60973e-21
1.53732e-21
1.46786e-21
1.40124e-21
1.33736e-21
1.27612e-21
1.21743e-21
1.16118e-21
1.1073e-21
1.05569e-21
1.00627e-21
9.58949e-22
9.13656e-22
8.70311e-22
8.28839e-22
7.89168e-22
7.51229e-22
7.14954e-22
6.80278e-22
6.47139e-22
6.15474e-22
5.85226e-22
5.56338e-22
5.28754e-22
5.02422e-22
4.7729e-22
4.53309e-22
4.30432e-22
4.08613e-22
3.87807e-22
3.67972e-22
3.49067e-22
3.31053e-22
3.13891e-22
2.97546e-22
2.81982e-22
2.67164e-22
2.53062e-22
2.39643e-22
2.26878e-22
2.14738e-22
2.03196e-22
1.92224e-22
1.81798e-22
1.71893e-22
1.62484e-22
1.53551e-22
1.4507e-22
1.37021e-22
1.29384e-22
1.22139e-22
1.15269e-22
1.08755e-22
1.0258e-22
9.67296e-23
9.11872e-23
8.59386e-23
8.09696e-23
7.62667e-23
7.1817e-23
6.76081e-23
6.36283e-23
5.98661e-23
5.63107e-23
5.29517e-23
4.97794e-23
4.67841e-23
4.39568e-23
4.12889e-23
3.87722e-23
3.63988e-23
3.41612e-23
3.20522e-23
3.00652e-23
2.81935e-23
2.6431e-23
2.47718e-23
2.32103e-23
2.17412e-23
2.03595e-23
1.90603e-23
1.78391e-23
1.66915e-23
1.56134e-23
1.4601e-23
1.36504e-23
1.27581e-23
1.1921e-23
1.11356e-23
1.03992e-23
9.70877e-24
9.0617e-24
8.45544e-24
7.88758e-24
7.35585e-24
6.85808e-24
6.39225e-24
5.95644e-24
5.54883e-24
5.16771e-24
4.81147e-24
4.47856e-24
4.16757e-24
3.87712e-24
3.60595e-24
3.35284e-24
3.11666e-24
2.89634e-24
2.69088e-24
2.49933e-24
2.3208e-24
2.15446e-24
1.9995e-24
1.85521e-24
1.72087e-24
1.59585e-24
1.47952e-24
1.37132e-24
1.2707e-24
1.17716e-24
1.09023e-24
1.00946e-24
9.34431e-25
8.64762e-25
8.00085e-25
7.40059e-25
6.84366e-25
6.32706e-25
5.848e-25
5.40389e-25
4.99227e-25
4.61088e-25
4.25759e-25
3.93042e-25
3.62752e-25
3.34717e-25
3.08774e-25
2.84775e-25
2.6258e-25
2.42057e-25
2.23087e-25
2.05557e-25
1.8936e-25
1.744e-25
1.60585e-25
1.47832e-25
1.36061e-25
1.25199e-25
1.15179e-25
1.05938e-25
9.74168e-26
8.95619e-26
8.23226e-26
7.56524e-26
6.9508e-26
6.38491e-26
5.86388e-26
5.38425e-26
4.94283e-26
4.53668e-26
4.16305e-26
3.81943e-26
3.50347e-26
3.21301e-26
2.94605e-26
2.70074e-26
2.47538e-26
2.26839e-26
2.0783e-26
1.90378e-26
1.74359e-26
1.59658e-26
1.46169e-26
1.33794e-26
1.22445e-26
1.12038e-26
1.02497e-26
9.37512e-27
8.57363e-27
7.83927e-27
7.16653e-27
6.55037e-27
5.98612e-27
5.46953e-27
4.99664e-27
4.56385e-27
4.16783e-27
3.80551e-27
3.4741e-27
3.171e-27
2.89386e-27
2.64048e-27
2.40888e-27
2.19723e-27
2.00383e-27
1.82715e-27
1.66578e-27
1.5184e-27
1.38384e-27
1.261e-27
1.14888e-27
1.04656e-27
9.53205e-28
8.68044e-28
7.90372e-28
7.19543e-28
6.54966e-28
5.96099e-28
5.42445e-28
4.93555e-28
4.49018e-28
4.08457e-28
3.71527e-28
3.37908e-28
3.07312e-28
2.79474e-28
2.54152e-28
2.31125e-28
2.1019e-28
1.91165e-28
1.73881e-28
1.58185e-28
1.43936e-28
1.31008e-28
1.19284e-28
1.08658e-28
9.90336e-29
9.03231e-29
8.24463e-29
7.53304e-29
6.89093e-29
6.31227e-29
5.79159e-29
5.32394e-29
4.9048e-29
4.53009e-29
4.19611e-29
3.89951e-29
3.63728e-29
3.40667e-29
3.20523e-29
3.03075e-29
2.88123e-29
2.7549e-29
2.65018e-29
2.56564e-29
2.50004e-29
2.45227e-29
2.42137e-29
2.40649e-29
2.40691e-29
2.422e-29
2.45126e-29
2.49426e-29
2.55065e-29
2.62019e-29
2.70269e-29
2.79804e-29
2.9062e-29
3.02719e-29
3.1611e-29
3.30805e-29
3.46826e-29
3.64196e-29
3.82946e-29
4.03111e-29
4.24731e-29
4.47851e-29
4.7252e-29
4.98793e-29
5.26729e-29
5.56391e-29
