5
2e+17
5e+18
49.9996
4.99979
13262.1
7.36732e-20
7.36634e-20
7.36223e-20
7.35671e-20
7.34981e-20
7.34156e-20
7.33194e-20
7.32097e-20
7.30866e-20
7.29502e-20
7.28004e-20
7.26375e-20
7.24615e-20
7.22725e-20
7.20707e-20
7.18561e-20
7.16288e-20
7.13891e-20
7.11369e-20
7.08725e-20
7.0596e-20
7.03075e-20
7.00071e-20
6.96951e-20
6.93717e-20
6.90368e-20
6.86909e-20
6.8334e-20
6.79663e-20
6.7588e-20
6.71993e-20
6.68004e-20
6.63916e-20
6.5973e-20
6.55449e-20
6.51074e-20
6.46608e-20
6.42054e-20
6.37413e-20
6.32687e-20
6.2788e-20
6.22994e-20
6.18031e-20
6.12993e-20
6.07883e-20
6.02704e-20
5.97458e-20
5.92147e-20
5.86774e-20
5.81341e-20
5.75852e-20
5.70308e-20
5.64712e-20
5.59068e-20
5.53376e-20
5.47641e-20
5.41864e-20
5.36048e-20
5.30196e-20
5.2431e-20
5.18392e-20
5.12446e-20
5.06474e-20
5.00477e-20
4.9446e-20
4.88424e-20
4.82371e-20
4.76305e-20
4.70227e-20
4.6414e-20
4.58047e-20
4.51948e-20
4.45848e-20
4.39748e-20
4.3365e-20
4.27557e-20
4.21471e-20
4.15393e-20
4.09327e-20
4.03273e-20
3.97235e-20
3.91213e-20
3.85211e-20
3.7923e-20
3.73271e-20
3.67337e-20
3.6143e-20
3.5555e-20
3.49701e-20
3.43883e-20
3.38098e-20
3.32348e-20
3.26634e-20
3.20957e-20
3.1532e-20
3.09723e-20
3.04168e-20
2.98656e-20
2.93188e-20
2.87766e-20
2.8239e-20
2.77062e-20
2.71783e-20
2.66553e-20
2.61375e-20
2.56247e-20
2.51173e-20
2.46151e-20
2.41184e-20
2.36272e-20
2.31415e-20
2.26614e-20
2.21869e-20
2.17182e-20
2.12553e-20
2.07982e-20
2.0347e-20
1.99016e-20
1.94622e-20
1.90288e-20
1.86013e-20
1.81798e-20
1.77644e-20
1.7355e-20
1.69517e-20
1.65544e-20
1.61632e-20
1.57781e-20
1.5399e-20
1.5026e-20
1.4659e-20
1.4298e-20
1.39431e-20
1.35941e-20
1.32512e-20
1.29141e-20
1.2583e-20
1.22578e-20
1.19385e-20
1.1625e-20
1.13172e-20
1.10153e-20
1.0719e-20
1.04284e-20
1.01434e-20
9.86403e-21
9.59016e-21
9.32175e-21
9.05877e-21
8.80116e-21
8.54887e-21
8.30183e-21
8.05999e-21
7.82329e-21
7.59167e-21
7.36509e-21
7.14348e-21
6.92678e-21
6.71495e-21
6.50792e-21
6.30562e-21
6.10801e-21
5.915e-21
5.72655e-21
5.54258e-21
5.36304e-21
5.18787e-21
5.01699e-21
4.85035e-21
4.6879e-21
4.52957e-21
4.37532e-21
4.22507e-21
4.07878e-21
3.93638e-21
3.79782e-21
3.66302e-21
3.53193e-21
3.40448e-21
3.28061e-21
3.16026e-21
3.0434e-21
2.92995e-21
2.81987e-21
2.7131e-21
2.60958e-21
2.50924e-21
2.41203e-21
2.31789e-21
2.22675e-21
2.13855e-21
2.05323e-21
1.97072e-21
1.89097e-21
1.81389e-21
1.73945e-21
1.66756e-21
1.59817e-21
1.53121e-21
1.46662e-21
1.40434e-21
1.34431e-21
1.28647e-21
1.23076e-21
1.17711e-21
1.12547e-21
1.07578e-21
1.02798e-21
9.8202e-22
9.37841e-22
8.95389e-22
8.5461e-22
8.15451e-22
7.77861e-22
7.41789e-22
7.07186e-22
6.74002e-22
6.4219e-22
6.11703e-22
5.82497e-22
5.54525e-22
5.27746e-22
5.02117e-22
4.77596e-22
4.54143e-22
4.3172e-22
4.10287e-22
3.89807e-22
3.70246e-22
3.51566e-22
3.33736e-22
3.1672e-22
3.00488e-22
2.85009e-22
2.70251e-22
2.56186e-22
2.42786e-22
2.30023e-22
2.17871e-22
2.06304e-22
1.95297e-22
1.84827e-22
1.74871e-22
1.65405e-22
1.5641e-22
1.47864e-22
1.39747e-22
1.3204e-22
1.24724e-22
1.17783e-22
1.11198e-22
1.04953e-22
9.90329e-23
9.34219e-23
8.81057e-23
8.30701e-23
7.8302e-23
7.37882e-23
6.95167e-23
6.54755e-23
6.16534e-23
5.80394e-23
5.46234e-23
5.13954e-23
4.83458e-23
4.54658e-23
4.27465e-23
4.01798e-23
3.77579e-23
3.54731e-23
3.33184e-23
3.12868e-23
2.93719e-23
2.75675e-23
2.58677e-23
2.42668e-23
2.27596e-23
2.13408e-23
2.00058e-23
1.87498e-23
1.75685e-23
1.64578e-23
1.54137e-23
1.44325e-23
1.35107e-23
1.26448e-23
1.18317e-23
1.10684e-23
1.0352e-23
9.67978e-24
9.04921e-24
8.45783e-24
7.90336e-24
7.38361e-24
6.89655e-24
6.44021e-24
6.01278e-24
5.61251e-24
5.23778e-24
4.88703e-24
4.55881e-24
4.25175e-24
3.96455e-24
3.69598e-24
3.44491e-24
3.21024e-24
2.99095e-24
2.78608e-24
2.59473e-24
2.41604e-24
2.24922e-24
2.09351e-24
1.9482e-24
1.81263e-24
1.68617e-24
1.56824e-24
1.45828e-24
1.35578e-24
1.26025e-24
1.17124e-24
1.08832e-24
1.01108e-24
9.39164e-25
8.72204e-25
8.09877e-25
7.51872e-25
6.97902e-25
6.47694e-25
6.00997e-25
5.57573e-25
5.172e-25
4.79671e-25
4.44793e-25
4.12384e-25
3.82276e-25
3.54309e-25
3.28337e-25
3.04222e-25
2.81834e-25
2.61054e-25
2.4177e-25
2.23877e-25
2.07277e-25
1.91881e-25
1.77602e-25
1.64363e-25
1.52089e-25
1.40712e-25
1.30168e-25
1.20398e-25
1.11346e-25
1.02961e-25
9.51956e-26
8.80041e-26
8.13455e-26
7.51813e-26
6.94755e-26
6.4195e-26
5.93086e-26
5.47877e-26
5.06054e-26
4.67371e-26
4.31595e-26
3.98513e-26
3.67926e-26
3.3965e-26
3.13514e-26
2.89358e-26
2.67036e-26
2.46411e-26
2.27357e-26
2.09755e-26
1.93497e-26
1.78483e-26
1.64619e-26
1.51817e-26
1.39999e-26
1.29089e-26
1.1902e-26
1.09726e-26
1.01151e-26
9.32374e-27
8.59366e-27
7.92014e-27
7.29886e-27
6.72583e-27
6.19734e-27
5.70998e-27
5.26059e-27
4.84626e-27
4.46427e-27
4.11213e-27
3.78754e-27
3.48836e-27
3.21264e-27
2.95854e-27
2.7244e-27
2.50866e-27
2.30988e-27
2.12675e-27
1.95805e-27
1.80265e-27
1.65952e-27
1.52768e-27
1.40626e-27
1.29445e-27
1.19148e-27
1.09666e-27
1.00936e-27
9.28978e-28
8.54971e-28
7.86839e-28
7.24118e-28
6.6638e-28
6.13232e-28
5.64311e-28
5.19283e-28
4.77839e-28
4.39697e-28
4.04593e-28
3.72288e-28
3.42558e-28
3.152e-28
2.90025e-28
2.6686e-28
2.45544e-28
2.2593e-28
2.07884e-28
1.9128e-28
1.76003e-28
1.61947e-28
1.49016e-28
1.37119e-28
1.26174e-28
1.16104e-28
1.06841e-28
9.83185e-29
9.04787e-29
8.32667e-29
7.66322e-29
7.05292e-29
6.49151e-29
5.97508e-29
5.50003e-29
5.06306e-29
4.66112e-29
4.2914e-29
3.95133e-29
3.63854e-29
3.35085e-29
3.08625e-29
2.84289e-29
2.61908e-29
2.41325e-29
2.22397e-29
2.04992e-29
1.88988e-29
1.74273e-29
1.60746e-29
1.4831e-29
1.3688e-29
1.26375e-29
1.16723e-29
1.07855e-29
9.97103e-30
9.22312e-30
8.53656e-30
7.90655e-30
7.32865e-30
6.79876e-30
6.3133e-30
5.86924e-30
5.46378e-30
5.09418e-30
4.7579e-30
4.45274e-30
4.17644e-30
3.92734e-30
3.70377e-30
3.504e-30
3.32647e-30
3.16976e-30
3.03258e-30
2.91378e-30
2.81232e-30
2.72728e-30
2.65785e-30
2.60331e-30
2.56303e-30
2.53648e-30
2.5232e-30
2.52282e-30
2.53505e-30
2.55965e-30
2.59647e-30
2.64541e-30
2.70647e-30
2.77967e-30
2.86512e-30
2.963e-30
3.07352e-30
