5
1e+17
2e+18
49.9998
4.99989
13262.1
7.4111e-20
7.41026e-20
7.40652e-20
7.40137e-20
7.39483e-20
7.3869e-20
7.37759e-20
7.3669e-20
7.35484e-20
7.34142e-20
7.32664e-20
7.31052e-20
7.29307e-20
7.27428e-20
7.25419e-20
7.23279e-20
7.2101e-20
7.18613e-20
7.16089e-20
7.1344e-20
7.10668e-20
7.07773e-20
7.04757e-20
7.01622e-20
6.9837e-20
6.95002e-20
6.9152e-20
6.87926e-20
6.84221e-20
6.80409e-20
6.76491e-20
6.72468e-20
6.68344e-20
6.6412e-20
6.59799e-20
6.55382e-20
6.50872e-20
6.46271e-20
6.41582e-20
6.36808e-20
6.31949e-20
6.2701e-20
6.21992e-20
6.16898e-20
6.11731e-20
6.06492e-20
6.01185e-20
5.95812e-20
5.90377e-20
5.8488e-20
5.79325e-20
5.73715e-20
5.68052e-20
5.6234e-20
5.56579e-20
5.50774e-20
5.44926e-20
5.39039e-20
5.33115e-20
5.27157e-20
5.21167e-20
5.15148e-20
5.09102e-20
5.03032e-20
4.96941e-20
4.90831e-20
4.84704e-20
4.78564e-20
4.72412e-20
4.66251e-20
4.60084e-20
4.53912e-20
4.47738e-20
4.41565e-20
4.35395e-20
4.2923e-20
4.23072e-20
4.16923e-20
4.10786e-20
4.04662e-20
3.98555e-20
3.92465e-20
3.86395e-20
3.80347e-20
3.74322e-20
3.68323e-20
3.62351e-20
3.56408e-20
3.50496e-20
3.44617e-20
3.38772e-20
3.32962e-20
3.2719e-20
3.21457e-20
3.15763e-20
3.10112e-20
3.04503e-20
2.98939e-20
2.9342e-20
2.87948e-20
2.82524e-20
2.77149e-20
2.71824e-20
2.6655e-20
2.61328e-20
2.56159e-20
2.51044e-20
2.45983e-20
2.40978e-20
2.36029e-20
2.31137e-20
2.26302e-20
2.21526e-20
2.16808e-20
2.12149e-20
2.07549e-20
2.0301e-20
1.98531e-20
1.94112e-20
1.89755e-20
1.85459e-20
1.81224e-20
1.7705e-20
1.72939e-20
1.68889e-20
1.64901e-20
1.60974e-20
1.5711e-20
1.53308e-20
1.49567e-20
1.45888e-20
1.4227e-20
1.38713e-20
1.35218e-20
1.31783e-20
1.2841e-20
1.25096e-20
1.21842e-20
1.18648e-20
1.15513e-20
1.12437e-20
1.0942e-20
1.0646e-20
1.03558e-20
1.00713e-20
9.79251e-21
9.51929e-21
9.25163e-21
8.98946e-21
8.73275e-21
8.48142e-21
8.23541e-21
7.99468e-21
7.75915e-21
7.52877e-21
7.30348e-21
7.08322e-21
6.86792e-21
6.65754e-21
6.452e-21
6.25125e-21
6.0552e-21
5.86381e-21
5.677e-21
5.49471e-21
5.31687e-21
5.14342e-21
4.97428e-21
4.80941e-21
4.64872e-21
4.49217e-21
4.3397e-21
4.19123e-21
4.04672e-21
3.90608e-21
3.76927e-21
3.63621e-21
3.50684e-21
3.38109e-21
3.2589e-21
3.1402e-21
3.02496e-21
2.91309e-21
2.80456e-21
2.69929e-21
2.59722e-21
2.4983e-21
2.40246e-21
2.30963e-21
2.21976e-21
2.13277e-21
2.04862e-21
1.96722e-21
1.88852e-21
1.81246e-21
1.73896e-21
1.66798e-21
1.59944e-21
1.53329e-21
1.46946e-21
1.40789e-21
1.34852e-21
1.29129e-21
1.23614e-21
1.18302e-21
1.13186e-21
1.08261e-21
1.03522e-21
9.89625e-22
9.45774e-22
9.03615e-22
8.63094e-22
8.24162e-22
7.86767e-22
7.50861e-22
7.16395e-22
6.83322e-22
6.51596e-22
6.21172e-22
5.92004e-22
5.64051e-22
5.37271e-22
5.11621e-22
4.87062e-22
4.63556e-22
4.41063e-22
4.19547e-22
3.98972e-22
3.79303e-22
3.60506e-22
3.42547e-22
3.25395e-22
3.09018e-22
2.93387e-22
2.78471e-22
2.64243e-22
2.50674e-22
2.37739e-22
2.25411e-22
2.13665e-22
2.02478e-22
1.91826e-22
1.81686e-22
1.72036e-22
1.62857e-22
1.54126e-22
1.45826e-22
1.37937e-22
1.3044e-22
1.23319e-22
1.16557e-22
1.10137e-22
1.04044e-22
9.82625e-23
9.27788e-23
8.75789e-23
8.26494e-23
7.79777e-23
7.35515e-23
6.93591e-23
6.53893e-23
6.16314e-23
5.80751e-23
5.47104e-23
5.15279e-23
4.85187e-23
4.5674e-23
4.29857e-23
4.04458e-23
3.80468e-23
3.57814e-23
3.36429e-23
3.16247e-23
2.97205e-23
2.79244e-23
2.62306e-23
2.46339e-23
2.31289e-23
2.17109e-23
2.03751e-23
1.91171e-23
1.79327e-23
1.68179e-23
1.57688e-23
1.47819e-23
1.38536e-23
1.29807e-23
1.21602e-23
1.1389e-23
1.06644e-23
9.98377e-24
9.34455e-24
8.74438e-24
8.18102e-24
7.65234e-24
7.15633e-24
6.69107e-24
6.25476e-24
5.8457e-24
5.46228e-24
5.10298e-24
4.76635e-24
4.45103e-24
4.15575e-24
3.8793e-24
3.62053e-24
3.37836e-24
3.15179e-24
2.93985e-24
2.74165e-24
2.55632e-24
2.38309e-24
2.22118e-24
2.06989e-24
1.92856e-24
1.79655e-24
1.67328e-24
1.5582e-24
1.45078e-24
1.35053e-24
1.25699e-24
1.16973e-24
1.08834e-24
1.01245e-24
9.41699e-25
8.75747e-25
8.14283e-25
7.57011e-25
7.03657e-25
6.53962e-25
6.07682e-25
5.64592e-25
5.24478e-25
4.87141e-25
4.52396e-25
4.20068e-25
3.89994e-25
3.62022e-25
3.3601e-25
3.11823e-25
2.89338e-25
2.68439e-25
2.49016e-25
2.30968e-25
2.142e-25
1.98625e-25
1.84159e-25
1.70726e-25
1.58253e-25
1.46674e-25
1.35927e-25
1.25952e-25
1.16696e-25
1.08108e-25
1.00141e-25
9.27512e-26
8.58975e-26
7.95419e-26
7.3649e-26
6.81858e-26
6.31217e-26
5.84279e-26
5.4078e-26
5.00473e-26
4.63128e-26
4.2853e-26
3.96483e-26
3.668e-26
3.39311e-26
3.13855e-26
2.90286e-26
2.68466e-26
2.48266e-26
2.29569e-26
2.12264e-26
1.96249e-26
1.8143e-26
1.67718e-26
1.55032e-26
1.43296e-26
1.32439e-26
1.22398e-26
1.13111e-26
1.04522e-26
9.65798e-27
8.92359e-27
8.24459e-27
7.61684e-27
7.03651e-27
6.50006e-27
6.0042e-27
5.5459e-27
5.12234e-27
4.73091e-27
4.36919e-27
4.03495e-27
3.72612e-27
3.44078e-27
3.17716e-27
2.93363e-27
2.70865e-27
2.50084e-27
2.30889e-27
2.13159e-27
1.96784e-27
1.81661e-27
1.67694e-27
1.54797e-27
1.42887e-27
1.31889e-27
1.21735e-27
1.12359e-27
1.03702e-27
9.57098e-28
8.83312e-28
8.15194e-28
7.52311e-28
6.94262e-28
6.40678e-28
5.91217e-28
5.45563e-28
5.03425e-28
4.64532e-28
4.28637e-28
3.95508e-28
3.64934e-28
3.36719e-28
3.1068e-28
2.86652e-28
2.64479e-28
2.44019e-28
2.2514e-28
2.07721e-28
1.91648e-28
1.76819e-28
1.63137e-28
1.50514e-28
1.38869e-28
1.28126e-28
1.18216e-28
1.09074e-28
1.00641e-28
9.28622e-29
8.56877e-29
7.90704e-29
7.29675e-29
6.73392e-29
6.21489e-29
5.73628e-29
5.29496e-29
4.88807e-29
4.51293e-29
4.16711e-29
3.84834e-29
3.55454e-29
3.28377e-29
3.03427e-29
2.8044e-29
2.59265e-29
2.39763e-29
2.21804e-29
2.05272e-29
1.90056e-29
1.76057e-29
1.63182e-29
1.51345e-29
1.40467e-29
1.30477e-29
1.21308e-29
1.12896e-29
1.0519e-29
9.81426e-30
9.17136e-30
8.58615e-30
8.05478e-30
7.57391e-30
7.1401e-30
6.7509e-30
6.4038e-30
6.09614e-30
5.82552e-30
5.58973e-30
5.3868e-30
5.21497e-30
5.07264e-30
4.95842e-30
4.87109e-30
4.80955e-30
4.77289e-30
4.76032e-30
4.7712e-30
4.80501e-30
4.86135e-30
4.93994e-30
5.04062e-30
5.16335e-30
5.30817e-30
5.47527e-30
5.6649e-30
5.87745e-30
6.11339e-30
