5
2e+17
1e+19
49.9998
4.99974
13262.1
7.25301e-20
7.25143e-20
7.24567e-20
7.2385e-20
7.23001e-20
7.22022e-20
7.20916e-20
7.19683e-20
7.18324e-20
7.1684e-20
7.15233e-20
7.13502e-20
7.11649e-20
7.09676e-20
7.07583e-20
7.05372e-20
7.03043e-20
7.00599e-20
6.98039e-20
6.95366e-20
6.9258e-20
6.89683e-20
6.86677e-20
6.83562e-20
6.8034e-20
6.77014e-20
6.73585e-20
6.70053e-20
6.66422e-20
6.62693e-20
6.58868e-20
6.54949e-20
6.50937e-20
6.46835e-20
6.42644e-20
6.38367e-20
6.34006e-20
6.29562e-20
6.25039e-20
6.20438e-20
6.15761e-20
6.1101e-20
6.06189e-20
6.01298e-20
5.96341e-20
5.91319e-20
5.86235e-20
5.81092e-20
5.75891e-20
5.70635e-20
5.65326e-20
5.59966e-20
5.54559e-20
5.49106e-20
5.4361e-20
5.38073e-20
5.32497e-20
5.26885e-20
5.21239e-20
5.15561e-20
5.09854e-20
5.04121e-20
4.98363e-20
4.92582e-20
4.86782e-20
4.80964e-20
4.7513e-20
4.69283e-20
4.63425e-20
4.57559e-20
4.51685e-20
4.45808e-20
4.39927e-20
4.34047e-20
4.28168e-20
4.22293e-20
4.16424e-20
4.10562e-20
4.04711e-20
3.9887e-20
3.93044e-20
3.87232e-20
3.81438e-20
3.75663e-20
3.69908e-20
3.64176e-20
3.58467e-20
3.52784e-20
3.47128e-20
3.41501e-20
3.35904e-20
3.30339e-20
3.24807e-20
3.19309e-20
3.13847e-20
3.08422e-20
3.03035e-20
2.97688e-20
2.92382e-20
2.87117e-20
2.81895e-20
2.76717e-20
2.71583e-20
2.66496e-20
2.61455e-20
2.56462e-20
2.51518e-20
2.46622e-20
2.41777e-20
2.36982e-20
2.32239e-20
2.27547e-20
2.22908e-20
2.18322e-20
2.13789e-20
2.09311e-20
2.04887e-20
2.00518e-20
1.96204e-20
1.91945e-20
1.87742e-20
1.83595e-20
1.79505e-20
1.7547e-20
1.71493e-20
1.67571e-20
1.63707e-20
1.59899e-20
1.56148e-20
1.52454e-20
1.48816e-20
1.45235e-20
1.4171e-20
1.38242e-20
1.3483e-20
1.31474e-20
1.28173e-20
1.24928e-20
1.21739e-20
1.18604e-20
1.15524e-20
1.12499e-20
1.09527e-20
1.06609e-20
1.03745e-20
1.00933e-20
9.81737e-21
9.54664e-21
9.28106e-21
9.0206e-21
8.76519e-21
8.5148e-21
8.26937e-21
8.02885e-21
7.79319e-21
7.56235e-21
7.33629e-21
7.11497e-21
6.89834e-21
6.68636e-21
6.47896e-21
6.27611e-21
6.07774e-21
5.8838e-21
5.69425e-21
5.50902e-21
5.32808e-21
5.15137e-21
4.97884e-21
4.81044e-21
4.64615e-21
4.48593e-21
4.32972e-21
4.17749e-21
4.02919e-21
3.88476e-21
3.74416e-21
3.60733e-21
3.4742e-21
3.34474e-21
3.21891e-21
3.09667e-21
2.97799e-21
2.86281e-21
2.75109e-21
2.64278e-21
2.53783e-21
2.43617e-21
2.33776e-21
2.24253e-21
2.15043e-21
2.06139e-21
1.97535e-21
1.89224e-21
1.812e-21
1.73457e-21
1.65988e-21
1.58786e-21
1.51845e-21
1.45158e-21
1.38719e-21
1.32521e-21
1.26557e-21
1.20821e-21
1.15307e-21
1.10007e-21
1.04917e-21
1.00029e-21
9.53367e-22
9.08351e-22
8.65177e-22
8.23786e-22
7.8412e-22
7.46122e-22
7.09735e-22
6.74905e-22
6.41578e-22
6.09701e-22
5.79223e-22
5.50094e-22
5.22263e-22
4.95683e-22
4.70308e-22
4.46092e-22
4.2299e-22
4.00959e-22
3.79957e-22
3.59944e-22
3.40879e-22
3.22725e-22
3.05444e-22
2.89e-22
2.73358e-22
2.58484e-22
2.44346e-22
2.30911e-22
2.1815e-22
2.06032e-22
1.9453e-22
1.83615e-22
1.73261e-22
1.63444e-22
1.54137e-22
1.45318e-22
1.36964e-22
1.29053e-22
1.21564e-22
1.14477e-22
1.07772e-22
1.01431e-22
9.54359e-23
8.97702e-23
8.44172e-23
7.93612e-23
7.45875e-23
7.00815e-23
6.58297e-23
6.1819e-23
5.80368e-23
5.44714e-23
5.11112e-23
4.79455e-23
4.49639e-23
4.21565e-23
3.9514e-23
3.70275e-23
3.46884e-23
3.24887e-23
3.04206e-23
2.84768e-23
2.66505e-23
2.4935e-23
2.3324e-23
2.18117e-23
2.03923e-23
1.90606e-23
1.78115e-23
1.66402e-23
1.55421e-23
1.4513e-23
1.35488e-23
1.26456e-23
1.17998e-23
1.1008e-23
1.02669e-23
9.57351e-24
8.92487e-24
8.31827e-24
7.75112e-24
7.22101e-24
6.72564e-24
6.26286e-24
5.83062e-24
5.42701e-24
5.05024e-24
4.6986e-24
4.3705e-24
4.06443e-24
3.779e-24
3.51287e-24
3.26479e-24
3.0336e-24
2.81819e-24
2.61755e-24
2.43069e-24
2.25671e-24
2.09476e-24
1.94405e-24
1.80382e-24
1.67338e-24
1.55207e-24
1.43927e-24
1.33442e-24
1.23696e-24
1.14641e-24
1.06229e-24
9.84153e-25
9.11597e-25
8.44236e-25
7.81709e-25
7.23683e-25
6.69844e-25
6.199e-25
5.7358e-25
5.30627e-25
4.90806e-25
4.53896e-25
4.19689e-25
3.87995e-25
3.58635e-25
3.31441e-25
3.06259e-25
2.82944e-25
2.61362e-25
2.41387e-25
2.22903e-25
2.05803e-25
1.89984e-25
1.75355e-25
1.61827e-25
1.4932e-25
1.37759e-25
1.27075e-25
1.17201e-25
1.0808e-25
9.96532e-26
9.18707e-26
8.4684e-26
7.80486e-26
7.19231e-26
6.62692e-26
6.10515e-26
5.62371e-26
5.17955e-26
4.76983e-26
4.39196e-26
4.0435e-26
3.72221e-26
3.42603e-26
3.15301e-26
2.9014e-26
2.66954e-26
2.45592e-26
2.25912e-26
2.07785e-26
1.9109e-26
1.75716e-26
1.61561e-26
1.4853e-26
1.36535e-26
1.25495e-26
1.15335e-26
1.05986e-26
9.73855e-27
8.94734e-27
8.21957e-27
7.55024e-27
6.93474e-27
6.36879e-27
5.84846e-27
5.37015e-27
4.93049e-27
4.52641e-27
4.15508e-27
3.81387e-27
3.50038e-27
3.21238e-27
2.94783e-27
2.70484e-27
2.48168e-27
2.27675e-27
2.08858e-27
1.91581e-27
1.75721e-27
1.61161e-27
1.47797e-27
1.35532e-27
1.24276e-27
1.13947e-27
1.0447e-27
9.57745e-28
8.77974e-28
8.04797e-28
7.37675e-28
6.76111e-28
6.1965e-28
5.67872e-28
5.20393e-28
4.76859e-28
4.36944e-28
4.0035e-28
3.66804e-28
3.36053e-28
3.07866e-28
2.82032e-28
2.58354e-28
2.36655e-28
2.16771e-28
1.9855e-28
1.81854e-28
1.66556e-28
1.52541e-28
1.39701e-28
1.27938e-28
1.17162e-28
1.07292e-28
9.82507e-29
8.99695e-29
8.23848e-29
7.54382e-29
6.90764e-29
6.32502e-29
5.79148e-29
5.3029e-29
4.8555e-29
4.44584e-29
4.07072e-29
3.72726e-29
3.41279e-29
3.12487e-29
2.86126e-29
2.61992e-29
2.39897e-29
2.19669e-29
2.01151e-29
1.84199e-29
1.6868e-29
1.54473e-29
1.41469e-29
1.29564e-29
1.18667e-29
1.08692e-29
9.9562e-30
9.12047e-30
8.35551e-30
7.65535e-30
7.01451e-30
6.42797e-30
5.89116e-30
5.39987e-30
4.95025e-30
4.5388e-30
4.16228e-30
3.81776e-30
3.50253e-30
3.21413e-30
2.95031e-30
2.70899e-30
2.4883e-30
2.28647e-30
2.10197e-30
1.93344e-30
1.77965e-30
1.6394e-30
1.51163e-30
1.39536e-30
1.28968e-30
1.19383e-30
1.10708e-30
1.02873e-30
9.58133e-31
8.94718e-31
8.37956e-31
7.87371e-31
7.42538e-31
7.03074e-31
6.68637e-31
6.38923e-31
6.13665e-31
5.92627e-31
5.75606e-31
5.62426e-31
5.52941e-31
5.47032e-31
5.44601e-31
5.45581e-31
5.49922e-31
5.57601e-31
5.68617e-31
5.8299e-31
6.00762e-31
