10
2e+17
5e+17
49.9999
10.0001
18755.4
2.8034e-20
2.80283e-20
2.80066e-20
2.79792e-20
2.79461e-20
2.79076e-20
2.78636e-20
2.78142e-20
2.77595e-20
2.76995e-20
2.76343e-20
2.75638e-20
2.74882e-20
2.74074e-20
2.73215e-20
2.72306e-20
2.71347e-20
2.70339e-20
2.69282e-20
2.68176e-20
2.67023e-20
2.65823e-20
2.64577e-20
2.63285e-20
2.61948e-20
2.60567e-20
2.59143e-20
2.57676e-20
2.56167e-20
2.54618e-20
2.53028e-20
2.51399e-20
2.49732e-20
2.48027e-20
2.46286e-20
2.4451e-20
2.42699e-20
2.40854e-20
2.38976e-20
2.37067e-20
2.35127e-20
2.33158e-20
2.31159e-20
2.29133e-20
2.27081e-20
2.25003e-20
2.229e-20
2.20774e-20
2.18625e-20
2.16455e-20
2.14265e-20
2.12055e-20
2.09828e-20
2.07583e-20
2.05321e-20
2.03045e-20
2.00755e-20
1.98452e-20
1.96137e-20
1.93811e-20
1.91475e-20
1.8913e-20
1.86778e-20
1.84418e-20
1.82053e-20
1.79683e-20
1.77309e-20
1.74932e-20
1.72553e-20
1.70174e-20
1.67794e-20
1.65415e-20
1.63038e-20
1.60663e-20
1.58292e-20
1.55925e-20
1.53564e-20
1.51208e-20
1.48859e-20
1.46518e-20
1.44186e-20
1.41862e-20
1.39549e-20
1.37246e-20
1.34955e-20
1.32675e-20
1.30408e-20
1.28155e-20
1.25916e-20
1.23691e-20
1.21481e-20
1.19288e-20
1.1711e-20
1.14949e-20
1.12806e-20
1.10681e-20
1.08573e-20
1.06485e-20
1.04416e-20
1.02366e-20
1.00337e-20
9.83279e-21
9.63395e-21
9.43722e-21
9.24264e-21
9.05022e-21
8.86001e-21
8.67201e-21
8.48627e-21
8.3028e-21
8.12162e-21
7.94275e-21
7.76622e-21
7.59204e-21
7.42022e-21
7.25078e-21
7.08373e-21
6.91909e-21
6.75685e-21
6.59703e-21
6.43963e-21
6.28467e-21
6.13215e-21
5.98207e-21
5.83444e-21
5.68925e-21
5.5465e-21
5.40619e-21
5.26833e-21
5.1329e-21
4.99991e-21
4.86936e-21
4.74122e-21
4.61551e-21
4.49219e-21
4.37127e-21
4.25274e-21
4.13656e-21
4.02274e-21
3.91125e-21
3.80208e-21
3.69521e-21
3.59061e-21
3.48827e-21
3.38816e-21
3.29026e-21
3.19455e-21
3.10101e-21
3.0096e-21
2.9203e-21
2.83309e-21
2.74795e-21
2.66483e-21
2.58372e-21
2.50458e-21
2.42739e-21
2.35213e-21
2.27875e-21
2.20723e-21
2.13754e-21
2.06965e-21
2.00353e-21
1.93915e-21
1.87647e-21
1.81548e-21
1.75614e-21
1.69841e-21
1.64227e-21
1.58768e-21
1.53462e-21
1.48305e-21
1.43295e-21
1.38429e-21
1.33703e-21
1.29114e-21
1.2466e-21
1.20338e-21
1.16144e-21
1.12075e-21
1.0813e-21
1.04305e-21
1.00597e-21
9.7003e-22
9.3521e-22
9.0148e-22
8.68812e-22
8.3718e-22
8.06558e-22
7.76921e-22
7.48242e-22
7.20497e-22
6.93661e-22
6.6771e-22
6.4262e-22
6.18368e-22
5.9493e-22
5.72284e-22
5.50408e-22
5.2928e-22
5.08879e-22
4.89183e-22
4.70172e-22
4.51827e-22
4.34126e-22
4.17052e-22
4.00585e-22
3.84707e-22
3.69399e-22
3.54644e-22
3.40426e-22
3.26726e-22
3.13529e-22
3.00819e-22
2.88579e-22
2.76796e-22
2.65453e-22
2.54537e-22
2.44033e-22
2.33928e-22
2.24208e-22
2.14861e-22
2.05873e-22
1.97232e-22
1.88928e-22
1.80946e-22
1.73278e-22
1.65911e-22
1.58835e-22
1.52039e-22
1.45515e-22
1.39251e-22
1.33239e-22
1.27469e-22
1.21932e-22
1.16621e-22
1.11526e-22
1.06639e-22
1.01954e-22
9.74613e-23
9.3155e-23
8.90276e-23
8.50723e-23
8.12825e-23
7.76518e-23
7.41742e-23
7.08436e-23
6.76543e-23
6.46008e-23
6.16777e-23
5.88799e-23
5.62023e-23
5.36402e-23
5.1189e-23
4.88442e-23
4.66014e-23
4.44566e-23
4.24057e-23
4.04449e-23
3.85705e-23
3.67789e-23
3.50668e-23
3.34307e-23
3.18675e-23
3.03742e-23
2.89478e-23
2.75855e-23
2.62846e-23
2.50424e-23
2.38565e-23
2.27245e-23
2.1644e-23
2.06128e-23
1.96289e-23
1.869e-23
1.77943e-23
1.69399e-23
1.6125e-23
1.53478e-23
1.46067e-23
1.39001e-23
1.32264e-23
1.25842e-23
1.19721e-23
1.13888e-23
1.08329e-23
1.03032e-23
9.79849e-24
9.31771e-24
8.85975e-24
8.42356e-24
8.00815e-24
7.61257e-24
7.23592e-24
6.87732e-24
6.53594e-24
6.21099e-24
5.9017e-24
5.60735e-24
5.32724e-24
5.06071e-24
4.80713e-24
4.56589e-24
4.3364e-24
4.11812e-24
3.91052e-24
3.71309e-24
3.52535e-24
3.34684e-24
3.17713e-24
3.01578e-24
2.86241e-24
2.71663e-24
2.57808e-24
2.44641e-24
2.32129e-24
2.2024e-24
2.08944e-24
1.98213e-24
1.88019e-24
1.78336e-24
1.69139e-24
1.60405e-24
1.5211e-24
1.44234e-24
1.36755e-24
1.29655e-24
1.22914e-24
1.16515e-24
1.10442e-24
1.04677e-24
9.92061e-25
9.40142e-25
8.90876e-25
8.44131e-25
7.9978e-25
7.57705e-25
7.17791e-25
6.79931e-25
6.44021e-25
6.09963e-25
5.77665e-25
5.47037e-25
5.17996e-25
4.90461e-25
4.64356e-25
4.39608e-25
4.16149e-25
3.93913e-25
3.72838e-25
3.52865e-25
3.33937e-25
3.16001e-25
2.99007e-25
2.82906e-25
2.67652e-25
2.53202e-25
2.39514e-25
2.26549e-25
2.1427e-25
2.02641e-25
1.91629e-25
1.81202e-25
1.71329e-25
1.61982e-25
1.53134e-25
1.44757e-25
1.36828e-25
1.29324e-25
1.22222e-25
1.15501e-25
1.09141e-25
1.03123e-25
9.74291e-26
9.20425e-26
8.69469e-26
8.2127e-26
7.7568e-26
7.32563e-26
6.91787e-26
6.53228e-26
6.16768e-26
5.82296e-26
5.49706e-26
5.18898e-26
4.89776e-26
4.6225e-26
4.36236e-26
4.11651e-26
3.88419e-26
3.66468e-26
3.45728e-26
3.26134e-26
3.07625e-26
2.90141e-26
2.73628e-26
2.58033e-26
2.43305e-26
2.29399e-26
2.16268e-26
2.03872e-26
1.92169e-26
1.81122e-26
1.70696e-26
1.60855e-26
1.51569e-26
1.42806e-26
1.34537e-26
1.26737e-26
1.19378e-26
1.12436e-26
1.05889e-26
9.97143e-27
9.38913e-27
8.84005e-27
8.32235e-27
7.83428e-27
7.37419e-27
6.94051e-27
6.53177e-27
6.14657e-27
5.78359e-27
5.44159e-27
5.11938e-27
4.81584e-27
4.52993e-27
4.26065e-27
4.00706e-27
3.76827e-27
3.54344e-27
3.33178e-27
3.13254e-27
2.945e-27
2.76852e-27
2.60244e-27
2.44619e-27
2.29919e-27
2.16092e-27
2.03087e-27
1.90858e-27
1.79359e-27
1.68549e-27
1.58388e-27
1.48838e-27
1.39865e-27
1.31435e-27
1.23517e-27
1.1608e-27
1.09098e-27
1.02544e-27
9.63933e-28
9.06223e-28
8.52093e-28
8.01336e-28
7.53758e-28
7.09174e-28
6.67414e-28
6.28315e-28
5.91724e-28
5.57498e-28
5.25503e-28
4.95613e-28
4.67708e-28
4.41677e-28
4.17415e-28
3.94825e-28
3.73815e-28
3.543e-28
3.36197e-28
3.19434e-28
3.03938e-28
2.89646e-28
2.76496e-28
2.64431e-28
2.534e-28
2.43352e-28
2.34243e-28
2.26032e-28
2.18679e-28
2.12151e-28
2.06413e-28
2.01439e-28
1.972e-28
1.93673e-28
1.90836e-28
1.88672e-28
1.87163e-28
1.86303e-28
1.86093e-28
1.86527e-28
1.87598e-28
1.89308e-28
1.91653e-28
1.94629e-28
1.98235e-28
2.02471e-28
2.0734e-28
2.12846e-28
2.18997e-28
2.25801e-28
2.33268e-28
2.4141e-28
