5
1e+16
1e+17
50
4.99999
13262.1
7.54962e-20
7.54905e-20
7.54602e-20
7.54155e-20
7.53563e-20
7.52826e-20
7.51943e-20
7.50916e-20
7.49745e-20
7.4843e-20
7.46972e-20
7.45373e-20
7.43632e-20
7.41752e-20
7.39733e-20
7.37577e-20
7.35284e-20
7.32856e-20
7.30295e-20
7.27601e-20
7.24776e-20
7.21823e-20
7.18741e-20
7.15534e-20
7.12204e-20
7.08751e-20
7.05177e-20
7.01486e-20
6.97679e-20
6.93757e-20
6.89724e-20
6.8558e-20
6.8133e-20
6.76974e-20
6.72516e-20
6.67957e-20
6.633e-20
6.58548e-20
6.53703e-20
6.48768e-20
6.43744e-20
6.38636e-20
6.33445e-20
6.28175e-20
6.22827e-20
6.17404e-20
6.11911e-20
6.06348e-20
6.00719e-20
5.95027e-20
5.89274e-20
5.83463e-20
5.77598e-20
5.7168e-20
5.65713e-20
5.597e-20
5.53643e-20
5.47545e-20
5.41409e-20
5.35238e-20
5.29034e-20
5.228e-20
5.1654e-20
5.10255e-20
5.03949e-20
4.97624e-20
4.91283e-20
4.84929e-20
4.78563e-20
4.72189e-20
4.6581e-20
4.59427e-20
4.53044e-20
4.46662e-20
4.40285e-20
4.33914e-20
4.27553e-20
4.21202e-20
4.14865e-20
4.08544e-20
4.02241e-20
3.95958e-20
3.89697e-20
3.83461e-20
3.7725e-20
3.71068e-20
3.64916e-20
3.58797e-20
3.52711e-20
3.4666e-20
3.40647e-20
3.34673e-20
3.2874e-20
3.22848e-20
3.17001e-20
3.11198e-20
3.05442e-20
2.99734e-20
2.94074e-20
2.88466e-20
2.82909e-20
2.77404e-20
2.71953e-20
2.66558e-20
2.61218e-20
2.55934e-20
2.50709e-20
2.45542e-20
2.40434e-20
2.35386e-20
2.30398e-20
2.25472e-20
2.20608e-20
2.15806e-20
2.11066e-20
2.06391e-20
2.01778e-20
1.9723e-20
1.92746e-20
1.88327e-20
1.83972e-20
1.79683e-20
1.75458e-20
1.71299e-20
1.67204e-20
1.63175e-20
1.59212e-20
1.55313e-20
1.51479e-20
1.4771e-20
1.44006e-20
1.40367e-20
1.36792e-20
1.3328e-20
1.29833e-20
1.26449e-20
1.23128e-20
1.19869e-20
1.16673e-20
1.13539e-20
1.10466e-20
1.07454e-20
1.04503e-20
1.01611e-20
9.87785e-21
9.60049e-21
9.32895e-21
9.06316e-21
8.80308e-21
8.54863e-21
8.29976e-21
8.05639e-21
7.81846e-21
7.58591e-21
7.35865e-21
7.13664e-21
6.91979e-21
6.70804e-21
6.50132e-21
6.29956e-21
6.10269e-21
5.91062e-21
5.7233e-21
5.54063e-21
5.36256e-21
5.18901e-21
5.0199e-21
4.85516e-21
4.69472e-21
4.5385e-21
4.38644e-21
4.23846e-21
4.09449e-21
3.95446e-21
3.81829e-21
3.68593e-21
3.55728e-21
3.43228e-21
3.31086e-21
3.19295e-21
3.07848e-21
2.96739e-21
2.8596e-21
2.75504e-21
2.65367e-21
2.55539e-21
2.46016e-21
2.3679e-21
2.27854e-21
2.19202e-21
2.10827e-21
2.02723e-21
1.94884e-21
1.87302e-21
1.79971e-21
1.72886e-21
1.66039e-21
1.59425e-21
1.53037e-21
1.4687e-21
1.40918e-21
1.35175e-21
1.29634e-21
1.24291e-21
1.19139e-21
1.14174e-21
1.09389e-21
1.0478e-21
1.00341e-21
9.60673e-22
9.19538e-22
8.79955e-22
8.41876e-22
8.05255e-22
7.70044e-22
7.362e-22
7.03677e-22
6.72432e-22
6.42424e-22
6.13612e-22
5.85954e-22
5.59413e-22
5.33949e-22
5.09527e-22
4.86108e-22
4.63658e-22
4.42144e-22
4.2153e-22
4.01785e-22
3.82877e-22
3.64776e-22
3.47452e-22
3.30875e-22
3.15017e-22
2.99852e-22
2.85352e-22
2.71493e-22
2.58249e-22
2.45597e-22
2.33512e-22
2.21973e-22
2.10958e-22
2.00445e-22
1.90414e-22
1.80846e-22
1.71721e-22
1.63022e-22
1.5473e-22
1.46828e-22
1.393e-22
1.3213e-22
1.25302e-22
1.18803e-22
1.12616e-22
1.0673e-22
1.0113e-22
9.58048e-23
9.07409e-23
8.59272e-23
8.13522e-23
7.70053e-23
7.2876e-23
6.89543e-23
6.52307e-23
6.1696e-23
5.83413e-23
5.51582e-23
5.21387e-23
4.92749e-23
4.65595e-23
4.39854e-23
4.15456e-23
3.92338e-23
3.70437e-23
3.49693e-23
3.30049e-23
3.11452e-23
2.93849e-23
2.7719e-23
2.61428e-23
2.46519e-23
2.32418e-23
2.19085e-23
2.0648e-23
1.94567e-23
1.83309e-23
1.72672e-23
1.62625e-23
1.53136e-23
1.44176e-23
1.35718e-23
1.27734e-23
1.202e-23
1.13091e-23
1.06386e-23
1.00061e-23
9.40971e-24
8.84743e-24
8.31741e-24
7.81788e-24
7.34717e-24
6.90371e-24
6.48599e-24
6.09258e-24
5.72214e-24
5.37338e-24
5.04509e-24
4.73613e-24
4.4454e-24
4.17188e-24
3.91459e-24
3.6726e-24
3.44505e-24
3.23111e-24
3.03e-24
2.84098e-24
2.66335e-24
2.49645e-24
2.33966e-24
2.19239e-24
2.05409e-24
1.92422e-24
1.8023e-24
1.68786e-24
1.58045e-24
1.47965e-24
1.38508e-24
1.29636e-24
1.21315e-24
1.13511e-24
1.06194e-24
9.93339e-25
9.29032e-25
8.68761e-25
8.12282e-25
7.59363e-25
7.09788e-25
6.63352e-25
6.19863e-25
5.7914e-25
5.41014e-25
5.05323e-25
4.71918e-25
4.40656e-25
4.11404e-25
3.84038e-25
3.5844e-25
3.34498e-25
3.1211e-25
2.91177e-25
2.71608e-25
2.53316e-25
2.36221e-25
2.20248e-25
2.05324e-25
1.91382e-25
1.78361e-25
1.66201e-25
1.54847e-25
1.44246e-25
1.34352e-25
1.25117e-25
1.16499e-25
1.08459e-25
1.00959e-25
9.39625e-26
8.7438e-26
8.13542e-26
7.56822e-26
7.03949e-26
6.54671e-26
6.08749e-26
5.65962e-26
5.26102e-26
4.88974e-26
4.54397e-26
4.222e-26
3.92223e-26
3.64319e-26
3.38348e-26
3.1418e-26
2.91693e-26
2.70773e-26
2.51315e-26
2.33218e-26
2.16391e-26
2.00747e-26
1.86204e-26
1.72689e-26
1.60129e-26
1.48459e-26
1.37618e-26
1.27549e-26
1.18197e-26
1.09514e-26
1.01453e-26
9.39706e-27
8.70261e-27
8.0582e-27
7.46032e-27
6.9057e-27
6.3913e-27
5.91427e-27
5.47197e-27
5.06194e-27
4.68189e-27
4.32967e-27
4.00331e-27
3.70096e-27
3.42089e-27
3.16151e-27
2.92133e-27
2.69895e-27
2.4931e-27
2.30258e-27
2.12628e-27
1.96316e-27
1.81225e-27
1.67268e-27
1.5436e-27
1.42426e-27
1.31393e-27
1.21194e-27
1.1177e-27
1.03061e-27
9.50153e-28
8.75835e-28
8.07198e-28
7.43819e-28
6.85305e-28
6.3129e-28
5.81439e-28
5.35436e-28
4.92993e-28
4.5384e-28
4.17729e-28
3.84429e-28
3.53726e-28
3.25422e-28
2.99334e-28
2.75294e-28
2.53143e-28
2.32738e-28
2.13943e-28
1.96635e-28
1.80698e-28
1.66028e-28
1.52525e-28
1.40098e-28
1.28665e-28
1.18147e-28
1.08473e-28
9.95777e-29
9.1399e-29
8.38809e-29
7.69716e-29
7.0623e-29
6.47909e-29
5.94344e-29
5.45159e-29
5.00008e-29
4.58569e-29
4.20549e-29
3.85676e-29
3.53699e-29
3.24388e-29
2.97532e-29
2.72935e-29
2.50418e-29
2.29816e-29
2.10978e-29
1.93772e-29
1.78076e-29
1.63775e-29
1.50764e-29
1.38947e-29
1.28234e-29
1.1855e-29
1.09823e-29
1.01984e-29
9.49718e-30
8.87302e-30
8.3209e-30
7.83633e-30
7.41529e-30
7.05424e-30
6.75006e-30
6.50005e-30
6.30188e-30
6.1536e-30
6.05359e-30
6.00057e-30
5.99357e-30
6.03193e-30
6.11527e-30
6.24352e-30
6.41685e-30
6.63575e-30
6.90093e-30
7.2134e-30
7.57443e-30
