2
5e+16
5e+17
49.9997
2
8387.66
3.0415e-19
3.04137e-19
3.04041e-19
3.03887e-19
3.03674e-19
3.034e-19
3.03067e-19
3.02673e-19
3.02219e-19
3.01706e-19
3.01133e-19
3.00502e-19
2.99811e-19
2.99063e-19
2.98257e-19
2.97394e-19
2.96473e-19
2.95497e-19
2.94465e-19
2.93378e-19
2.92237e-19
2.91041e-19
2.89793e-19
2.88493e-19
2.8714e-19
2.85737e-19
2.84285e-19
2.82783e-19
2.81232e-19
2.79634e-19
2.7799e-19
2.763e-19
2.74566e-19
2.72788e-19
2.70967e-19
2.69105e-19
2.67202e-19
2.65259e-19
2.63278e-19
2.6126e-19
2.59205e-19
2.57115e-19
2.5499e-19
2.52833e-19
2.50644e-19
2.48424e-19
2.46175e-19
2.43897e-19
2.41592e-19
2.39261e-19
2.36905e-19
2.34526e-19
2.32123e-19
2.297e-19
2.27256e-19
2.24794e-19
2.22314e-19
2.19817e-19
2.17305e-19
2.14778e-19
2.12239e-19
2.09687e-19
2.07125e-19
2.04553e-19
2.01973e-19
1.99386e-19
1.96792e-19
1.94193e-19
1.9159e-19
1.88985e-19
1.86377e-19
1.83769e-19
1.81161e-19
1.78554e-19
1.7595e-19
1.73349e-19
1.70752e-19
1.68161e-19
1.65576e-19
1.62998e-19
1.60428e-19
1.57867e-19
1.55316e-19
1.52775e-19
1.50246e-19
1.4773e-19
1.45226e-19
1.42736e-19
1.40261e-19
1.37802e-19
1.35358e-19
1.32931e-19
1.30522e-19
1.28131e-19
1.25758e-19
1.23405e-19
1.21071e-19
1.18758e-19
1.16466e-19
1.14195e-19
1.11946e-19
1.09719e-19
1.07515e-19
1.05335e-19
1.03178e-19
1.01045e-19
9.8936e-20
9.68519e-20
9.47928e-20
9.27589e-20
9.07505e-20
8.87679e-20
8.68112e-20
8.48806e-20
8.29764e-20
8.10988e-20
7.92477e-20
7.74234e-20
7.5626e-20
7.38556e-20
7.21122e-20
7.03959e-20
6.87066e-20
6.70446e-20
6.54096e-20
6.38018e-20
6.2221e-20
6.06673e-20
5.91405e-20
5.76407e-20
5.61676e-20
5.47213e-20
5.33015e-20
5.19083e-20
5.05413e-20
4.92005e-20
4.78856e-20
4.65966e-20
4.53333e-20
4.40953e-20
4.28826e-20
4.16949e-20
4.0532e-20
3.93937e-20
3.82797e-20
3.71897e-20
3.61236e-20
3.5081e-20
3.40617e-20
3.30654e-20
3.20918e-20
3.11407e-20
3.02117e-20
2.93045e-20
2.84189e-20
2.75546e-20
2.67112e-20
2.58885e-20
2.5086e-20
2.43036e-20
2.35409e-20
2.27976e-20
2.20733e-20
2.13677e-20
2.06806e-20
2.00116e-20
1.93603e-20
1.87265e-20
1.81098e-20
1.75099e-20
1.69265e-20
1.63593e-20
1.58079e-20
1.52721e-20
1.47514e-20
1.42457e-20
1.37545e-20
1.32777e-20
1.28147e-20
1.23655e-20
1.19296e-20
1.15068e-20
1.10967e-20
1.06992e-20
1.03138e-20
9.94025e-21
9.57835e-21
9.22778e-21
8.88826e-21
8.55952e-21
8.24128e-21
7.93329e-21
7.63529e-21
7.347e-21
7.06818e-21
6.79858e-21
6.53796e-21
6.28606e-21
6.04266e-21
5.80752e-21
5.58041e-21
5.36111e-21
5.14939e-21
4.94505e-21
4.74786e-21
4.55761e-21
4.37411e-21
4.19716e-21
4.02656e-21
3.86211e-21
3.70364e-21
3.55096e-21
3.40388e-21
3.26224e-21
3.12587e-21
2.99459e-21
2.86825e-21
2.74669e-21
2.62974e-21
2.51727e-21
2.40913e-21
2.30516e-21
2.20523e-21
2.10921e-21
2.01696e-21
1.92836e-21
1.84327e-21
1.76158e-21
1.68317e-21
1.60793e-21
1.53573e-21
1.46648e-21
1.40006e-21
1.33638e-21
1.27533e-21
1.21683e-21
1.16076e-21
1.10706e-21
1.05562e-21
1.00636e-21
9.59207e-22
9.14071e-22
8.70878e-22
8.29553e-22
7.90025e-22
7.52223e-22
7.1608e-22
6.81531e-22
6.48513e-22
6.16965e-22
5.86828e-22
5.58045e-22
5.30562e-22
5.04326e-22
4.79285e-22
4.5539e-22
4.32594e-22
4.10852e-22
3.90117e-22
3.7035e-22
3.51508e-22
3.33552e-22
3.16444e-22
3.00149e-22
2.8463e-22
2.69854e-22
2.55788e-22
2.42403e-22
2.29666e-22
2.17551e-22
2.0603e-22
1.95075e-22
1.84661e-22
1.74765e-22
1.65362e-22
1.56429e-22
1.47946e-22
1.39892e-22
1.32246e-22
1.2499e-22
1.18104e-22
1.11573e-22
1.05379e-22
9.95055e-23
9.39381e-23
8.8662e-23
8.36631e-23
7.89281e-23
7.44441e-23
7.01989e-23
6.61808e-23
6.23786e-23
5.87816e-23
5.53794e-23
5.21624e-23
4.91213e-23
4.62471e-23
4.35312e-23
4.09658e-23
3.85429e-23
3.62552e-23
3.40957e-23
3.20577e-23
3.01349e-23
2.83211e-23
2.66107e-23
2.4998e-23
2.34779e-23
2.20454e-23
2.06958e-23
1.94245e-23
1.82274e-23
1.71004e-23
1.60395e-23
1.50412e-23
1.4102e-23
1.32186e-23
1.23879e-23
1.16069e-23
1.08728e-23
1.0183e-23
9.53486e-24
8.92612e-24
8.35447e-24
7.81778e-24
7.31403e-24
6.8413e-24
6.39778e-24
5.98177e-24
5.59164e-24
5.22586e-24
4.883e-24
4.56169e-24
4.26065e-24
3.97865e-24
3.71455e-24
3.46727e-24
3.23579e-24
3.01915e-24
2.81644e-24
2.6268e-24
2.44944e-24
2.28359e-24
2.12854e-24
1.98362e-24
1.84819e-24
1.72166e-24
1.60348e-24
1.49311e-24
1.39006e-24
1.29386e-24
1.20408e-24
1.12031e-24
1.04216e-24
9.69267e-25
9.01296e-25
8.37926e-25
7.78859e-25
7.23812e-25
6.72524e-25
6.24747e-25
5.80251e-25
5.38818e-25
5.00245e-25
4.64343e-25
4.30934e-25
3.9985e-25
3.70936e-25
3.44045e-25
3.19042e-25
2.95798e-25
2.74195e-25
2.54119e-25
2.35468e-25
2.18143e-25
2.02054e-25
1.87115e-25
1.73246e-25
1.60375e-25
1.48431e-25
1.3735e-25
1.27071e-25
1.17539e-25
1.08701e-25
1.00508e-25
9.29141e-26
8.58776e-26
7.93585e-26
7.33201e-26
6.7728e-26
6.25502e-26
5.77571e-26
5.33209e-26
4.92159e-26
4.54182e-26
4.19053e-26
3.86566e-26
3.56529e-26
3.28762e-26
3.03099e-26
2.79384e-26
2.57475e-26
2.37238e-26
2.18549e-26
2.01293e-26
1.85364e-26
1.70662e-26
1.57096e-26
1.4458e-26
1.33035e-26
1.22388e-26
1.12572e-26
1.03523e-26
9.51823e-27
8.74969e-27
8.04164e-27
7.38945e-27
6.78883e-27
6.23582e-27
5.72674e-27
5.25819e-27
4.82705e-27
4.43039e-27
4.06553e-27
3.73e-27
3.42149e-27
3.13789e-27
2.87723e-27
2.63771e-27
2.41766e-27
2.21554e-27
2.02992e-27
1.85949e-27
1.70303e-27
1.55944e-27
1.42767e-27
1.30679e-27
1.1959e-27
1.09422e-27
1.00098e-27
9.1551e-28
8.37176e-28
7.65396e-28
6.99635e-28
6.394e-28
5.84238e-28
5.33733e-28
4.87499e-28
4.45186e-28
4.06467e-28
3.71045e-28
3.38646e-28
3.09018e-28
2.8193e-28
2.57169e-28
2.34541e-28
2.13865e-28
1.94979e-28
1.77731e-28
1.61982e-28
1.47607e-28
1.34489e-28
1.22521e-28
1.11605e-28
1.01653e-28
9.25821e-29
8.43179e-29
7.67917e-29
6.9941e-29
6.37086e-29
5.80422e-29
5.28941e-29
4.8221e-29
4.39832e-29
4.01447e-29
3.66729e-29
3.35381e-29
3.07134e-29
2.81745e-29
2.58996e-29
2.3869e-29
2.20652e-29
2.04724e-29
1.90768e-29
1.78661e-29
1.68297e-29
1.59583e-29
1.52442e-29
1.46807e-29
1.42627e-29
1.3986e-29
1.38476e-29
1.38456e-29
1.39792e-29
1.42484e-29
1.46545e-29
1.51994e-29
1.58863e-29
1.6719e-29
1.77026e-29
1.88427e-29
