2
1e+16
2e+18
49.9999
1.99999
8387.66
3.01762e-19
3.01748e-19
3.01653e-19
3.01502e-19
3.01291e-19
3.01021e-19
3.00691e-19
3.00302e-19
2.99855e-19
2.99348e-19
2.98784e-19
2.98161e-19
2.9748e-19
2.96742e-19
2.95947e-19
2.95096e-19
2.94188e-19
2.93225e-19
2.92208e-19
2.91136e-19
2.9001e-19
2.88831e-19
2.876e-19
2.86318e-19
2.84984e-19
2.83601e-19
2.82168e-19
2.80686e-19
2.79157e-19
2.77582e-19
2.7596e-19
2.74293e-19
2.72582e-19
2.70828e-19
2.69032e-19
2.67195e-19
2.65318e-19
2.63401e-19
2.61447e-19
2.59455e-19
2.57428e-19
2.55365e-19
2.53269e-19
2.5114e-19
2.4898e-19
2.46789e-19
2.44569e-19
2.42321e-19
2.40046e-19
2.37745e-19
2.35419e-19
2.33069e-19
2.30698e-19
2.28305e-19
2.25892e-19
2.2346e-19
2.2101e-19
2.18544e-19
2.16063e-19
2.13567e-19
2.11058e-19
2.08537e-19
2.06006e-19
2.03465e-19
2.00915e-19
1.98358e-19
1.95794e-19
1.93225e-19
1.90652e-19
1.88076e-19
1.85498e-19
1.82919e-19
1.8034e-19
1.77762e-19
1.75186e-19
1.72613e-19
1.70044e-19
1.6748e-19
1.64922e-19
1.6237e-19
1.59827e-19
1.57292e-19
1.54767e-19
1.52251e-19
1.49747e-19
1.47255e-19
1.44776e-19
1.4231e-19
1.39858e-19
1.37422e-19
1.35e-19
1.32596e-19
1.30208e-19
1.27838e-19
1.25486e-19
1.23152e-19
1.20839e-19
1.18545e-19
1.16271e-19
1.14019e-19
1.11788e-19
1.09578e-19
1.07391e-19
1.05227e-19
1.03086e-19
1.00969e-19
9.88751e-20
9.68056e-20
9.47605e-20
9.27403e-20
9.07451e-20
8.87752e-20
8.68307e-20
8.4912e-20
8.30192e-20
8.11525e-20
7.93119e-20
7.74977e-20
7.571e-20
7.39488e-20
7.22141e-20
7.05062e-20
6.8825e-20
6.71705e-20
6.55428e-20
6.39417e-20
6.23674e-20
6.08198e-20
5.92987e-20
5.78042e-20
5.63362e-20
5.48945e-20
5.34791e-20
5.20898e-20
5.07265e-20
4.93891e-20
4.80773e-20
4.67911e-20
4.55302e-20
4.42945e-20
4.30837e-20
4.18977e-20
4.07363e-20
3.95991e-20
3.8486e-20
3.73968e-20
3.63311e-20
3.52888e-20
3.42695e-20
3.32731e-20
3.22992e-20
3.13475e-20
3.04178e-20
2.95098e-20
2.86232e-20
2.77577e-20
2.6913e-20
2.60888e-20
2.52847e-20
2.45006e-20
2.3736e-20
2.29907e-20
2.22643e-20
2.15566e-20
2.08672e-20
2.01958e-20
1.9542e-20
1.89057e-20
1.82864e-20
1.76838e-20
1.70977e-20
1.65277e-20
1.59734e-20
1.54347e-20
1.49111e-20
1.44023e-20
1.39082e-20
1.34282e-20
1.29623e-20
1.25099e-20
1.20709e-20
1.1645e-20
1.12318e-20
1.0831e-20
1.04425e-20
1.00658e-20
9.70077e-21
9.34705e-21
9.00439e-21
8.67251e-21
8.35116e-21
8.04006e-21
7.73896e-21
7.44761e-21
7.16574e-21
6.89311e-21
6.62948e-21
6.37461e-21
6.12826e-21
5.8902e-21
5.66021e-21
5.43805e-21
5.2235e-21
5.01636e-21
4.81642e-21
4.62345e-21
4.43727e-21
4.25767e-21
4.08446e-21
3.91745e-21
3.75645e-21
3.60127e-21
3.45175e-21
3.3077e-21
3.16895e-21
3.03535e-21
2.90672e-21
2.78291e-21
2.66376e-21
2.54912e-21
2.43885e-21
2.3328e-21
2.23084e-21
2.13281e-21
2.03861e-21
1.94808e-21
1.86111e-21
1.77758e-21
1.69737e-21
1.62036e-21
1.54644e-21
1.4755e-21
1.40744e-21
1.34214e-21
1.27952e-21
1.21948e-21
1.16191e-21
1.10674e-21
1.05387e-21
1.00322e-21
9.54695e-22
9.08227e-22
8.63737e-22
8.21152e-22
7.80401e-22
7.41416e-22
7.04133e-22
6.68489e-22
6.34421e-22
6.01869e-22
5.70776e-22
5.41084e-22
5.12738e-22
4.85686e-22
4.59875e-22
4.35256e-22
4.1178e-22
3.89401e-22
3.68074e-22
3.47757e-22
3.28409e-22
3.0999e-22
2.92461e-22
2.75786e-22
2.59928e-22
2.44853e-22
2.3053e-22
2.16928e-22
2.04019e-22
1.91773e-22
1.80162e-22
1.6916e-22
1.5874e-22
1.48877e-22
1.39545e-22
1.30722e-22
1.22383e-22
1.14506e-22
1.07069e-22
1.00051e-22
9.34321e-23
8.71916e-23
8.13116e-23
7.57759e-23
7.05685e-23
6.56741e-23
6.10775e-23
5.6764e-23
5.27195e-23
4.89302e-23
4.53828e-23
4.20644e-23
3.89626e-23
3.60655e-23
3.33617e-23
3.08402e-23
2.84904e-23
2.63024e-23
2.42665e-23
2.23736e-23
2.06148e-23
1.8982e-23
1.74671e-23
1.60628e-23
1.47618e-23
1.35574e-23
1.24433e-23
1.14135e-23
1.04622e-23
9.58408e-24
8.77409e-24
8.02746e-24
7.33974e-24
6.70671e-24
6.12443e-24
5.5892e-24
5.09757e-24
4.6463e-24
4.23236e-24
3.85291e-24
3.50533e-24
3.18716e-24
2.8961e-24
2.63002e-24
2.38695e-24
2.16504e-24
1.96258e-24
1.778e-24
1.60983e-24
1.4567e-24
1.31737e-24
1.19068e-24
1.07554e-24
9.70986e-25
8.76093e-25
7.90027e-25
7.12017e-25
6.41352e-25
5.77382e-25
5.19508e-25
4.67181e-25
4.199e-25
3.77203e-25
3.3867e-25
3.03915e-25
2.72586e-25
2.44363e-25
2.18952e-25
1.96086e-25
1.75522e-25
1.5704e-25
1.40437e-25
1.2553e-25
1.12154e-25
1.00159e-25
8.94062e-26
7.97732e-26
7.11477e-26
6.34282e-26
5.65231e-26
5.03494e-26
4.48325e-26
3.99047e-26
3.55052e-26
3.15792e-26
2.80774e-26
2.49552e-26
2.21728e-26
1.96941e-26
1.7487e-26
1.55225e-26
1.37746e-26
1.222e-26
1.08378e-26
9.60946e-27
8.51813e-27
7.54888e-27
6.68834e-27
5.92456e-27
5.24687e-27
4.64574e-27
4.11268e-27
3.6401e-27
3.22125e-27
2.85012e-27
2.52136e-27
2.23018e-27
1.97235e-27
1.7441e-27
1.54208e-27
1.3633e-27
1.20512e-27
1.06518e-27
9.4141e-28
8.3195e-28
7.35159e-28
6.49583e-28
5.73932e-28
5.0706e-28
4.47957e-28
3.95723e-28
3.49565e-28
3.08778e-28
2.72742e-28
2.40903e-28
2.12776e-28
1.87928e-28
1.65979e-28
1.46591e-28
1.29465e-28
1.14339e-28
1.00979e-28
8.9179e-29
7.87575e-29
6.95534e-29
6.14246e-29
5.42455e-29
4.79053e-29
4.2306e-29
3.7361e-29
3.29939e-29
2.91371e-29
2.5731e-29
2.2723e-29
2.00665e-29
1.77205e-29
1.56487e-29
1.3819e-29
1.22031e-29
1.0776e-29
9.51577e-30
8.4028e-30
7.4199e-30
6.55189e-30
5.78533e-30
5.10837e-30
4.51054e-30
3.98258e-30
3.51634e-30
3.10461e-30
2.74103e-30
2.41998e-30
2.13649e-30
1.88616e-30
1.66512e-30
1.46995e-30
1.29762e-30
1.14547e-30
1.01113e-30
8.92528e-31
7.87817e-31
6.95375e-31
6.13767e-31
5.41727e-31
4.78135e-31
4.22003e-31
3.72459e-31
3.28732e-31
2.90142e-31
2.56088e-31
2.26039e-31
1.99526e-31
1.76137e-31
1.55506e-31
1.3731e-31
1.21266e-31
1.07121e-31
9.46546e-32
8.3671e-32
7.39973e-32
6.54815e-32
5.79892e-32
5.1402e-32
4.56156e-32
4.05379e-32
3.6088e-32
3.21946e-32
2.8795e-32
2.58339e-32
2.32632e-32
2.10401e-32
1.91277e-32
1.74934e-32
1.61089e-32
1.49495e-32
1.3994e-32
1.3224e-32
1.26237e-32
1.21798e-32
1.18811e-32
1.17182e-32
1.16836e-32
1.17715e-32
1.19773e-32
1.22981e-32
1.2732e-32
1.32786e-32
1.39385e-32
1.47134e-32
1.56062e-32
1.6621e-32
