5
2e+16
2e+17
49.9999
4.99998
13262.1
7.53527e-20
7.53468e-20
7.53164e-20
7.52717e-20
7.52126e-20
7.51389e-20
7.50508e-20
7.49483e-20
7.48314e-20
7.47002e-20
7.45548e-20
7.43953e-20
7.42217e-20
7.40342e-20
7.38329e-20
7.36179e-20
7.33893e-20
7.31473e-20
7.2892e-20
7.26235e-20
7.23419e-20
7.20475e-20
7.17404e-20
7.14208e-20
7.10888e-20
7.07447e-20
7.03886e-20
7.00207e-20
6.96413e-20
6.92504e-20
6.88485e-20
6.84356e-20
6.8012e-20
6.75779e-20
6.71336e-20
6.66793e-20
6.62153e-20
6.57417e-20
6.52589e-20
6.4767e-20
6.42664e-20
6.37573e-20
6.324e-20
6.27148e-20
6.21818e-20
6.16414e-20
6.10939e-20
6.05395e-20
5.99785e-20
5.94112e-20
5.88378e-20
5.82587e-20
5.76741e-20
5.70843e-20
5.64896e-20
5.58902e-20
5.52865e-20
5.46787e-20
5.40671e-20
5.34519e-20
5.28335e-20
5.22122e-20
5.15881e-20
5.09616e-20
5.03329e-20
4.97024e-20
4.90702e-20
4.84367e-20
4.78021e-20
4.71666e-20
4.65306e-20
4.58942e-20
4.52577e-20
4.46214e-20
4.39855e-20
4.33502e-20
4.27159e-20
4.20826e-20
4.14506e-20
4.08203e-20
4.01916e-20
3.9565e-20
3.89406e-20
3.83186e-20
3.76991e-20
3.70825e-20
3.64689e-20
3.58584e-20
3.52513e-20
3.46477e-20
3.40478e-20
3.34518e-20
3.28599e-20
3.22721e-20
3.16886e-20
3.11096e-20
3.05352e-20
2.99656e-20
2.94009e-20
2.88411e-20
2.82865e-20
2.77372e-20
2.71932e-20
2.66546e-20
2.61216e-20
2.55942e-20
2.50726e-20
2.45567e-20
2.40468e-20
2.35428e-20
2.30448e-20
2.2553e-20
2.20673e-20
2.15877e-20
2.11145e-20
2.06475e-20
2.01869e-20
1.97327e-20
1.92848e-20
1.88434e-20
1.84084e-20
1.79799e-20
1.75578e-20
1.71423e-20
1.67332e-20
1.63307e-20
1.59346e-20
1.5545e-20
1.51619e-20
1.47853e-20
1.44151e-20
1.40514e-20
1.3694e-20
1.3343e-20
1.29984e-20
1.26601e-20
1.23281e-20
1.20023e-20
1.16827e-20
1.13693e-20
1.1062e-20
1.07608e-20
1.04656e-20
1.01764e-20
9.89306e-21
9.61562e-21
9.34398e-21
9.07808e-21
8.81787e-21
8.56328e-21
8.31425e-21
8.07072e-21
7.83261e-21
7.59986e-21
7.37241e-21
7.15018e-21
6.93311e-21
6.72113e-21
6.51418e-21
6.31217e-21
6.11504e-21
5.92272e-21
5.73512e-21
5.55219e-21
5.37384e-21
5.20001e-21
5.03062e-21
4.86559e-21
4.70485e-21
4.54834e-21
4.39598e-21
4.2477e-21
4.10343e-21
3.9631e-21
3.82664e-21
3.69397e-21
3.56503e-21
3.43973e-21
3.31802e-21
3.19981e-21
3.08505e-21
2.97367e-21
2.86559e-21
2.76076e-21
2.6591e-21
2.56056e-21
2.46505e-21
2.37253e-21
2.28291e-21
2.19613e-21
2.11214e-21
2.03086e-21
1.95222e-21
1.87617e-21
1.80264e-21
1.73156e-21
1.66288e-21
1.59653e-21
1.53246e-21
1.47059e-21
1.41088e-21
1.35326e-21
1.29768e-21
1.24407e-21
1.19239e-21
1.14258e-21
1.09458e-21
1.04834e-21
1.00382e-21
9.60944e-22
9.19681e-22
8.79975e-22
8.41779e-22
8.05046e-22
7.6973e-22
7.35785e-22
7.03166e-22
6.71832e-22
6.41739e-22
6.12846e-22
5.85114e-22
5.58502e-22
5.32972e-22
5.08488e-22
4.85012e-22
4.6251e-22
4.40946e-22
4.20287e-22
4.00502e-22
3.81557e-22
3.63422e-22
3.46067e-22
3.29463e-22
3.13582e-22
2.98396e-22
2.83879e-22
2.70005e-22
2.56749e-22
2.44088e-22
2.31996e-22
2.20453e-22
2.09435e-22
1.98923e-22
1.88894e-22
1.7933e-22
1.70211e-22
1.6152e-22
1.53237e-22
1.45346e-22
1.37831e-22
1.30674e-22
1.23862e-22
1.17378e-22
1.11209e-22
1.05341e-22
9.97609e-23
9.44554e-23
8.94125e-23
8.46204e-23
8.00678e-23
7.57438e-23
7.16379e-23
6.774e-23
6.40407e-23
6.05305e-23
5.72007e-23
5.40427e-23
5.10484e-23
4.821e-23
4.552e-23
4.29713e-23
4.05571e-23
3.82707e-23
3.61059e-23
3.40567e-23
3.21174e-23
3.02826e-23
2.85469e-23
2.69055e-23
2.53535e-23
2.38864e-23
2.24999e-23
2.11898e-23
1.99523e-23
1.87834e-23
1.76798e-23
1.66379e-23
1.56545e-23
1.47265e-23
1.38511e-23
1.30253e-23
1.22466e-23
1.15124e-23
1.08202e-23
1.0168e-23
9.55333e-24
8.97431e-24
8.42895e-24
7.91538e-24
7.43184e-24
6.97668e-24
6.54831e-24
6.14522e-24
5.76601e-24
5.40932e-24
5.07387e-24
4.75847e-24
4.46197e-24
4.18328e-24
3.92138e-24
3.67532e-24
3.44416e-24
3.22705e-24
3.02316e-24
2.83174e-24
2.65203e-24
2.48336e-24
2.32508e-24
2.17657e-24
2.03724e-24
1.90656e-24
1.78401e-24
1.66909e-24
1.56136e-24
1.46038e-24
1.36573e-24
1.27704e-24
1.19395e-24
1.11611e-24
1.0432e-24
9.74918e-25
9.10985e-25
8.51129e-25
7.951e-25
7.4266e-25
6.93586e-25
6.47669e-25
6.04712e-25
5.6453e-25
5.26949e-25
4.91806e-25
4.58946e-25
4.28227e-25
3.99512e-25
3.72674e-25
3.47594e-25
3.24161e-25
3.02268e-25
2.81818e-25
2.62718e-25
2.44881e-25
2.28226e-25
2.12676e-25
1.98161e-25
1.84612e-25
1.71969e-25
1.6017e-25
1.49162e-25
1.38893e-25
1.29315e-25
1.20381e-25
1.12051e-25
1.04284e-25
9.70422e-26
9.02921e-26
8.40008e-26
7.81378e-26
7.26747e-26
6.75849e-26
6.28434e-26
5.8427e-26
5.43139e-26
5.04839e-26
4.69178e-26
4.3598e-26
4.05078e-26
3.76317e-26
3.49552e-26
3.24649e-26
3.01479e-26
2.79927e-26
2.59881e-26
2.41238e-26
2.23903e-26
2.07786e-26
1.92804e-26
1.78877e-26
1.65935e-26
1.53908e-26
1.42734e-26
1.32353e-26
1.2271e-26
1.13755e-26
1.05438e-26
9.77166e-27
9.0548e-27
8.38938e-27
7.7718e-27
7.19868e-27
6.66691e-27
6.17356e-27
5.71593e-27
5.29149e-27
4.89787e-27
4.53291e-27
4.19455e-27
3.88091e-27
3.59021e-27
3.32082e-27
3.07121e-27
2.83996e-27
2.62575e-27
2.42735e-27
2.24363e-27
2.07351e-27
1.91602e-27
1.77024e-27
1.63532e-27
1.51046e-27
1.39494e-27
1.28807e-27
1.18922e-27
1.09779e-27
1.01325e-27
9.35081e-28
8.62822e-28
7.96032e-28
7.34307e-28
6.77271e-28
6.24575e-28
5.75898e-28
5.30939e-28
4.8942e-28
4.51083e-28
4.15692e-28
3.83023e-28
3.52872e-28
3.2505e-28
2.9938e-28
2.75701e-28
2.5386e-28
2.33718e-28
2.15146e-28
1.98025e-28
1.82244e-28
1.677e-28
1.54298e-28
1.41952e-28
1.30579e-28
1.20106e-28
1.10462e-28
1.01584e-28
9.34124e-29
8.58926e-29
7.89742e-29
7.26104e-29
6.67582e-29
6.13778e-29
5.64325e-29
5.18885e-29
4.77146e-29
4.38818e-29
4.03637e-29
3.71357e-29
3.41753e-29
3.14618e-29
2.89759e-29
2.67001e-29
2.46183e-29
2.27152e-29
2.09777e-29
1.93941e-29
1.79538e-29
1.66465e-29
1.54628e-29
1.43944e-29
1.34331e-29
1.25724e-29
1.18061e-29
1.11281e-29
1.05327e-29
1.0015e-29
9.57042e-30
9.19506e-30
8.88536e-30
8.63825e-30
8.45105e-30
8.32147e-30
8.24759e-30
8.22784e-30
8.26097e-30
8.34606e-30
8.48249e-30
8.66992e-30
8.90831e-30
9.19789e-30
9.53916e-30
9.93287e-30
1.03801e-29
1.0882e-29
1.14403e-29
