2
2e+17
1e+18
49.9994
1.99999
8387.66
3.04201e-19
3.04188e-19
3.04092e-19
3.03939e-19
3.03725e-19
3.03451e-19
3.03117e-19
3.02724e-19
3.0227e-19
3.01756e-19
3.01184e-19
3.00552e-19
2.99862e-19
2.99113e-19
2.98307e-19
2.97443e-19
2.96523e-19
2.95546e-19
2.94514e-19
2.93426e-19
2.92285e-19
2.91089e-19
2.8984e-19
2.88539e-19
2.87187e-19
2.85784e-19
2.8433e-19
2.82828e-19
2.81277e-19
2.79679e-19
2.78034e-19
2.76344e-19
2.74609e-19
2.7283e-19
2.71009e-19
2.69146e-19
2.67243e-19
2.65299e-19
2.63318e-19
2.61299e-19
2.59243e-19
2.57153e-19
2.55028e-19
2.5287e-19
2.5068e-19
2.4846e-19
2.4621e-19
2.43931e-19
2.41626e-19
2.39294e-19
2.36938e-19
2.34557e-19
2.32155e-19
2.29731e-19
2.27286e-19
2.24823e-19
2.22342e-19
2.19845e-19
2.17332e-19
2.14805e-19
2.12265e-19
2.09713e-19
2.0715e-19
2.04577e-19
2.01997e-19
1.99408e-19
1.96814e-19
1.94215e-19
1.91611e-19
1.89005e-19
1.86397e-19
1.83788e-19
1.81179e-19
1.78572e-19
1.75967e-19
1.73366e-19
1.70768e-19
1.68176e-19
1.65591e-19
1.63012e-19
1.60441e-19
1.5788e-19
1.55328e-19
1.52787e-19
1.50258e-19
1.47741e-19
1.45236e-19
1.42746e-19
1.40271e-19
1.37811e-19
1.35367e-19
1.32939e-19
1.3053e-19
1.28138e-19
1.25765e-19
1.23411e-19
1.21077e-19
1.18763e-19
1.16471e-19
1.14199e-19
1.1195e-19
1.09723e-19
1.07519e-19
1.05338e-19
1.0318e-19
1.01047e-19
9.8938e-20
9.68536e-20
9.47942e-20
9.276e-20
9.07513e-20
8.87684e-20
8.68114e-20
8.48806e-20
8.29762e-20
8.10982e-20
7.92469e-20
7.74224e-20
7.56248e-20
7.38542e-20
7.21106e-20
7.03941e-20
6.87047e-20
6.70424e-20
6.54073e-20
6.37993e-20
6.22184e-20
6.06645e-20
5.91376e-20
5.76376e-20
5.61645e-20
5.4718e-20
5.32982e-20
5.19048e-20
5.05377e-20
4.91968e-20
4.78819e-20
4.65928e-20
4.53294e-20
4.40914e-20
4.28786e-20
4.16909e-20
4.0528e-20
3.93896e-20
3.82755e-20
3.71855e-20
3.61194e-20
3.50768e-20
3.40574e-20
3.30611e-20
3.20875e-20
3.11364e-20
3.02074e-20
2.93003e-20
2.84147e-20
2.75504e-20
2.6707e-20
2.58843e-20
2.50819e-20
2.42995e-20
2.35368e-20
2.27935e-20
2.20692e-20
2.13637e-20
2.06766e-20
2.00076e-20
1.93564e-20
1.87226e-20
1.8106e-20
1.75062e-20
1.69228e-20
1.63556e-20
1.58043e-20
1.52685e-20
1.47479e-20
1.42422e-20
1.37511e-20
1.32743e-20
1.28115e-20
1.23623e-20
1.19264e-20
1.15037e-20
1.10937e-20
1.06962e-20
1.03108e-20
9.93738e-21
9.57554e-21
9.22503e-21
8.88557e-21
8.55688e-21
8.23871e-21
7.93078e-21
7.63283e-21
7.3446e-21
7.06585e-21
6.79631e-21
6.53574e-21
6.2839e-21
6.04056e-21
5.80548e-21
5.57843e-21
5.35918e-21
5.14752e-21
4.94323e-21
4.7461e-21
4.55591e-21
4.37246e-21
4.19556e-21
4.02502e-21
3.86062e-21
3.7022e-21
3.54957e-21
3.40255e-21
3.26096e-21
3.12463e-21
2.9934e-21
2.86711e-21
2.7456e-21
2.6287e-21
2.51627e-21
2.40817e-21
2.30425e-21
2.20437e-21
2.10839e-21
2.01619e-21
1.92763e-21
1.84258e-21
1.76094e-21
1.68257e-21
1.60736e-21
1.5352e-21
1.46599e-21
1.39961e-21
1.33597e-21
1.27496e-21
1.21649e-21
1.16046e-21
1.10679e-21
1.05539e-21
1.00617e-21
9.59048e-22
9.13946e-22
8.70786e-22
8.29495e-22
7.89999e-22
7.52228e-22
7.16116e-22
6.81598e-22
6.48609e-22
6.17089e-22
5.8698e-22
5.58224e-22
5.30767e-22
5.04555e-22
4.79538e-22
4.55667e-22
4.32893e-22
4.11171e-22
3.90457e-22
3.70709e-22
3.51886e-22
3.33948e-22
3.16857e-22
3.00577e-22
2.85073e-22
2.70312e-22
2.5626e-22
2.42886e-22
2.30161e-22
2.18057e-22
2.06544e-22
1.95598e-22
1.85192e-22
1.75301e-22
1.65903e-22
1.56975e-22
1.48496e-22
1.40444e-22
1.32799e-22
1.25544e-22
1.18659e-22
1.12127e-22
1.05931e-22
1.00056e-22
9.44855e-23
8.92058e-23
8.42026e-23
7.94627e-23
7.49731e-23
7.07217e-23
6.66967e-23
6.28871e-23
5.9282e-23
5.58714e-23
5.26455e-23
4.9595e-23
4.67111e-23
4.39852e-23
4.14093e-23
3.89758e-23
3.66773e-23
3.45068e-23
3.24577e-23
3.05235e-23
2.86984e-23
2.69766e-23
2.53525e-23
2.3821e-23
2.23772e-23
2.10163e-23
1.97339e-23
1.85257e-23
1.73877e-23
1.63161e-23
1.53072e-23
1.43576e-23
1.3464e-23
1.26232e-23
1.18325e-23
1.10888e-23
1.03897e-23
9.73251e-24
9.11495e-24
8.53475e-24
7.98976e-24
7.47797e-24
6.99746e-24
6.54642e-24
6.12315e-24
5.72602e-24
5.35351e-24
5.00416e-24
4.67662e-24
4.36958e-24
4.08184e-24
3.81223e-24
3.55968e-24
3.32316e-24
3.1017e-24
2.89438e-24
2.70036e-24
2.51881e-24
2.34897e-24
2.19013e-24
2.0416e-24
1.90274e-24
1.77296e-24
1.65169e-24
1.53839e-24
1.43256e-24
1.33374e-24
1.24148e-24
1.15536e-24
1.075e-24
1.00001e-24
9.30071e-25
8.64841e-25
8.04022e-25
7.47326e-25
6.94487e-25
6.45251e-25
5.99384e-25
5.56665e-25
5.16885e-25
4.7985e-25
4.45379e-25
4.133e-25
3.83455e-25
3.55693e-25
3.29874e-25
3.05868e-25
2.83553e-25
2.62812e-25
2.4354e-25
2.25637e-25
2.09007e-25
1.93565e-25
1.79228e-25
1.6592e-25
1.53569e-25
1.4211e-25
1.3148e-25
1.21621e-25
1.12479e-25
1.04003e-25
9.61475e-26
8.88677e-26
8.21229e-26
7.58751e-26
7.00889e-26
6.47312e-26
5.97714e-26
5.51808e-26
5.09328e-26
4.70026e-26
4.33672e-26
4.00052e-26
3.68967e-26
3.4023e-26
3.13671e-26
2.89128e-26
2.66454e-26
2.4551e-26
2.26169e-26
2.08311e-26
1.91825e-26
1.7661e-26
1.6257e-26
1.49618e-26
1.3767e-26
1.26652e-26
1.16493e-26
1.07129e-26
9.84978e-27
9.05446e-27
8.32176e-27
7.64686e-27
7.02534e-27
6.45308e-27
5.92629e-27
5.44145e-27
4.99531e-27
4.58486e-27
4.20732e-27
3.86012e-27
3.54089e-27
3.24744e-27
2.97773e-27
2.7299e-27
2.50222e-27
2.29308e-27
2.10103e-27
1.92469e-27
1.76282e-27
1.61426e-27
1.47795e-27
1.35289e-27
1.23819e-27
1.133e-27
1.03656e-27
9.48169e-28
8.67166e-28
7.92951e-28
7.2497e-28
6.62716e-28
6.05718e-28
5.53547e-28
5.05805e-28
4.62129e-28
4.22183e-28
3.8566e-28
3.52277e-28
3.21774e-28
2.93913e-28
2.68475e-28
2.4526e-28
2.24083e-28
2.04777e-28
1.87185e-28
1.71167e-28
1.56593e-28
1.43345e-28
1.31313e-28
1.20399e-28
1.10513e-28
1.01571e-28
9.3499e-29
8.62279e-29
7.96957e-29
7.38457e-29
6.86267e-29
6.39924e-29
5.99008e-29
5.63143e-29
5.31991e-29
5.05249e-29
4.82648e-29
4.6395e-29
4.48943e-29
4.37447e-29
4.29301e-29
4.24372e-29
4.22545e-29
4.23729e-29
4.27851e-29
4.34854e-29
4.44702e-29
4.57374e-29
4.72863e-29
4.91179e-29
5.12347e-29
5.36403e-29
5.634e-29
5.93403e-29
6.26487e-29
6.62745e-29
7.02276e-29
7.45198e-29
7.91634e-29
8.41726e-29
8.95622e-29
