2
2e+16
1e+18
49.9999
1.99999
8387.66
3.03412e-19
3.03398e-19
3.03303e-19
3.0315e-19
3.02937e-19
3.02664e-19
3.02332e-19
3.0194e-19
3.01488e-19
3.00977e-19
3.00407e-19
2.99778e-19
2.9909e-19
2.98345e-19
2.97543e-19
2.96683e-19
2.95767e-19
2.94794e-19
2.93767e-19
2.92684e-19
2.91548e-19
2.90358e-19
2.89115e-19
2.8782e-19
2.86473e-19
2.85076e-19
2.8363e-19
2.82134e-19
2.8059e-19
2.78999e-19
2.77362e-19
2.75679e-19
2.73952e-19
2.72181e-19
2.70368e-19
2.68514e-19
2.66618e-19
2.64684e-19
2.62711e-19
2.60701e-19
2.58654e-19
2.56573e-19
2.54457e-19
2.52309e-19
2.50128e-19
2.47918e-19
2.45677e-19
2.43409e-19
2.41113e-19
2.38791e-19
2.36444e-19
2.34074e-19
2.31681e-19
2.29267e-19
2.26833e-19
2.2438e-19
2.21909e-19
2.19422e-19
2.16919e-19
2.14402e-19
2.11872e-19
2.0933e-19
2.06777e-19
2.04215e-19
2.01644e-19
1.99066e-19
1.96482e-19
1.93892e-19
1.91298e-19
1.88702e-19
1.86103e-19
1.83504e-19
1.80905e-19
1.78307e-19
1.75712e-19
1.73119e-19
1.70531e-19
1.67948e-19
1.65372e-19
1.62802e-19
1.6024e-19
1.57687e-19
1.55144e-19
1.52611e-19
1.5009e-19
1.47581e-19
1.45085e-19
1.42602e-19
1.40135e-19
1.37682e-19
1.35245e-19
1.32825e-19
1.30423e-19
1.28038e-19
1.25672e-19
1.23324e-19
1.20997e-19
1.1869e-19
1.16403e-19
1.14138e-19
1.11895e-19
1.09674e-19
1.07475e-19
1.05299e-19
1.03147e-19
1.01019e-19
9.89151e-20
9.68355e-20
9.47808e-20
9.27511e-20
9.07468e-20
8.87681e-20
8.68152e-20
8.48883e-20
8.29877e-20
8.11134e-20
7.92656e-20
7.74445e-20
7.56501e-20
7.38825e-20
7.21418e-20
7.04281e-20
6.87414e-20
6.70817e-20
6.5449e-20
6.38433e-20
6.22645e-20
6.07127e-20
5.91877e-20
5.76896e-20
5.62181e-20
5.47732e-20
5.33548e-20
5.19628e-20
5.0597e-20
4.92572e-20
4.79434e-20
4.66553e-20
4.53927e-20
4.41555e-20
4.29434e-20
4.17563e-20
4.05939e-20
3.94559e-20
3.83422e-20
3.72525e-20
3.61865e-20
3.51441e-20
3.41248e-20
3.31285e-20
3.21548e-20
3.12035e-20
3.02744e-20
2.9367e-20
2.84811e-20
2.76164e-20
2.67727e-20
2.59495e-20
2.51466e-20
2.43637e-20
2.36004e-20
2.28565e-20
2.21316e-20
2.14254e-20
2.07376e-20
2.00679e-20
1.94159e-20
1.87813e-20
1.81638e-20
1.75632e-20
1.69789e-20
1.64109e-20
1.58586e-20
1.53219e-20
1.48004e-20
1.42938e-20
1.38017e-20
1.33239e-20
1.28601e-20
1.24099e-20
1.19731e-20
1.15493e-20
1.11383e-20
1.07398e-20
1.03534e-20
9.97898e-21
9.61613e-21
9.26461e-21
8.92415e-21
8.59446e-21
8.27529e-21
7.96637e-21
7.66743e-21
7.37822e-21
7.09849e-21
6.82798e-21
6.56645e-21
6.31366e-21
6.06937e-21
5.83335e-21
5.60538e-21
5.38522e-21
5.17265e-21
4.96746e-21
4.76944e-21
4.57838e-21
4.39408e-21
4.21633e-21
4.04495e-21
3.87973e-21
3.7205e-21
3.56707e-21
3.41926e-21
3.2769e-21
3.13981e-21
3.00784e-21
2.88081e-21
2.75858e-21
2.64098e-21
2.52786e-21
2.41908e-21
2.31449e-21
2.21395e-21
2.11733e-21
2.0245e-21
1.93532e-21
1.84967e-21
1.76744e-21
1.68849e-21
1.61272e-21
1.54001e-21
1.47025e-21
1.40335e-21
1.33919e-21
1.27767e-21
1.21871e-21
1.1622e-21
1.10806e-21
1.0562e-21
1.00653e-21
9.58969e-22
9.13439e-22
8.69862e-22
8.28164e-22
7.88274e-22
7.50121e-22
7.13639e-22
6.78763e-22
6.45431e-22
6.13581e-22
5.83155e-22
5.54095e-22
5.26348e-22
4.9986e-22
4.74579e-22
4.50457e-22
4.27445e-22
4.05498e-22
3.84571e-22
3.64622e-22
3.4561e-22
3.27496e-22
3.10241e-22
2.93809e-22
2.78164e-22
2.63273e-22
2.49103e-22
2.35624e-22
2.22806e-22
2.1062e-22
1.99039e-22
1.88035e-22
1.77584e-22
1.6766e-22
1.5824e-22
1.49301e-22
1.40821e-22
1.32779e-22
1.25154e-22
1.17927e-22
1.11079e-22
1.04593e-22
9.84503e-23
9.26359e-23
8.71343e-23
8.19307e-23
7.70109e-23
7.23614e-23
6.79688e-23
6.38208e-23
5.99051e-23
5.62103e-23
5.27252e-23
4.94391e-23
4.6342e-23
4.3424e-23
4.06758e-23
3.80887e-23
3.56539e-23
3.33635e-23
3.12097e-23
2.91851e-23
2.72827e-23
2.54957e-23
2.38179e-23
2.2243e-23
2.07655e-23
1.93796e-23
1.80803e-23
1.68626e-23
1.57218e-23
1.46533e-23
1.36531e-23
1.2717e-23
1.18413e-23
1.10224e-23
1.02569e-23
9.54146e-24
8.87315e-24
8.24907e-24
7.66649e-24
7.12285e-24
6.61572e-24
6.1428e-24
5.70196e-24
5.29115e-24
4.90846e-24
4.55208e-24
4.22033e-24
3.9116e-24
3.6244e-24
3.3573e-24
3.10899e-24
2.87823e-24
2.66383e-24
2.46471e-24
2.27984e-24
2.10825e-24
1.94904e-24
1.80136e-24
1.66442e-24
1.53748e-24
1.41985e-24
1.31087e-24
1.20995e-24
1.1165e-24
1.03002e-24
9.49987e-25
8.75959e-25
8.075e-25
7.44211e-25
6.85716e-25
6.31668e-25
5.81743e-25
5.35639e-25
4.93076e-25
4.53791e-25
4.17542e-25
3.84103e-25
3.53264e-25
3.2483e-25
2.98621e-25
2.74468e-25
2.52216e-25
2.3172e-25
2.12846e-25
1.95469e-25
1.79475e-25
1.64757e-25
1.51216e-25
1.38761e-25
1.27308e-25
1.16778e-25
1.07099e-25
9.82035e-26
9.00305e-26
8.25227e-26
7.56273e-26
6.92957e-26
6.3483e-26
5.81477e-26
5.32515e-26
4.87591e-26
4.46381e-26
4.08585e-26
3.73926e-26
3.42149e-26
3.13021e-26
2.86326e-26
2.61864e-26
2.39453e-26
2.18924e-26
2.00123e-26
1.82907e-26
1.67146e-26
1.52718e-26
1.39514e-26
1.27431e-26
1.16376e-26
1.06263e-26
9.7014e-27
8.85561e-27
8.0823e-27
7.37536e-27
6.72921e-27
6.13871e-27
5.59915e-27
5.10623e-27
4.65598e-27
4.24477e-27
3.86928e-27
3.52646e-27
3.21351e-27
2.92788e-27
2.66723e-27
2.4294e-27
2.21244e-27
2.01453e-27
1.83405e-27
1.66947e-27
1.51942e-27
1.38265e-27
1.25798e-27
1.14438e-27
1.04087e-27
9.46578e-28
8.6069e-28
7.82472e-28
7.1125e-28
6.46408e-28
5.87384e-28
5.33665e-28
4.84783e-28
4.40308e-28
3.99849e-28
3.63051e-28
3.29585e-28
2.99156e-28
2.71492e-28
2.46347e-28
2.23497e-28
2.02734e-28
1.83872e-28
1.6674e-28
1.51181e-28
1.37053e-28
1.24227e-28
1.12586e-28
1.0202e-28
9.24335e-29
8.37364e-29
7.58479e-29
6.86942e-29
6.22082e-29
5.63288e-29
5.10004e-29
4.61727e-29
4.17996e-29
3.78394e-29
3.42542e-29
3.10096e-29
2.80742e-29
2.54196e-29
2.30202e-29
2.08524e-29
1.8895e-29
1.71289e-29
1.55366e-29
1.41024e-29
1.28119e-29
1.16522e-29
1.06117e-29
9.67985e-30
8.84717e-30
8.1051e-30
7.44597e-30
6.86288e-30
6.34965e-30
5.90078e-30
5.51136e-30
5.17704e-30
4.89397e-30
4.65879e-30
4.46856e-30
4.32073e-30
4.21314e-30
4.14397e-30
4.11171e-30
4.11517e-30
4.15342e-30
4.22582e-30
4.33196e-30
4.47168e-30
4.64507e-30
4.85241e-30
5.09421e-30
5.37119e-30
5.68427e-30
6.03458e-30
6.42344e-30
6.85237e-30
