10
5e+16
1e+18
49.9999
10.0001
18755.4
3.04372e-20
3.04093e-20
3.0324e-20
3.02302e-20
3.01306e-20
3.00256e-20
2.99159e-20
2.98014e-20
2.96824e-20
2.9559e-20
2.94313e-20
2.92996e-20
2.91637e-20
2.90237e-20
2.88798e-20
2.87318e-20
2.85799e-20
2.84242e-20
2.82647e-20
2.81014e-20
2.79344e-20
2.77639e-20
2.75898e-20
2.74124e-20
2.72315e-20
2.70474e-20
2.686e-20
2.66696e-20
2.64761e-20
2.62797e-20
2.60803e-20
2.58783e-20
2.56735e-20
2.54661e-20
2.52562e-20
2.50438e-20
2.48292e-20
2.46122e-20
2.43931e-20
2.4172e-20
2.39488e-20
2.37238e-20
2.34969e-20
2.32684e-20
2.30382e-20
2.28065e-20
2.25734e-20
2.23389e-20
2.21032e-20
2.18663e-20
2.16283e-20
2.13893e-20
2.11494e-20
2.09087e-20
2.06673e-20
2.04252e-20
2.01826e-20
1.99395e-20
1.9696e-20
1.94522e-20
1.92081e-20
1.8964e-20
1.87197e-20
1.84755e-20
1.82313e-20
1.79874e-20
1.77436e-20
1.75002e-20
1.72572e-20
1.70146e-20
1.67726e-20
1.65311e-20
1.62904e-20
1.60503e-20
1.58111e-20
1.55727e-20
1.53352e-20
1.50987e-20
1.48633e-20
1.46289e-20
1.43957e-20
1.41637e-20
1.3933e-20
1.37035e-20
1.34754e-20
1.32488e-20
1.30236e-20
1.27998e-20
1.25777e-20
1.23571e-20
1.21381e-20
1.19208e-20
1.17052e-20
1.14913e-20
1.12791e-20
1.10688e-20
1.08603e-20
1.06537e-20
1.04489e-20
1.02461e-20
1.00452e-20
9.84622e-21
9.64924e-21
9.45427e-21
9.26131e-21
9.07039e-21
8.88152e-21
8.69472e-21
8.50999e-21
8.32736e-21
8.14685e-21
7.96846e-21
7.79223e-21
7.61815e-21
7.44626e-21
7.27654e-21
7.10903e-21
6.94372e-21
6.78063e-21
6.61978e-21
6.46117e-21
6.30484e-21
6.1508e-21
5.99907e-21
5.84965e-21
5.70256e-21
5.55781e-21
5.4154e-21
5.27536e-21
5.13772e-21
5.00249e-21
4.86967e-21
4.73929e-21
4.61135e-21
4.48584e-21
4.36277e-21
4.24214e-21
4.12394e-21
4.00815e-21
3.89478e-21
3.7838e-21
3.6752e-21
3.56897e-21
3.46508e-21
3.36353e-21
3.26428e-21
3.16731e-21
3.0726e-21
2.98012e-21
2.88986e-21
2.80177e-21
2.71584e-21
2.63203e-21
2.55032e-21
2.47067e-21
2.39305e-21
2.31743e-21
2.24379e-21
2.17208e-21
2.10228e-21
2.03434e-21
1.96825e-21
1.90397e-21
1.84145e-21
1.78067e-21
1.7216e-21
1.6642e-21
1.60843e-21
1.55427e-21
1.50167e-21
1.45061e-21
1.40106e-21
1.35297e-21
1.30632e-21
1.26108e-21
1.2172e-21
1.17467e-21
1.13344e-21
1.09349e-21
1.05478e-21
1.01729e-21
9.80975e-22
9.45817e-22
9.11783e-22
8.78844e-22
8.4697e-22
8.16134e-22
7.86307e-22
7.57462e-22
7.29572e-22
7.02611e-22
6.76553e-22
6.51372e-22
6.27043e-22
6.03542e-22
5.80844e-22
5.58926e-22
5.37765e-22
5.17339e-22
4.97625e-22
4.78602e-22
4.60248e-22
4.42544e-22
4.25469e-22
4.09003e-22
3.93127e-22
3.77822e-22
3.63071e-22
3.48856e-22
3.35158e-22
3.21962e-22
3.0925e-22
2.97008e-22
2.85219e-22
2.73868e-22
2.62941e-22
2.52423e-22
2.423e-22
2.32559e-22
2.23186e-22
2.1417e-22
2.05498e-22
1.97157e-22
1.89136e-22
1.81423e-22
1.74009e-22
1.66882e-22
1.60032e-22
1.53448e-22
1.47123e-22
1.41045e-22
1.35206e-22
1.29597e-22
1.24211e-22
1.19038e-22
1.1407e-22
1.09301e-22
1.04723e-22
1.00328e-22
9.61092e-23
9.20609e-23
8.8176e-23
8.44485e-23
8.08723e-23
7.74417e-23
7.41509e-23
7.09947e-23
6.79678e-23
6.50653e-23
6.22822e-23
5.96139e-23
5.70559e-23
5.46039e-23
5.22536e-23
5.00012e-23
4.78426e-23
4.57742e-23
4.37923e-23
4.18936e-23
4.00746e-23
3.83322e-23
3.66632e-23
3.50648e-23
3.3534e-23
3.20681e-23
3.06644e-23
2.93205e-23
2.80338e-23
2.68021e-23
2.5623e-23
2.44945e-23
2.34143e-23
2.23806e-23
2.13913e-23
2.04447e-23
1.95389e-23
1.86723e-23
1.78432e-23
1.705e-23
1.62913e-23
1.55655e-23
1.48714e-23
1.42075e-23
1.35726e-23
1.29654e-23
1.23848e-23
1.18297e-23
1.12989e-23
1.07915e-23
1.03064e-23
9.84259e-24
9.39928e-24
8.97554e-24
8.57054e-24
8.18345e-24
7.81352e-24
7.45999e-24
7.12216e-24
6.79935e-24
6.4909e-24
6.1962e-24
5.91464e-24
5.64565e-24
5.38867e-24
5.1432e-24
4.90871e-24
4.68474e-24
4.47082e-24
4.2665e-24
4.07137e-24
3.88502e-24
3.70706e-24
3.53712e-24
3.37485e-24
3.21991e-24
3.07197e-24
2.93073e-24
2.79588e-24
2.66715e-24
2.54425e-24
2.42693e-24
2.31494e-24
2.20805e-24
2.10601e-24
2.00863e-24
1.91569e-24
1.82698e-24
1.74233e-24
1.66154e-24
1.58445e-24
1.51088e-24
1.44068e-24
1.3737e-24
1.3098e-24
1.24882e-24
1.19065e-24
1.13515e-24
1.0822e-24
1.03169e-24
9.83506e-25
9.37543e-25
8.93701e-25
8.51882e-25
8.11994e-25
7.7395e-25
7.37666e-25
7.03061e-25
6.70059e-25
6.38586e-25
6.08573e-25
5.79953e-25
5.52661e-25
5.26638e-25
5.01825e-25
4.78166e-25
4.55609e-25
4.34102e-25
4.13598e-25
3.9405e-25
3.75415e-25
3.5765e-25
3.40716e-25
3.24573e-25
3.09185e-25
2.94518e-25
2.80538e-25
2.67214e-25
2.54514e-25
2.42411e-25
2.30876e-25
2.19883e-25
2.09407e-25
1.99424e-25
1.89911e-25
1.80846e-25
1.72208e-25
1.63978e-25
1.56136e-25
1.48664e-25
1.41546e-25
1.34764e-25
1.28303e-25
1.22148e-25
1.16284e-25
1.10699e-25
1.05378e-25
1.0031e-25
9.54824e-26
9.08842e-26
8.65047e-26
8.23335e-26
7.8361e-26
7.45776e-26
7.09746e-26
6.75434e-26
6.4276e-26
6.11647e-26
5.8202e-26
5.5381e-26
5.26949e-26
5.01375e-26
4.77026e-26
4.53844e-26
4.31775e-26
4.10765e-26
3.90764e-26
3.71725e-26
3.53602e-26
3.36351e-26
3.19931e-26
3.04302e-26
2.89427e-26
2.75271e-26
2.61798e-26
2.48976e-26
2.36775e-26
2.25164e-26
2.14116e-26
2.03604e-26
1.93601e-26
1.84085e-26
1.7503e-26
1.66416e-26
1.58222e-26
1.50427e-26
1.43011e-26
1.35958e-26
1.29249e-26
1.22868e-26
1.16799e-26
1.11028e-26
1.0554e-26
1.00321e-26
9.53579e-27
9.06394e-27
8.61533e-27
8.18883e-27
7.78339e-27
7.39798e-27
7.03165e-27
6.68348e-27
6.35259e-27
6.03816e-27
5.73938e-27
5.45551e-27
5.18583e-27
4.92966e-27
4.68635e-27
4.45528e-27
4.23586e-27
4.02754e-27
3.82978e-27
3.64209e-27
3.46398e-27
3.29499e-27
3.1347e-27
2.98268e-27
2.83856e-27
2.70195e-27
2.57251e-27
2.4499e-27
2.3338e-27
2.22392e-27
2.11996e-27
2.02166e-27
1.92876e-27
1.84102e-27
1.75821e-27
1.68011e-27
1.60652e-27
1.53724e-27
1.4721e-27
1.41091e-27
1.35353e-27
1.29978e-27
1.24955e-27
1.20268e-27
1.15905e-27
1.11856e-27
1.08108e-27
1.04652e-27
1.01479e-27
9.85791e-28
9.59455e-28
9.35706e-28
9.1448e-28
8.9575e-28
8.79524e-28
8.65776e-28
8.54465e-28
8.45593e-28
8.39125e-28
8.35031e-28
8.33286e-28
8.33871e-28
8.36775e-28
8.41991e-28
8.49519e-28
8.59364e-28
8.7154e-28
8.86063e-28
