2
2e+17
5e+18
49.9998
1.99997
8387.66
3.03662e-19
3.03649e-19
3.03553e-19
3.034e-19
3.03187e-19
3.02914e-19
3.02581e-19
3.02189e-19
3.01736e-19
3.01224e-19
3.00653e-19
3.00024e-19
2.99335e-19
2.98589e-19
2.97785e-19
2.96924e-19
2.96007e-19
2.95033e-19
2.94004e-19
2.9292e-19
2.91782e-19
2.9059e-19
2.89346e-19
2.88049e-19
2.867e-19
2.85301e-19
2.83853e-19
2.82355e-19
2.80809e-19
2.79216e-19
2.77576e-19
2.75891e-19
2.74161e-19
2.72388e-19
2.70572e-19
2.68715e-19
2.66817e-19
2.6488e-19
2.62905e-19
2.60892e-19
2.58842e-19
2.56758e-19
2.54639e-19
2.52488e-19
2.50305e-19
2.48091e-19
2.45847e-19
2.43576e-19
2.41277e-19
2.38952e-19
2.36602e-19
2.34229e-19
2.31833e-19
2.29416e-19
2.26978e-19
2.24522e-19
2.22048e-19
2.19558e-19
2.17052e-19
2.14531e-19
2.11998e-19
2.09453e-19
2.06897e-19
2.04332e-19
2.01758e-19
1.99176e-19
1.96589e-19
1.93996e-19
1.91399e-19
1.888e-19
1.86198e-19
1.83596e-19
1.80994e-19
1.78393e-19
1.75794e-19
1.73199e-19
1.70608e-19
1.68022e-19
1.65443e-19
1.6287e-19
1.60306e-19
1.5775e-19
1.55204e-19
1.52669e-19
1.50145e-19
1.47633e-19
1.45134e-19
1.4265e-19
1.40179e-19
1.37724e-19
1.35285e-19
1.32863e-19
1.30458e-19
1.28071e-19
1.25703e-19
1.23353e-19
1.21024e-19
1.18715e-19
1.16426e-19
1.14159e-19
1.11914e-19
1.09691e-19
1.0749e-19
1.05313e-19
1.03159e-19
1.01029e-19
9.89237e-20
9.68426e-20
9.47863e-20
9.27552e-20
9.07495e-20
8.87694e-20
8.68152e-20
8.4887e-20
8.29852e-20
8.11097e-20
7.92608e-20
7.74385e-20
7.56431e-20
7.38745e-20
7.21329e-20
7.04183e-20
6.87307e-20
6.70701e-20
6.54366e-20
6.38302e-20
6.22507e-20
6.06982e-20
5.91726e-20
5.76738e-20
5.62018e-20
5.47564e-20
5.33375e-20
5.1945e-20
5.05788e-20
4.92386e-20
4.79244e-20
4.6636e-20
4.53731e-20
4.41356e-20
4.29233e-20
4.17359e-20
4.05733e-20
3.94352e-20
3.83214e-20
3.72315e-20
3.61655e-20
3.51229e-20
3.41036e-20
3.31073e-20
3.21336e-20
3.11823e-20
3.02532e-20
2.93459e-20
2.84601e-20
2.75955e-20
2.67518e-20
2.59288e-20
2.5126e-20
2.43432e-20
2.35801e-20
2.28364e-20
2.21116e-20
2.14056e-20
2.0718e-20
2.00485e-20
1.93967e-20
1.87624e-20
1.81452e-20
1.75448e-20
1.69608e-20
1.6393e-20
1.5841e-20
1.53046e-20
1.47833e-20
1.4277e-20
1.37852e-20
1.33077e-20
1.28442e-20
1.23943e-20
1.19578e-20
1.15343e-20
1.11236e-20
1.07254e-20
1.03393e-20
9.96519e-21
9.60265e-21
9.25144e-21
8.91129e-21
8.58191e-21
8.26305e-21
7.95443e-21
7.6558e-21
7.36689e-21
7.08746e-21
6.81725e-21
6.55602e-21
6.30353e-21
6.05954e-21
5.82381e-21
5.59613e-21
5.37626e-21
5.16397e-21
4.95907e-21
4.76133e-21
4.57055e-21
4.38652e-21
4.20904e-21
4.03792e-21
3.87297e-21
3.714e-21
3.56083e-21
3.41327e-21
3.27116e-21
3.13433e-21
3.0026e-21
2.87581e-21
2.75381e-21
2.63644e-21
2.52355e-21
2.415e-21
2.31063e-21
2.21032e-21
2.11391e-21
2.02129e-21
1.93232e-21
1.84688e-21
1.76485e-21
1.6861e-21
1.61052e-21
1.53801e-21
1.46844e-21
1.40172e-21
1.33774e-21
1.27641e-21
1.21762e-21
1.16129e-21
1.10732e-21
1.05562e-21
1.00612e-21
9.5872e-22
9.1335e-22
8.69929e-22
8.28384e-22
7.88643e-22
7.50636e-22
7.14296e-22
6.79558e-22
6.46359e-22
6.14637e-22
5.84335e-22
5.55394e-22
5.27761e-22
5.01382e-22
4.76206e-22
4.52184e-22
4.29268e-22
4.07411e-22
3.86571e-22
3.66704e-22
3.47769e-22
3.29728e-22
3.12541e-22
2.96172e-22
2.80587e-22
2.6575e-22
2.51631e-22
2.38198e-22
2.2542e-22
2.1327e-22
2.01719e-22
1.90742e-22
1.80312e-22
1.70404e-22
1.60996e-22
1.52064e-22
1.43586e-22
1.35542e-22
1.27912e-22
1.20675e-22
1.13815e-22
1.07312e-22
1.0115e-22
9.53129e-23
8.97855e-23
8.4553e-23
7.96013e-23
7.49169e-23
7.04867e-23
6.62984e-23
6.23399e-23
5.86e-23
5.50678e-23
5.17326e-23
4.85847e-23
4.56144e-23
4.28127e-23
4.01707e-23
3.76803e-23
3.53335e-23
3.31227e-23
3.10408e-23
2.90808e-23
2.72362e-23
2.55007e-23
2.38686e-23
2.2334e-23
2.08916e-23
1.95364e-23
1.82635e-23
1.70683e-23
1.59463e-23
1.48935e-23
1.3906e-23
1.29799e-23
1.21117e-23
1.12981e-23
1.05359e-23
9.82203e-24
9.15373e-24
8.52825e-24
7.94305e-24
7.3957e-24
6.88394e-24
6.4056e-24
5.95865e-24
5.54116e-24
5.15132e-24
4.78742e-24
4.44785e-24
4.13108e-24
3.83567e-24
3.56028e-24
3.30364e-24
3.06455e-24
2.84188e-24
2.63457e-24
2.44162e-24
2.26211e-24
2.09514e-24
1.9399e-24
1.7956e-24
1.66152e-24
1.53698e-24
1.42134e-24
1.31399e-24
1.21438e-24
1.12197e-24
1.03628e-24
9.56841e-25
8.83219e-25
8.15014e-25
7.51846e-25
6.93363e-25
6.39236e-25
5.89155e-25
5.42834e-25
5.00004e-25
4.60415e-25
4.23834e-25
3.90043e-25
3.58838e-25
3.30032e-25
3.03449e-25
2.78925e-25
2.56307e-25
2.35455e-25
2.16235e-25
1.98527e-25
1.82217e-25
1.67198e-25
1.53373e-25
1.40652e-25
1.28948e-25
1.18186e-25
1.08291e-25
9.91966e-26
9.08409e-26
8.31661e-26
7.61188e-26
6.96496e-26
6.3713e-26
5.82667e-26
5.32717e-26
4.8692e-26
4.44943e-26
4.06478e-26
3.71242e-26
3.38973e-26
3.0943e-26
2.8239e-26
2.57649e-26
2.35016e-26
2.14319e-26
1.95396e-26
1.78102e-26
1.62299e-26
1.47863e-26
1.34679e-26
1.22642e-26
1.11656e-26
1.0163e-26
9.24838e-27
8.41419e-27
7.65356e-27
6.96017e-27
6.32824e-27
5.75247e-27
5.22798e-27
4.75033e-27
4.31544e-27
3.91957e-27
3.5593e-27
3.23152e-27
2.93336e-27
2.66219e-27
2.41564e-27
2.19152e-27
1.98782e-27
1.80273e-27
1.63458e-27
1.48185e-27
1.34317e-27
1.21726e-27
1.10297e-27
9.9925e-28
9.05147e-28
8.19784e-28
7.42364e-28
6.72161e-28
6.08516e-28
5.5083e-28
4.98558e-28
4.512e-28
4.08303e-28
3.69454e-28
3.34278e-28
3.02433e-28
2.73612e-28
2.47538e-28
2.23958e-28
2.0264e-28
1.83372e-28
1.65963e-28
1.50238e-28
1.3604e-28
1.23225e-28
1.11664e-28
1.0124e-28
9.18449e-29
8.33831e-29
7.57669e-29
6.89171e-29
6.2762e-29
5.72368e-29
5.22829e-29
4.78472e-29
4.38817e-29
4.03433e-29
3.71926e-29
3.43946e-29
3.19173e-29
2.97321e-29
2.78131e-29
2.61371e-29
2.46832e-29
2.34326e-29
2.23684e-29
2.14757e-29
2.07409e-29
2.0152e-29
1.96982e-29
1.93701e-29
1.91593e-29
1.90582e-29
1.90604e-29
1.91602e-29
1.93526e-29
1.96334e-29
1.9999e-29
2.04464e-29
2.0973e-29
2.15769e-29
2.22564e-29
2.30106e-29
2.38386e-29
2.47401e-29
2.57151e-29
2.67639e-29
2.78871e-29
2.90856e-29
3.03606e-29
3.17134e-29
3.31459e-29
3.46599e-29
3.62577e-29
3.79416e-29
3.97143e-29
4.15786e-29
4.35376e-29
4.55948e-29
