2
5e+16
1e+18
49.9999
1.99999
8387.66
3.03887e-19
3.03874e-19
3.03778e-19
3.03625e-19
3.03412e-19
3.03138e-19
3.02805e-19
3.02412e-19
3.01959e-19
3.01446e-19
3.00875e-19
3.00244e-19
2.99555e-19
2.98808e-19
2.98003e-19
2.97141e-19
2.96222e-19
2.95247e-19
2.94217e-19
2.93131e-19
2.91992e-19
2.90798e-19
2.89552e-19
2.88253e-19
2.86903e-19
2.85502e-19
2.84052e-19
2.82552e-19
2.81004e-19
2.79409e-19
2.77767e-19
2.7608e-19
2.74348e-19
2.72572e-19
2.70754e-19
2.68895e-19
2.66994e-19
2.65055e-19
2.63077e-19
2.61061e-19
2.59009e-19
2.56922e-19
2.54801e-19
2.52647e-19
2.50461e-19
2.48244e-19
2.45998e-19
2.43724e-19
2.41422e-19
2.39094e-19
2.36741e-19
2.34365e-19
2.31966e-19
2.29546e-19
2.27106e-19
2.24647e-19
2.2217e-19
2.19677e-19
2.17168e-19
2.14645e-19
2.12109e-19
2.09561e-19
2.07002e-19
2.04433e-19
2.01856e-19
1.99272e-19
1.96682e-19
1.94086e-19
1.91487e-19
1.88884e-19
1.8628e-19
1.83675e-19
1.8107e-19
1.78467e-19
1.75866e-19
1.73268e-19
1.70674e-19
1.68086e-19
1.65503e-19
1.62928e-19
1.60361e-19
1.57803e-19
1.55255e-19
1.52717e-19
1.50191e-19
1.47677e-19
1.45176e-19
1.42689e-19
1.40217e-19
1.37759e-19
1.35318e-19
1.32894e-19
1.30487e-19
1.28098e-19
1.25728e-19
1.23376e-19
1.21045e-19
1.18734e-19
1.16444e-19
1.14175e-19
1.11928e-19
1.09703e-19
1.07501e-19
1.05322e-19
1.03167e-19
1.01036e-19
9.89288e-20
9.68463e-20
9.47887e-20
9.27564e-20
9.07494e-20
8.87681e-20
8.68128e-20
8.48836e-20
8.29806e-20
8.11041e-20
7.92542e-20
7.74311e-20
7.56347e-20
7.38653e-20
7.21229e-20
7.04075e-20
6.87191e-20
6.70579e-20
6.54237e-20
6.38166e-20
6.22366e-20
6.06835e-20
5.91574e-20
5.76582e-20
5.61857e-20
5.47398e-20
5.33206e-20
5.19277e-20
5.05611e-20
4.92207e-20
4.79062e-20
4.66175e-20
4.53544e-20
4.41167e-20
4.29043e-20
4.17168e-20
4.0554e-20
3.94158e-20
3.83019e-20
3.7212e-20
3.6146e-20
3.51034e-20
3.40841e-20
3.30878e-20
3.21142e-20
3.1163e-20
3.02339e-20
2.93267e-20
2.8441e-20
2.75765e-20
2.6733e-20
2.59101e-20
2.51075e-20
2.43249e-20
2.3562e-20
2.28184e-20
2.20939e-20
2.13881e-20
2.07008e-20
2.00315e-20
1.93799e-20
1.87459e-20
1.81289e-20
1.75287e-20
1.6945e-20
1.63775e-20
1.58258e-20
1.52896e-20
1.47687e-20
1.42626e-20
1.37711e-20
1.32939e-20
1.28307e-20
1.23811e-20
1.19449e-20
1.15217e-20
1.11113e-20
1.07134e-20
1.03277e-20
9.95384e-21
9.5916e-21
9.24069e-21
8.90083e-21
8.57175e-21
8.25318e-21
7.94486e-21
7.64652e-21
7.3579e-21
7.07876e-21
6.80884e-21
6.54789e-21
6.29568e-21
6.05196e-21
5.81651e-21
5.58909e-21
5.36949e-21
5.15747e-21
4.95282e-21
4.75534e-21
4.56481e-21
4.38103e-21
4.20379e-21
4.03291e-21
3.8682e-21
3.70946e-21
3.55651e-21
3.40918e-21
3.26728e-21
3.13066e-21
2.99914e-21
2.87256e-21
2.75076e-21
2.63359e-21
2.52089e-21
2.41252e-21
2.30834e-21
2.2082e-21
2.11197e-21
2.01952e-21
1.93072e-21
1.84544e-21
1.76356e-21
1.68496e-21
1.60953e-21
1.53716e-21
1.46774e-21
1.40115e-21
1.33731e-21
1.2761e-21
1.21744e-21
1.16123e-21
1.10738e-21
1.0558e-21
1.0064e-21
9.5911e-22
9.13842e-22
8.70521e-22
8.29073e-22
7.89424e-22
7.51506e-22
7.15252e-22
6.80595e-22
6.47474e-22
6.15826e-22
5.85595e-22
5.56721e-22
5.29152e-22
5.02833e-22
4.77714e-22
4.53745e-22
4.30878e-22
4.09069e-22
3.88272e-22
3.68445e-22
3.49548e-22
3.31541e-22
3.14385e-22
2.98045e-22
2.82485e-22
2.67672e-22
2.53572e-22
2.40156e-22
2.27393e-22
2.15255e-22
2.03713e-22
1.92742e-22
1.82315e-22
1.72409e-22
1.62999e-22
1.54064e-22
1.4558e-22
1.37529e-22
1.29888e-22
1.2264e-22
1.15765e-22
1.09247e-22
1.03068e-22
9.72117e-23
9.16638e-23
8.64094e-23
8.14343e-23
7.67251e-23
7.22688e-23
6.80531e-23
6.40662e-23
6.02968e-23
5.6734e-23
5.33676e-23
5.01875e-23
4.71843e-23
4.43491e-23
4.16732e-23
3.91484e-23
3.67668e-23
3.4521e-23
3.24038e-23
3.04084e-23
2.85284e-23
2.67576e-23
2.50902e-23
2.35205e-23
2.20432e-23
2.06534e-23
1.93461e-23
1.81169e-23
1.69613e-23
1.58754e-23
1.48552e-23
1.38969e-23
1.29971e-23
1.21525e-23
1.13598e-23
1.06162e-23
9.91865e-24
9.26462e-24
8.65153e-24
8.07697e-24
7.53868e-24
7.03449e-24
6.56239e-24
6.12044e-24
5.70684e-24
5.31988e-24
4.95793e-24
4.61947e-24
4.30306e-24
4.00735e-24
3.73106e-24
3.47298e-24
3.23196e-24
3.00696e-24
2.79695e-24
2.60099e-24
2.41819e-24
2.2477e-24
2.08875e-24
1.94058e-24
1.8025e-24
1.67387e-24
1.55405e-24
1.44248e-24
1.33862e-24
1.24195e-24
1.15201e-24
1.06834e-24
9.90525e-25
9.18175e-25
8.50921e-25
7.88422e-25
7.30353e-25
6.76414e-25
6.26324e-25
5.79819e-25
5.36652e-25
4.96594e-25
4.59429e-25
4.24956e-25
3.92987e-25
3.63349e-25
3.35876e-25
3.10416e-25
2.86828e-25
2.64979e-25
2.44744e-25
2.26009e-25
2.08667e-25
1.92617e-25
1.77766e-25
1.64028e-25
1.51322e-25
1.39573e-25
1.28711e-25
1.18671e-25
1.09394e-25
1.00822e-25
9.29047e-26
8.55926e-26
7.8841e-26
7.26083e-26
6.68557e-26
6.15474e-26
5.665e-26
5.21325e-26
4.79664e-26
4.41251e-26
4.05839e-26
3.732e-26
3.43123e-26
3.15413e-26
2.89887e-26
2.66379e-26
2.44733e-26
2.24804e-26
2.06461e-26
1.89581e-26
1.74049e-26
1.59761e-26
1.4662e-26
1.34535e-26
1.23424e-26
1.13211e-26
1.03824e-26
9.51979e-27
8.72732e-27
7.99939e-27
7.33087e-27
6.71702e-27
6.15347e-27
5.63619e-27
5.16148e-27
4.7259e-27
4.32631e-27
3.9598e-27
3.62369e-27
3.31552e-27
3.033e-27
2.77407e-27
2.53678e-27
2.31938e-27
2.12023e-27
1.93783e-27
1.77081e-27
1.61789e-27
1.47792e-27
1.34981e-27
1.23258e-27
1.12534e-27
1.02725e-27
9.37534e-28
8.55505e-28
7.80514e-28
7.11969e-28
6.49328e-28
5.92095e-28
5.39816e-28
4.92071e-28
4.48474e-28
4.08674e-28
3.72347e-28
3.39197e-28
3.08952e-28
2.81364e-28
2.56204e-28
2.33265e-28
2.12355e-28
1.933e-28
1.7594e-28
1.60128e-28
1.45731e-28
1.32626e-28
1.20702e-28
1.09855e-28
9.99943e-29
9.1033e-29
8.28937e-29
7.55054e-29
6.88034e-29
6.27287e-29
5.72276e-29
5.2251e-29
4.77545e-29
4.36977e-29
4.00436e-29
3.67591e-29
3.38138e-29
3.11804e-29
2.88341e-29
2.67528e-29
2.49163e-29
2.33065e-29
2.19075e-29
2.07047e-29
1.96855e-29
1.88386e-29
1.8154e-29
1.76232e-29
1.72388e-29
1.69944e-29
1.68847e-29
1.69055e-29
1.70535e-29
1.73259e-29
1.77213e-29
1.82386e-29
1.88777e-29
1.96391e-29
2.05239e-29
2.15342e-29
2.26723e-29
2.39414e-29
2.53452e-29
2.68882e-29
2.85752e-29
3.04118e-29
3.24041e-29
