5
2e+17
5e+17
49.9996
4.99994
13262.1
7.64109e-20
7.64068e-20
7.6381e-20
7.63406e-20
7.62853e-20
7.6215e-20
7.61298e-20
7.60296e-20
7.59145e-20
7.57846e-20
7.56399e-20
7.54806e-20
7.53067e-20
7.51184e-20
7.49157e-20
7.46987e-20
7.44677e-20
7.42227e-20
7.39638e-20
7.36912e-20
7.34052e-20
7.31057e-20
7.27931e-20
7.24675e-20
7.2129e-20
7.17779e-20
7.14144e-20
7.10386e-20
7.06509e-20
7.02513e-20
6.98402e-20
6.94178e-20
6.89842e-20
6.85398e-20
6.80848e-20
6.76194e-20
6.71438e-20
6.66585e-20
6.61635e-20
6.56592e-20
6.51459e-20
6.46237e-20
6.40931e-20
6.35542e-20
6.30074e-20
6.2453e-20
6.18911e-20
6.13222e-20
6.07464e-20
6.01642e-20
5.95757e-20
5.89814e-20
5.83813e-20
5.7776e-20
5.71656e-20
5.65504e-20
5.59308e-20
5.53071e-20
5.46794e-20
5.40482e-20
5.34137e-20
5.27762e-20
5.21359e-20
5.14933e-20
5.08484e-20
5.02017e-20
4.95535e-20
4.89039e-20
4.82532e-20
4.76018e-20
4.69499e-20
4.62977e-20
4.56456e-20
4.49937e-20
4.43424e-20
4.36918e-20
4.30422e-20
4.23939e-20
4.17471e-20
4.1102e-20
4.04589e-20
3.98179e-20
3.91793e-20
3.85433e-20
3.79102e-20
3.728e-20
3.66531e-20
3.60295e-20
3.54095e-20
3.47933e-20
3.41811e-20
3.35729e-20
3.29691e-20
3.23697e-20
3.17748e-20
3.11848e-20
3.05996e-20
3.00194e-20
2.94444e-20
2.88746e-20
2.83103e-20
2.77515e-20
2.71983e-20
2.66509e-20
2.61092e-20
2.55735e-20
2.50439e-20
2.45203e-20
2.40029e-20
2.34917e-20
2.29869e-20
2.24884e-20
2.19963e-20
2.15108e-20
2.10317e-20
2.05593e-20
2.00934e-20
1.96342e-20
1.91817e-20
1.87359e-20
1.82967e-20
1.78643e-20
1.74387e-20
1.70198e-20
1.66076e-20
1.62021e-20
1.58034e-20
1.54115e-20
1.50262e-20
1.46476e-20
1.42758e-20
1.39105e-20
1.35519e-20
1.31999e-20
1.28544e-20
1.25155e-20
1.2183e-20
1.1857e-20
1.15374e-20
1.12241e-20
1.09172e-20
1.06164e-20
1.03219e-20
1.00335e-20
9.75122e-21
9.47492e-21
9.20458e-21
8.94013e-21
8.68151e-21
8.42865e-21
8.18147e-21
7.93991e-21
7.70391e-21
7.47338e-21
7.24825e-21
7.02846e-21
6.81392e-21
6.60456e-21
6.4003e-21
6.20108e-21
6.0068e-21
5.81739e-21
5.63278e-21
5.45289e-21
5.27763e-21
5.10693e-21
4.94071e-21
4.77888e-21
4.62138e-21
4.46812e-21
4.31903e-21
4.17402e-21
4.03302e-21
3.89596e-21
3.76275e-21
3.63331e-21
3.50758e-21
3.38547e-21
3.2669e-21
3.15181e-21
3.04012e-21
2.93176e-21
2.82664e-21
2.72471e-21
2.62589e-21
2.53011e-21
2.4373e-21
2.34739e-21
2.2603e-21
2.17598e-21
2.09436e-21
2.01536e-21
1.93892e-21
1.86499e-21
1.79348e-21
1.72435e-21
1.65752e-21
1.59294e-21
1.53055e-21
1.47028e-21
1.41208e-21
1.3559e-21
1.30166e-21
1.24933e-21
1.19885e-21
1.15015e-21
1.1032e-21
1.05794e-21
1.01431e-21
9.72275e-22
9.31779e-22
8.92778e-22
8.55225e-22
8.19075e-22
7.84284e-22
7.50809e-22
7.18607e-22
6.87639e-22
6.57863e-22
6.29241e-22
6.01735e-22
5.75306e-22
5.4992e-22
5.25541e-22
5.02135e-22
4.79668e-22
4.58107e-22
4.37421e-22
4.17579e-22
3.98552e-22
3.8031e-22
3.62824e-22
3.46068e-22
3.30015e-22
3.14639e-22
2.99915e-22
2.85819e-22
2.72326e-22
2.59415e-22
2.47063e-22
2.35248e-22
2.23951e-22
2.13151e-22
2.02827e-22
1.92963e-22
1.83539e-22
1.74538e-22
1.65943e-22
1.57738e-22
1.49906e-22
1.42433e-22
1.35303e-22
1.28503e-22
1.22019e-22
1.15838e-22
1.09946e-22
1.04332e-22
9.89834e-23
9.38893e-23
8.90385e-23
8.44205e-23
8.00251e-23
7.58426e-23
7.18636e-23
6.80791e-23
6.44803e-23
6.10589e-23
5.7807e-23
5.47169e-23
5.17811e-23
4.89927e-23
4.63448e-23
4.38308e-23
4.14447e-23
3.91803e-23
3.7032e-23
3.49943e-23
3.30619e-23
3.12297e-23
2.94931e-23
2.78473e-23
2.6288e-23
2.48109e-23
2.34121e-23
2.20876e-23
2.08339e-23
1.96473e-23
1.85246e-23
1.74625e-23
1.6458e-23
1.55082e-23
1.46103e-23
1.37616e-23
1.29596e-23
1.2202e-23
1.14863e-23
1.08105e-23
1.01725e-23
9.57023e-24
9.00186e-24
8.4656e-24
7.95973e-24
7.48263e-24
7.03277e-24
6.60868e-24
6.20896e-24
5.8323e-24
5.47745e-24
5.1432e-24
4.82843e-24
4.53207e-24
4.25309e-24
3.99053e-24
3.74348e-24
3.51106e-24
3.29246e-24
3.0869e-24
2.89363e-24
2.71197e-24
2.54124e-24
2.38082e-24
2.23012e-24
2.08858e-24
1.95566e-24
1.83088e-24
1.71374e-24
1.60381e-24
1.50067e-24
1.40391e-24
1.31315e-24
1.22804e-24
1.14824e-24
1.07344e-24
1.00334e-24
9.37652e-25
8.76111e-25
8.18467e-25
7.64482e-25
7.13935e-25
6.66616e-25
6.22326e-25
5.80879e-25
5.421e-25
5.05823e-25
4.71895e-25
4.40167e-25
4.10504e-25
3.82775e-25
3.5686e-25
3.32643e-25
3.10018e-25
2.88884e-25
2.69146e-25
2.50715e-25
2.33508e-25
2.17446e-25
2.02455e-25
1.88467e-25
1.75417e-25
1.63244e-25
1.51891e-25
1.41304e-25
1.31434e-25
1.22233e-25
1.13659e-25
1.05668e-25
9.82238e-26
9.12891e-26
8.48304e-26
7.88159e-26
7.32161e-26
6.80033e-26
6.31514e-26
5.86364e-26
5.44354e-26
5.05274e-26
4.68924e-26
4.3512e-26
4.03688e-26
3.74467e-26
3.47306e-26
3.22064e-26
2.98608e-26
2.76817e-26
2.56575e-26
2.37775e-26
2.20318e-26
2.04109e-26
1.89063e-26
1.75099e-26
1.62139e-26
1.50115e-26
1.38961e-26
1.28614e-26
1.19019e-26
1.10123e-26
1.01875e-26
9.42291e-27
8.71435e-27
8.05778e-27
7.44949e-27
6.886e-27
6.36412e-27
5.88085e-27
5.4334e-27
5.01919e-27
4.63581e-27
4.28102e-27
3.95276e-27
3.64907e-27
3.36818e-27
3.10841e-27
2.86821e-27
2.64615e-27
2.44089e-27
2.25119e-27
2.0759e-27
1.91395e-27
1.76436e-27
1.6262e-27
1.49862e-27
1.38083e-27
1.27211e-27
1.17175e-27
1.07915e-27
9.93717e-28
9.14905e-28
8.42217e-28
7.75188e-28
7.13389e-28
6.56422e-28
6.03918e-28
5.55537e-28
5.10964e-28
4.69906e-28
4.32093e-28
3.97276e-28
3.65223e-28
3.35721e-28
3.08574e-28
2.83597e-28
2.60623e-28
2.39497e-28
2.20073e-28
2.0222e-28
1.85815e-28
1.70745e-28
1.56904e-28
1.44198e-28
1.32536e-28
1.21838e-28
1.12027e-28
1.03033e-28
9.4794e-29
8.72493e-29
8.03448e-29
7.40306e-29
6.82606e-29
6.29924e-29
5.81872e-29
5.38092e-29
4.98255e-29
4.62063e-29
4.29237e-29
3.99525e-29
3.72697e-29
3.48541e-29
3.26864e-29
3.07489e-29
2.90253e-29
2.75018e-29
2.61666e-29
2.50092e-29
2.40191e-29
2.31872e-29
2.25052e-29
2.19653e-29
2.15618e-29
2.12893e-29
2.11421e-29
2.11154e-29
2.1205e-29
2.14072e-29
2.17193e-29
2.2139e-29
2.26645e-29
2.32948e-29
2.4029e-29
2.4867e-29
2.58092e-29
2.68562e-29
2.80091e-29
2.92697e-29
3.06397e-29
3.21217e-29
3.37183e-29
3.54326e-29
3.72683e-29
3.92291e-29
4.13192e-29
4.35433e-29
