5
5e+16
5e+17
50
4.99996
13262.1
7.52372e-20
7.52313e-20
7.52007e-20
7.51558e-20
7.50966e-20
7.50229e-20
7.49347e-20
7.48323e-20
7.47155e-20
7.45844e-20
7.44392e-20
7.42799e-20
7.41067e-20
7.39195e-20
7.37186e-20
7.35041e-20
7.3276e-20
7.30345e-20
7.27797e-20
7.25118e-20
7.2231e-20
7.19373e-20
7.1631e-20
7.13121e-20
7.0981e-20
7.06378e-20
7.02826e-20
6.99157e-20
6.95372e-20
6.91474e-20
6.87466e-20
6.83348e-20
6.79123e-20
6.74794e-20
6.70363e-20
6.65833e-20
6.61205e-20
6.56482e-20
6.51667e-20
6.46762e-20
6.4177e-20
6.36693e-20
6.31534e-20
6.26296e-20
6.20981e-20
6.15592e-20
6.10132e-20
6.04603e-20
5.99009e-20
5.93351e-20
5.87633e-20
5.81858e-20
5.76028e-20
5.70146e-20
5.64214e-20
5.58237e-20
5.52216e-20
5.46154e-20
5.40054e-20
5.33919e-20
5.27751e-20
5.21553e-20
5.15329e-20
5.0908e-20
5.0281e-20
4.96521e-20
4.90215e-20
4.83896e-20
4.77565e-20
4.71226e-20
4.64882e-20
4.58533e-20
4.52184e-20
4.45836e-20
4.39493e-20
4.33155e-20
4.26826e-20
4.20508e-20
4.14203e-20
4.07914e-20
4.01642e-20
3.9539e-20
3.89159e-20
3.82953e-20
3.76772e-20
3.70619e-20
3.64495e-20
3.58403e-20
3.52345e-20
3.46321e-20
3.40334e-20
3.34386e-20
3.28478e-20
3.22611e-20
3.16787e-20
3.11008e-20
3.05275e-20
2.99589e-20
2.93952e-20
2.88364e-20
2.82828e-20
2.77343e-20
2.71912e-20
2.66535e-20
2.61213e-20
2.55947e-20
2.50738e-20
2.45588e-20
2.40495e-20
2.35462e-20
2.3049e-20
2.25577e-20
2.20727e-20
2.15937e-20
2.1121e-20
2.06546e-20
2.01945e-20
1.97408e-20
1.92934e-20
1.88524e-20
1.84178e-20
1.79897e-20
1.7568e-20
1.71528e-20
1.67441e-20
1.63418e-20
1.5946e-20
1.55567e-20
1.51738e-20
1.47974e-20
1.44274e-20
1.40638e-20
1.37066e-20
1.33557e-20
1.30112e-20
1.2673e-20
1.2341e-20
1.20153e-20
1.16958e-20
1.13824e-20
1.10751e-20
1.07739e-20
1.04787e-20
1.01894e-20
9.90602e-21
9.62851e-21
9.35678e-21
9.09079e-21
8.83047e-21
8.57576e-21
8.32659e-21
8.08291e-21
7.84465e-21
7.61174e-21
7.38411e-21
7.1617e-21
6.94444e-21
6.73226e-21
6.5251e-21
6.32287e-21
6.12552e-21
5.93297e-21
5.74515e-21
5.56198e-21
5.38339e-21
5.2093e-21
5.03966e-21
4.87438e-21
4.71339e-21
4.55661e-21
4.40399e-21
4.25545e-21
4.11092e-21
3.97033e-21
3.8336e-21
3.70067e-21
3.57146e-21
3.44591e-21
3.32393e-21
3.20547e-21
3.09045e-21
2.97882e-21
2.87049e-21
2.76541e-21
2.66352e-21
2.56473e-21
2.46899e-21
2.37624e-21
2.2864e-21
2.19941e-21
2.1152e-21
2.03371e-21
1.95487e-21
1.87862e-21
1.8049e-21
1.73364e-21
1.66478e-21
1.59825e-21
1.53401e-21
1.47198e-21
1.41211e-21
1.35434e-21
1.29862e-21
1.24487e-21
1.19306e-21
1.14312e-21
1.095e-21
1.04864e-21
1.004e-21
9.61023e-22
9.19658e-22
8.79856e-22
8.41569e-22
8.04749e-22
7.69351e-22
7.35328e-22
7.02637e-22
6.71234e-22
6.41077e-22
6.12124e-22
5.84335e-22
5.57671e-22
5.32094e-22
5.07564e-22
4.84048e-22
4.61507e-22
4.39909e-22
4.1922e-22
3.99406e-22
3.80435e-22
3.62278e-22
3.44903e-22
3.28282e-22
3.12387e-22
2.97188e-22
2.82661e-22
2.6878e-22
2.55518e-22
2.42852e-22
2.30759e-22
2.19215e-22
2.08199e-22
1.9769e-22
1.87666e-22
1.78108e-22
1.68996e-22
1.60313e-22
1.5204e-22
1.4416e-22
1.36656e-22
1.29512e-22
1.22713e-22
1.16244e-22
1.1009e-22
1.04238e-22
9.86737e-23
9.33851e-23
8.83596e-23
8.35853e-23
7.90509e-23
7.47454e-23
7.06584e-23
6.67797e-23
6.30997e-23
5.9609e-23
5.62988e-23
5.31606e-23
5.01861e-23
4.73676e-23
4.46975e-23
4.21686e-23
3.97741e-23
3.75074e-23
3.53622e-23
3.33325e-23
3.14125e-23
2.95968e-23
2.78801e-23
2.62574e-23
2.47239e-23
2.32752e-23
2.19067e-23
2.06144e-23
1.93944e-23
1.82428e-23
1.71561e-23
1.61308e-23
1.51638e-23
1.42518e-23
1.33921e-23
1.25817e-23
1.1818e-23
1.10985e-23
1.04208e-23
9.78262e-24
9.18174e-24
8.61612e-24
8.08381e-24
7.58297e-24
7.11184e-24
6.66874e-24
6.2521e-24
5.86042e-24
5.49229e-24
5.14636e-24
4.82136e-24
4.51609e-24
4.2294e-24
3.96023e-24
3.70755e-24
3.4704e-24
3.24786e-24
3.03909e-24
2.84326e-24
2.65962e-24
2.48743e-24
2.32601e-24
2.17471e-24
2.03293e-24
1.9001e-24
1.77567e-24
1.65913e-24
1.55e-24
1.44783e-24
1.35219e-24
1.26268e-24
1.17892e-24
1.10056e-24
1.02726e-24
9.58699e-25
8.9459e-25
8.3465e-25
7.78618e-25
7.26248e-25
6.77308e-25
6.3158e-25
5.8886e-25
5.48958e-25
5.11692e-25
4.76894e-25
4.44405e-25
4.14076e-25
3.85769e-25
3.59352e-25
3.34702e-25
3.11705e-25
2.90252e-25
2.70244e-25
2.51584e-25
2.34185e-25
2.17964e-25
2.02842e-25
1.88748e-25
1.75613e-25
1.63373e-25
1.51969e-25
1.41345e-25
1.3145e-25
1.22233e-25
1.1365e-25
1.05659e-25
9.82182e-26
9.12918e-26
8.48447e-26
7.88445e-26
7.32609e-26
6.80654e-26
6.32317e-26
5.87351e-26
5.45526e-26
5.06626e-26
4.70451e-26
4.36814e-26
4.0554e-26
3.76466e-26
3.49441e-26
3.24322e-26
3.00978e-26
2.79286e-26
2.59131e-26
2.40406e-26
2.23011e-26
2.06853e-26
1.91847e-26
1.77911e-26
1.64971e-26
1.52956e-26
1.41802e-26
1.31448e-26
1.21837e-26
1.12917e-26
1.0464e-26
9.69594e-27
8.98334e-27
8.32225e-27
7.70901e-27
7.14022e-27
6.61271e-27
6.12354e-27
5.66996e-27
5.24943e-27
4.85958e-27
4.4982e-27
4.16326e-27
3.85286e-27
3.56522e-27
3.2987e-27
3.05178e-27
2.82305e-27
2.61117e-27
2.41495e-27
2.23322e-27
2.06495e-27
1.90915e-27
1.76492e-27
1.63141e-27
1.50783e-27
1.39346e-27
1.28763e-27
1.18971e-27
1.09911e-27
1.0153e-27
9.37785e-28
8.66092e-28
7.99794e-28
7.38491e-28
6.81815e-28
6.29421e-28
5.80992e-28
5.36233e-28
4.94871e-28
4.56653e-28
4.21343e-28
3.88725e-28
3.58597e-28
3.30773e-28
3.05079e-28
2.81356e-28
2.59454e-28
2.39238e-28
2.20579e-28
2.03361e-28
1.87474e-28
1.72817e-28
1.59297e-28
1.46828e-28
1.3533e-28
1.24729e-28
1.14957e-28
1.0595e-28
9.76512e-29
9.00051e-29
8.29623e-29
7.64767e-29
7.05056e-29
6.50096e-29
5.99525e-29
5.53006e-29
5.10229e-29
4.70908e-29
4.34779e-29
4.01598e-29
3.71141e-29
3.43201e-29
3.17588e-29
2.94124e-29
2.72649e-29
2.53014e-29
2.35082e-29
2.18724e-29
2.03831e-29
1.90309e-29
1.78073e-29
1.67039e-29
1.57129e-29
1.48274e-29
1.40405e-29
1.33473e-29
1.27427e-29
1.22216e-29
1.17791e-29
1.14111e-29
1.11137e-29
1.08837e-29
1.0718e-29
1.06143e-29
1.05702e-29
1.05839e-29
1.06541e-29
1.07794e-29
1.09589e-29
1.11922e-29
1.14788e-29
1.18187e-29
1.22121e-29
1.26594e-29
1.31612e-29
1.37186e-29
1.43327e-29
1.50048e-29
1.57366e-29
