5
1e+17
1e+18
49.9999
4.99992
13262.1
7.51773e-20
7.51713e-20
7.51406e-20
7.50956e-20
7.50362e-20
7.49624e-20
7.48742e-20
7.47717e-20
7.46549e-20
7.45238e-20
7.43787e-20
7.42195e-20
7.40463e-20
7.38593e-20
7.36585e-20
7.34441e-20
7.32163e-20
7.2975e-20
7.27205e-20
7.24529e-20
7.21723e-20
7.1879e-20
7.1573e-20
7.12545e-20
7.09238e-20
7.0581e-20
7.02263e-20
6.98598e-20
6.94819e-20
6.90926e-20
6.86923e-20
6.8281e-20
6.78592e-20
6.74269e-20
6.69844e-20
6.6532e-20
6.60698e-20
6.55982e-20
6.51174e-20
6.46276e-20
6.41291e-20
6.36222e-20
6.3107e-20
6.2584e-20
6.20532e-20
6.15151e-20
6.09699e-20
6.04178e-20
5.98592e-20
5.92942e-20
5.87233e-20
5.81465e-20
5.75644e-20
5.6977e-20
5.63847e-20
5.57878e-20
5.51866e-20
5.45812e-20
5.39721e-20
5.33595e-20
5.27436e-20
5.21247e-20
5.15031e-20
5.08791e-20
5.02529e-20
4.96249e-20
4.89952e-20
4.83641e-20
4.77319e-20
4.70989e-20
4.64653e-20
4.58313e-20
4.51972e-20
4.45633e-20
4.39297e-20
4.32968e-20
4.26647e-20
4.20337e-20
4.1404e-20
4.07758e-20
4.01494e-20
3.95249e-20
3.89026e-20
3.82827e-20
3.76653e-20
3.70508e-20
3.64391e-20
3.58306e-20
3.52254e-20
3.46238e-20
3.40257e-20
3.34316e-20
3.28414e-20
3.22553e-20
3.16735e-20
3.10962e-20
3.05235e-20
2.99554e-20
2.93922e-20
2.8834e-20
2.82809e-20
2.77329e-20
2.71903e-20
2.66531e-20
2.61213e-20
2.55952e-20
2.50748e-20
2.45601e-20
2.40513e-20
2.35484e-20
2.30514e-20
2.25606e-20
2.20758e-20
2.15972e-20
2.11249e-20
2.06587e-20
2.01989e-20
1.97454e-20
1.92983e-20
1.88575e-20
1.84232e-20
1.79953e-20
1.75738e-20
1.71588e-20
1.67502e-20
1.63481e-20
1.59525e-20
1.55633e-20
1.51805e-20
1.48042e-20
1.44343e-20
1.40708e-20
1.37137e-20
1.33629e-20
1.30184e-20
1.26803e-20
1.23484e-20
1.20227e-20
1.17031e-20
1.13898e-20
1.10825e-20
1.07812e-20
1.0486e-20
1.01967e-20
9.91329e-21
9.63572e-21
9.36395e-21
9.09789e-21
8.8375e-21
8.58272e-21
8.33348e-21
8.08971e-21
7.85135e-21
7.61834e-21
7.39061e-21
7.16809e-21
6.95071e-21
6.73842e-21
6.53113e-21
6.32878e-21
6.13129e-21
5.93861e-21
5.75064e-21
5.56733e-21
5.3886e-21
5.21437e-21
5.04458e-21
4.87914e-21
4.718e-21
4.56107e-21
4.4083e-21
4.2596e-21
4.11491e-21
3.97417e-21
3.83728e-21
3.7042e-21
3.57484e-21
3.44913e-21
3.32701e-21
3.20839e-21
3.09323e-21
2.98144e-21
2.87297e-21
2.76775e-21
2.66572e-21
2.56679e-21
2.47092e-21
2.37804e-21
2.28807e-21
2.20095e-21
2.11662e-21
2.03502e-21
1.95607e-21
1.87971e-21
1.80588e-21
1.73452e-21
1.66556e-21
1.59894e-21
1.53461e-21
1.47249e-21
1.41254e-21
1.35469e-21
1.29889e-21
1.24507e-21
1.19319e-21
1.14318e-21
1.09499e-21
1.04858e-21
1.00388e-21
9.60853e-22
9.19438e-22
8.79589e-22
8.41258e-22
8.04397e-22
7.6896e-22
7.34902e-22
7.02177e-22
6.70743e-22
6.40558e-22
6.11579e-22
5.83767e-22
5.57081e-22
5.31484e-22
5.06937e-22
4.83404e-22
4.6085e-22
4.3924e-22
4.1854e-22
3.98717e-22
3.79739e-22
3.61576e-22
3.44196e-22
3.27572e-22
3.11674e-22
2.96475e-22
2.81948e-22
2.68068e-22
2.54808e-22
2.42146e-22
2.30056e-22
2.18517e-22
2.07506e-22
1.97003e-22
1.86985e-22
1.77435e-22
1.68331e-22
1.59656e-22
1.51392e-22
1.43521e-22
1.36026e-22
1.28892e-22
1.22104e-22
1.15645e-22
1.09502e-22
1.0366e-22
9.81071e-23
9.28296e-23
8.78153e-23
8.30524e-23
7.85294e-23
7.42354e-23
7.01598e-23
6.62926e-23
6.2624e-23
5.91448e-23
5.5846e-23
5.27191e-23
4.97559e-23
4.69485e-23
4.42895e-23
4.17716e-23
3.93879e-23
3.71319e-23
3.49973e-23
3.2978e-23
3.10683e-23
2.92627e-23
2.75559e-23
2.5943e-23
2.44191e-23
2.29798e-23
2.16206e-23
2.03373e-23
1.91262e-23
1.79833e-23
1.6905e-23
1.58881e-23
1.49292e-23
1.40252e-23
1.31732e-23
1.23703e-23
1.1614e-23
1.09017e-23
1.0231e-23
9.59959e-24
9.00533e-24
8.44615e-24
7.9201e-24
7.42535e-24
6.96012e-24
6.52276e-24
6.11169e-24
5.72541e-24
5.36251e-24
5.02165e-24
4.70157e-24
4.40105e-24
4.11898e-24
3.85426e-24
3.60589e-24
3.3729e-24
3.1544e-24
2.94951e-24
2.75744e-24
2.57742e-24
2.40872e-24
2.25068e-24
2.10263e-24
1.96399e-24
1.83418e-24
1.71265e-24
1.59891e-24
1.49248e-24
1.3929e-24
1.29975e-24
1.21263e-24
1.13117e-24
1.05502e-24
9.83839e-25
9.17317e-25
8.55161e-25
7.97095e-25
7.42859e-25
6.9221e-25
6.44919e-25
6.0077e-25
5.59563e-25
5.21107e-25
4.85225e-25
4.51751e-25
4.20527e-25
3.91407e-25
3.64255e-25
3.3894e-25
3.15343e-25
2.9335e-25
2.72856e-25
2.53761e-25
2.35972e-25
2.19402e-25
2.03971e-25
1.89602e-25
1.76223e-25
1.63769e-25
1.52177e-25
1.41389e-25
1.31351e-25
1.22011e-25
1.13323e-25
1.05241e-25
9.77255e-26
9.07364e-26
8.4238e-26
7.81967e-26
7.25809e-26
6.73614e-26
6.25108e-26
5.80035e-26
5.38158e-26
4.99254e-26
4.63117e-26
4.29553e-26
3.98383e-26
3.69439e-26
3.42565e-26
3.17617e-26
2.94457e-26
2.72961e-26
2.53011e-26
2.34498e-26
2.17319e-26
2.01381e-26
1.86596e-26
1.7288e-26
1.60159e-26
1.48361e-26
1.37419e-26
1.27274e-26
1.17868e-26
1.09148e-26
1.01064e-26
9.35709e-27
8.66261e-27
8.01901e-27
7.42261e-27
6.87e-27
6.358e-27
5.88367e-27
5.44429e-27
5.0373e-27
4.66036e-27
4.31127e-27
3.988e-27
3.68868e-27
3.41155e-27
3.15498e-27
2.91747e-27
2.69762e-27
2.49414e-27
2.30583e-27
2.13156e-27
1.9703e-27
1.8211e-27
1.68306e-27
1.55536e-27
1.43724e-27
1.32798e-27
1.22694e-27
1.13349e-27
1.04708e-27
9.6718e-28
8.93309e-28
8.25018e-28
7.61891e-28
7.03541e-28
6.49613e-28
5.99775e-28
5.53721e-28
5.11168e-28
4.71853e-28
4.35533e-28
4.01984e-28
3.70996e-28
3.42376e-28
3.15948e-28
2.91544e-28
2.69012e-28
2.48211e-28
2.2901e-28
2.11288e-28
1.94932e-28
1.79839e-28
1.65914e-28
1.53067e-28
1.41217e-28
1.30287e-28
1.20208e-28
1.10915e-28
1.02348e-28
9.4451e-29
8.71739e-29
8.04691e-29
7.42929e-29
6.86049e-29
6.3368e-29
5.85476e-29
5.4112e-29
5.00321e-29
4.62806e-29
4.28326e-29
3.96651e-29
3.6757e-29
3.40886e-29
3.16419e-29
2.94003e-29
2.73486e-29
2.54726e-29
2.37594e-29
2.21971e-29
2.07746e-29
1.94824e-29
1.83128e-29
1.72587e-29
1.6313e-29
1.54688e-29
1.47205e-29
1.40622e-29
1.34897e-29
1.29989e-29
1.25853e-29
1.22446e-29
1.19733e-29
1.17679e-29
1.16256e-29
1.15439e-29
1.15206e-29
1.15539e-29
1.16421e-29
1.1784e-29
1.19787e-29
1.22254e-29
1.25237e-29
1.28733e-29
1.32744e-29
1.37271e-29
1.4232e-29
1.47897e-29
1.54011e-29
1.60675e-29
1.67901e-29
1.75704e-29
