2
2e+16
2e+18
49.9999
1.99999
8387.66
3.02634e-19
3.02621e-19
3.02526e-19
3.02373e-19
3.02161e-19
3.0189e-19
3.01559e-19
3.01168e-19
3.00719e-19
3.0021e-19
2.99642e-19
2.99016e-19
2.98332e-19
2.9759e-19
2.96791e-19
2.95935e-19
2.95023e-19
2.94055e-19
2.93033e-19
2.91955e-19
2.90824e-19
2.89639e-19
2.88402e-19
2.87112e-19
2.85772e-19
2.84382e-19
2.82941e-19
2.81452e-19
2.79916e-19
2.78332e-19
2.76702e-19
2.75027e-19
2.73307e-19
2.71544e-19
2.69739e-19
2.67893e-19
2.66006e-19
2.6408e-19
2.62116e-19
2.60114e-19
2.58077e-19
2.56004e-19
2.53898e-19
2.51759e-19
2.49588e-19
2.47387e-19
2.45156e-19
2.42897e-19
2.40611e-19
2.38298e-19
2.35962e-19
2.33601e-19
2.31218e-19
2.28814e-19
2.2639e-19
2.23947e-19
2.21486e-19
2.19009e-19
2.16516e-19
2.14009e-19
2.11489e-19
2.08957e-19
2.06414e-19
2.03862e-19
2.01301e-19
1.98733e-19
1.96158e-19
1.93578e-19
1.90994e-19
1.88407e-19
1.85819e-19
1.83229e-19
1.80639e-19
1.78051e-19
1.75464e-19
1.72881e-19
1.70302e-19
1.67728e-19
1.6516e-19
1.62599e-19
1.60046e-19
1.57501e-19
1.54966e-19
1.52442e-19
1.49929e-19
1.47428e-19
1.4494e-19
1.42465e-19
1.40005e-19
1.3756e-19
1.3513e-19
1.32717e-19
1.30322e-19
1.27944e-19
1.25584e-19
1.23244e-19
1.20923e-19
1.18622e-19
1.16341e-19
1.14082e-19
1.11844e-19
1.09629e-19
1.07436e-19
1.05266e-19
1.03119e-19
1.00996e-19
9.88964e-20
9.68216e-20
9.47714e-20
9.27462e-20
9.07461e-20
8.87715e-20
8.68226e-20
8.48996e-20
8.30026e-20
8.11319e-20
7.92875e-20
7.74696e-20
7.56783e-20
7.39137e-20
7.21759e-20
7.04649e-20
6.87808e-20
6.71235e-20
6.54931e-20
6.38896e-20
6.23129e-20
6.0763e-20
5.92399e-20
5.77435e-20
5.62736e-20
5.48302e-20
5.34132e-20
5.20225e-20
5.06578e-20
4.93191e-20
4.80063e-20
4.6719e-20
4.54573e-20
4.42207e-20
4.30093e-20
4.18226e-20
4.06607e-20
3.95231e-20
3.84096e-20
3.73201e-20
3.62543e-20
3.52119e-20
3.41926e-20
3.31962e-20
3.22224e-20
3.1271e-20
3.03415e-20
2.94339e-20
2.85476e-20
2.76825e-20
2.68383e-20
2.60146e-20
2.52112e-20
2.44277e-20
2.36638e-20
2.29192e-20
2.21936e-20
2.14867e-20
2.07981e-20
2.01276e-20
1.94748e-20
1.88394e-20
1.8221e-20
1.76194e-20
1.70343e-20
1.64653e-20
1.59121e-20
1.53745e-20
1.4852e-20
1.43443e-20
1.38513e-20
1.33725e-20
1.29076e-20
1.24564e-20
1.20186e-20
1.15938e-20
1.11817e-20
1.07822e-20
1.03948e-20
1.00193e-20
9.65541e-21
9.30285e-21
8.96135e-21
8.63064e-21
8.31044e-21
8.0005e-21
7.70055e-21
7.41033e-21
7.1296e-21
6.8581e-21
6.59559e-21
6.34182e-21
6.09657e-21
5.8596e-21
5.63068e-21
5.40959e-21
5.1961e-21
4.99e-21
4.79109e-21
4.59914e-21
4.41397e-21
4.23536e-21
4.06313e-21
3.89708e-21
3.73703e-21
3.58279e-21
3.43419e-21
3.29105e-21
3.1532e-21
3.02048e-21
2.89272e-21
2.76976e-21
2.65145e-21
2.53763e-21
2.42817e-21
2.32291e-21
2.22173e-21
2.12447e-21
2.03101e-21
1.94122e-21
1.85498e-21
1.77216e-21
1.69264e-21
1.61631e-21
1.54306e-21
1.47277e-21
1.40534e-21
1.34068e-21
1.27867e-21
1.21923e-21
1.16225e-21
1.10765e-21
1.05535e-21
1.00524e-21
9.57261e-22
9.11321e-22
8.67345e-22
8.2526e-22
7.84995e-22
7.46481e-22
7.09652e-22
6.74442e-22
6.4079e-22
6.08636e-22
5.7792e-22
5.48585e-22
5.20577e-22
4.93842e-22
4.6833e-22
4.43989e-22
4.20773e-22
3.98635e-22
3.77531e-22
3.57418e-22
3.38255e-22
3.20003e-22
3.02623e-22
2.86079e-22
2.70334e-22
2.55355e-22
2.41111e-22
2.27569e-22
2.14701e-22
2.02478e-22
1.90872e-22
1.79857e-22
1.69406e-22
1.59494e-22
1.50098e-22
1.41194e-22
1.32759e-22
1.24772e-22
1.17212e-22
1.10059e-22
1.03294e-22
9.68967e-23
9.08511e-23
8.51406e-23
7.97498e-23
7.46637e-23
6.98676e-23
6.53477e-23
6.10903e-23
5.70824e-23
5.33116e-23
4.97657e-23
4.64331e-23
4.33027e-23
4.03639e-23
3.76063e-23
3.50203e-23
3.25964e-23
3.03258e-23
2.81998e-23
2.62102e-23
2.43494e-23
2.26099e-23
2.09847e-23
1.94671e-23
1.80506e-23
1.67292e-23
1.54973e-23
1.43493e-23
1.328e-23
1.22847e-23
1.13586e-23
1.04974e-23
9.69697e-24
8.95339e-24
8.26298e-24
7.62226e-24
7.02797e-24
6.47702e-24
5.9665e-24
5.4937e-24
5.05605e-24
4.65114e-24
4.27671e-24
3.93064e-24
3.61094e-24
3.31575e-24
3.04332e-24
2.79203e-24
2.56035e-24
2.34686e-24
2.15022e-24
1.96919e-24
1.80262e-24
1.64942e-24
1.5086e-24
1.3792e-24
1.26037e-24
1.15128e-24
1.0512e-24
9.59416e-25
8.75284e-25
7.98201e-25
7.27609e-25
6.62993e-25
6.03872e-25
5.49805e-25
5.00382e-25
4.55224e-25
4.13981e-25
3.76331e-25
3.41976e-25
3.10642e-25
2.82074e-25
2.5604e-25
2.32325e-25
2.10731e-25
1.91078e-25
1.73197e-25
1.56936e-25
1.42154e-25
1.28722e-25
1.16521e-25
1.05442e-25
9.53873e-26
8.62642e-26
7.799e-26
7.04883e-26
6.36895e-26
5.753e-26
5.19514e-26
4.69009e-26
4.23299e-26
3.81943e-26
3.44538e-26
3.10718e-26
2.80148e-26
2.52525e-26
2.27572e-26
2.05038e-26
1.84694e-26
1.66332e-26
1.49763e-26
1.34818e-26
1.21339e-26
1.09186e-26
9.82323e-27
8.83609e-27
7.94672e-27
7.14562e-27
6.42419e-27
5.77465e-27
5.18996e-27
4.66374e-27
4.19026e-27
3.76429e-27
3.38115e-27
3.0366e-27
2.72679e-27
2.44828e-27
2.19793e-27
1.97295e-27
1.77079e-27
1.58916e-27
1.426e-27
1.27946e-27
1.14785e-27
1.02967e-27
9.23572e-28
8.28322e-28
7.42825e-28
6.66089e-28
5.97226e-28
5.35434e-28
4.79993e-28
4.30255e-28
3.85638e-28
3.45618e-28
3.09725e-28
2.77536e-28
2.48673e-28
2.22792e-28
1.99589e-28
1.78788e-28
1.60141e-28
1.43428e-28
1.28449e-28
1.15025e-28
1.02995e-28
9.22162e-29
8.25585e-29
7.39064e-29
6.61556e-29
5.92128e-29
5.29943e-29
4.74249e-29
4.24371e-29
3.79706e-29
3.39712e-29
3.03905e-29
2.71851e-29
2.43158e-29
2.17477e-29
1.94494e-29
1.73926e-29
1.55522e-29
1.39056e-29
1.24324e-29
1.11147e-29
9.936e-30
8.88186e-30
7.9392e-30
7.09634e-30
6.34282e-30
5.66926e-30
5.06727e-30
4.52933e-30
4.04873e-30
3.61943e-30
3.23606e-30
2.89379e-30
2.58831e-30
2.31575e-30
2.07268e-30
1.85599e-30
1.66294e-30
1.49105e-30
1.33813e-30
1.20221e-30
1.08152e-30
9.74512e-31
8.79774e-31
7.96064e-31
7.22272e-31
6.5741e-31
6.00601e-31
5.51065e-31
5.08111e-31
4.71127e-31
4.39574e-31
4.12976e-31
3.90915e-31
3.73027e-31
3.58994e-31
3.48542e-31
3.41434e-31
3.37472e-31
3.36487e-31
3.38342e-31
3.42926e-31
3.50155e-31
3.59967e-31
3.72323e-31
3.87204e-31
4.0461e-31
4.24563e-31
4.47099e-31
4.72273e-31
5.00159e-31
5.30845e-31
5.64437e-31
