10
2e+16
2e+18
50
10
18755.4
3.3928e-20
3.38592e-20
3.36578e-20
3.34441e-20
3.32249e-20
3.30019e-20
3.27761e-20
3.25478e-20
3.23174e-20
3.20852e-20
3.18514e-20
3.16163e-20
3.13799e-20
3.11421e-20
3.09029e-20
3.06623e-20
3.04203e-20
3.01769e-20
2.99322e-20
2.96862e-20
2.94389e-20
2.91905e-20
2.89409e-20
2.86902e-20
2.84385e-20
2.81858e-20
2.79321e-20
2.76775e-20
2.74221e-20
2.7166e-20
2.69091e-20
2.66515e-20
2.63933e-20
2.61345e-20
2.58753e-20
2.56155e-20
2.53554e-20
2.50949e-20
2.48342e-20
2.45732e-20
2.4312e-20
2.40506e-20
2.37892e-20
2.35278e-20
2.32664e-20
2.30051e-20
2.27439e-20
2.24829e-20
2.22222e-20
2.19617e-20
2.17016e-20
2.14418e-20
2.11825e-20
2.09237e-20
2.06654e-20
2.04077e-20
2.01506e-20
1.98942e-20
1.96385e-20
1.93836e-20
1.91295e-20
1.88762e-20
1.86238e-20
1.83723e-20
1.81219e-20
1.78724e-20
1.7624e-20
1.73767e-20
1.71305e-20
1.68854e-20
1.66416e-20
1.6399e-20
1.61576e-20
1.59176e-20
1.56789e-20
1.54415e-20
1.52056e-20
1.4971e-20
1.47379e-20
1.45063e-20
1.42762e-20
1.40476e-20
1.38205e-20
1.35951e-20
1.33712e-20
1.31489e-20
1.29283e-20
1.27093e-20
1.2492e-20
1.22764e-20
1.20625e-20
1.18503e-20
1.16398e-20
1.14311e-20
1.12242e-20
1.1019e-20
1.08156e-20
1.0614e-20
1.04142e-20
1.02162e-20
1.002e-20
9.82569e-21
9.63317e-21
9.44248e-21
9.25364e-21
9.06663e-21
8.88147e-21
8.69815e-21
8.51668e-21
8.33706e-21
8.1593e-21
7.98343e-21
7.80947e-21
7.63741e-21
7.46728e-21
7.29908e-21
7.13282e-21
6.96851e-21
6.80617e-21
6.64582e-21
6.48748e-21
6.33121e-21
6.17702e-21
6.02494e-21
5.87501e-21
5.72724e-21
5.58164e-21
5.43824e-21
5.2971e-21
5.15826e-21
5.02176e-21
4.88762e-21
4.75588e-21
4.62655e-21
4.49965e-21
4.37519e-21
4.25318e-21
4.13361e-21
4.01649e-21
3.90182e-21
3.78958e-21
3.67976e-21
3.57235e-21
3.46734e-21
3.36471e-21
3.26444e-21
3.16651e-21
3.07089e-21
2.97756e-21
2.88649e-21
2.79766e-21
2.71104e-21
2.62659e-21
2.54429e-21
2.46411e-21
2.38601e-21
2.30996e-21
2.23592e-21
2.16387e-21
2.09377e-21
2.02558e-21
1.95928e-21
1.89481e-21
1.83215e-21
1.77127e-21
1.71212e-21
1.65467e-21
1.59889e-21
1.54474e-21
1.49218e-21
1.44118e-21
1.39171e-21
1.34373e-21
1.2972e-21
1.25209e-21
1.20837e-21
1.166e-21
1.12495e-21
1.08519e-21
1.04668e-21
1.0094e-21
9.73301e-22
9.38366e-22
9.04561e-22
8.71854e-22
8.40216e-22
8.09618e-22
7.80032e-22
7.51428e-22
7.2378e-22
6.9706e-22
6.71242e-22
6.46299e-22
6.22206e-22
5.98938e-22
5.7647e-22
5.54779e-22
5.33842e-22
5.13634e-22
4.94134e-22
4.75321e-22
4.57172e-22
4.39667e-22
4.22786e-22
4.06508e-22
3.90815e-22
3.75688e-22
3.61109e-22
3.47059e-22
3.33522e-22
3.2048e-22
3.07917e-22
2.95817e-22
2.84165e-22
2.72945e-22
2.62144e-22
2.51745e-22
2.41737e-22
2.32105e-22
2.22837e-22
2.13919e-22
2.0534e-22
1.97088e-22
1.89151e-22
1.81518e-22
1.74178e-22
1.67121e-22
1.60336e-22
1.53815e-22
1.47546e-22
1.41522e-22
1.35733e-22
1.30171e-22
1.24827e-22
1.19693e-22
1.14762e-22
1.10026e-22
1.05477e-22
1.0111e-22
9.69158e-23
9.28893e-23
8.90239e-23
8.53134e-23
8.17521e-23
7.83341e-23
7.5054e-23
7.19066e-23
6.88867e-23
6.59894e-23
6.32099e-23
6.05437e-23
5.79865e-23
5.55338e-23
5.31817e-23
5.09262e-23
4.87634e-23
4.66898e-23
4.47019e-23
4.27961e-23
4.09693e-23
3.92183e-23
3.75402e-23
3.59319e-23
3.43906e-23
3.29138e-23
3.14987e-23
3.01429e-23
2.88441e-23
2.75998e-23
2.64079e-23
2.52662e-23
2.41727e-23
2.31255e-23
2.21226e-23
2.11622e-23
2.02425e-23
1.9362e-23
1.85189e-23
1.77118e-23
1.69391e-23
1.61994e-23
1.54913e-23
1.48136e-23
1.41649e-23
1.35441e-23
1.295e-23
1.23815e-23
1.18374e-23
1.13168e-23
1.08187e-23
1.03421e-23
9.88611e-24
9.4499e-24
9.0326e-24
8.63341e-24
8.25157e-24
7.88634e-24
7.53701e-24
7.2029e-24
6.88337e-24
6.57779e-24
6.28557e-24
6.00613e-24
5.73893e-24
5.48344e-24
5.23915e-24
5.00559e-24
4.78229e-24
4.56881e-24
4.36473e-24
4.16964e-24
3.98315e-24
3.80489e-24
3.6345e-24
3.47164e-24
3.31598e-24
3.16721e-24
3.02503e-24
2.88916e-24
2.75931e-24
2.63522e-24
2.51665e-24
2.40335e-24
2.29509e-24
2.19165e-24
2.09282e-24
1.99839e-24
1.90818e-24
1.82199e-24
1.73965e-24
1.661e-24
1.58586e-24
1.51408e-24
1.44551e-24
1.38002e-24
1.31747e-24
1.25772e-24
1.20065e-24
1.14615e-24
1.09409e-24
1.04438e-24
9.969e-25
9.5156e-25
9.08261e-25
8.66914e-25
8.27431e-25
7.89729e-25
7.53729e-25
7.19355e-25
6.86534e-25
6.55196e-25
6.25276e-25
5.9671e-25
5.69437e-25
5.43399e-25
5.18542e-25
4.94811e-25
4.72157e-25
4.50531e-25
4.29887e-25
4.10181e-25
3.9137e-25
3.73415e-25
3.56276e-25
3.39918e-25
3.24304e-25
3.09401e-25
2.95178e-25
2.81603e-25
2.68647e-25
2.56282e-25
2.44482e-25
2.3322e-25
2.22474e-25
2.12218e-25
2.02431e-25
1.93092e-25
1.84181e-25
1.75677e-25
1.67563e-25
1.59821e-25
1.52433e-25
1.45385e-25
1.3866e-25
1.32243e-25
1.26121e-25
1.2028e-25
1.14708e-25
1.09392e-25
1.0432e-25
9.94818e-26
9.48662e-26
9.0463e-26
8.62626e-26
8.22558e-26
7.84337e-26
7.47879e-26
7.13103e-26
6.79931e-26
6.48292e-26
6.18113e-26
5.89329e-26
5.61876e-26
5.35692e-26
5.1072e-26
4.86903e-26
4.6419e-26
4.42528e-26
4.2187e-26
4.0217e-26
3.83383e-26
3.65468e-26
3.48385e-26
3.32095e-26
3.16562e-26
3.01751e-26
2.87629e-26
2.74163e-26
2.61325e-26
2.49084e-26
2.37414e-26
2.26287e-26
2.1568e-26
2.05567e-26
1.95927e-26
1.86737e-26
1.77976e-26
1.69626e-26
1.61666e-26
1.54078e-26
1.46847e-26
1.39954e-26
1.33385e-26
1.27125e-26
1.21158e-26
1.15473e-26
1.10055e-26
1.04892e-26
9.99731e-27
9.52864e-27
9.08213e-27
8.65676e-27
8.25156e-27
7.86559e-27
7.49797e-27
7.14785e-27
6.81444e-27
6.49696e-27
6.19469e-27
5.90693e-27
5.63301e-27
5.37231e-27
5.12421e-27
4.88816e-27
4.6636e-27
4.45002e-27
4.24692e-27
4.05382e-27
3.87029e-27
3.6959e-27
3.53024e-27
3.37292e-27
3.22359e-27
3.08189e-27
2.9475e-27
2.8201e-27
2.6994e-27
2.58511e-27
2.47697e-27
2.37472e-27
2.27813e-27
2.18698e-27
2.10104e-27
2.02012e-27
1.94404e-27
1.8726e-27
1.80564e-27
1.74302e-27
1.68458e-27
1.63018e-27
1.5797e-27
1.53301e-27
1.49002e-27
1.45062e-27
1.41471e-27
1.38222e-27
1.35312e-27
1.32743e-27
1.30512e-27
1.28614e-27
1.27049e-27
1.25813e-27
1.24901e-27
1.2431e-27
1.24038e-27
1.24081e-27
1.24439e-27
1.25112e-27
1.261e-27
1.27403e-27
1.29024e-27
