2
5e+16
2e+18
49.9996
1.99999
8387.66
3.03444e-19
3.03431e-19
3.03336e-19
3.03183e-19
3.0297e-19
3.02697e-19
3.02365e-19
3.01973e-19
3.01521e-19
3.0101e-19
3.00439e-19
2.9981e-19
2.99123e-19
2.98378e-19
2.97575e-19
2.96715e-19
2.95799e-19
2.94826e-19
2.93798e-19
2.92716e-19
2.91579e-19
2.90389e-19
2.89146e-19
2.8785e-19
2.86504e-19
2.85107e-19
2.8366e-19
2.82164e-19
2.8062e-19
2.79028e-19
2.77391e-19
2.75708e-19
2.7398e-19
2.72209e-19
2.70396e-19
2.68541e-19
2.66645e-19
2.64711e-19
2.62737e-19
2.60727e-19
2.5868e-19
2.56598e-19
2.54482e-19
2.52333e-19
2.50153e-19
2.47941e-19
2.45701e-19
2.43432e-19
2.41135e-19
2.38813e-19
2.36466e-19
2.34095e-19
2.31702e-19
2.29288e-19
2.26853e-19
2.244e-19
2.21929e-19
2.19441e-19
2.16938e-19
2.1442e-19
2.1189e-19
2.09348e-19
2.06794e-19
2.04232e-19
2.0166e-19
1.99082e-19
1.96497e-19
1.93907e-19
1.91313e-19
1.88716e-19
1.86117e-19
1.83518e-19
1.80918e-19
1.7832e-19
1.75724e-19
1.73131e-19
1.70543e-19
1.67959e-19
1.65382e-19
1.62812e-19
1.6025e-19
1.57697e-19
1.55153e-19
1.5262e-19
1.50098e-19
1.47589e-19
1.45093e-19
1.4261e-19
1.40142e-19
1.37689e-19
1.35252e-19
1.32832e-19
1.30429e-19
1.28043e-19
1.25677e-19
1.23329e-19
1.21002e-19
1.18694e-19
1.16407e-19
1.14142e-19
1.11898e-19
1.09677e-19
1.07478e-19
1.05302e-19
1.0315e-19
1.01022e-19
9.89173e-20
9.68375e-20
9.47825e-20
9.27526e-20
9.07481e-20
8.87692e-20
8.68162e-20
8.48891e-20
8.29883e-20
8.11138e-20
7.92658e-20
7.74445e-20
7.565e-20
7.38823e-20
7.21415e-20
7.04276e-20
6.87407e-20
6.70809e-20
6.54481e-20
6.38422e-20
6.22634e-20
6.07114e-20
5.91864e-20
5.76881e-20
5.62165e-20
5.47716e-20
5.33531e-20
5.1961e-20
5.05951e-20
4.92553e-20
4.79413e-20
4.66532e-20
4.53905e-20
4.41532e-20
4.29411e-20
4.17539e-20
4.05915e-20
3.94535e-20
3.83397e-20
3.725e-20
3.6184e-20
3.51415e-20
3.41222e-20
3.31258e-20
3.21521e-20
3.12009e-20
3.02717e-20
2.93643e-20
2.84784e-20
2.76137e-20
2.67699e-20
2.59467e-20
2.51438e-20
2.43609e-20
2.35977e-20
2.28537e-20
2.21289e-20
2.14227e-20
2.07349e-20
2.00651e-20
1.94132e-20
1.87786e-20
1.81612e-20
1.75605e-20
1.69763e-20
1.64082e-20
1.5856e-20
1.53193e-20
1.47978e-20
1.42912e-20
1.37992e-20
1.33214e-20
1.28576e-20
1.24074e-20
1.19707e-20
1.15469e-20
1.1136e-20
1.07375e-20
1.03511e-20
9.9767e-21
9.61388e-21
9.2624e-21
8.92196e-21
8.59231e-21
8.27317e-21
7.96428e-21
7.66537e-21
7.3762e-21
7.09649e-21
6.82602e-21
6.56452e-21
6.31177e-21
6.06752e-21
5.83153e-21
5.60359e-21
5.38346e-21
5.17093e-21
4.96578e-21
4.7678e-21
4.57677e-21
4.39251e-21
4.21479e-21
4.04344e-21
3.87827e-21
3.71907e-21
3.56567e-21
3.4179e-21
3.27558e-21
3.13853e-21
3.00659e-21
2.8796e-21
2.7574e-21
2.63984e-21
2.52675e-21
2.41801e-21
2.31346e-21
2.21296e-21
2.11638e-21
2.02358e-21
1.93444e-21
1.84883e-21
1.76663e-21
1.68772e-21
1.61198e-21
1.53931e-21
1.46959e-21
1.40273e-21
1.3386e-21
1.27713e-21
1.2182e-21
1.16173e-21
1.10763e-21
1.0558e-21
1.00617e-21
9.5865e-22
9.13158e-22
8.69619e-22
8.2796e-22
7.88107e-22
7.49991e-22
7.13546e-22
6.78707e-22
6.4541e-22
6.13594e-22
5.83202e-22
5.54176e-22
5.2646e-22
5.00003e-22
4.74753e-22
4.5066e-22
4.27676e-22
4.05757e-22
3.84856e-22
3.64933e-22
3.45945e-22
3.27854e-22
3.10622e-22
2.94211e-22
2.78586e-22
2.63715e-22
2.49563e-22
2.36101e-22
2.23298e-22
2.11127e-22
1.99558e-22
1.88566e-22
1.78125e-22
1.6821e-22
1.58797e-22
1.49864e-22
1.41389e-22
1.33351e-22
1.25728e-22
1.18503e-22
1.11655e-22
1.05168e-22
9.90237e-23
9.32068e-23
8.77016e-23
8.24935e-23
7.75683e-23
7.29124e-23
6.85126e-23
6.43565e-23
6.0432e-23
5.67275e-23
5.32321e-23
4.99351e-23
4.68264e-23
4.38964e-23
4.11358e-23
3.85358e-23
3.60879e-23
3.37841e-23
3.16167e-23
2.95783e-23
2.7662e-23
2.58611e-23
2.41694e-23
2.25806e-23
2.10893e-23
1.96898e-23
1.83769e-23
1.71459e-23
1.5992e-23
1.49107e-23
1.38978e-23
1.29495e-23
1.20618e-23
1.12312e-23
1.04543e-23
9.72798e-24
9.04906e-24
8.41474e-24
7.82229e-24
7.26915e-24
6.75289e-24
6.27123e-24
5.82201e-24
5.4032e-24
5.01287e-24
4.64923e-24
4.31055e-24
3.99526e-24
3.70182e-24
3.42883e-24
3.17495e-24
2.93893e-24
2.71958e-24
2.5158e-24
2.32655e-24
2.15086e-24
1.9878e-24
1.83654e-24
1.69625e-24
1.5662e-24
1.44566e-24
1.334e-24
1.23058e-24
1.13483e-24
1.04622e-24
9.64234e-25
8.88407e-25
8.183e-25
7.53502e-25
6.93632e-25
6.38332e-25
5.8727e-25
5.40137e-25
4.96646e-25
4.56526e-25
4.19529e-25
3.85423e-25
3.53992e-25
3.25034e-25
2.98364e-25
2.73808e-25
2.51206e-25
2.30409e-25
2.11278e-25
1.93685e-25
1.77511e-25
1.62646e-25
1.48989e-25
1.36444e-25
1.24925e-25
1.1435e-25
1.04645e-25
9.57409e-26
8.75736e-26
8.00844e-26
7.32187e-26
6.69263e-26
6.11609e-26
5.58797e-26
5.10433e-26
4.66154e-26
4.25625e-26
3.88536e-26
3.54606e-26
3.23572e-26
2.95193e-26
2.69249e-26
2.45537e-26
2.23869e-26
2.04073e-26
1.85992e-26
1.69482e-26
1.54408e-26
1.40649e-26
1.28092e-26
1.16636e-26
1.06185e-26
9.66543e-27
8.79634e-27
8.00403e-27
7.28186e-27
6.62373e-27
6.02409e-27
5.47784e-27
4.98032e-27
4.52725e-27
4.11476e-27
3.73925e-27
3.39749e-27
3.08649e-27
2.80353e-27
2.54612e-27
2.31201e-27
2.0991e-27
1.90552e-27
1.72953e-27
1.56957e-27
1.42419e-27
1.29209e-27
1.17207e-27
1.06305e-27
9.64028e-28
8.74105e-28
7.92457e-28
7.18334e-28
6.51053e-28
5.89991e-28
5.3458e-28
4.84305e-28
4.38698e-28
3.97332e-28
3.59817e-28
3.25801e-28
2.9496e-28
2.67003e-28
2.41662e-28
2.18697e-28
1.97891e-28
1.79043e-28
1.61973e-28
1.46516e-28
1.32522e-28
1.19854e-28
1.08389e-28
9.80143e-29
8.86287e-29
8.01396e-29
7.2463e-29
6.55229e-29
5.92504e-29
5.35828e-29
4.84634e-29
4.38409e-29
3.96687e-29
3.59045e-29
3.25102e-29
2.94511e-29
2.66959e-29
2.42163e-29
2.19866e-29
1.99837e-29
1.81865e-29
1.65762e-29
1.51357e-29
1.38495e-29
1.27038e-29
1.16861e-29
1.0785e-29
9.99049e-30
9.29345e-30
8.68572e-30
8.16003e-30
7.70985e-30
7.32938e-30
7.01349e-30
6.75762e-30
6.55774e-30
6.41033e-30
6.31235e-30
6.26112e-30
6.2544e-30
6.29026e-30
6.36713e-30
6.48373e-30
6.63905e-30
6.83236e-30
7.06317e-30
7.33122e-30
7.63648e-30
7.9791e-30
8.35947e-30
8.77813e-30
9.23582e-30
9.73347e-30
1.02722e-29
1.08531e-29
1.14779e-29
1.21479e-29
1.2865e-29
