2
1e+16
5e+17
50
2
8387.66
3.03646e-19
3.03632e-19
3.03537e-19
3.03383e-19
3.0317e-19
3.02898e-19
3.02565e-19
3.02172e-19
3.01719e-19
3.01207e-19
3.00636e-19
3.00007e-19
2.99318e-19
2.98572e-19
2.97768e-19
2.96907e-19
2.9599e-19
2.95016e-19
2.93987e-19
2.92903e-19
2.91765e-19
2.90573e-19
2.89329e-19
2.88032e-19
2.86684e-19
2.85285e-19
2.83836e-19
2.82338e-19
2.80792e-19
2.79199e-19
2.77559e-19
2.75874e-19
2.74145e-19
2.72372e-19
2.70556e-19
2.68699e-19
2.66802e-19
2.64864e-19
2.62889e-19
2.60876e-19
2.58827e-19
2.56742e-19
2.54624e-19
2.52473e-19
2.5029e-19
2.48076e-19
2.45833e-19
2.43561e-19
2.41262e-19
2.38938e-19
2.36588e-19
2.34215e-19
2.31819e-19
2.29402e-19
2.26965e-19
2.24509e-19
2.22035e-19
2.19545e-19
2.17039e-19
2.14519e-19
2.11986e-19
2.09441e-19
2.06885e-19
2.0432e-19
2.01746e-19
1.99165e-19
1.96577e-19
1.93985e-19
1.91388e-19
1.88789e-19
1.86188e-19
1.83585e-19
1.80984e-19
1.78383e-19
1.75785e-19
1.73189e-19
1.70599e-19
1.68013e-19
1.65434e-19
1.62861e-19
1.60297e-19
1.57741e-19
1.55196e-19
1.5266e-19
1.50137e-19
1.47625e-19
1.45127e-19
1.42642e-19
1.40172e-19
1.37717e-19
1.35279e-19
1.32856e-19
1.30452e-19
1.28065e-19
1.25696e-19
1.23347e-19
1.21018e-19
1.18709e-19
1.16421e-19
1.14154e-19
1.11909e-19
1.09686e-19
1.07485e-19
1.05308e-19
1.03155e-19
1.01025e-19
9.89195e-20
9.68386e-20
9.47825e-20
9.27515e-20
9.07459e-20
8.8766e-20
8.68119e-20
8.48839e-20
8.29822e-20
8.11069e-20
7.92581e-20
7.7436e-20
7.56407e-20
7.38723e-20
7.21308e-20
7.04163e-20
6.87288e-20
6.70684e-20
6.5435e-20
6.38286e-20
6.22493e-20
6.06969e-20
5.91714e-20
5.76728e-20
5.62009e-20
5.47556e-20
5.33368e-20
5.19444e-20
5.05783e-20
4.92382e-20
4.79241e-20
4.66357e-20
4.5373e-20
4.41356e-20
4.29233e-20
4.17361e-20
4.05735e-20
3.94355e-20
3.83218e-20
3.7232e-20
3.6166e-20
3.51236e-20
3.41043e-20
3.31081e-20
3.21345e-20
3.11833e-20
3.02542e-20
2.93469e-20
2.84612e-20
2.75967e-20
2.67531e-20
2.59301e-20
2.51274e-20
2.43447e-20
2.35816e-20
2.28379e-20
2.21132e-20
2.14073e-20
2.07197e-20
2.00503e-20
1.93985e-20
1.87642e-20
1.81471e-20
1.75467e-20
1.69627e-20
1.6395e-20
1.5843e-20
1.53066e-20
1.47854e-20
1.42791e-20
1.37873e-20
1.33099e-20
1.28464e-20
1.23965e-20
1.196e-20
1.15366e-20
1.11259e-20
1.07277e-20
1.03417e-20
9.96755e-21
9.60503e-21
9.25383e-21
8.91369e-21
8.58433e-21
8.26547e-21
7.95686e-21
7.65824e-21
7.36934e-21
7.08991e-21
6.81971e-21
6.55848e-21
6.30599e-21
6.06199e-21
5.82627e-21
5.59858e-21
5.3787e-21
5.16641e-21
4.9615e-21
4.76375e-21
4.57295e-21
4.38891e-21
4.21142e-21
4.04029e-21
3.87532e-21
3.71633e-21
3.56314e-21
3.41556e-21
3.27342e-21
3.13656e-21
3.00481e-21
2.87799e-21
2.75596e-21
2.63856e-21
2.52564e-21
2.41705e-21
2.31265e-21
2.2123e-21
2.11586e-21
2.0232e-21
1.93419e-21
1.8487e-21
1.76662e-21
1.68783e-21
1.6122e-21
1.53963e-21
1.47002e-21
1.40324e-21
1.33921e-21
1.27782e-21
1.21898e-21
1.16259e-21
1.10856e-21
1.0568e-21
1.00723e-21
9.59769e-22
9.14332e-22
8.70844e-22
8.29231e-22
7.89421e-22
7.51345e-22
7.14936e-22
6.80128e-22
6.46861e-22
6.15071e-22
5.84702e-22
5.55696e-22
5.27999e-22
5.01557e-22
4.76319e-22
4.52236e-22
4.2926e-22
4.07346e-22
3.86448e-22
3.66526e-22
3.47537e-22
3.29443e-22
3.12206e-22
2.95788e-22
2.80156e-22
2.65274e-22
2.51111e-22
2.37636e-22
2.2482e-22
2.12634e-22
2.01049e-22
1.90041e-22
1.79582e-22
1.6965e-22
1.60219e-22
1.51267e-22
1.42772e-22
1.34713e-22
1.27071e-22
1.19824e-22
1.12956e-22
1.06447e-22
1.00281e-22
9.44417e-23
8.89143e-23
8.36838e-23
7.87362e-23
7.4058e-23
6.96359e-23
6.54577e-23
6.15111e-23
5.77848e-23
5.42677e-23
5.09493e-23
4.78193e-23
4.48682e-23
4.20868e-23
3.94661e-23
3.69977e-23
3.46736e-23
3.24861e-23
3.04279e-23
2.84919e-23
2.66715e-23
2.49605e-23
2.33526e-23
2.18423e-23
2.04241e-23
1.90927e-23
1.78433e-23
1.66712e-23
1.55719e-23
1.45413e-23
1.35753e-23
1.26702e-23
1.18224e-23
1.10286e-23
1.02854e-23
9.58991e-24
8.93923e-24
8.33065e-24
7.76162e-24
7.22971e-24
6.73264e-24
6.26826e-24
5.83455e-24
5.42958e-24
5.05156e-24
4.69878e-24
4.36966e-24
4.06268e-24
3.77643e-24
3.50957e-24
3.26087e-24
3.02914e-24
2.81327e-24
2.61224e-24
2.42506e-24
2.25083e-24
2.08868e-24
1.93782e-24
1.79749e-24
1.66699e-24
1.54565e-24
1.43287e-24
1.32805e-24
1.23066e-24
1.14019e-24
1.05617e-24
9.78151e-25
9.05725e-25
8.38503e-25
7.76125e-25
7.18253e-25
6.64573e-25
6.14791e-25
5.68634e-25
5.25846e-25
4.86188e-25
4.4944e-25
4.15394e-25
3.83858e-25
3.54652e-25
3.27609e-25
3.02574e-25
2.79403e-25
2.57959e-25
2.3812e-25
2.19766e-25
2.02792e-25
1.87095e-25
1.72583e-25
1.59168e-25
1.4677e-25
1.35314e-25
1.2473e-25
1.14953e-25
1.05924e-25
9.75873e-26
8.98905e-26
8.27862e-26
7.62299e-26
7.01804e-26
6.45995e-26
5.94519e-26
5.47048e-26
5.03279e-26
4.62929e-26
4.25739e-26
3.91467e-26
3.5989e-26
3.30802e-26
3.0401e-26
2.79339e-26
2.56624e-26
2.35714e-26
2.16469e-26
1.98761e-26
1.82468e-26
1.67481e-26
1.53697e-26
1.41023e-26
1.29371e-26
1.1866e-26
1.08817e-26
9.97719e-27
9.14626e-27
8.38302e-27
7.68211e-27
7.03853e-27
6.44772e-27
5.90544e-27
5.40779e-27
4.9512e-27
4.53234e-27
4.14817e-27
3.79588e-27
3.47289e-27
3.1768e-27
2.90544e-27
2.65678e-27
2.42896e-27
2.22028e-27
2.02916e-27
1.85416e-27
1.69394e-27
1.54729e-27
1.41309e-27
1.29029e-27
1.17794e-27
1.07519e-27
9.81222e-28
8.95305e-28
8.16764e-28
7.44979e-28
6.7938e-28
6.19445e-28
5.64694e-28
5.1469e-28
4.69028e-28
4.27341e-28
3.89289e-28
3.54562e-28
3.22875e-28
2.93967e-28
2.67599e-28
2.43552e-28
2.21627e-28
2.0164e-28
1.83422e-28
1.6682e-28
1.51694e-28
1.37915e-28
1.25365e-28
1.13937e-28
1.03533e-28
9.40625e-29
8.54433e-29
7.76007e-29
7.04661e-29
6.39768e-29
5.80758e-29
5.27108e-29
4.78342e-29
4.34027e-29
3.93765e-29
3.57195e-29
3.23989e-29
2.93846e-29
2.66493e-29
2.4168e-29
2.19182e-29
1.98792e-29
1.80324e-29
1.63606e-29
1.48485e-29
1.34821e-29
1.22486e-29
1.11367e-29
1.01359e-29
9.23694e-30
8.43142e-30
7.71181e-30
7.07137e-30
6.50412e-30
6.00475e-30
5.5686e-30
5.1916e-30
4.87022e-30
4.60147e-30
4.38285e-30
4.21231e-30
4.08825e-30
4.0095e-30
3.97528e-30
3.98521e-30
4.0393e-30
4.13792e-30
4.28181e-30
4.47208e-30
4.7102e-30
