10
1e+16
1e+18
49.9882
10
18755.4
3.38723e-20
3.38042e-20
3.36045e-20
3.33927e-20
3.31753e-20
3.29541e-20
3.27301e-20
3.25035e-20
3.22748e-20
3.20442e-20
3.18121e-20
3.15785e-20
3.13435e-20
3.11072e-20
3.08694e-20
3.06302e-20
3.03895e-20
3.01474e-20
2.99039e-20
2.96591e-20
2.94131e-20
2.91658e-20
2.89173e-20
2.86676e-20
2.84169e-20
2.81652e-20
2.79125e-20
2.76589e-20
2.74044e-20
2.71491e-20
2.6893e-20
2.66362e-20
2.63788e-20
2.61208e-20
2.58622e-20
2.56032e-20
2.53437e-20
2.50839e-20
2.48237e-20
2.45633e-20
2.43027e-20
2.40419e-20
2.3781e-20
2.35201e-20
2.32591e-20
2.29983e-20
2.27375e-20
2.2477e-20
2.22166e-20
2.19565e-20
2.16967e-20
2.14373e-20
2.11783e-20
2.09198e-20
2.06618e-20
2.04043e-20
2.01475e-20
1.98913e-20
1.96359e-20
1.93811e-20
1.91272e-20
1.88741e-20
1.86219e-20
1.83706e-20
1.81203e-20
1.7871e-20
1.76227e-20
1.73755e-20
1.71294e-20
1.68845e-20
1.66407e-20
1.63982e-20
1.61569e-20
1.5917e-20
1.56783e-20
1.5441e-20
1.52051e-20
1.49706e-20
1.47376e-20
1.4506e-20
1.42759e-20
1.40473e-20
1.38203e-20
1.35949e-20
1.3371e-20
1.31487e-20
1.29281e-20
1.27092e-20
1.24919e-20
1.22762e-20
1.20623e-20
1.18501e-20
1.16397e-20
1.1431e-20
1.1224e-20
1.10188e-20
1.08154e-20
1.06138e-20
1.0414e-20
1.0216e-20
1.00198e-20
9.8255e-21
9.63297e-21
9.44229e-21
9.25344e-21
9.06643e-21
8.88127e-21
8.69795e-21
8.51648e-21
8.33686e-21
8.15912e-21
7.98326e-21
7.8093e-21
7.63726e-21
7.46714e-21
7.29895e-21
7.1327e-21
6.96841e-21
6.8061e-21
6.64576e-21
6.48745e-21
6.3312e-21
6.17703e-21
6.02499e-21
5.87508e-21
5.72734e-21
5.58177e-21
5.4384e-21
5.29729e-21
5.15847e-21
5.022e-21
4.88789e-21
4.75618e-21
4.62687e-21
4.5e-21
4.37557e-21
4.25358e-21
4.13403e-21
4.01694e-21
3.90228e-21
3.79006e-21
3.68026e-21
3.57287e-21
3.46788e-21
3.36526e-21
3.265e-21
3.16708e-21
3.07147e-21
2.97814e-21
2.88709e-21
2.79826e-21
2.71164e-21
2.6272e-21
2.5449e-21
2.46472e-21
2.38662e-21
2.31057e-21
2.23654e-21
2.16449e-21
2.09438e-21
2.02619e-21
1.95988e-21
1.89541e-21
1.83275e-21
1.77186e-21
1.7127e-21
1.65525e-21
1.59946e-21
1.5453e-21
1.49273e-21
1.44173e-21
1.39225e-21
1.34425e-21
1.29771e-21
1.2526e-21
1.20886e-21
1.16648e-21
1.12542e-21
1.08565e-21
1.04713e-21
1.00984e-21
9.73732e-22
9.38786e-22
9.0497e-22
8.72252e-22
8.40603e-22
8.09994e-22
7.80396e-22
7.51782e-22
7.24122e-22
6.97392e-22
6.71562e-22
6.46609e-22
6.22505e-22
5.99227e-22
5.76749e-22
5.55048e-22
5.341e-22
5.13883e-22
4.94373e-22
4.7555e-22
4.57392e-22
4.39878e-22
4.22988e-22
4.06701e-22
3.91e-22
3.75864e-22
3.61277e-22
3.47219e-22
3.33674e-22
3.20624e-22
3.08054e-22
2.95947e-22
2.84287e-22
2.73061e-22
2.62252e-22
2.51848e-22
2.41833e-22
2.32195e-22
2.22921e-22
2.13998e-22
2.05413e-22
1.97155e-22
1.89213e-22
1.81575e-22
1.7423e-22
1.67168e-22
1.6038e-22
1.53854e-22
1.47581e-22
1.41553e-22
1.3576e-22
1.30194e-22
1.24847e-22
1.19709e-22
1.14775e-22
1.10036e-22
1.05484e-22
1.01114e-22
9.6917e-23
9.28879e-23
8.902e-23
8.53072e-23
8.17436e-23
7.83235e-23
7.50414e-23
7.18921e-23
6.88703e-23
6.59713e-23
6.31902e-23
6.05225e-23
5.79638e-23
5.55098e-23
5.31564e-23
5.08997e-23
4.87359e-23
4.66613e-23
4.46723e-23
4.27657e-23
4.09381e-23
3.91864e-23
3.75075e-23
3.58986e-23
3.43568e-23
3.28794e-23
3.14639e-23
3.01077e-23
2.88085e-23
2.75639e-23
2.63717e-23
2.52298e-23
2.41362e-23
2.30888e-23
2.20858e-23
2.11253e-23
2.02056e-23
1.93251e-23
1.84821e-23
1.7675e-23
1.69024e-23
1.61628e-23
1.54549e-23
1.47773e-23
1.41288e-23
1.35082e-23
1.29143e-23
1.2346e-23
1.18022e-23
1.12819e-23
1.07841e-23
1.03078e-23
9.85214e-24
9.41626e-24
8.9993e-24
8.60047e-24
8.219e-24
7.85414e-24
7.50519e-24
7.17147e-24
6.85234e-24
6.54716e-24
6.25535e-24
5.97632e-24
5.70953e-24
5.45446e-24
5.21059e-24
4.97745e-24
4.75458e-24
4.54153e-24
4.33788e-24
4.14322e-24
3.95715e-24
3.77932e-24
3.60936e-24
3.44693e-24
3.2917e-24
3.14336e-24
3.0016e-24
2.86615e-24
2.73672e-24
2.61305e-24
2.49489e-24
2.382e-24
2.27415e-24
2.17111e-24
2.07268e-24
1.97865e-24
1.88883e-24
1.80303e-24
1.72107e-24
1.6428e-24
1.56803e-24
1.49663e-24
1.42843e-24
1.3633e-24
1.3011e-24
1.2417e-24
1.18498e-24
1.13082e-24
1.07911e-24
1.02972e-24
9.82574e-25
9.37556e-25
8.94575e-25
8.5354e-25
8.14364e-25
7.76965e-25
7.41262e-25
7.0718e-25
6.74645e-25
6.4359e-25
6.13947e-25
5.85652e-25
5.58647e-25
5.32871e-25
5.08271e-25
4.84792e-25
4.62386e-25
4.41003e-25
4.20597e-25
4.01124e-25
3.82541e-25
3.6481e-25
3.47891e-25
3.31747e-25
3.16344e-25
3.01647e-25
2.87625e-25
2.74247e-25
2.61484e-25
2.49309e-25
2.37693e-25
2.26612e-25
2.16042e-25
2.05959e-25
1.96341e-25
1.87167e-25
1.78417e-25
1.70071e-25
1.6211e-25
1.54518e-25
1.47277e-25
1.40372e-25
1.33786e-25
1.27506e-25
1.21517e-25
1.15807e-25
1.10361e-25
1.05168e-25
1.00217e-25
9.54961e-26
9.0995e-26
8.67034e-26
8.26119e-26
7.87112e-26
7.49924e-26
7.14473e-26
6.80677e-26
6.48461e-26
6.17751e-26
5.88479e-26
5.60576e-26
5.33981e-26
5.08633e-26
4.84474e-26
4.61448e-26
4.39504e-26
4.18591e-26
3.98661e-26
3.79669e-26
3.61572e-26
3.44326e-26
3.27894e-26
3.12236e-26
2.97318e-26
2.83104e-26
2.69562e-26
2.56661e-26
2.4437e-26
2.32661e-26
2.21507e-26
2.10882e-26
2.00761e-26
1.91121e-26
1.81939e-26
1.73194e-26
1.64866e-26
1.56934e-26
1.4938e-26
1.42187e-26
1.35337e-26
1.28815e-26
1.22604e-26
1.16692e-26
1.11062e-26
1.05703e-26
1.00602e-26
9.57455e-27
9.11231e-27
8.67236e-27
8.25365e-27
7.85518e-27
7.476e-27
7.1152e-27
6.77192e-27
6.44534e-27
6.13468e-27
5.83919e-27
5.55815e-27
5.2909e-27
5.03678e-27
4.79519e-27
4.56554e-27
4.34727e-27
4.13986e-27
3.9428e-27
3.75562e-27
3.57785e-27
3.40906e-27
3.24885e-27
3.09683e-27
2.95261e-27
2.81585e-27
2.68622e-27
2.56339e-27
2.44706e-27
2.33695e-27
2.23279e-27
2.13432e-27
2.04129e-27
1.95348e-27
1.87067e-27
1.79266e-27
1.71925e-27
1.65026e-27
1.58552e-27
1.52486e-27
1.46815e-27
1.41523e-27
1.36597e-27
1.32026e-27
1.27797e-27
1.23901e-27
1.20327e-27
1.17067e-27
1.14113e-27
1.1146e-27
1.09111e-27
1.0706e-27
1.05304e-27
1.03842e-27
1.02669e-27
1.01781e-27
1.01176e-27
1.00849e-27
1.00799e-27
1.01026e-27
1.01527e-27
1.02305e-27
1.03358e-27
1.0469e-27
