2
5e+16
5e+18
49.9998
1.99998
8387.66
3.02482e-19
3.02468e-19
3.02373e-19
3.02221e-19
3.02009e-19
3.01738e-19
3.01408e-19
3.01017e-19
3.00568e-19
3.0006e-19
2.99492e-19
2.98867e-19
2.98183e-19
2.97442e-19
2.96644e-19
2.95789e-19
2.94878e-19
2.93911e-19
2.92889e-19
2.91813e-19
2.90682e-19
2.89499e-19
2.88262e-19
2.86974e-19
2.85635e-19
2.84246e-19
2.82807e-19
2.8132e-19
2.79784e-19
2.78202e-19
2.76573e-19
2.749e-19
2.73182e-19
2.71421e-19
2.69617e-19
2.67772e-19
2.65887e-19
2.63963e-19
2.62001e-19
2.60001e-19
2.57965e-19
2.55894e-19
2.5379e-19
2.51652e-19
2.49483e-19
2.47284e-19
2.45055e-19
2.42798e-19
2.40514e-19
2.38204e-19
2.35869e-19
2.3351e-19
2.31129e-19
2.28727e-19
2.26305e-19
2.23864e-19
2.21405e-19
2.1893e-19
2.16439e-19
2.13934e-19
2.11416e-19
2.08886e-19
2.06345e-19
2.03795e-19
2.01236e-19
1.98669e-19
1.96097e-19
1.93519e-19
1.90937e-19
1.88352e-19
1.85765e-19
1.83177e-19
1.80589e-19
1.78003e-19
1.75418e-19
1.72837e-19
1.70259e-19
1.67687e-19
1.65121e-19
1.62562e-19
1.6001e-19
1.57467e-19
1.54934e-19
1.52411e-19
1.499e-19
1.474e-19
1.44913e-19
1.4244e-19
1.39982e-19
1.37538e-19
1.3511e-19
1.32699e-19
1.30304e-19
1.27928e-19
1.25569e-19
1.2323e-19
1.2091e-19
1.18611e-19
1.16331e-19
1.14073e-19
1.11837e-19
1.09622e-19
1.0743e-19
1.05261e-19
1.03115e-19
1.00993e-19
9.88948e-20
9.68208e-20
9.47715e-20
9.27471e-20
9.07479e-20
8.87741e-20
8.6826e-20
8.49036e-20
8.30074e-20
8.11373e-20
7.92935e-20
7.74762e-20
7.56855e-20
7.39215e-20
7.21842e-20
7.04737e-20
6.879e-20
6.71332e-20
6.55032e-20
6.39001e-20
6.23238e-20
6.07743e-20
5.92515e-20
5.77553e-20
5.62857e-20
5.48426e-20
5.34258e-20
5.20353e-20
5.06708e-20
4.93323e-20
4.80196e-20
4.67325e-20
4.54708e-20
4.42344e-20
4.3023e-20
4.18365e-20
4.06745e-20
3.9537e-20
3.84236e-20
3.7334e-20
3.62682e-20
3.52258e-20
3.42064e-20
3.321e-20
3.22361e-20
3.12846e-20
3.03551e-20
2.94473e-20
2.85609e-20
2.76957e-20
2.68514e-20
2.60276e-20
2.5224e-20
2.44403e-20
2.36763e-20
2.29315e-20
2.22058e-20
2.14986e-20
2.08099e-20
2.01392e-20
1.94862e-20
1.88505e-20
1.8232e-20
1.76302e-20
1.70449e-20
1.64757e-20
1.59223e-20
1.53844e-20
1.48616e-20
1.43538e-20
1.38605e-20
1.33815e-20
1.29164e-20
1.2465e-20
1.20269e-20
1.16019e-20
1.11896e-20
1.07898e-20
1.04022e-20
1.00265e-20
9.66238e-21
9.3096e-21
8.96788e-21
8.63695e-21
8.31653e-21
8.00637e-21
7.70621e-21
7.41578e-21
7.13483e-21
6.86312e-21
6.6004e-21
6.34644e-21
6.10099e-21
5.86382e-21
5.6347e-21
5.41342e-21
5.19974e-21
4.99346e-21
4.79436e-21
4.60224e-21
4.41689e-21
4.23811e-21
4.06571e-21
3.8995e-21
3.73928e-21
3.58489e-21
3.43613e-21
3.29284e-21
3.15485e-21
3.02198e-21
2.89408e-21
2.77098e-21
2.65254e-21
2.5386e-21
2.42901e-21
2.32363e-21
2.22232e-21
2.12495e-21
2.03138e-21
1.94149e-21
1.85514e-21
1.77222e-21
1.6926e-21
1.61618e-21
1.54284e-21
1.47246e-21
1.40495e-21
1.34021e-21
1.27812e-21
1.21861e-21
1.16156e-21
1.1069e-21
1.05452e-21
1.00436e-21
9.56317e-22
9.10321e-22
8.66292e-22
8.24157e-22
7.83845e-22
7.45286e-22
7.08415e-22
6.73167e-22
6.39479e-22
6.07291e-22
5.76544e-22
5.47182e-22
5.19149e-22
4.92392e-22
4.66859e-22
4.42501e-22
4.1927e-22
3.97119e-22
3.76004e-22
3.55883e-22
3.36714e-22
3.18457e-22
3.01075e-22
2.84531e-22
2.68788e-22
2.53813e-22
2.39573e-22
2.26039e-22
2.1318e-22
2.00968e-22
1.89374e-22
1.78372e-22
1.67936e-22
1.58041e-22
1.48663e-22
1.39778e-22
1.31363e-22
1.23398e-22
1.1586e-22
1.08731e-22
1.01989e-22
9.56172e-23
8.95972e-23
8.39129e-23
7.85489e-23
7.349e-23
6.87216e-23
6.42298e-23
6.00008e-23
5.60216e-23
5.22795e-23
4.87625e-23
4.5459e-23
4.23576e-23
3.94476e-23
3.67189e-23
3.41615e-23
3.1766e-23
2.95235e-23
2.74253e-23
2.54633e-23
2.36295e-23
2.19167e-23
2.03177e-23
1.88257e-23
1.74344e-23
1.61377e-23
1.49298e-23
1.38053e-23
1.2759e-23
1.17859e-23
1.08816e-23
1.00414e-23
9.26146e-24
8.5377e-24
7.86647e-24
7.24432e-24
6.66796e-24
6.13432e-24
5.6405e-24
5.18378e-24
4.76161e-24
4.37158e-24
4.01145e-24
3.6791e-24
3.37256e-24
3.08998e-24
2.82963e-24
2.5899e-24
2.36926e-24
2.16631e-24
1.97974e-24
1.80831e-24
1.65088e-24
1.50639e-24
1.37385e-24
1.25233e-24
1.14098e-24
1.039e-24
9.45662e-25
8.6027e-25
7.82193e-25
7.10843e-25
6.45676e-25
5.86189e-25
5.31914e-25
4.82424e-25
4.37319e-25
3.96234e-25
3.5883e-25
3.24796e-25
2.93845e-25
2.65712e-25
2.40154e-25
2.16949e-25
1.9589e-25
1.7679e-25
1.59475e-25
1.43786e-25
1.29579e-25
1.16719e-25
1.05086e-25
9.45681e-26
8.50627e-26
7.64771e-26
6.87262e-26
6.17324e-26
5.54249e-26
4.97393e-26
4.46168e-26
4.0004e-26
3.58522e-26
3.21172e-26
2.87587e-26
2.57403e-26
2.30289e-26
2.05944e-26
1.84095e-26
1.64496e-26
1.46924e-26
1.31176e-26
1.17069e-26
1.04438e-26
9.31338e-27
8.30213e-27
7.39789e-27
6.58969e-27
5.86764e-27
5.22284e-27
4.64725e-27
4.13366e-27
3.67558e-27
3.26718e-27
2.9032e-27
2.57895e-27
2.2902e-27
2.03316e-27
1.80443e-27
1.60096e-27
1.42003e-27
1.25921e-27
1.11629e-27
9.89343e-28
8.76608e-28
7.76528e-28
6.8771e-28
6.08911e-28
5.39021e-28
4.77051e-28
4.22118e-28
3.73437e-28
3.30307e-28
2.92104e-28
2.58275e-28
2.28326e-28
2.01817e-28
1.78358e-28
1.57604e-28
1.39245e-28
1.23009e-28
1.08653e-28
9.59604e-29
8.47414e-29
7.48264e-29
6.60651e-29
5.83243e-29
5.14862e-29
4.54462e-29
4.01118e-29
3.54012e-29
3.12419e-29
2.75696e-29
2.43278e-29
2.14662e-29
1.89403e-29
1.67111e-29
1.47437e-29
1.30075e-29
1.14754e-29
1.01236e-29
8.9309e-30
7.8787e-30
6.95048e-30
6.13166e-30
5.40939e-30
4.7723e-30
4.21038e-30
3.71478e-30
3.27769e-30
2.89223e-30
2.55232e-30
2.25259e-30
1.98831e-30
1.75531e-30
1.5499e-30
1.36884e-30
1.20926e-30
1.06864e-30
9.44748e-31
8.35618e-31
7.39517e-31
6.54918e-31
5.80474e-31
5.14998e-31
4.57444e-31
4.06887e-31
3.62517e-31
3.23615e-31
2.89552e-31
2.59773e-31
2.33787e-31
2.11164e-31
1.91527e-31
1.74541e-31
1.59916e-31
1.47393e-31
1.36749e-31
1.27786e-31
1.20331e-31
1.14235e-31
1.09366e-31
1.05612e-31
1.02872e-31
1.01064e-31
1.00114e-31
9.996e-32
1.00551e-31
1.01845e-31
1.03804e-31
1.06403e-31
1.09619e-31
1.13437e-31
1.17847e-31
1.22844e-31
1.28429e-31
1.34605e-31
1.41383e-31
1.48775e-31
1.56798e-31
1.65474e-31
1.74827e-31
