2
2e+17
5e+17
49.9992
2
8387.66
3.0428e-19
3.04267e-19
3.04171e-19
3.04017e-19
3.03804e-19
3.0353e-19
3.03196e-19
3.02802e-19
3.02348e-19
3.01834e-19
3.01261e-19
3.00629e-19
2.99939e-19
2.9919e-19
2.98383e-19
2.97519e-19
2.96598e-19
2.95621e-19
2.94588e-19
2.935e-19
2.92358e-19
2.91162e-19
2.89913e-19
2.88611e-19
2.87258e-19
2.85854e-19
2.844e-19
2.82897e-19
2.81345e-19
2.79747e-19
2.78101e-19
2.7641e-19
2.74674e-19
2.72895e-19
2.71073e-19
2.69209e-19
2.67305e-19
2.65361e-19
2.63378e-19
2.61358e-19
2.59302e-19
2.5721e-19
2.55085e-19
2.52926e-19
2.50735e-19
2.48514e-19
2.46263e-19
2.43984e-19
2.41677e-19
2.39344e-19
2.36987e-19
2.34606e-19
2.32202e-19
2.29777e-19
2.27332e-19
2.24867e-19
2.22385e-19
2.19887e-19
2.17373e-19
2.14845e-19
2.12304e-19
2.09751e-19
2.07187e-19
2.04613e-19
2.02032e-19
1.99443e-19
1.96847e-19
1.94247e-19
1.91642e-19
1.89035e-19
1.86426e-19
1.83816e-19
1.81207e-19
1.78598e-19
1.75993e-19
1.7339e-19
1.70792e-19
1.68199e-19
1.65612e-19
1.63033e-19
1.60461e-19
1.57899e-19
1.55346e-19
1.52805e-19
1.50274e-19
1.47756e-19
1.45251e-19
1.42761e-19
1.40284e-19
1.37823e-19
1.35379e-19
1.32951e-19
1.3054e-19
1.28148e-19
1.25774e-19
1.23419e-19
1.21085e-19
1.1877e-19
1.16477e-19
1.14205e-19
1.11955e-19
1.09728e-19
1.07523e-19
1.05342e-19
1.03184e-19
1.0105e-19
9.89402e-20
9.68553e-20
9.47954e-20
9.27608e-20
9.07517e-20
8.87683e-20
8.68109e-20
8.48798e-20
8.29749e-20
8.10966e-20
7.9245e-20
7.74202e-20
7.56222e-20
7.38513e-20
7.21074e-20
7.03906e-20
6.87009e-20
6.70384e-20
6.54031e-20
6.37948e-20
6.22137e-20
6.06596e-20
5.91326e-20
5.76324e-20
5.61591e-20
5.47125e-20
5.32925e-20
5.18989e-20
5.05318e-20
4.91907e-20
4.78757e-20
4.65866e-20
4.5323e-20
4.4085e-20
4.28722e-20
4.16844e-20
4.05214e-20
3.9383e-20
3.82689e-20
3.71789e-20
3.61127e-20
3.50701e-20
3.40507e-20
3.30544e-20
3.20808e-20
3.11297e-20
3.02007e-20
2.92936e-20
2.84081e-20
2.75438e-20
2.67005e-20
2.58778e-20
2.50755e-20
2.42931e-20
2.35305e-20
2.27872e-20
2.20631e-20
2.13576e-20
2.06706e-20
2.00017e-20
1.93505e-20
1.87169e-20
1.81003e-20
1.75005e-20
1.69173e-20
1.63502e-20
1.5799e-20
1.52632e-20
1.47428e-20
1.42372e-20
1.37462e-20
1.32694e-20
1.28067e-20
1.23576e-20
1.19219e-20
1.14992e-20
1.10893e-20
1.06919e-20
1.03067e-20
9.9333e-21
9.57156e-21
9.22115e-21
8.8818e-21
8.55321e-21
8.23514e-21
7.92731e-21
7.62946e-21
7.34133e-21
7.06267e-21
6.79323e-21
6.53276e-21
6.28102e-21
6.03777e-21
5.80278e-21
5.57582e-21
5.35667e-21
5.1451e-21
4.94089e-21
4.74384e-21
4.55374e-21
4.37038e-21
4.19357e-21
4.0231e-21
3.85879e-21
3.70045e-21
3.54789e-21
3.40095e-21
3.25943e-21
3.12318e-21
2.99203e-21
2.86581e-21
2.74436e-21
2.62753e-21
2.51518e-21
2.40714e-21
2.30328e-21
2.20347e-21
2.10755e-21
2.01541e-21
1.9269e-21
1.84192e-21
1.76033e-21
1.68201e-21
1.60686e-21
1.53475e-21
1.46559e-21
1.39926e-21
1.33567e-21
1.27471e-21
1.21628e-21
1.1603e-21
1.10668e-21
1.05532e-21
1.00614e-21
9.59054e-22
9.13991e-22
8.70869e-22
8.29614e-22
7.90153e-22
7.52417e-22
7.16338e-22
6.81852e-22
6.48894e-22
6.17403e-22
5.87322e-22
5.58593e-22
5.31162e-22
5.04975e-22
4.79981e-22
4.56132e-22
4.33379e-22
4.11677e-22
3.90982e-22
3.71252e-22
3.52445e-22
3.34523e-22
3.17446e-22
3.0118e-22
2.85689e-22
2.70939e-22
2.56897e-22
2.43533e-22
2.30817e-22
2.1872e-22
2.07214e-22
1.96273e-22
1.85871e-22
1.75985e-22
1.66589e-22
1.57663e-22
1.49184e-22
1.41132e-22
1.33487e-22
1.2623e-22
1.19343e-22
1.12808e-22
1.06609e-22
1.00729e-22
9.5154e-23
8.98688e-23
8.48595e-23
8.01129e-23
7.5616e-23
7.13568e-23
6.73235e-23
6.35051e-23
5.98908e-23
5.64705e-23
5.32346e-23
5.01737e-23
4.7279e-23
4.45421e-23
4.1955e-23
3.951e-23
3.71998e-23
3.50175e-23
3.29564e-23
3.10103e-23
2.91731e-23
2.7439e-23
2.58028e-23
2.42591e-23
2.28031e-23
2.14301e-23
2.01356e-23
1.89155e-23
1.77656e-23
1.66823e-23
1.56618e-23
1.47007e-23
1.37958e-23
1.29439e-23
1.21422e-23
1.13878e-23
1.06781e-23
1.00106e-23
9.38287e-24
8.79275e-24
8.23807e-24
7.71682e-24
7.22708e-24
6.76706e-24
6.33503e-24
5.92938e-24
5.54859e-24
5.1912e-24
4.85585e-24
4.54125e-24
4.24617e-24
3.96947e-24
3.71005e-24
3.46689e-24
3.23901e-24
3.0255e-24
2.8255e-24
2.63819e-24
2.46281e-24
2.29862e-24
2.14494e-24
2.00114e-24
1.86661e-24
1.74077e-24
1.6231e-24
1.51307e-24
1.41022e-24
1.3141e-24
1.22429e-24
1.14038e-24
1.06202e-24
9.88843e-25
9.20525e-25
8.56756e-25
7.97246e-25
7.41721e-25
6.89927e-25
6.41621e-25
5.96579e-25
5.54589e-25
5.15451e-25
4.78981e-25
4.45002e-25
4.13351e-25
3.83876e-25
3.56431e-25
3.30883e-25
3.07105e-25
2.84979e-25
2.64395e-25
2.45249e-25
2.27444e-25
2.1089e-25
1.95502e-25
1.81201e-25
1.67913e-25
1.55568e-25
1.44103e-25
1.33455e-25
1.2357e-25
1.14395e-25
1.0588e-25
9.79789e-26
9.06497e-26
8.38521e-26
7.75488e-26
7.17052e-26
6.62887e-26
6.12692e-26
5.66186e-26
5.23106e-26
4.83208e-26
4.46265e-26
4.12064e-26
3.80409e-26
3.51116e-26
3.24014e-26
2.98945e-26
2.75761e-26
2.54324e-26
2.34508e-26
2.16192e-26
1.99267e-26
1.83631e-26
1.69189e-26
1.55851e-26
1.43536e-26
1.32168e-26
1.21676e-26
1.11995e-26
1.03064e-26
9.48259e-27
8.72292e-27
8.02251e-27
7.37687e-27
6.78185e-27
6.23359e-27
5.72851e-27
5.26331e-27
4.83493e-27
4.44053e-27
4.0775e-27
3.7434e-27
3.43599e-27
3.1532e-27
2.89312e-27
2.65395e-27
2.43408e-27
2.23198e-27
2.04625e-27
1.8756e-27
1.71885e-27
1.57488e-27
1.44269e-27
1.32133e-27
1.20994e-27
1.10771e-27
1.01393e-27
9.27902e-28
8.49006e-28
7.76664e-28
7.10347e-28
6.49565e-28
5.93868e-28
5.4284e-28
4.96101e-28
4.53299e-28
4.14109e-28
3.78237e-28
3.45406e-28
3.15367e-28
2.87888e-28
2.62757e-28
2.39778e-28
2.18772e-28
1.99575e-28
1.82036e-28
1.66015e-28
1.51386e-28
1.38032e-28
1.25846e-28
1.14731e-28
1.04595e-28
9.53581e-29
8.69438e-29
7.92838e-29
7.23152e-29
6.59807e-29
6.02279e-29
5.50093e-29
5.02813e-29
4.60047e-29
4.21436e-29
3.86656e-29
3.55414e-29
3.27449e-29
3.02521e-29
2.80421e-29
2.6096e-29
2.43971e-29
2.29308e-29
2.16845e-29
2.06472e-29
1.98098e-29
1.91646e-29
1.87056e-29
1.84283e-29
1.83293e-29
1.84069e-29
1.86605e-29
1.90908e-29
1.96998e-29
2.04906e-29
2.14675e-29
2.26361e-29
2.40031e-29
2.55763e-29
