5
1e+17
1e+17
49.9998
4.99998
13262.1
7.67805e-20
7.67768e-20
7.6752e-20
7.67125e-20
7.66579e-20
7.65882e-20
7.65034e-20
7.64034e-20
7.62884e-20
7.61584e-20
7.60135e-20
7.58537e-20
7.56792e-20
7.54901e-20
7.52865e-20
7.50684e-20
7.4836e-20
7.45896e-20
7.43291e-20
7.40548e-20
7.37667e-20
7.34652e-20
7.31503e-20
7.28223e-20
7.24813e-20
7.21275e-20
7.17612e-20
7.13824e-20
7.09916e-20
7.05888e-20
7.01743e-20
6.97483e-20
6.93112e-20
6.8863e-20
6.84041e-20
6.79347e-20
6.74551e-20
6.69656e-20
6.64663e-20
6.59577e-20
6.54399e-20
6.49132e-20
6.43779e-20
6.38343e-20
6.32827e-20
6.27234e-20
6.21566e-20
6.15827e-20
6.10019e-20
6.04145e-20
5.98209e-20
5.92213e-20
5.86161e-20
5.80054e-20
5.73897e-20
5.67693e-20
5.61443e-20
5.55152e-20
5.48821e-20
5.42455e-20
5.36056e-20
5.29626e-20
5.2317e-20
5.16689e-20
5.10187e-20
5.03667e-20
4.9713e-20
4.90581e-20
4.84021e-20
4.77454e-20
4.70882e-20
4.64309e-20
4.57735e-20
4.51165e-20
4.44601e-20
4.38044e-20
4.31499e-20
4.24966e-20
4.18449e-20
4.1195e-20
4.05471e-20
3.99014e-20
3.92582e-20
3.86177e-20
3.798e-20
3.73454e-20
3.67141e-20
3.60863e-20
3.54622e-20
3.48419e-20
3.42256e-20
3.36135e-20
3.30058e-20
3.24026e-20
3.18041e-20
3.12104e-20
3.06217e-20
3.00381e-20
2.94598e-20
2.88868e-20
2.83193e-20
2.77574e-20
2.72013e-20
2.6651e-20
2.61066e-20
2.55682e-20
2.50359e-20
2.45099e-20
2.399e-20
2.34766e-20
2.29695e-20
2.24689e-20
2.19748e-20
2.14873e-20
2.10064e-20
2.05322e-20
2.00647e-20
1.96039e-20
1.91498e-20
1.87026e-20
1.82621e-20
1.78285e-20
1.74016e-20
1.69816e-20
1.65684e-20
1.61621e-20
1.57625e-20
1.53698e-20
1.49838e-20
1.46046e-20
1.42322e-20
1.38664e-20
1.35074e-20
1.3155e-20
1.28093e-20
1.24701e-20
1.21375e-20
1.18114e-20
1.14917e-20
1.11785e-20
1.08716e-20
1.0571e-20
1.02766e-20
9.98849e-21
9.70645e-21
9.43049e-21
9.16052e-21
8.89649e-21
8.63833e-21
8.38596e-21
8.13933e-21
7.89836e-21
7.66297e-21
7.43309e-21
7.20865e-21
6.98957e-21
6.77577e-21
6.56718e-21
6.36373e-21
6.16532e-21
5.97189e-21
5.78335e-21
5.59962e-21
5.42062e-21
5.24628e-21
5.0765e-21
4.91122e-21
4.75035e-21
4.59381e-21
4.44152e-21
4.29339e-21
4.14936e-21
4.00933e-21
3.87324e-21
3.741e-21
3.61253e-21
3.48776e-21
3.3666e-21
3.24898e-21
3.13483e-21
3.02406e-21
2.91661e-21
2.8124e-21
2.71135e-21
2.61339e-21
2.51846e-21
2.42647e-21
2.33736e-21
2.25107e-21
2.16751e-21
2.08662e-21
2.00834e-21
1.9326e-21
1.85933e-21
1.78848e-21
1.71997e-21
1.65374e-21
1.58974e-21
1.5279e-21
1.46816e-21
1.41047e-21
1.35477e-21
1.301e-21
1.2491e-21
1.19903e-21
1.15074e-21
1.10416e-21
1.05924e-21
1.01595e-21
9.74225e-22
9.34022e-22
8.95294e-22
8.57996e-22
8.22083e-22
7.87512e-22
7.54239e-22
7.22225e-22
6.91427e-22
6.61807e-22
6.33326e-22
6.05947e-22
5.79632e-22
5.54346e-22
5.30055e-22
5.06725e-22
4.84323e-22
4.62816e-22
4.42173e-22
4.22365e-22
4.03362e-22
3.85136e-22
3.67657e-22
3.509e-22
3.34839e-22
3.19448e-22
3.04702e-22
2.90577e-22
2.77051e-22
2.641e-22
2.51704e-22
2.39841e-22
2.2849e-22
2.17633e-22
2.07249e-22
1.97321e-22
1.8783e-22
1.78759e-22
1.70092e-22
1.61813e-22
1.53905e-22
1.46354e-22
1.39146e-22
1.32265e-22
1.257e-22
1.19437e-22
1.13462e-22
1.07765e-22
1.02334e-22
9.71561e-23
9.22221e-23
8.75211e-23
8.3043e-23
7.87784e-23
7.47177e-23
7.08522e-23
6.71733e-23
6.36726e-23
6.03424e-23
5.71749e-23
5.41629e-23
5.12994e-23
4.85776e-23
4.59911e-23
4.35337e-23
4.11994e-23
3.89826e-23
3.68777e-23
3.48796e-23
3.29832e-23
3.11838e-23
2.94768e-23
2.78577e-23
2.63223e-23
2.48667e-23
2.3487e-23
2.21794e-23
2.09406e-23
1.97671e-23
1.86557e-23
1.76033e-23
1.6607e-23
1.56641e-23
1.47719e-23
1.39277e-23
1.31292e-23
1.23741e-23
1.16602e-23
1.09853e-23
1.03475e-23
9.74479e-24
9.17543e-24
8.63766e-24
8.12984e-24
7.65039e-24
7.19782e-24
6.77072e-24
6.36774e-24
5.98758e-24
5.62903e-24
5.29094e-24
4.97219e-24
4.67175e-24
4.38861e-24
4.12185e-24
3.87055e-24
3.63388e-24
3.41102e-24
3.20122e-24
3.00374e-24
2.81791e-24
2.64306e-24
2.47859e-24
2.32391e-24
2.17846e-24
2.04173e-24
1.91321e-24
1.79244e-24
1.67897e-24
1.57238e-24
1.47228e-24
1.37828e-24
1.29004e-24
1.20722e-24
1.1295e-24
1.05658e-24
9.88181e-25
9.24031e-25
8.63881e-25
8.07491e-25
7.54638e-25
7.05109e-25
6.58705e-25
6.15237e-25
5.74528e-25
5.36409e-25
5.00724e-25
4.67323e-25
4.36067e-25
4.06823e-25
3.79468e-25
3.53884e-25
3.29962e-25
3.07598e-25
2.86695e-25
2.67161e-25
2.4891e-25
2.31861e-25
2.15939e-25
2.01072e-25
1.87192e-25
1.74237e-25
1.62147e-25
1.50868e-25
1.40345e-25
1.30532e-25
1.21382e-25
1.12851e-25
1.049e-25
9.74898e-26
9.05859e-26
8.41547e-26
7.8165e-26
7.25877e-26
6.73954e-26
6.25624e-26
5.80648e-26
5.38802e-26
4.99875e-26
4.63671e-26
4.30006e-26
3.98708e-26
3.69617e-26
3.42583e-26
3.17464e-26
2.94131e-26
2.7246e-26
2.52336e-26
2.33654e-26
2.16313e-26
2.00221e-26
1.8529e-26
1.71439e-26
1.58593e-26
1.46681e-26
1.35637e-26
1.25401e-26
1.15915e-26
1.07125e-26
9.89834e-27
9.14425e-27
8.44597e-27
7.7995e-27
7.20111e-27
6.64735e-27
6.13498e-27
5.66101e-27
5.22264e-27
4.81728e-27
4.44253e-27
4.09613e-27
3.77601e-27
3.48023e-27
3.207e-27
2.95464e-27
2.72162e-27
2.50648e-27
2.30791e-27
2.12465e-27
1.95556e-27
1.79958e-27
1.65572e-27
1.52307e-27
1.40077e-27
1.28804e-27
1.18415e-27
1.08843e-27
1.00026e-27
9.19044e-28
8.44262e-28
7.75414e-28
7.12041e-28
6.53722e-28
6.00062e-28
5.507e-28
5.053e-28
4.63553e-28
4.25173e-28
3.89894e-28
3.57474e-28
3.27686e-28
3.00323e-28
2.75191e-28
2.52114e-28
2.30928e-28
2.11482e-28
1.93636e-28
1.77263e-28
1.62243e-28
1.48469e-28
1.35839e-28
1.2426e-28
1.13648e-28
1.03924e-28
9.5016e-29
8.68566e-29
7.93852e-29
7.25452e-29
6.6285e-29
6.0557e-29
5.53173e-29
5.05257e-29
4.61453e-29
4.21423e-29
3.84854e-29
3.51461e-29
3.20982e-29
2.93178e-29
2.67827e-29
2.4473e-29
2.237e-29
2.04571e-29
1.87191e-29
1.7142e-29
1.5713e-29
1.44206e-29
1.32543e-29
1.22045e-29
1.12625e-29
1.04208e-29
9.67215e-30
9.01028e-30
8.42955e-30
7.92495e-30
7.49209e-30
7.12712e-30
6.82673e-30
6.58812e-30
6.40893e-30
6.28726e-30
6.22164e-30
6.211e-30
6.25466e-30
6.35229e-30
6.50396e-30
6.71006e-30
6.97135e-30
7.28889e-30
7.66411e-30
8.09874e-30
8.59484e-30
9.15479e-30
