2
2e+16
1e+19
49.9999
1.99998
8387.66
2.99708e-19
2.99695e-19
2.99601e-19
2.9945e-19
2.99242e-19
2.98975e-19
2.98649e-19
2.98265e-19
2.97823e-19
2.97323e-19
2.96765e-19
2.9615e-19
2.95477e-19
2.94749e-19
2.93963e-19
2.93122e-19
2.92226e-19
2.91275e-19
2.9027e-19
2.89211e-19
2.881e-19
2.86936e-19
2.8572e-19
2.84453e-19
2.83136e-19
2.8177e-19
2.80354e-19
2.78891e-19
2.77381e-19
2.75824e-19
2.74222e-19
2.72576e-19
2.70885e-19
2.69153e-19
2.67378e-19
2.65563e-19
2.63708e-19
2.61815e-19
2.59883e-19
2.57915e-19
2.55912e-19
2.53874e-19
2.51802e-19
2.49698e-19
2.47563e-19
2.45397e-19
2.43203e-19
2.4098e-19
2.38731e-19
2.36456e-19
2.34156e-19
2.31833e-19
2.29488e-19
2.27121e-19
2.24735e-19
2.2233e-19
2.19907e-19
2.17468e-19
2.15013e-19
2.12544e-19
2.10062e-19
2.07567e-19
2.05062e-19
2.02548e-19
2.00024e-19
1.97493e-19
1.94956e-19
1.92413e-19
1.89865e-19
1.87315e-19
1.84762e-19
1.82208e-19
1.79654e-19
1.77101e-19
1.74549e-19
1.72001e-19
1.69456e-19
1.66916e-19
1.64381e-19
1.61853e-19
1.59332e-19
1.5682e-19
1.54316e-19
1.51823e-19
1.49341e-19
1.4687e-19
1.44411e-19
1.41966e-19
1.39534e-19
1.37117e-19
1.34715e-19
1.32329e-19
1.2996e-19
1.27608e-19
1.25273e-19
1.22957e-19
1.2066e-19
1.18383e-19
1.16125e-19
1.13889e-19
1.11673e-19
1.09478e-19
1.07306e-19
1.05156e-19
1.03028e-19
1.00924e-19
9.88431e-20
9.67859e-20
9.47528e-20
9.27441e-20
9.07601e-20
8.88009e-20
8.68668e-20
8.4958e-20
8.30748e-20
8.12172e-20
7.93854e-20
7.75796e-20
7.57999e-20
7.40464e-20
7.23191e-20
7.06181e-20
6.89435e-20
6.72952e-20
6.56734e-20
6.4078e-20
6.25089e-20
6.09662e-20
5.94497e-20
5.79595e-20
5.64955e-20
5.50575e-20
5.36455e-20
5.22593e-20
5.08989e-20
4.9564e-20
4.82546e-20
4.69705e-20
4.57114e-20
4.44773e-20
4.32678e-20
4.2083e-20
4.09224e-20
3.97859e-20
3.86733e-20
3.75843e-20
3.65187e-20
3.54763e-20
3.44568e-20
3.34599e-20
3.24854e-20
3.15329e-20
3.06023e-20
2.96932e-20
2.88054e-20
2.79385e-20
2.70923e-20
2.62665e-20
2.54608e-20
2.46748e-20
2.39083e-20
2.3161e-20
2.24325e-20
2.17226e-20
2.10309e-20
2.03571e-20
1.9701e-20
1.90621e-20
1.84403e-20
1.78351e-20
1.72463e-20
1.66736e-20
1.61166e-20
1.5575e-20
1.50486e-20
1.4537e-20
1.404e-20
1.35572e-20
1.30882e-20
1.2633e-20
1.2191e-20
1.17621e-20
1.13459e-20
1.09422e-20
1.05507e-20
1.01711e-20
9.80306e-21
9.44638e-21
9.10077e-21
8.76596e-21
8.44168e-21
8.12768e-21
7.82369e-21
7.52947e-21
7.24475e-21
6.96931e-21
6.70288e-21
6.44524e-21
6.19615e-21
5.95537e-21
5.72269e-21
5.49788e-21
5.28072e-21
5.071e-21
4.8685e-21
4.67302e-21
4.48436e-21
4.30232e-21
4.12671e-21
3.95732e-21
3.79399e-21
3.63653e-21
3.48475e-21
3.33849e-21
3.19758e-21
3.06184e-21
2.93112e-21
2.80525e-21
2.68409e-21
2.56749e-21
2.45528e-21
2.34734e-21
2.24352e-21
2.14369e-21
2.04771e-21
1.95545e-21
1.86679e-21
1.78161e-21
1.69978e-21
1.62119e-21
1.54573e-21
1.47328e-21
1.40375e-21
1.33703e-21
1.27302e-21
1.21162e-21
1.15273e-21
1.09627e-21
1.04215e-21
9.90279e-22
9.40574e-22
8.92955e-22
8.47349e-22
8.03686e-22
7.61898e-22
7.21922e-22
6.83698e-22
6.47163e-22
6.1226e-22
5.78929e-22
5.47112e-22
5.16754e-22
4.878e-22
4.60195e-22
4.33888e-22
4.08826e-22
3.84961e-22
3.62244e-22
3.40632e-22
3.20081e-22
3.00548e-22
2.81995e-22
2.64381e-22
2.47667e-22
2.31817e-22
2.16794e-22
2.02569e-22
1.89112e-22
1.76393e-22
1.64382e-22
1.53052e-22
1.42372e-22
1.32316e-22
1.22856e-22
1.13964e-22
1.05614e-22
9.778e-23
9.04358e-23
8.35565e-23
7.71178e-23
7.10961e-23
6.54687e-23
6.02148e-23
5.53167e-23
5.07571e-23
4.65187e-23
4.25845e-23
3.89379e-23
3.55624e-23
3.24423e-23
2.95622e-23
2.69071e-23
2.44627e-23
2.22153e-23
2.01517e-23
1.82593e-23
1.65261e-23
1.49408e-23
1.34926e-23
1.21712e-23
1.09671e-23
9.87124e-24
8.87509e-24
7.9707e-24
7.15061e-24
6.40787e-24
5.736e-24
5.12896e-24
4.58116e-24
4.0874e-24
3.64289e-24
3.24318e-24
2.88419e-24
2.56215e-24
2.27359e-24
2.01534e-24
1.78448e-24
1.57835e-24
1.39452e-24
1.23075e-24
1.08505e-24
9.55548e-25
8.40591e-25
7.38662e-25
6.48387e-25
5.68527e-25
4.97962e-25
4.3568e-25
3.80774e-25
3.32426e-25
2.899e-25
2.5254e-25
2.19755e-25
1.91017e-25
1.65857e-25
1.43854e-25
1.24633e-25
1.07863e-25
9.32473e-26
8.05241e-26
6.94608e-26
5.98521e-26
5.15161e-26
4.42926e-26
3.80402e-26
3.26347e-26
2.79666e-26
2.39399e-26
2.04705e-26
1.74847e-26
1.4918e-26
1.27141e-26
1.08239e-26
9.20461e-27
7.81894e-27
6.63458e-27
5.62342e-27
4.76113e-27
4.02663e-27
3.40169e-27
2.87059e-27
2.41974e-27
2.03745e-27
1.71368e-27
1.43977e-27
1.20831e-27
1.01295e-27
8.48242e-28
7.09535e-28
5.92858e-28
4.94824e-28
4.12548e-28
3.43576e-28
2.85821e-28
2.37515e-28
1.97158e-28
1.63479e-28
1.35405e-28
1.1203e-28
9.25899e-29
7.64399e-29
6.30384e-29
5.19302e-29
4.27332e-29
3.51271e-29
2.88438e-29
2.3659e-29
1.93854e-29
1.58668e-29
1.2973e-29
1.05958e-29
8.64496e-30
7.04589e-30
5.73658e-30
4.66568e-30
3.79074e-30
3.07668e-30
2.49456e-30
2.02049e-30
1.63485e-30
1.32147e-30
1.06708e-30
8.60796e-31
6.937e-31
5.58487e-31
4.49188e-31
3.60928e-31
2.89731e-31
2.32355e-31
1.86166e-31
1.49018e-31
1.19173e-31
9.52178e-32
7.60092e-32
6.06216e-32
4.83067e-32
3.84602e-32
3.05947e-32
2.43175e-32
1.93123e-32
1.53251e-32
1.21515e-32
9.62767e-33
7.62235e-33
6.03033e-33
4.76744e-33
3.76644e-33
2.97365e-33
2.34623e-33
1.85006e-33
1.45796e-33
1.14831e-33
9.03952e-34
7.11232e-34
5.59336e-34
4.39686e-34
3.4549e-34
2.71372e-34
2.13083e-34
1.67263e-34
1.31261e-34
1.02985e-34
8.0785e-35
6.33612e-35
4.969e-35
3.89661e-35
3.05559e-35
2.39615e-35
1.87914e-35
1.47385e-35
1.15614e-35
9.07105e-36
7.11883e-36
5.58835e-36
4.38835e-36
3.44731e-36
2.70919e-36
2.13009e-36
1.67561e-36
1.3188e-36
1.03857e-36
8.18381e-37
6.45293e-37
5.0916e-37
4.02032e-37
3.17679e-37
2.51218e-37
1.9882e-37
1.57482e-37
1.24846e-37
9.90612e-38
7.86745e-38
6.25434e-38
4.97698e-38
3.96472e-38
3.16193e-38
2.52481e-38
2.01881e-38
1.61671e-38
1.29699e-38
1.04267e-38
8.40325e-39
6.79336e-39
5.51301e-39
4.49569e-39
3.6887e-39
3.05034e-39
2.54756e-39
2.15423e-39
1.84972e-39
1.61778e-39
1.44567e-39
1.32349e-39
1.24363e-39
1.20039e-39
1.18961e-39
1.20847e-39
1.25528e-39
1.32939e-39
1.4311e-39
1.56162e-39
