2
1e+17
5e+18
49.9993
1.99998
8387.66
3.03186e-19
3.03173e-19
3.03077e-19
3.02924e-19
3.02712e-19
3.0244e-19
3.02108e-19
3.01716e-19
3.01265e-19
3.00755e-19
3.00185e-19
2.99557e-19
2.98871e-19
2.98127e-19
2.97325e-19
2.96467e-19
2.95552e-19
2.94581e-19
2.93555e-19
2.92474e-19
2.91338e-19
2.9015e-19
2.88909e-19
2.87615e-19
2.86271e-19
2.84876e-19
2.83431e-19
2.81937e-19
2.80396e-19
2.78807e-19
2.77172e-19
2.75491e-19
2.73766e-19
2.71998e-19
2.70187e-19
2.68335e-19
2.66442e-19
2.6451e-19
2.6254e-19
2.60532e-19
2.58488e-19
2.56409e-19
2.54297e-19
2.52151e-19
2.49973e-19
2.47765e-19
2.45528e-19
2.43262e-19
2.40969e-19
2.3865e-19
2.36306e-19
2.33939e-19
2.31549e-19
2.29138e-19
2.26707e-19
2.24256e-19
2.21789e-19
2.19304e-19
2.16804e-19
2.1429e-19
2.11763e-19
2.09224e-19
2.06674e-19
2.04115e-19
2.01547e-19
1.98972e-19
1.9639e-19
1.93803e-19
1.91212e-19
1.88619e-19
1.86023e-19
1.83427e-19
1.8083e-19
1.78235e-19
1.75642e-19
1.73053e-19
1.70467e-19
1.67887e-19
1.65312e-19
1.62745e-19
1.60186e-19
1.57635e-19
1.55095e-19
1.52564e-19
1.50045e-19
1.47539e-19
1.45045e-19
1.42565e-19
1.40099e-19
1.37649e-19
1.35214e-19
1.32796e-19
1.30396e-19
1.28013e-19
1.25648e-19
1.23303e-19
1.20978e-19
1.18672e-19
1.16387e-19
1.14124e-19
1.11882e-19
1.09663e-19
1.07466e-19
1.05292e-19
1.03141e-19
1.01014e-19
9.89115e-20
9.68333e-20
9.47798e-20
9.27514e-20
9.07483e-20
8.87708e-20
8.6819e-20
8.48932e-20
8.29936e-20
8.11203e-20
7.92735e-20
7.74533e-20
7.56597e-20
7.3893e-20
7.21531e-20
7.04401e-20
6.87541e-20
6.70951e-20
6.5463e-20
6.38579e-20
6.22797e-20
6.07284e-20
5.9204e-20
5.77063e-20
5.62352e-20
5.47907e-20
5.33727e-20
5.1981e-20
5.06155e-20
4.9276e-20
4.79624e-20
4.66745e-20
4.54121e-20
4.41751e-20
4.29631e-20
4.17761e-20
4.06138e-20
3.94759e-20
3.83622e-20
3.72725e-20
3.62066e-20
3.51641e-20
3.41448e-20
3.31484e-20
3.21746e-20
3.12233e-20
3.0294e-20
2.93865e-20
2.85005e-20
2.76356e-20
2.67917e-20
2.59683e-20
2.51653e-20
2.43821e-20
2.36187e-20
2.28745e-20
2.21494e-20
2.14429e-20
2.07549e-20
2.00849e-20
1.94326e-20
1.87978e-20
1.818e-20
1.7579e-20
1.69945e-20
1.64262e-20
1.58736e-20
1.53366e-20
1.48148e-20
1.43078e-20
1.38154e-20
1.33373e-20
1.28732e-20
1.24227e-20
1.19856e-20
1.15615e-20
1.11502e-20
1.07513e-20
1.03646e-20
9.98986e-21
9.62669e-21
9.27486e-21
8.93408e-21
8.60408e-21
8.28459e-21
7.97536e-21
7.67612e-21
7.3866e-21
7.10657e-21
6.83576e-21
6.57394e-21
6.32086e-21
6.07629e-21
5.83999e-21
5.61173e-21
5.39129e-21
5.17846e-21
4.97301e-21
4.77473e-21
4.58341e-21
4.39885e-21
4.22086e-21
4.04923e-21
3.88378e-21
3.72431e-21
3.57065e-21
3.42262e-21
3.28004e-21
3.14274e-21
3.01056e-21
2.88333e-21
2.76089e-21
2.6431e-21
2.52979e-21
2.42082e-21
2.31606e-21
2.21535e-21
2.11856e-21
2.02556e-21
1.93623e-21
1.85043e-21
1.76804e-21
1.68895e-21
1.61304e-21
1.54019e-21
1.47031e-21
1.40327e-21
1.33899e-21
1.27736e-21
1.21829e-21
1.16167e-21
1.10743e-21
1.05546e-21
1.0057e-21
9.58047e-22
9.1243e-22
8.6877e-22
8.26992e-22
7.87026e-22
7.48802e-22
7.12252e-22
6.77312e-22
6.4392e-22
6.12013e-22
5.81534e-22
5.52426e-22
5.24633e-22
4.98103e-22
4.72784e-22
4.48626e-22
4.25582e-22
4.03606e-22
3.82654e-22
3.62682e-22
3.4365e-22
3.25519e-22
3.08249e-22
2.91806e-22
2.76152e-22
2.61255e-22
2.47081e-22
2.33601e-22
2.20784e-22
2.08601e-22
1.97025e-22
1.86029e-22
1.75588e-22
1.65676e-22
1.5627e-22
1.47346e-22
1.38884e-22
1.30861e-22
1.23256e-22
1.16052e-22
1.09227e-22
1.02765e-22
9.66486e-23
9.08612e-23
8.53876e-23
8.0213e-23
7.53231e-23
7.07042e-23
6.63431e-23
6.22272e-23
5.83442e-23
5.46826e-23
5.12312e-23
4.79792e-23
4.49164e-23
4.20329e-23
3.93195e-23
3.67671e-23
3.43672e-23
3.21116e-23
2.99925e-23
2.80024e-23
2.61344e-23
2.43815e-23
2.27375e-23
2.11961e-23
1.97516e-23
1.83984e-23
1.71313e-23
1.59453e-23
1.48356e-23
1.37978e-23
1.28277e-23
1.19211e-23
1.10743e-23
1.02837e-23
9.54581e-24
8.85742e-24
8.21547e-24
7.61709e-24
7.05954e-24
6.54026e-24
6.05681e-24
5.60692e-24
5.18842e-24
4.79929e-24
4.43762e-24
4.1016e-24
3.78955e-24
3.49987e-24
3.23108e-24
2.98177e-24
2.75063e-24
2.53642e-24
2.33798e-24
2.15423e-24
1.98415e-24
1.82679e-24
1.68125e-24
1.54671e-24
1.42239e-24
1.30756e-24
1.20153e-24
1.10367e-24
1.0134e-24
9.30145e-25
8.53407e-25
7.827e-25
7.17577e-25
6.57621e-25
6.02446e-25
5.51691e-25
5.05021e-25
4.62124e-25
4.22712e-25
3.86516e-25
3.53287e-25
3.22795e-25
2.94825e-25
2.69179e-25
2.45673e-25
2.24138e-25
2.04416e-25
1.86361e-25
1.6984e-25
1.54728e-25
1.4091e-25
1.2828e-25
1.16741e-25
1.06202e-25
9.65812e-26
8.78014e-26
7.97921e-26
7.24886e-26
6.58312e-26
5.97651e-26
5.42398e-26
4.92089e-26
4.463e-26
4.04639e-26
3.66749e-26
3.323e-26
3.00992e-26
2.72547e-26
2.46714e-26
2.23261e-26
2.01976e-26
1.82666e-26
1.65152e-26
1.49274e-26
1.34884e-26
1.21846e-26
1.10037e-26
9.93447e-27
8.9667e-27
8.09103e-27
7.29893e-27
6.58265e-27
5.93513e-27
5.34995e-27
4.82126e-27
4.34376e-27
3.91261e-27
3.52342e-27
3.1722e-27
2.85535e-27
2.56957e-27
2.31189e-27
2.07961e-27
1.87027e-27
1.68165e-27
1.51176e-27
1.35876e-27
1.22102e-27
1.09703e-27
9.85449e-28
8.85061e-28
7.94759e-28
7.13549e-28
6.4053e-28
5.74888e-28
5.15891e-28
4.62877e-28
4.15247e-28
3.72464e-28
3.34041e-28
2.9954e-28
2.68567e-28
2.40765e-28
2.15813e-28
1.93424e-28
1.73337e-28
1.55319e-28
1.39159e-28
1.24667e-28
1.11674e-28
1.00026e-28
8.95846e-29
8.02265e-29
7.18416e-29
6.43303e-29
5.76027e-29
5.1578e-29
4.61836e-29
4.13545e-29
3.70323e-29
3.31644e-29
2.97039e-29
2.66085e-29
2.38404e-29
2.13656e-29
1.91537e-29
1.71774e-29
1.54123e-29
1.38365e-29
1.24303e-29
1.11762e-29
1.00584e-29
9.06287e-30
8.17699e-30
7.38946e-30
6.69019e-30
6.07017e-30
5.52132e-30
5.03643e-30
4.60908e-30
4.2335e-30
3.90458e-30
3.61774e-30
3.36892e-30
3.15449e-30
2.97124e-30
2.81629e-30
2.68712e-30
2.58149e-30
2.49741e-30
2.43313e-30
2.38713e-30
2.35806e-30
2.34476e-30
2.34621e-30
2.36155e-30
2.39003e-30
2.43102e-30
2.48402e-30
2.54859e-30
2.62441e-30
2.71122e-30
2.80885e-30
2.9172e-30
3.03622e-30
3.16594e-30
3.30644e-30
3.45785e-30
3.62036e-30
3.79421e-30
3.97968e-30
4.17711e-30
4.38688e-30
4.60942e-30
4.8452e-30
