5
1e+16
2e+17
50
4.99998
13262.1
7.44136e-20
7.44056e-20
7.43692e-20
7.43187e-20
7.42541e-20
7.41755e-20
7.40829e-20
7.39764e-20
7.3856e-20
7.37219e-20
7.35741e-20
7.34127e-20
7.32378e-20
7.30495e-20
7.2848e-20
7.26332e-20
7.24054e-20
7.21647e-20
7.19112e-20
7.1645e-20
7.13663e-20
7.10752e-20
7.07719e-20
7.04566e-20
7.01294e-20
6.97905e-20
6.94401e-20
6.90784e-20
6.87055e-20
6.83218e-20
6.79273e-20
6.75223e-20
6.7107e-20
6.66816e-20
6.62464e-20
6.58015e-20
6.53473e-20
6.48838e-20
6.44115e-20
6.39305e-20
6.34411e-20
6.29435e-20
6.2438e-20
6.19247e-20
6.14041e-20
6.08763e-20
6.03416e-20
5.98003e-20
5.92526e-20
5.86988e-20
5.81391e-20
5.75738e-20
5.70033e-20
5.64277e-20
5.58473e-20
5.52624e-20
5.46732e-20
5.40801e-20
5.34833e-20
5.2883e-20
5.22795e-20
5.16731e-20
5.10641e-20
5.04527e-20
4.98391e-20
4.92236e-20
4.86065e-20
4.7988e-20
4.73684e-20
4.67479e-20
4.61268e-20
4.55053e-20
4.48836e-20
4.4262e-20
4.36407e-20
4.302e-20
4.24e-20
4.1781e-20
4.11632e-20
4.05468e-20
3.9932e-20
3.93191e-20
3.87082e-20
3.80995e-20
3.74933e-20
3.68896e-20
3.62888e-20
3.56909e-20
3.50961e-20
3.45047e-20
3.39168e-20
3.33325e-20
3.2752e-20
3.21754e-20
3.1603e-20
3.10347e-20
3.04709e-20
2.99115e-20
2.93568e-20
2.88068e-20
2.82617e-20
2.77216e-20
2.71865e-20
2.66567e-20
2.61321e-20
2.56129e-20
2.50991e-20
2.45909e-20
2.40883e-20
2.35914e-20
2.31002e-20
2.26149e-20
2.21355e-20
2.1662e-20
2.11944e-20
2.07329e-20
2.02775e-20
1.98282e-20
1.9385e-20
1.8948e-20
1.85172e-20
1.80926e-20
1.76742e-20
1.7262e-20
1.68561e-20
1.64565e-20
1.60631e-20
1.56759e-20
1.5295e-20
1.49204e-20
1.45519e-20
1.41897e-20
1.38336e-20
1.34838e-20
1.314e-20
1.28024e-20
1.24708e-20
1.21453e-20
1.18259e-20
1.15124e-20
1.12048e-20
1.09031e-20
1.06073e-20
1.03172e-20
1.0033e-20
9.7544e-21
9.48147e-21
9.21414e-21
8.95235e-21
8.69605e-21
8.44516e-21
8.19964e-21
7.95942e-21
7.72443e-21
7.49463e-21
7.26994e-21
7.05031e-21
6.83567e-21
6.62596e-21
6.42113e-21
6.22109e-21
6.02579e-21
5.83515e-21
5.64911e-21
5.46761e-21
5.29057e-21
5.11792e-21
4.94961e-21
4.78556e-21
4.62571e-21
4.47e-21
4.31837e-21
4.17075e-21
4.02707e-21
3.88728e-21
3.75131e-21
3.61908e-21
3.49053e-21
3.3656e-21
3.24422e-21
3.12633e-21
3.01187e-21
2.90079e-21
2.79302e-21
2.6885e-21
2.58716e-21
2.48895e-21
2.3938e-21
2.30165e-21
2.21244e-21
2.12609e-21
2.04255e-21
1.96175e-21
1.88363e-21
1.80812e-21
1.73516e-21
1.66469e-21
1.59665e-21
1.53096e-21
1.46758e-21
1.40644e-21
1.34749e-21
1.29065e-21
1.23587e-21
1.1831e-21
1.13228e-21
1.08335e-21
1.03625e-21
9.90933e-22
9.47344e-22
9.0543e-22
8.65139e-22
8.2642e-22
7.89224e-22
7.53501e-22
7.19205e-22
6.86287e-22
6.54703e-22
6.24408e-22
5.95358e-22
5.6751e-22
5.40824e-22
5.15257e-22
4.90771e-22
4.67327e-22
4.44888e-22
4.23417e-22
4.02878e-22
3.83237e-22
3.6446e-22
3.46514e-22
3.29368e-22
3.12991e-22
2.97353e-22
2.82425e-22
2.68179e-22
2.54588e-22
2.41626e-22
2.29267e-22
2.17485e-22
2.06259e-22
1.95564e-22
1.85378e-22
1.75681e-22
1.6645e-22
1.57666e-22
1.4931e-22
1.41363e-22
1.33807e-22
1.26626e-22
1.19801e-22
1.13318e-22
1.07161e-22
1.01315e-22
9.5766e-23
9.05002e-23
8.55046e-23
8.07665e-23
7.62739e-23
7.20152e-23
6.79792e-23
6.41553e-23
6.05334e-23
5.71035e-23
5.38565e-23
5.07832e-23
4.78752e-23
4.51242e-23
4.25224e-23
4.00624e-23
3.77369e-23
3.55392e-23
3.34627e-23
3.15013e-23
2.96489e-23
2.79e-23
2.62491e-23
2.46912e-23
2.32212e-23
2.18347e-23
2.05271e-23
1.92942e-23
1.8132e-23
1.70367e-23
1.60047e-23
1.50325e-23
1.41169e-23
1.32547e-23
1.2443e-23
1.16791e-23
1.09602e-23
1.02838e-23
9.64751e-24
9.04914e-24
8.48651e-24
7.95758e-24
7.46043e-24
6.99325e-24
6.5543e-24
6.14197e-24
5.7547e-24
5.39105e-24
5.04963e-24
4.72913e-24
4.42834e-24
4.14609e-24
3.88128e-24
3.63288e-24
3.3999e-24
3.18143e-24
2.9766e-24
2.78458e-24
2.60461e-24
2.43596e-24
2.27793e-24
2.12988e-24
1.9912e-24
1.86132e-24
1.7397e-24
1.62583e-24
1.51922e-24
1.41944e-24
1.32606e-24
1.23867e-24
1.15691e-24
1.08042e-24
1.00888e-24
9.41964e-25
8.79391e-25
8.20883e-25
7.66185e-25
7.15053e-25
6.67262e-25
6.22599e-25
5.80864e-25
5.41869e-25
5.0544e-25
4.7141e-25
4.39627e-25
4.09944e-25
3.82226e-25
3.56347e-25
3.32186e-25
3.09632e-25
2.8858e-25
2.68934e-25
2.50599e-25
2.33492e-25
2.17531e-25
2.02641e-25
1.88752e-25
1.75798e-25
1.63716e-25
1.5245e-25
1.41946e-25
1.32152e-25
1.23022e-25
1.14512e-25
1.0658e-25
9.91883e-26
9.22998e-26
8.58815e-26
7.99016e-26
7.43309e-26
6.91418e-26
6.43086e-26
5.98075e-26
5.56159e-26
5.1713e-26
4.80792e-26
4.46964e-26
4.15474e-26
3.86165e-26
3.58887e-26
3.33503e-26
3.09883e-26
2.87907e-26
2.67462e-26
2.48444e-26
2.30755e-26
2.14303e-26
1.99004e-26
1.84778e-26
1.71551e-26
1.59255e-26
1.47824e-26
1.372e-26
1.27326e-26
1.1815e-26
1.09623e-26
1.01702e-26
9.43423e-27
8.7506e-27
8.11565e-27
7.52595e-27
6.97835e-27
6.46989e-27
5.99782e-27
5.55958e-27
5.1528e-27
4.77526e-27
4.42489e-27
4.09977e-27
3.79811e-27
3.51825e-27
3.25865e-27
3.01787e-27
2.79456e-27
2.58748e-27
2.39547e-27
2.21746e-27
2.05244e-27
1.89948e-27
1.75772e-27
1.62635e-27
1.50462e-27
1.39185e-27
1.28737e-27
1.1906e-27
1.10098e-27
1.01798e-27
9.41127e-28
8.69975e-28
8.04107e-28
7.43139e-28
6.86713e-28
6.34496e-28
5.8618e-28
5.4148e-28
5.00129e-28
4.61882e-28
4.26509e-28
3.93799e-28
3.63555e-28
3.35595e-28
3.09749e-28
2.8586e-28
2.63783e-28
2.43384e-28
2.24537e-28
2.07126e-28
1.91044e-28
1.76191e-28
1.62476e-28
1.49812e-28
1.38122e-28
1.27331e-28
1.17371e-28
1.08181e-28
9.97017e-29
9.18792e-29
8.4664e-29
7.80099e-29
7.18743e-29
6.62178e-29
6.10038e-29
5.61986e-29
5.1771e-29
4.76922e-29
4.39355e-29
4.04763e-29
3.72918e-29
3.4361e-29
3.16644e-29
2.91842e-29
2.69038e-29
2.48079e-29
2.28825e-29
2.11145e-29
1.94919e-29
1.80038e-29
1.66411e-29
1.5395e-29
1.42573e-29
1.32202e-29
1.22769e-29
1.14208e-29
1.06464e-29
9.94863e-30
9.32224e-30
8.76256e-30
8.26532e-30
7.82665e-30
7.44309e-30
7.11155e-30
6.82925e-30
6.59375e-30
6.40292e-30
6.2549e-30
6.1481e-30
6.0812e-30
6.05312e-30
6.063e-30
6.11024e-30
6.19442e-30
6.31535e-30
6.47306e-30
6.66777e-30
6.89988e-30
7.17003e-30
7.47903e-30
