2
2e+16
5e+17
50
2
8387.66
3.03933e-19
3.03919e-19
3.03824e-19
3.0367e-19
3.03457e-19
3.03184e-19
3.0285e-19
3.02457e-19
3.02004e-19
3.01491e-19
3.00919e-19
3.00288e-19
2.99599e-19
2.98852e-19
2.98047e-19
2.97184e-19
2.96265e-19
2.9529e-19
2.94259e-19
2.93174e-19
2.92034e-19
2.9084e-19
2.89593e-19
2.88294e-19
2.86944e-19
2.85543e-19
2.84091e-19
2.82591e-19
2.81043e-19
2.79447e-19
2.77805e-19
2.76117e-19
2.74385e-19
2.72609e-19
2.7079e-19
2.6893e-19
2.67029e-19
2.65089e-19
2.63111e-19
2.61094e-19
2.59042e-19
2.56954e-19
2.54833e-19
2.52678e-19
2.50492e-19
2.48274e-19
2.46028e-19
2.43753e-19
2.4145e-19
2.39122e-19
2.36769e-19
2.34392e-19
2.31992e-19
2.29572e-19
2.27131e-19
2.24671e-19
2.22194e-19
2.197e-19
2.1719e-19
2.14667e-19
2.1213e-19
2.09581e-19
2.07022e-19
2.04453e-19
2.01875e-19
1.99291e-19
1.967e-19
1.94104e-19
1.91503e-19
1.889e-19
1.86296e-19
1.8369e-19
1.81085e-19
1.78481e-19
1.75879e-19
1.7328e-19
1.70686e-19
1.68097e-19
1.65515e-19
1.62939e-19
1.60371e-19
1.57813e-19
1.55264e-19
1.52726e-19
1.50199e-19
1.47685e-19
1.45183e-19
1.42696e-19
1.40223e-19
1.37765e-19
1.35324e-19
1.32899e-19
1.30492e-19
1.28102e-19
1.25732e-19
1.2338e-19
1.21048e-19
1.18737e-19
1.16446e-19
1.14177e-19
1.1193e-19
1.09705e-19
1.07503e-19
1.05323e-19
1.03168e-19
1.01036e-19
9.8929e-20
9.68462e-20
9.47884e-20
9.27558e-20
9.07486e-20
8.87671e-20
8.68115e-20
8.48821e-20
8.2979e-20
8.11023e-20
7.92522e-20
7.74289e-20
7.56324e-20
7.38628e-20
7.21202e-20
7.04047e-20
6.87162e-20
6.70548e-20
6.54205e-20
6.38134e-20
6.22332e-20
6.06801e-20
5.91538e-20
5.76545e-20
5.61819e-20
5.47361e-20
5.33167e-20
5.19238e-20
5.05572e-20
4.92167e-20
4.79022e-20
4.66135e-20
4.53503e-20
4.41126e-20
4.29001e-20
4.17126e-20
4.05499e-20
3.94117e-20
3.82978e-20
3.72079e-20
3.61418e-20
3.50993e-20
3.408e-20
3.30837e-20
3.21101e-20
3.1159e-20
3.02299e-20
2.93227e-20
2.84371e-20
2.75727e-20
2.67292e-20
2.59063e-20
2.51038e-20
2.43212e-20
2.35584e-20
2.28149e-20
2.20904e-20
2.13847e-20
2.06974e-20
2.00282e-20
1.93767e-20
1.87427e-20
1.81258e-20
1.75257e-20
1.69421e-20
1.63746e-20
1.5823e-20
1.52869e-20
1.4766e-20
1.426e-20
1.37686e-20
1.32915e-20
1.28283e-20
1.23788e-20
1.19426e-20
1.15196e-20
1.11092e-20
1.07114e-20
1.03257e-20
9.95194e-21
9.58977e-21
9.23893e-21
8.89914e-21
8.57013e-21
8.25163e-21
7.94337e-21
7.64509e-21
7.35654e-21
7.07746e-21
6.8076e-21
6.54672e-21
6.29457e-21
6.05091e-21
5.81552e-21
5.58816e-21
5.36861e-21
5.15665e-21
4.95206e-21
4.75463e-21
4.56415e-21
4.38042e-21
4.20323e-21
4.0324e-21
3.86773e-21
3.70904e-21
3.55614e-21
3.40885e-21
3.267e-21
3.13041e-21
2.99893e-21
2.87239e-21
2.75063e-21
2.63349e-21
2.52082e-21
2.41249e-21
2.30834e-21
2.20823e-21
2.11203e-21
2.0196e-21
1.93083e-21
1.84557e-21
1.76372e-21
1.68514e-21
1.60974e-21
1.53738e-21
1.46798e-21
1.40141e-21
1.33758e-21
1.27639e-21
1.21774e-21
1.16154e-21
1.1077e-21
1.05612e-21
1.00674e-21
9.59453e-22
9.14191e-22
8.70874e-22
8.29429e-22
7.89783e-22
7.51867e-22
7.15613e-22
6.80957e-22
6.47835e-22
6.16186e-22
5.85953e-22
5.57077e-22
5.29505e-22
5.03183e-22
4.7806e-22
4.54087e-22
4.31216e-22
4.09402e-22
3.886e-22
3.68768e-22
3.49865e-22
3.31851e-22
3.14689e-22
2.98343e-22
2.82776e-22
2.67956e-22
2.5385e-22
2.40426e-22
2.27657e-22
2.15511e-22
2.03963e-22
1.92985e-22
1.82552e-22
1.72639e-22
1.63224e-22
1.54282e-22
1.45793e-22
1.37736e-22
1.3009e-22
1.22836e-22
1.15957e-22
1.09433e-22
1.03249e-22
9.73886e-23
9.18364e-23
8.65778e-23
8.15987e-23
7.68857e-23
7.2426e-23
6.82071e-23
6.42172e-23
6.0445e-23
5.68797e-23
5.35109e-23
5.03287e-23
4.73236e-23
4.44865e-23
4.1809e-23
3.92826e-23
3.68996e-23
3.46525e-23
3.25341e-23
3.05375e-23
2.86564e-23
2.68846e-23
2.5216e-23
2.36453e-23
2.2167e-23
2.07761e-23
1.94677e-23
1.82374e-23
1.70807e-23
1.59936e-23
1.49721e-23
1.40126e-23
1.31115e-23
1.22655e-23
1.14714e-23
1.07262e-23
1.00272e-23
9.37155e-24
8.7568e-24
8.18052e-24
7.64045e-24
7.13445e-24
6.66047e-24
6.21661e-24
5.80105e-24
5.41209e-24
5.04811e-24
4.7076e-24
4.3891e-24
4.09128e-24
3.81286e-24
3.55263e-24
3.30947e-24
3.0823e-24
2.87013e-24
2.67201e-24
2.48705e-24
2.31442e-24
2.15334e-24
2.00305e-24
1.86288e-24
1.73217e-24
1.61031e-24
1.49672e-24
1.39087e-24
1.29224e-24
1.20038e-24
1.11482e-24
1.03516e-24
9.61009e-25
8.91992e-25
8.27772e-25
7.68026e-25
7.12456e-25
6.60779e-25
6.12733e-25
5.68072e-25
5.26566e-25
4.87999e-25
4.52171e-25
4.18894e-25
3.87993e-25
3.59304e-25
3.32673e-25
3.07957e-25
2.85025e-25
2.6375e-25
2.44018e-25
2.25719e-25
2.08754e-25
1.93028e-25
1.78452e-25
1.64947e-25
1.52435e-25
1.40846e-25
1.30114e-25
1.20177e-25
1.10978e-25
1.02464e-25
9.4586e-26
8.72972e-26
8.05549e-26
7.43196e-26
6.8554e-26
6.3224e-26
5.82974e-26
5.37447e-26
4.95383e-26
4.56526e-26
4.20638e-26
3.87499e-26
3.56904e-26
3.28663e-26
3.026e-26
2.78552e-26
2.56367e-26
2.35904e-26
2.17034e-26
1.99637e-26
1.83599e-26
1.68818e-26
1.55198e-26
1.4265e-26
1.31092e-26
1.20448e-26
1.10647e-26
1.01625e-26
9.3321e-27
8.56794e-27
7.86487e-27
7.21814e-27
6.62335e-27
6.07642e-27
5.57361e-27
5.11145e-27
4.68673e-27
4.29648e-27
3.93799e-27
3.60874e-27
3.30638e-27
3.02879e-27
2.77399e-27
2.54014e-27
2.32556e-27
2.12871e-27
1.94816e-27
1.78258e-27
1.63077e-27
1.49161e-27
1.36406e-27
1.24719e-27
1.14011e-27
1.04204e-27
9.52214e-28
8.69969e-28
7.94678e-28
7.25765e-28
6.62705e-28
6.0501e-28
5.52234e-28
5.03968e-28
4.59833e-28
4.19486e-28
3.82607e-28
3.48905e-28
3.18112e-28
2.89983e-28
2.64292e-28
2.40833e-28
2.19416e-28
1.99867e-28
1.82026e-28
1.65748e-28
1.50899e-28
1.37357e-28
1.25008e-28
1.13751e-28
1.03491e-28
9.41413e-29
8.56243e-29
7.78674e-29
7.08048e-29
6.43761e-29
5.85265e-29
5.32056e-29
4.83675e-29
4.39704e-29
3.9976e-29
3.63496e-29
3.30594e-29
3.00765e-29
2.73748e-29
2.49303e-29
2.27216e-29
2.07289e-29
1.89345e-29
1.73226e-29
1.58786e-29
1.45897e-29
1.34444e-29
1.24323e-29
1.15444e-29
1.07727e-29
1.01101e-29
9.55074e-30
9.08943e-30
8.72194e-30
8.44483e-30
8.25541e-30
8.15177e-30
8.13266e-30
8.19754e-30
8.34655e-30
8.58044e-30
8.90064e-30
9.30916e-30
9.80867e-30
1.04024e-29
