5
5e+16
2e+17
50
4.99998
13262.1
7.61906e-20
7.61862e-20
7.61594e-20
7.61182e-20
7.60622e-20
7.59913e-20
7.59055e-20
7.58049e-20
7.56895e-20
7.55593e-20
7.54146e-20
7.52553e-20
7.50815e-20
7.48934e-20
7.4691e-20
7.44746e-20
7.42441e-20
7.39997e-20
7.37416e-20
7.347e-20
7.31849e-20
7.28865e-20
7.25751e-20
7.22508e-20
7.19137e-20
7.15641e-20
7.12021e-20
7.08281e-20
7.04421e-20
7.00444e-20
6.96352e-20
6.92148e-20
6.87833e-20
6.83411e-20
6.78883e-20
6.74252e-20
6.69521e-20
6.64692e-20
6.59768e-20
6.54751e-20
6.49644e-20
6.4445e-20
6.39172e-20
6.33812e-20
6.28373e-20
6.22857e-20
6.17269e-20
6.1161e-20
6.05883e-20
6.00092e-20
5.94239e-20
5.88327e-20
5.82358e-20
5.76337e-20
5.70266e-20
5.64147e-20
5.57984e-20
5.5178e-20
5.45536e-20
5.39258e-20
5.32946e-20
5.26604e-20
5.20235e-20
5.13842e-20
5.07427e-20
5.00994e-20
4.94545e-20
4.88082e-20
4.81609e-20
4.75127e-20
4.68641e-20
4.62152e-20
4.55663e-20
4.49176e-20
4.42695e-20
4.36221e-20
4.29756e-20
4.23304e-20
4.16867e-20
4.10446e-20
4.04045e-20
3.97665e-20
3.91308e-20
3.84977e-20
3.78674e-20
3.724e-20
3.66158e-20
3.59949e-20
3.53776e-20
3.4764e-20
3.41543e-20
3.35486e-20
3.29472e-20
3.23502e-20
3.17577e-20
3.11699e-20
3.05869e-20
3.00089e-20
2.9436e-20
2.88683e-20
2.83059e-20
2.77491e-20
2.71978e-20
2.66521e-20
2.61123e-20
2.55783e-20
2.50502e-20
2.45282e-20
2.40123e-20
2.35026e-20
2.29992e-20
2.25021e-20
2.20113e-20
2.1527e-20
2.10491e-20
2.05778e-20
2.0113e-20
1.96548e-20
1.92032e-20
1.87583e-20
1.832e-20
1.78884e-20
1.74634e-20
1.70452e-20
1.66336e-20
1.62288e-20
1.58306e-20
1.54391e-20
1.50543e-20
1.46761e-20
1.43045e-20
1.39396e-20
1.35812e-20
1.32294e-20
1.28841e-20
1.25453e-20
1.22129e-20
1.18869e-20
1.15673e-20
1.1254e-20
1.09469e-20
1.06461e-20
1.03514e-20
1.00629e-20
9.78034e-21
9.5038e-21
9.23318e-21
8.96843e-21
8.70947e-21
8.45624e-21
8.20868e-21
7.96671e-21
7.73027e-21
7.49928e-21
7.27367e-21
7.05337e-21
6.8383e-21
6.6284e-21
6.42359e-21
6.22379e-21
6.02892e-21
5.83891e-21
5.65369e-21
5.47317e-21
5.29727e-21
5.12593e-21
4.95905e-21
4.79657e-21
4.63841e-21
4.48448e-21
4.33472e-21
4.18904e-21
4.04737e-21
3.90963e-21
3.77576e-21
3.64566e-21
3.51926e-21
3.3965e-21
3.27729e-21
3.16156e-21
3.04924e-21
2.94026e-21
2.83454e-21
2.73201e-21
2.63261e-21
2.53626e-21
2.4429e-21
2.35245e-21
2.26485e-21
2.18002e-21
2.09791e-21
2.01844e-21
1.94156e-21
1.86718e-21
1.79526e-21
1.72573e-21
1.65852e-21
1.59358e-21
1.53084e-21
1.47024e-21
1.41173e-21
1.35525e-21
1.30074e-21
1.24815e-21
1.19742e-21
1.1485e-21
1.10133e-21
1.05586e-21
1.01205e-21
9.69842e-22
9.29188e-22
8.90042e-22
8.52357e-22
8.16087e-22
7.81188e-22
7.47616e-22
7.15329e-22
6.84285e-22
6.54445e-22
6.25768e-22
5.98215e-22
5.7175e-22
5.46335e-22
5.21936e-22
4.98516e-22
4.76042e-22
4.54482e-22
4.33804e-22
4.13975e-22
3.94966e-22
3.76747e-22
3.59291e-22
3.42568e-22
3.26552e-22
3.11217e-22
2.96538e-22
2.8249e-22
2.69048e-22
2.56191e-22
2.43895e-22
2.32139e-22
2.20902e-22
2.10163e-22
1.99903e-22
1.90103e-22
1.80745e-22
1.7181e-22
1.63283e-22
1.55145e-22
1.47381e-22
1.39976e-22
1.32914e-22
1.26182e-22
1.19766e-22
1.13652e-22
1.07827e-22
1.02279e-22
9.69961e-23
9.19668e-23
8.718e-23
8.2625e-23
7.82917e-23
7.41703e-23
7.02512e-23
6.65254e-23
6.29842e-23
5.96193e-23
5.64225e-23
5.33862e-23
5.0503e-23
4.77657e-23
4.51676e-23
4.27023e-23
4.03633e-23
3.81447e-23
3.60409e-23
3.40463e-23
3.21557e-23
3.0364e-23
2.86665e-23
2.70585e-23
2.55357e-23
2.40939e-23
2.27291e-23
2.14374e-23
2.02151e-23
1.90589e-23
1.79654e-23
1.69313e-23
1.59537e-23
1.50297e-23
1.41566e-23
1.33316e-23
1.25523e-23
1.18164e-23
1.11216e-23
1.04656e-23
9.84653e-24
9.26236e-24
8.71124e-24
8.19142e-24
7.7012e-24
7.23901e-24
6.80333e-24
6.39271e-24
6.0058e-24
5.64129e-24
5.29796e-24
4.97464e-24
4.67023e-24
4.38367e-24
4.11398e-24
3.86019e-24
3.62144e-24
3.39686e-24
3.18565e-24
2.98706e-24
2.80037e-24
2.6249e-24
2.46e-24
2.30507e-24
2.15953e-24
2.02284e-24
1.89448e-24
1.77397e-24
1.66084e-24
1.55467e-24
1.45505e-24
1.36158e-24
1.2739e-24
1.19168e-24
1.11457e-24
1.04229e-24
9.74529e-25
9.11026e-25
8.51522e-25
7.95775e-25
7.43556e-25
6.94651e-25
6.48857e-25
6.05984e-25
5.65852e-25
5.28293e-25
4.93147e-25
4.60264e-25
4.29505e-25
4.00738e-25
3.73837e-25
3.48685e-25
3.25174e-25
3.03199e-25
2.82664e-25
2.63478e-25
2.45554e-25
2.28813e-25
2.1318e-25
1.98582e-25
1.84955e-25
1.72235e-25
1.60364e-25
1.49287e-25
1.38954e-25
1.29314e-25
1.20324e-25
1.11942e-25
1.04126e-25
9.68405e-26
9.00502e-26
8.37226e-26
7.78271e-26
7.2335e-26
6.72196e-26
6.24559e-26
5.80204e-26
5.38912e-26
5.00478e-26
4.64709e-26
4.31426e-26
4.00462e-26
3.71659e-26
3.44873e-26
3.19964e-26
2.96806e-26
2.75279e-26
2.55272e-26
2.36679e-26
2.19405e-26
2.03359e-26
1.88454e-26
1.74614e-26
1.61763e-26
1.49833e-26
1.3876e-26
1.28484e-26
1.1895e-26
1.10104e-26
1.019e-26
9.42908e-27
8.72355e-27
8.06946e-27
7.46318e-27
6.90129e-27
6.38063e-27
5.89827e-27
5.45146e-27
5.03765e-27
4.65447e-27
4.29971e-27
3.97132e-27
3.66739e-27
3.38616e-27
3.12596e-27
2.88527e-27
2.66266e-27
2.45681e-27
2.26649e-27
2.09056e-27
1.92795e-27
1.7777e-27
1.63888e-27
1.51064e-27
1.3922e-27
1.28283e-27
1.18185e-27
1.08863e-27
1.0026e-27
9.23208e-28
8.49961e-28
7.82393e-28
7.20076e-28
6.6261e-28
6.09628e-28
5.60789e-28
5.15777e-28
4.743e-28
4.36085e-28
4.00885e-28
3.68466e-28
3.38614e-28
3.11131e-28
2.85833e-28
2.62552e-28
2.41131e-28
2.21424e-28
2.03299e-28
1.86631e-28
1.71307e-28
1.5722e-28
1.44275e-28
1.32381e-28
1.21454e-28
1.1142e-28
1.02207e-28
9.37496e-29
8.59889e-29
7.88692e-29
7.23396e-29
6.63532e-29
6.08669e-29
5.58408e-29
5.12384e-29
4.70261e-29
4.31728e-29
3.96502e-29
3.64321e-29
3.34944e-29
3.08153e-29
2.83744e-29
2.61533e-29
2.41348e-29
2.23039e-29
2.06471e-29
1.91522e-29
1.78078e-29
1.66034e-29
1.55295e-29
1.45773e-29
1.37395e-29
1.30095e-29
1.23805e-29
1.18467e-29
1.14031e-29
1.10449e-29
1.07682e-29
1.05697e-29
1.04464e-29
1.03958e-29
1.04161e-29
1.05056e-29
1.06634e-29
1.08887e-29
1.11812e-29
1.15409e-29
1.19682e-29
1.2464e-29
1.30291e-29
1.36652e-29
1.43739e-29
1.51572e-29
1.60176e-29
1.69578e-29
