5
2e+16
1e+19
49.956
4.99997
13262.1
7.42914e-20
7.42138e-20
7.39812e-20
7.37295e-20
7.34658e-20
7.31921e-20
7.29091e-20
7.26173e-20
7.2317e-20
7.20085e-20
7.16919e-20
7.13675e-20
7.10355e-20
7.0696e-20
7.03493e-20
6.99955e-20
6.96347e-20
6.92671e-20
6.88927e-20
6.85115e-20
6.81236e-20
6.77292e-20
6.73284e-20
6.69211e-20
6.65077e-20
6.60882e-20
6.56627e-20
6.52313e-20
6.47943e-20
6.43517e-20
6.39036e-20
6.34503e-20
6.29918e-20
6.25283e-20
6.20599e-20
6.15869e-20
6.11092e-20
6.06272e-20
6.01409e-20
5.96504e-20
5.9156e-20
5.86578e-20
5.81559e-20
5.76506e-20
5.71418e-20
5.66299e-20
5.61149e-20
5.55971e-20
5.50765e-20
5.45534e-20
5.40278e-20
5.34999e-20
5.297e-20
5.24381e-20
5.19044e-20
5.13691e-20
5.08322e-20
5.0294e-20
4.97547e-20
4.92143e-20
4.8673e-20
4.8131e-20
4.75883e-20
4.70453e-20
4.65019e-20
4.59584e-20
4.54149e-20
4.48715e-20
4.43284e-20
4.37856e-20
4.32435e-20
4.2702e-20
4.21613e-20
4.16216e-20
4.10829e-20
4.05454e-20
4.00093e-20
3.94746e-20
3.89414e-20
3.841e-20
3.78804e-20
3.73526e-20
3.68269e-20
3.63034e-20
3.57821e-20
3.52631e-20
3.47466e-20
3.42326e-20
3.37213e-20
3.32127e-20
3.2707e-20
3.22041e-20
3.17043e-20
3.12076e-20
3.07141e-20
3.02238e-20
2.97368e-20
2.92532e-20
2.87731e-20
2.82966e-20
2.78236e-20
2.73544e-20
2.68888e-20
2.6427e-20
2.59691e-20
2.5515e-20
2.50649e-20
2.46188e-20
2.41767e-20
2.37387e-20
2.33048e-20
2.2875e-20
2.24494e-20
2.2028e-20
2.16108e-20
2.1198e-20
2.07893e-20
2.0385e-20
1.99851e-20
1.95894e-20
1.91982e-20
1.88112e-20
1.84287e-20
1.80506e-20
1.76768e-20
1.73075e-20
1.69425e-20
1.65819e-20
1.62257e-20
1.58739e-20
1.55265e-20
1.51835e-20
1.48448e-20
1.45105e-20
1.41805e-20
1.38548e-20
1.35334e-20
1.32164e-20
1.29036e-20
1.2595e-20
1.22907e-20
1.19905e-20
1.16946e-20
1.14027e-20
1.1115e-20
1.08314e-20
1.05519e-20
1.02764e-20
1.00049e-20
9.73732e-21
9.47371e-21
9.21399e-21
8.95814e-21
8.70612e-21
8.45793e-21
8.21358e-21
7.9731e-21
7.73649e-21
7.50377e-21
7.27494e-21
7.04998e-21
6.8289e-21
6.61167e-21
6.39829e-21
6.18875e-21
5.98305e-21
5.78121e-21
5.58322e-21
5.38908e-21
5.19885e-21
5.01259e-21
4.83033e-21
4.65212e-21
4.47796e-21
4.30789e-21
4.14191e-21
3.97999e-21
3.82213e-21
3.6683e-21
3.5185e-21
3.3728e-21
3.23122e-21
3.0938e-21
2.96054e-21
2.83144e-21
2.70648e-21
2.58564e-21
2.46888e-21
2.35617e-21
2.24743e-21
2.14263e-21
2.04168e-21
1.94453e-21
1.8511e-21
1.7613e-21
1.67506e-21
1.59229e-21
1.51291e-21
1.43682e-21
1.36394e-21
1.29417e-21
1.22741e-21
1.16359e-21
1.10261e-21
1.04436e-21
9.88774e-22
9.35744e-22
8.85186e-22
8.3701e-22
7.91128e-22
7.47455e-22
7.05906e-22
6.66398e-22
6.2885e-22
5.93182e-22
5.59318e-22
5.27181e-22
4.96699e-22
4.678e-22
4.40416e-22
4.14477e-22
3.89921e-22
3.66683e-22
3.44703e-22
3.23923e-22
3.04285e-22
2.85734e-22
2.68219e-22
2.51688e-22
2.36093e-22
2.21387e-22
2.07526e-22
1.94465e-22
1.82164e-22
1.70584e-22
1.59686e-22
1.49435e-22
1.39796e-22
1.30735e-22
1.22222e-22
1.14227e-22
1.0672e-22
9.96748e-23
9.30654e-23
8.6867e-23
8.10563e-23
7.56109e-23
7.05098e-23
6.57329e-23
6.12611e-23
5.70765e-23
5.31619e-23
4.95012e-23
4.60792e-23
4.28812e-23
3.98938e-23
3.71038e-23
3.44992e-23
3.20685e-23
2.98007e-23
2.76856e-23
2.57135e-23
2.38754e-23
2.21628e-23
2.05674e-23
1.90819e-23
1.76989e-23
1.64119e-23
1.52145e-23
1.41009e-23
1.30654e-23
1.21029e-23
1.12084e-23
1.03775e-23
9.60584e-24
8.88934e-24
8.22429e-24
7.60715e-24
7.03463e-24
6.50365e-24
6.01134e-24
5.55499e-24
5.13209e-24
4.7403e-24
4.37741e-24
4.04139e-24
3.73033e-24
3.44244e-24
3.17606e-24
2.92966e-24
2.70178e-24
2.4911e-24
2.29635e-24
2.11637e-24
1.95009e-24
1.7965e-24
1.65467e-24
1.52372e-24
1.40285e-24
1.2913e-24
1.18839e-24
1.09346e-24
1.00592e-24
9.25199e-25
8.50796e-25
7.82226e-25
7.19045e-25
6.60842e-25
6.07237e-25
5.57877e-25
5.12435e-25
4.70608e-25
4.32117e-25
3.96703e-25
3.64127e-25
3.34166e-25
3.06618e-25
2.81291e-25
2.58012e-25
2.3662e-25
2.16964e-25
1.98908e-25
1.82324e-25
1.67095e-25
1.53113e-25
1.40279e-25
1.285e-25
1.17691e-25
1.07774e-25
9.86774e-26
9.03347e-26
8.26845e-26
7.56707e-26
6.92414e-26
6.33489e-26
5.79492e-26
5.3002e-26
4.84701e-26
4.43193e-26
4.05181e-26
3.70377e-26
3.38515e-26
3.0935e-26
2.8266e-26
2.58236e-26
2.35891e-26
2.15451e-26
1.96755e-26
1.79658e-26
1.64026e-26
1.49734e-26
1.36669e-26
1.24729e-26
1.13818e-26
1.03848e-26
9.47393e-27
8.64192e-27
7.88202e-27
7.18807e-27
6.55444e-27
5.97595e-27
5.44788e-27
4.9659e-27
4.52603e-27
4.12466e-27
3.75846e-27
3.42439e-27
3.11966e-27
2.84174e-27
2.5883e-27
2.3572e-27
2.14651e-27
1.95445e-27
1.77938e-27
1.61983e-27
1.47443e-27
1.34195e-27
1.22125e-27
1.11129e-27
1.01113e-27
9.19915e-28
8.36844e-28
7.61201e-28
6.9233e-28
6.29631e-28
5.72557e-28
5.20608e-28
4.7333e-28
4.30306e-28
3.91158e-28
3.5554e-28
3.23137e-28
2.93662e-28
2.66852e-28
2.42469e-28
2.20296e-28
2.00134e-28
1.81802e-28
1.65136e-28
1.49985e-28
1.36214e-28
1.23697e-28
1.12322e-28
1.01985e-28
9.25923e-29
8.40583e-29
7.63051e-29
6.92619e-29
6.28642e-29
5.70534e-29
5.1776e-29
4.69834e-29
4.26315e-29
3.868e-29
3.50924e-29
3.18353e-29
2.88787e-29
2.61949e-29
2.3759e-29
2.15483e-29
1.9542e-29
1.77214e-29
1.60694e-29
1.45705e-29
1.32106e-29
1.1977e-29
1.08579e-29
9.84279e-30
8.92208e-30
8.08705e-30
7.32975e-30
6.64301e-30
6.02029e-30
5.45565e-30
4.94371e-30
4.47958e-30
4.05882e-30
3.67739e-30
3.33165e-30
3.01827e-30
2.73423e-30
2.47682e-30
2.24353e-30
2.03213e-30
1.84056e-30
1.66699e-30
1.50972e-30
1.36724e-30
1.23815e-30
1.12121e-30
1.01528e-30
9.19321e-31
8.32406e-31
7.53686e-31
6.82389e-31
6.1782e-31
5.59347e-31
5.06396e-31
4.58448e-31
4.15033e-31
3.75724e-31
3.40134e-31
3.07914e-31
2.78744e-31
2.52339e-31
2.28436e-31
2.06801e-31
1.87218e-31
1.69495e-31
1.53454e-31
1.38938e-31
1.25806e-31
1.13931e-31
1.03197e-31
9.3497e-32
8.47361e-32
7.68265e-32
6.96925e-32
6.32641e-32
5.74765e-32
5.22711e-32
4.75949e-32
4.34006e-32
3.96455e-32
3.62912e-32
3.33035e-32
3.06518e-32
2.83089e-32
2.62508e-32
2.4456e-32
2.29061e-32
2.15847e-32
2.0478e-32
1.95743e-32
1.88636e-32
1.83383e-32
1.79922e-32
1.78212e-32
1.78227e-32
1.79958e-32
1.83414e-32
