5
5e+16
2e+18
49.9999
4.99993
13262.1
7.29783e-20
7.29653e-20
7.29155e-20
7.28517e-20
7.27745e-20
7.26841e-20
7.25805e-20
7.24639e-20
7.23343e-20
7.21918e-20
7.20366e-20
7.18687e-20
7.16883e-20
7.14953e-20
7.129e-20
7.10725e-20
7.08428e-20
7.06011e-20
7.03476e-20
7.00822e-20
6.98053e-20
6.95168e-20
6.92171e-20
6.89061e-20
6.85841e-20
6.82512e-20
6.79077e-20
6.75536e-20
6.71892e-20
6.68147e-20
6.64302e-20
6.60359e-20
6.56321e-20
6.52189e-20
6.47966e-20
6.43653e-20
6.39253e-20
6.34768e-20
6.302e-20
6.25551e-20
6.20824e-20
6.16021e-20
6.11144e-20
6.06195e-20
6.01178e-20
5.96093e-20
5.90945e-20
5.85734e-20
5.80464e-20
5.75137e-20
5.69755e-20
5.64321e-20
5.58837e-20
5.53306e-20
5.4773e-20
5.42112e-20
5.36454e-20
5.30758e-20
5.25027e-20
5.19264e-20
5.1347e-20
5.07648e-20
5.01802e-20
4.95932e-20
4.90041e-20
4.84132e-20
4.78208e-20
4.72269e-20
4.6632e-20
4.60361e-20
4.54396e-20
4.48425e-20
4.42453e-20
4.3648e-20
4.3051e-20
4.24543e-20
4.18582e-20
4.1263e-20
4.06687e-20
4.00757e-20
3.94841e-20
3.88941e-20
3.83059e-20
3.77196e-20
3.71355e-20
3.65537e-20
3.59744e-20
3.53978e-20
3.4824e-20
3.42532e-20
3.36855e-20
3.31211e-20
3.25601e-20
3.20027e-20
3.1449e-20
3.08991e-20
3.03533e-20
2.98115e-20
2.92739e-20
2.87407e-20
2.82119e-20
2.76877e-20
2.71681e-20
2.66532e-20
2.61432e-20
2.56382e-20
2.51381e-20
2.46431e-20
2.41533e-20
2.36688e-20
2.31895e-20
2.27156e-20
2.22472e-20
2.17842e-20
2.13268e-20
2.08749e-20
2.04287e-20
1.99881e-20
1.95532e-20
1.9124e-20
1.87006e-20
1.8283e-20
1.78711e-20
1.74651e-20
1.70649e-20
1.66705e-20
1.6282e-20
1.58993e-20
1.55224e-20
1.51514e-20
1.47862e-20
1.44268e-20
1.40732e-20
1.37255e-20
1.33835e-20
1.30472e-20
1.27167e-20
1.23918e-20
1.20727e-20
1.17592e-20
1.14513e-20
1.11489e-20
1.08521e-20
1.05608e-20
1.0275e-20
9.99457e-21
9.71951e-21
9.44977e-21
9.1853e-21
8.92606e-21
8.67199e-21
8.42304e-21
8.17916e-21
7.94029e-21
7.70638e-21
7.47738e-21
7.25326e-21
7.03394e-21
6.8194e-21
6.60957e-21
6.40439e-21
6.20382e-21
6.00779e-21
5.81624e-21
5.62912e-21
5.44638e-21
5.26795e-21
5.09379e-21
4.92383e-21
4.75803e-21
4.59635e-21
4.43873e-21
4.28513e-21
4.13549e-21
3.98976e-21
3.8479e-21
3.70983e-21
3.5755e-21
3.44485e-21
3.31782e-21
3.19438e-21
3.07448e-21
2.95807e-21
2.84511e-21
2.73554e-21
2.6293e-21
2.52635e-21
2.42662e-21
2.33005e-21
2.23659e-21
2.14617e-21
2.05872e-21
1.9742e-21
1.89252e-21
1.81364e-21
1.73748e-21
1.66398e-21
1.59308e-21
1.5247e-21
1.4588e-21
1.39529e-21
1.33413e-21
1.27524e-21
1.21856e-21
1.16403e-21
1.11159e-21
1.06118e-21
1.01274e-21
9.66207e-22
9.21522e-22
8.7863e-22
8.37473e-22
7.97997e-22
7.60146e-22
7.23866e-22
6.89106e-22
6.55813e-22
6.23937e-22
5.93429e-22
5.64241e-22
5.36325e-22
5.09636e-22
4.84128e-22
4.59758e-22
4.36484e-22
4.14263e-22
3.93057e-22
3.72824e-22
3.53528e-22
3.35131e-22
3.17598e-22
3.00894e-22
2.84984e-22
2.69837e-22
2.5542e-22
2.41703e-22
2.28657e-22
2.16253e-22
2.04462e-22
1.93259e-22
1.82618e-22
1.72514e-22
1.62923e-22
1.53821e-22
1.45187e-22
1.37e-22
1.29238e-22
1.21882e-22
1.14913e-22
1.08313e-22
1.02063e-22
9.61487e-23
9.0552e-23
8.52581e-23
8.02521e-23
7.55198e-23
7.10477e-23
6.68226e-23
6.28323e-23
5.90647e-23
5.55086e-23
5.2153e-23
4.89876e-23
4.60025e-23
4.31882e-23
4.05358e-23
3.80367e-23
3.56827e-23
3.3466e-23
3.13792e-23
2.94152e-23
2.75675e-23
2.58294e-23
2.41951e-23
2.26587e-23
2.12148e-23
1.98582e-23
1.85839e-23
1.73873e-23
1.62639e-23
1.52096e-23
1.42204e-23
1.32924e-23
1.24222e-23
1.16063e-23
1.08416e-23
1.0125e-23
9.45371e-24
8.82497e-24
8.23625e-24
7.68514e-24
7.16937e-24
6.68679e-24
6.23537e-24
5.81321e-24
5.4185e-24
5.04956e-24
4.70477e-24
4.38263e-24
4.08173e-24
3.80073e-24
3.53838e-24
3.29348e-24
3.06495e-24
2.85172e-24
2.65282e-24
2.46732e-24
2.29437e-24
2.13314e-24
1.98288e-24
1.84287e-24
1.71243e-24
1.59094e-24
1.47782e-24
1.37249e-24
1.27445e-24
1.18321e-24
1.09832e-24
1.01935e-24
9.45897e-25
8.77594e-25
8.14092e-25
7.55064e-25
7.00205e-25
6.4923e-25
6.01873e-25
5.57885e-25
5.17035e-25
4.79104e-25
4.4389e-25
4.11205e-25
3.80872e-25
3.52727e-25
3.26616e-25
3.02396e-25
2.79935e-25
2.59107e-25
2.39797e-25
2.21898e-25
2.05308e-25
1.89935e-25
1.75691e-25
1.62496e-25
1.50273e-25
1.38954e-25
1.28472e-25
1.18767e-25
1.09783e-25
1.01468e-25
9.37721e-26
8.66507e-26
8.00619e-26
7.39665e-26
6.83283e-26
6.31136e-26
5.82914e-26
5.38324e-26
4.971e-26
4.58991e-26
4.23766e-26
3.9121e-26
3.61125e-26
3.33326e-26
3.07642e-26
2.83914e-26
2.61997e-26
2.41753e-26
2.23057e-26
2.05792e-26
1.89851e-26
1.75132e-26
1.61544e-26
1.49001e-26
1.37423e-26
1.26737e-26
1.16875e-26
1.07775e-26
9.93775e-27
9.16296e-27
8.44815e-27
7.78872e-27
7.18041e-27
6.61931e-27
6.10179e-27
5.62449e-27
5.18431e-27
4.7784e-27
4.4041e-27
4.05898e-27
3.74077e-27
3.44739e-27
3.17693e-27
2.92759e-27
2.69775e-27
2.48589e-27
2.2906e-27
2.11061e-27
1.94472e-27
1.79183e-27
1.65092e-27
1.52107e-27
1.40141e-27
1.29114e-27
1.18953e-27
1.0959e-27
1.00963e-27
9.30144e-28
8.56904e-28
7.89425e-28
7.27254e-28
6.69975e-28
6.17205e-28
5.68588e-28
5.23799e-28
4.82537e-28
4.44525e-28
4.09508e-28
3.77249e-28
3.47532e-28
3.20157e-28
2.94939e-28
2.71709e-28
2.50309e-28
2.30597e-28
2.12439e-28
1.95712e-28
1.80303e-28
1.6611e-28
1.53035e-28
1.40992e-28
1.29898e-28
1.19678e-28
1.10264e-28
1.01593e-28
9.36047e-29
8.62465e-29
7.94683e-29
7.32245e-29
6.74728e-29
6.21746e-29
5.72939e-29
5.2798e-29
4.86565e-29
4.48415e-29
4.13271e-29
3.80898e-29
3.51077e-29
3.23606e-29
2.98301e-29
2.74992e-29
2.5352e-29
2.33742e-29
2.15524e-29
1.98743e-29
1.83287e-29
1.69051e-29
1.5594e-29
1.43864e-29
1.32743e-29
1.22503e-29
1.13073e-29
1.04391e-29
9.63974e-30
8.90394e-30
8.22671e-30
7.60348e-30
7.03007e-30
6.50261e-30
6.01754e-30
5.57155e-30
5.16172e-30
4.78556e-30
4.44077e-30
4.12511e-30
3.8365e-30
3.57309e-30
3.33307e-30
3.11501e-30
2.91752e-30
2.73919e-30
2.57872e-30
2.43493e-30
2.30675e-30
2.19321e-30
2.09345e-30
2.00668e-30
1.9322e-30
1.8694e-30
1.81772e-30
1.77671e-30
1.74594e-30
1.72508e-30
1.71383e-30
1.71197e-30
1.71932e-30
1.73577e-30
1.76125e-30
1.79574e-30
1.83929e-30
1.89196e-30
1.9539e-30
