10
5e+16
2e+18
49.9809
10.0001
18755.4
3.19177e-20
3.18734e-20
3.17414e-20
3.15993e-20
3.14512e-20
3.12984e-20
3.11414e-20
3.09805e-20
3.08159e-20
3.06479e-20
3.04766e-20
3.03022e-20
3.01246e-20
2.99441e-20
2.97604e-20
2.95738e-20
2.93842e-20
2.91916e-20
2.89963e-20
2.87981e-20
2.85971e-20
2.83936e-20
2.81874e-20
2.79787e-20
2.77675e-20
2.7554e-20
2.73382e-20
2.71202e-20
2.69e-20
2.66777e-20
2.64534e-20
2.62272e-20
2.59992e-20
2.57694e-20
2.55379e-20
2.53048e-20
2.50702e-20
2.48341e-20
2.45966e-20
2.43578e-20
2.41178e-20
2.38767e-20
2.36345e-20
2.33913e-20
2.31472e-20
2.29022e-20
2.26565e-20
2.24102e-20
2.21632e-20
2.19156e-20
2.16676e-20
2.14192e-20
2.11705e-20
2.09216e-20
2.06725e-20
2.04233e-20
2.0174e-20
1.99248e-20
1.96757e-20
1.94267e-20
1.9178e-20
1.89296e-20
1.86816e-20
1.8434e-20
1.81868e-20
1.79403e-20
1.76943e-20
1.7449e-20
1.72044e-20
1.69606e-20
1.67177e-20
1.64756e-20
1.62345e-20
1.59943e-20
1.57552e-20
1.55172e-20
1.52804e-20
1.50447e-20
1.48102e-20
1.4577e-20
1.43452e-20
1.41146e-20
1.38855e-20
1.36578e-20
1.34316e-20
1.32069e-20
1.29837e-20
1.27621e-20
1.25421e-20
1.23237e-20
1.2107e-20
1.1892e-20
1.16787e-20
1.14671e-20
1.12573e-20
1.10493e-20
1.08431e-20
1.06387e-20
1.04361e-20
1.02355e-20
1.00367e-20
9.83977e-21
9.64478e-21
9.45171e-21
9.26058e-21
9.07139e-21
8.88416e-21
8.69889e-21
8.51558e-21
8.33426e-21
8.15494e-21
7.97763e-21
7.80236e-21
7.62913e-21
7.45795e-21
7.28884e-21
7.12181e-21
6.95686e-21
6.79402e-21
6.63329e-21
6.47471e-21
6.31829e-21
6.16407e-21
6.01207e-21
5.8623e-21
5.71478e-21
5.56952e-21
5.42654e-21
5.28587e-21
5.14756e-21
5.01162e-21
4.87809e-21
4.74696e-21
4.61827e-21
4.49201e-21
4.36819e-21
4.24682e-21
4.12788e-21
4.01139e-21
3.89732e-21
3.78567e-21
3.67642e-21
3.56957e-21
3.46509e-21
3.36296e-21
3.26317e-21
3.1657e-21
3.07051e-21
2.97758e-21
2.8869e-21
2.79842e-21
2.71213e-21
2.62799e-21
2.54597e-21
2.46605e-21
2.38818e-21
2.31235e-21
2.23851e-21
2.16663e-21
2.09668e-21
2.02862e-21
1.96243e-21
1.89806e-21
1.83548e-21
1.77466e-21
1.71556e-21
1.65815e-21
1.6024e-21
1.54825e-21
1.4957e-21
1.44469e-21
1.3952e-21
1.34718e-21
1.30061e-21
1.25546e-21
1.21169e-21
1.16926e-21
1.12815e-21
1.08831e-21
1.04973e-21
1.01237e-21
9.76194e-22
9.41175e-22
9.07283e-22
8.74487e-22
8.42759e-22
8.1207e-22
7.8239e-22
7.53694e-22
7.25952e-22
6.99139e-22
6.73227e-22
6.48192e-22
6.24008e-22
6.00649e-22
5.78092e-22
5.56313e-22
5.35289e-22
5.14996e-22
4.95414e-22
4.76519e-22
4.58291e-22
4.40708e-22
4.23752e-22
4.07402e-22
3.91638e-22
3.76443e-22
3.61797e-22
3.47684e-22
3.34085e-22
3.20983e-22
3.08364e-22
2.96209e-22
2.84505e-22
2.73235e-22
2.62386e-22
2.51942e-22
2.41891e-22
2.32218e-22
2.2291e-22
2.13956e-22
2.05341e-22
1.97056e-22
1.89088e-22
1.81425e-22
1.74058e-22
1.66975e-22
1.60166e-22
1.53622e-22
1.47333e-22
1.41289e-22
1.35483e-22
1.29904e-22
1.24545e-22
1.19397e-22
1.14453e-22
1.09706e-22
1.05147e-22
1.0077e-22
9.65679e-23
9.25343e-23
8.86627e-23
8.49469e-23
8.13811e-23
7.79595e-23
7.46765e-23
7.15269e-23
6.85055e-23
6.56073e-23
6.28276e-23
6.01617e-23
5.76053e-23
5.51539e-23
5.28036e-23
5.05502e-23
4.83901e-23
4.63195e-23
4.43348e-23
4.24327e-23
4.06098e-23
3.8863e-23
3.71892e-23
3.55855e-23
3.40491e-23
3.25772e-23
3.11673e-23
2.98168e-23
2.85233e-23
2.72846e-23
2.60982e-23
2.49622e-23
2.38745e-23
2.2833e-23
2.18359e-23
2.08813e-23
1.99676e-23
1.90929e-23
1.82556e-23
1.74543e-23
1.66874e-23
1.59535e-23
1.52512e-23
1.45792e-23
1.39362e-23
1.3321e-23
1.27324e-23
1.21693e-23
1.16306e-23
1.11154e-23
1.06225e-23
1.01511e-23
9.70023e-24
9.26904e-24
8.85667e-24
8.46234e-24
8.08526e-24
7.7247e-24
7.37995e-24
7.05034e-24
6.73521e-24
6.43394e-24
6.14594e-24
5.87063e-24
5.60746e-24
5.35591e-24
5.11548e-24
4.88568e-24
4.66605e-24
4.45616e-24
4.25557e-24
4.06389e-24
3.88072e-24
3.70569e-24
3.53846e-24
3.37866e-24
3.22599e-24
3.08013e-24
2.94078e-24
2.80766e-24
2.68048e-24
2.559e-24
2.44295e-24
2.3321e-24
2.22622e-24
2.12509e-24
2.02851e-24
1.93626e-24
1.84815e-24
1.76401e-24
1.68366e-24
1.60693e-24
1.53366e-24
1.46369e-24
1.39688e-24
1.33309e-24
1.27217e-24
1.21402e-24
1.15849e-24
1.10548e-24
1.05487e-24
1.00655e-24
9.60424e-25
9.1639e-25
8.74356e-25
8.3423e-25
7.95929e-25
7.59369e-25
7.24472e-25
6.91164e-25
6.59373e-25
6.2903e-25
6.00071e-25
5.72433e-25
5.46056e-25
5.20884e-25
4.96861e-25
4.73937e-25
4.52061e-25
4.31186e-25
4.11266e-25
3.92258e-25
3.74121e-25
3.56816e-25
3.40304e-25
3.2455e-25
3.09519e-25
2.95178e-25
2.81496e-25
2.68442e-25
2.55989e-25
2.44109e-25
2.32776e-25
2.21964e-25
2.11651e-25
2.01812e-25
1.92428e-25
1.83476e-25
1.74937e-25
1.66792e-25
1.59024e-25
1.51614e-25
1.44547e-25
1.37807e-25
1.31378e-25
1.25247e-25
1.194e-25
1.13823e-25
1.08505e-25
1.03434e-25
9.85973e-26
9.39853e-26
8.95873e-26
8.53935e-26
8.13945e-26
7.75813e-26
7.39454e-26
7.04786e-26
6.71731e-26
6.40214e-26
6.10164e-26
5.81514e-26
5.542e-26
5.28159e-26
5.03332e-26
4.79664e-26
4.571e-26
4.3559e-26
4.15085e-26
3.95539e-26
3.76906e-26
3.59145e-26
3.42215e-26
3.26078e-26
3.10697e-26
2.96036e-26
2.82063e-26
2.68746e-26
2.56053e-26
2.43957e-26
2.32428e-26
2.21442e-26
2.10972e-26
2.00995e-26
1.91487e-26
1.82427e-26
1.73795e-26
1.65569e-26
1.57732e-26
1.50265e-26
1.4315e-26
1.36372e-26
1.29915e-26
1.23763e-26
1.17903e-26
1.12322e-26
1.07005e-26
1.0194e-26
9.71172e-27
9.25236e-27
8.8149e-27
8.39833e-27
8.00166e-27
7.62398e-27
7.26441e-27
6.92209e-27
6.59624e-27
6.28609e-27
5.99091e-27
5.71002e-27
5.44274e-27
5.18846e-27
4.94657e-27
4.71651e-27
4.49774e-27
4.28974e-27
4.09202e-27
3.90411e-27
3.72557e-27
3.55597e-27
3.39493e-27
3.24204e-27
3.09696e-27
2.95934e-27
2.82885e-27
2.70518e-27
2.58804e-27
2.47715e-27
2.37225e-27
2.27308e-27
2.1794e-27
2.09101e-27
2.00768e-27
1.92921e-27
1.85543e-27
1.78614e-27
1.72119e-27
1.66042e-27
1.60368e-27
1.55084e-27
1.50177e-27
1.45636e-27
1.41449e-27
1.37606e-27
1.34097e-27
1.30916e-27
1.28053e-27
1.25507e-27
1.2328e-27
1.21368e-27
1.19768e-27
1.18481e-27
1.17501e-27
1.16826e-27
1.16451e-27
1.16375e-27
1.16597e-27
1.17114e-27
1.17927e-27
1.19036e-27
1.20443e-27
1.22149e-27
