2
1e+16
5e+18
50
1.99999
8387.66
2.9989e-19
2.99877e-19
2.99783e-19
2.99632e-19
2.99424e-19
2.99156e-19
2.9883e-19
2.98446e-19
2.98003e-19
2.97502e-19
2.96944e-19
2.96328e-19
2.95655e-19
2.94925e-19
2.94139e-19
2.93297e-19
2.924e-19
2.91447e-19
2.90441e-19
2.89381e-19
2.88268e-19
2.87103e-19
2.85886e-19
2.84617e-19
2.83299e-19
2.81931e-19
2.80514e-19
2.79049e-19
2.77537e-19
2.75978e-19
2.74375e-19
2.72726e-19
2.71034e-19
2.693e-19
2.67523e-19
2.65706e-19
2.63849e-19
2.61953e-19
2.6002e-19
2.5805e-19
2.56044e-19
2.54004e-19
2.5193e-19
2.49823e-19
2.47686e-19
2.45518e-19
2.43321e-19
2.41096e-19
2.38845e-19
2.36567e-19
2.34265e-19
2.3194e-19
2.29592e-19
2.27223e-19
2.24835e-19
2.22427e-19
2.20002e-19
2.1756e-19
2.15103e-19
2.12631e-19
2.10147e-19
2.0765e-19
2.05143e-19
2.02625e-19
2.00099e-19
1.97566e-19
1.95026e-19
1.92481e-19
1.89931e-19
1.87379e-19
1.84824e-19
1.82267e-19
1.79711e-19
1.77156e-19
1.74602e-19
1.72051e-19
1.69504e-19
1.66962e-19
1.64425e-19
1.61895e-19
1.59372e-19
1.56858e-19
1.54352e-19
1.51857e-19
1.49373e-19
1.469e-19
1.44439e-19
1.41992e-19
1.39559e-19
1.3714e-19
1.34736e-19
1.32349e-19
1.29978e-19
1.27624e-19
1.25288e-19
1.22971e-19
1.20672e-19
1.18393e-19
1.16134e-19
1.13896e-19
1.11679e-19
1.09483e-19
1.0731e-19
1.05158e-19
1.0303e-19
1.00924e-19
9.88422e-20
9.6784e-20
9.47499e-20
9.27402e-20
9.07552e-20
8.87951e-20
8.68602e-20
8.49506e-20
8.30665e-20
8.12082e-20
7.93757e-20
7.75692e-20
7.57889e-20
7.40347e-20
7.23068e-20
7.06053e-20
6.89301e-20
6.72814e-20
6.56591e-20
6.40633e-20
6.24938e-20
6.09507e-20
5.94339e-20
5.79434e-20
5.64791e-20
5.50409e-20
5.36286e-20
5.22423e-20
5.08817e-20
4.95466e-20
4.82371e-20
4.69528e-20
4.56937e-20
4.44595e-20
4.325e-20
4.20651e-20
4.09045e-20
3.97681e-20
3.86555e-20
3.75666e-20
3.65011e-20
3.54588e-20
3.44393e-20
3.34426e-20
3.24682e-20
3.15159e-20
3.05854e-20
2.96765e-20
2.87889e-20
2.79222e-20
2.70762e-20
2.62506e-20
2.54451e-20
2.46594e-20
2.38931e-20
2.3146e-20
2.24178e-20
2.17082e-20
2.10167e-20
2.03433e-20
1.96874e-20
1.90488e-20
1.84273e-20
1.78224e-20
1.72339e-20
1.66615e-20
1.61048e-20
1.55636e-20
1.50375e-20
1.45262e-20
1.40294e-20
1.35469e-20
1.30783e-20
1.26234e-20
1.21817e-20
1.17531e-20
1.13373e-20
1.09339e-20
1.05427e-20
1.01633e-20
9.79561e-21
9.43923e-21
9.09392e-21
8.7594e-21
8.43542e-21
8.12171e-21
7.81801e-21
7.52406e-21
7.23963e-21
6.96445e-21
6.6983e-21
6.44092e-21
6.19209e-21
5.95158e-21
5.71915e-21
5.49458e-21
5.27766e-21
5.06818e-21
4.86591e-21
4.67066e-21
4.48222e-21
4.3004e-21
4.12499e-21
3.95582e-21
3.79268e-21
3.63541e-21
3.48383e-21
3.33775e-21
3.19701e-21
3.06145e-21
2.93089e-21
2.80519e-21
2.68419e-21
2.56773e-21
2.45567e-21
2.34787e-21
2.24419e-21
2.14448e-21
2.04862e-21
1.95648e-21
1.86794e-21
1.78286e-21
1.70113e-21
1.62264e-21
1.54727e-21
1.47492e-21
1.40547e-21
1.33883e-21
1.27489e-21
1.21356e-21
1.15473e-21
1.09834e-21
1.04427e-21
9.92448e-22
9.4279e-22
8.95215e-22
8.49648e-22
8.0602e-22
7.64263e-22
7.24314e-22
6.86112e-22
6.49596e-22
6.14706e-22
5.81385e-22
5.49574e-22
5.19217e-22
4.9026e-22
4.62649e-22
4.36331e-22
4.11256e-22
3.87373e-22
3.64637e-22
3.43001e-22
3.22423e-22
3.02861e-22
2.84275e-22
2.66626e-22
2.49875e-22
2.33985e-22
2.18922e-22
2.04653e-22
1.9115e-22
1.78383e-22
1.66324e-22
1.54942e-22
1.44211e-22
1.34102e-22
1.24588e-22
1.15641e-22
1.07235e-22
9.9345e-23
9.19443e-23
8.50085e-23
7.85133e-23
7.24354e-23
6.67521e-23
6.14429e-23
5.64902e-23
5.18766e-23
4.75851e-23
4.35988e-23
3.99011e-23
3.64758e-23
3.33071e-23
3.03797e-23
2.76787e-23
2.51899e-23
2.28997e-23
2.07947e-23
1.88626e-23
1.70913e-23
1.54695e-23
1.39863e-23
1.26317e-23
1.1396e-23
1.02701e-23
9.24545e-24
8.31413e-24
7.46862e-24
6.70193e-24
6.00752e-24
5.37933e-24
4.81171e-24
4.29941e-24
3.83758e-24
3.42173e-24
3.04771e-24
2.71171e-24
2.4102e-24
2.13995e-24
1.898e-24
1.68164e-24
1.48836e-24
1.31592e-24
1.16223e-24
1.02541e-24
9.03752e-25
7.95688e-25
6.9981e-25
6.1484e-25
5.3962e-25
4.73107e-25
4.14357e-25
3.62523e-25
3.16841e-25
2.76626e-25
2.41263e-25
2.10201e-25
1.82946e-25
1.5906e-25
1.38148e-25
1.1986e-25
1.03885e-25
8.9945e-26
7.77949e-26
6.72162e-26
5.80157e-26
5.00227e-26
4.30862e-26
3.70732e-26
3.18665e-26
2.73627e-26
2.34713e-26
2.01126e-26
1.72168e-26
1.47229e-26
1.25773e-26
1.07335e-26
9.15061e-27
7.79325e-27
6.63051e-27
5.63555e-27
4.78507e-27
4.05886e-27
3.43941e-27
2.9116e-27
2.46234e-27
2.08033e-27
1.75586e-27
1.48054e-27
1.24718e-27
1.04958e-27
8.82428e-28
7.41186e-28
6.21957e-28
5.21412e-28
4.3671e-28
3.65425e-28
3.05493e-28
2.55154e-28
2.12916e-28
1.77509e-28
1.47858e-28
1.23051e-28
1.02316e-28
8.50009e-29
7.05559e-29
5.85162e-29
4.84906e-29
4.01497e-29
3.32166e-29
2.7459e-29
2.26816e-29
1.8721e-29
1.54405e-29
1.27254e-29
1.04802e-29
8.62514e-30
7.09356e-30
5.83007e-30
4.78854e-30
3.93062e-30
3.22446e-30
2.64362e-30
2.1662e-30
1.77404e-30
1.45213e-30
1.18806e-30
9.71552e-31
7.94154e-31
6.48881e-31
5.29979e-31
4.3271e-31
3.53178e-31
2.88178e-31
2.35078e-31
1.91716e-31
1.5632e-31
1.27436e-31
1.03875e-31
8.46592e-32
6.89927e-32
5.62224e-32
4.58149e-32
3.73343e-32
3.04248e-32
2.47958e-32
2.02103e-32
1.6475e-32
1.34322e-32
1.09534e-32
8.93405e-33
7.28873e-33
5.94802e-33
4.85535e-33
3.96466e-33
3.23846e-33
2.64623e-33
2.16313e-33
1.76892e-33
1.44715e-33
1.18442e-33
9.6982e-34
7.94463e-34
6.51115e-34
5.33886e-34
4.37975e-34
3.5947e-34
2.95182e-34
2.42513e-34
1.99341e-34
1.63937e-34
1.34889e-34
1.11044e-34
9.14599e-35
7.53674e-35
6.21372e-35
5.12547e-35
4.22988e-35
3.49247e-35
2.885e-35
2.38432e-35
1.97146e-35
1.63084e-35
1.34969e-35
1.11752e-35
9.25708e-36
7.67163e-36
6.36058e-36
5.27597e-36
4.37829e-36
3.63503e-36
3.01938e-36
2.50925e-36
2.08639e-36
1.73576e-36
1.44493e-36
1.20364e-36
1.00341e-36
8.37231e-37
6.99298e-37
5.84815e-37
4.89812e-37
4.11003e-37
3.45664e-37
2.91543e-37
2.46772e-37
2.09807e-37
1.79369e-37
1.54401e-37
1.34028e-37
1.17529e-37
1.04312e-37
9.38898e-38
8.58657e-38
7.99182e-38
7.57898e-38
7.32776e-38
7.22257e-38
7.25193e-38
7.40799e-38
7.68622e-38
8.08511e-38
8.60605e-38
9.25325e-38
