5
2e+16
2e+18
50
4.99996
13262.1
7.19261e-20
7.19013e-20
7.18183e-20
7.17208e-20
7.16106e-20
7.1488e-20
7.13535e-20
7.12072e-20
7.10491e-20
7.08794e-20
7.06982e-20
7.05057e-20
7.03019e-20
7.0087e-20
6.98611e-20
6.96244e-20
6.93769e-20
6.91187e-20
6.885e-20
6.85709e-20
6.82815e-20
6.79819e-20
6.76723e-20
6.73528e-20
6.70235e-20
6.66847e-20
6.63364e-20
6.59788e-20
6.56122e-20
6.52366e-20
6.48522e-20
6.44592e-20
6.40579e-20
6.36483e-20
6.32307e-20
6.28052e-20
6.23721e-20
6.19315e-20
6.14837e-20
6.10288e-20
6.0567e-20
6.00986e-20
5.96238e-20
5.91427e-20
5.86556e-20
5.81627e-20
5.76642e-20
5.71603e-20
5.66512e-20
5.61371e-20
5.56183e-20
5.5095e-20
5.45673e-20
5.40356e-20
5.35e-20
5.29607e-20
5.24179e-20
5.1872e-20
5.1323e-20
5.07711e-20
5.02167e-20
4.966e-20
4.9101e-20
4.85401e-20
4.79774e-20
4.74132e-20
4.68477e-20
4.6281e-20
4.57133e-20
4.5145e-20
4.45761e-20
4.40068e-20
4.34374e-20
4.2868e-20
4.22989e-20
4.17302e-20
4.1162e-20
4.05947e-20
4.00282e-20
3.94629e-20
3.88989e-20
3.83364e-20
3.77755e-20
3.72163e-20
3.66592e-20
3.61041e-20
3.55512e-20
3.50008e-20
3.44529e-20
3.39077e-20
3.33653e-20
3.28258e-20
3.22894e-20
3.17563e-20
3.12264e-20
3.07e-20
3.01772e-20
2.9658e-20
2.91426e-20
2.86311e-20
2.81236e-20
2.76202e-20
2.71209e-20
2.66258e-20
2.61352e-20
2.56489e-20
2.51671e-20
2.46899e-20
2.42174e-20
2.37495e-20
2.32864e-20
2.28281e-20
2.23747e-20
2.19263e-20
2.14828e-20
2.10443e-20
2.06109e-20
2.01826e-20
1.97594e-20
1.93414e-20
1.89286e-20
1.8521e-20
1.81186e-20
1.77215e-20
1.73297e-20
1.69431e-20
1.65618e-20
1.61858e-20
1.58151e-20
1.54497e-20
1.50896e-20
1.47348e-20
1.43853e-20
1.4041e-20
1.3702e-20
1.33682e-20
1.30397e-20
1.27164e-20
1.23983e-20
1.20853e-20
1.17774e-20
1.14747e-20
1.11771e-20
1.08844e-20
1.05969e-20
1.03142e-20
1.00366e-20
9.76383e-21
9.49593e-21
9.23286e-21
8.97458e-21
8.72103e-21
8.47218e-21
8.22798e-21
7.9884e-21
7.75341e-21
7.52297e-21
7.29707e-21
7.07567e-21
6.85873e-21
6.64622e-21
6.43809e-21
6.2343e-21
6.03481e-21
5.83957e-21
5.64856e-21
5.46173e-21
5.27905e-21
5.10047e-21
4.92599e-21
4.75558e-21
4.58922e-21
4.42689e-21
4.26856e-21
4.1142e-21
3.96377e-21
3.81722e-21
3.67452e-21
3.5356e-21
3.40045e-21
3.26904e-21
3.14136e-21
3.01737e-21
2.89706e-21
2.78038e-21
2.6673e-21
2.55776e-21
2.45172e-21
2.34912e-21
2.24992e-21
2.15404e-21
2.06143e-21
1.97202e-21
1.88576e-21
1.80257e-21
1.72238e-21
1.64513e-21
1.57074e-21
1.49915e-21
1.43028e-21
1.36406e-21
1.30042e-21
1.2393e-21
1.1806e-21
1.12428e-21
1.07025e-21
1.01845e-21
9.688e-22
9.21242e-22
8.75704e-22
8.32121e-22
7.90427e-22
7.50556e-22
7.12446e-22
6.76035e-22
6.41262e-22
6.08066e-22
5.76391e-22
5.46178e-22
5.17372e-22
4.89919e-22
4.63766e-22
4.38862e-22
4.15156e-22
3.926e-22
3.71146e-22
3.5075e-22
3.31365e-22
3.1295e-22
2.95462e-22
2.78862e-22
2.63109e-22
2.48168e-22
2.34e-22
2.20572e-22
2.07849e-22
1.95798e-22
1.84389e-22
1.73591e-22
1.63375e-22
1.53714e-22
1.4458e-22
1.35947e-22
1.27792e-22
1.2009e-22
1.12818e-22
1.05956e-22
9.9482e-23
9.33763e-23
8.76199e-23
8.21947e-23
7.70834e-23
7.22694e-23
6.77369e-23
6.34708e-23
5.94568e-23
5.56812e-23
5.21311e-23
4.87939e-23
4.5658e-23
4.2712e-23
3.99455e-23
3.73482e-23
3.49105e-23
3.26234e-23
3.04782e-23
2.84666e-23
2.6581e-23
2.4814e-23
2.31585e-23
2.16081e-23
2.01564e-23
1.87976e-23
1.75261e-23
1.63366e-23
1.52241e-23
1.4184e-23
1.32118e-23
1.23033e-23
1.14546e-23
1.06619e-23
9.92183e-24
9.23098e-24
8.58629e-24
7.98482e-24
7.42382e-24
6.90069e-24
6.41302e-24
5.95851e-24
5.53502e-24
5.14051e-24
4.77311e-24
4.43103e-24
4.11261e-24
3.81628e-24
3.54057e-24
3.28411e-24
3.04561e-24
2.82386e-24
2.61775e-24
2.42619e-24
2.24822e-24
2.0829e-24
1.92937e-24
1.78682e-24
1.65449e-24
1.53167e-24
1.41771e-24
1.312e-24
1.21394e-24
1.12301e-24
1.03871e-24
9.60576e-25
8.88161e-25
8.21064e-25
7.58908e-25
7.0134e-25
6.48031e-25
5.98676e-25
5.5299e-25
5.10709e-25
4.71585e-25
4.35391e-25
4.01912e-25
3.7095e-25
3.42322e-25
3.15856e-25
2.91393e-25
2.68786e-25
2.47897e-25
2.28598e-25
2.10772e-25
1.9431e-25
1.79108e-25
1.65074e-25
1.52119e-25
1.40162e-25
1.29128e-25
1.18948e-25
1.09556e-25
1.00894e-25
9.29046e-26
8.55378e-26
7.87458e-26
7.24845e-26
6.67134e-26
6.13948e-26
5.64939e-26
5.19785e-26
4.78188e-26
4.39873e-26
4.04586e-26
3.72091e-26
3.42172e-26
3.14627e-26
2.89271e-26
2.65933e-26
2.44455e-26
2.24691e-26
2.06506e-26
1.89776e-26
1.74387e-26
1.60232e-26
1.47213e-26
1.35241e-26
1.24233e-26
1.14112e-26
1.04808e-26
9.62551e-27
8.83938e-27
8.11688e-27
7.45292e-27
6.84281e-27
6.28224e-27
5.76723e-27
5.29411e-27
4.85951e-27
4.46033e-27
4.0937e-27
3.75701e-27
3.44783e-27
3.16393e-27
2.90326e-27
2.66394e-27
2.44424e-27
2.24256e-27
2.05743e-27
1.88751e-27
1.73155e-27
1.58842e-27
1.45707e-27
1.33654e-27
1.22594e-27
1.12446e-27
1.03134e-27
9.45917e-28
8.67544e-28
7.95645e-28
7.2969e-28
6.69188e-28
6.13691e-28
5.62786e-28
5.16097e-28
4.73274e-28
4.33999e-28
3.97979e-28
3.64945e-28
3.34651e-28
3.06869e-28
2.81393e-28
2.58031e-28
2.36608e-28
2.16964e-28
1.98951e-28
1.82434e-28
1.67289e-28
1.53402e-28
1.40669e-28
1.28994e-28
1.1829e-28
1.08475e-28
9.94753e-29
9.12239e-29
8.36582e-29
7.67214e-29
7.0361e-29
6.45293e-29
5.91821e-29
5.42793e-29
4.97838e-29
4.56619e-29
4.18823e-29
3.84167e-29
3.52389e-29
3.2325e-29
2.9653e-29
2.72028e-29
2.49559e-29
2.28955e-29
2.1006e-29
1.92732e-29
1.76841e-29
1.62268e-29
1.48902e-29
1.36644e-29
1.25401e-29
1.15089e-29
1.05631e-29
9.69559e-30
8.89987e-30
8.16997e-30
7.50044e-30
6.88627e-30
6.32287e-30
5.80603e-30
5.3319e-30
4.89692e-30
4.49788e-30
4.13179e-30
3.79592e-30
3.48778e-30
3.20508e-30
2.94572e-30
2.70778e-30
2.48949e-30
2.28923e-30
2.10552e-30
1.937e-30
1.78243e-30
1.64065e-30
1.51064e-30
1.3915e-30
1.2824e-30
1.18258e-30
1.0913e-30
1.00792e-30
9.31812e-31
8.62479e-31
7.99428e-31
7.42181e-31
6.90303e-31
6.43397e-31
6.01101e-31
5.63092e-31
5.29073e-31
4.9878e-31
4.71975e-31
4.48445e-31
4.28001e-31
4.10477e-31
3.95727e-31
3.83623e-31
3.7406e-31
3.66946e-31
3.62209e-31
3.59793e-31
3.59657e-31
3.61776e-31
3.66139e-31
3.72753e-31
3.81636e-31
