10
2e+16
1e+18
50
10
18755.4
3.23539e-20
3.23044e-20
3.21576e-20
3.20003e-20
3.18371e-20
3.16694e-20
3.14977e-20
3.13223e-20
3.11436e-20
3.09618e-20
3.0777e-20
3.05895e-20
3.03992e-20
3.02062e-20
3.00105e-20
2.98122e-20
2.96111e-20
2.94075e-20
2.92013e-20
2.89926e-20
2.87815e-20
2.85681e-20
2.83523e-20
2.81344e-20
2.79143e-20
2.76921e-20
2.74679e-20
2.72417e-20
2.70137e-20
2.67839e-20
2.65523e-20
2.63191e-20
2.60844e-20
2.58481e-20
2.56104e-20
2.53713e-20
2.5131e-20
2.48894e-20
2.46467e-20
2.44029e-20
2.41582e-20
2.39125e-20
2.3666e-20
2.34187e-20
2.31707e-20
2.2922e-20
2.26728e-20
2.24232e-20
2.21731e-20
2.19226e-20
2.16719e-20
2.14209e-20
2.11699e-20
2.09187e-20
2.06675e-20
2.04164e-20
2.01654e-20
1.99146e-20
1.9664e-20
1.94138e-20
1.91639e-20
1.89144e-20
1.86654e-20
1.8417e-20
1.81691e-20
1.79219e-20
1.76755e-20
1.74298e-20
1.71849e-20
1.69409e-20
1.66978e-20
1.64556e-20
1.62145e-20
1.59745e-20
1.57355e-20
1.54978e-20
1.52612e-20
1.50258e-20
1.47918e-20
1.4559e-20
1.43276e-20
1.40976e-20
1.3869e-20
1.36419e-20
1.34163e-20
1.31923e-20
1.29697e-20
1.27488e-20
1.25295e-20
1.23118e-20
1.20958e-20
1.18815e-20
1.1669e-20
1.14581e-20
1.12491e-20
1.10418e-20
1.08363e-20
1.06326e-20
1.04308e-20
1.02308e-20
1.00326e-20
9.83639e-21
9.64203e-21
9.44957e-21
9.25902e-21
9.07039e-21
8.88369e-21
8.69891e-21
8.51608e-21
8.33519e-21
8.15628e-21
7.97934e-21
7.8044e-21
7.63148e-21
7.46057e-21
7.2917e-21
7.12487e-21
6.96009e-21
6.79739e-21
6.63676e-21
6.47825e-21
6.32188e-21
6.16768e-21
6.01567e-21
5.86587e-21
5.71829e-21
5.57296e-21
5.42988e-21
5.2891e-21
5.15067e-21
5.01459e-21
4.88091e-21
4.74964e-21
4.62079e-21
4.49437e-21
4.3704e-21
4.24887e-21
4.12978e-21
4.01312e-21
3.8989e-21
3.78711e-21
3.67772e-21
3.57072e-21
3.46611e-21
3.36386e-21
3.26394e-21
3.16635e-21
3.07105e-21
2.97802e-21
2.88724e-21
2.79867e-21
2.71229e-21
2.62807e-21
2.54597e-21
2.46598e-21
2.38805e-21
2.31216e-21
2.23826e-21
2.16633e-21
2.09634e-21
2.02825e-21
1.96202e-21
1.89762e-21
1.83502e-21
1.77417e-21
1.71506e-21
1.65763e-21
1.60186e-21
1.54771e-21
1.49515e-21
1.44414e-21
1.39464e-21
1.34663e-21
1.30007e-21
1.25492e-21
1.21115e-21
1.16873e-21
1.12763e-21
1.08781e-21
1.04924e-21
1.01189e-21
9.75728e-22
9.40724e-22
9.06847e-22
8.74068e-22
8.42357e-22
8.11685e-22
7.82023e-22
7.53344e-22
7.2562e-22
6.98825e-22
6.72931e-22
6.47914e-22
6.23747e-22
6.00406e-22
5.77866e-22
5.56104e-22
5.35096e-22
5.1482e-22
4.95253e-22
4.76373e-22
4.5816e-22
4.40593e-22
4.2365e-22
4.07314e-22
3.91563e-22
3.7638e-22
3.61747e-22
3.47645e-22
3.34057e-22
3.20966e-22
3.08357e-22
2.96212e-22
2.84517e-22
2.73256e-22
2.62414e-22
2.51978e-22
2.41933e-22
2.32267e-22
2.22966e-22
2.14017e-22
2.05408e-22
1.97127e-22
1.89164e-22
1.81505e-22
1.74142e-22
1.67062e-22
1.60256e-22
1.53715e-22
1.47428e-22
1.41387e-22
1.35582e-22
1.30004e-22
1.24646e-22
1.195e-22
1.14557e-22
1.09809e-22
1.05251e-22
1.00874e-22
9.66719e-23
9.2638e-23
8.87659e-23
8.50495e-23
8.14829e-23
7.80603e-23
7.47763e-23
7.16256e-23
6.86029e-23
6.57033e-23
6.29222e-23
6.02548e-23
5.76967e-23
5.52437e-23
5.28916e-23
5.06365e-23
4.84745e-23
4.6402e-23
4.44155e-23
4.25114e-23
4.06866e-23
3.89378e-23
3.7262e-23
3.56563e-23
3.41179e-23
3.26441e-23
3.12322e-23
2.98797e-23
2.85843e-23
2.73435e-23
2.61553e-23
2.50174e-23
2.39277e-23
2.28844e-23
2.18854e-23
2.0929e-23
2.00135e-23
1.9137e-23
1.82981e-23
1.7495e-23
1.67265e-23
1.5991e-23
1.52871e-23
1.46135e-23
1.3969e-23
1.33523e-23
1.27622e-23
1.21977e-23
1.16577e-23
1.11411e-23
1.06469e-23
1.01743e-23
9.72219e-24
9.28981e-24
8.8763e-24
8.48085e-24
8.1027e-24
7.7411e-24
7.39535e-24
7.06477e-24
6.74871e-24
6.44654e-24
6.15766e-24
5.88151e-24
5.61754e-24
5.36522e-24
5.12404e-24
4.89353e-24
4.67322e-24
4.46267e-24
4.26146e-24
4.06917e-24
3.88543e-24
3.70986e-24
3.5421e-24
3.38181e-24
3.22866e-24
3.08235e-24
2.94257e-24
2.80903e-24
2.68147e-24
2.55962e-24
2.44322e-24
2.33204e-24
2.22586e-24
2.12443e-24
2.02757e-24
1.93506e-24
1.84671e-24
1.76235e-24
1.68178e-24
1.60485e-24
1.53139e-24
1.46125e-24
1.39428e-24
1.33034e-24
1.26929e-24
1.21101e-24
1.15536e-24
1.10225e-24
1.05154e-24
1.00314e-24
9.56932e-25
9.12829e-25
8.70733e-25
8.30554e-25
7.92206e-25
7.55606e-25
7.20677e-25
6.87342e-25
6.5553e-25
6.25172e-25
5.96203e-25
5.6856e-25
5.42182e-25
5.17014e-25
4.93e-25
4.70087e-25
4.48227e-25
4.2737e-25
4.07473e-25
3.88491e-25
3.70382e-25
3.53107e-25
3.36628e-25
3.20909e-25
3.05916e-25
2.91614e-25
2.77973e-25
2.64962e-25
2.52553e-25
2.40718e-25
2.29431e-25
2.18667e-25
2.08402e-25
1.98613e-25
1.89278e-25
1.80377e-25
1.71889e-25
1.63796e-25
1.56079e-25
1.48721e-25
1.41706e-25
1.35018e-25
1.28642e-25
1.22563e-25
1.16768e-25
1.11244e-25
1.05978e-25
1.00958e-25
9.61727e-26
9.16117e-26
8.72643e-26
8.31207e-26
7.91715e-26
7.54075e-26
7.18204e-26
6.84017e-26
6.51438e-26
6.20392e-26
5.90807e-26
5.62615e-26
5.35752e-26
5.10156e-26
4.85768e-26
4.62531e-26
4.40392e-26
4.193e-26
3.99206e-26
3.80063e-26
3.61827e-26
3.44455e-26
3.27907e-26
3.12144e-26
2.9713e-26
2.8283e-26
2.69209e-26
2.56237e-26
2.43883e-26
2.32117e-26
2.20913e-26
2.10243e-26
2.00083e-26
1.90409e-26
1.81197e-26
1.72427e-26
1.64076e-26
1.56126e-26
1.48558e-26
1.41353e-26
1.34494e-26
1.27966e-26
1.21751e-26
1.15837e-26
1.10207e-26
1.0485e-26
9.97519e-27
9.49004e-27
9.02841e-27
8.58917e-27
8.17128e-27
7.77371e-27
7.39552e-27
7.03577e-27
6.69361e-27
6.36819e-27
6.05873e-27
5.76447e-27
5.48469e-27
5.21872e-27
4.96589e-27
4.7256e-27
4.49725e-27
4.28028e-27
4.07415e-27
3.87837e-27
3.69244e-27
3.51591e-27
3.34835e-27
3.18932e-27
3.03845e-27
2.89536e-27
2.75969e-27
2.6311e-27
2.50928e-27
2.39392e-27
2.28473e-27
2.18143e-27
2.08378e-27
1.99152e-27
1.90442e-27
1.82226e-27
1.74485e-27
1.67197e-27
1.60345e-27
1.53912e-27
1.47881e-27
1.42237e-27
1.36965e-27
1.32052e-27
1.27487e-27
1.23256e-27
1.19349e-27
1.15757e-27
1.1247e-27
1.09479e-27
1.06778e-27
1.04362e-27
1.02233e-27
1.00387e-27
9.882e-28
9.75309e-28
9.65158e-28
9.57709e-28
9.52932e-28
9.50801e-28
9.51299e-28
9.54415e-28
9.60146e-28
9.68494e-28
9.7947e-28
9.93089e-28
