5
1e+16
1e+19
49.9999
4.99999
13262.1
7.68866e-20
7.67754e-20
7.64478e-20
7.60982e-20
7.57371e-20
7.53674e-20
7.49901e-20
7.46058e-20
7.42149e-20
7.38179e-20
7.34148e-20
7.3006e-20
7.25917e-20
7.21721e-20
7.17475e-20
7.13179e-20
7.08837e-20
7.04446e-20
7.00009e-20
6.95525e-20
6.90995e-20
6.86419e-20
6.81798e-20
6.77133e-20
6.72425e-20
6.67675e-20
6.62884e-20
6.58052e-20
6.53182e-20
6.48274e-20
6.43329e-20
6.38348e-20
6.33333e-20
6.28285e-20
6.23204e-20
6.18092e-20
6.12951e-20
6.07781e-20
6.02584e-20
5.9736e-20
5.92111e-20
5.86839e-20
5.81544e-20
5.76228e-20
5.70892e-20
5.65537e-20
5.60165e-20
5.54777e-20
5.49373e-20
5.43956e-20
5.38526e-20
5.33086e-20
5.27635e-20
5.22175e-20
5.16708e-20
5.11235e-20
5.05757e-20
5.00276e-20
4.94791e-20
4.89306e-20
4.83821e-20
4.78336e-20
4.72854e-20
4.67376e-20
4.61903e-20
4.56435e-20
4.50975e-20
4.45522e-20
4.4008e-20
4.34647e-20
4.29227e-20
4.23819e-20
4.18425e-20
4.13046e-20
4.07682e-20
4.02336e-20
3.97008e-20
3.91699e-20
3.86409e-20
3.81141e-20
3.75895e-20
3.70671e-20
3.65471e-20
3.60296e-20
3.55146e-20
3.50023e-20
3.44926e-20
3.39858e-20
3.34818e-20
3.29808e-20
3.24829e-20
3.1988e-20
3.14963e-20
3.10078e-20
3.05226e-20
3.00407e-20
2.95623e-20
2.90874e-20
2.8616e-20
2.81482e-20
2.7684e-20
2.72235e-20
2.67668e-20
2.63138e-20
2.58646e-20
2.54193e-20
2.49779e-20
2.45404e-20
2.41068e-20
2.36773e-20
2.32518e-20
2.28303e-20
2.24129e-20
2.19996e-20
2.15903e-20
2.11852e-20
2.07843e-20
2.03875e-20
1.99948e-20
1.96063e-20
1.9222e-20
1.88419e-20
1.8466e-20
1.80942e-20
1.77266e-20
1.73632e-20
1.7004e-20
1.6649e-20
1.62981e-20
1.59513e-20
1.56088e-20
1.52703e-20
1.49359e-20
1.46057e-20
1.42795e-20
1.39574e-20
1.36394e-20
1.33253e-20
1.30153e-20
1.27092e-20
1.24071e-20
1.21089e-20
1.18146e-20
1.15242e-20
1.12377e-20
1.09549e-20
1.06759e-20
1.04007e-20
1.01292e-20
9.86139e-21
9.59722e-21
9.33668e-21
9.07972e-21
8.82631e-21
8.57647e-21
8.33022e-21
8.08759e-21
7.84861e-21
7.61331e-21
7.3817e-21
7.15378e-21
6.92956e-21
6.70901e-21
6.49215e-21
6.27899e-21
6.06954e-21
5.86381e-21
5.66183e-21
5.4636e-21
5.26922e-21
5.07875e-21
4.89225e-21
4.7098e-21
4.53142e-21
4.35715e-21
4.18701e-21
4.02098e-21
3.85908e-21
3.70126e-21
3.54755e-21
3.39804e-21
3.25278e-21
3.1118e-21
2.97513e-21
2.84278e-21
2.71474e-21
2.59098e-21
2.47147e-21
2.35618e-21
2.24504e-21
2.13801e-21
2.035e-21
1.93596e-21
1.8408e-21
1.74943e-21
1.66177e-21
1.57773e-21
1.49722e-21
1.42013e-21
1.34638e-21
1.27587e-21
1.20849e-21
1.14414e-21
1.08274e-21
1.02417e-21
9.68349e-22
9.15168e-22
8.64534e-22
8.16353e-22
7.7053e-22
7.26975e-22
6.85597e-22
6.46309e-22
6.09024e-22
5.73659e-22
5.40131e-22
5.08361e-22
4.78273e-22
4.4979e-22
4.2284e-22
3.97353e-22
3.73261e-22
3.50498e-22
3.29e-22
3.08707e-22
2.89559e-22
2.71501e-22
2.54477e-22
2.38435e-22
2.23325e-22
2.091e-22
1.95712e-22
1.83118e-22
1.71276e-22
1.60145e-22
1.49687e-22
1.39865e-22
1.30644e-22
1.21991e-22
1.13874e-22
1.06263e-22
9.91282e-23
9.24432e-23
8.61817e-23
8.03191e-23
7.48321e-23
6.96983e-23
6.48969e-23
6.04079e-23
5.62124e-23
5.22927e-23
4.86319e-23
4.52141e-23
4.20242e-23
3.9048e-23
3.62722e-23
3.36841e-23
3.12718e-23
2.90242e-23
2.69306e-23
2.49811e-23
2.31664e-23
2.14777e-23
1.99067e-23
1.84458e-23
1.70875e-23
1.5825e-23
1.4652e-23
1.35625e-23
1.25507e-23
1.16115e-23
1.07399e-23
9.93114e-24
9.18105e-24
8.48552e-24
7.84077e-24
7.24325e-24
6.68966e-24
6.1769e-24
5.7021e-24
5.26256e-24
4.85578e-24
4.4794e-24
4.13125e-24
3.8093e-24
3.51165e-24
3.23653e-24
2.9823e-24
2.74744e-24
2.53053e-24
2.33024e-24
2.14534e-24
1.97469e-24
1.81724e-24
1.67199e-24
1.53803e-24
1.41451e-24
1.30065e-24
1.19571e-24
1.09902e-24
1.00995e-24
9.2791e-25
8.52371e-25
7.82829e-25
7.18823e-25
6.59924e-25
6.05737e-25
5.55896e-25
5.1006e-25
4.67918e-25
4.2918e-25
3.93577e-25
3.60863e-25
3.30809e-25
3.03205e-25
2.77855e-25
2.54581e-25
2.33216e-25
2.13608e-25
1.95615e-25
1.79108e-25
1.63967e-25
1.50081e-25
1.37348e-25
1.25675e-25
1.14976e-25
1.05171e-25
9.61871e-26
8.79568e-26
8.04182e-26
7.35144e-26
6.71931e-26
6.1406e-26
5.6109e-26
5.12613e-26
4.68255e-26
4.27674e-26
3.90553e-26
3.56603e-26
3.25557e-26
2.97173e-26
2.71226e-26
2.4751e-26
2.25837e-26
2.06033e-26
1.87941e-26
1.71415e-26
1.56321e-26
1.42537e-26
1.29952e-26
1.18463e-26
1.07976e-26
9.8405e-27
8.96711e-27
8.17021e-27
7.44322e-27
6.78009e-27
6.17529e-27
5.62377e-27
5.1209e-27
4.66244e-27
4.24454e-27
3.86364e-27
3.51653e-27
3.20023e-27
2.91206e-27
2.64955e-27
2.41043e-27
2.19265e-27
1.99434e-27
1.81376e-27
1.64936e-27
1.49971e-27
1.36349e-27
1.23951e-27
1.1267e-27
1.02404e-27
9.30651e-28
8.45691e-28
7.68412e-28
6.98126e-28
6.34208e-28
5.76087e-28
5.23243e-28
4.75202e-28
4.31532e-28
3.91839e-28
3.55764e-28
3.22982e-28
2.93194e-28
2.6613e-28
2.41543e-28
2.19208e-28
1.98922e-28
1.80498e-28
1.63766e-28
1.48573e-28
1.34778e-28
1.22255e-28
1.10886e-28
1.00566e-28
9.11993e-29
8.26987e-29
7.49846e-29
6.79848e-29
6.16339e-29
5.5872e-29
5.0645e-29
4.59036e-29
4.16031e-29
3.77028e-29
3.41657e-29
3.09583e-29
2.805e-29
2.54132e-29
2.30227e-29
2.08557e-29
1.88913e-29
1.71109e-29
1.54973e-29
1.40349e-29
1.27097e-29
1.15089e-29
1.04209e-29
9.43524e-30
8.54226e-30
7.73332e-30
7.00058e-30
6.3369e-30
5.7358e-30
5.19143e-30
4.69846e-30
4.25207e-30
3.84788e-30
3.48192e-30
3.1506e-30
2.85066e-30
2.57914e-30
2.33336e-30
2.1109e-30
1.90955e-30
1.72733e-30
1.56242e-30
1.41319e-30
1.27816e-30
1.15597e-30
1.04542e-30
9.45404e-31
8.5492e-31
7.73065e-31
6.99019e-31
6.32042e-31
5.71462e-31
5.1667e-31
4.67116e-31
4.22301e-31
3.81774e-31
3.45127e-31
3.1199e-31
2.82028e-31
2.54938e-31
2.30446e-31
2.08305e-31
1.88288e-31
1.70194e-31
1.53839e-31
1.39055e-31
1.25694e-31
1.13617e-31
1.02703e-31
9.28402e-32
8.39303e-32
7.58841e-32
6.86203e-32
6.20648e-32
5.61516e-32
5.08196e-32
4.60161e-32
4.16926e-32
3.78042e-32
3.43104e-32
3.11747e-32
2.83645e-32
2.58502e-32
2.36056e-32
2.16071e-32
1.98338e-32
1.82668e-32
1.68898e-32
1.5688e-32
1.46487e-32
1.37608e-32
1.30147e-32
1.24024e-32
1.19172e-32
1.15535e-32
1.13073e-32
1.11756e-32
1.11566e-32
1.12495e-32
1.1455e-32
