101
0.600000	0.610000	0.620000	0.630000	0.640000	0.650000	0.660000	0.670000	0.680000	0.690000	0.700000	0.710000	0.720000	0.730000	0.740000	0.750000	0.760000	0.770000	0.780000	0.790000	0.800000	0.810000	0.820000	0.830000	0.840000	0.850000	0.860000	0.870000	0.880000	0.890000	0.900000	0.910000	0.920000	0.930000	0.940000	0.950000	0.960000	0.970000	0.980000	0.990000	1.000000	1.010000	1.020000	1.030000	1.040000	1.050000	1.060000	1.070000	1.080000	1.090000	1.100000	1.110000	1.120000	1.130000	1.140000	1.150000	1.160000	1.170000	1.180000	1.190000	1.200000	1.210000	1.220000	1.230000	1.240000	1.250000	1.260000	1.270000	1.280000	1.290000	1.300000	1.310000	1.320000	1.330000	1.340000	1.350000	1.360000	1.370000	1.380000	1.390000	1.400000	1.410000	1.420000	1.430000	1.440000	1.450000	1.460000	1.470000	1.480000	1.490000	1.500000	1.510000	1.520000	1.530000	1.540000	1.550000	1.560000	1.570000	1.580000	1.590000	1.600000	
0.000000	0.002214	0.011078	0.029771	0.061224	0.108065	0.172586	0.256702	0.361931	0.489379	0.639732	0.813255	1.009801	1.228828	1.469415	1.730295	2.009879	2.306296	2.617429	2.940953	3.274381	3.615100	3.960416	4.307594	4.653897	4.996626	5.333148	5.660937	5.977596	6.280887	6.568750	6.839323	7.090956	7.322224	7.531933	7.719121	7.883066	8.023278	8.139496	8.231680	8.300000	8.344828	8.366719	8.366402	8.344757	8.302804	8.241684	8.162639	8.066996	7.956151	7.831548	7.694665	7.546998	7.390045	7.225291	7.054198	6.878191	6.698646	6.516885	6.334162	6.151660	5.970484	5.791657	5.616114	5.444703	5.278183	5.117221	4.962395	4.814194	4.673021	4.539196	4.412958	4.294469	4.183819	4.081030	3.986061	3.898811	3.819130	3.746816	3.681626	3.623280	3.571465	3.525841	3.486044	3.451693	3.422394	3.397743	3.377329	3.360741	3.347569	3.337407	3.329856	3.324527	3.321044	3.319044	3.318180	3.318122	3.318557	3.319194	3.319759	3.320000	
0.000000E+000	7.696665E+012	3.564690E+013	9.106664E+013	1.810155E+014	3.123268E+014	4.915393E+014	7.248313E+014	1.017959E+015	1.376196E+015	1.804280E+015	2.306365E+015	2.885971E+015	3.545949E+015	4.288449E+015	5.114889E+015	6.025937E+015	7.021498E+015	8.100702E+015	9.261912E+015	1.050272E+016	1.181998E+016	1.320980E+016	1.466758E+016	1.618808E+016	1.776539E+016	1.939303E+016	2.106399E+016	2.277077E+016	2.450544E+016	2.625972E+016	2.802503E+016	2.979258E+016	3.155342E+016	3.329851E+016	3.501881E+016	3.670536E+016	3.834933E+016	3.994209E+016	4.147533E+016	4.294105E+016	4.433170E+016	4.564020E+016	4.686000E+016	4.798514E+016	4.901031E+016	4.993088E+016	5.074291E+016	5.144324E+016	5.202947E+016	5.250000E+016	5.285401E+016	5.309149E+016	5.321325E+016	5.322087E+016	5.311672E+016	5.290390E+016	5.258626E+016	5.216831E+016	5.165522E+016	5.105275E+016	5.036720E+016	4.960536E+016	4.877446E+016	4.788207E+016	4.693606E+016	4.594454E+016	4.491576E+016	4.385804E+016	4.277972E+016	4.168908E+016	4.059425E+016	3.950315E+016	3.842343E+016	3.736239E+016	3.632694E+016	3.532351E+016	3.435800E+016	3.343577E+016	3.256155E+016	3.173942E+016	3.097278E+016	3.026431E+016	2.961598E+016	2.902899E+016	2.850381E+016	2.804016E+016	2.763701E+016	2.729260E+016	2.700448E+016	2.676951E+016	2.658390E+016	2.644327E+016	2.634265E+016	2.627658E+016	2.623915E+016	2.622403E+016	2.622457E+016	2.623385E+016	2.624474E+016	2.625000E+016	
0.000000E+000
0.000000E+000
0.000000E+000
8.082301E-232
5.929010E-113
5.200657E-064
5.686650E-040
1.098440E-026
1.092968E-018
1.505353E-013
4.520740E-010
1.288759E-007
8.045492E-006
1.813460E-004
2.016539E-003
1.353976E-002
6.282662E-002
2.210275E-001
6.292333E-001
1.518997E+000
3.217737E+000
6.135713E+000
1.073689E+001
1.749959E+001
2.687362E+001
3.924011E+001
5.487814E+001
7.394068E+001
9.644073E+001
1.222471E+002
1.510889E+002
1.825669E+002
2.161707E+002
2.512991E+002
2.872835E+002
3.234120E+002
3.589541E+002
3.931837E+002
4.254023E+002
4.549582E+002
4.812652E+002
5.038174E+002
5.222014E+002
5.361056E+002
5.453257E+002
5.497677E+002
5.494470E+002
5.444845E+002
5.351002E+002
5.216036E+002
5.043819E+002
4.838863E+002
4.606165E+002
4.351052E+002
4.079006E+002
3.795506E+002
3.505873E+002
3.215126E+002
2.927859E+002
2.648145E+002
2.379460E+002
2.124639E+002
1.885860E+002
1.664648E+002
1.461918E+002
1.278021E+002
1.112819E+002
9.657588E+001
8.359634E+001
7.223116E+001
6.235202E+001
5.382155E+001
4.649961E+001
4.024828E+001
3.493576E+001
3.043916E+001
2.664616E+001
2.345596E+001
2.077943E+001
1.853878E+001
1.666690E+001
1.510639E+001
1.380856E+001
1.273235E+001
1.184330E+001
1.111254E+001
1.051589E+001
1.003311E+001
9.647126E+000
9.343475E+000
9.109756E+000
8.935195E+000
8.810276E+000
8.726435E+000
8.675815E+000
8.651078E+000
8.645258E+000
8.651669E+000
8.663852E+000
8.675553E+000
8.680749E+000
