2
2e+17
5e+17
49.9997
2
8387.66
3.04279e-19
3.04266e-19
3.0417e-19
3.04016e-19
3.03803e-19
3.03529e-19
3.03195e-19
3.02801e-19
3.02347e-19
3.01833e-19
3.0126e-19
3.00628e-19
2.99938e-19
2.99189e-19
2.98382e-19
2.97518e-19
2.96597e-19
2.9562e-19
2.94587e-19
2.935e-19
2.92357e-19
2.91161e-19
2.89912e-19
2.8861e-19
2.87257e-19
2.85853e-19
2.84399e-19
2.82896e-19
2.81345e-19
2.79746e-19
2.781e-19
2.76409e-19
2.74674e-19
2.72894e-19
2.71072e-19
2.69208e-19
2.67304e-19
2.6536e-19
2.63378e-19
2.61358e-19
2.59301e-19
2.5721e-19
2.55084e-19
2.52925e-19
2.50735e-19
2.48513e-19
2.46262e-19
2.43983e-19
2.41676e-19
2.39344e-19
2.36986e-19
2.34605e-19
2.32201e-19
2.29776e-19
2.27331e-19
2.24867e-19
2.22385e-19
2.19887e-19
2.17373e-19
2.14845e-19
2.12303e-19
2.0975e-19
2.07186e-19
2.04613e-19
2.02031e-19
1.99442e-19
1.96847e-19
1.94246e-19
1.91642e-19
1.89035e-19
1.86426e-19
1.83816e-19
1.81206e-19
1.78598e-19
1.75992e-19
1.7339e-19
1.70792e-19
1.68199e-19
1.65612e-19
1.63033e-19
1.60461e-19
1.57899e-19
1.55346e-19
1.52804e-19
1.50274e-19
1.47756e-19
1.45251e-19
1.4276e-19
1.40284e-19
1.37823e-19
1.35379e-19
1.32951e-19
1.3054e-19
1.28147e-19
1.25774e-19
1.23419e-19
1.21085e-19
1.1877e-19
1.16477e-19
1.14205e-19
1.11955e-19
1.09728e-19
1.07523e-19
1.05341e-19
1.03184e-19
1.0105e-19
9.89402e-20
9.68553e-20
9.47954e-20
9.27608e-20
9.07517e-20
8.87683e-20
8.68109e-20
8.48798e-20
8.29749e-20
8.10966e-20
7.9245e-20
7.74202e-20
7.56223e-20
7.38513e-20
7.21074e-20
7.03906e-20
6.8701e-20
6.70385e-20
6.54031e-20
6.37949e-20
6.22138e-20
6.06597e-20
5.91326e-20
5.76325e-20
5.61591e-20
5.47125e-20
5.32925e-20
5.1899e-20
5.05318e-20
4.91908e-20
4.78758e-20
4.65866e-20
4.53231e-20
4.4085e-20
4.28722e-20
4.16844e-20
4.05214e-20
3.9383e-20
3.82689e-20
3.71789e-20
3.61128e-20
3.50701e-20
3.40508e-20
3.30545e-20
3.20809e-20
3.11298e-20
3.02008e-20
2.92937e-20
2.84082e-20
2.75439e-20
2.67005e-20
2.58779e-20
2.50755e-20
2.42932e-20
2.35306e-20
2.27873e-20
2.20631e-20
2.13577e-20
2.06707e-20
2.00017e-20
1.93506e-20
1.87169e-20
1.81003e-20
1.75006e-20
1.69173e-20
1.63502e-20
1.5799e-20
1.52633e-20
1.47428e-20
1.42372e-20
1.37462e-20
1.32695e-20
1.28067e-20
1.23576e-20
1.19219e-20
1.14993e-20
1.10894e-20
1.06919e-20
1.03067e-20
9.93334e-21
9.5716e-21
9.22119e-21
8.88183e-21
8.55325e-21
8.23517e-21
7.92734e-21
7.62949e-21
7.34136e-21
7.0627e-21
6.79326e-21
6.53279e-21
6.28104e-21
6.03779e-21
5.80281e-21
5.57585e-21
5.35669e-21
5.14512e-21
4.94091e-21
4.74386e-21
4.55376e-21
4.3704e-21
4.19359e-21
4.02312e-21
3.85881e-21
3.70047e-21
3.54791e-21
3.40096e-21
3.25945e-21
3.1232e-21
2.99204e-21
2.86582e-21
2.74437e-21
2.62755e-21
2.51519e-21
2.40715e-21
2.30329e-21
2.20347e-21
2.10756e-21
2.01541e-21
1.92691e-21
1.84192e-21
1.76033e-21
1.68202e-21
1.60686e-21
1.53476e-21
1.46559e-21
1.39927e-21
1.33567e-21
1.27471e-21
1.21629e-21
1.16031e-21
1.10668e-21
1.05532e-21
1.00614e-21
9.59055e-22
9.13992e-22
8.7087e-22
8.29614e-22
7.90154e-22
7.52417e-22
7.16338e-22
6.81851e-22
6.48893e-22
6.17403e-22
5.87321e-22
5.58592e-22
5.31161e-22
5.04973e-22
4.7998e-22
4.5613e-22
4.33377e-22
4.11675e-22
3.9098e-22
3.7125e-22
3.52443e-22
3.3452e-22
3.17444e-22
3.01178e-22
2.85686e-22
2.70936e-22
2.56894e-22
2.4353e-22
2.30814e-22
2.18717e-22
2.07211e-22
1.9627e-22
1.85868e-22
1.75982e-22
1.66586e-22
1.5766e-22
1.49181e-22
1.41129e-22
1.33484e-22
1.26227e-22
1.1934e-22
1.12805e-22
1.06606e-22
1.00726e-22
9.51511e-23
8.98659e-23
8.48567e-23
8.011e-23
7.56132e-23
7.1354e-23
6.73208e-23
6.35024e-23
5.98881e-23
5.64679e-23
5.3232e-23
5.01711e-23
4.72765e-23
4.45396e-23
4.19526e-23
3.95076e-23
3.71975e-23
3.50152e-23
3.29542e-23
3.10081e-23
2.91709e-23
2.74369e-23
2.58007e-23
2.42571e-23
2.28011e-23
2.14282e-23
2.01337e-23
1.89136e-23
1.77638e-23
1.66805e-23
1.56601e-23
1.4699e-23
1.37942e-23
1.29423e-23
1.21407e-23
1.13863e-23
1.06766e-23
1.00092e-23
9.38154e-24
8.79147e-24
8.23683e-24
7.71562e-24
7.22593e-24
6.76594e-24
6.33395e-24
5.92834e-24
5.54759e-24
5.19024e-24
4.85492e-24
4.54036e-24
4.24531e-24
3.96865e-24
3.70926e-24
3.46613e-24
3.23828e-24
3.0248e-24
2.82483e-24
2.63755e-24
2.46219e-24
2.29803e-24
2.14438e-24
2.00061e-24
1.8661e-24
1.74029e-24
1.62263e-24
1.51263e-24
1.4098e-24
1.3137e-24
1.2239e-24
1.14002e-24
1.06167e-24
9.88512e-25
9.2021e-25
8.56457e-25
7.96962e-25
7.41453e-25
6.89672e-25
6.4138e-25
5.96351e-25
5.54372e-25
5.15246e-25
4.78787e-25
4.44819e-25
4.13178e-25
3.83713e-25
3.56277e-25
3.30738e-25
3.06968e-25
2.8485e-25
2.64273e-25
2.45134e-25
2.27336e-25
2.10789e-25
1.95407e-25
1.81111e-25
1.67829e-25
1.55489e-25
1.44028e-25
1.33386e-25
1.23505e-25
1.14333e-25
1.05822e-25
9.79249e-26
9.05991e-26
8.38047e-26
7.75045e-26
7.16637e-26
6.62499e-26
6.1233e-26
5.65847e-26
5.2279e-26
4.82913e-26
4.45989e-26
4.11807e-26
3.80169e-26
3.50892e-26
3.23806e-26
2.98751e-26
2.7558e-26
2.54156e-26
2.34351e-26
2.16046e-26
1.99132e-26
1.83505e-26
1.69071e-26
1.55742e-26
1.43435e-26
1.32074e-26
1.21589e-26
1.11914e-26
1.02988e-26
9.4756e-27
8.71643e-27
8.0165e-27
7.37131e-27
6.77669e-27
6.22881e-27
5.72409e-27
5.25921e-27
4.83114e-27
4.43702e-27
4.07425e-27
3.7404e-27
3.43322e-27
3.15064e-27
2.89075e-27
2.65177e-27
2.43206e-27
2.23011e-27
2.04453e-27
1.87402e-27
1.71739e-27
1.57353e-27
1.44144e-27
1.32018e-27
1.20888e-27
1.10674e-27
1.01304e-27
9.27079e-28
8.48249e-28
7.75969e-28
7.09708e-28
6.48978e-28
5.93329e-28
5.42346e-28
4.95647e-28
4.52883e-28
4.13729e-28
3.77889e-28
3.45088e-28
3.15077e-28
2.87624e-28
2.62517e-28
2.3956e-28
2.18576e-28
1.99398e-28
1.81877e-28
1.65874e-28
1.51261e-28
1.37923e-28
1.25752e-28
1.1465e-28
1.04529e-28
9.53047e-29
8.69034e-29
7.92562e-29
7.23004e-29
6.59786e-29
6.02387e-29
5.5033e-29
5.03184e-29
4.60554e-29
4.22085e-29
3.87453e-29
3.56366e-29
3.28562e-29
3.03806e-29
2.81887e-29
2.62618e-29
2.45833e-29
2.31388e-29
2.19157e-29
2.09032e-29
2.00923e-29
1.94754e-29
1.90468e-29
1.88018e-29
1.87375e-29
1.88522e-29
1.91454e-29
1.9618e-29
2.02721e-29
2.11112e-29
2.21395e-29
2.3363e-29
2.47884e-29
2.64238e-29
