2
1e+18
5e+17
49.9997
2
8387.66
3.04319e-19
3.04305e-19
3.04209e-19
3.04056e-19
3.03842e-19
3.03568e-19
3.03234e-19
3.0284e-19
3.02386e-19
3.01872e-19
3.01299e-19
3.00667e-19
2.99976e-19
2.99227e-19
2.9842e-19
2.97556e-19
2.96635e-19
2.95658e-19
2.94625e-19
2.93537e-19
2.92394e-19
2.91198e-19
2.89948e-19
2.88646e-19
2.87293e-19
2.85889e-19
2.84434e-19
2.82931e-19
2.81379e-19
2.7978e-19
2.78134e-19
2.76442e-19
2.74706e-19
2.72927e-19
2.71104e-19
2.6924e-19
2.67335e-19
2.65391e-19
2.63408e-19
2.61387e-19
2.59331e-19
2.57239e-19
2.55112e-19
2.52953e-19
2.50762e-19
2.4854e-19
2.46289e-19
2.44009e-19
2.41702e-19
2.39369e-19
2.37011e-19
2.34629e-19
2.32225e-19
2.29799e-19
2.27354e-19
2.24889e-19
2.22407e-19
2.19908e-19
2.17393e-19
2.14865e-19
2.12323e-19
2.09769e-19
2.07205e-19
2.04631e-19
2.02049e-19
1.99459e-19
1.96864e-19
1.94263e-19
1.91658e-19
1.8905e-19
1.8644e-19
1.8383e-19
1.8122e-19
1.78612e-19
1.76005e-19
1.73402e-19
1.70804e-19
1.6821e-19
1.65623e-19
1.63043e-19
1.60471e-19
1.57909e-19
1.55356e-19
1.52813e-19
1.50283e-19
1.47764e-19
1.45259e-19
1.42768e-19
1.40291e-19
1.3783e-19
1.35385e-19
1.32956e-19
1.30545e-19
1.28153e-19
1.25778e-19
1.23424e-19
1.21089e-19
1.18774e-19
1.16481e-19
1.14208e-19
1.11958e-19
1.0973e-19
1.07525e-19
1.05344e-19
1.03185e-19
1.01051e-19
9.89415e-20
9.68563e-20
9.47962e-20
9.27614e-20
9.0752e-20
8.87684e-20
8.68109e-20
8.48795e-20
8.29745e-20
8.1096e-20
7.92442e-20
7.74192e-20
7.56211e-20
7.385e-20
7.2106e-20
7.0389e-20
6.86992e-20
6.70366e-20
6.54011e-20
6.37928e-20
6.22115e-20
6.06574e-20
5.91302e-20
5.763e-20
5.61565e-20
5.47099e-20
5.32898e-20
5.18962e-20
5.05289e-20
4.91879e-20
4.78728e-20
4.65836e-20
4.532e-20
4.40819e-20
4.28691e-20
4.16812e-20
4.05182e-20
3.93798e-20
3.82657e-20
3.71757e-20
3.61095e-20
3.50668e-20
3.40475e-20
3.30512e-20
3.20776e-20
3.11265e-20
3.01975e-20
2.92904e-20
2.84049e-20
2.75406e-20
2.66973e-20
2.58746e-20
2.50723e-20
2.429e-20
2.35274e-20
2.27842e-20
2.206e-20
2.13546e-20
2.06676e-20
1.99988e-20
1.93476e-20
1.8714e-20
1.80975e-20
1.74978e-20
1.69145e-20
1.63475e-20
1.57963e-20
1.52606e-20
1.47402e-20
1.42346e-20
1.37437e-20
1.3267e-20
1.28043e-20
1.23553e-20
1.19196e-20
1.1497e-20
1.10871e-20
1.06897e-20
1.03045e-20
9.93125e-21
9.56955e-21
9.21919e-21
8.87988e-21
8.55135e-21
8.23332e-21
7.92554e-21
7.62774e-21
7.33965e-21
7.06104e-21
6.79164e-21
6.53122e-21
6.27952e-21
6.03632e-21
5.80138e-21
5.57446e-21
5.35535e-21
5.14382e-21
4.93966e-21
4.74266e-21
4.5526e-21
4.36928e-21
4.19251e-21
4.02208e-21
3.85781e-21
3.6995e-21
3.54699e-21
3.40008e-21
3.2586e-21
3.12239e-21
2.99127e-21
2.86509e-21
2.74367e-21
2.62688e-21
2.51456e-21
2.40655e-21
2.30273e-21
2.20294e-21
2.10706e-21
2.01494e-21
1.92647e-21
1.84152e-21
1.75995e-21
1.68167e-21
1.60654e-21
1.53446e-21
1.46533e-21
1.39903e-21
1.33546e-21
1.27452e-21
1.21612e-21
1.16017e-21
1.10656e-21
1.05522e-21
1.00607e-21
9.59007e-22
9.13966e-22
8.70865e-22
8.2963e-22
7.9019e-22
7.52473e-22
7.16413e-22
6.81945e-22
6.49004e-22
6.17531e-22
5.87467e-22
5.58753e-22
5.31337e-22
5.05164e-22
4.80185e-22
4.56349e-22
4.33609e-22
4.11919e-22
3.91236e-22
3.71516e-22
3.5272e-22
3.34807e-22
3.1774e-22
3.01483e-22
2.86e-22
2.71257e-22
2.57223e-22
2.43865e-22
2.31155e-22
2.19063e-22
2.07562e-22
1.96625e-22
1.86227e-22
1.76343e-22
1.66951e-22
1.58026e-22
1.49549e-22
1.41498e-22
1.33853e-22
1.26596e-22
1.19708e-22
1.13172e-22
1.06972e-22
1.0109e-22
9.55131e-23
9.02254e-23
8.52133e-23
8.04633e-23
7.59629e-23
7.16996e-23
6.7662e-23
6.38389e-23
6.02197e-23
5.67943e-23
5.35529e-23
5.04863e-23
4.75857e-23
4.48427e-23
4.22494e-23
3.9798e-23
3.74813e-23
3.52924e-23
3.32246e-23
3.12716e-23
2.94276e-23
2.76867e-23
2.60435e-23
2.4493e-23
2.30301e-23
2.16503e-23
2.0349e-23
1.91221e-23
1.79656e-23
1.68756e-23
1.58485e-23
1.4881e-23
1.39698e-23
1.31117e-23
1.23038e-23
1.15434e-23
1.08278e-23
1.01546e-23
9.52127e-24
8.92567e-24
8.36565e-24
7.8392e-24
7.3444e-24
6.87945e-24
6.44264e-24
6.03236e-24
5.64708e-24
5.28534e-24
4.94579e-24
4.62712e-24
4.32812e-24
4.04762e-24
3.78455e-24
3.53787e-24
3.3066e-24
3.08984e-24
2.8867e-24
2.69638e-24
2.51811e-24
2.35115e-24
2.19482e-24
2.04848e-24
1.91151e-24
1.78334e-24
1.66344e-24
1.55128e-24
1.4464e-24
1.34834e-24
1.25668e-24
1.17101e-24
1.09097e-24
1.01619e-24
9.46351e-25
8.81135e-25
8.20249e-25
7.63418e-25
7.10383e-25
6.609e-25
6.1474e-25
5.71691e-25
5.3155e-25
4.94129e-25
4.5925e-25
4.26749e-25
3.96468e-25
3.68262e-25
3.41995e-25
3.17538e-25
2.94771e-25
2.73581e-25
2.53865e-25
2.35522e-25
2.18461e-25
2.02595e-25
1.87844e-25
1.74132e-25
1.61389e-25
1.49549e-25
1.38549e-25
1.28333e-25
1.18847e-25
1.1004e-25
1.01865e-25
9.42785e-26
8.72397e-26
8.07103e-26
7.46547e-26
6.90397e-26
6.38342e-26
5.90094e-26
5.45384e-26
5.03961e-26
4.65591e-26
4.30057e-26
3.97155e-26
3.66698e-26
3.38508e-26
3.12423e-26
2.88291e-26
2.65969e-26
2.45327e-26
2.26242e-26
2.086e-26
1.92295e-26
1.77229e-26
1.63311e-26
1.50456e-26
1.38585e-26
1.27625e-26
1.17509e-26
1.08173e-26
9.95583e-27
9.16117e-27
8.42825e-27
7.75242e-27
7.12936e-27
6.55507e-27
6.02583e-27
5.53822e-27
5.08905e-27
4.67537e-27
4.29447e-27
3.94381e-27
3.62105e-27
3.32405e-27
3.0508e-27
2.79945e-27
2.5683e-27
2.35576e-27
2.16038e-27
1.98081e-27
1.81581e-27
1.66421e-27
1.52497e-27
1.3971e-27
1.27969e-27
1.17192e-27
1.07301e-27
9.82257e-28
8.98998e-28
8.22633e-28
7.52605e-28
6.88403e-28
6.29553e-28
5.7562e-28
5.26205e-28
4.80938e-28
4.3948e-28
4.01518e-28
3.66765e-28
3.34958e-28
3.05852e-28
2.79224e-28
2.54869e-28
2.32599e-28
2.12239e-28
1.93632e-28
1.7663e-28
1.61099e-28
1.46917e-28
1.33971e-28
1.22157e-28
1.11381e-28
1.01555e-28
9.26006e-29
8.44446e-29
7.70208e-29
7.02684e-29
6.4132e-29
5.8561e-29
5.35096e-29
4.89358e-29
4.48018e-29
4.1073e-29
3.77183e-29
3.47098e-29
3.20221e-29
2.96327e-29
2.75215e-29
2.56706e-29
2.40644e-29
2.26892e-29
2.15333e-29
2.05867e-29
1.9841e-29
1.92897e-29
1.89277e-29
1.87512e-29
1.87581e-29
1.89475e-29
1.93198e-29
1.9877e-29
2.0622e-29
2.15592e-29
2.2694e-29
2.40334e-29
2.55853e-29
