2
2e+18
1e+19
50
1.99999
8387.66
3.04154e-19
3.04141e-19
3.04045e-19
3.03892e-19
3.03678e-19
3.03405e-19
3.03071e-19
3.02677e-19
3.02223e-19
3.0171e-19
3.01138e-19
3.00506e-19
2.99816e-19
2.99068e-19
2.98261e-19
2.97398e-19
2.96478e-19
2.95502e-19
2.9447e-19
2.93382e-19
2.92241e-19
2.91046e-19
2.89797e-19
2.88497e-19
2.87145e-19
2.85742e-19
2.84289e-19
2.82787e-19
2.81236e-19
2.79639e-19
2.77994e-19
2.76305e-19
2.7457e-19
2.72792e-19
2.70971e-19
2.69109e-19
2.67206e-19
2.65263e-19
2.63282e-19
2.61263e-19
2.59209e-19
2.57118e-19
2.54994e-19
2.52837e-19
2.50648e-19
2.48428e-19
2.46179e-19
2.43901e-19
2.41596e-19
2.39265e-19
2.36909e-19
2.34529e-19
2.32127e-19
2.29703e-19
2.2726e-19
2.24797e-19
2.22317e-19
2.1982e-19
2.17308e-19
2.14781e-19
2.12242e-19
2.0969e-19
2.07128e-19
2.04556e-19
2.01976e-19
1.99389e-19
1.96795e-19
1.94196e-19
1.91593e-19
1.88987e-19
1.8638e-19
1.83772e-19
1.81164e-19
1.78557e-19
1.75952e-19
1.73351e-19
1.70755e-19
1.68163e-19
1.65578e-19
1.63e-19
1.6043e-19
1.57869e-19
1.55318e-19
1.52777e-19
1.50248e-19
1.47731e-19
1.45228e-19
1.42738e-19
1.40263e-19
1.37803e-19
1.3536e-19
1.32933e-19
1.30523e-19
1.28132e-19
1.25759e-19
1.23406e-19
1.21072e-19
1.18759e-19
1.16467e-19
1.14196e-19
1.11947e-19
1.0972e-19
1.07516e-19
1.05336e-19
1.03179e-19
1.01046e-19
9.89369e-20
9.68528e-20
9.47936e-20
9.27597e-20
9.07513e-20
8.87686e-20
8.68118e-20
8.48812e-20
8.2977e-20
8.10993e-20
7.92482e-20
7.74239e-20
7.56265e-20
7.3856e-20
7.21126e-20
7.03962e-20
6.8707e-20
6.70448e-20
6.54099e-20
6.3802e-20
6.22212e-20
6.06675e-20
5.91407e-20
5.76408e-20
5.61677e-20
5.47214e-20
5.33016e-20
5.19083e-20
5.05413e-20
4.92004e-20
4.78856e-20
4.65966e-20
4.53332e-20
4.40952e-20
4.28825e-20
4.16948e-20
4.05319e-20
3.93935e-20
3.82795e-20
3.71895e-20
3.61234e-20
3.50807e-20
3.40614e-20
3.30651e-20
3.20915e-20
3.11403e-20
3.02113e-20
2.93042e-20
2.84186e-20
2.75542e-20
2.67108e-20
2.58881e-20
2.50856e-20
2.43032e-20
2.35405e-20
2.27971e-20
2.20729e-20
2.13673e-20
2.06802e-20
2.00111e-20
1.93598e-20
1.8726e-20
1.81093e-20
1.75094e-20
1.6926e-20
1.63588e-20
1.58074e-20
1.52716e-20
1.47509e-20
1.42452e-20
1.3754e-20
1.32771e-20
1.28142e-20
1.2365e-20
1.19291e-20
1.15063e-20
1.10962e-20
1.06986e-20
1.03132e-20
9.93969e-21
9.57779e-21
9.22722e-21
8.8877e-21
8.55896e-21
8.24072e-21
7.93273e-21
7.63472e-21
7.34644e-21
7.06762e-21
6.79803e-21
6.5374e-21
6.28551e-21
6.04211e-21
5.80697e-21
5.57987e-21
5.36057e-21
5.14886e-21
4.94451e-21
4.74732e-21
4.55708e-21
4.37359e-21
4.19664e-21
4.02604e-21
3.86161e-21
3.70314e-21
3.55046e-21
3.40339e-21
3.26176e-21
3.12539e-21
2.99412e-21
2.86779e-21
2.74623e-21
2.6293e-21
2.51683e-21
2.40869e-21
2.30474e-21
2.20482e-21
2.10881e-21
2.01657e-21
1.92798e-21
1.8429e-21
1.76122e-21
1.68282e-21
1.60758e-21
1.5354e-21
1.46616e-21
1.39975e-21
1.33608e-21
1.27505e-21
1.21656e-21
1.16051e-21
1.10682e-21
1.05539e-21
1.00615e-21
9.59007e-22
9.13885e-22
8.70707e-22
8.29397e-22
7.89883e-22
7.52096e-22
7.15968e-22
6.81434e-22
6.48431e-22
6.16897e-22
5.86775e-22
5.58006e-22
5.30537e-22
5.04314e-22
4.79286e-22
4.55404e-22
4.32621e-22
4.10891e-22
3.90169e-22
3.70413e-22
3.51582e-22
3.33637e-22
3.16541e-22
3.00255e-22
2.84746e-22
2.6998e-22
2.55924e-22
2.42547e-22
2.29819e-22
2.17711e-22
2.06197e-22
1.95248e-22
1.84841e-22
1.7495e-22
1.65551e-22
1.56623e-22
1.48144e-22
1.40092e-22
1.32449e-22
1.25194e-22
1.18311e-22
1.11781e-22
1.05587e-22
9.97142e-23
9.41466e-23
8.88699e-23
8.38699e-23
7.91334e-23
7.46474e-23
7.03999e-23
6.6379e-23
6.25735e-23
5.89729e-23
5.55669e-23
5.23457e-23
4.93e-23
4.6421e-23
4.37002e-23
4.11296e-23
3.87013e-23
3.64081e-23
3.4243e-23
3.21993e-23
3.02707e-23
2.84512e-23
2.67348e-23
2.51163e-23
2.35904e-23
2.21522e-23
2.07968e-23
1.95199e-23
1.83173e-23
1.71847e-23
1.61186e-23
1.5115e-23
1.41708e-23
1.32824e-23
1.24469e-23
1.16613e-23
1.09227e-23
1.02286e-23
9.57637e-24
8.96367e-24
8.38823e-24
7.84793e-24
7.34074e-24
6.86474e-24
6.41813e-24
5.99918e-24
5.60629e-24
5.23792e-24
4.89262e-24
4.56903e-24
4.26585e-24
3.98187e-24
3.71594e-24
3.46696e-24
3.23391e-24
3.01583e-24
2.81181e-24
2.62098e-24
2.44254e-24
2.27571e-24
2.11979e-24
1.9741e-24
1.83799e-24
1.71087e-24
1.59217e-24
1.48136e-24
1.37795e-24
1.28146e-24
1.19145e-24
1.1075e-24
1.02923e-24
9.56272e-25
8.88278e-25
8.24928e-25
7.65919e-25
7.10966e-25
6.59804e-25
6.12181e-25
5.67865e-25
5.26635e-25
4.88286e-25
4.52625e-25
4.19472e-25
3.88657e-25
3.60024e-25
3.33423e-25
3.08717e-25
2.85776e-25
2.64479e-25
2.44713e-25
2.26373e-25
2.09359e-25
1.9358e-25
1.78949e-25
1.65387e-25
1.52818e-25
1.41172e-25
1.30384e-25
1.20393e-25
1.11143e-25
1.02581e-25
9.46566e-26
8.73251e-26
8.05435e-26
7.42721e-26
6.84738e-26
6.31142e-26
5.81614e-26
5.35854e-26
4.93587e-26
4.54555e-26
4.18519e-26
3.85257e-26
3.54562e-26
3.26244e-26
3.00124e-26
2.76037e-26
2.5383e-26
2.33361e-26
2.145e-26
1.97122e-26
1.81117e-26
1.66378e-26
1.52808e-26
1.40319e-26
1.28826e-26
1.18252e-26
1.08527e-26
9.95838e-27
9.13623e-27
8.38057e-27
7.6862e-27
7.0483e-27
6.46242e-27
5.92444e-27
5.43058e-27
4.97732e-27
4.56144e-27
4.17995e-27
3.83013e-27
3.50942e-27
3.2155e-27
2.94623e-27
2.69961e-27
2.47381e-27
2.26715e-27
2.07806e-27
1.90512e-27
1.74704e-27
1.6026e-27
1.47069e-27
1.35028e-27
1.24043e-27
1.14026e-27
1.04899e-27
9.65908e-28
8.90342e-28
8.21689e-28
7.59384e-28
7.02907e-28
6.51781e-28
6.05571e-28
5.63876e-28
5.26331e-28
4.92601e-28
4.62381e-28
4.3539e-28
4.11373e-28
3.90098e-28
3.71351e-28
3.54939e-28
3.40685e-28
3.28429e-28
3.18025e-28
3.0934e-28
3.02254e-28
2.96658e-28
2.92454e-28
2.89554e-28
2.87877e-28
2.87353e-28
2.87915e-28
2.89508e-28
2.92081e-28
2.95588e-28
2.99989e-28
3.0525e-28
3.11341e-28
3.18236e-28
3.25913e-28
3.34354e-28
3.43544e-28
3.53471e-28
3.64127e-28
3.75505e-28
3.87602e-28
4.00418e-28
4.13952e-28
4.2821e-28
4.43195e-28
4.58915e-28
4.75379e-28
4.92598e-28
5.10584e-28
5.2935e-28
5.48913e-28
5.6929e-28
5.90497e-28
6.12555e-28
6.35486e-28
6.5931e-28
6.84051e-28
7.09735e-28
7.36387e-28
7.64034e-28
7.92705e-28
8.22429e-28
8.53237e-28
