2
5e+17
5e+18
50
1.99999
8387.66
3.0402e-19
3.04006e-19
3.03911e-19
3.03757e-19
3.03544e-19
3.0327e-19
3.02937e-19
3.02543e-19
3.0209e-19
3.01577e-19
3.01005e-19
3.00374e-19
2.99684e-19
2.98937e-19
2.98131e-19
2.97268e-19
2.96349e-19
2.95373e-19
2.94342e-19
2.93256e-19
2.92115e-19
2.90921e-19
2.89674e-19
2.88374e-19
2.87023e-19
2.85621e-19
2.8417e-19
2.82669e-19
2.81119e-19
2.79523e-19
2.7788e-19
2.76191e-19
2.74458e-19
2.72681e-19
2.70862e-19
2.69001e-19
2.671e-19
2.65158e-19
2.63179e-19
2.61162e-19
2.59108e-19
2.5702e-19
2.54897e-19
2.52741e-19
2.50554e-19
2.48336e-19
2.46088e-19
2.43812e-19
2.41508e-19
2.39179e-19
2.36825e-19
2.34447e-19
2.32046e-19
2.29625e-19
2.27183e-19
2.24722e-19
2.22243e-19
2.19748e-19
2.17238e-19
2.14713e-19
2.12175e-19
2.09625e-19
2.07065e-19
2.04495e-19
2.01916e-19
1.9933e-19
1.96738e-19
1.94141e-19
1.9154e-19
1.88936e-19
1.8633e-19
1.83723e-19
1.81117e-19
1.78512e-19
1.75909e-19
1.7331e-19
1.70714e-19
1.68124e-19
1.65541e-19
1.62964e-19
1.60396e-19
1.57836e-19
1.55286e-19
1.52747e-19
1.5022e-19
1.47704e-19
1.45202e-19
1.42714e-19
1.4024e-19
1.37782e-19
1.35339e-19
1.32914e-19
1.30505e-19
1.28115e-19
1.25744e-19
1.23391e-19
1.21059e-19
1.18747e-19
1.16455e-19
1.14186e-19
1.11938e-19
1.09712e-19
1.07509e-19
1.05329e-19
1.03173e-19
1.01041e-19
9.89331e-20
9.68498e-20
9.47914e-20
9.27583e-20
9.07506e-20
8.87686e-20
8.68126e-20
8.48827e-20
8.29791e-20
8.1102e-20
7.92515e-20
7.74277e-20
7.56308e-20
7.38609e-20
7.2118e-20
7.04021e-20
6.87133e-20
6.70516e-20
6.5417e-20
6.38095e-20
6.22291e-20
6.06757e-20
5.91493e-20
5.76497e-20
5.61769e-20
5.47308e-20
5.33113e-20
5.19182e-20
5.05514e-20
4.92107e-20
4.78961e-20
4.66072e-20
4.5344e-20
4.41061e-20
4.28935e-20
4.17059e-20
4.05431e-20
3.94048e-20
3.82908e-20
3.72009e-20
3.61348e-20
3.50922e-20
3.40728e-20
3.30765e-20
3.21029e-20
3.11517e-20
3.02227e-20
2.93155e-20
2.84298e-20
2.75654e-20
2.6722e-20
2.58991e-20
2.50966e-20
2.43141e-20
2.35513e-20
2.28078e-20
2.20834e-20
2.13777e-20
2.06905e-20
2.00213e-20
1.93699e-20
1.87359e-20
1.81191e-20
1.7519e-20
1.69355e-20
1.63681e-20
1.58166e-20
1.52805e-20
1.47597e-20
1.42538e-20
1.37625e-20
1.32854e-20
1.28224e-20
1.23729e-20
1.19369e-20
1.15139e-20
1.11037e-20
1.07059e-20
1.03203e-20
9.94665e-21
9.58458e-21
9.23383e-21
8.89414e-21
8.56523e-21
8.24682e-21
7.93866e-21
7.64049e-21
7.35203e-21
7.07305e-21
6.80329e-21
6.5425e-21
6.29045e-21
6.04689e-21
5.81159e-21
5.58433e-21
5.36488e-21
5.15301e-21
4.94851e-21
4.75118e-21
4.56079e-21
4.37715e-21
4.20006e-21
4.02932e-21
3.86474e-21
3.70614e-21
3.55333e-21
3.40613e-21
3.26437e-21
3.12787e-21
2.99648e-21
2.87002e-21
2.74835e-21
2.63129e-21
2.51872e-21
2.41046e-21
2.3064e-21
2.20637e-21
2.11025e-21
2.01791e-21
1.92922e-21
1.84404e-21
1.76227e-21
1.68377e-21
1.60844e-21
1.53617e-21
1.46684e-21
1.40035e-21
1.3366e-21
1.27548e-21
1.21691e-21
1.16078e-21
1.10702e-21
1.05552e-21
1.0062e-21
9.58993e-22
9.13804e-22
8.7056e-22
8.29187e-22
7.89611e-22
7.51765e-22
7.15579e-22
6.8099e-22
6.47933e-22
6.16349e-22
5.86177e-22
5.57362e-22
5.29848e-22
5.03583e-22
4.78514e-22
4.54594e-22
4.31774e-22
4.10009e-22
3.89254e-22
3.69468e-22
3.50608e-22
3.32636e-22
3.15514e-22
2.99206e-22
2.83675e-22
2.68889e-22
2.54815e-22
2.41421e-22
2.28679e-22
2.16559e-22
2.05033e-22
1.94076e-22
1.83661e-22
1.73763e-22
1.64361e-22
1.5543e-22
1.4695e-22
1.38899e-22
1.31257e-22
1.24006e-22
1.17127e-22
1.10603e-22
1.04416e-22
9.85515e-23
9.29931e-23
8.77267e-23
8.27381e-23
7.80139e-23
7.35414e-23
6.93082e-23
6.53025e-23
6.15132e-23
5.79294e-23
5.45409e-23
5.1338e-23
4.83112e-23
4.54515e-23
4.27506e-23
4.02002e-23
3.77926e-23
3.55203e-23
3.33764e-23
3.13541e-23
2.9447e-23
2.7649e-23
2.59543e-23
2.43575e-23
2.28532e-23
2.14364e-23
2.01025e-23
1.88469e-23
1.76653e-23
1.65536e-23
1.5508e-23
1.45248e-23
1.36006e-23
1.27319e-23
1.19158e-23
1.11492e-23
1.04293e-23
9.75342e-24
9.11907e-24
8.52383e-24
7.96544e-24
7.44177e-24
6.95078e-24
6.49055e-24
6.05927e-24
5.65523e-24
5.2768e-24
4.92246e-24
4.59076e-24
4.28034e-24
3.9899e-24
3.71823e-24
3.4642e-24
3.2267e-24
3.00474e-24
2.79734e-24
2.6036e-24
2.42267e-24
2.25375e-24
2.09609e-24
1.94896e-24
1.81171e-24
1.6837e-24
1.56434e-24
1.45308e-24
1.3494e-24
1.25281e-24
1.16283e-24
1.07905e-24
1.00106e-24
9.28476e-25
8.60939e-25
7.98117e-25
7.39696e-25
6.85382e-25
6.349e-25
5.8799e-25
5.44413e-25
5.03941e-25
4.66364e-25
4.31483e-25
3.99113e-25
3.69082e-25
3.41227e-25
3.15398e-25
2.91454e-25
2.69262e-25
2.487e-25
2.29653e-25
2.12014e-25
1.95683e-25
1.80566e-25
1.66578e-25
1.53637e-25
1.41668e-25
1.30601e-25
1.2037e-25
1.10914e-25
1.02178e-25
9.41075e-26
8.66546e-26
7.97736e-26
7.3422e-26
6.75608e-26
6.21533e-26
5.71656e-26
5.25663e-26
4.83262e-26
4.44182e-26
4.08171e-26
3.74996e-26
3.44442e-26
3.16308e-26
2.90409e-26
2.66573e-26
2.4464e-26
2.24464e-26
2.05907e-26
1.88845e-26
1.73161e-26
1.58745e-26
1.455e-26
1.33332e-26
1.22157e-26
1.11896e-26
1.02476e-26
9.3831e-27
8.5898e-27
7.86203e-27
7.19453e-27
6.58245e-27
6.0213e-27
5.50697e-27
5.03564e-27
4.60382e-27
4.20828e-27
3.84604e-27
3.51438e-27
3.21078e-27
2.93294e-27
2.67872e-27
2.44618e-27
2.23351e-27
2.03908e-27
1.86134e-27
1.69891e-27
1.5505e-27
1.41494e-27
1.29116e-27
1.17816e-27
1.07503e-27
9.80936e-28
8.95111e-28
8.1685e-28
7.45511e-28
6.80514e-28
6.21324e-28
5.67449e-28
5.18437e-28
4.73872e-28
4.33373e-28
3.96592e-28
3.63212e-28
3.32942e-28
3.05516e-28
2.80692e-28
2.58248e-28
2.37982e-28
2.19711e-28
2.03265e-28
1.88493e-28
1.75254e-28
1.63421e-28
1.52879e-28
1.43524e-28
1.35258e-28
1.27997e-28
1.21662e-28
1.16182e-28
1.11491e-28
1.07533e-28
1.04255e-28
1.0161e-28
9.95556e-29
9.80536e-29
9.70704e-29
9.65759e-29
9.65432e-29
9.69487e-29
9.77717e-29
9.89943e-29
1.00601e-28
1.02578e-28
1.04914e-28
1.076e-28
1.10629e-28
1.13995e-28
1.17693e-28
1.21721e-28
1.26077e-28
1.30762e-28
1.35776e-28
1.41122e-28
1.46802e-28
1.52822e-28
1.59187e-28
1.65902e-28
1.72976e-28
1.80416e-28
1.88231e-28
1.96431e-28
2.05027e-28
2.14029e-28
2.2345e-28
2.33304e-28
2.43602e-28
2.54361e-28
2.65595e-28
