2
5e+17
1e+18
49.9999
2
8387.66
3.04274e-19
3.04261e-19
3.04165e-19
3.04012e-19
3.03798e-19
3.03524e-19
3.0319e-19
3.02796e-19
3.02342e-19
3.01829e-19
3.01256e-19
3.00624e-19
2.99933e-19
2.99184e-19
2.98377e-19
2.97513e-19
2.96593e-19
2.95616e-19
2.94583e-19
2.93495e-19
2.92353e-19
2.91157e-19
2.89908e-19
2.88606e-19
2.87253e-19
2.85849e-19
2.84395e-19
2.82892e-19
2.81341e-19
2.79742e-19
2.78096e-19
2.76405e-19
2.7467e-19
2.7289e-19
2.71068e-19
2.69205e-19
2.673e-19
2.65356e-19
2.63374e-19
2.61354e-19
2.59298e-19
2.57206e-19
2.55081e-19
2.52922e-19
2.50731e-19
2.4851e-19
2.46259e-19
2.4398e-19
2.41673e-19
2.39341e-19
2.36983e-19
2.34602e-19
2.32199e-19
2.29774e-19
2.27328e-19
2.24864e-19
2.22383e-19
2.19884e-19
2.1737e-19
2.14842e-19
2.12301e-19
2.09748e-19
2.07184e-19
2.04611e-19
2.02029e-19
1.9944e-19
1.96845e-19
1.94245e-19
1.9164e-19
1.89033e-19
1.86424e-19
1.83814e-19
1.81205e-19
1.78597e-19
1.75991e-19
1.73388e-19
1.7079e-19
1.68198e-19
1.65611e-19
1.63032e-19
1.6046e-19
1.57898e-19
1.55345e-19
1.52804e-19
1.50273e-19
1.47755e-19
1.45251e-19
1.4276e-19
1.40283e-19
1.37823e-19
1.35378e-19
1.3295e-19
1.30539e-19
1.28147e-19
1.25773e-19
1.23419e-19
1.21084e-19
1.1877e-19
1.16477e-19
1.14205e-19
1.11955e-19
1.09728e-19
1.07523e-19
1.05341e-19
1.03184e-19
1.0105e-19
9.89402e-20
9.68553e-20
9.47955e-20
9.27609e-20
9.07518e-20
8.87684e-20
8.68111e-20
8.48799e-20
8.29751e-20
8.10968e-20
7.92452e-20
7.74204e-20
7.56225e-20
7.38516e-20
7.21077e-20
7.03909e-20
6.87013e-20
6.70388e-20
6.54034e-20
6.37952e-20
6.22141e-20
6.06601e-20
5.9133e-20
5.76329e-20
5.61595e-20
5.47129e-20
5.32929e-20
5.18994e-20
5.05322e-20
4.91912e-20
4.78762e-20
4.65871e-20
4.53235e-20
4.40855e-20
4.28727e-20
4.16849e-20
4.05219e-20
3.93835e-20
3.82694e-20
3.71794e-20
3.61132e-20
3.50706e-20
3.40512e-20
3.30549e-20
3.20813e-20
3.11302e-20
3.02012e-20
2.92941e-20
2.84086e-20
2.75443e-20
2.67009e-20
2.58783e-20
2.50759e-20
2.42936e-20
2.35309e-20
2.27877e-20
2.20635e-20
2.1358e-20
2.0671e-20
2.00021e-20
1.93509e-20
1.87172e-20
1.81007e-20
1.75009e-20
1.69176e-20
1.63506e-20
1.57993e-20
1.52636e-20
1.47431e-20
1.42375e-20
1.37465e-20
1.32697e-20
1.2807e-20
1.23579e-20
1.19221e-20
1.14995e-20
1.10896e-20
1.06921e-20
1.03069e-20
9.93354e-21
9.57179e-21
9.22137e-21
8.88201e-21
8.55342e-21
8.23534e-21
7.9275e-21
7.62964e-21
7.3415e-21
7.06284e-21
6.79339e-21
6.53291e-21
6.28116e-21
6.0379e-21
5.80291e-21
5.57594e-21
5.35678e-21
5.1452e-21
4.94099e-21
4.74394e-21
4.55383e-21
4.37047e-21
4.19364e-21
4.02317e-21
3.85886e-21
3.70051e-21
3.54795e-21
3.401e-21
3.25948e-21
3.12322e-21
2.99206e-21
2.86584e-21
2.74439e-21
2.62756e-21
2.51519e-21
2.40715e-21
2.30329e-21
2.20347e-21
2.10755e-21
2.0154e-21
1.9269e-21
1.84191e-21
1.76032e-21
1.682e-21
1.60684e-21
1.53474e-21
1.46557e-21
1.39924e-21
1.33564e-21
1.27468e-21
1.21625e-21
1.16027e-21
1.10665e-21
1.05528e-21
1.0061e-21
9.5902e-22
9.13956e-22
8.70834e-22
8.29578e-22
7.90117e-22
7.52381e-22
7.16302e-22
6.81815e-22
6.48857e-22
6.17367e-22
5.87285e-22
5.58557e-22
5.31125e-22
5.04938e-22
4.79945e-22
4.56096e-22
4.33343e-22
4.11642e-22
3.90948e-22
3.71218e-22
3.52412e-22
3.3449e-22
3.17414e-22
3.01148e-22
2.85658e-22
2.70908e-22
2.56867e-22
2.43504e-22
2.30788e-22
2.18692e-22
2.07187e-22
1.96246e-22
1.85845e-22
1.75959e-22
1.66564e-22
1.57639e-22
1.49161e-22
1.41109e-22
1.33465e-22
1.26208e-22
1.19321e-22
1.12787e-22
1.06588e-22
1.00709e-22
9.5134e-23
8.98492e-23
8.48404e-23
8.0094e-23
7.55975e-23
7.13386e-23
6.73056e-23
6.34873e-23
5.98733e-23
5.64532e-23
5.32174e-23
5.01567e-23
4.72621e-23
4.45254e-23
4.19384e-23
3.94935e-23
3.71834e-23
3.50011e-23
3.29401e-23
3.0994e-23
2.91569e-23
2.74229e-23
2.57867e-23
2.42431e-23
2.27872e-23
2.14143e-23
2.01199e-23
1.88998e-23
1.77501e-23
1.66668e-23
1.56464e-23
1.46854e-23
1.37807e-23
1.29289e-23
1.21273e-23
1.13731e-23
1.06636e-23
9.99622e-24
9.36872e-24
8.77879e-24
8.22431e-24
7.70327e-24
7.21375e-24
6.75394e-24
6.32214e-24
5.91673e-24
5.53618e-24
5.17904e-24
4.84394e-24
4.5296e-24
4.23478e-24
3.95834e-24
3.69919e-24
3.4563e-24
3.22869e-24
3.01546e-24
2.81573e-24
2.62869e-24
2.45358e-24
2.28966e-24
2.13626e-24
1.99273e-24
1.85847e-24
1.7329e-24
1.61548e-24
1.50572e-24
1.40312e-24
1.30726e-24
1.21769e-24
1.13403e-24
1.05591e-24
9.82965e-25
9.14877e-25
8.51333e-25
7.92042e-25
7.36732e-25
6.85146e-25
6.37044e-25
5.92199e-25
5.50401e-25
5.1145e-25
4.75159e-25
4.41355e-25
4.09874e-25
3.80562e-25
3.53275e-25
3.27879e-25
3.04248e-25
2.82263e-25
2.61814e-25
2.42799e-25
2.25119e-25
2.08685e-25
1.93413e-25
1.79222e-25
1.66039e-25
1.53795e-25
1.42426e-25
1.31871e-25
1.22074e-25
1.12982e-25
1.04547e-25
9.67222e-26
8.94653e-26
8.27364e-26
7.64985e-26
7.07168e-26
6.53591e-26
6.03954e-26
5.57975e-26
5.15395e-26
4.7597e-26
4.39474e-26
4.05696e-26
3.7444e-26
3.45524e-26
3.18778e-26
2.94044e-26
2.71175e-26
2.50036e-26
2.30499e-26
2.12446e-26
1.95769e-26
1.80365e-26
1.66141e-26
1.53008e-26
1.40885e-26
1.29697e-26
1.19375e-26
1.09852e-26
1.01069e-26
9.29693e-27
8.55022e-27
7.86194e-27
7.22764e-27
6.6432e-27
6.10482e-27
5.60897e-27
5.15238e-27
4.73203e-27
4.34511e-27
3.98906e-27
3.66146e-27
3.36011e-27
3.08296e-27
2.82811e-27
2.59383e-27
2.3785e-27
2.18063e-27
1.99883e-27
1.83184e-27
1.67849e-27
1.53768e-27
1.40843e-27
1.2898e-27
1.18096e-27
1.08111e-27
9.89528e-28
9.05557e-28
8.2858e-28
7.5803e-28
6.93388e-28
6.34173e-28
5.79946e-28
5.30298e-28
4.84858e-28
4.43282e-28
4.05253e-28
3.70483e-28
3.38702e-28
3.09668e-28
2.83155e-28
2.58957e-28
2.36883e-28
2.16761e-28
1.98432e-28
1.81749e-28
1.66579e-28
1.52799e-28
1.40299e-28
1.28976e-28
1.18737e-28
1.09497e-28
1.01179e-28
9.3712e-29
8.70331e-29
8.10841e-29
7.58127e-29
7.11715e-29
6.71183e-29
6.36148e-29
6.0627e-29
5.81248e-29
5.60813e-29
5.44732e-29
5.328e-29
5.24843e-29
5.20712e-29
5.20283e-29
5.23458e-29
5.30158e-29
5.40328e-29
5.53932e-29
5.70953e-29
5.91392e-29
6.15269e-29
6.4262e-29
6.73496e-29
7.07967e-29
7.46115e-29
7.8804e-29
8.33855e-29
8.83688e-29
9.37681e-29
9.95992e-29
1.05879e-28
1.12626e-28
