2
5e+17
1e+17
49.7279
2
8387.66
3.04323e-19
3.04309e-19
3.04215e-19
3.04062e-19
3.03849e-19
3.03576e-19
3.03242e-19
3.02848e-19
3.02394e-19
3.01881e-19
3.01308e-19
3.00676e-19
2.99985e-19
2.99236e-19
2.98429e-19
2.97565e-19
2.96644e-19
2.95666e-19
2.94633e-19
2.93545e-19
2.92403e-19
2.91206e-19
2.89957e-19
2.88655e-19
2.87301e-19
2.85897e-19
2.84443e-19
2.82939e-19
2.81387e-19
2.79788e-19
2.78142e-19
2.7645e-19
2.74714e-19
2.72934e-19
2.71112e-19
2.69248e-19
2.67343e-19
2.65398e-19
2.63415e-19
2.61395e-19
2.59338e-19
2.57246e-19
2.55119e-19
2.5296e-19
2.50769e-19
2.48547e-19
2.46295e-19
2.44015e-19
2.41708e-19
2.39375e-19
2.37017e-19
2.34635e-19
2.32231e-19
2.29805e-19
2.27359e-19
2.24895e-19
2.22412e-19
2.19913e-19
2.17398e-19
2.1487e-19
2.12328e-19
2.09774e-19
2.0721e-19
2.04636e-19
2.02053e-19
1.99464e-19
1.96868e-19
1.94267e-19
1.91662e-19
1.89054e-19
1.86444e-19
1.83834e-19
1.81224e-19
1.78615e-19
1.76008e-19
1.73405e-19
1.70807e-19
1.68213e-19
1.65626e-19
1.63046e-19
1.60474e-19
1.57911e-19
1.55358e-19
1.52816e-19
1.50285e-19
1.47766e-19
1.45261e-19
1.4277e-19
1.40293e-19
1.37831e-19
1.35386e-19
1.32958e-19
1.30547e-19
1.28154e-19
1.2578e-19
1.23425e-19
1.2109e-19
1.18775e-19
1.16481e-19
1.14209e-19
1.11959e-19
1.09731e-19
1.07526e-19
1.05344e-19
1.03186e-19
1.01052e-19
9.89418e-20
9.68566e-20
9.47964e-20
9.27615e-20
9.07521e-20
8.87685e-20
8.68109e-20
8.48794e-20
8.29744e-20
8.10958e-20
7.9244e-20
7.7419e-20
7.56208e-20
7.38497e-20
7.21056e-20
7.03886e-20
6.86988e-20
6.70361e-20
6.54006e-20
6.37923e-20
6.2211e-20
6.06568e-20
5.91296e-20
5.76293e-20
5.61559e-20
5.47092e-20
5.32891e-20
5.18955e-20
5.05282e-20
4.91871e-20
4.7872e-20
4.65828e-20
4.53192e-20
4.40811e-20
4.28683e-20
4.16804e-20
4.05174e-20
3.9379e-20
3.82649e-20
3.71748e-20
3.61086e-20
3.5066e-20
3.40467e-20
3.30503e-20
3.20768e-20
3.11256e-20
3.01967e-20
2.92896e-20
2.8404e-20
2.75398e-20
2.66965e-20
2.58738e-20
2.50715e-20
2.42892e-20
2.35266e-20
2.27834e-20
2.20592e-20
2.13538e-20
2.06669e-20
1.9998e-20
1.93469e-20
1.87132e-20
1.80967e-20
1.7497e-20
1.69138e-20
1.63468e-20
1.57956e-20
1.52599e-20
1.47395e-20
1.4234e-20
1.3743e-20
1.32664e-20
1.28037e-20
1.23546e-20
1.1919e-20
1.14964e-20
1.10865e-20
1.06892e-20
1.0304e-20
9.93071e-21
9.56903e-21
9.21868e-21
8.87938e-21
8.55086e-21
8.23285e-21
7.92507e-21
7.62728e-21
7.33921e-21
7.06061e-21
6.79123e-21
6.53081e-21
6.27913e-21
6.03594e-21
5.80101e-21
5.5741e-21
5.35501e-21
5.14349e-21
4.93934e-21
4.74234e-21
4.5523e-21
4.36899e-21
4.19223e-21
4.02181e-21
3.85755e-21
3.69926e-21
3.54675e-21
3.39985e-21
3.25839e-21
3.12218e-21
2.99107e-21
2.8649e-21
2.74349e-21
2.62671e-21
2.51439e-21
2.4064e-21
2.30258e-21
2.20281e-21
2.10693e-21
2.01482e-21
1.92636e-21
1.84141e-21
1.75986e-21
1.68158e-21
1.60646e-21
1.53439e-21
1.46526e-21
1.39896e-21
1.3354e-21
1.27447e-21
1.21608e-21
1.16013e-21
1.10653e-21
1.0552e-21
1.00605e-21
9.58996e-22
9.1396e-22
8.70865e-22
8.29636e-22
7.90201e-22
7.52489e-22
7.16435e-22
6.81971e-22
6.49035e-22
6.17567e-22
5.87506e-22
5.58797e-22
5.31385e-22
5.05216e-22
4.8024e-22
4.56408e-22
4.33671e-22
4.11985e-22
3.91305e-22
3.71588e-22
3.52795e-22
3.34885e-22
3.17821e-22
3.01565e-22
2.86084e-22
2.71344e-22
2.57311e-22
2.43956e-22
2.31247e-22
2.19157e-22
2.07657e-22
1.96721e-22
1.86324e-22
1.76441e-22
1.67049e-22
1.58125e-22
1.49648e-22
1.41597e-22
1.33953e-22
1.26696e-22
1.19808e-22
1.13271e-22
1.0707e-22
1.01189e-22
9.56109e-23
9.03225e-23
8.53096e-23
8.05588e-23
7.60573e-23
7.1793e-23
6.77542e-23
6.39299e-23
6.03093e-23
5.68825e-23
5.36396e-23
5.05714e-23
4.76693e-23
4.49247e-23
4.23296e-23
3.98765e-23
3.7558e-23
3.53673e-23
3.32977e-23
3.13429e-23
2.9497e-23
2.77542e-23
2.61092e-23
2.45568e-23
2.3092e-23
2.17103e-23
2.04072e-23
1.91784e-23
1.80201e-23
1.69283e-23
1.58995e-23
1.49302e-23
1.40172e-23
1.31574e-23
1.23479e-23
1.15859e-23
1.08687e-23
1.01939e-23
9.55904e-24
8.96194e-24
8.40046e-24
7.87259e-24
7.37641e-24
6.91012e-24
6.47201e-24
6.06047e-24
5.67396e-24
5.31104e-24
4.97033e-24
4.65056e-24
4.35048e-24
4.06896e-24
3.80489e-24
3.55725e-24
3.32506e-24
3.1074e-24
2.90341e-24
2.71227e-24
2.53321e-24
2.36549e-24
2.20844e-24
2.0614e-24
1.92377e-24
1.79497e-24
1.67445e-24
1.56172e-24
1.45628e-24
1.35769e-24
1.26552e-24
1.17938e-24
1.09887e-24
1.02366e-24
9.53407e-25
8.87796e-25
8.26535e-25
7.69347e-25
7.15973e-25
6.66168e-25
6.19704e-25
5.76366e-25
5.35951e-25
4.9827e-25
4.63146e-25
4.30412e-25
3.99911e-25
3.71498e-25
3.45034e-25
3.20391e-25
2.97449e-25
2.76094e-25
2.56221e-25
2.37732e-25
2.20532e-25
2.04536e-25
1.89662e-25
1.75834e-25
1.62982e-25
1.5104e-25
1.39944e-25
1.29638e-25
1.20066e-25
1.11179e-25
1.02929e-25
9.52726e-26
8.81678e-26
8.15766e-26
7.5463e-26
6.97936e-26
6.45372e-26
5.96648e-26
5.51492e-26
5.09652e-26
4.70891e-26
4.34992e-26
4.01749e-26
3.70972e-26
3.42485e-26
3.16122e-26
2.9173e-26
2.69166e-26
2.48297e-26
2.29001e-26
2.11162e-26
1.94674e-26
1.79438e-26
1.6536e-26
1.52357e-26
1.40348e-26
1.2926e-26
1.19024e-26
1.09577e-26
1.00859e-26
9.28168e-27
8.53984e-27
7.85572e-27
7.22496e-27
6.64352e-27
6.10765e-27
5.61388e-27
5.159e-27
4.74002e-27
4.35421e-27
3.99899e-27
3.67202e-27
3.37111e-27
3.09424e-27
2.83954e-27
2.60528e-27
2.38988e-27
2.19184e-27
2.00981e-27
1.84253e-27
1.68884e-27
1.54766e-27
1.41799e-27
1.29893e-27
1.18963e-27
1.08931e-27
9.97246e-28
9.12782e-28
8.35305e-28
7.64252e-28
6.99102e-28
6.39379e-28
5.84641e-28
5.34482e-28
4.88528e-28
4.46437e-28
4.0789e-28
3.72597e-28
3.4029e-28
3.10722e-28
2.83666e-28
2.58914e-28
2.36275e-28
2.15573e-28
1.96644e-28
1.79342e-28
1.6353e-28
1.49082e-28
1.35883e-28
1.23828e-28
1.1282e-28
1.0277e-28
9.35969e-29
8.52252e-29
7.75868e-29
7.06189e-29
6.42639e-29
5.8469e-29
5.31861e-29
4.83708e-29
4.39827e-29
3.99847e-29
3.63428e-29
3.30261e-29
3.0006e-29
2.72566e-29
2.47543e-29
2.24771e-29
2.04054e-29
1.85209e-29
1.6807e-29
1.52487e-29
1.38322e-29
1.25447e-29
1.13748e-29
1.03119e-29
9.34646e-30
8.46972e-30
7.67369e-30
6.95108e-30
6.29526e-30
5.70018e-30
5.16031e-30
4.67065e-30
4.2266e-30
