2
2e+18
5e+18
49.9999
1.99999
8387.66
3.04242e-19
3.04229e-19
3.04133e-19
3.03979e-19
3.03766e-19
3.03492e-19
3.03158e-19
3.02764e-19
3.0231e-19
3.01797e-19
3.01224e-19
3.00592e-19
2.99902e-19
2.99153e-19
2.98346e-19
2.97483e-19
2.96562e-19
2.95585e-19
2.94553e-19
2.93465e-19
2.92323e-19
2.91127e-19
2.89878e-19
2.88577e-19
2.87224e-19
2.8582e-19
2.84367e-19
2.82864e-19
2.81313e-19
2.79714e-19
2.78069e-19
2.76378e-19
2.74643e-19
2.72864e-19
2.71042e-19
2.69179e-19
2.67275e-19
2.65331e-19
2.63349e-19
2.6133e-19
2.59274e-19
2.57183e-19
2.55057e-19
2.52899e-19
2.50709e-19
2.48488e-19
2.46238e-19
2.43959e-19
2.41653e-19
2.3932e-19
2.36963e-19
2.34583e-19
2.32179e-19
2.29755e-19
2.2731e-19
2.24846e-19
2.22365e-19
2.19867e-19
2.17354e-19
2.14826e-19
2.12285e-19
2.09733e-19
2.07169e-19
2.04596e-19
2.02015e-19
1.99426e-19
1.96832e-19
1.94232e-19
1.91628e-19
1.89021e-19
1.86412e-19
1.83803e-19
1.81194e-19
1.78586e-19
1.75981e-19
1.73379e-19
1.70781e-19
1.68188e-19
1.65602e-19
1.63023e-19
1.60452e-19
1.5789e-19
1.55338e-19
1.52796e-19
1.50267e-19
1.47749e-19
1.45245e-19
1.42754e-19
1.40278e-19
1.37818e-19
1.35373e-19
1.32945e-19
1.30535e-19
1.28143e-19
1.2577e-19
1.23415e-19
1.21081e-19
1.18767e-19
1.16474e-19
1.14203e-19
1.11953e-19
1.09726e-19
1.07521e-19
1.0534e-19
1.03182e-19
1.01049e-19
9.89394e-20
9.68547e-20
9.4795e-20
9.27606e-20
9.07517e-20
8.87685e-20
8.68113e-20
8.48803e-20
8.29757e-20
8.10976e-20
7.92461e-20
7.74214e-20
7.56236e-20
7.38528e-20
7.21091e-20
7.03924e-20
6.87028e-20
6.70405e-20
6.54052e-20
6.37971e-20
6.22161e-20
6.06621e-20
5.91351e-20
5.7635e-20
5.61618e-20
5.47152e-20
5.32953e-20
5.19018e-20
5.05347e-20
4.91937e-20
4.78788e-20
4.65896e-20
4.53262e-20
4.40881e-20
4.28753e-20
4.16876e-20
4.05246e-20
3.93862e-20
3.82721e-20
3.71821e-20
3.61159e-20
3.50733e-20
3.4054e-20
3.30577e-20
3.20841e-20
3.11329e-20
3.02039e-20
2.92968e-20
2.84113e-20
2.7547e-20
2.67036e-20
2.58809e-20
2.50785e-20
2.42962e-20
2.35335e-20
2.27902e-20
2.2066e-20
2.13605e-20
2.06735e-20
2.00045e-20
1.93533e-20
1.87196e-20
1.8103e-20
1.75032e-20
1.69199e-20
1.63528e-20
1.58015e-20
1.52657e-20
1.47452e-20
1.42395e-20
1.37485e-20
1.32717e-20
1.28089e-20
1.23598e-20
1.1924e-20
1.15013e-20
1.10913e-20
1.06939e-20
1.03086e-20
9.93517e-21
9.57338e-21
9.22292e-21
8.88352e-21
8.55488e-21
8.23676e-21
7.92888e-21
7.63098e-21
7.34281e-21
7.0641e-21
6.79461e-21
6.53409e-21
6.2823e-21
6.03901e-21
5.80398e-21
5.57697e-21
5.35777e-21
5.14616e-21
4.94191e-21
4.74482e-21
4.55468e-21
4.37128e-21
4.19443e-21
4.02392e-21
3.85957e-21
3.70119e-21
3.5486e-21
3.40162e-21
3.26007e-21
3.12378e-21
2.99259e-21
2.86634e-21
2.74486e-21
2.628e-21
2.51561e-21
2.40755e-21
2.30366e-21
2.20381e-21
2.10787e-21
2.0157e-21
1.92717e-21
1.84216e-21
1.76054e-21
1.6822e-21
1.60702e-21
1.5349e-21
1.46571e-21
1.39936e-21
1.33575e-21
1.27476e-21
1.21632e-21
1.16032e-21
1.10668e-21
1.0553e-21
1.0061e-21
9.59005e-22
9.13927e-22
8.7079e-22
8.2952e-22
7.90046e-22
7.52297e-22
7.16206e-22
6.81707e-22
6.48737e-22
6.17236e-22
5.87145e-22
5.58406e-22
5.30965e-22
5.04769e-22
4.79767e-22
4.5591e-22
4.3315e-22
4.11442e-22
3.9074e-22
3.71004e-22
3.52192e-22
3.34265e-22
3.17184e-22
3.00913e-22
2.85418e-22
2.70665e-22
2.5662e-22
2.43254e-22
2.30535e-22
2.18436e-22
2.06929e-22
1.95987e-22
1.85584e-22
1.75697e-22
1.66302e-22
1.57375e-22
1.48897e-22
1.40846e-22
1.33202e-22
1.25946e-22
1.1906e-22
1.12526e-22
1.06329e-22
1.00451e-22
9.48786e-23
8.95959e-23
8.45892e-23
7.98454e-23
7.53515e-23
7.10955e-23
6.70655e-23
6.32505e-23
5.96397e-23
5.62231e-23
5.2991e-23
4.9934e-23
4.70433e-23
4.43105e-23
4.17275e-23
3.92867e-23
3.69808e-23
3.48028e-23
3.27461e-23
3.08043e-23
2.89715e-23
2.72419e-23
2.56101e-23
2.40709e-23
2.26194e-23
2.12508e-23
1.99608e-23
1.87451e-23
1.75996e-23
1.65206e-23
1.55044e-23
1.45477e-23
1.3647e-23
1.27994e-23
1.20018e-23
1.12515e-23
1.05459e-23
9.88237e-24
9.25863e-24
8.67239e-24
8.12154e-24
7.60404e-24
7.11799e-24
6.66157e-24
6.23309e-24
5.83091e-24
5.45352e-24
5.09946e-24
4.76736e-24
4.45593e-24
4.16395e-24
3.89027e-24
3.6338e-24
3.39351e-24
3.16843e-24
2.95764e-24
2.76029e-24
2.57555e-24
2.40266e-24
2.24089e-24
2.08957e-24
1.94805e-24
1.81573e-24
1.69203e-24
1.57642e-24
1.4684e-24
1.36748e-24
1.27323e-24
1.18522e-24
1.10306e-24
1.02638e-24
9.5482e-25
8.88062e-25
8.25796e-25
7.67731e-25
7.13597e-25
6.63139e-25
6.16118e-25
5.72309e-25
5.31502e-25
4.935e-25
4.58118e-25
4.25182e-25
3.94531e-25
3.66012e-25
3.39483e-25
3.14809e-25
2.91868e-25
2.70541e-25
2.5072e-25
2.32302e-25
2.15192e-25
1.993e-25
1.84543e-25
1.70843e-25
1.58127e-25
1.46326e-25
1.35378e-25
1.25223e-25
1.15806e-25
1.07075e-25
9.8981e-26
9.14802e-26
8.45303e-26
7.80922e-26
7.21297e-26
6.66086e-26
6.14976e-26
5.67671e-26
5.23897e-26
4.834e-26
4.45943e-26
4.11305e-26
3.7928e-26
3.49678e-26
3.22322e-26
2.97047e-26
2.73699e-26
2.52135e-26
2.32225e-26
2.13845e-26
1.96881e-26
1.81228e-26
1.66787e-26
1.53467e-26
1.41184e-26
1.2986e-26
1.19422e-26
1.09803e-26
1.0094e-26
9.27763e-27
8.52579e-27
7.83354e-27
7.1963e-27
6.60982e-27
6.07019e-27
5.57378e-27
5.11723e-27
4.69745e-27
4.31157e-27
3.95695e-27
3.63114e-27
3.33188e-27
3.05708e-27
2.80481e-27
2.57329e-27
2.36088e-27
2.16607e-27
1.98746e-27
1.82378e-27
1.67381e-27
1.53648e-27
1.41077e-27
1.29575e-27
1.19058e-27
1.09446e-27
1.00669e-27
9.26581e-28
8.53536e-28
7.86984e-28
7.26407e-28
6.7133e-28
6.21314e-28
5.75959e-28
5.34896e-28
4.97789e-28
4.64327e-28
4.34228e-28
4.07233e-28
3.83105e-28
3.61628e-28
3.42603e-28
3.2585e-28
3.11206e-28
2.9852e-28
2.87657e-28
2.78493e-28
2.70916e-28
2.64827e-28
2.60132e-28
2.56752e-28
2.54611e-28
2.53643e-28
2.53792e-28
2.55004e-28
2.57233e-28
2.6044e-28
2.6459e-28
2.69654e-28
2.75606e-28
2.82424e-28
2.90094e-28
2.986e-28
3.07934e-28
3.18089e-28
3.29063e-28
3.40853e-28
3.53464e-28
3.66899e-28
3.81167e-28
3.96277e-28
4.1224e-28
4.29072e-28
4.46788e-28
4.65407e-28
4.84949e-28
5.05435e-28
5.26889e-28
5.49338e-28
5.72808e-28
5.97328e-28
6.22929e-28
6.49644e-28
6.77506e-28
7.0655e-28
7.36815e-28
7.68339e-28
