5
1e+16
2e+17
35.2826
9.27825
13262.1
2.97085e-17
3.00116e-17
1.47431e-17
9.84381e-18
7.38246e-18
5.90596e-18
4.92162e-18
4.21851e-18
3.69119e-18
3.28103e-18
2.95309e-18
2.68001e-18
2.50846e-18
0
0
0
0
0
0
0
0
0
0
1.87425e-20
1.75181e-20
1.6855e-20
1.62052e-20
1.5605e-20
1.50477e-20
1.45288e-20
1.40444e-20
1.35914e-20
1.31666e-20
1.27676e-20
1.23921e-20
1.2038e-20
1.17036e-20
1.13873e-20
1.10876e-20
1.08033e-20
1.05332e-20
1.02763e-20
1.00316e-20
9.7983e-21
9.57568e-21
9.36068e-21
9.15726e-21
8.96227e-21
8.77714e-21
8.5457e-21
8.37633e-21
8.21173e-21
8.05625e-21
7.82455e-21
7.68175e-21
7.54468e-21
7.3185e-21
7.19244e-21
7.07245e-21
6.81408e-21
6.70431e-21
6.59774e-21
6.37106e-21
6.27302e-21
6.18029e-21
5.90395e-21
5.81956e-21
5.73652e-21
5.51291e-21
5.43661e-21
5.36508e-21
5.07969e-21
5.01506e-21
4.95047e-21
4.73313e-21
4.68169e-21
4.39075e-21
4.34026e-21
4.28884e-21
4.07882e-21
4.03995e-21
3.75253e-21
3.71357e-21
3.673e-21
3.47448e-21
3.44569e-21
3.16878e-21
3.1443e-21
2.95733e-21
2.93589e-21
2.67315e-21
2.65041e-21
2.62535e-21
2.45654e-21
2.44142e-21
2.20012e-21
2.18786e-21
2.03537e-21
2.02478e-21
1.8058e-21
1.79747e-21
1.66304e-21
1.65588e-21
1.46139e-21
1.456e-21
1.33978e-21
1.33517e-21
1.16595e-21
1.16271e-21
1.06412e-21
1.06136e-21
9.17001e-22
9.15264e-22
8.33181e-22
8.31504e-22
7.12808e-22
6.48901e-22
6.47864e-22
5.47784e-22
5.47646e-22
4.93245e-22
4.93095e-22
4.12412e-22
4.12465e-22
3.71645e-22
3.08557e-22
3.08853e-22
2.75301e-22
2.75533e-22
2.26241e-22
2.02081e-22
2.02293e-22
1.63697e-22
1.64086e-22
1.45729e-22
1.17114e-22
1.17487e-22
1.03148e-22
1.03437e-22
8.2187e-23
7.24237e-23
7.26293e-23
5.68413e-23
5.71014e-23
5.00156e-23
3.88953e-23
3.90796e-23
3.40773e-23
2.62099e-23
2.63519e-23
2.28771e-23
1.74021e-23
1.75081e-23
1.51333e-23
1.13845e-23
1.14693e-23
9.78623e-24
9.84843e-24
7.32148e-24
6.29194e-24
6.32798e-24
4.64912e-24
4.01645e-24
2.91906e-24
2.94495e-24
2.50305e-24
1.80138e-24
1.81839e-24
1.53933e-24
1.09561e-24
1.10625e-24
9.41202e-25
5.6986e-25
3.41581e-24
0
1.39806e-21
0
7.15101e-19
0
0
1.97328e-25
1.29959e-25
1.08702e-25
1.12081e-25
0
0
0
0
0
0
0
0
0
0
0
0
0
0
0
0
0
0
0
0
0
0
0
0
0
0
0
0
0
0
0
0
0
0
0
0
0
0
0
0
0
0
0
0
0
0
0
0
0
0
0
0
0
0
0
0
0
0
0
0
0
0
0
0
0
0
0
0
0
0
0
0
0
0
0
0
0
0
0
0
0
0
0
0
0
0
0
0
0
0
0
0
0
0
0
0
0
0
0
0
0
0
0
0
0
0
0
0
0
0
0
0
0
0
0
0
0
0
0
0
0
0
0
0
0
0
0
0
0
0
0
0
0
0
0
0
0
0
0
0
0
0
0
0
0
0
0
0
0
0
0
0
0
0
0
0
0
0
0
0
0
0
0
0
0
0
0
0
0
0
0
0
0
0
0
0
0
0
0
0
0
0
0
0
0
0
0
0
0
0
0
0
0
0
0
0
0
0
0
0
0
0
0
0
0
0
0
0
0
0
0
0
0
0
0
0
0
0
0
0
0
0
0
0
0
0
0
0
0
0
0
0
0
0
0
0
0
0
0
0
0
0
0
0
0
0
0
0
0
0
0
0
0
0
0
0
0
0
0
0
0
0
0
0
0
0
0
0
0
0
0
0
0
0
0
0
0
0
0
0
0
0
0
0
0
0
0
0
0
0
0
0
0
0
0
0
0
0
0
0
0
0
0
0
0
0
0
0
0
0
0
0
0
0
0
0
0
