1
2e+18
1e+19
24.9988
1
5930.97
8.60771e-19
8.60732e-19
8.60462e-19
8.60027e-19
8.59423e-19
8.58648e-19
8.57703e-19
8.56588e-19
8.55304e-19
8.53851e-19
8.5223e-19
8.50441e-19
8.48487e-19
8.46369e-19
8.44086e-19
8.41642e-19
8.39037e-19
8.36272e-19
8.3335e-19
8.30273e-19
8.27041e-19
8.23657e-19
8.20123e-19
8.1644e-19
8.12612e-19
8.0864e-19
8.04526e-19
8.00274e-19
7.95884e-19
7.9136e-19
7.86705e-19
7.81921e-19
7.7701e-19
7.71976e-19
7.66821e-19
7.61548e-19
7.5616e-19
7.5066e-19
7.45051e-19
7.39336e-19
7.33519e-19
7.27601e-19
7.21587e-19
7.1548e-19
7.09282e-19
7.02997e-19
6.96629e-19
6.9018e-19
6.83655e-19
6.77055e-19
6.70385e-19
6.63649e-19
6.56848e-19
6.49987e-19
6.43069e-19
6.36098e-19
6.29076e-19
6.22008e-19
6.14896e-19
6.07743e-19
6.00554e-19
5.93331e-19
5.86078e-19
5.78797e-19
5.71493e-19
5.64168e-19
5.56826e-19
5.49469e-19
5.42101e-19
5.34725e-19
5.27344e-19
5.1996e-19
5.12578e-19
5.05199e-19
4.97827e-19
4.90464e-19
4.83114e-19
4.75779e-19
4.68461e-19
4.61163e-19
4.53889e-19
4.4664e-19
4.39419e-19
4.32228e-19
4.25069e-19
4.17946e-19
4.1086e-19
4.03813e-19
3.96808e-19
3.89846e-19
3.8293e-19
3.76061e-19
3.69242e-19
3.62474e-19
3.55759e-19
3.49098e-19
3.42493e-19
3.35947e-19
3.29459e-19
3.23032e-19
3.16668e-19
3.10366e-19
3.04129e-19
2.97958e-19
2.91854e-19
2.85817e-19
2.7985e-19
2.73952e-19
2.68125e-19
2.62369e-19
2.56686e-19
2.51075e-19
2.45538e-19
2.40075e-19
2.34687e-19
2.29374e-19
2.24136e-19
2.18974e-19
2.13888e-19
2.08878e-19
2.03945e-19
1.99089e-19
1.9431e-19
1.89607e-19
1.84981e-19
1.80432e-19
1.75959e-19
1.71563e-19
1.67244e-19
1.63e-19
1.58833e-19
1.54741e-19
1.50724e-19
1.46783e-19
1.42915e-19
1.39122e-19
1.35403e-19
1.31756e-19
1.28182e-19
1.2468e-19
1.2125e-19
1.1789e-19
1.14601e-19
1.11381e-19
1.08229e-19
1.05146e-19
1.02131e-19
9.91816e-20
9.62985e-20
9.34805e-20
9.07268e-20
8.80366e-20
8.54091e-20
8.28434e-20
8.03388e-20
7.78943e-20
7.5509e-20
7.31822e-20
7.09129e-20
6.87002e-20
6.65433e-20
6.44411e-20
6.2393e-20
6.03978e-20
5.84547e-20
5.65628e-20
5.47213e-20
5.29291e-20
5.11853e-20
4.94891e-20
4.78395e-20
4.62357e-20
4.46767e-20
4.31617e-20
4.16896e-20
4.02598e-20
3.88712e-20
3.75229e-20
3.62142e-20
3.49442e-20
3.3712e-20
3.25167e-20
3.13575e-20
3.02336e-20
2.91441e-20
2.80883e-20
2.70653e-20
2.60744e-20
2.51147e-20
2.41855e-20
2.3286e-20
2.24155e-20
2.15732e-20
2.07584e-20
1.99704e-20
1.92085e-20
1.84719e-20
1.77601e-20
1.70722e-20
1.64077e-20
1.57659e-20
1.51462e-20
1.4548e-20
1.39706e-20
1.34134e-20
1.28758e-20
1.23574e-20
1.18574e-20
1.13754e-20
1.09108e-20
1.04631e-20
1.00317e-20
9.61623e-21
9.2161e-21
8.83086e-21
8.46003e-21
8.10315e-21
7.75977e-21
7.42945e-21
7.11178e-21
6.80633e-21
6.51269e-21
6.23047e-21
5.9593e-21
5.69878e-21
5.44857e-21
5.20829e-21
4.97762e-21
4.75622e-21
4.54375e-21
4.33991e-21
4.14438e-21
3.95687e-21
3.77708e-21
3.60475e-21
3.43959e-21
3.28134e-21
3.12975e-21
2.98456e-21
2.84554e-21
2.71245e-21
2.58507e-21
2.46318e-21
2.34656e-21
2.23503e-21
2.12836e-21
2.02638e-21
1.92891e-21
1.83575e-21
1.74674e-21
1.66172e-21
1.58052e-21
1.50298e-21
1.42897e-21
1.35833e-21
1.29092e-21
1.22661e-21
1.16527e-21
1.10678e-21
1.05101e-21
9.97855e-22
9.47198e-22
8.98932e-22
8.52956e-22
8.09169e-22
7.67476e-22
7.27787e-22
6.90011e-22
6.54066e-22
6.19869e-22
5.87342e-22
5.56411e-22
5.27004e-22
4.99051e-22
4.72486e-22
4.47246e-22
4.23269e-22
4.00498e-22
3.78876e-22
3.58349e-22
3.38867e-22
3.2038e-22
3.02841e-22
2.86205e-22
2.70429e-22
2.55471e-22
2.41292e-22
2.27855e-22
2.15123e-22
2.03061e-22
1.91638e-22
1.80821e-22
1.70581e-22
1.60888e-22
1.51716e-22
1.43038e-22
1.34829e-22
1.27066e-22
1.19726e-22
1.12788e-22
1.0623e-22
1.00034e-22
9.418e-23
8.86511e-23
8.343e-23
7.85007e-23
7.38479e-23
6.9457e-23
6.53141e-23
6.1406e-23
5.77202e-23
5.42448e-23
5.09685e-23
4.78805e-23
4.49706e-23
4.2229e-23
3.96467e-23
3.72149e-23
3.49252e-23
3.27698e-23
3.07413e-23
2.88326e-23
2.7037e-23
2.53482e-23
2.37601e-23
2.2267e-23
2.08636e-23
1.95448e-23
1.83056e-23
1.71416e-23
1.60484e-23
1.50219e-23
1.40582e-23
1.31537e-23
1.2305e-23
1.15087e-23
1.07618e-23
1.00614e-23
9.40463e-24
8.78899e-24
8.21202e-24
7.67138e-24
7.1649e-24
6.69051e-24
6.24629e-24
5.83039e-24
5.44109e-24
5.07677e-24
4.73589e-24
4.41702e-24
4.11879e-24
3.83993e-24
3.57924e-24
3.33557e-24
3.10787e-24
2.89514e-24
2.69643e-24
2.51085e-24
2.33758e-24
2.17583e-24
2.02487e-24
1.884e-24
1.75258e-24
1.63001e-24
1.5157e-24
1.40912e-24
1.30978e-24
1.2172e-24
1.13093e-24
1.05057e-24
9.75721e-25
9.06024e-25
8.41137e-25
7.80739e-25
7.24533e-25
6.72239e-25
6.23593e-25
5.78351e-25
5.36285e-25
4.97178e-25
4.6083e-25
4.27054e-25
3.95675e-25
3.66528e-25
3.39459e-25
3.14327e-25
2.90998e-25
2.69346e-25
2.49255e-25
2.30617e-25
2.13329e-25
1.97298e-25
1.82435e-25
1.68658e-25
1.5589e-25
1.4406e-25
1.33101e-25
1.22951e-25
1.13551e-25
1.0485e-25
9.67952e-26
8.93416e-26
8.24453e-26
7.60661e-26
7.01664e-26
6.47113e-26
5.96683e-26
5.50074e-26
5.07003e-26
4.67212e-26
4.30458e-26
3.96515e-26
3.65176e-26
3.36247e-26
3.09548e-26
2.84911e-26
2.62183e-26
2.4122e-26
2.21889e-26
2.04066e-26
1.87638e-26
1.72497e-26
1.58546e-26
1.45695e-26
1.33858e-26
1.22959e-26
1.12924e-26
1.03688e-26
9.51882e-27
8.73676e-27
8.01736e-27
7.35572e-27
6.74733e-27
6.18803e-27
5.67395e-27
5.20154e-27
4.76752e-27
4.36883e-27
4.00268e-27
3.66649e-27
3.35787e-27
3.0746e-27
2.81467e-27
2.5762e-27
2.35747e-27
2.15687e-27
1.97295e-27
1.80435e-27
1.64983e-27
1.50824e-27
1.37853e-27
1.25972e-27
1.15091e-27
1.0513e-27
9.60118e-28
8.76667e-28
8.0031e-28
7.30458e-28
6.66569e-28
6.08146e-28
5.54733e-28
5.0591e-28
4.61292e-28
4.20525e-28
3.83284e-28
3.49271e-28
3.18213e-28
2.89859e-28
2.63978e-28
2.4036e-28
2.18812e-28
1.99155e-28
1.81228e-28
1.64882e-28
1.4998e-28
1.36398e-28
1.24021e-28
1.12744e-28
1.02473e-28
9.31182e-29
8.46007e-29
7.6847e-29
6.97899e-29
6.33683e-29
5.7526e-29
5.2212e-29
4.73794e-29
4.29855e-29
3.89915e-29
3.53617e-29
3.20636e-29
2.90678e-29
2.63474e-29
2.38779e-29
2.16372e-29
1.96052e-29
1.77642e-29
1.60979e-29
1.45922e-29
1.32349e-29
1.20152e-29
