1
1e+17
2e+18
24.9621
1
5930.97
8.60757e-19
8.60714e-19
8.60449e-19
8.60017e-19
8.59415e-19
8.58642e-19
8.57698e-19
8.56584e-19
8.553e-19
8.53847e-19
8.52227e-19
8.50439e-19
8.48485e-19
8.46367e-19
8.44084e-19
8.4164e-19
8.39035e-19
8.36271e-19
8.33349e-19
8.30271e-19
8.2704e-19
8.23656e-19
8.20122e-19
8.16439e-19
8.12611e-19
8.08639e-19
8.04525e-19
8.00273e-19
7.95883e-19
7.9136e-19
7.86704e-19
7.8192e-19
7.77009e-19
7.71975e-19
7.6682e-19
7.61547e-19
7.5616e-19
7.5066e-19
7.45051e-19
7.39336e-19
7.33518e-19
7.27601e-19
7.21587e-19
7.15479e-19
7.09282e-19
7.02997e-19
6.96629e-19
6.9018e-19
6.83654e-19
6.77055e-19
6.70385e-19
6.63648e-19
6.56848e-19
6.49987e-19
6.43069e-19
6.36098e-19
6.29076e-19
6.22008e-19
6.14896e-19
6.07743e-19
6.00554e-19
5.93331e-19
5.86078e-19
5.78797e-19
5.71493e-19
5.64168e-19
5.56826e-19
5.49469e-19
5.42101e-19
5.34725e-19
5.27344e-19
5.1996e-19
5.12578e-19
5.05199e-19
4.97827e-19
4.90464e-19
4.83114e-19
4.75779e-19
4.68461e-19
4.61163e-19
4.53889e-19
4.4664e-19
4.39419e-19
4.32228e-19
4.25069e-19
4.17946e-19
4.1086e-19
4.03813e-19
3.96808e-19
3.89846e-19
3.8293e-19
3.76061e-19
3.69242e-19
3.62474e-19
3.55759e-19
3.49098e-19
3.42493e-19
3.35947e-19
3.29459e-19
3.23032e-19
3.16668e-19
3.10366e-19
3.04129e-19
2.97958e-19
2.91854e-19
2.85817e-19
2.7985e-19
2.73952e-19
2.68125e-19
2.62369e-19
2.56686e-19
2.51075e-19
2.45538e-19
2.40075e-19
2.34687e-19
2.29374e-19
2.24136e-19
2.18974e-19
2.13888e-19
2.08878e-19
2.03945e-19
1.99089e-19
1.9431e-19
1.89607e-19
1.84981e-19
1.80432e-19
1.75959e-19
1.71563e-19
1.67244e-19
1.63e-19
1.58833e-19
1.54741e-19
1.50724e-19
1.46783e-19
1.42915e-19
1.39122e-19
1.35403e-19
1.31756e-19
1.28182e-19
1.2468e-19
1.2125e-19
1.1789e-19
1.14601e-19
1.11381e-19
1.08229e-19
1.05146e-19
1.02131e-19
9.91816e-20
9.62985e-20
9.34805e-20
9.07268e-20
8.80366e-20
8.54091e-20
8.28434e-20
8.03388e-20
7.78943e-20
7.5509e-20
7.31822e-20
7.09129e-20
6.87002e-20
6.65433e-20
6.44412e-20
6.2393e-20
6.03978e-20
5.84547e-20
5.65629e-20
5.47213e-20
5.29291e-20
5.11853e-20
4.94891e-20
4.78395e-20
4.62357e-20
4.46767e-20
4.31617e-20
4.16896e-20
4.02598e-20
3.88712e-20
3.75229e-20
3.62142e-20
3.49442e-20
3.3712e-20
3.25167e-20
3.13575e-20
3.02336e-20
2.91441e-20
2.80883e-20
2.70653e-20
2.60744e-20
2.51147e-20
2.41855e-20
2.3286e-20
2.24155e-20
2.15732e-20
2.07584e-20
1.99704e-20
1.92085e-20
1.84719e-20
1.77601e-20
1.70722e-20
1.64077e-20
1.57659e-20
1.51462e-20
1.4548e-20
1.39706e-20
1.34134e-20
1.28758e-20
1.23574e-20
1.18574e-20
1.13754e-20
1.09108e-20
1.04631e-20
1.00317e-20
9.61623e-21
9.21611e-21
8.83086e-21
8.46003e-21
8.10315e-21
7.75977e-21
7.42945e-21
7.11178e-21
6.80633e-21
6.51269e-21
6.23047e-21
5.9593e-21
5.69878e-21
5.44857e-21
5.20829e-21
4.97762e-21
4.75622e-21
4.54375e-21
4.33991e-21
4.14438e-21
3.95687e-21
3.77708e-21
3.60475e-21
3.43959e-21
3.28134e-21
3.12975e-21
2.98456e-21
2.84554e-21
2.71245e-21
2.58507e-21
2.46318e-21
2.34656e-21
2.23503e-21
2.12836e-21
2.02638e-21
1.92891e-21
1.83575e-21
1.74674e-21
1.66172e-21
1.58052e-21
1.50298e-21
1.42897e-21
1.35833e-21
1.29092e-21
1.22661e-21
1.16527e-21
1.10678e-21
1.05101e-21
9.97855e-22
9.47198e-22
8.98932e-22
8.52956e-22
8.09169e-22
7.67476e-22
7.27787e-22
6.90011e-22
6.54066e-22
6.19869e-22
5.87342e-22
5.56411e-22
5.27004e-22
4.99051e-22
4.72486e-22
4.47246e-22
4.23269e-22
4.00498e-22
3.78876e-22
3.58349e-22
3.38867e-22
3.2038e-22
3.02841e-22
2.86205e-22
2.70429e-22
2.55471e-22
2.41292e-22
2.27855e-22
2.15123e-22
2.03061e-22
1.91638e-22
1.80821e-22
1.70581e-22
1.60888e-22
1.51716e-22
1.43038e-22
1.34829e-22
1.27066e-22
1.19726e-22
1.12788e-22
1.0623e-22
1.00034e-22
9.418e-23
8.8651e-23
8.343e-23
7.85007e-23
7.38479e-23
6.9457e-23
6.53141e-23
6.1406e-23
5.77202e-23
5.42448e-23
5.09685e-23
4.78805e-23
4.49705e-23
4.2229e-23
3.96467e-23
3.72148e-23
3.49252e-23
3.27698e-23
3.07413e-23
2.88326e-23
2.7037e-23
2.53482e-23
2.37601e-23
2.2267e-23
2.08636e-23
1.95448e-23
1.83056e-23
1.71416e-23
1.60484e-23
1.50219e-23
1.40582e-23
1.31538e-23
1.2305e-23
1.15088e-23
1.07619e-23
1.00614e-23
9.40468e-24
8.78906e-24
8.21209e-24
7.67147e-24
7.165e-24
6.69063e-24
6.24642e-24
5.83053e-24
5.44124e-24
5.07694e-24
4.73607e-24
4.41721e-24
4.11899e-24
3.84014e-24
3.57944e-24
3.33578e-24
3.10809e-24
2.89535e-24
2.69664e-24
2.51107e-24
2.33779e-24
2.17604e-24
2.02508e-24
1.88421e-24
1.75279e-24
1.63021e-24
1.5159e-24
1.40932e-24
1.30997e-24
1.21739e-24
1.13112e-24
1.05075e-24
9.75903e-25
9.06203e-25
8.41312e-25
7.80912e-25
7.24704e-25
6.72406e-25
6.23758e-25
5.78514e-25
5.36444e-25
4.97334e-25
4.60984e-25
4.27204e-25
3.95821e-25
3.6667e-25
3.39598e-25
3.14462e-25
2.91128e-25
2.69471e-25
2.49376e-25
2.30733e-25
2.13441e-25
1.97406e-25
1.82539e-25
1.68757e-25
1.55985e-25
1.44151e-25
1.33188e-25
1.23034e-25
1.13632e-25
1.04927e-25
9.68693e-26
8.94126e-26
8.25135e-26
7.61315e-26
7.0229e-26
6.47713e-26
5.97257e-26
5.50621e-26
5.07525e-26
4.67709e-26
4.30931e-26
3.96964e-26
3.65603e-26
3.36651e-26
3.0993e-26
2.85273e-26
2.62525e-26
2.41543e-26
2.22193e-26
2.04353e-26
1.87907e-26
1.7275e-26
1.58784e-26
1.45918e-26
1.34068e-26
1.23155e-26
1.13108e-26
1.0386e-26
9.53492e-27
8.75181e-27
8.03142e-27
7.36885e-27
6.75958e-27
6.19945e-27
5.6846e-27
5.21146e-27
4.77675e-27
4.37743e-27
4.01068e-27
3.67393e-27
3.36477e-27
3.08102e-27
2.82063e-27
2.58173e-27
2.36259e-27
2.16163e-27
1.97736e-27
1.80843e-27
1.65361e-27
1.51174e-27
1.38176e-27
1.26271e-27
1.15368e-27
1.05386e-27
9.62482e-28
8.78851e-28
8.02326e-28
7.32318e-28
6.68285e-28
6.09729e-28
5.56193e-28
5.07256e-28
4.62532e-28
4.21667e-28
3.84335e-28
3.50239e-28
3.19103e-28
2.90678e-28
2.64731e-28
2.41053e-28
2.19448e-28
1.9974e-28
1.81765e-28
1.65375e-28
1.50433e-28
1.36813e-28
1.24402e-28
1.13093e-28
1.02793e-28
9.34115e-29
8.48695e-29
7.70932e-29
7.00154e-29
6.35746e-29
5.77149e-29
5.23847e-29
4.75373e-29
4.31298e-29
3.91232e-29
3.54816e-29
3.21726e-29
2.91663e-29
2.64357e-29
2.39559e-29
2.17044e-29
1.96606e-29
1.78056e-29
1.61225e-29
1.45955e-29
1.32105e-29
1.19546e-29
