1
2e+18
5e+18
24.9999
1
5930.97
8.60771e-19
8.60733e-19
8.60462e-19
8.60027e-19
8.59423e-19
8.58648e-19
8.57703e-19
8.56588e-19
8.55304e-19
8.53851e-19
8.5223e-19
8.50442e-19
8.48488e-19
8.46369e-19
8.44087e-19
8.41642e-19
8.39037e-19
8.36273e-19
8.33351e-19
8.30273e-19
8.27041e-19
8.23657e-19
8.20123e-19
8.16441e-19
8.12612e-19
8.0864e-19
8.04526e-19
8.00274e-19
7.95884e-19
7.91361e-19
7.86705e-19
7.81921e-19
7.7701e-19
7.71976e-19
7.66821e-19
7.61548e-19
7.5616e-19
7.5066e-19
7.45051e-19
7.39337e-19
7.33519e-19
7.27601e-19
7.21587e-19
7.1548e-19
7.09282e-19
7.02997e-19
6.96629e-19
6.9018e-19
6.83655e-19
6.77055e-19
6.70386e-19
6.63649e-19
6.56848e-19
6.49987e-19
6.4307e-19
6.36098e-19
6.29076e-19
6.22008e-19
6.14896e-19
6.07743e-19
6.00554e-19
5.93331e-19
5.86078e-19
5.78798e-19
5.71493e-19
5.64168e-19
5.56826e-19
5.49469e-19
5.42101e-19
5.34725e-19
5.27344e-19
5.1996e-19
5.12578e-19
5.05199e-19
4.97827e-19
4.90464e-19
4.83114e-19
4.75779e-19
4.68461e-19
4.61163e-19
4.53889e-19
4.4664e-19
4.39419e-19
4.32228e-19
4.25069e-19
4.17946e-19
4.1086e-19
4.03813e-19
3.96808e-19
3.89846e-19
3.8293e-19
3.76061e-19
3.69242e-19
3.62474e-19
3.55759e-19
3.49098e-19
3.42493e-19
3.35947e-19
3.29459e-19
3.23032e-19
3.16668e-19
3.10366e-19
3.04129e-19
2.97958e-19
2.91854e-19
2.85817e-19
2.7985e-19
2.73952e-19
2.68125e-19
2.62369e-19
2.56686e-19
2.51075e-19
2.45538e-19
2.40075e-19
2.34687e-19
2.29374e-19
2.24136e-19
2.18974e-19
2.13888e-19
2.08878e-19
2.03945e-19
1.99089e-19
1.9431e-19
1.89607e-19
1.84981e-19
1.80432e-19
1.75959e-19
1.71563e-19
1.67244e-19
1.63e-19
1.58833e-19
1.54741e-19
1.50724e-19
1.46783e-19
1.42915e-19
1.39122e-19
1.35403e-19
1.31756e-19
1.28182e-19
1.2468e-19
1.2125e-19
1.1789e-19
1.14601e-19
1.11381e-19
1.08229e-19
1.05146e-19
1.02131e-19
9.91816e-20
9.62985e-20
9.34804e-20
9.07268e-20
8.80366e-20
8.54091e-20
8.28434e-20
8.03388e-20
7.78943e-20
7.5509e-20
7.31822e-20
7.09129e-20
6.87002e-20
6.65433e-20
6.44411e-20
6.2393e-20
6.03978e-20
5.84547e-20
5.65628e-20
5.47213e-20
5.2929e-20
5.11853e-20
4.94891e-20
4.78395e-20
4.62357e-20
4.46767e-20
4.31616e-20
4.16896e-20
4.02598e-20
3.88711e-20
3.75229e-20
3.62142e-20
3.49442e-20
3.37119e-20
3.25167e-20
3.13575e-20
3.02336e-20
2.91441e-20
2.80883e-20
2.70653e-20
2.60744e-20
2.51147e-20
2.41855e-20
2.3286e-20
2.24155e-20
2.15732e-20
2.07584e-20
1.99704e-20
1.92085e-20
1.84719e-20
1.77601e-20
1.70722e-20
1.64077e-20
1.57659e-20
1.51462e-20
1.4548e-20
1.39706e-20
1.34134e-20
1.28758e-20
1.23574e-20
1.18574e-20
1.13754e-20
1.09108e-20
1.04631e-20
1.00317e-20
9.61623e-21
9.2161e-21
8.83086e-21
8.46003e-21
8.10315e-21
7.75977e-21
7.42945e-21
7.11178e-21
6.80633e-21
6.51269e-21
6.23047e-21
5.9593e-21
5.69878e-21
5.44857e-21
5.20829e-21
4.97762e-21
4.75622e-21
4.54375e-21
4.3399e-21
4.14438e-21
3.95687e-21
3.77708e-21
3.60475e-21
3.43959e-21
3.28134e-21
3.12975e-21
2.98456e-21
2.84554e-21
2.71245e-21
2.58507e-21
2.46318e-21
2.34656e-21
2.23503e-21
2.12836e-21
2.02638e-21
1.9289e-21
1.83575e-21
1.74674e-21
1.66172e-21
1.58052e-21
1.50298e-21
1.42897e-21
1.35833e-21
1.29092e-21
1.22661e-21
1.16527e-21
1.10678e-21
1.05101e-21
9.97855e-22
9.47198e-22
8.98932e-22
8.52956e-22
8.09169e-22
7.67476e-22
7.27787e-22
6.90011e-22
6.54066e-22
6.19869e-22
5.87342e-22
5.56411e-22
5.27004e-22
4.99051e-22
4.72486e-22
4.47246e-22
4.23269e-22
4.00498e-22
3.78876e-22
3.58349e-22
3.38867e-22
3.2038e-22
3.02841e-22
2.86205e-22
2.70429e-22
2.55471e-22
2.41292e-22
2.27855e-22
2.15123e-22
2.03061e-22
1.91638e-22
1.80821e-22
1.70581e-22
1.60888e-22
1.51716e-22
1.43038e-22
1.34829e-22
1.27066e-22
1.19726e-22
1.12788e-22
1.0623e-22
1.00034e-22
9.418e-23
8.8651e-23
8.343e-23
7.85007e-23
7.38479e-23
6.9457e-23
6.53141e-23
6.1406e-23
5.77202e-23
5.42448e-23
5.09685e-23
4.78805e-23
4.49706e-23
4.2229e-23
3.96467e-23
3.72148e-23
3.49252e-23
3.27698e-23
3.07413e-23
2.88326e-23
2.7037e-23
2.53482e-23
2.37601e-23
2.2267e-23
2.08636e-23
1.95448e-23
1.83056e-23
1.71416e-23
1.60484e-23
1.50219e-23
1.40582e-23
1.31537e-23
1.2305e-23
1.15087e-23
1.07618e-23
1.00614e-23
9.40464e-24
8.78901e-24
8.21203e-24
7.6714e-24
7.16492e-24
6.69054e-24
6.24632e-24
5.83043e-24
5.44114e-24
5.07682e-24
4.73595e-24
4.41708e-24
4.11886e-24
3.84e-24
3.57931e-24
3.33564e-24
3.10794e-24
2.89521e-24
2.6965e-24
2.51092e-24
2.33765e-24
2.1759e-24
2.02493e-24
1.88407e-24
1.75265e-24
1.63007e-24
1.51576e-24
1.40919e-24
1.30984e-24
1.21726e-24
1.13099e-24
1.05063e-24
9.75779e-25
9.0608e-25
8.41192e-25
7.80794e-25
7.24587e-25
6.72292e-25
6.23646e-25
5.78403e-25
5.36336e-25
4.97228e-25
4.6088e-25
4.27103e-25
3.95722e-25
3.66574e-25
3.39504e-25
3.14371e-25
2.9104e-25
2.69386e-25
2.49294e-25
2.30654e-25
2.13365e-25
1.97333e-25
1.82468e-25
1.6869e-25
1.55921e-25
1.44089e-25
1.33128e-25
1.22977e-25
1.13577e-25
1.04874e-25
9.68187e-26
8.93641e-26
8.2467e-26
7.60869e-26
7.01863e-26
6.47304e-26
5.96866e-26
5.50248e-26
5.0717e-26
4.67371e-26
4.30609e-26
3.96659e-26
3.65312e-26
3.36376e-26
3.09669e-26
2.85026e-26
2.62292e-26
2.41323e-26
2.21986e-26
2.04157e-26
1.87723e-26
1.72577e-26
1.58622e-26
1.45766e-26
1.33925e-26
1.23021e-26
1.12983e-26
1.03742e-26
9.5239e-27
8.74151e-27
8.02179e-27
7.35985e-27
6.75119e-27
6.19162e-27
5.6773e-27
5.20466e-27
4.77042e-27
4.37153e-27
4.00519e-27
3.66882e-27
3.36003e-27
3.07662e-27
2.81654e-27
2.57794e-27
2.35907e-27
2.15836e-27
1.97433e-27
1.80563e-27
1.65101e-27
1.50933e-27
1.37954e-27
1.26065e-27
1.15178e-27
1.0521e-27
9.60856e-28
8.77349e-28
8.0094e-28
7.31039e-28
6.67105e-28
6.0864e-28
5.55189e-28
5.0633e-28
4.61679e-28
4.20881e-28
3.83612e-28
3.49573e-28
3.18491e-28
2.90114e-28
2.64213e-28
2.40576e-28
2.1901e-28
1.99337e-28
1.81396e-28
1.65036e-28
1.50121e-28
1.36527e-28
1.24139e-28
1.12853e-28
1.02572e-28
9.32095e-29
8.46844e-29
7.69237e-29
6.98602e-29
6.34328e-29
5.75852e-29
5.22664e-29
4.74296e-29
4.30321e-29
3.9035e-29
3.54029e-29
3.21033e-29
2.9107e-29
2.63873e-29
2.392e-29
2.16834e-29
1.96579e-29
1.78262e-29
1.61728e-29
1.46843e-29
1.33493e-29
1.21582e-29
