1
2e+18
1e+17
24.9993
1
5930.97
8.60771e-19
8.60733e-19
8.60462e-19
8.60027e-19
8.59423e-19
8.58649e-19
8.57704e-19
8.56589e-19
8.55304e-19
8.53851e-19
8.5223e-19
8.50442e-19
8.48488e-19
8.46369e-19
8.44087e-19
8.41642e-19
8.39037e-19
8.36273e-19
8.33351e-19
8.30273e-19
8.27041e-19
8.23657e-19
8.20123e-19
8.16441e-19
8.12612e-19
8.0864e-19
8.04527e-19
8.00274e-19
7.95884e-19
7.91361e-19
7.86705e-19
7.81921e-19
7.7701e-19
7.71976e-19
7.66821e-19
7.61548e-19
7.5616e-19
7.50661e-19
7.45052e-19
7.39337e-19
7.33519e-19
7.27601e-19
7.21587e-19
7.1548e-19
7.09282e-19
7.02997e-19
6.96629e-19
6.90181e-19
6.83655e-19
6.77055e-19
6.70386e-19
6.63649e-19
6.56848e-19
6.49987e-19
6.4307e-19
6.36098e-19
6.29077e-19
6.22008e-19
6.14896e-19
6.07744e-19
6.00554e-19
5.93331e-19
5.86078e-19
5.78798e-19
5.71493e-19
5.64168e-19
5.56826e-19
5.49469e-19
5.42101e-19
5.34725e-19
5.27344e-19
5.1996e-19
5.12578e-19
5.05199e-19
4.97827e-19
4.90464e-19
4.83114e-19
4.75779e-19
4.68461e-19
4.61163e-19
4.53889e-19
4.4664e-19
4.39419e-19
4.32228e-19
4.25069e-19
4.17946e-19
4.1086e-19
4.03813e-19
3.96808e-19
3.89846e-19
3.8293e-19
3.76061e-19
3.69242e-19
3.62474e-19
3.55759e-19
3.49098e-19
3.42493e-19
3.35947e-19
3.29459e-19
3.23032e-19
3.16668e-19
3.10366e-19
3.04129e-19
2.97958e-19
2.91854e-19
2.85817e-19
2.7985e-19
2.73952e-19
2.68125e-19
2.62369e-19
2.56686e-19
2.51075e-19
2.45538e-19
2.40075e-19
2.34687e-19
2.29374e-19
2.24136e-19
2.18974e-19
2.13888e-19
2.08878e-19
2.03945e-19
1.99089e-19
1.94309e-19
1.89607e-19
1.84981e-19
1.80432e-19
1.75959e-19
1.71563e-19
1.67244e-19
1.63e-19
1.58833e-19
1.54741e-19
1.50724e-19
1.46783e-19
1.42915e-19
1.39122e-19
1.35403e-19
1.31756e-19
1.28182e-19
1.2468e-19
1.2125e-19
1.1789e-19
1.146e-19
1.1138e-19
1.08229e-19
1.05146e-19
1.02131e-19
9.91816e-20
9.62984e-20
9.34804e-20
9.07267e-20
8.80366e-20
8.54091e-20
8.28434e-20
8.03388e-20
7.78943e-20
7.5509e-20
7.31822e-20
7.09129e-20
6.87002e-20
6.65433e-20
6.44411e-20
6.23929e-20
6.03978e-20
5.84547e-20
5.65628e-20
5.47213e-20
5.2929e-20
5.11853e-20
4.94891e-20
4.78395e-20
4.62357e-20
4.46767e-20
4.31616e-20
4.16896e-20
4.02597e-20
3.88711e-20
3.75229e-20
3.62142e-20
3.49442e-20
3.37119e-20
3.25166e-20
3.13575e-20
3.02335e-20
2.91441e-20
2.80883e-20
2.70653e-20
2.60744e-20
2.51147e-20
2.41855e-20
2.3286e-20
2.24155e-20
2.15732e-20
2.07584e-20
1.99704e-20
1.92085e-20
1.84719e-20
1.77601e-20
1.70722e-20
1.64077e-20
1.57659e-20
1.51462e-20
1.4548e-20
1.39706e-20
1.34134e-20
1.28758e-20
1.23574e-20
1.18574e-20
1.13754e-20
1.09108e-20
1.04631e-20
1.00317e-20
9.61623e-21
9.2161e-21
8.83086e-21
8.46003e-21
8.10314e-21
7.75977e-21
7.42945e-21
7.11178e-21
6.80632e-21
6.51269e-21
6.23047e-21
5.95929e-21
5.69878e-21
5.44856e-21
5.20829e-21
4.97762e-21
4.75622e-21
4.54375e-21
4.3399e-21
4.14438e-21
3.95687e-21
3.77708e-21
3.60475e-21
3.43959e-21
3.28134e-21
3.12975e-21
2.98456e-21
2.84554e-21
2.71245e-21
2.58507e-21
2.46318e-21
2.34656e-21
2.23502e-21
2.12836e-21
2.02638e-21
1.9289e-21
1.83575e-21
1.74674e-21
1.66172e-21
1.58052e-21
1.50298e-21
1.42897e-21
1.35832e-21
1.29092e-21
1.22661e-21
1.16527e-21
1.10678e-21
1.05101e-21
9.97855e-22
9.47197e-22
8.98932e-22
8.52956e-22
8.09169e-22
7.67476e-22
7.27786e-22
6.90011e-22
6.54066e-22
6.19869e-22
5.87342e-22
5.56411e-22
5.27004e-22
4.99051e-22
4.72486e-22
4.47245e-22
4.23269e-22
4.00497e-22
3.78875e-22
3.58349e-22
3.38867e-22
3.2038e-22
3.02841e-22
2.86205e-22
2.70428e-22
2.55471e-22
2.41292e-22
2.27855e-22
2.15122e-22
2.03061e-22
1.91638e-22
1.80821e-22
1.70581e-22
1.60888e-22
1.51716e-22
1.43038e-22
1.34829e-22
1.27066e-22
1.19726e-22
1.12788e-22
1.0623e-22
1.00034e-22
9.418e-23
8.8651e-23
8.343e-23
7.85007e-23
7.38479e-23
6.9457e-23
6.53141e-23
6.1406e-23
5.77202e-23
5.42448e-23
5.09685e-23
4.78805e-23
4.49705e-23
4.2229e-23
3.96467e-23
3.72148e-23
3.49252e-23
3.27698e-23
3.07413e-23
2.88326e-23
2.7037e-23
2.53482e-23
2.37601e-23
2.2267e-23
2.08636e-23
1.95448e-23
1.83056e-23
1.71416e-23
1.60484e-23
1.50219e-23
1.40582e-23
1.31538e-23
1.2305e-23
1.15087e-23
1.07619e-23
1.00614e-23
9.40468e-24
8.78906e-24
8.21209e-24
7.67146e-24
7.16499e-24
6.69062e-24
6.24641e-24
5.83053e-24
5.44124e-24
5.07693e-24
4.73607e-24
4.4172e-24
4.11898e-24
3.84013e-24
3.57944e-24
3.33578e-24
3.10808e-24
2.89535e-24
2.69664e-24
2.51106e-24
2.33779e-24
2.17604e-24
2.02507e-24
1.8842e-24
1.75278e-24
1.6302e-24
1.51589e-24
1.40932e-24
1.30997e-24
1.21738e-24
1.13112e-24
1.05075e-24
9.75899e-25
9.06199e-25
8.41309e-25
7.80909e-25
7.247e-25
6.72403e-25
6.23755e-25
5.78511e-25
5.36441e-25
4.97332e-25
4.60981e-25
4.27202e-25
3.95819e-25
3.66668e-25
3.39595e-25
3.14459e-25
2.91125e-25
2.69469e-25
2.49374e-25
2.30731e-25
2.13439e-25
1.97404e-25
1.82537e-25
1.68756e-25
1.55984e-25
1.44149e-25
1.33186e-25
1.23033e-25
1.1363e-25
1.04925e-25
9.68679e-26
8.94113e-26
8.25122e-26
7.61303e-26
7.02279e-26
6.47702e-26
5.97246e-26
5.50611e-26
5.07516e-26
4.677e-26
4.30922e-26
3.96956e-26
3.65595e-26
3.36644e-26
3.09923e-26
2.85266e-26
2.62519e-26
2.41537e-26
2.22187e-26
2.04347e-26
1.87902e-26
1.72745e-26
1.5878e-26
1.45914e-26
1.34064e-26
1.23152e-26
1.13105e-26
1.03857e-26
9.53462e-27
8.75153e-27
8.03115e-27
7.3686e-27
6.75935e-27
6.19924e-27
5.6844e-27
5.21128e-27
4.77658e-27
4.37726e-27
4.01053e-27
3.67379e-27
3.36464e-27
3.0809e-27
2.82052e-27
2.58163e-27
2.3625e-27
2.16154e-27
1.97727e-27
1.80836e-27
1.65354e-27
1.51167e-27
1.3817e-27
1.26265e-27
1.15363e-27
1.05381e-27
9.62437e-28
8.7881e-28
8.02288e-28
7.32283e-28
6.68253e-28
6.09699e-28
5.56165e-28
5.0723e-28
4.62508e-28
4.21645e-28
3.84315e-28
3.5022e-28
3.19086e-28
2.90662e-28
2.64717e-28
2.41039e-28
2.19436e-28
1.99729e-28
1.81755e-28
1.65366e-28
1.50424e-28
1.36805e-28
1.24395e-28
1.13087e-28
1.02787e-28
9.34067e-29
8.48655e-29
7.70902e-29
7.00135e-29
6.35743e-29
5.77164e-29
5.23887e-29
4.75446e-29
4.31416e-29
3.9141e-29
3.55075e-29
3.22092e-29
2.92173e-29
2.65056e-29
2.40507e-29
2.18317e-29
1.983e-29
1.80295e-29
1.64159e-29
1.49773e-29
1.3704e-29
1.25882e-29
