13262.1
0
2.5587e-14
0
0
5.27845e-25
1.3435e-24
1.07191e-24
6.43542e-25
3.21325e-25
1.56061e-25
7.28211e-26
3.57816e-26
1.81617e-26
9.63794e-27
5.16018e-27
2.85224e-27
1.56593e-27
8.86343e-28
5.18868e-28
3.47109e-28
2.74624e-28
2.52635e-28
2.48296e-28
2.47527e-28
2.46894e-28
2.45566e-28
2.4443e-28
2.43166e-28
2.41907e-28
2.40586e-28
2.39239e-28
2.37849e-28
2.36426e-28
2.34966e-28
2.33472e-28
2.31942e-28
2.3038e-28
2.28786e-28
2.27159e-28
2.25502e-28
2.23815e-28
2.22098e-28
2.20354e-28
2.18581e-28
2.16783e-28
2.14958e-28
2.1311e-28
2.11237e-28
2.09341e-28
2.07423e-28
2.05485e-28
2.03526e-28
2.01548e-28
1.99552e-28
1.97538e-28
1.95508e-28
1.93463e-28
1.91403e-28
1.8933e-28
1.87244e-28
1.85146e-28
1.83037e-28
1.80919e-28
1.78791e-28
1.76656e-28
1.74513e-28
1.72364e-28
1.7021e-28
1.68051e-28
1.65888e-28
1.63723e-28
1.61555e-28
1.59387e-28
1.57218e-28
1.5505e-28
1.52883e-28
1.50718e-28
1.48556e-28
1.46398e-28
1.44244e-28
1.42095e-28
1.39952e-28
1.37816e-28
1.35687e-28
1.33566e-28
1.31453e-28
1.2935e-28
1.27257e-28
1.25174e-28
1.23102e-28
1.21042e-28
1.18995e-28
1.1696e-28
1.14938e-28
1.12931e-28
1.10937e-28
1.08959e-28
1.06996e-28
1.05048e-28
1.03117e-28
1.01203e-28
9.93052e-29
9.74251e-29
9.55628e-29
9.37186e-29
9.18929e-29
9.00859e-29
8.8298e-29
8.65295e-29
8.47805e-29
8.30514e-29
8.13424e-29
7.96538e-29
7.79856e-29
7.63381e-29
7.47115e-29
7.31059e-29
7.15214e-29
6.99583e-29
6.84165e-29
6.68962e-29
6.53974e-29
6.39203e-29
6.24648e-29
6.1031e-29
5.9619e-29
5.82287e-29
5.68601e-29
5.55132e-29
5.4188e-29
5.28843e-29
5.16023e-29
5.03416e-29
4.91024e-29
4.78844e-29
4.66876e-29
4.55118e-29
4.43569e-29
4.32226e-29
4.21089e-29
4.10155e-29
3.99423e-29
3.88889e-29
3.78552e-29
3.68409e-29
3.58458e-29
3.48695e-29
3.39118e-29
3.29724e-29
3.20509e-29
3.1147e-29
3.02603e-29
2.93904e-29
2.85372e-29
2.77003e-29
2.68798e-29
2.60755e-29
2.52876e-29
2.45157e-29
2.37599e-29
2.30198e-29
2.22953e-29
2.15859e-29
2.08915e-29
2.02118e-29
1.95467e-29
1.88959e-29
1.82592e-29
1.76365e-29
1.7028e-29
1.64336e-29
1.58534e-29
1.52875e-29
1.47359e-29
1.41984e-29
1.36749e-29
1.31651e-29
1.26688e-29
1.21858e-29
1.1716e-29
1.12596e-29
1.08165e-29
1.0387e-29
9.97095e-30
9.56836e-30
9.17911e-30
8.80303e-30
8.43995e-30
8.08964e-30
7.75185e-30
7.42633e-30
7.11279e-30
6.81093e-30
6.52045e-30
6.24105e-30
5.9724e-30
5.71418e-30
5.46609e-30
5.22778e-30
4.99896e-30
4.77931e-30
4.56851e-30
4.36626e-30
4.17226e-30
3.98622e-30
3.80785e-30
3.63687e-30
3.47301e-30
3.316e-30
3.16559e-30
3.02151e-30
2.88354e-30
2.75144e-30
2.62498e-30
2.50393e-30
2.38809e-30
2.27725e-30
2.17121e-30
2.06979e-30
1.97279e-30
1.88003e-30
1.79136e-30
1.70659e-30
1.62558e-30
1.54816e-30
1.4742e-30
1.40354e-30
1.33606e-30
1.27161e-30
1.21008e-30
1.15134e-30
1.09527e-30
1.04176e-30
9.90711e-31
9.42005e-31
8.95548e-31
8.51243e-31
8.08997e-31
7.68722e-31
7.30332e-31
6.93746e-31
6.58884e-31
6.25672e-31
5.94035e-31
5.63906e-31
5.35217e-31
5.07904e-31
4.81906e-31
4.57163e-31
4.33619e-31
4.11221e-31
3.89915e-31
3.69652e-31
3.50384e-31
3.32067e-31
3.14655e-31
2.98107e-31
2.82383e-31
2.67445e-31
2.53256e-31
2.3978e-31
2.26983e-31
2.14835e-31
2.03303e-31
1.92359e-31
1.81975e-31
1.72123e-31
1.62777e-31
1.53914e-31
1.4551e-31
1.37542e-31
1.29989e-31
1.22832e-31
1.16049e-31
1.09623e-31
1.03536e-31
9.77708e-32
9.23119e-32
8.71435e-32
8.22512e-32
7.76209e-32
7.32394e-32
6.9094e-32
6.51727e-32
6.14639e-32
5.79568e-32
5.46409e-32
5.15064e-32
4.85438e-32
4.57443e-32
4.30992e-32
4.06004e-32
3.82404e-32
3.60116e-32
3.39073e-32
3.19208e-32
3.00458e-32
2.82763e-32
2.66067e-32
2.50317e-32
2.3546e-32
2.2145e-32
2.08239e-32
1.95784e-32
1.84045e-32
1.72981e-32
1.62556e-32
1.52734e-32
1.43482e-32
1.34768e-32
1.26563e-32
1.18837e-32
1.11565e-32
1.0472e-32
9.82796e-33
9.22198e-33
8.65195e-33
8.11582e-33
7.61165e-33
7.13762e-33
6.69198e-33
6.27312e-33
5.87947e-33
5.50959e-33
5.1621e-33
4.8357e-33
4.52916e-33
4.24131e-33
3.97106e-33
3.71738e-33
3.4793e-33
3.25588e-33
3.04626e-33
2.84961e-33
2.66517e-33
2.49221e-33
2.33003e-33
2.17798e-33
2.03547e-33
1.9019e-33
1.77673e-33
1.65945e-33
1.54958e-33
1.44664e-33
1.35021e-33
1.25987e-33
1.1752e-33
1.09581e-33
1.02129e-33
9.51216e-34
8.85111e-34
8.22404e-34
7.6235e-34
7.039e-34
6.45486e-34
5.84738e-34
5.18248e-34
4.41698e-34
3.50818e-34
2.43329e-34
1.2153e-34
0
0
0
6.68292e-34
0
0
0
0
0
0
0
1.05831e-35
0
0
6.74761e-35
8.29929e-35
8.31553e-35
8.15871e-35
7.41857e-35
6.83616e-35
6.16892e-35
5.5353e-35
4.92996e-35
4.3469e-35
3.81569e-35
3.31878e-35
2.87779e-35
2.48199e-35
2.14289e-35
1.85733e-35
1.63088e-35
1.4639e-35
1.35999e-35
1.32153e-35
1.35176e-35
1.4542e-35
1.63274e-35
1.8917e-35
2.23584e-35
2.6703e-35
