13262.1
6.29376e-20
6.29346e-20
6.29185e-20
6.28923e-20
6.28559e-20
6.28092e-20
6.27522e-20
6.2685e-20
6.26079e-20
6.25212e-20
6.24249e-20
6.2319e-20
6.22034e-20
6.20783e-20
6.19436e-20
6.17993e-20
6.16456e-20
6.14825e-20
6.131e-20
6.11283e-20
6.09374e-20
6.07374e-20
6.05284e-20
6.03105e-20
6.00838e-20
5.98484e-20
5.96043e-20
5.93518e-20
5.9091e-20
5.88219e-20
5.85446e-20
5.82594e-20
5.79663e-20
5.76655e-20
5.73571e-20
5.70413e-20
5.67181e-20
5.63878e-20
5.60505e-20
5.57063e-20
5.53553e-20
5.49979e-20
5.4634e-20
5.42639e-20
5.38877e-20
5.35055e-20
5.31176e-20
5.27242e-20
5.23253e-20
5.19211e-20
5.15118e-20
5.10977e-20
5.06787e-20
5.02552e-20
4.98273e-20
4.93951e-20
4.89589e-20
4.85188e-20
4.8075e-20
4.76276e-20
4.71769e-20
4.67229e-20
4.6266e-20
4.58061e-20
4.53436e-20
4.48786e-20
4.44112e-20
4.39417e-20
4.34701e-20
4.29967e-20
4.25216e-20
4.2045e-20
4.15671e-20
4.10879e-20
4.06078e-20
4.01267e-20
3.9645e-20
3.91627e-20
3.868e-20
3.8197e-20
3.7714e-20
3.72309e-20
3.67481e-20
3.62656e-20
3.57835e-20
3.53021e-20
3.48214e-20
3.43416e-20
3.38628e-20
3.33851e-20
3.29087e-20
3.24337e-20
3.19602e-20
3.14883e-20
3.10181e-20
3.05498e-20
3.00835e-20
2.96192e-20
2.91571e-20
2.86973e-20
2.82398e-20
2.77848e-20
2.73324e-20
2.68826e-20
2.64355e-20
2.59913e-20
2.55499e-20
2.51116e-20
2.46762e-20
2.42441e-20
2.38151e-20
2.33893e-20
2.29669e-20
2.25479e-20
2.21323e-20
2.17202e-20
2.13116e-20
2.09067e-20
2.05054e-20
2.01077e-20
1.97138e-20
1.93237e-20
1.89374e-20
1.85549e-20
1.81763e-20
1.78016e-20
1.74308e-20
1.70639e-20
1.67011e-20
1.63422e-20
1.59873e-20
1.56364e-20
1.52895e-20
1.49467e-20
1.46079e-20
1.42732e-20
1.39425e-20
1.36159e-20
1.32933e-20
1.29748e-20
1.26604e-20
1.23499e-20
1.20435e-20
1.17411e-20
1.14427e-20
1.11484e-20
1.0858e-20
1.05715e-20
1.0289e-20
1.00105e-20
9.73582e-21
9.46505e-21
9.19814e-21
8.93508e-21
8.67587e-21
8.42054e-21
8.16914e-21
7.9217e-21
7.67823e-21
7.43875e-21
7.20328e-21
6.9718e-21
6.74432e-21
6.52083e-21
6.30135e-21
6.0859e-21
5.87448e-21
5.66711e-21
5.4638e-21
5.26463e-21
5.06965e-21
4.87894e-21
4.69253e-21
4.51046e-21
4.33275e-21
4.15942e-21
3.99045e-21
3.82584e-21
3.66555e-21
3.5096e-21
3.35806e-21
3.21097e-21
3.06836e-21
2.93024e-21
2.79661e-21
2.66745e-21
2.54274e-21
2.42242e-21
2.30647e-21
2.1948e-21
2.08737e-21
1.98408e-21
1.88488e-21
1.78966e-21
1.69834e-21
1.61083e-21
1.52703e-21
1.44684e-21
1.37016e-21
1.29689e-21
1.22693e-21
1.16016e-21
1.09649e-21
1.03582e-21
9.78027e-22
9.23025e-22
8.70707e-22
8.20972e-22
7.73721e-22
7.28857e-22
6.86284e-22
6.45909e-22
6.07639e-22
5.71386e-22
5.37062e-22
5.04582e-22
4.73864e-22
4.44828e-22
4.17396e-22
3.91493e-22
3.67046e-22
3.43986e-22
3.22244e-22
3.01756e-22
2.82458e-22
2.64291e-22
2.47196e-22
2.31118e-22
2.16003e-22
2.018e-22
1.88461e-22
1.75938e-22
1.64187e-22
1.53165e-22
1.42832e-22
1.33149e-22
1.24078e-22
1.15585e-22
1.07636e-22
1.002e-22
9.32453e-23
8.67448e-23
8.06708e-23
7.49976e-23
6.97008e-23
6.47575e-23
6.01457e-23
5.58449e-23
5.18356e-23
4.80995e-23
4.46193e-23
4.13786e-23
3.83619e-23
3.55549e-23
3.29438e-23
3.05159e-23
2.8259e-23
2.61618e-23
2.42137e-23
2.24046e-23
2.07253e-23
1.91668e-23
1.7721e-23
1.63801e-23
1.51369e-23
1.39846e-23
1.2917e-23
1.1928e-23
1.10122e-23
1.01643e-23
9.37963e-24
8.65361e-24
7.98204e-24
7.36101e-24
6.78688e-24
6.25624e-24
5.76592e-24
5.31297e-24
4.89466e-24
4.50842e-24
4.15188e-24
3.82285e-24
3.51926e-24
3.23921e-24
2.98093e-24
2.7428e-24
2.52327e-24
2.32094e-24
2.13451e-24
1.96275e-24
1.80454e-24
1.65885e-24
1.5247e-24
1.40121e-24
1.28755e-24
1.18295e-24
1.08672e-24
9.98182e-25
9.1675e-25
8.41861e-25
7.72999e-25
7.09689e-25
6.51491e-25
5.98e-25
5.48841e-25
5.03669e-25
4.62166e-25
4.24038e-25
3.89013e-25
3.56844e-25
3.27299e-25
3.00167e-25
2.75254e-25
2.5238e-25
2.31379e-25
2.121e-25
1.94403e-25
1.78159e-25
1.63251e-25
1.49569e-25
1.37014e-25
1.25493e-25
1.14923e-25
1.05226e-25
9.63298e-26
8.817e-26
8.06862e-26
7.38232e-26
6.75301e-26
6.17603e-26
5.64711e-26
5.16228e-26
4.71795e-26
4.31077e-26
3.9377e-26
3.59593e-26
3.28288e-26
2.99618e-26
2.73365e-26
2.4933e-26
2.27328e-26
2.0719e-26
1.88761e-26
1.71897e-26
1.56466e-26
1.42347e-26
1.29428e-26
1.17606e-26
1.06786e-26
9.68789e-27
8.7804e-27
7.94855e-27
7.18533e-27
6.4842e-27
5.83903e-27
5.24407e-27
4.69387e-27
4.18321e-27
3.70709e-27
3.26073e-27
2.84017e-27
2.44659e-27
2.07792e-27
1.73434e-27
1.41697e-27
1.12677e-27
8.65049e-28
6.33414e-28
4.33869e-28
2.6857e-28
1.39934e-28
5.06858e-29
3.9013e-30
0
0
0
0
0
0
0
0
0
0
0
0
0
0
0
0
0
0
0
0
0
0
0
0
0
0
0
0
