18755.4
2.62559e-20
2.62547e-20
2.62468e-20
2.62342e-20
2.62166e-20
2.61941e-20
2.61666e-20
2.61344e-20
2.60973e-20
2.60554e-20
2.60086e-20
2.59571e-20
2.59008e-20
2.58397e-20
2.57739e-20
2.57034e-20
2.56283e-20
2.55487e-20
2.54644e-20
2.53756e-20
2.52824e-20
2.51848e-20
2.50828e-20
2.49766e-20
2.4866e-20
2.47513e-20
2.46325e-20
2.45096e-20
2.43828e-20
2.4252e-20
2.41174e-20
2.3979e-20
2.38369e-20
2.36911e-20
2.35418e-20
2.33891e-20
2.32329e-20
2.30734e-20
2.29107e-20
2.27448e-20
2.25759e-20
2.2404e-20
2.22292e-20
2.20515e-20
2.18712e-20
2.16882e-20
2.15027e-20
2.13148e-20
2.11244e-20
2.09319e-20
2.07371e-20
2.05402e-20
2.03414e-20
2.01406e-20
1.99381e-20
1.97338e-20
1.95279e-20
1.93204e-20
1.91115e-20
1.89013e-20
1.86898e-20
1.84772e-20
1.82634e-20
1.80487e-20
1.78331e-20
1.76166e-20
1.73995e-20
1.71817e-20
1.69634e-20
1.67446e-20
1.65254e-20
1.63059e-20
1.60863e-20
1.58665e-20
1.56466e-20
1.54268e-20
1.52071e-20
1.49876e-20
1.47684e-20
1.45495e-20
1.4331e-20
1.4113e-20
1.38956e-20
1.36788e-20
1.34626e-20
1.32473e-20
1.30327e-20
1.28191e-20
1.26064e-20
1.23947e-20
1.21841e-20
1.19747e-20
1.17664e-20
1.15593e-20
1.13535e-20
1.11491e-20
1.09461e-20
1.07445e-20
1.05444e-20
1.03458e-20
1.01487e-20
9.95332e-21
9.75955e-21
9.56747e-21
9.37711e-21
9.1885e-21
9.00168e-21
8.81668e-21
8.63353e-21
8.45225e-21
8.27289e-21
8.09546e-21
7.92e-21
7.74653e-21
7.57507e-21
7.40566e-21
7.2383e-21
7.07303e-21
6.90986e-21
6.74881e-21
6.58991e-21
6.43318e-21
6.27864e-21
6.12632e-21
5.97622e-21
5.82837e-21
5.68277e-21
5.53944e-21
5.39841e-21
5.25968e-21
5.12329e-21
4.98924e-21
4.85753e-21
4.72819e-21
4.60121e-21
4.47659e-21
4.35433e-21
4.23444e-21
4.11689e-21
4.0017e-21
3.88885e-21
3.77832e-21
3.67011e-21
3.5642e-21
3.46057e-21
3.35922e-21
3.26011e-21
3.16323e-21
3.06857e-21
2.97608e-21
2.88577e-21
2.79759e-21
2.71152e-21
2.62754e-21
2.54563e-21
2.46575e-21
2.38787e-21
2.31198e-21
2.23803e-21
2.16599e-21
2.09585e-21
2.02756e-21
1.9611e-21
1.89644e-21
1.83354e-21
1.77237e-21
1.7129e-21
1.6551e-21
1.59894e-21
1.54438e-21
1.49139e-21
1.43994e-21
1.39e-21
1.34154e-21
1.29452e-21
1.24891e-21
1.20468e-21
1.1618e-21
1.12024e-21
1.07997e-21
1.04096e-21
1.00317e-21
9.66579e-22
9.31155e-22
8.96869e-22
8.63692e-22
8.31595e-22
8.0055e-22
7.7053e-22
7.41507e-22
7.13453e-22
6.86344e-22
6.60152e-22
6.34852e-22
6.10418e-22
5.86827e-22
5.64053e-22
5.42074e-22
5.20865e-22
5.00404e-22
4.80668e-22
4.61636e-22
4.43286e-22
4.25597e-22
4.08548e-22
3.92121e-22
3.76294e-22
3.6105e-22
3.46369e-22
3.32233e-22
3.18624e-22
3.05526e-22
2.92921e-22
2.80794e-22
2.69127e-22
2.57906e-22
2.47116e-22
2.36741e-22
2.26767e-22
2.17182e-22
2.0797e-22
1.9912e-22
1.90618e-22
1.82452e-22
1.7461e-22
1.67081e-22
1.59852e-22
1.52914e-22
1.46256e-22
1.39868e-22
1.33739e-22
1.2786e-22
1.22221e-22
1.16815e-22
1.11631e-22
1.06662e-22
1.019e-22
9.73362e-23
9.29634e-23
8.87742e-23
8.47617e-23
8.09189e-23
7.72393e-23
7.37163e-23
7.0344e-23
6.71163e-23
6.40275e-23
6.10722e-23
5.82448e-23
5.55404e-23
5.2954e-23
5.04807e-23
4.81161e-23
4.58556e-23
4.36951e-23
4.16303e-23
3.96574e-23
3.77725e-23
3.59721e-23
3.42525e-23
3.26104e-23
3.10426e-23
2.95458e-23
2.81171e-23
2.67536e-23
2.54526e-23
2.42113e-23
2.30272e-23
2.18978e-23
2.08207e-23
1.97937e-23
1.88147e-23
1.78814e-23
1.69919e-23
1.61443e-23
1.53368e-23
1.45674e-23
1.38347e-23
1.31368e-23
1.24723e-23
1.18396e-23
1.12374e-23
1.06642e-23
1.01188e-23
9.59982e-24
9.10609e-24
8.63647e-24
8.18984e-24
7.76514e-24
7.36136e-24
6.97752e-24
6.61271e-24
6.26602e-24
5.93662e-24
5.62367e-24
5.32642e-24
5.04412e-24
4.77605e-24
4.52154e-24
4.27994e-24
4.05063e-24
3.83303e-24
3.62656e-24
3.43068e-24
3.24489e-24
3.06869e-24
2.90161e-24
2.7432e-24
2.59304e-24
2.45073e-24
2.31586e-24
2.18808e-24
2.06703e-24
1.95238e-24
1.84379e-24
1.74098e-24
1.64364e-24
1.5515e-24
1.4643e-24
1.38179e-24
1.30372e-24
1.22987e-24
1.16002e-24
1.09396e-24
1.03151e-24
9.72465e-25
9.16657e-25
8.63915e-25
8.14079e-25
7.66997e-25
7.22524e-25
6.80521e-25
6.40859e-25
6.03412e-25
5.68063e-25
5.34699e-25
5.03215e-25
4.7351e-25
4.45486e-25
4.19054e-25
3.94128e-25
3.70624e-25
3.48467e-25
3.27582e-25
3.07899e-25
2.89353e-25
2.7188e-25
2.55421e-25
2.39921e-25
2.25326e-25
2.11585e-25
1.9865e-25
1.86477e-25
1.75023e-25
1.64247e-25
1.54111e-25
1.44579e-25
1.35616e-25
1.27191e-25
1.19272e-25
1.1183e-25
1.0484e-25
9.82737e-26
9.2108e-26
8.63198e-26
8.08873e-26
7.579e-26
7.10087e-26
6.65251e-26
6.23221e-26
5.83836e-26
5.46942e-26
5.12396e-26
4.80063e-26
4.49816e-26
4.21535e-26
3.95107e-26
3.70426e-26
3.47394e-26
3.25917e-26
3.05908e-26
2.87291e-26
2.70076e-26
2.542e-26
2.39602e-26
2.26224e-26
2.14015e-26
2.0293e-26
1.92924e-26
1.8396e-26
1.76002e-26
1.69019e-26
1.62987e-26
1.57881e-26
1.53646e-26
1.50263e-26
1.47716e-26
1.45996e-26
1.45096e-26
1.45013e-26
1.45749e-26
