18755.4
2.49937e-20
2.49924e-20
2.49854e-20
2.4974e-20
2.49582e-20
2.49379e-20
2.49133e-20
2.48847e-20
2.48518e-20
2.48147e-20
2.47734e-20
2.47279e-20
2.46782e-20
2.46243e-20
2.45663e-20
2.45042e-20
2.4438e-20
2.43677e-20
2.42934e-20
2.42151e-20
2.41329e-20
2.40467e-20
2.39567e-20
2.38629e-20
2.37653e-20
2.3664e-20
2.3559e-20
2.34504e-20
2.33383e-20
2.32226e-20
2.31035e-20
2.2981e-20
2.28552e-20
2.27261e-20
2.25938e-20
2.24583e-20
2.23198e-20
2.21783e-20
2.20338e-20
2.18864e-20
2.17362e-20
2.15833e-20
2.14277e-20
2.12695e-20
2.11088e-20
2.09456e-20
2.078e-20
2.06122e-20
2.04421e-20
2.02698e-20
2.00954e-20
1.99191e-20
1.97407e-20
1.95606e-20
1.93786e-20
1.91949e-20
1.90096e-20
1.88227e-20
1.86344e-20
1.84446e-20
1.82535e-20
1.80611e-20
1.78675e-20
1.76729e-20
1.74771e-20
1.72804e-20
1.70828e-20
1.68844e-20
1.66852e-20
1.64854e-20
1.62849e-20
1.60839e-20
1.58824e-20
1.56805e-20
1.54782e-20
1.52757e-20
1.5073e-20
1.48702e-20
1.46672e-20
1.44643e-20
1.42614e-20
1.40586e-20
1.38559e-20
1.36535e-20
1.34514e-20
1.32497e-20
1.30483e-20
1.28474e-20
1.2647e-20
1.24471e-20
1.22479e-20
1.20493e-20
1.18515e-20
1.16544e-20
1.14581e-20
1.12627e-20
1.10681e-20
1.08746e-20
1.06819e-20
1.04904e-20
1.02999e-20
1.01104e-20
9.92217e-21
9.73507e-21
9.54919e-21
9.36455e-21
9.18118e-21
8.99913e-21
8.81841e-21
8.63907e-21
8.46114e-21
8.28466e-21
8.10967e-21
7.93622e-21
7.76432e-21
7.59401e-21
7.42533e-21
7.2583e-21
7.09297e-21
6.92937e-21
6.76755e-21
6.60755e-21
6.44943e-21
6.29324e-21
6.13899e-21
5.98674e-21
5.83651e-21
5.68835e-21
5.54231e-21
5.39844e-21
5.2568e-21
5.11743e-21
4.98035e-21
4.84561e-21
4.71323e-21
4.58322e-21
4.45561e-21
4.33041e-21
4.20763e-21
4.08727e-21
3.96933e-21
3.85382e-21
3.74073e-21
3.63005e-21
3.52178e-21
3.41591e-21
3.31241e-21
3.21128e-21
3.11249e-21
3.01603e-21
2.92188e-21
2.83e-21
2.74039e-21
2.65301e-21
2.56784e-21
2.48484e-21
2.40399e-21
2.32526e-21
2.24862e-21
2.17403e-21
2.10147e-21
2.03089e-21
1.96227e-21
1.89558e-21
1.83077e-21
1.76781e-21
1.70668e-21
1.64732e-21
1.58971e-21
1.53382e-21
1.47959e-21
1.42701e-21
1.37603e-21
1.32662e-21
1.27874e-21
1.23236e-21
1.18744e-21
1.14395e-21
1.10186e-21
1.06112e-21
1.0217e-21
9.83575e-22
9.46707e-22
9.11064e-22
8.76613e-22
8.43321e-22
8.11158e-22
7.80092e-22
7.50093e-22
7.2113e-22
6.93174e-22
6.66196e-22
6.40167e-22
6.15059e-22
5.90844e-22
5.67497e-22
5.4499e-22
5.23297e-22
5.02394e-22
4.82255e-22
4.62856e-22
4.44174e-22
4.26186e-22
4.0887e-22
3.92202e-22
3.76163e-22
3.60731e-22
3.45885e-22
3.31607e-22
3.17876e-22
3.04674e-22
2.91984e-22
2.79786e-22
2.68064e-22
2.56802e-22
2.45983e-22
2.3559e-22
2.2561e-22
2.16027e-22
2.06827e-22
1.97995e-22
1.89519e-22
1.81385e-22
1.73581e-22
1.66094e-22
1.58912e-22
1.52024e-22
1.45419e-22
1.39087e-22
1.33016e-22
1.27196e-22
1.21619e-22
1.16274e-22
1.11153e-22
1.06247e-22
1.01547e-22
9.70452e-23
9.27342e-23
8.86061e-23
8.46536e-23
8.08697e-23
7.72477e-23
7.37811e-23
7.04635e-23
6.72888e-23
6.42514e-23
6.13456e-23
5.85659e-23
5.59072e-23
5.33645e-23
5.0933e-23
4.86081e-23
4.63853e-23
4.42604e-23
4.22292e-23
4.02879e-23
3.84325e-23
3.66596e-23
3.49656e-23
3.33471e-23
3.1801e-23
3.0324e-23
2.89134e-23
2.75661e-23
2.62796e-23
2.50511e-23
2.38781e-23
2.27583e-23
2.16893e-23
2.06689e-23
1.9695e-23
1.87655e-23
1.78785e-23
1.70322e-23
1.62247e-23
1.54543e-23
1.47193e-23
1.40183e-23
1.33496e-23
1.27119e-23
1.21037e-23
1.15238e-23
1.09708e-23
1.04437e-23
9.94106e-24
9.46194e-24
9.00526e-24
8.56999e-24
8.15515e-24
7.75983e-24
7.38313e-24
7.0242e-24
6.68223e-24
6.35645e-24
6.04611e-24
5.7505e-24
5.46894e-24
5.20079e-24
4.94543e-24
4.70226e-24
4.47073e-24
4.25028e-24
4.04041e-24
3.84063e-24
3.65046e-24
3.46945e-24
3.29718e-24
3.13324e-24
2.97723e-24
2.82878e-24
2.68754e-24
2.55317e-24
2.42534e-24
2.30375e-24
2.18809e-24
2.07809e-24
1.97347e-24
1.87399e-24
1.7794e-24
1.68946e-24
1.60395e-24
1.52267e-24
1.4454e-24
1.37195e-24
1.30215e-24
1.23581e-24
1.17277e-24
1.11287e-24
1.05596e-24
1.00189e-24
9.50533e-25
9.01746e-25
8.5541e-25
8.11405e-25
7.69616e-25
7.29937e-25
6.92264e-25
6.565e-25
6.2255e-25
5.90326e-25
5.59744e-25
5.30722e-25
5.03185e-25
4.77059e-25
4.52275e-25
4.28766e-25
4.06471e-25
3.85328e-25
3.65282e-25
3.46277e-25
3.28263e-25
3.1119e-25
2.95013e-25
2.79686e-25
2.65167e-25
2.51417e-25
2.38397e-25
2.26072e-25
2.14407e-25
2.03369e-25
1.92928e-25
1.83053e-25
1.73717e-25
1.64894e-25
1.56558e-25
1.48686e-25
1.41253e-25
1.34239e-25
1.27624e-25
1.21386e-25
1.15508e-25
1.09972e-25
1.04761e-25
9.98595e-26
9.52513e-26
9.09223e-26
8.68586e-26
8.30471e-26
7.9475e-26
7.61305e-26
7.30023e-26
7.00823e-26
6.73978e-26
6.4943e-26
6.27114e-26
6.0696e-26
5.8891e-26
5.72909e-26
5.58905e-26
5.46848e-26
5.36693e-26
5.28401e-26
5.21941e-26
5.17281e-26
5.14363e-26
5.13164e-26
5.13669e-26
5.15866e-26
5.19753e-26
5.25329e-26
5.326e-26
