18755.4
2.35578e-20
2.35559e-20
2.35495e-20
2.35388e-20
2.3524e-20
2.3505e-20
2.34825e-20
2.34568e-20
2.34276e-20
2.33951e-20
2.33589e-20
2.33193e-20
2.32761e-20
2.32293e-20
2.3179e-20
2.31252e-20
2.30679e-20
2.30071e-20
2.29428e-20
2.28751e-20
2.2804e-20
2.27296e-20
2.26518e-20
2.25707e-20
2.24864e-20
2.23989e-20
2.23082e-20
2.22144e-20
2.21176e-20
2.20177e-20
2.19148e-20
2.1809e-20
2.17003e-20
2.15887e-20
2.14744e-20
2.13574e-20
2.12376e-20
2.11153e-20
2.09903e-20
2.08629e-20
2.0733e-20
2.06006e-20
2.0466e-20
2.0329e-20
2.01897e-20
2.00483e-20
1.99048e-20
1.97592e-20
1.96116e-20
1.9462e-20
1.93105e-20
1.91571e-20
1.9002e-20
1.88451e-20
1.86866e-20
1.85265e-20
1.83647e-20
1.82015e-20
1.80368e-20
1.78708e-20
1.77034e-20
1.75347e-20
1.73647e-20
1.71936e-20
1.70214e-20
1.68481e-20
1.66738e-20
1.64985e-20
1.63223e-20
1.61452e-20
1.59674e-20
1.57887e-20
1.56094e-20
1.54294e-20
1.52487e-20
1.50676e-20
1.48858e-20
1.47037e-20
1.45211e-20
1.43381e-20
1.41547e-20
1.39711e-20
1.37873e-20
1.36032e-20
1.34189e-20
1.32346e-20
1.30502e-20
1.28657e-20
1.26812e-20
1.24967e-20
1.23124e-20
1.21281e-20
1.1944e-20
1.17601e-20
1.15764e-20
1.13929e-20
1.12098e-20
1.10269e-20
1.08445e-20
1.06624e-20
1.04807e-20
1.02994e-20
1.01187e-20
9.93844e-21
9.75872e-21
9.57956e-21
9.40098e-21
9.22302e-21
9.0457e-21
8.86905e-21
8.69313e-21
8.51799e-21
8.34369e-21
8.17027e-21
7.99778e-21
7.82625e-21
7.65575e-21
7.4863e-21
7.31799e-21
7.15085e-21
6.98498e-21
6.82047e-21
6.65742e-21
6.49589e-21
6.33596e-21
6.1777e-21
6.02115e-21
5.86641e-21
5.7136e-21
5.56281e-21
5.41415e-21
5.2677e-21
5.12353e-21
4.98171e-21
4.8423e-21
4.70534e-21
4.57087e-21
4.43892e-21
4.30953e-21
4.18272e-21
4.05849e-21
3.93686e-21
3.81783e-21
3.7014e-21
3.58758e-21
3.47635e-21
3.3677e-21
3.26162e-21
3.15809e-21
3.0571e-21
2.95861e-21
2.86261e-21
2.76907e-21
2.67796e-21
2.58924e-21
2.5029e-21
2.41889e-21
2.33718e-21
2.25774e-21
2.18052e-21
2.1055e-21
2.03262e-21
1.96186e-21
1.89317e-21
1.82652e-21
1.76186e-21
1.69914e-21
1.63834e-21
1.57941e-21
1.52231e-21
1.46699e-21
1.41342e-21
1.36155e-21
1.31135e-21
1.26277e-21
1.21578e-21
1.17033e-21
1.12638e-21
1.0839e-21
1.04284e-21
1.00317e-21
9.64851e-22
9.27843e-22
8.92112e-22
8.57619e-22
8.24331e-22
7.92213e-22
7.61229e-22
7.31346e-22
7.02531e-22
6.74752e-22
6.47978e-22
6.22176e-22
5.97316e-22
5.7337e-22
5.50307e-22
5.281e-22
5.06721e-22
4.86142e-22
4.66338e-22
4.47282e-22
4.2895e-22
4.11317e-22
3.9436e-22
3.78055e-22
3.6238e-22
3.47313e-22
3.32833e-22
3.18919e-22
3.05552e-22
2.92711e-22
2.80378e-22
2.68535e-22
2.57164e-22
2.46247e-22
2.35769e-22
2.25712e-22
2.16062e-22
2.06803e-22
1.9792e-22
1.894e-22
1.81229e-22
1.73393e-22
1.6588e-22
1.58677e-22
1.51772e-22
1.45154e-22
1.38812e-22
1.32735e-22
1.26912e-22
1.21334e-22
1.15991e-22
1.10874e-22
1.05973e-22
1.0128e-22
9.67865e-23
9.24849e-23
8.83672e-23
8.4426e-23
8.06541e-23
7.70445e-23
7.35907e-23
7.02863e-23
6.7125e-23
6.41011e-23
6.12088e-23
5.84426e-23
5.57973e-23
5.32679e-23
5.08495e-23
4.85374e-23
4.63271e-23
4.42144e-23
4.21952e-23
4.02654e-23
3.84212e-23
3.66591e-23
3.49754e-23
3.33669e-23
3.18303e-23
3.03624e-23
2.89604e-23
2.76214e-23
2.63427e-23
2.51215e-23
2.39555e-23
2.28423e-23
2.17794e-23
2.07647e-23
1.97962e-23
1.88717e-23
1.79893e-23
1.71472e-23
1.63435e-23
1.55767e-23
1.48449e-23
1.41468e-23
1.34807e-23
1.28453e-23
1.22391e-23
1.16609e-23
1.11094e-23
1.05835e-23
1.00819e-23
9.60354e-24
9.14741e-24
8.71249e-24
8.29781e-24
7.90246e-24
7.52557e-24
7.16628e-24
6.8238e-24
6.49736e-24
6.18623e-24
5.8897e-24
5.60711e-24
5.33782e-24
5.08121e-24
4.8367e-24
4.60374e-24
4.38179e-24
4.17035e-24
3.96892e-24
3.77704e-24
3.59427e-24
3.42019e-24
3.2544e-24
3.0965e-24
2.94613e-24
2.80293e-24
2.66658e-24
2.53675e-24
2.41314e-24
2.29546e-24
2.18342e-24
2.07676e-24
1.97524e-24
1.8786e-24
1.78662e-24
1.69907e-24
1.61576e-24
1.53647e-24
1.46102e-24
1.38923e-24
1.32092e-24
1.25592e-24
1.19409e-24
1.13526e-24
1.0793e-24
1.02607e-24
9.75442e-25
9.27287e-25
8.81489e-25
8.37936e-25
7.9652e-25
7.57139e-25
7.19695e-25
6.84096e-25
6.50253e-25
6.18082e-25
5.87502e-25
5.58437e-25
5.30814e-25
5.04564e-25
4.7962e-25
4.5592e-25
4.33403e-25
4.12013e-25
3.91696e-25
3.72399e-25
3.54073e-25
3.36672e-25
3.20151e-25
3.04467e-25
2.8958e-25
2.75451e-25
2.62044e-25
2.49324e-25
2.37259e-25
2.25815e-25
2.14964e-25
2.04677e-25
1.94927e-25
1.85687e-25
1.76934e-25
1.68644e-25
1.60794e-25
1.53363e-25
1.4633e-25
1.39676e-25
1.33383e-25
1.27432e-25
1.21807e-25
1.16491e-25
1.11469e-25
1.06725e-25
1.02245e-25
9.80163e-26
9.40245e-26
9.02571e-26
8.67022e-26
8.33523e-26
8.02547e-26
7.7405e-26
7.47968e-26
7.24233e-26
7.0278e-26
6.83558e-26
6.6651e-26
6.51579e-26
6.38716e-26
6.27876e-26
6.19021e-26
6.12116e-26
6.07099e-26
6.03944e-26
6.02629e-26
6.03142e-26
6.05476e-26
6.09628e-26
6.15601e-26
