13262.1
0
2.5587e-14
0
0
0
6.34386e-24
0
8.05237e-26
9.78395e-28
1.85661e-27
2.04394e-28
0
8.58945e-30
2.25116e-30
1.03755e-31
5.9916e-32
1.017e-31
7.2485e-32
9.10438e-32
5.89446e-32
5.9167e-32
3.86652e-32
3.7724e-32
2.47135e-32
2.32959e-32
1.4735e-32
1.27826e-32
7.85171e-33
6.41965e-33
4.18341e-33
4.17989e-33
3.67729e-33
3.78999e-33
3.68292e-33
3.70737e-33
3.65313e-33
3.64405e-33
3.6078e-33
3.58637e-33
3.55593e-33
3.52954e-33
3.50038e-33
3.4719e-33
3.44244e-33
3.41281e-33
3.38266e-33
3.35216e-33
3.32127e-33
3.29001e-33
3.25841e-33
3.22647e-33
3.19422e-33
3.16166e-33
3.12882e-33
3.0957e-33
3.06233e-33
3.02872e-33
2.99489e-33
2.96085e-33
2.92662e-33
2.89221e-33
2.85764e-33
2.82293e-33
2.78808e-33
2.75312e-33
2.71806e-33
2.68292e-33
2.6477e-33
2.61243e-33
2.57712e-33
2.54179e-33
2.50644e-33
2.4711e-33
2.43577e-33
2.40047e-33
2.36521e-33
2.33001e-33
2.29488e-33
2.25983e-33
2.22487e-33
2.19003e-33
2.1553e-33
2.1207e-33
2.08624e-33
2.05194e-33
2.0178e-33
1.98384e-33
1.95006e-33
1.91648e-33
1.8831e-33
1.84994e-33
1.817e-33
1.78429e-33
1.75183e-33
1.71961e-33
1.68766e-33
1.65597e-33
1.62455e-33
1.59341e-33
1.56256e-33
1.532e-33
1.50175e-33
1.4718e-33
1.44216e-33
1.41284e-33
1.38384e-33
1.35516e-33
1.32682e-33
1.29881e-33
1.27114e-33
1.24382e-33
1.21684e-33
1.19021e-33
1.16393e-33
1.13801e-33
1.11245e-33
1.08724e-33
1.06239e-33
1.03791e-33
1.01379e-33
9.90029e-34
9.66638e-34
9.43612e-34
9.20951e-34
8.98657e-34
8.76729e-34
8.55166e-34
8.33969e-34
8.13135e-34
7.92665e-34
7.72557e-34
7.5281e-34
7.33422e-34
7.14392e-34
6.95718e-34
6.77397e-34
6.59428e-34
6.41809e-34
6.24536e-34
6.07608e-34
5.91022e-34
5.74774e-34
5.58862e-34
5.43283e-34
5.28033e-34
5.13109e-34
4.98507e-34
4.84224e-34
4.70255e-34
4.56596e-34
4.43242e-34
4.30189e-34
4.17433e-34
4.04969e-34
3.92794e-34
3.80904e-34
3.69297e-34
3.5797e-34
3.46918e-34
3.36137e-34
3.25625e-34
3.15375e-34
3.05383e-34
2.95644e-34
2.86153e-34
2.76905e-34
2.67896e-34
2.59121e-34
2.50576e-34
2.42257e-34
2.34164e-34
2.2629e-34
2.18634e-34
2.11192e-34
2.03958e-34
1.96929e-34
1.90099e-34
1.83464e-34
1.77019e-34
1.70759e-34
1.64683e-34
1.58788e-34
1.53069e-34
1.47526e-34
1.42153e-34
1.36949e-34
1.3191e-34
1.27031e-34
1.2231e-34
1.17741e-34
1.13321e-34
1.09046e-34
1.04913e-34
1.00916e-34
9.70535e-35
9.33208e-35
8.97144e-35
8.62307e-35
8.28662e-35
7.96177e-35
7.64817e-35
7.3455e-35
7.05344e-35
6.77167e-35
6.4999e-35
6.23781e-35
5.98513e-35
5.74156e-35
5.50683e-35
5.28067e-35
5.0628e-35
4.85297e-35
4.65093e-35
4.45643e-35
4.26922e-35
4.08908e-35
3.91577e-35
3.74908e-35
3.58877e-35
3.43464e-35
3.28649e-35
3.14411e-35
3.00731e-35
2.8759e-35
2.74969e-35
2.6285e-35
2.51216e-35
2.4005e-35
2.29335e-35
2.19055e-35
2.09195e-35
1.99739e-35
1.90673e-35
1.81984e-35
1.73656e-35
1.65676e-35
1.58032e-35
1.50711e-35
1.43701e-35
1.36991e-35
1.30567e-35
1.24421e-35
1.18541e-35
1.12916e-35
1.07537e-35
1.02394e-35
9.74784e-36
9.27802e-36
8.82911e-36
8.40027e-36
7.99069e-36
7.59959e-36
7.2262e-36
6.86982e-36
6.52972e-36
6.20525e-36
5.89574e-36
5.60057e-36
5.31913e-36
5.05084e-36
4.79515e-36
4.5515e-36
4.31939e-36
4.09831e-36
3.88778e-36
3.68734e-36
3.49655e-36
3.31498e-36
3.14222e-36
2.97788e-36
2.82158e-36
2.67296e-36
2.53167e-36
2.39738e-36
2.26977e-36
2.14853e-36
2.03336e-36
1.92399e-36
1.82015e-36
1.72157e-36
1.62801e-36
1.53924e-36
1.45502e-36
1.37514e-36
1.29939e-36
1.22757e-36
1.15949e-36
1.09497e-36
1.03384e-36
9.75934e-37
9.21088e-37
8.69154e-37
8.19987e-37
7.7345e-37
7.29411e-37
6.87744e-37
6.48331e-37
6.11055e-37
5.75811e-37
5.42492e-37
5.11001e-37
4.81244e-37
4.5313e-37
4.26574e-37
4.01495e-37
3.77815e-37
3.55461e-37
3.34361e-37
3.14448e-37
2.9566e-37
2.77935e-37
2.61214e-37
2.45449e-37
2.30585e-37
2.16558e-37
2.03355e-37
1.90977e-37
1.79312e-37
1.68273e-37
1.57924e-37
1.4818e-37
1.39005e-37
1.30374e-37
1.22251e-37
1.14616e-37
1.07438e-37
1.00686e-37
9.4337e-38
8.83723e-38
8.27855e-38
7.75229e-38
7.25834e-38
6.79482e-38
6.3593e-38
5.95059e-38
5.56698e-38
5.20705e-38
4.86942e-38
4.55278e-38
4.25586e-38
3.97755e-38
3.71677e-38
3.47236e-38
3.24341e-38
3.02885e-38
2.82767e-38
2.63876e-38
2.46085e-38
2.29244e-38
2.13174e-38
1.97661e-38
1.82452e-38
1.67268e-38
1.51817e-38
1.35812e-38
1.18992e-38
1.01187e-38
8.23242e-39
5.68228e-39
7.10597e-42
1.34975e-37
2.424e-36
7.49018e-36
5.72458e-36
5.47447e-36
1.05076e-36
4.27865e-37
2.54317e-37
2.44106e-37
2.60307e-37
7.45557e-38
9.99447e-38
1.76475e-37
2.16921e-37
4.78339e-38
1.08952e-37
2.58086e-38
8.67573e-39
6.00174e-39
6.72102e-39
8.85007e-39
7.36059e-39
7.31676e-39
6.3834e-39
6.65144e-39
4.7797e-39
3.72864e-39
2.15456e-39
1.39057e-39
1.0093e-39
8.8908e-40
9.1304e-40
7.59572e-40
9.20171e-40
8.00493e-40
8.39e-40
6.14272e-40
5.04185e-40
2.57732e-40
1.91622e-40
2.46459e-40
