16242.6
3.55437e-20
3.55418e-20
3.55327e-20
3.55177e-20
3.5497e-20
3.54703e-20
3.54377e-20
3.53997e-20
3.53561e-20
3.53071e-20
3.52527e-20
3.51927e-20
3.51272e-20
3.50563e-20
3.49799e-20
3.48981e-20
3.48109e-20
3.47184e-20
3.46206e-20
3.45175e-20
3.44091e-20
3.42957e-20
3.41771e-20
3.40534e-20
3.39248e-20
3.37912e-20
3.36527e-20
3.35095e-20
3.33615e-20
3.32088e-20
3.30515e-20
3.28896e-20
3.27233e-20
3.25527e-20
3.23777e-20
3.21985e-20
3.20151e-20
3.18277e-20
3.16363e-20
3.14409e-20
3.12418e-20
3.1039e-20
3.08325e-20
3.06224e-20
3.04089e-20
3.01921e-20
2.99719e-20
2.97486e-20
2.95221e-20
2.92927e-20
2.90603e-20
2.88252e-20
2.85873e-20
2.83468e-20
2.81037e-20
2.78582e-20
2.76104e-20
2.73603e-20
2.71081e-20
2.68538e-20
2.65976e-20
2.63395e-20
2.60796e-20
2.5818e-20
2.55549e-20
2.52902e-20
2.50242e-20
2.47568e-20
2.44883e-20
2.42186e-20
2.39478e-20
2.36762e-20
2.34036e-20
2.31304e-20
2.28564e-20
2.25818e-20
2.23067e-20
2.20312e-20
2.17554e-20
2.14793e-20
2.1203e-20
2.09266e-20
2.06502e-20
2.03739e-20
2.00977e-20
1.98217e-20
1.9546e-20
1.92706e-20
1.89957e-20
1.87213e-20
1.84474e-20
1.81742e-20
1.79017e-20
1.763e-20
1.73591e-20
1.7089e-20
1.682e-20
1.65519e-20
1.62849e-20
1.60191e-20
1.57544e-20
1.54909e-20
1.52288e-20
1.49679e-20
1.47085e-20
1.44504e-20
1.41939e-20
1.39389e-20
1.36854e-20
1.34336e-20
1.31833e-20
1.29348e-20
1.2688e-20
1.24429e-20
1.21996e-20
1.19582e-20
1.17186e-20
1.14808e-20
1.1245e-20
1.10111e-20
1.07792e-20
1.05492e-20
1.03213e-20
1.00954e-20
9.8715e-21
9.64969e-21
9.42998e-21
9.21241e-21
8.99703e-21
8.78386e-21
8.57296e-21
8.36435e-21
8.15806e-21
7.95411e-21
7.75253e-21
7.55337e-21
7.35665e-21
7.16241e-21
6.9707e-21
6.78159e-21
6.59515e-21
6.41142e-21
6.23046e-21
6.0523e-21
5.87699e-21
5.70454e-21
5.53499e-21
5.36841e-21
5.20487e-21
5.04443e-21
4.88715e-21
4.73307e-21
4.58222e-21
4.43463e-21
4.29031e-21
4.14928e-21
4.01154e-21
3.87709e-21
3.74591e-21
3.61801e-21
3.49336e-21
3.37194e-21
3.25372e-21
3.13868e-21
3.02679e-21
2.918e-21
2.81228e-21
2.70959e-21
2.60988e-21
2.51312e-21
2.41925e-21
2.32822e-21
2.23999e-21
2.1545e-21
2.0717e-21
1.99154e-21
1.91396e-21
1.83891e-21
1.76633e-21
1.69617e-21
1.62837e-21
1.56288e-21
1.49964e-21
1.43859e-21
1.37968e-21
1.32285e-21
1.26805e-21
1.21523e-21
1.16432e-21
1.11528e-21
1.06805e-21
1.02258e-21
9.78816e-22
9.3671e-22
8.9621e-22
8.57268e-22
8.19834e-22
7.8386e-22
7.49301e-22
7.16109e-22
6.8424e-22
6.5365e-22
6.24296e-22
5.96135e-22
5.69127e-22
5.43232e-22
5.18409e-22
4.94622e-22
4.71832e-22
4.50004e-22
4.29103e-22
4.09094e-22
3.89943e-22
3.71619e-22
3.54091e-22
3.37327e-22
3.21298e-22
3.05975e-22
2.91332e-22
2.7734e-22
2.63975e-22
2.5121e-22
2.39022e-22
2.27387e-22
2.16282e-22
2.05686e-22
1.95577e-22
1.85935e-22
1.7674e-22
1.67973e-22
1.59617e-22
1.51653e-22
1.44064e-22
1.36835e-22
1.29949e-22
1.23392e-22
1.17149e-22
1.11206e-22
1.05549e-22
1.00166e-22
9.50446e-23
9.01728e-23
8.55392e-23
8.11329e-23
7.69436e-23
7.29612e-23
6.9176e-23
6.5579e-23
6.21612e-23
5.89144e-23
5.58303e-23
5.29014e-23
5.01202e-23
4.74797e-23
4.49731e-23
4.2594e-23
4.03362e-23
3.81939e-23
3.61614e-23
3.42334e-23
3.24047e-23
3.06705e-23
2.90261e-23
2.7467e-23
2.5989e-23
2.45882e-23
2.32605e-23
2.20024e-23
2.08104e-23
1.96811e-23
1.86113e-23
1.75981e-23
1.66385e-23
1.57298e-23
1.48694e-23
1.40549e-23
1.32839e-23
1.2554e-23
1.18633e-23
1.12097e-23
1.05912e-23
1.0006e-23
9.45245e-24
8.92879e-24
8.43349e-24
7.96506e-24
7.52208e-24
7.10321e-24
6.70718e-24
6.33276e-24
5.97882e-24
5.64426e-24
5.32805e-24
5.02922e-24
4.74682e-24
4.47998e-24
4.22786e-24
3.98967e-24
3.76465e-24
3.5521e-24
3.35134e-24
3.16173e-24
2.98266e-24
2.81357e-24
2.6539e-24
2.50314e-24
2.36081e-24
2.22645e-24
2.09961e-24
1.97989e-24
1.86689e-24
1.76024e-24
1.65959e-24
1.56461e-24
1.47499e-24
1.39043e-24
1.31065e-24
1.23538e-24
1.16438e-24
1.0974e-24
1.03422e-24
9.7463e-25
9.18429e-25
8.65426e-25
8.15443e-25
7.6831e-25
7.23867e-25
6.81963e-25
6.42454e-25
6.05207e-25
5.70094e-25
5.36993e-25
5.05792e-25
4.76382e-25
4.48663e-25
4.22539e-25
3.97919e-25
3.74717e-25
3.52854e-25
3.32253e-25
3.12842e-25
2.94554e-25
2.77324e-25
2.61092e-25
2.45801e-25
2.31398e-25
2.17831e-25
2.05053e-25
1.9302e-25
1.81687e-25
1.71016e-25
1.60967e-25
1.51506e-25
1.42598e-25
1.34212e-25
1.26317e-25
1.18885e-25
1.11889e-25
1.05303e-25
9.91038e-26
9.32686e-26
8.77758e-26
8.26051e-26
7.77374e-26
7.31544e-26
6.88389e-26
6.47746e-26
6.09459e-26
5.73381e-26
5.39371e-26
5.07297e-26
4.7703e-26
4.4845e-26
4.21439e-26
3.95907e-26
3.72006e-26
3.49661e-26
3.28794e-26
3.09335e-26
2.91213e-26
2.74364e-26
2.58726e-26
2.44246e-26
2.30875e-26
2.18562e-26
2.07261e-26
1.96931e-26
1.87535e-26
1.79038e-26
1.71411e-26
1.64628e-26
1.58664e-26
1.535e-26
1.4912e-26
1.4551e-26
1.42659e-26
1.4056e-26
1.39208e-26
1.38601e-26
1.38741e-26
1.39632e-26
