13262.1
6.50872e-20
6.50843e-20
6.50672e-20
6.50395e-20
6.50009e-20
6.49515e-20
6.48911e-20
6.48199e-20
6.47381e-20
6.46457e-20
6.4543e-20
6.44299e-20
6.43063e-20
6.41724e-20
6.40282e-20
6.38737e-20
6.3709e-20
6.35343e-20
6.33495e-20
6.31548e-20
6.29502e-20
6.27359e-20
6.25119e-20
6.22784e-20
6.20354e-20
6.17832e-20
6.15218e-20
6.12512e-20
6.09718e-20
6.06835e-20
6.03866e-20
6.00812e-20
5.97673e-20
5.94453e-20
5.91151e-20
5.8777e-20
5.84312e-20
5.80777e-20
5.77168e-20
5.73486e-20
5.69732e-20
5.6591e-20
5.62019e-20
5.58062e-20
5.54041e-20
5.49958e-20
5.45814e-20
5.41611e-20
5.37351e-20
5.33036e-20
5.28668e-20
5.24248e-20
5.19778e-20
5.15261e-20
5.10698e-20
5.06091e-20
5.01442e-20
4.96753e-20
4.92026e-20
4.87262e-20
4.82464e-20
4.77633e-20
4.72772e-20
4.67881e-20
4.62964e-20
4.58022e-20
4.53057e-20
4.48071e-20
4.43065e-20
4.38041e-20
4.33002e-20
4.27948e-20
4.22883e-20
4.17806e-20
4.12722e-20
4.0763e-20
4.02533e-20
3.97432e-20
3.9233e-20
3.87227e-20
3.82126e-20
3.77028e-20
3.71934e-20
3.66846e-20
3.61766e-20
3.56696e-20
3.51636e-20
3.46588e-20
3.41553e-20
3.36534e-20
3.31531e-20
3.26546e-20
3.21579e-20
3.16633e-20
3.11708e-20
3.06806e-20
3.01928e-20
2.97075e-20
2.92248e-20
2.87448e-20
2.82676e-20
2.77934e-20
2.73223e-20
2.68542e-20
2.63894e-20
2.59279e-20
2.54697e-20
2.50151e-20
2.4564e-20
2.41166e-20
2.36729e-20
2.32329e-20
2.27968e-20
2.23646e-20
2.19364e-20
2.15122e-20
2.10921e-20
2.06761e-20
2.02643e-20
1.98567e-20
1.94534e-20
1.90544e-20
1.86597e-20
1.82695e-20
1.78836e-20
1.75021e-20
1.71252e-20
1.67527e-20
1.63846e-20
1.60212e-20
1.56622e-20
1.53078e-20
1.49579e-20
1.46126e-20
1.42718e-20
1.39356e-20
1.3604e-20
1.32769e-20
1.29544e-20
1.26364e-20
1.23229e-20
1.2014e-20
1.17096e-20
1.14096e-20
1.11142e-20
1.08232e-20
1.05366e-20
1.02545e-20
9.97676e-21
9.70338e-21
9.43433e-21
9.1696e-21
8.90914e-21
8.65293e-21
8.40097e-21
8.15326e-21
7.9098e-21
7.6706e-21
7.43565e-21
7.20495e-21
6.97848e-21
6.75623e-21
6.53817e-21
6.32429e-21
6.11456e-21
5.90899e-21
5.70756e-21
5.51026e-21
5.31709e-21
5.12806e-21
4.9432e-21
4.76254e-21
4.58608e-21
4.41384e-21
4.24579e-21
4.08194e-21
3.92227e-21
3.76673e-21
3.61529e-21
3.46795e-21
3.32474e-21
3.18566e-21
3.05073e-21
2.91992e-21
2.79323e-21
2.67063e-21
2.55208e-21
2.43754e-21
2.32695e-21
2.22027e-21
2.11742e-21
2.01834e-21
1.92296e-21
1.83121e-21
1.743e-21
1.65826e-21
1.5769e-21
1.49884e-21
1.42398e-21
1.35225e-21
1.28356e-21
1.2178e-21
1.15491e-21
1.09478e-21
1.03733e-21
9.82472e-22
9.30115e-22
8.80174e-22
8.32563e-22
7.87199e-22
7.43998e-22
7.02879e-22
6.63762e-22
6.26568e-22
5.91221e-22
5.57647e-22
5.25771e-22
4.95524e-22
4.66835e-22
4.39638e-22
4.13868e-22
3.89461e-22
3.66356e-22
3.44493e-22
3.23816e-22
3.04268e-22
2.85797e-22
2.68351e-22
2.5188e-22
2.36337e-22
2.21676e-22
2.07852e-22
1.94823e-22
1.82549e-22
1.70991e-22
1.60111e-22
1.49874e-22
1.40246e-22
1.31193e-22
1.22686e-22
1.14694e-22
1.0719e-22
1.00145e-22
9.35344e-23
8.73338e-23
8.15198e-23
7.60703e-23
7.09642e-23
6.61818e-23
6.17039e-23
5.75128e-23
5.35914e-23
4.99236e-23
4.64941e-23
4.32886e-23
4.02934e-23
3.74956e-23
3.4883e-23
3.24442e-23
3.01684e-23
2.80452e-23
2.60651e-23
2.42189e-23
2.24982e-23
2.08948e-23
1.94013e-23
1.80104e-23
1.67155e-23
1.55103e-23
1.43889e-23
1.33458e-23
1.23757e-23
1.14737e-23
1.06354e-23
9.85634e-24
9.13259e-24
8.46037e-24
7.83616e-24
7.25668e-24
6.71884e-24
6.21977e-24
5.75677e-24
5.32734e-24
4.92912e-24
4.55993e-24
4.21772e-24
3.90058e-24
3.60675e-24
3.33455e-24
3.08244e-24
2.84899e-24
2.63286e-24
2.43279e-24
2.24762e-24
2.07628e-24
1.91776e-24
1.77112e-24
1.63549e-24
1.51007e-24
1.39411e-24
1.2869e-24
1.18781e-24
1.09622e-24
1.01159e-24
9.33388e-25
8.61143e-25
7.94406e-25
7.32765e-25
6.75838e-25
6.23268e-25
5.74727e-25
5.29912e-25
4.8854e-25
4.50349e-25
4.151e-25
3.82567e-25
3.52544e-25
3.24839e-25
2.99276e-25
2.75691e-25
2.53933e-25
2.33862e-25
2.15347e-25
1.98271e-25
1.82523e-25
1.68e-25
1.54609e-25
1.42262e-25
1.30879e-25
1.20387e-25
1.10716e-25
1.01803e-25
9.35893e-26
8.60216e-26
7.90498e-26
7.26278e-26
6.67129e-26
6.12658e-26
5.62501e-26
5.16323e-26
4.73813e-26
4.34683e-26
3.98667e-26
3.65521e-26
3.35017e-26
3.06945e-26
2.81109e-26
2.57331e-26
2.35441e-26
2.15285e-26
1.96719e-26
1.79608e-26
1.63829e-26
1.49263e-26
1.35803e-26
1.23344e-26
1.11792e-26
1.01052e-26
9.10382e-27
8.16661e-27
7.28659e-27
6.4646e-27
5.69595e-27
4.9781e-27
4.30969e-27
3.68929e-27
3.11589e-27
2.58885e-27
2.10808e-27
1.67365e-27
1.28595e-27
9.4576e-28
6.54566e-28
4.13937e-28
2.25902e-28
9.29018e-29
1.75608e-29
0
0
0
0
0
0
0
0
0
0
0
0
0
0
0
0
0
0
0
0
0
0
0
0
