2.5
1e+17
1.5e+19
9377.69
2.12565e-19
2.12555e-19
2.12487e-19
2.1238e-19
2.12231e-19
2.12042e-19
2.11811e-19
2.11539e-19
2.11226e-19
2.10873e-19
2.10479e-19
2.10044e-19
2.0957e-19
2.09056e-19
2.08502e-19
2.07909e-19
2.07277e-19
2.06607e-19
2.05899e-19
2.05153e-19
2.04369e-19
2.03549e-19
2.02693e-19
2.01801e-19
2.00873e-19
1.9991e-19
1.98913e-19
1.97883e-19
1.96819e-19
1.95723e-19
1.94595e-19
1.93435e-19
1.92245e-19
1.91024e-19
1.89775e-19
1.88496e-19
1.8719e-19
1.85856e-19
1.84496e-19
1.8311e-19
1.81698e-19
1.80263e-19
1.78803e-19
1.77321e-19
1.75817e-19
1.74291e-19
1.72745e-19
1.71179e-19
1.69594e-19
1.67991e-19
1.6637e-19
1.64733e-19
1.6308e-19
1.61412e-19
1.5973e-19
1.58034e-19
1.56326e-19
1.54606e-19
1.52875e-19
1.51134e-19
1.49383e-19
1.47624e-19
1.45857e-19
1.44083e-19
1.42303e-19
1.40517e-19
1.38726e-19
1.36931e-19
1.35134e-19
1.33333e-19
1.31531e-19
1.29728e-19
1.27924e-19
1.26121e-19
1.24319e-19
1.22519e-19
1.20721e-19
1.18926e-19
1.17135e-19
1.15349e-19
1.13567e-19
1.11791e-19
1.10021e-19
1.08258e-19
1.06503e-19
1.04755e-19
1.03016e-19
1.01286e-19
9.95651e-20
9.78545e-20
9.61545e-20
9.44655e-20
9.2788e-20
9.11224e-20
8.94692e-20
8.78287e-20
8.62015e-20
8.45877e-20
8.29879e-20
8.14024e-20
7.98316e-20
7.82756e-20
7.6735e-20
7.52099e-20
7.37007e-20
7.22075e-20
7.07308e-20
6.92706e-20
6.78272e-20
6.64009e-20
6.49918e-20
6.36002e-20
6.2226e-20
6.08696e-20
5.95311e-20
5.82106e-20
5.69081e-20
5.56239e-20
5.43579e-20
5.31103e-20
5.18811e-20
5.06704e-20
4.94782e-20
4.83045e-20
4.71494e-20
4.60128e-20
4.48948e-20
4.37953e-20
4.27142e-20
4.16517e-20
4.06075e-20
3.95817e-20
3.85742e-20
3.75849e-20
3.66137e-20
3.56606e-20
3.47254e-20
3.3808e-20
3.29083e-20
3.20262e-20
3.11616e-20
3.03142e-20
2.94841e-20
2.86709e-20
2.78747e-20
2.70951e-20
2.63321e-20
2.55855e-20
2.48551e-20
2.41407e-20
2.34421e-20
2.27592e-20
2.20917e-20
2.14395e-20
2.08024e-20
2.01801e-20
1.95725e-20
1.89794e-20
1.84005e-20
1.78356e-20
1.72846e-20
1.67471e-20
1.62231e-20
1.57123e-20
1.52144e-20
1.47293e-20
1.42567e-20
1.37964e-20
1.33483e-20
1.2912e-20
1.24874e-20
1.20742e-20
1.16722e-20
1.12813e-20
1.09011e-20
1.05316e-20
1.01724e-20
9.82335e-21
9.48426e-21
9.15491e-21
8.83508e-21
8.52458e-21
8.22319e-21
7.93072e-21
7.64697e-21
7.37173e-21
7.10481e-21
6.84601e-21
6.59515e-21
6.35204e-21
6.11648e-21
5.88829e-21
5.66729e-21
5.4533e-21
5.24614e-21
5.04565e-21
4.85163e-21
4.66394e-21
4.48239e-21
4.30684e-21
4.13711e-21
3.97304e-21
3.81449e-21
3.6613e-21
3.51332e-21
3.37041e-21
3.23241e-21
3.0992e-21
2.97062e-21
2.84655e-21
2.72685e-21
2.6114e-21
2.50006e-21
2.39271e-21
2.28924e-21
2.18951e-21
2.09342e-21
2.00086e-21
1.91172e-21
1.8259e-21
1.74331e-21
1.66384e-21
1.5874e-21
1.5139e-21
1.44325e-21
1.37535e-21
1.31011e-21
1.24746e-21
1.1873e-21
1.12955e-21
1.07413e-21
1.02097e-21
9.69991e-22
9.21119e-22
8.74284e-22
8.29417e-22
7.86451e-22
7.45321e-22
7.05968e-22
6.68334e-22
6.32364e-22
5.98003e-22
5.65195e-22
5.33888e-22
5.04028e-22
4.75565e-22
4.48446e-22
4.22622e-22
3.98043e-22
3.74662e-22
3.52429e-22
3.31299e-22
3.11227e-22
2.92175e-22
2.74105e-22
2.56981e-22
2.40766e-22
2.25425e-22
2.10921e-22
1.9722e-22
1.84287e-22
1.72089e-22
1.60592e-22
1.49765e-22
1.39577e-22
1.29996e-22
1.20993e-22
1.12541e-22
1.0461e-22
9.71744e-23
9.02084e-23
8.36871e-23
7.75865e-23
7.18836e-23
6.65564e-23
6.15837e-23
5.69454e-23
5.26219e-23
4.85949e-23
4.48467e-23
4.13606e-23
3.81204e-23
3.51111e-23
3.23181e-23
2.97278e-23
2.73272e-23
2.51039e-23
2.30463e-23
2.11435e-23
1.9385e-23
1.7761e-23
1.62623e-23
1.48803e-23
1.36067e-23
1.24339e-23
1.13547e-23
1.03623e-23
9.45029e-24
8.61286e-24
7.84443e-24
7.1398e-24
6.49413e-24
5.90292e-24
5.36195e-24
4.86731e-24
4.41534e-24
4.00267e-24
3.62613e-24
3.28282e-24
2.97001e-24
2.68521e-24
2.42608e-24
2.19049e-24
1.97645e-24
1.78212e-24
1.60581e-24
1.44597e-24
1.30116e-24
1.17006e-24
1.05146e-24
9.44243e-25
8.47384e-25
7.59946e-25
6.81068e-25
6.09964e-25
5.45913e-25
4.88255e-25
4.36391e-25
3.89771e-25
3.47896e-25
3.10308e-25
2.76593e-25
2.46373e-25
2.19306e-25
1.9508e-25
1.73412e-25
1.54046e-25
1.3675e-25
1.21313e-25
1.07545e-25
9.52752e-26
8.4348e-26
7.46233e-26
6.59751e-26
5.82896e-26
5.14645e-26
4.54079e-26
4.0037e-26
3.52776e-26
3.10631e-26
2.73337e-26
2.4036e-26
2.11221e-26
1.85491e-26
1.62788e-26
1.42769e-26
1.25131e-26
1.09601e-26
9.59374e-27
8.39239e-27
7.33692e-27
6.41028e-27
5.59735e-27
4.8847e-27
4.26042e-27
3.71397e-27
3.23601e-27
2.81829e-27
2.45351e-27
2.13522e-27
1.85774e-27
1.61607e-27
1.40577e-27
1.22298e-27
1.06426e-27
9.26631e-28
8.07444e-28
7.04395e-28
6.15462e-28
5.38876e-28
4.73093e-28
4.16766e-28
3.68721e-28
3.27939e-28
2.93535e-28
2.64747e-28
2.40915e-28
2.21475e-28
2.05945e-28
1.93916e-28
1.85045e-28
1.79048e-28
1.75694e-28
1.74797e-28
1.76217e-28
1.79854e-28
1.85643e-28
1.93556e-28
2.03598e-28
2.15805e-28
2.30246e-28
