10
1e+16
1e+19
18755.4
3.66863e-20
3.65795e-20
3.62708e-20
3.59474e-20
3.56201e-20
3.52919e-20
3.4964e-20
3.46373e-20
3.43121e-20
3.39886e-20
3.36666e-20
3.33459e-20
3.30264e-20
3.27082e-20
3.23911e-20
3.20752e-20
3.17604e-20
3.14468e-20
3.11343e-20
3.0823e-20
3.05128e-20
3.02036e-20
2.98956e-20
2.95887e-20
2.9283e-20
2.89783e-20
2.86748e-20
2.83723e-20
2.8071e-20
2.77709e-20
2.74718e-20
2.71739e-20
2.68772e-20
2.65816e-20
2.62871e-20
2.59938e-20
2.57017e-20
2.54108e-20
2.51211e-20
2.48325e-20
2.45452e-20
2.42591e-20
2.39743e-20
2.36907e-20
2.34083e-20
2.31273e-20
2.28475e-20
2.2569e-20
2.22918e-20
2.2016e-20
2.17415e-20
2.14683e-20
2.11966e-20
2.09262e-20
2.06572e-20
2.03896e-20
2.01234e-20
1.98587e-20
1.95954e-20
1.93336e-20
1.90733e-20
1.88144e-20
1.85571e-20
1.83013e-20
1.8047e-20
1.77943e-20
1.75431e-20
1.72935e-20
1.70455e-20
1.67991e-20
1.65543e-20
1.63111e-20
1.60695e-20
1.58296e-20
1.55913e-20
1.53547e-20
1.51198e-20
1.48865e-20
1.46549e-20
1.4425e-20
1.41969e-20
1.39704e-20
1.37456e-20
1.35226e-20
1.33013e-20
1.30817e-20
1.28639e-20
1.26478e-20
1.24334e-20
1.22208e-20
1.20099e-20
1.18008e-20
1.15935e-20
1.13879e-20
1.1184e-20
1.09819e-20
1.07816e-20
1.0583e-20
1.03862e-20
1.01911e-20
9.99782e-21
9.80625e-21
9.61642e-21
9.42833e-21
9.24198e-21
9.05735e-21
8.87446e-21
8.69328e-21
8.51382e-21
8.33607e-21
8.16006e-21
7.98579e-21
7.81329e-21
7.64256e-21
7.47362e-21
7.30646e-21
7.1411e-21
6.97756e-21
6.81585e-21
6.656e-21
6.49803e-21
6.342e-21
6.18795e-21
6.03592e-21
5.88592e-21
5.738e-21
5.59216e-21
5.44845e-21
5.30693e-21
5.16765e-21
5.03067e-21
4.89603e-21
4.76376e-21
4.63389e-21
4.50644e-21
4.38142e-21
4.25886e-21
4.13874e-21
4.02108e-21
3.90588e-21
3.79312e-21
3.68281e-21
3.57492e-21
3.46945e-21
3.36638e-21
3.26569e-21
3.16736e-21
3.07137e-21
2.97769e-21
2.88629e-21
2.79715e-21
2.71024e-21
2.62553e-21
2.54299e-21
2.46258e-21
2.38428e-21
2.30804e-21
2.23384e-21
2.16164e-21
2.09141e-21
2.02311e-21
1.9567e-21
1.89215e-21
1.82942e-21
1.76848e-21
1.70929e-21
1.65181e-21
1.596e-21
1.54184e-21
1.48928e-21
1.43829e-21
1.38883e-21
1.34087e-21
1.29437e-21
1.2493e-21
1.20561e-21
1.16329e-21
1.12229e-21
1.08259e-21
1.04414e-21
1.00692e-21
9.70887e-22
9.3602e-22
9.02284e-22
8.69649e-22
8.38083e-22
8.07559e-22
7.78047e-22
7.49518e-22
7.21945e-22
6.953e-22
6.69557e-22
6.44688e-22
6.20669e-22
5.97475e-22
5.75079e-22
5.5346e-22
5.32592e-22
5.12453e-22
4.9302e-22
4.74273e-22
4.56188e-22
4.38746e-22
4.21925e-22
4.05707e-22
3.90072e-22
3.75001e-22
3.60475e-22
3.46478e-22
3.32991e-22
3.19997e-22
3.07481e-22
2.95426e-22
2.83817e-22
2.72639e-22
2.61877e-22
2.51517e-22
2.41545e-22
2.31947e-22
2.22712e-22
2.13825e-22
2.05276e-22
1.97052e-22
1.89141e-22
1.81534e-22
1.74217e-22
1.67183e-22
1.60419e-22
1.53918e-22
1.47668e-22
1.41661e-22
1.35888e-22
1.30341e-22
1.25011e-22
1.1989e-22
1.14971e-22
1.10246e-22
1.05707e-22
1.01348e-22
9.71629e-23
9.31439e-23
8.92853e-23
8.55808e-23
8.20248e-23
7.86115e-23
7.53355e-23
7.21915e-23
6.91744e-23
6.62795e-23
6.35018e-23
6.0837e-23
5.82807e-23
5.58285e-23
5.34765e-23
5.12207e-23
4.90573e-23
4.69828e-23
4.49935e-23
4.30862e-23
4.12577e-23
3.95046e-23
3.78242e-23
3.62134e-23
3.46695e-23
3.31898e-23
3.17717e-23
3.04128e-23
2.91106e-23
2.7863e-23
2.66675e-23
2.55223e-23
2.44251e-23
2.33741e-23
2.23674e-23
2.14031e-23
2.04796e-23
1.95951e-23
1.8748e-23
1.79369e-23
1.71602e-23
1.64165e-23
1.57044e-23
1.50227e-23
1.437e-23
1.37452e-23
1.31471e-23
1.25746e-23
1.20267e-23
1.15022e-23
1.10002e-23
1.05198e-23
1.00601e-23
9.62012e-24
9.19914e-24
8.79632e-24
8.41089e-24
8.04212e-24
7.68931e-24
7.35178e-24
7.02887e-24
6.71998e-24
6.42449e-24
6.14185e-24
5.8715e-24
5.61292e-24
5.36561e-24
5.12908e-24
4.90287e-24
4.68655e-24
4.47968e-24
4.28186e-24
4.0927e-24
3.91183e-24
3.7389e-24
3.57355e-24
3.41546e-24
3.26432e-24
3.11983e-24
2.9817e-24
2.84966e-24
2.72344e-24
2.60278e-24
2.48746e-24
2.37723e-24
2.27187e-24
2.17118e-24
2.07495e-24
1.98298e-24
1.8951e-24
1.81112e-24
1.73087e-24
1.65419e-24
1.58092e-24
1.51092e-24
1.44404e-24
1.38015e-24
1.31912e-24
1.26082e-24
1.20513e-24
1.15194e-24
1.10114e-24
1.05262e-24
1.00629e-24
9.62057e-25
9.19819e-25
8.79495e-25
8.41001e-25
8.04258e-25
7.6919e-25
7.35724e-25
7.03793e-25
6.73329e-25
6.44269e-25
6.16554e-25
5.90126e-25
5.64931e-25
5.40916e-25
5.18031e-25
4.96229e-25
4.75464e-25
4.55695e-25
4.36879e-25
4.18978e-25
4.01954e-25
3.85772e-25
3.70398e-25
3.55802e-25
3.41951e-25
3.28818e-25
3.16376e-25
3.04598e-25
2.93461e-25
2.8294e-25
2.73016e-25
2.63666e-25
2.54872e-25
2.46616e-25
2.3888e-25
2.3165e-25
2.2491e-25
2.18646e-25
2.12846e-25
2.07503e-25
2.02619e-25
1.98185e-25
1.94198e-25
1.90654e-25
1.87549e-25
1.84874e-25
1.82621e-25
1.80783e-25
1.79354e-25
1.78328e-25
1.77703e-25
1.77474e-25
1.77639e-25
1.78197e-25
1.79147e-25
1.80489e-25
1.82225e-25
1.84356e-25
