2.5
5e+17
1.5e+19
9377.69
2.15538e-19
2.15529e-19
2.15461e-19
2.15352e-19
2.15201e-19
2.15008e-19
2.14773e-19
2.14496e-19
2.14176e-19
2.13814e-19
2.13411e-19
2.12967e-19
2.12481e-19
2.11954e-19
2.11387e-19
2.1078e-19
2.10132e-19
2.09445e-19
2.08719e-19
2.07954e-19
2.07151e-19
2.0631e-19
2.05432e-19
2.04517e-19
2.03566e-19
2.02579e-19
2.01557e-19
2.005e-19
1.99409e-19
1.98285e-19
1.97128e-19
1.95939e-19
1.94719e-19
1.93468e-19
1.92186e-19
1.90876e-19
1.89536e-19
1.88169e-19
1.86775e-19
1.85354e-19
1.83908e-19
1.82437e-19
1.80941e-19
1.79423e-19
1.77881e-19
1.76318e-19
1.74734e-19
1.73131e-19
1.71507e-19
1.69866e-19
1.68206e-19
1.6653e-19
1.64838e-19
1.63131e-19
1.61409e-19
1.59674e-19
1.57926e-19
1.56167e-19
1.54396e-19
1.52615e-19
1.50825e-19
1.49027e-19
1.4722e-19
1.45407e-19
1.43587e-19
1.41762e-19
1.39933e-19
1.381e-19
1.36264e-19
1.34425e-19
1.32585e-19
1.30744e-19
1.28904e-19
1.27064e-19
1.25225e-19
1.23389e-19
1.21555e-19
1.19725e-19
1.17899e-19
1.16078e-19
1.14263e-19
1.12453e-19
1.1065e-19
1.08855e-19
1.07067e-19
1.05288e-19
1.03518e-19
1.01757e-19
1.00007e-19
9.82673e-20
9.65386e-20
9.48215e-20
9.31165e-20
9.1424e-20
8.97445e-20
8.80783e-20
8.64259e-20
8.47878e-20
8.31641e-20
8.15554e-20
7.99619e-20
7.8384e-20
7.6822e-20
7.52762e-20
7.37469e-20
7.22343e-20
7.07386e-20
6.92602e-20
6.77993e-20
6.6356e-20
6.49305e-20
6.3523e-20
6.21337e-20
6.07627e-20
5.94102e-20
5.80763e-20
5.6761e-20
5.54645e-20
5.41869e-20
5.29281e-20
5.16884e-20
5.04677e-20
4.9266e-20
4.80833e-20
4.69198e-20
4.57752e-20
4.46498e-20
4.35433e-20
4.24559e-20
4.13873e-20
4.03376e-20
3.93068e-20
3.82946e-20
3.73011e-20
3.63262e-20
3.53697e-20
3.44315e-20
3.35115e-20
3.26097e-20
3.17257e-20
3.08596e-20
3.00112e-20
2.91803e-20
2.83667e-20
2.75703e-20
2.67909e-20
2.60284e-20
2.52825e-20
2.45531e-20
2.384e-20
2.31429e-20
2.24618e-20
2.17963e-20
2.11464e-20
2.05117e-20
1.98921e-20
1.92873e-20
1.86972e-20
1.81215e-20
1.756e-20
1.70125e-20
1.64787e-20
1.59585e-20
1.54516e-20
1.49578e-20
1.44769e-20
1.40086e-20
1.35527e-20
1.3109e-20
1.26773e-20
1.22573e-20
1.18488e-20
1.14517e-20
1.10655e-20
1.06903e-20
1.03257e-20
9.97144e-21
9.6274e-21
9.29334e-21
8.96904e-21
8.65429e-21
8.34886e-21
8.05257e-21
7.76519e-21
7.48653e-21
7.21637e-21
6.95452e-21
6.70079e-21
6.45497e-21
6.21688e-21
5.98631e-21
5.76309e-21
5.54703e-21
5.33794e-21
5.13565e-21
4.93998e-21
4.75075e-21
4.56779e-21
4.39094e-21
4.22003e-21
4.0549e-21
3.89538e-21
3.74132e-21
3.59256e-21
3.44896e-21
3.31036e-21
3.17663e-21
3.04762e-21
2.92318e-21
2.80319e-21
2.68751e-21
2.57601e-21
2.46856e-21
2.36504e-21
2.26533e-21
2.1693e-21
2.07684e-21
1.98784e-21
1.90219e-21
1.81979e-21
1.74052e-21
1.66429e-21
1.59099e-21
1.52054e-21
1.45284e-21
1.38779e-21
1.32531e-21
1.26531e-21
1.2077e-21
1.15241e-21
1.09934e-21
1.04843e-21
9.99603e-22
9.52777e-22
9.07885e-22
8.64859e-22
8.2363e-22
7.84135e-22
7.46311e-22
7.10098e-22
6.75437e-22
6.42273e-22
6.10549e-22
5.80212e-22
5.51211e-22
5.23494e-22
4.97013e-22
4.71721e-22
4.4757e-22
4.24516e-22
4.02516e-22
3.81527e-22
3.6151e-22
3.42425e-22
3.24237e-22
3.0691e-22
2.90409e-22
2.74701e-22
2.59753e-22
2.45535e-22
2.32015e-22
2.19164e-22
2.06953e-22
1.95356e-22
1.84345e-22
1.73894e-22
1.63979e-22
1.54576e-22
1.45662e-22
1.37214e-22
1.29211e-22
1.21632e-22
1.14459e-22
1.0767e-22
1.01249e-22
9.51776e-23
8.94388e-23
8.40166e-23
7.88954e-23
7.40602e-23
6.94969e-23
6.51918e-23
6.11317e-23
5.73043e-23
5.36974e-23
5.02997e-23
4.71003e-23
4.40887e-23
4.12549e-23
3.85896e-23
3.60835e-23
3.37282e-23
3.15153e-23
2.94371e-23
2.7486e-23
2.56551e-23
2.39376e-23
2.2327e-23
2.08173e-23
1.94028e-23
1.80779e-23
1.68373e-23
1.56763e-23
1.45902e-23
1.35744e-23
1.26248e-23
1.17374e-23
1.09086e-23
1.01346e-23
9.41222e-24
8.73823e-24
8.10964e-24
7.52362e-24
6.97751e-24
6.46877e-24
5.99505e-24
5.5541e-24
5.14381e-24
4.76221e-24
4.40743e-24
4.07773e-24
3.77145e-24
3.48704e-24
3.22307e-24
2.97816e-24
2.75103e-24
2.54048e-24
2.34538e-24
2.16466e-24
1.99736e-24
1.84253e-24
1.69932e-24
1.56691e-24
1.44454e-24
1.3315e-24
1.22712e-24
1.13078e-24
1.04191e-24
9.59991e-25
8.84514e-25
8.1501e-25
7.51041e-25
6.92198e-25
6.38101e-25
5.88397e-25
5.42757e-25
5.00877e-25
4.62472e-25
4.27279e-25
3.95054e-25
3.6557e-25
3.38617e-25
3.14001e-25
2.91542e-25
2.71073e-25
2.52439e-25
2.35499e-25
2.2012e-25
2.06182e-25
1.93571e-25
1.82184e-25
1.71927e-25
1.62712e-25
1.54457e-25
1.47089e-25
1.4054e-25
1.34747e-25
1.29652e-25
1.25203e-25
1.21353e-25
1.18058e-25
1.15276e-25
1.12973e-25
1.11115e-25
1.09672e-25
1.08616e-25
1.07924e-25
1.07573e-25
1.07544e-25
1.07819e-25
1.08382e-25
1.09219e-25
1.10318e-25
1.11669e-25
1.13263e-25
1.15092e-25
1.1715e-25
1.19432e-25
1.21934e-25
1.24653e-25
1.27588e-25
1.30737e-25
1.34101e-25
1.37682e-25
1.4148e-25
1.45501e-25
1.49746e-25
1.54221e-25
1.58931e-25
1.63883e-25
1.69083e-25
