2.5
1e+17
1e+18
9377.69
2.16987e-19
2.16977e-19
2.16909e-19
2.16799e-19
2.16647e-19
2.16452e-19
2.16214e-19
2.15934e-19
2.15611e-19
2.15245e-19
2.14838e-19
2.14388e-19
2.13897e-19
2.13364e-19
2.1279e-19
2.12175e-19
2.1152e-19
2.10825e-19
2.10091e-19
2.09317e-19
2.08504e-19
2.07653e-19
2.06765e-19
2.05839e-19
2.04876e-19
2.03878e-19
2.02843e-19
2.01774e-19
2.00671e-19
1.99533e-19
1.98363e-19
1.9716e-19
1.95925e-19
1.94659e-19
1.93363e-19
1.92037e-19
1.90682e-19
1.89299e-19
1.87889e-19
1.86452e-19
1.84989e-19
1.83501e-19
1.81988e-19
1.80452e-19
1.78894e-19
1.77313e-19
1.75711e-19
1.7409e-19
1.72448e-19
1.70788e-19
1.69111e-19
1.67416e-19
1.65706e-19
1.6398e-19
1.6224e-19
1.60486e-19
1.58719e-19
1.56941e-19
1.55152e-19
1.53352e-19
1.51543e-19
1.49726e-19
1.47901e-19
1.46069e-19
1.44231e-19
1.42388e-19
1.4054e-19
1.38688e-19
1.36834e-19
1.34978e-19
1.3312e-19
1.31261e-19
1.29403e-19
1.27546e-19
1.2569e-19
1.23836e-19
1.21986e-19
1.20139e-19
1.18297e-19
1.16459e-19
1.14627e-19
1.12802e-19
1.10983e-19
1.09172e-19
1.0737e-19
1.05575e-19
1.03791e-19
1.02016e-19
1.00251e-19
9.84972e-20
9.67549e-20
9.50243e-20
9.33062e-20
9.16008e-20
8.99087e-20
8.82302e-20
8.65658e-20
8.49158e-20
8.32807e-20
8.16608e-20
8.00564e-20
7.84679e-20
7.68956e-20
7.53397e-20
7.38007e-20
7.22786e-20
7.07738e-20
6.92865e-20
6.78169e-20
6.63653e-20
6.49318e-20
6.35166e-20
6.21198e-20
6.07417e-20
5.93822e-20
5.80416e-20
5.672e-20
5.54174e-20
5.41339e-20
5.28695e-20
5.16245e-20
5.03986e-20
4.91921e-20
4.80049e-20
4.68369e-20
4.56883e-20
4.4559e-20
4.34489e-20
4.2358e-20
4.12862e-20
4.02335e-20
3.91999e-20
3.81852e-20
3.71893e-20
3.62121e-20
3.52536e-20
3.43137e-20
3.33921e-20
3.24887e-20
3.16036e-20
3.07363e-20
2.98869e-20
2.90552e-20
2.8241e-20
2.74441e-20
2.66644e-20
2.59016e-20
2.51557e-20
2.44263e-20
2.37134e-20
2.30166e-20
2.23359e-20
2.1671e-20
2.10216e-20
2.03877e-20
1.97689e-20
1.9165e-20
1.85759e-20
1.80013e-20
1.74409e-20
1.68947e-20
1.63622e-20
1.58434e-20
1.53379e-20
1.48456e-20
1.43662e-20
1.38996e-20
1.34453e-20
1.30033e-20
1.25734e-20
1.21552e-20
1.17485e-20
1.13532e-20
1.09689e-20
1.05956e-20
1.02329e-20
9.8806e-21
9.53853e-21
9.20645e-21
8.88414e-21
8.57139e-21
8.26798e-21
7.9737e-21
7.68834e-21
7.4117e-21
7.14356e-21
6.88374e-21
6.63202e-21
6.38821e-21
6.15212e-21
5.92355e-21
5.70231e-21
5.48822e-21
5.28109e-21
5.08075e-21
4.887e-21
4.69969e-21
4.51863e-21
4.34366e-21
4.1746e-21
4.0113e-21
3.8536e-21
3.70133e-21
3.55434e-21
3.41249e-21
3.27562e-21
3.14358e-21
3.01624e-21
2.89346e-21
2.77509e-21
2.661e-21
2.55107e-21
2.44517e-21
2.34316e-21
2.24494e-21
2.15037e-21
2.05935e-21
1.97176e-21
1.88749e-21
1.80643e-21
1.72847e-21
1.65353e-21
1.58149e-21
1.51225e-21
1.44574e-21
1.38184e-21
1.32048e-21
1.26156e-21
1.205e-21
1.15072e-21
1.09864e-21
1.04868e-21
1.00076e-21
9.54821e-22
9.10777e-22
8.68566e-22
8.28119e-22
7.89373e-22
7.52263e-22
7.16731e-22
6.82716e-22
6.50163e-22
6.19015e-22
5.8922e-22
5.60725e-22
5.33481e-22
5.07439e-22
4.82552e-22
4.58774e-22
4.36062e-22
4.14373e-22
3.93665e-22
3.739e-22
3.55039e-22
3.37046e-22
3.19885e-22
3.03523e-22
2.87927e-22
2.73063e-22
2.58903e-22
2.45416e-22
2.32574e-22
2.20349e-22
2.08715e-22
1.97646e-22
1.87118e-22
1.77106e-22
1.67588e-22
1.58542e-22
1.49947e-22
1.41783e-22
1.3403e-22
1.26669e-22
1.19683e-22
1.13054e-22
1.06766e-22
1.00802e-22
9.51475e-23
8.9788e-23
8.47094e-23
7.98981e-23
7.53414e-23
7.1027e-23
6.6943e-23
6.30782e-23
5.94219e-23
5.59637e-23
5.26938e-23
4.96027e-23
4.66815e-23
4.39216e-23
4.13147e-23
3.88532e-23
3.65294e-23
3.43363e-23
3.22672e-23
3.03154e-23
2.8475e-23
2.674e-23
2.51048e-23
2.35641e-23
2.21128e-23
2.07462e-23
1.94596e-23
1.82488e-23
1.71095e-23
1.60379e-23
1.50302e-23
1.40829e-23
1.31925e-23
1.2356e-23
1.15704e-23
1.08326e-23
1.01401e-23
9.49015e-24
8.88041e-24
8.30854e-24
7.77234e-24
7.26974e-24
6.79881e-24
6.35769e-24
5.94465e-24
5.55802e-24
5.19627e-24
4.85793e-24
4.5416e-24
4.24595e-24
3.96976e-24
3.71184e-24
3.4711e-24
3.24652e-24
3.03712e-24
2.84197e-24
2.66019e-24
2.49095e-24
2.33347e-24
2.18704e-24
2.051e-24
1.92473e-24
1.80764e-24
1.69915e-24
1.59872e-24
1.50587e-24
1.42011e-24
1.341e-24
1.26814e-24
1.20112e-24
1.1396e-24
1.08323e-24
1.03169e-24
9.84699e-25
9.41968e-25
9.03242e-25
8.68284e-25
8.36868e-25
8.08787e-25
7.83847e-25
7.61869e-25
7.42687e-25
7.26145e-25
7.121e-25
7.00421e-25
6.90985e-25
6.8368e-25
6.78402e-25
6.75057e-25
6.73557e-25
6.73823e-25
6.75783e-25
6.79371e-25
6.84527e-25
6.912e-25
6.9934e-25
7.08905e-25
7.19859e-25
7.32169e-25
7.45806e-25
7.60747e-25
7.76973e-25
7.94468e-25
8.13219e-25
8.33218e-25
8.5446e-25
8.76943e-25
9.00668e-25
9.25639e-25
9.51864e-25
9.79352e-25
1.00811e-24
1.03817e-24
1.06953e-24
1.10222e-24
1.13626e-24
1.17167e-24
1.20849e-24
1.24674e-24
1.28645e-24
1.32765e-24
1.37039e-24
1.4147e-24
1.46063e-24
