7.5
5e+16
1e+19
16242.6
4.70604e-20
4.69771e-20
4.67325e-20
4.64726e-20
4.62054e-20
4.59332e-20
4.56569e-20
4.53771e-20
4.50943e-20
4.48087e-20
4.45204e-20
4.42295e-20
4.39359e-20
4.36396e-20
4.33407e-20
4.30391e-20
4.2735e-20
4.24285e-20
4.21195e-20
4.18082e-20
4.14946e-20
4.11789e-20
4.08609e-20
4.0541e-20
4.0219e-20
3.98951e-20
3.95694e-20
3.92419e-20
3.89127e-20
3.85819e-20
3.82496e-20
3.79158e-20
3.75806e-20
3.7244e-20
3.69063e-20
3.65673e-20
3.62273e-20
3.58863e-20
3.55443e-20
3.52014e-20
3.48578e-20
3.45134e-20
3.41685e-20
3.38229e-20
3.34769e-20
3.31304e-20
3.27837e-20
3.24366e-20
3.20894e-20
3.1742e-20
3.13946e-20
3.10472e-20
3.07e-20
3.03529e-20
3.0006e-20
2.96594e-20
2.93132e-20
2.89675e-20
2.86223e-20
2.82776e-20
2.79337e-20
2.75904e-20
2.72479e-20
2.69062e-20
2.65654e-20
2.62256e-20
2.58868e-20
2.55491e-20
2.52126e-20
2.48772e-20
2.45431e-20
2.42103e-20
2.38789e-20
2.35488e-20
2.32203e-20
2.28932e-20
2.25678e-20
2.22439e-20
2.19217e-20
2.16012e-20
2.12825e-20
2.09655e-20
2.06504e-20
2.03371e-20
2.00258e-20
1.97164e-20
1.94091e-20
1.91037e-20
1.88004e-20
1.84992e-20
1.82001e-20
1.79032e-20
1.76084e-20
1.73159e-20
1.70255e-20
1.67375e-20
1.64517e-20
1.61682e-20
1.58871e-20
1.56083e-20
1.53319e-20
1.50578e-20
1.47862e-20
1.45169e-20
1.42501e-20
1.39857e-20
1.37238e-20
1.34644e-20
1.32074e-20
1.29528e-20
1.27008e-20
1.24513e-20
1.22042e-20
1.19596e-20
1.17176e-20
1.1478e-20
1.1241e-20
1.10064e-20
1.07744e-20
1.05448e-20
1.03177e-20
1.00932e-20
9.87107e-21
9.65146e-21
9.43431e-21
9.21963e-21
9.00742e-21
8.79769e-21
8.59048e-21
8.38578e-21
8.18362e-21
7.984e-21
7.78692e-21
7.59238e-21
7.40041e-21
7.211e-21
7.02418e-21
6.83995e-21
6.65835e-21
6.47942e-21
6.30321e-21
6.12974e-21
5.95906e-21
5.79117e-21
5.6261e-21
5.46386e-21
5.30444e-21
5.14793e-21
4.99436e-21
4.84378e-21
4.69623e-21
4.55173e-21
4.41031e-21
4.27198e-21
4.13674e-21
4.0046e-21
3.87554e-21
3.74957e-21
3.62667e-21
3.50681e-21
3.38998e-21
3.27614e-21
3.16528e-21
3.05736e-21
2.95234e-21
2.85019e-21
2.75087e-21
2.65433e-21
2.56054e-21
2.46945e-21
2.38102e-21
2.29519e-21
2.21193e-21
2.13117e-21
2.05289e-21
1.97701e-21
1.90351e-21
1.83231e-21
1.76338e-21
1.69666e-21
1.6321e-21
1.56965e-21
1.50927e-21
1.45089e-21
1.39447e-21
1.33996e-21
1.28731e-21
1.23648e-21
1.1874e-21
1.14004e-21
1.09435e-21
1.05028e-21
1.00779e-21
9.66819e-22
9.27337e-22
8.89295e-22
8.52651e-22
8.17361e-22
7.83386e-22
7.50683e-22
7.19212e-22
6.88936e-22
6.59814e-22
6.3181e-22
6.04888e-22
5.79011e-22
5.54145e-22
5.30255e-22
5.07309e-22
4.85273e-22
4.64117e-22
4.43809e-22
4.24321e-22
4.05622e-22
3.87685e-22
3.70482e-22
3.53986e-22
3.38172e-22
3.23014e-22
3.08489e-22
2.94571e-22
2.8124e-22
2.68472e-22
2.56245e-22
2.4454e-22
2.33336e-22
2.22613e-22
2.12353e-22
2.02537e-22
1.93149e-22
1.8417e-22
1.75584e-22
1.67377e-22
1.59532e-22
1.52034e-22
1.4487e-22
1.38025e-22
1.31488e-22
1.25244e-22
1.19281e-22
1.13588e-22
1.08154e-22
1.02967e-22
9.80175e-23
9.32945e-23
8.87886e-23
8.44905e-23
8.03912e-23
7.64821e-23
7.27549e-23
6.92015e-23
6.58145e-23
6.25863e-23
5.95101e-23
5.6579e-23
5.37866e-23
5.11267e-23
4.85933e-23
4.61807e-23
4.38834e-23
4.16962e-23
3.96141e-23
3.76323e-23
3.57461e-23
3.39513e-23
3.22435e-23
3.06187e-23
2.90731e-23
2.7603e-23
2.62049e-23
2.48753e-23
2.36112e-23
2.24092e-23
2.12667e-23
2.01806e-23
1.91484e-23
1.81675e-23
1.72354e-23
1.63498e-23
1.55084e-23
1.47092e-23
1.395e-23
1.3229e-23
1.25443e-23
1.18941e-23
1.12768e-23
1.06907e-23
1.01343e-23
9.60624e-24
9.10499e-24
8.6293e-24
8.17788e-24
7.74954e-24
7.34314e-24
6.95758e-24
6.59183e-24
6.24489e-24
5.91584e-24
5.60376e-24
5.30781e-24
5.02718e-24
4.76109e-24
4.50882e-24
4.26966e-24
4.04294e-24
3.82805e-24
3.62436e-24
3.43133e-24
3.24839e-24
3.07504e-24
2.91079e-24
2.75516e-24
2.60772e-24
2.46804e-24
2.33573e-24
2.2104e-24
2.09169e-24
1.97927e-24
1.8728e-24
1.77198e-24
1.67651e-24
1.58611e-24
1.50053e-24
1.41951e-24
1.3428e-24
1.27019e-24
1.20146e-24
1.13641e-24
1.07484e-24
1.01658e-24
9.61437e-25
9.09259e-25
8.59888e-25
8.13174e-25
7.68978e-25
7.27166e-25
6.87612e-25
6.50196e-25
6.14805e-25
5.81332e-25
5.49673e-25
5.19734e-25
4.91422e-25
4.64651e-25
4.39339e-25
4.15407e-25
3.92783e-25
3.71396e-25
3.5118e-25
3.32074e-25
3.14017e-25
2.96954e-25
2.80832e-25
2.656e-25
2.51211e-25
2.3762e-25
2.24785e-25
2.12666e-25
2.01224e-25
1.90423e-25
1.8023e-25
1.70612e-25
1.6154e-25
1.52984e-25
1.44917e-25
1.37315e-25
1.30153e-25
1.23408e-25
1.17058e-25
1.11085e-25
1.05469e-25
1.00191e-25
9.52357e-26
9.05869e-26
8.62296e-26
8.2151e-26
7.83409e-26
7.4791e-26
7.149e-26
6.84292e-26
6.5598e-26
6.29899e-26
6.0597e-26
5.84107e-26
5.64231e-26
5.46268e-26
5.30149e-26
5.15814e-26
5.03208e-26
4.92281e-26
4.8299e-26
4.75296e-26
4.69166e-26
4.64572e-26
4.61492e-26
4.59908e-26
4.59808e-26
4.61182e-26
4.64029e-26
4.68349e-26
4.7415e-26
