5
5e+17
1e+17
13262.1
7.64166e-20
7.64132e-20
7.63891e-20
7.63504e-20
7.62969e-20
7.62282e-20
7.61445e-20
7.60457e-20
7.5932e-20
7.58034e-20
7.56599e-20
7.55016e-20
7.53287e-20
7.51413e-20
7.49393e-20
7.47231e-20
7.44926e-20
7.4248e-20
7.39896e-20
7.37173e-20
7.34314e-20
7.31321e-20
7.28195e-20
7.24938e-20
7.21551e-20
7.18038e-20
7.14399e-20
7.10637e-20
7.06755e-20
7.02753e-20
6.98635e-20
6.94403e-20
6.9006e-20
6.85606e-20
6.81046e-20
6.76382e-20
6.71615e-20
6.6675e-20
6.61788e-20
6.56732e-20
6.51585e-20
6.4635e-20
6.41029e-20
6.35625e-20
6.30141e-20
6.2458e-20
6.18945e-20
6.13239e-20
6.07465e-20
6.01625e-20
5.95722e-20
5.8976e-20
5.83741e-20
5.77669e-20
5.71546e-20
5.65375e-20
5.5916e-20
5.52903e-20
5.46607e-20
5.40275e-20
5.3391e-20
5.27515e-20
5.21093e-20
5.14646e-20
5.08178e-20
5.01692e-20
4.95189e-20
4.88674e-20
4.82148e-20
4.75615e-20
4.69077e-20
4.62536e-20
4.55996e-20
4.49459e-20
4.42927e-20
4.36404e-20
4.29891e-20
4.2339e-20
4.16905e-20
4.10438e-20
4.03991e-20
3.97565e-20
3.91164e-20
3.84789e-20
3.78443e-20
3.72127e-20
3.65844e-20
3.59596e-20
3.53383e-20
3.47209e-20
3.41075e-20
3.34982e-20
3.28933e-20
3.22929e-20
3.16971e-20
3.11061e-20
3.05201e-20
2.99391e-20
2.93633e-20
2.87929e-20
2.82279e-20
2.76686e-20
2.71149e-20
2.65669e-20
2.60249e-20
2.54889e-20
2.49589e-20
2.4435e-20
2.39174e-20
2.34062e-20
2.29012e-20
2.24027e-20
2.19107e-20
2.14252e-20
2.09463e-20
2.04741e-20
2.00085e-20
1.95496e-20
1.90974e-20
1.86519e-20
1.82132e-20
1.77813e-20
1.73562e-20
1.69378e-20
1.65263e-20
1.61215e-20
1.57235e-20
1.53323e-20
1.49478e-20
1.45701e-20
1.41991e-20
1.38348e-20
1.34771e-20
1.31261e-20
1.27817e-20
1.24438e-20
1.21124e-20
1.17875e-20
1.14691e-20
1.1157e-20
1.08512e-20
1.05517e-20
1.02585e-20
9.97136e-21
9.69036e-21
9.4154e-21
9.14641e-21
8.88334e-21
8.62611e-21
8.37466e-21
8.12891e-21
7.8888e-21
7.65425e-21
7.42519e-21
7.20155e-21
6.98325e-21
6.77022e-21
6.56237e-21
6.35963e-21
6.16192e-21
5.96916e-21
5.78128e-21
5.59819e-21
5.41982e-21
5.24608e-21
5.07689e-21
4.91218e-21
4.75186e-21
4.59585e-21
4.44407e-21
4.29645e-21
4.1529e-21
4.01333e-21
3.87769e-21
3.74587e-21
3.61782e-21
3.49344e-21
3.37266e-21
3.2554e-21
3.14159e-21
3.03115e-21
2.92401e-21
2.82009e-21
2.71932e-21
2.62162e-21
2.52693e-21
2.43517e-21
2.34627e-21
2.26017e-21
2.17679e-21
2.09606e-21
2.01792e-21
1.94231e-21
1.86916e-21
1.7984e-21
1.72998e-21
1.66382e-21
1.59987e-21
1.53808e-21
1.47837e-21
1.4207e-21
1.36501e-21
1.31124e-21
1.25933e-21
1.20924e-21
1.1609e-21
1.11428e-21
1.06931e-21
1.02596e-21
9.84166e-22
9.43887e-22
9.05076e-22
8.67687e-22
8.31678e-22
7.97004e-22
7.63624e-22
7.31496e-22
7.0058e-22
6.70838e-22
6.42231e-22
6.14722e-22
5.88275e-22
5.62854e-22
5.38425e-22
5.14954e-22
4.92409e-22
4.70758e-22
4.4997e-22
4.30016e-22
4.10866e-22
3.92491e-22
3.74865e-22
3.5796e-22
3.41751e-22
3.26212e-22
3.11319e-22
2.97048e-22
2.83377e-22
2.70282e-22
2.57743e-22
2.45738e-22
2.34248e-22
2.23252e-22
2.12732e-22
2.02669e-22
1.93045e-22
1.83844e-22
1.75049e-22
1.66644e-22
1.58612e-22
1.5094e-22
1.43613e-22
1.36617e-22
1.29938e-22
1.23564e-22
1.17481e-22
1.11679e-22
1.06144e-22
1.00867e-22
9.58354e-23
9.10398e-23
8.647e-23
8.21163e-23
7.79694e-23
7.40204e-23
7.02606e-23
6.6682e-23
6.32764e-23
6.00363e-23
5.69543e-23
5.40235e-23
5.1237e-23
4.85883e-23
4.60713e-23
4.368e-23
4.14086e-23
3.92517e-23
3.72039e-23
3.52603e-23
3.34159e-23
3.16662e-23
3.00068e-23
2.84333e-23
2.69418e-23
2.55282e-23
2.4189e-23
2.29206e-23
2.17195e-23
2.05825e-23
1.95065e-23
1.84885e-23
1.75257e-23
1.66154e-23
1.5755e-23
1.49421e-23
1.41742e-23
1.34492e-23
1.27649e-23
1.21193e-23
1.15104e-23
1.09364e-23
1.03955e-23
9.88601e-24
9.40638e-24
8.95507e-24
8.53063e-24
8.13168e-24
7.75692e-24
7.40511e-24
7.07506e-24
6.76564e-24
6.47581e-24
6.20453e-24
5.95086e-24
5.71387e-24
5.49271e-24
5.28656e-24
5.09463e-24
4.9162e-24
4.75056e-24
4.59706e-24
4.45507e-24
4.32399e-24
4.20328e-24
4.09239e-24
3.99083e-24
3.89814e-24
3.81386e-24
3.73757e-24
3.66887e-24
3.6074e-24
3.5528e-24
3.50474e-24
3.4629e-24
3.427e-24
3.39675e-24
3.3719e-24
3.35221e-24
3.33744e-24
3.32739e-24
3.32185e-24
3.32063e-24
3.32357e-24
3.3305e-24
3.34126e-24
3.35573e-24
3.37376e-24
3.39523e-24
3.42004e-24
3.44807e-24
3.47924e-24
3.51346e-24
3.55064e-24
3.59072e-24
3.63362e-24
3.67929e-24
3.72767e-24
3.77872e-24
3.8324e-24
3.88865e-24
3.94746e-24
4.00879e-24
4.07263e-24
4.13896e-24
4.20778e-24
4.27909e-24
4.35288e-24
4.42915e-24
4.5079e-24
4.58913e-24
4.67284e-24
4.75906e-24
4.84781e-24
4.93907e-24
5.03288e-24
5.12925e-24
5.22818e-24
5.32971e-24
5.43386e-24
5.54065e-24
5.65012e-24
5.76228e-24
5.87719e-24
5.99487e-24
6.11536e-24
6.2387e-24
6.36493e-24
6.4941e-24
6.62626e-24
6.76145e-24
6.89972e-24
7.04113e-24
7.18573e-24
7.33358e-24
7.48474e-24
7.63925e-24
7.7972e-24
7.95864e-24
8.12364e-24
8.29226e-24
8.46457e-24
