10
5e+17
5e+17
18755.4
2.76111e-20
2.76079e-20
2.75938e-20
2.75741e-20
2.7549e-20
2.75185e-20
2.74825e-20
2.74411e-20
2.73944e-20
2.73424e-20
2.7285e-20
2.72224e-20
2.71545e-20
2.70814e-20
2.70032e-20
2.69199e-20
2.68315e-20
2.6738e-20
2.66397e-20
2.65364e-20
2.64283e-20
2.63154e-20
2.61978e-20
2.60755e-20
2.59487e-20
2.58173e-20
2.56816e-20
2.55415e-20
2.53971e-20
2.52485e-20
2.50958e-20
2.49391e-20
2.47785e-20
2.4614e-20
2.44458e-20
2.42738e-20
2.40984e-20
2.39194e-20
2.37371e-20
2.35515e-20
2.33627e-20
2.31708e-20
2.2976e-20
2.27782e-20
2.25777e-20
2.23745e-20
2.21688e-20
2.19606e-20
2.175e-20
2.15372e-20
2.13222e-20
2.11052e-20
2.08863e-20
2.06655e-20
2.0443e-20
2.02189e-20
1.99933e-20
1.97663e-20
1.9538e-20
1.93085e-20
1.90779e-20
1.88463e-20
1.86138e-20
1.83806e-20
1.81467e-20
1.79122e-20
1.76772e-20
1.74418e-20
1.72062e-20
1.69704e-20
1.67345e-20
1.64986e-20
1.62628e-20
1.60271e-20
1.57918e-20
1.55568e-20
1.53223e-20
1.50883e-20
1.48549e-20
1.46222e-20
1.43903e-20
1.41593e-20
1.39292e-20
1.37001e-20
1.34721e-20
1.32452e-20
1.30196e-20
1.27953e-20
1.25723e-20
1.23508e-20
1.21307e-20
1.19122e-20
1.16953e-20
1.148e-20
1.12664e-20
1.10546e-20
1.08446e-20
1.06365e-20
1.04303e-20
1.0226e-20
1.00237e-20
9.82341e-21
9.6252e-21
9.4291e-21
9.23513e-21
9.04332e-21
8.85371e-21
8.66632e-21
8.48118e-21
8.29832e-21
8.11775e-21
7.9395e-21
7.76358e-21
7.59002e-21
7.41883e-21
7.25002e-21
7.08361e-21
6.9196e-21
6.75801e-21
6.59884e-21
6.44211e-21
6.28781e-21
6.13594e-21
5.98652e-21
5.83955e-21
5.69501e-21
5.55291e-21
5.41325e-21
5.27602e-21
5.14123e-21
5.00885e-21
4.87889e-21
4.75133e-21
4.62616e-21
4.50338e-21
4.38297e-21
4.26492e-21
4.1492e-21
4.03581e-21
3.92473e-21
3.81594e-21
3.70941e-21
3.60513e-21
3.50308e-21
3.40324e-21
3.30558e-21
3.21008e-21
3.11671e-21
3.02546e-21
2.93629e-21
2.84918e-21
2.76411e-21
2.68104e-21
2.59996e-21
2.52082e-21
2.44361e-21
2.3683e-21
2.29486e-21
2.22325e-21
2.15346e-21
2.08544e-21
2.01918e-21
1.95464e-21
1.89179e-21
1.83061e-21
1.77106e-21
1.71311e-21
1.65673e-21
1.6019e-21
1.54859e-21
1.49676e-21
1.44638e-21
1.39743e-21
1.34987e-21
1.30369e-21
1.25884e-21
1.2153e-21
1.17305e-21
1.13204e-21
1.09227e-21
1.05369e-21
1.01628e-21
9.8001e-22
9.44858e-22
9.10796e-22
8.77796e-22
8.45834e-22
8.14882e-22
7.84917e-22
7.55913e-22
7.27845e-22
7.00689e-22
6.74422e-22
6.4902e-22
6.24459e-22
6.00718e-22
5.77774e-22
5.55604e-22
5.34188e-22
5.13504e-22
4.93532e-22
4.7425e-22
4.5564e-22
4.37682e-22
4.20356e-22
4.03644e-22
3.87527e-22
3.71988e-22
3.57008e-22
3.42572e-22
3.28661e-22
3.1526e-22
3.02353e-22
2.89923e-22
2.77957e-22
2.66438e-22
2.55352e-22
2.44686e-22
2.34425e-22
2.24556e-22
2.15066e-22
2.05942e-22
1.97172e-22
1.88743e-22
1.80645e-22
1.72865e-22
1.65393e-22
1.58218e-22
1.51328e-22
1.44715e-22
1.38369e-22
1.32279e-22
1.26436e-22
1.20833e-22
1.15458e-22
1.10306e-22
1.05366e-22
1.00631e-22
9.60942e-23
9.17472e-23
8.75831e-23
8.35949e-23
7.97759e-23
7.61195e-23
7.26195e-23
6.92698e-23
6.60644e-23
6.29978e-23
6.00644e-23
5.72589e-23
5.45763e-23
5.20115e-23
4.95599e-23
4.72169e-23
4.49779e-23
4.28389e-23
4.07956e-23
3.8844e-23
3.69805e-23
3.52013e-23
3.35029e-23
3.18819e-23
3.0335e-23
2.88591e-23
2.74511e-23
2.61082e-23
2.48275e-23
2.36063e-23
2.24422e-23
2.13325e-23
2.02749e-23
1.92671e-23
1.83069e-23
1.73923e-23
1.65211e-23
1.56915e-23
1.49016e-23
1.41496e-23
1.34338e-23
1.27525e-23
1.21042e-23
1.14875e-23
1.09007e-23
1.03426e-23
9.81187e-24
9.30719e-24
8.82738e-24
8.37128e-24
7.93777e-24
7.5258e-24
7.13436e-24
6.76247e-24
6.4092e-24
6.07369e-24
5.75507e-24
5.45254e-24
5.16533e-24
4.8927e-24
4.63395e-24
4.3884e-24
4.15542e-24
3.93439e-24
3.72474e-24
3.52589e-24
3.33733e-24
3.15854e-24
2.98905e-24
2.82838e-24
2.67612e-24
2.53182e-24
2.39511e-24
2.2656e-24
2.14292e-24
2.02674e-24
1.91672e-24
1.81256e-24
1.71396e-24
1.62064e-24
1.53232e-24
1.44876e-24
1.36971e-24
1.29493e-24
1.22422e-24
1.15736e-24
1.09415e-24
1.0344e-24
9.77943e-25
9.24599e-25
8.7421e-25
8.26622e-25
7.81689e-25
7.39274e-25
6.99246e-25
6.6148e-25
6.25858e-25
5.92269e-25
5.60607e-25
5.30772e-25
5.02667e-25
4.76204e-25
4.51296e-25
4.27863e-25
4.05829e-25
3.8512e-25
3.65669e-25
3.47411e-25
3.30284e-25
3.14231e-25
2.99196e-25
2.85129e-25
2.71981e-25
2.59705e-25
2.48259e-25
2.37602e-25
2.27695e-25
2.18501e-25
2.09988e-25
2.02124e-25
1.94877e-25
1.88221e-25
1.82129e-25
1.76576e-25
1.7154e-25
1.66998e-25
1.62931e-25
1.59321e-25
1.5615e-25
1.53402e-25
1.51063e-25
1.4912e-25
1.47559e-25
1.46369e-25
1.45541e-25
1.45065e-25
1.44933e-25
1.45138e-25
1.45673e-25
1.46533e-25
1.47712e-25
1.49208e-25
1.51016e-25
1.53135e-25
1.55566e-25
1.58315e-25
1.61383e-25
1.64772e-25
1.68488e-25
1.72532e-25
1.76905e-25
1.8161e-25
1.86648e-25
1.92022e-25
1.97736e-25
2.03794e-25
2.10201e-25
2.16962e-25
2.24085e-25
2.31576e-25
2.39442e-25
2.47692e-25
2.56334e-25
