5
1e+17
5e+18
13262.1
7.25823e-20
7.25669e-20
7.25101e-20
7.24393e-20
7.23553e-20
7.22584e-20
7.21487e-20
7.20262e-20
7.18912e-20
7.17437e-20
7.15838e-20
7.14116e-20
7.12273e-20
7.10308e-20
7.08222e-20
7.06018e-20
7.03695e-20
7.01255e-20
6.987e-20
6.9603e-20
6.93247e-20
6.90352e-20
6.87347e-20
6.84233e-20
6.81012e-20
6.77686e-20
6.74256e-20
6.70723e-20
6.67091e-20
6.6336e-20
6.59532e-20
6.5561e-20
6.51595e-20
6.47489e-20
6.43294e-20
6.39013e-20
6.34647e-20
6.30198e-20
6.25669e-20
6.21062e-20
6.16378e-20
6.11621e-20
6.06793e-20
6.01895e-20
5.9693e-20
5.91901e-20
5.86809e-20
5.81657e-20
5.76447e-20
5.71182e-20
5.65864e-20
5.60496e-20
5.55079e-20
5.49616e-20
5.4411e-20
5.38563e-20
5.32977e-20
5.27354e-20
5.21698e-20
5.1601e-20
5.10292e-20
5.04548e-20
4.98779e-20
4.92988e-20
4.87176e-20
4.81347e-20
4.75502e-20
4.69644e-20
4.63775e-20
4.57897e-20
4.52013e-20
4.46123e-20
4.40232e-20
4.3434e-20
4.2845e-20
4.22564e-20
4.16684e-20
4.10811e-20
4.04948e-20
3.99097e-20
3.9326e-20
3.87438e-20
3.81633e-20
3.75847e-20
3.70081e-20
3.64339e-20
3.5862e-20
3.52927e-20
3.47261e-20
3.41624e-20
3.36018e-20
3.30443e-20
3.24901e-20
3.19394e-20
3.13923e-20
3.08489e-20
3.03094e-20
2.97738e-20
2.92423e-20
2.8715e-20
2.8192e-20
2.76735e-20
2.71594e-20
2.66499e-20
2.61451e-20
2.56451e-20
2.515e-20
2.46598e-20
2.41746e-20
2.36945e-20
2.32196e-20
2.27499e-20
2.22854e-20
2.18263e-20
2.13726e-20
2.09242e-20
2.04814e-20
2.0044e-20
1.96122e-20
1.91859e-20
1.87653e-20
1.83502e-20
1.79408e-20
1.75371e-20
1.7139e-20
1.67467e-20
1.636e-20
1.5979e-20
1.56036e-20
1.5234e-20
1.48701e-20
1.45118e-20
1.41592e-20
1.38123e-20
1.3471e-20
1.31353e-20
1.28052e-20
1.24807e-20
1.21617e-20
1.18482e-20
1.15402e-20
1.12377e-20
1.09406e-20
1.06489e-20
1.03625e-20
1.00814e-20
9.80559e-21
9.53498e-21
9.26954e-21
9.00923e-21
8.75398e-21
8.50376e-21
8.25851e-21
8.01819e-21
7.78274e-21
7.55212e-21
7.32629e-21
7.10521e-21
6.88882e-21
6.67709e-21
6.46996e-21
6.26737e-21
6.06928e-21
5.87562e-21
5.68636e-21
5.50143e-21
5.32078e-21
5.14437e-21
4.97214e-21
4.80405e-21
4.64007e-21
4.48015e-21
4.32425e-21
4.17233e-21
4.02433e-21
3.8802e-21
3.7399e-21
3.60336e-21
3.47053e-21
3.34136e-21
3.21581e-21
3.09385e-21
2.97544e-21
2.86052e-21
2.74906e-21
2.64099e-21
2.53627e-21
2.43485e-21
2.33666e-21
2.24164e-21
2.14974e-21
2.06089e-21
1.97503e-21
1.8921e-21
1.81203e-21
1.73475e-21
1.6602e-21
1.58832e-21
1.51904e-21
1.45229e-21
1.38801e-21
1.32613e-21
1.26658e-21
1.20931e-21
1.15424e-21
1.10132e-21
1.05048e-21
1.00166e-21
9.5479e-22
9.09819e-22
8.66684e-22
8.25327e-22
7.8569e-22
7.47715e-22
7.11347e-22
6.76531e-22
6.43214e-22
6.11343e-22
5.80868e-22
5.51736e-22
5.23901e-22
4.97314e-22
4.71929e-22
4.47699e-22
4.24582e-22
4.02533e-22
3.81512e-22
3.61477e-22
3.4239e-22
3.24211e-22
3.06904e-22
2.90433e-22
2.74763e-22
2.59861e-22
2.45693e-22
2.32228e-22
2.19436e-22
2.07287e-22
1.95753e-22
1.84807e-22
1.74422e-22
1.64572e-22
1.55234e-22
1.46383e-22
1.37998e-22
1.30055e-22
1.22535e-22
1.15417e-22
1.08682e-22
1.02312e-22
9.62874e-23
9.05928e-23
8.52115e-23
8.01278e-23
7.53268e-23
7.07942e-23
6.65164e-23
6.24802e-23
5.86733e-23
5.50836e-23
5.16999e-23
4.85113e-23
4.55075e-23
4.26785e-23
4.00151e-23
3.75082e-23
3.51495e-23
3.29306e-23
3.08441e-23
2.88825e-23
2.7039e-23
2.53068e-23
2.36798e-23
2.2152e-23
2.07177e-23
1.93716e-23
1.81086e-23
1.6924e-23
1.58131e-23
1.47717e-23
1.37956e-23
1.2881e-23
1.20244e-23
1.12221e-23
1.0471e-23
9.76796e-24
9.11011e-24
8.49468e-24
7.91908e-24
7.38088e-24
6.87778e-24
6.40759e-24
5.96828e-24
5.55792e-24
5.17469e-24
4.81689e-24
4.48291e-24
4.17123e-24
3.88045e-24
3.60921e-24
3.35627e-24
3.12044e-24
2.90061e-24
2.69576e-24
2.50489e-24
2.3271e-24
2.16153e-24
2.00736e-24
1.86385e-24
1.73029e-24
1.606e-24
1.49039e-24
1.38285e-24
1.28285e-24
1.18988e-24
1.10346e-24
1.02314e-24
9.48518e-25
8.79193e-25
8.14804e-25
7.55011e-25
6.99497e-25
6.47965e-25
6.00139e-25
5.55759e-25
5.14586e-25
4.76395e-25
4.40975e-25
4.08132e-25
3.77684e-25
3.4946e-25
3.23303e-25
2.99066e-25
2.76611e-25
2.5581e-25
2.36546e-25
2.18706e-25
2.0219e-25
1.869e-25
1.72748e-25
1.59651e-25
1.47533e-25
1.36322e-25
1.25952e-25
1.1636e-25
1.07491e-25
9.92901e-26
9.17086e-26
8.47007e-26
7.82239e-26
7.22389e-26
6.67091e-26
6.16006e-26
5.68819e-26
5.25241e-26
4.85001e-26
4.47849e-26
4.13554e-26
3.819e-26
3.52691e-26
3.2574e-26
3.00876e-26
2.77945e-26
2.56807e-26
2.37332e-26
2.19398e-26
2.0289e-26
1.87707e-26
1.7375e-26
1.60926e-26
1.49151e-26
1.38359e-26
1.28476e-26
1.19437e-26
1.11179e-26
1.03647e-26
9.67872e-27
9.05531e-27
8.49005e-27
7.97896e-27
7.51837e-27
7.10496e-27
6.73569e-27
6.40781e-27
6.11883e-27
5.8665e-27
5.64882e-27
5.46398e-27
5.3104e-27
5.18667e-27
5.09159e-27
5.02411e-27
4.98336e-27
4.96862e-27
4.97934e-27
5.0151e-27
5.07564e-27
5.16085e-27
5.27073e-27
5.40545e-27
5.5653e-27
