5
1e+16
5e+18
13262.1
7.49426e-20
7.48661e-20
7.46367e-20
7.4388e-20
7.41271e-20
7.3856e-20
7.35755e-20
7.32859e-20
7.29877e-20
7.26812e-20
7.23665e-20
7.20439e-20
7.17135e-20
7.13753e-20
7.10295e-20
7.0676e-20
7.03149e-20
6.99464e-20
6.95705e-20
6.91874e-20
6.87973e-20
6.84002e-20
6.79962e-20
6.75855e-20
6.71683e-20
6.67446e-20
6.63146e-20
6.58785e-20
6.54364e-20
6.49883e-20
6.45346e-20
6.40753e-20
6.36106e-20
6.31406e-20
6.26655e-20
6.21854e-20
6.17006e-20
6.1211e-20
6.0717e-20
6.02187e-20
5.97162e-20
5.92097e-20
5.86994e-20
5.81853e-20
5.76678e-20
5.71469e-20
5.66228e-20
5.60957e-20
5.55657e-20
5.5033e-20
5.44978e-20
5.39602e-20
5.34205e-20
5.28786e-20
5.23349e-20
5.17895e-20
5.12425e-20
5.06941e-20
5.01444e-20
4.95937e-20
4.90421e-20
4.84897e-20
4.79367e-20
4.73832e-20
4.68294e-20
4.62755e-20
4.57216e-20
4.51678e-20
4.46144e-20
4.40614e-20
4.35089e-20
4.29572e-20
4.24063e-20
4.18565e-20
4.13078e-20
4.07604e-20
4.02143e-20
3.96698e-20
3.9127e-20
3.85859e-20
3.80468e-20
3.75096e-20
3.69747e-20
3.64419e-20
3.59116e-20
3.53837e-20
3.48584e-20
3.43358e-20
3.3816e-20
3.3299e-20
3.27851e-20
3.22742e-20
3.17665e-20
3.1262e-20
3.07609e-20
3.02632e-20
2.9769e-20
2.92784e-20
2.87914e-20
2.83082e-20
2.78287e-20
2.73531e-20
2.68813e-20
2.64136e-20
2.59499e-20
2.54902e-20
2.50347e-20
2.45834e-20
2.41362e-20
2.36934e-20
2.32548e-20
2.28206e-20
2.23907e-20
2.19653e-20
2.15443e-20
2.11277e-20
2.07156e-20
2.0308e-20
1.99049e-20
1.95064e-20
1.91124e-20
1.8723e-20
1.83381e-20
1.79578e-20
1.7582e-20
1.72109e-20
1.68443e-20
1.64823e-20
1.61248e-20
1.5772e-20
1.54236e-20
1.50798e-20
1.47406e-20
1.44058e-20
1.40755e-20
1.37498e-20
1.34284e-20
1.31115e-20
1.27991e-20
1.2491e-20
1.21873e-20
1.18879e-20
1.15928e-20
1.1302e-20
1.10154e-20
1.07331e-20
1.04549e-20
1.01809e-20
9.91095e-21
9.6451e-21
9.38329e-21
9.12546e-21
8.87159e-21
8.62163e-21
8.37559e-21
8.13346e-21
7.89526e-21
7.661e-21
7.43069e-21
7.20431e-21
6.98185e-21
6.76331e-21
6.54865e-21
6.33787e-21
6.13095e-21
5.92789e-21
5.7287e-21
5.53337e-21
5.34189e-21
5.15431e-21
4.97069e-21
4.79105e-21
4.61542e-21
4.44382e-21
4.27627e-21
4.11276e-21
3.95328e-21
3.7978e-21
3.64629e-21
3.49877e-21
3.35527e-21
3.21584e-21
3.08049e-21
2.94922e-21
2.82204e-21
2.69892e-21
2.57984e-21
2.46476e-21
2.35364e-21
2.24642e-21
2.14304e-21
2.04344e-21
1.94756e-21
1.85531e-21
1.76662e-21
1.68141e-21
1.59959e-21
1.52109e-21
1.4458e-21
1.37366e-21
1.30456e-21
1.23841e-21
1.17513e-21
1.11463e-21
1.05681e-21
1.00159e-21
9.48883e-22
8.98593e-22
8.50639e-22
8.04934e-22
7.61395e-22
7.19941e-22
6.8049e-22
6.42964e-22
6.07286e-22
5.73381e-22
5.41176e-22
5.10598e-22
4.8158e-22
4.54054e-22
4.27954e-22
4.03218e-22
3.79784e-22
3.57593e-22
3.36587e-22
3.16713e-22
2.97915e-22
2.80144e-22
2.6335e-22
2.47485e-22
2.32504e-22
2.18363e-22
2.0502e-22
1.92435e-22
1.80568e-22
1.69384e-22
1.58846e-22
1.48921e-22
1.39577e-22
1.30782e-22
1.22507e-22
1.14725e-22
1.07407e-22
1.00529e-22
9.40672e-23
8.79972e-23
8.22976e-23
7.69474e-23
7.19268e-23
6.72169e-23
6.28e-23
5.86589e-23
5.47777e-23
5.11411e-23
4.77347e-23
4.45449e-23
4.15586e-23
3.87638e-23
3.61489e-23
3.37029e-23
3.14156e-23
2.92772e-23
2.72787e-23
2.54112e-23
2.36667e-23
2.20375e-23
2.05164e-23
1.90964e-23
1.77713e-23
1.6535e-23
1.53818e-23
1.43064e-23
1.33037e-23
1.2369e-23
1.1498e-23
1.06865e-23
9.9305e-24
9.22645e-24
8.57089e-24
7.96061e-24
7.39259e-24
6.86403e-24
6.37226e-24
5.91483e-24
5.48941e-24
5.09384e-24
4.7261e-24
4.38428e-24
4.06662e-24
3.77146e-24
3.49725e-24
3.24256e-24
3.00603e-24
2.7864e-24
2.5825e-24
2.39323e-24
2.21757e-24
2.05457e-24
1.90333e-24
1.76303e-24
1.63289e-24
1.5122e-24
1.40029e-24
1.29653e-24
1.20033e-24
1.11117e-24
1.02854e-24
9.51957e-25
8.81002e-25
8.15265e-25
7.54368e-25
6.97963e-25
6.45723e-25
5.97347e-25
5.52552e-25
5.11079e-25
4.72685e-25
4.37145e-25
4.0425e-25
3.73805e-25
3.45632e-25
3.19562e-25
2.9544e-25
2.73124e-25
2.5248e-25
2.33383e-25
2.15719e-25
1.99383e-25
1.84274e-25
1.70303e-25
1.57383e-25
1.45438e-25
1.34394e-25
1.24183e-25
1.14744e-25
1.06018e-25
9.79528e-26
9.04979e-26
8.36077e-26
7.72398e-26
7.13548e-26
6.59164e-26
6.0891e-26
5.62473e-26
5.19565e-26
4.7992e-26
4.43291e-26
4.0945e-26
3.78186e-26
3.49303e-26
3.22621e-26
2.97974e-26
2.75205e-26
2.54174e-26
2.34748e-26
2.16804e-26
2.00231e-26
1.84924e-26
1.70786e-26
1.57729e-26
1.4567e-26
1.34532e-26
1.24247e-26
1.14751e-26
1.05986e-26
9.78983e-27
9.04366e-27
8.35556e-27
7.72113e-27
7.13627e-27
6.59722e-27
6.10096e-27
5.64431e-27
5.22428e-27
4.83814e-27
4.48337e-27
4.15764e-27
3.85882e-27
3.58496e-27
3.33425e-27
3.10505e-27
2.89585e-27
2.70526e-27
2.53202e-27
2.37499e-27
2.23312e-27
2.10547e-27
1.99116e-27
1.88945e-27
1.79963e-27
1.7211e-27
1.65331e-27
1.5958e-27
1.54816e-27
1.51005e-27
1.48119e-27
1.46136e-27
1.45039e-27
1.44818e-27
1.45467e-27
1.46989e-27
