10
1e+17
1e+18
18755.4
2.92567e-20
2.924e-20
2.91866e-20
2.9126e-20
2.90597e-20
2.8988e-20
2.89112e-20
2.88294e-20
2.87427e-20
2.86512e-20
2.85548e-20
2.84537e-20
2.83478e-20
2.82373e-20
2.81221e-20
2.80023e-20
2.78781e-20
2.77494e-20
2.76163e-20
2.7479e-20
2.73373e-20
2.71916e-20
2.70417e-20
2.68878e-20
2.67299e-20
2.65682e-20
2.64028e-20
2.62336e-20
2.60608e-20
2.58845e-20
2.57047e-20
2.55216e-20
2.53353e-20
2.51457e-20
2.49531e-20
2.47575e-20
2.4559e-20
2.43577e-20
2.41537e-20
2.39471e-20
2.3738e-20
2.35264e-20
2.33126e-20
2.30965e-20
2.28783e-20
2.2658e-20
2.24359e-20
2.22119e-20
2.19861e-20
2.17588e-20
2.15298e-20
2.12995e-20
2.10678e-20
2.08349e-20
2.06008e-20
2.03656e-20
2.01295e-20
1.98925e-20
1.96548e-20
1.94164e-20
1.91774e-20
1.89378e-20
1.86979e-20
1.84577e-20
1.82173e-20
1.79767e-20
1.7736e-20
1.74954e-20
1.72549e-20
1.70146e-20
1.67745e-20
1.65348e-20
1.62956e-20
1.60569e-20
1.58187e-20
1.55812e-20
1.53445e-20
1.51085e-20
1.48735e-20
1.46393e-20
1.44062e-20
1.41741e-20
1.39432e-20
1.37135e-20
1.3485e-20
1.32578e-20
1.3032e-20
1.28077e-20
1.25847e-20
1.23634e-20
1.21435e-20
1.19253e-20
1.17088e-20
1.1494e-20
1.12809e-20
1.10696e-20
1.08601e-20
1.06525e-20
1.04468e-20
1.02431e-20
1.00413e-20
9.84143e-21
9.64363e-21
9.44788e-21
9.2542e-21
9.06261e-21
8.87313e-21
8.68579e-21
8.50061e-21
8.31759e-21
8.13677e-21
7.95815e-21
7.78177e-21
7.60763e-21
7.43575e-21
7.26614e-21
7.09881e-21
6.93377e-21
6.77103e-21
6.61061e-21
6.45252e-21
6.29677e-21
6.14337e-21
5.99234e-21
5.84368e-21
5.69739e-21
5.55349e-21
5.41198e-21
5.27287e-21
5.13617e-21
5.00189e-21
4.87003e-21
4.7406e-21
4.6136e-21
4.48902e-21
4.36686e-21
4.24711e-21
4.12976e-21
4.0148e-21
3.90222e-21
3.792e-21
3.68412e-21
3.57857e-21
3.47533e-21
3.37437e-21
3.27568e-21
3.17923e-21
3.085e-21
2.99297e-21
2.9031e-21
2.81537e-21
2.72976e-21
2.64623e-21
2.56476e-21
2.48532e-21
2.40787e-21
2.3324e-21
2.25885e-21
2.18722e-21
2.11746e-21
2.04954e-21
1.98343e-21
1.9191e-21
1.85651e-21
1.79564e-21
1.73646e-21
1.67892e-21
1.62299e-21
1.56865e-21
1.51586e-21
1.4646e-21
1.41482e-21
1.36649e-21
1.31959e-21
1.27408e-21
1.22993e-21
1.18712e-21
1.1456e-21
1.10535e-21
1.06634e-21
1.02853e-21
9.91908e-22
9.56433e-22
9.2208e-22
8.88819e-22
8.56622e-22
8.25463e-22
7.95313e-22
7.66146e-22
7.37936e-22
7.10656e-22
6.84281e-22
6.58787e-22
6.34149e-22
6.10341e-22
5.87342e-22
5.65127e-22
5.43675e-22
5.22961e-22
5.02966e-22
4.83667e-22
4.65044e-22
4.47076e-22
4.29743e-22
4.13026e-22
3.96906e-22
3.81363e-22
3.66381e-22
3.5194e-22
3.38025e-22
3.24617e-22
3.11701e-22
2.99261e-22
2.87281e-22
2.75746e-22
2.64641e-22
2.53952e-22
2.43664e-22
2.33765e-22
2.24241e-22
2.15079e-22
2.06267e-22
1.97793e-22
1.89644e-22
1.81811e-22
1.7428e-22
1.67043e-22
1.60087e-22
1.53404e-22
1.46984e-22
1.40816e-22
1.34893e-22
1.29204e-22
1.23742e-22
1.18498e-22
1.13465e-22
1.08633e-22
1.03996e-22
9.95466e-23
9.52776e-23
9.11822e-23
8.72538e-23
8.34862e-23
7.98731e-23
7.64086e-23
7.3087e-23
6.99029e-23
6.68508e-23
6.39257e-23
6.11226e-23
5.84366e-23
5.58633e-23
5.33981e-23
5.10368e-23
4.87752e-23
4.66094e-23
4.45356e-23
4.255e-23
4.06491e-23
3.88295e-23
3.70879e-23
3.54211e-23
3.38261e-23
3.22999e-23
3.08398e-23
2.94429e-23
2.81068e-23
2.68289e-23
2.56067e-23
2.44381e-23
2.33206e-23
2.22523e-23
2.12309e-23
2.02547e-23
1.93216e-23
1.84299e-23
1.75777e-23
1.67635e-23
1.59855e-23
1.52423e-23
1.45324e-23
1.38543e-23
1.32067e-23
1.25883e-23
1.19978e-23
1.14339e-23
1.08956e-23
1.03818e-23
9.89125e-24
9.4231e-24
8.97632e-24
8.54997e-24
8.14316e-24
7.75503e-24
7.38475e-24
7.03153e-24
6.69462e-24
6.3733e-24
6.06686e-24
5.77466e-24
5.49604e-24
5.23041e-24
4.97718e-24
4.7358e-24
4.50573e-24
4.28645e-24
4.0775e-24
3.87838e-24
3.68867e-24
3.50793e-24
3.33575e-24
3.17175e-24
3.01554e-24
2.86678e-24
2.72511e-24
2.59022e-24
2.46179e-24
2.33953e-24
2.22315e-24
2.11237e-24
2.00694e-24
1.9066e-24
1.81113e-24
1.72029e-24
1.63387e-24
1.55166e-24
1.47346e-24
1.39908e-24
1.32836e-24
1.2611e-24
1.19715e-24
1.13636e-24
1.07857e-24
1.02364e-24
9.71437e-25
9.21828e-25
8.74691e-25
8.29908e-25
7.87366e-25
7.46958e-25
7.08583e-25
6.72142e-25
6.37543e-25
6.04697e-25
5.7352e-25
5.43931e-25
5.15855e-25
4.89218e-25
4.63951e-25
4.39987e-25
4.17265e-25
3.95723e-25
3.75306e-25
3.55959e-25
3.3763e-25
3.20271e-25
3.03835e-25
2.88277e-25
2.73557e-25
2.59633e-25
2.46468e-25
2.34026e-25
2.22273e-25
2.11176e-25
2.00706e-25
1.90832e-25
1.81528e-25
1.72768e-25
1.64526e-25
1.56781e-25
1.49509e-25
1.42691e-25
1.36307e-25
1.30339e-25
1.24769e-25
1.19582e-25
1.14763e-25
1.10297e-25
1.06172e-25
1.02376e-25
9.88967e-26
9.57245e-26
9.28517e-26
9.02747e-26
8.79867e-26
8.59824e-26
8.42574e-26
8.28071e-26
8.16258e-26
8.07084e-26
8.00503e-26
7.9648e-26
7.94985e-26
7.95996e-26
7.99498e-26
8.05484e-26
8.1395e-26
8.24904e-26
8.38357e-26
8.54328e-26
8.72843e-26
