2.5
5e+16
1e+19
9377.69
2.11905e-19
2.11894e-19
2.11827e-19
2.11719e-19
2.11571e-19
2.11382e-19
2.11152e-19
2.10882e-19
2.1057e-19
2.10219e-19
2.09827e-19
2.09394e-19
2.08922e-19
2.08411e-19
2.0786e-19
2.0727e-19
2.06642e-19
2.05975e-19
2.05271e-19
2.04529e-19
2.03749e-19
2.02934e-19
2.02082e-19
2.01195e-19
2.00272e-19
1.99315e-19
1.98323e-19
1.97299e-19
1.96241e-19
1.95151e-19
1.94029e-19
1.92875e-19
1.91692e-19
1.90478e-19
1.89235e-19
1.87964e-19
1.86665e-19
1.85338e-19
1.83985e-19
1.82607e-19
1.81203e-19
1.79775e-19
1.78324e-19
1.76849e-19
1.75353e-19
1.73836e-19
1.72298e-19
1.7074e-19
1.69163e-19
1.67569e-19
1.65956e-19
1.64328e-19
1.62683e-19
1.61024e-19
1.59351e-19
1.57664e-19
1.55964e-19
1.54253e-19
1.52531e-19
1.50798e-19
1.49056e-19
1.47306e-19
1.45547e-19
1.43782e-19
1.4201e-19
1.40233e-19
1.38451e-19
1.36665e-19
1.34875e-19
1.33083e-19
1.3129e-19
1.29495e-19
1.27699e-19
1.25905e-19
1.24111e-19
1.22318e-19
1.20528e-19
1.18741e-19
1.16958e-19
1.15179e-19
1.13405e-19
1.11636e-19
1.09874e-19
1.08118e-19
1.0637e-19
1.04629e-19
1.02897e-19
1.01173e-19
9.94594e-20
9.77553e-20
9.60617e-20
9.4379e-20
9.27077e-20
9.10481e-20
8.94008e-20
8.77661e-20
8.61444e-20
8.45362e-20
8.29417e-20
8.13615e-20
7.97957e-20
7.82447e-20
7.67089e-20
7.51885e-20
7.36838e-20
7.21951e-20
7.07226e-20
6.92665e-20
6.78272e-20
6.64048e-20
6.49994e-20
6.36113e-20
6.22407e-20
6.08876e-20
5.95523e-20
5.82349e-20
5.69354e-20
5.5654e-20
5.43907e-20
5.31457e-20
5.1919e-20
5.07106e-20
4.95207e-20
4.83491e-20
4.7196e-20
4.60613e-20
4.4945e-20
4.38472e-20
4.27677e-20
4.17066e-20
4.06638e-20
3.96393e-20
3.86329e-20
3.76447e-20
3.66745e-20
3.57222e-20
3.47878e-20
3.38711e-20
3.29721e-20
3.20905e-20
3.12263e-20
3.03794e-20
2.95495e-20
2.87366e-20
2.79405e-20
2.71611e-20
2.63981e-20
2.56514e-20
2.49209e-20
2.42063e-20
2.35075e-20
2.28243e-20
2.21565e-20
2.1504e-20
2.08664e-20
2.02436e-20
1.96355e-20
1.90418e-20
1.84623e-20
1.78968e-20
1.73451e-20
1.68069e-20
1.62821e-20
1.57705e-20
1.52718e-20
1.47859e-20
1.43124e-20
1.38513e-20
1.34022e-20
1.29649e-20
1.25393e-20
1.21252e-20
1.17222e-20
1.13303e-20
1.09491e-20
1.05785e-20
1.02183e-20
9.86816e-21
9.52799e-21
9.19756e-21
8.87664e-21
8.56504e-21
8.26256e-21
7.96898e-21
7.68412e-21
7.40777e-21
7.13974e-21
6.87983e-21
6.62786e-21
6.38363e-21
6.14696e-21
5.91767e-21
5.69557e-21
5.48048e-21
5.27223e-21
5.07064e-21
4.87555e-21
4.68678e-21
4.50416e-21
4.32754e-21
4.15675e-21
3.99164e-21
3.83205e-21
3.67783e-21
3.52883e-21
3.38491e-21
3.24591e-21
3.1117e-21
2.98215e-21
2.8571e-21
2.73645e-21
2.62004e-21
2.50777e-21
2.39949e-21
2.2951e-21
2.19447e-21
2.09749e-21
2.00405e-21
1.91405e-21
1.82739e-21
1.74397e-21
1.66369e-21
1.58647e-21
1.51221e-21
1.44082e-21
1.37221e-21
1.30629e-21
1.24297e-21
1.18218e-21
1.12382e-21
1.06782e-21
1.01411e-21
9.62599e-22
9.13226e-22
8.65917e-22
8.20604e-22
7.77219e-22
7.35699e-22
6.95984e-22
6.58018e-22
6.21747e-22
5.87116e-22
5.54071e-22
5.22558e-22
4.92524e-22
4.63916e-22
4.36685e-22
4.10777e-22
3.86143e-22
3.62734e-22
3.40499e-22
3.19391e-22
2.99364e-22
2.80379e-22
2.624e-22
2.45388e-22
2.29307e-22
2.14119e-22
1.99788e-22
1.86278e-22
1.73552e-22
1.61576e-22
1.50316e-22
1.39738e-22
1.29808e-22
1.20496e-22
1.1177e-22
1.036e-22
9.59579e-23
8.88144e-23
8.21429e-23
7.59175e-23
7.01129e-23
6.47052e-23
5.96714e-23
5.49893e-23
5.0638e-23
4.65974e-23
4.28481e-23
3.93721e-23
3.6152e-23
3.31713e-23
3.04144e-23
2.78666e-23
2.55138e-23
2.33427e-23
2.13411e-23
1.9497e-23
1.77995e-23
1.6238e-23
1.48029e-23
1.34849e-23
1.22754e-23
1.11663e-23
1.01501e-23
9.2198e-24
8.36871e-24
7.59072e-24
6.88011e-24
6.23153e-24
5.64004e-24
5.10102e-24
4.6102e-24
4.16361e-24
3.75759e-24
3.38872e-24
3.05387e-24
2.75014e-24
2.47484e-24
2.2255e-24
1.99985e-24
1.7958e-24
1.61141e-24
1.44492e-24
1.29471e-24
1.15929e-24
1.03729e-24
9.27477e-25
8.28696e-25
7.39911e-25
6.60171e-25
5.88608e-25
5.24431e-25
4.66923e-25
4.15429e-25
3.69354e-25
3.2816e-25
2.91356e-25
2.585e-25
2.29189e-25
2.03061e-25
1.79788e-25
1.59072e-25
1.40646e-25
1.2427e-25
1.09725e-25
9.68169e-26
8.53694e-26
7.52248e-26
6.62412e-26
5.82916e-26
5.12619e-26
4.50502e-26
3.95652e-26
3.47254e-26
3.04578e-26
2.66975e-26
2.33865e-26
2.04732e-26
1.79115e-26
1.56605e-26
1.3684e-26
1.19497e-26
1.04289e-26
9.09625e-27
7.92923e-27
6.90796e-27
6.01482e-27
5.23426e-27
4.55253e-27
3.95752e-27
3.43853e-27
2.98614e-27
2.59207e-27
2.24902e-27
1.95058e-27
1.69112e-27
1.4657e-27
1.26999e-27
1.10019e-27
9.5297e-28
8.25429e-28
7.15021e-28
6.19524e-28
5.36997e-28
4.65751e-28
4.0431e-28
3.51391e-28
3.05878e-28
2.66802e-28
2.33318e-28
2.04699e-28
1.80312e-28
1.59611e-28
1.42124e-28
1.27446e-28
1.15229e-28
1.05176e-28
9.70322e-29
9.05838e-29
8.56504e-29
8.20821e-29
7.97563e-29
7.85744e-29
7.84598e-29
7.93558e-29
8.12242e-29
8.40441e-29
8.7811e-29
9.2536e-29
9.8246e-29
