2.5
1e+17
5e+18
9377.69
2.15144e-19
2.15135e-19
2.15067e-19
2.14958e-19
2.14808e-19
2.14615e-19
2.1438e-19
2.14103e-19
2.13785e-19
2.13424e-19
2.13022e-19
2.12579e-19
2.12095e-19
2.1157e-19
2.11005e-19
2.10399e-19
2.09754e-19
2.09069e-19
2.08345e-19
2.07583e-19
2.06783e-19
2.05945e-19
2.0507e-19
2.04158e-19
2.0321e-19
2.02226e-19
2.01208e-19
2.00155e-19
1.99068e-19
1.97947e-19
1.96794e-19
1.9561e-19
1.94393e-19
1.93147e-19
1.9187e-19
1.90564e-19
1.89229e-19
1.87867e-19
1.86477e-19
1.85061e-19
1.8362e-19
1.82153e-19
1.80663e-19
1.79149e-19
1.77613e-19
1.76056e-19
1.74477e-19
1.72879e-19
1.71261e-19
1.69624e-19
1.6797e-19
1.663e-19
1.64613e-19
1.62911e-19
1.61195e-19
1.59466e-19
1.57724e-19
1.5597e-19
1.54204e-19
1.52429e-19
1.50645e-19
1.48851e-19
1.4705e-19
1.45243e-19
1.43429e-19
1.41609e-19
1.39785e-19
1.37957e-19
1.36126e-19
1.34293e-19
1.32459e-19
1.30623e-19
1.28788e-19
1.26953e-19
1.25119e-19
1.23288e-19
1.21459e-19
1.19634e-19
1.17813e-19
1.15997e-19
1.14186e-19
1.12381e-19
1.10583e-19
1.08792e-19
1.07008e-19
1.05233e-19
1.03468e-19
1.01711e-19
9.99649e-20
9.82291e-20
9.65043e-20
9.4791e-20
9.30898e-20
9.14009e-20
8.97249e-20
8.80622e-20
8.64132e-20
8.47783e-20
8.31579e-20
8.15523e-20
7.99618e-20
7.83868e-20
7.68276e-20
7.52846e-20
7.37579e-20
7.22478e-20
7.07547e-20
6.92786e-20
6.782e-20
6.63788e-20
6.49555e-20
6.355e-20
6.21627e-20
6.07935e-20
5.94428e-20
5.81105e-20
5.67968e-20
5.55018e-20
5.42256e-20
5.29682e-20
5.17298e-20
5.05102e-20
4.93096e-20
4.8128e-20
4.69654e-20
4.58218e-20
4.46972e-20
4.35915e-20
4.25047e-20
4.14367e-20
4.03876e-20
3.93572e-20
3.83455e-20
3.73524e-20
3.63777e-20
3.54215e-20
3.44835e-20
3.35637e-20
3.26619e-20
3.1778e-20
3.09118e-20
3.00633e-20
2.92323e-20
2.84185e-20
2.76219e-20
2.68423e-20
2.60795e-20
2.53333e-20
2.46035e-20
2.389e-20
2.31925e-20
2.25109e-20
2.1845e-20
2.11945e-20
2.05592e-20
1.9939e-20
1.93337e-20
1.87429e-20
1.81665e-20
1.76044e-20
1.70562e-20
1.65217e-20
1.60008e-20
1.54931e-20
1.49986e-20
1.45168e-20
1.40478e-20
1.35911e-20
1.31466e-20
1.2714e-20
1.22932e-20
1.18839e-20
1.14859e-20
1.10989e-20
1.07228e-20
1.03573e-20
1.00022e-20
9.65734e-21
9.32241e-21
8.99724e-21
8.68162e-21
8.37533e-21
8.07817e-21
7.78992e-21
7.5104e-21
7.23938e-21
6.97668e-21
6.7221e-21
6.47544e-21
6.2365e-21
6.0051e-21
5.78106e-21
5.56417e-21
5.35427e-21
5.15117e-21
4.9547e-21
4.76469e-21
4.58095e-21
4.40332e-21
4.23165e-21
4.06576e-21
3.90549e-21
3.75069e-21
3.60121e-21
3.4569e-21
3.3176e-21
3.18317e-21
3.05347e-21
2.92836e-21
2.8077e-21
2.69137e-21
2.57922e-21
2.47114e-21
2.367e-21
2.26668e-21
2.17005e-21
2.077e-21
1.98743e-21
1.90121e-21
1.81825e-21
1.73844e-21
1.66169e-21
1.58788e-21
1.51694e-21
1.44876e-21
1.38325e-21
1.32032e-21
1.25988e-21
1.20186e-21
1.14617e-21
1.09272e-21
1.04144e-21
9.9226e-22
9.45099e-22
8.9989e-22
8.56561e-22
8.15048e-22
7.75284e-22
7.37207e-22
7.0076e-22
6.65882e-22
6.32519e-22
6.00615e-22
5.70116e-22
5.40971e-22
5.13129e-22
4.86541e-22
4.61158e-22
4.36934e-22
4.13824e-22
3.91784e-22
3.70771e-22
3.50743e-22
3.31663e-22
3.13494e-22
2.96201e-22
2.79749e-22
2.64104e-22
2.49234e-22
2.35105e-22
2.21688e-22
2.08953e-22
1.96869e-22
1.85409e-22
1.74546e-22
1.64252e-22
1.54503e-22
1.45273e-22
1.3654e-22
1.28279e-22
1.20469e-22
1.13089e-22
1.06117e-22
9.95344e-23
9.33221e-23
8.74617e-23
8.19357e-23
7.67274e-23
7.18207e-23
6.72001e-23
6.2851e-23
5.8759e-23
5.49108e-23
5.12934e-23
4.78945e-23
4.47023e-23
4.17056e-23
3.88935e-23
3.6256e-23
3.37833e-23
3.14661e-23
2.92957e-23
2.72635e-23
2.53617e-23
2.35826e-23
2.19192e-23
2.03646e-23
1.89122e-23
1.75561e-23
1.62903e-23
1.51095e-23
1.40083e-23
1.29819e-23
1.20256e-23
1.11351e-23
1.03062e-23
9.53488e-24
8.8176e-24
8.15083e-24
7.5313e-24
6.95591e-24
6.42176e-24
5.92612e-24
5.46643e-24
5.04026e-24
4.64535e-24
4.27957e-24
3.94093e-24
3.62755e-24
3.33769e-24
3.06969e-24
2.82203e-24
2.59326e-24
2.38205e-24
2.18714e-24
2.00734e-24
1.84157e-24
1.6888e-24
1.54807e-24
1.4185e-24
1.29925e-24
1.18957e-24
1.08872e-24
9.96044e-25
9.10911e-25
8.32746e-25
7.61011e-25
6.95212e-25
6.34891e-25
5.7962e-25
5.29001e-25
4.82665e-25
4.40272e-25
4.01506e-25
3.66074e-25
3.33708e-25
3.04157e-25
2.77191e-25
2.52599e-25
2.30183e-25
2.09764e-25
1.91176e-25
1.74264e-25
1.58889e-25
1.44919e-25
1.32237e-25
1.20733e-25
1.10305e-25
1.00863e-25
9.23207e-26
8.4601e-26
7.7633e-26
7.13516e-26
6.56973e-26
6.06157e-26
5.60573e-26
5.19765e-26
4.83322e-26
4.50865e-26
4.22053e-26
3.96574e-26
3.74143e-26
3.54503e-26
3.37422e-26
3.22689e-26
3.10112e-26
2.99519e-26
2.90757e-26
2.83685e-26
2.78179e-26
2.74128e-26
2.71433e-26
2.70007e-26
2.69772e-26
2.7066e-26
2.72614e-26
2.75582e-26
2.79523e-26
2.84401e-26
2.90186e-26
2.96858e-26
3.04399e-26
3.12799e-26
3.22051e-26
3.32157e-26
3.43119e-26
3.54948e-26
3.67658e-26
3.81267e-26
3.95798e-26
4.11278e-26
