7.5
5e+16
1e+18
16242.6
4.23592e-20
4.2341e-20
4.22815e-20
4.22126e-20
4.21356e-20
4.2051e-20
4.19591e-20
4.18598e-20
4.17535e-20
4.16401e-20
4.15197e-20
4.13924e-20
4.12582e-20
4.11171e-20
4.09694e-20
4.08149e-20
4.06538e-20
4.04862e-20
4.03121e-20
4.01317e-20
3.9945e-20
3.97522e-20
3.95532e-20
3.93483e-20
3.91375e-20
3.8921e-20
3.86987e-20
3.8471e-20
3.82378e-20
3.79992e-20
3.77555e-20
3.75067e-20
3.72529e-20
3.69942e-20
3.67309e-20
3.64629e-20
3.61905e-20
3.59137e-20
3.56327e-20
3.53477e-20
3.50587e-20
3.47659e-20
3.44694e-20
3.41694e-20
3.3866e-20
3.35593e-20
3.32495e-20
3.29367e-20
3.26211e-20
3.23027e-20
3.19817e-20
3.16583e-20
3.13327e-20
3.10048e-20
3.06749e-20
3.03431e-20
3.00096e-20
2.96744e-20
2.93378e-20
2.89998e-20
2.86606e-20
2.83203e-20
2.79791e-20
2.7637e-20
2.72943e-20
2.6951e-20
2.66072e-20
2.62631e-20
2.59189e-20
2.55745e-20
2.52303e-20
2.48862e-20
2.45423e-20
2.41989e-20
2.3856e-20
2.35137e-20
2.31722e-20
2.28315e-20
2.24917e-20
2.2153e-20
2.18154e-20
2.14791e-20
2.11441e-20
2.08106e-20
2.04786e-20
2.01482e-20
1.98195e-20
1.94926e-20
1.91676e-20
1.88446e-20
1.85235e-20
1.82046e-20
1.78878e-20
1.75733e-20
1.72612e-20
1.69513e-20
1.6644e-20
1.63391e-20
1.60368e-20
1.57371e-20
1.54401e-20
1.51458e-20
1.48543e-20
1.45656e-20
1.42797e-20
1.39967e-20
1.37167e-20
1.34396e-20
1.31655e-20
1.28945e-20
1.26265e-20
1.23617e-20
1.20999e-20
1.18413e-20
1.15858e-20
1.13335e-20
1.10844e-20
1.08386e-20
1.05959e-20
1.03564e-20
1.01202e-20
9.88729e-21
9.65757e-21
9.43111e-21
9.2079e-21
8.98794e-21
8.77124e-21
8.55779e-21
8.3476e-21
8.14066e-21
7.93699e-21
7.73656e-21
7.53939e-21
7.34545e-21
7.15474e-21
6.96725e-21
6.78298e-21
6.60191e-21
6.42404e-21
6.24937e-21
6.0779e-21
5.90962e-21
5.74452e-21
5.58259e-21
5.42381e-21
5.26818e-21
5.11566e-21
4.96627e-21
4.81999e-21
4.67682e-21
4.53674e-21
4.39975e-21
4.26583e-21
4.13495e-21
4.00709e-21
3.88224e-21
3.76035e-21
3.64141e-21
3.52538e-21
3.41223e-21
3.30192e-21
3.19442e-21
3.08969e-21
2.9877e-21
2.8884e-21
2.79176e-21
2.69772e-21
2.60626e-21
2.51732e-21
2.43087e-21
2.34686e-21
2.26524e-21
2.18598e-21
2.10902e-21
2.03432e-21
1.96184e-21
1.89153e-21
1.82334e-21
1.75723e-21
1.69316e-21
1.63107e-21
1.57093e-21
1.51269e-21
1.4563e-21
1.40173e-21
1.34892e-21
1.29783e-21
1.24842e-21
1.20065e-21
1.15447e-21
1.10985e-21
1.06674e-21
1.0251e-21
9.84896e-22
9.46081e-22
9.0862e-22
8.72475e-22
8.37606e-22
8.03979e-22
7.71556e-22
7.40302e-22
7.10182e-22
6.81162e-22
6.53207e-22
6.26286e-22
6.00366e-22
5.75415e-22
5.51404e-22
5.283e-22
5.06077e-22
4.84703e-22
4.64152e-22
4.44397e-22
4.2541e-22
4.07165e-22
3.89638e-22
3.72803e-22
3.56637e-22
3.41116e-22
3.26218e-22
3.1192e-22
2.98201e-22
2.85041e-22
2.72419e-22
2.60315e-22
2.4871e-22
2.37587e-22
2.26926e-22
2.16711e-22
2.06925e-22
1.97551e-22
1.88575e-22
1.7998e-22
1.71752e-22
1.63876e-22
1.5634e-22
1.49128e-22
1.4223e-22
1.35632e-22
1.29322e-22
1.23288e-22
1.17521e-22
1.12007e-22
1.06739e-22
1.01704e-22
9.68944e-23
9.22999e-23
8.79119e-23
8.37217e-23
7.97209e-23
7.59017e-23
7.22562e-23
6.87773e-23
6.54576e-23
6.22904e-23
5.92692e-23
5.63876e-23
5.36395e-23
5.10192e-23
4.8521e-23
4.61397e-23
4.387e-23
4.1707e-23
3.96459e-23
3.76823e-23
3.58118e-23
3.40301e-23
3.23334e-23
3.07177e-23
2.91794e-23
2.77149e-23
2.6321e-23
2.49943e-23
2.37318e-23
2.25306e-23
2.13877e-23
2.03006e-23
1.92666e-23
1.82831e-23
1.7348e-23
1.64589e-23
1.56136e-23
1.48101e-23
1.40464e-23
1.33206e-23
1.26309e-23
1.19756e-23
1.13531e-23
1.07617e-23
1.02001e-23
9.66668e-24
9.16017e-24
8.67926e-24
8.2227e-24
7.78931e-24
7.37796e-24
6.98757e-24
6.61712e-24
6.26562e-24
5.93215e-24
5.61582e-24
5.31578e-24
5.03122e-24
4.76137e-24
4.5055e-24
4.26292e-24
4.03296e-24
3.81498e-24
3.6084e-24
3.41262e-24
3.22712e-24
3.05136e-24
2.88486e-24
2.72714e-24
2.57776e-24
2.4363e-24
2.30234e-24
2.17551e-24
2.05544e-24
1.94178e-24
1.83421e-24
1.7324e-24
1.63606e-24
1.54491e-24
1.45867e-24
1.3771e-24
1.29994e-24
1.22697e-24
1.15796e-24
1.09272e-24
1.03104e-24
9.72732e-25
9.17621e-25
8.65537e-25
8.1632e-25
7.69817e-25
7.25885e-25
6.84386e-25
6.4519e-25
6.08175e-25
5.73223e-25
5.40223e-25
5.09071e-25
4.79667e-25
4.51917e-25
4.25731e-25
4.01024e-25
3.77717e-25
3.55733e-25
3.35001e-25
3.15453e-25
2.97023e-25
2.7965e-25
2.63278e-25
2.47851e-25
2.33318e-25
2.1963e-25
2.06739e-25
1.94604e-25
1.83182e-25
1.72435e-25
1.62324e-25
1.52817e-25
1.43879e-25
1.35481e-25
1.27591e-25
1.20184e-25
1.13232e-25
1.06713e-25
1.00601e-25
9.48768e-26
8.95188e-26
8.45082e-26
7.9827e-26
7.54584e-26
7.13872e-26
6.76007e-26
6.40879e-26
6.0836e-26
5.78344e-26
5.50716e-26
5.2539e-26
5.02278e-26
4.81289e-26
4.62337e-26
4.45344e-26
4.30241e-26
4.16965e-26
4.05459e-26
3.95673e-26
3.87565e-26
3.81097e-26
3.76237e-26
3.72962e-26
3.71251e-26
3.71091e-26
3.72473e-26
3.75396e-26
3.79862e-26
3.8588e-26
3.93463e-26
