7.5
1e+16
1.5e+19
16242.6
5.07205e-20
5.05877e-20
5.02037e-20
4.98008e-20
4.93923e-20
4.89816e-20
4.85704e-20
4.81593e-20
4.77491e-20
4.73402e-20
4.69326e-20
4.65261e-20
4.61206e-20
4.5716e-20
4.53123e-20
4.49094e-20
4.45073e-20
4.41061e-20
4.37056e-20
4.33059e-20
4.29071e-20
4.25091e-20
4.21119e-20
4.17155e-20
4.13199e-20
4.09252e-20
4.05314e-20
4.01384e-20
3.97463e-20
3.9355e-20
3.89647e-20
3.85754e-20
3.81869e-20
3.77995e-20
3.7413e-20
3.70275e-20
3.6643e-20
3.62595e-20
3.58771e-20
3.54958e-20
3.51156e-20
3.47365e-20
3.43585e-20
3.39818e-20
3.36062e-20
3.32318e-20
3.28587e-20
3.24869e-20
3.21163e-20
3.17471e-20
3.13792e-20
3.10127e-20
3.06476e-20
3.02839e-20
2.99216e-20
2.95609e-20
2.92016e-20
2.88439e-20
2.84878e-20
2.81333e-20
2.77803e-20
2.7429e-20
2.70794e-20
2.67315e-20
2.63853e-20
2.60409e-20
2.56982e-20
2.53574e-20
2.50183e-20
2.46812e-20
2.43459e-20
2.40125e-20
2.3681e-20
2.33515e-20
2.3024e-20
2.26984e-20
2.23749e-20
2.20534e-20
2.1734e-20
2.14166e-20
2.11014e-20
2.07882e-20
2.04772e-20
2.01684e-20
1.98617e-20
1.95572e-20
1.92549e-20
1.89548e-20
1.8657e-20
1.83614e-20
1.8068e-20
1.7777e-20
1.74881e-20
1.72016e-20
1.69174e-20
1.66355e-20
1.63559e-20
1.60786e-20
1.58036e-20
1.5531e-20
1.52607e-20
1.49928e-20
1.47272e-20
1.44639e-20
1.4203e-20
1.39445e-20
1.36883e-20
1.34344e-20
1.31829e-20
1.29337e-20
1.26869e-20
1.24424e-20
1.22003e-20
1.19604e-20
1.17229e-20
1.14878e-20
1.12549e-20
1.10243e-20
1.07961e-20
1.05701e-20
1.03464e-20
1.01249e-20
9.90578e-21
9.68885e-21
9.47416e-21
9.26169e-21
9.05146e-21
8.84348e-21
8.63778e-21
8.43438e-21
8.23329e-21
8.03452e-21
7.83807e-21
7.64396e-21
7.4522e-21
7.2628e-21
7.07579e-21
6.89118e-21
6.70903e-21
6.52938e-21
6.3523e-21
6.17783e-21
6.00601e-21
5.83688e-21
5.67046e-21
5.50677e-21
5.34582e-21
5.1877e-21
5.03247e-21
4.8802e-21
4.73093e-21
4.58471e-21
4.44157e-21
4.30153e-21
4.1646e-21
4.03079e-21
3.9001e-21
3.77254e-21
3.64808e-21
3.52672e-21
3.40843e-21
3.29319e-21
3.18097e-21
3.07174e-21
2.96548e-21
2.86213e-21
2.76167e-21
2.66405e-21
2.56923e-21
2.47716e-21
2.38781e-21
2.30111e-21
2.21702e-21
2.1355e-21
2.05648e-21
1.97993e-21
1.90579e-21
1.834e-21
1.76452e-21
1.69729e-21
1.63225e-21
1.56937e-21
1.50858e-21
1.44984e-21
1.39308e-21
1.33827e-21
1.28534e-21
1.23426e-21
1.18496e-21
1.1374e-21
1.09153e-21
1.0473e-21
1.00467e-21
9.63586e-22
9.24004e-22
8.8588e-22
8.49167e-22
8.13825e-22
7.79809e-22
7.47078e-22
7.1559e-22
6.85307e-22
6.56189e-22
6.28197e-22
6.01295e-22
5.75445e-22
5.50612e-22
5.26762e-22
5.0386e-22
4.81875e-22
4.60772e-22
4.40522e-22
4.21095e-22
4.0246e-22
3.84588e-22
3.67453e-22
3.51027e-22
3.35284e-22
3.20198e-22
3.05746e-22
2.91902e-22
2.78644e-22
2.65949e-22
2.53796e-22
2.42164e-22
2.31032e-22
2.20381e-22
2.10193e-22
2.00447e-22
1.91128e-22
1.82217e-22
1.73699e-22
1.65557e-22
1.57776e-22
1.50341e-22
1.43239e-22
1.36455e-22
1.29976e-22
1.23789e-22
1.17882e-22
1.12244e-22
1.06862e-22
1.01726e-22
9.68261e-23
9.21512e-23
8.7692e-23
8.3439e-23
7.93834e-23
7.55165e-23
7.183e-23
6.8316e-23
6.4967e-23
6.17755e-23
5.87346e-23
5.58375e-23
5.30779e-23
5.04495e-23
4.79464e-23
4.55629e-23
4.32936e-23
4.11333e-23
3.90771e-23
3.712e-23
3.52577e-23
3.34856e-23
3.17997e-23
3.01958e-23
2.86703e-23
2.72194e-23
2.58396e-23
2.45276e-23
2.32802e-23
2.20943e-23
2.09671e-23
1.98957e-23
1.88775e-23
1.791e-23
1.69906e-23
1.61172e-23
1.52874e-23
1.44993e-23
1.37507e-23
1.30397e-23
1.23646e-23
1.17235e-23
1.11149e-23
1.05371e-23
9.98861e-24
9.468e-24
8.97389e-24
8.50498e-24
8.06001e-24
7.63781e-24
7.23723e-24
6.85721e-24
6.49672e-24
6.15479e-24
5.83048e-24
5.52291e-24
5.23124e-24
4.95467e-24
4.69244e-24
4.44382e-24
4.20812e-24
3.9847e-24
3.77292e-24
3.5722e-24
3.38196e-24
3.20168e-24
3.03085e-24
2.86898e-24
2.71561e-24
2.5703e-24
2.43265e-24
2.30226e-24
2.17874e-24
2.06176e-24
1.95096e-24
1.84603e-24
1.74666e-24
1.65257e-24
1.56348e-24
1.47913e-24
1.39927e-24
1.32366e-24
1.25209e-24
1.18435e-24
1.12023e-24
1.05954e-24
1.0021e-24
9.47741e-25
8.96304e-25
8.47631e-25
8.01577e-25
7.58004e-25
7.16779e-25
6.7778e-25
6.40888e-25
6.0599e-25
5.72982e-25
5.41763e-25
5.12238e-25
4.84316e-25
4.57913e-25
4.32947e-25
4.09341e-25
3.87024e-25
3.65926e-25
3.45983e-25
3.27132e-25
3.09316e-25
2.92479e-25
2.76569e-25
2.61536e-25
2.47334e-25
2.33919e-25
2.21248e-25
2.09281e-25
1.97982e-25
1.87316e-25
1.77247e-25
1.67746e-25
1.58781e-25
1.50325e-25
1.42351e-25
1.34834e-25
1.2775e-25
1.21077e-25
1.14794e-25
1.0888e-25
1.03317e-25
9.80873e-26
9.31746e-26
8.8563e-26
8.42378e-26
8.01863e-26
7.63982e-26
7.28652e-26
6.95761e-26
6.65222e-26
6.3693e-26
6.10819e-26
5.8681e-26
5.64819e-26
5.44765e-26
5.26576e-26
5.10184e-26
4.95528e-26
4.82554e-26
4.71211e-26
4.61455e-26
4.53249e-26
4.46559e-26
4.41356e-26
4.37617e-26
4.35324e-26
4.34463e-26
4.35024e-26
4.37005e-26
4.40405e-26
4.4523e-26
