10
5e+17
1e+19
18755.4
3.06111e-20
3.05815e-20
3.04912e-20
3.03923e-20
3.02875e-20
3.01776e-20
3.00631e-20
2.99441e-20
2.98208e-20
2.96933e-20
2.95615e-20
2.94256e-20
2.92856e-20
2.91416e-20
2.89935e-20
2.88414e-20
2.86856e-20
2.85258e-20
2.83624e-20
2.81953e-20
2.80246e-20
2.78504e-20
2.76728e-20
2.74918e-20
2.73075e-20
2.712e-20
2.69295e-20
2.67358e-20
2.65392e-20
2.63398e-20
2.61376e-20
2.59326e-20
2.57251e-20
2.55151e-20
2.53026e-20
2.50877e-20
2.48706e-20
2.46514e-20
2.443e-20
2.42067e-20
2.39814e-20
2.37544e-20
2.35256e-20
2.32952e-20
2.30633e-20
2.28299e-20
2.25951e-20
2.2359e-20
2.21218e-20
2.18835e-20
2.16441e-20
2.14038e-20
2.11627e-20
2.09209e-20
2.06783e-20
2.04352e-20
2.01916e-20
1.99476e-20
1.97032e-20
1.94586e-20
1.92138e-20
1.89689e-20
1.8724e-20
1.84792e-20
1.82345e-20
1.799e-20
1.77458e-20
1.75019e-20
1.72585e-20
1.70156e-20
1.67732e-20
1.65315e-20
1.62904e-20
1.60502e-20
1.58107e-20
1.55722e-20
1.53346e-20
1.5098e-20
1.48625e-20
1.4628e-20
1.43948e-20
1.41628e-20
1.3932e-20
1.37026e-20
1.34746e-20
1.32479e-20
1.30228e-20
1.27991e-20
1.2577e-20
1.23565e-20
1.21377e-20
1.19204e-20
1.17049e-20
1.14911e-20
1.12791e-20
1.10689e-20
1.08605e-20
1.0654e-20
1.04494e-20
1.02466e-20
1.00458e-20
9.84699e-21
9.65011e-21
9.45523e-21
9.26236e-21
9.07152e-21
8.88271e-21
8.69597e-21
8.5113e-21
8.32871e-21
8.14822e-21
7.96985e-21
7.79362e-21
7.61954e-21
7.44763e-21
7.27789e-21
7.11034e-21
6.94498e-21
6.78183e-21
6.6209e-21
6.46222e-21
6.30579e-21
6.15165e-21
5.99981e-21
5.85028e-21
5.70307e-21
5.55819e-21
5.41565e-21
5.27548e-21
5.1377e-21
5.00233e-21
4.86938e-21
4.73886e-21
4.61078e-21
4.48514e-21
4.36194e-21
4.24118e-21
4.12286e-21
4.00695e-21
3.89347e-21
3.78238e-21
3.67368e-21
3.56736e-21
3.46338e-21
3.36174e-21
3.26241e-21
3.16537e-21
3.07059e-21
2.97806e-21
2.88774e-21
2.7996e-21
2.71363e-21
2.62978e-21
2.54803e-21
2.46835e-21
2.39071e-21
2.31508e-21
2.24142e-21
2.16971e-21
2.0999e-21
2.03197e-21
1.96588e-21
1.9016e-21
1.83909e-21
1.77833e-21
1.71928e-21
1.66189e-21
1.60615e-21
1.55201e-21
1.49945e-21
1.44842e-21
1.3989e-21
1.35085e-21
1.30423e-21
1.25903e-21
1.21519e-21
1.1727e-21
1.13151e-21
1.0916e-21
1.05294e-21
1.01549e-21
9.7922e-22
9.44108e-22
9.1012e-22
8.77227e-22
8.454e-22
8.1461e-22
7.84829e-22
7.56031e-22
7.28188e-22
7.01272e-22
6.7526e-22
6.50124e-22
6.2584e-22
6.02383e-22
5.79728e-22
5.57854e-22
5.36736e-22
5.16351e-22
4.96678e-22
4.77695e-22
4.59382e-22
4.41716e-22
4.24679e-22
4.0825e-22
3.9241e-22
3.77141e-22
3.62424e-22
3.48242e-22
3.34578e-22
3.21413e-22
3.08733e-22
2.9652e-22
2.8476e-22
2.73438e-22
2.62538e-22
2.52046e-22
2.41949e-22
2.32233e-22
2.22885e-22
2.13891e-22
2.05241e-22
1.96921e-22
1.88921e-22
1.81229e-22
1.73833e-22
1.66724e-22
1.59892e-22
1.53325e-22
1.47016e-22
1.40953e-22
1.35129e-22
1.29535e-22
1.24162e-22
1.19001e-22
1.14046e-22
1.09289e-22
1.04721e-22
1.00337e-22
9.61283e-23
9.20894e-23
8.82135e-23
8.44944e-23
8.09262e-23
7.75031e-23
7.42194e-23
7.10699e-23
6.80493e-23
6.51526e-23
6.23749e-23
5.97118e-23
5.71585e-23
5.4711e-23
5.23648e-23
5.01162e-23
4.79611e-23
4.58959e-23
4.3917e-23
4.20209e-23
4.02044e-23
3.84641e-23
3.67972e-23
3.52005e-23
3.36712e-23
3.22067e-23
3.08042e-23
2.94613e-23
2.81754e-23
2.69443e-23
2.57658e-23
2.46376e-23
2.35576e-23
2.2524e-23
2.15347e-23
2.05879e-23
1.96819e-23
1.88149e-23
1.79853e-23
1.71916e-23
1.64323e-23
1.57058e-23
1.50109e-23
1.43462e-23
1.37104e-23
1.31023e-23
1.25207e-23
1.19645e-23
1.14326e-23
1.0924e-23
1.04376e-23
9.97263e-24
9.52806e-24
9.10302e-24
8.6967e-24
8.30827e-24
7.93697e-24
7.58207e-24
7.24285e-24
6.91863e-24
6.60877e-24
6.31264e-24
6.02965e-24
5.75922e-24
5.50082e-24
5.25391e-24
5.01799e-24
4.79259e-24
4.57724e-24
4.37151e-24
4.17496e-24
3.98721e-24
3.80786e-24
3.63655e-24
3.47291e-24
3.31662e-24
3.16735e-24
3.02478e-24
2.88863e-24
2.75861e-24
2.63445e-24
2.51588e-24
2.40267e-24
2.29457e-24
2.19135e-24
2.09281e-24
1.99873e-24
1.90891e-24
1.82317e-24
1.74132e-24
1.6632e-24
1.58862e-24
1.51745e-24
1.44952e-24
1.38469e-24
1.32282e-24
1.26379e-24
1.20746e-24
1.15372e-24
1.10244e-24
1.05353e-24
1.00687e-24
9.62362e-25
9.19917e-25
8.7944e-25
8.40845e-25
8.04047e-25
7.68968e-25
7.35533e-25
7.03668e-25
6.73305e-25
6.44378e-25
6.16825e-25
5.90587e-25
5.65605e-25
5.41826e-25
5.19199e-25
4.97674e-25
4.77204e-25
4.57746e-25
4.39256e-25
4.21694e-25
4.05022e-25
3.89205e-25
3.74206e-25
3.59994e-25
3.46538e-25
3.33808e-25
3.21776e-25
3.10416e-25
2.99703e-25
2.89614e-25
2.80127e-25
2.71221e-25
2.62875e-25
2.55073e-25
2.47797e-25
2.4103e-25
2.34758e-25
2.28968e-25
2.23645e-25
2.1878e-25
2.1436e-25
2.10381e-25
2.06847e-25
2.03754e-25
2.01098e-25
1.98879e-25
1.97093e-25
1.95734e-25
1.94795e-25
1.9427e-25
1.94156e-25
1.94448e-25
1.95143e-25
1.9624e-25
1.97738e-25
1.99636e-25
2.01935e-25
2.04637e-25
2.07744e-25
2.11259e-25
