5
1e+16
1e+19
13262.1
7.69349e-20
7.68239e-20
7.64968e-20
7.61478e-20
7.57873e-20
7.54184e-20
7.5042e-20
7.4659e-20
7.42696e-20
7.38743e-20
7.34734e-20
7.30671e-20
7.26556e-20
7.22387e-20
7.18166e-20
7.13892e-20
7.09566e-20
7.05189e-20
7.00762e-20
6.96286e-20
6.91761e-20
6.87189e-20
6.82571e-20
6.77908e-20
6.732e-20
6.6845e-20
6.63657e-20
6.58824e-20
6.53951e-20
6.49039e-20
6.4409e-20
6.39105e-20
6.34084e-20
6.2903e-20
6.23943e-20
6.18824e-20
6.13676e-20
6.08498e-20
6.03292e-20
5.9806e-20
5.92803e-20
5.87521e-20
5.82217e-20
5.76891e-20
5.71545e-20
5.66179e-20
5.60797e-20
5.55397e-20
5.49983e-20
5.44554e-20
5.39113e-20
5.3366e-20
5.28198e-20
5.22726e-20
5.17247e-20
5.11762e-20
5.06271e-20
5.00777e-20
4.9528e-20
4.89782e-20
4.84284e-20
4.78787e-20
4.73292e-20
4.67801e-20
4.62314e-20
4.56834e-20
4.5136e-20
4.45895e-20
4.4044e-20
4.34994e-20
4.29561e-20
4.2414e-20
4.18733e-20
4.13341e-20
4.07965e-20
4.02607e-20
3.97266e-20
3.91944e-20
3.86643e-20
3.81362e-20
3.76104e-20
3.70868e-20
3.65656e-20
3.6047e-20
3.55308e-20
3.50173e-20
3.45066e-20
3.39987e-20
3.34936e-20
3.29916e-20
3.24925e-20
3.19966e-20
3.15039e-20
3.10144e-20
3.05283e-20
3.00455e-20
2.95661e-20
2.90903e-20
2.8618e-20
2.81493e-20
2.76843e-20
2.7223e-20
2.67655e-20
2.63117e-20
2.58618e-20
2.54158e-20
2.49737e-20
2.45355e-20
2.41014e-20
2.36712e-20
2.32451e-20
2.2823e-20
2.24051e-20
2.19912e-20
2.15815e-20
2.1176e-20
2.07745e-20
2.03773e-20
1.99843e-20
1.95954e-20
1.92108e-20
1.88303e-20
1.84541e-20
1.80821e-20
1.77143e-20
1.73507e-20
1.69912e-20
1.6636e-20
1.6285e-20
1.59381e-20
1.55954e-20
1.52569e-20
1.49225e-20
1.45922e-20
1.4266e-20
1.39439e-20
1.36259e-20
1.33119e-20
1.30019e-20
1.26959e-20
1.23939e-20
1.20958e-20
1.18017e-20
1.15114e-20
1.1225e-20
1.09424e-20
1.06637e-20
1.03887e-20
1.01174e-20
9.84981e-21
9.5859e-21
9.32562e-21
9.06893e-21
8.81581e-21
8.56626e-21
8.3203e-21
8.07798e-21
7.83932e-21
7.60435e-21
7.37307e-21
7.14548e-21
6.92159e-21
6.70139e-21
6.48487e-21
6.27205e-21
6.06295e-21
5.85757e-21
5.65594e-21
5.45806e-21
5.26402e-21
5.07389e-21
4.88774e-21
4.70562e-21
4.52758e-21
4.35363e-21
4.1838e-21
4.01809e-21
3.85648e-21
3.69896e-21
3.54555e-21
3.39632e-21
3.25132e-21
3.11061e-21
2.97419e-21
2.84207e-21
2.71426e-21
2.59071e-21
2.47141e-21
2.35631e-21
2.24536e-21
2.13849e-21
2.03565e-21
1.93675e-21
1.84172e-21
1.75048e-21
1.66294e-21
1.57901e-21
1.49859e-21
1.42159e-21
1.34792e-21
1.27747e-21
1.21016e-21
1.14587e-21
1.08451e-21
1.02598e-21
9.70185e-22
9.17029e-22
8.66413e-22
8.18245e-22
7.7243e-22
7.28877e-22
6.87498e-22
6.48203e-22
6.10907e-22
5.75528e-22
5.41982e-22
5.10192e-22
4.8008e-22
4.5157e-22
4.24592e-22
3.99075e-22
3.7495e-22
3.52153e-22
3.3062e-22
3.1029e-22
2.91105e-22
2.73008e-22
2.55945e-22
2.39863e-22
2.24714e-22
2.10448e-22
1.9702e-22
1.84386e-22
1.72503e-22
1.61332e-22
1.50835e-22
1.40974e-22
1.31714e-22
1.23023e-22
1.14868e-22
1.0722e-22
1.00049e-22
9.33284e-23
8.70322e-23
8.11357e-23
7.56156e-23
7.04496e-23
6.56168e-23
6.10973e-23
5.68722e-23
5.29237e-23
4.92351e-23
4.57903e-23
4.25744e-23
3.9573e-23
3.67729e-23
3.41614e-23
3.17266e-23
2.94572e-23
2.73427e-23
2.53731e-23
2.35392e-23
2.18319e-23
2.02432e-23
1.87652e-23
1.73906e-23
1.61126e-23
1.49247e-23
1.38209e-23
1.27955e-23
1.18433e-23
1.09592e-23
1.01387e-23
9.37734e-24
8.67108e-24
8.01611e-24
7.40888e-24
6.84605e-24
6.32452e-24
5.84138e-24
5.39392e-24
4.97962e-24
4.59612e-24
4.24122e-24
3.91287e-24
3.60915e-24
3.3283e-24
3.06864e-24
2.82865e-24
2.60688e-24
2.402e-24
2.21277e-24
2.03803e-24
1.87671e-24
1.72782e-24
1.59043e-24
1.46367e-24
1.34675e-24
1.23894e-24
1.13954e-24
1.04792e-24
9.63482e-25
8.85685e-25
8.14022e-25
7.48021e-25
6.87248e-25
6.313e-25
5.79805e-25
5.32417e-25
4.88818e-25
4.48712e-25
4.11827e-25
3.77911e-25
3.46731e-25
3.18071e-25
2.91732e-25
2.67532e-25
2.453e-25
2.2488e-25
2.06128e-25
1.8891e-25
1.73104e-25
1.58597e-25
1.45284e-25
1.33068e-25
1.21862e-25
1.11584e-25
1.02158e-25
9.35147e-26
8.5591e-26
7.83278e-26
7.16712e-26
6.55715e-26
5.99829e-26
5.48634e-26
5.01744e-26
4.58802e-26
4.19482e-26
3.83484e-26
3.50532e-26
3.20372e-26
2.92772e-26
2.67518e-26
2.44414e-26
2.23279e-26
2.03949e-26
1.86271e-26
1.70107e-26
1.55328e-26
1.41819e-26
1.2947e-26
1.18184e-26
1.07871e-26
9.84484e-27
8.98396e-27
8.19756e-27
7.47927e-27
6.82326e-27
6.22422e-27
5.67724e-27
5.17784e-27
4.72191e-27
4.30575e-27
3.92596e-27
3.57945e-27
3.26337e-27
2.97511e-27
2.7123e-27
2.47274e-27
2.25442e-27
2.05548e-27
1.87436e-27
1.70952e-27
1.55954e-27
1.42315e-27
1.29918e-27
1.18655e-27
1.08431e-27
9.91562e-28
9.07505e-28
8.3141e-28
7.62614e-28
7.00517e-28
6.44573e-28
5.94293e-28
5.49232e-28
5.08993e-28
4.73218e-28
4.41589e-28
4.13821e-28
3.89664e-28
3.68901e-28
3.5134e-28
3.3682e-28
3.25204e-28
3.16381e-28
3.10266e-28
3.06793e-28
3.05924e-28
3.07639e-28
3.11942e-28
