5
1e+17
1.5e+19
13262.1
7.18706e-20
7.18354e-20
7.1723e-20
7.15953e-20
7.14551e-20
7.13034e-20
7.11404e-20
7.09664e-20
7.07815e-20
7.05859e-20
7.03798e-20
7.01634e-20
6.99366e-20
6.96996e-20
6.94524e-20
6.91952e-20
6.8928e-20
6.8651e-20
6.83643e-20
6.80679e-20
6.77621e-20
6.74469e-20
6.71225e-20
6.67891e-20
6.64468e-20
6.60957e-20
6.57359e-20
6.53678e-20
6.49913e-20
6.46067e-20
6.42141e-20
6.38137e-20
6.34057e-20
6.29903e-20
6.25675e-20
6.21377e-20
6.1701e-20
6.12575e-20
6.08075e-20
6.03511e-20
5.98886e-20
5.94201e-20
5.89458e-20
5.84659e-20
5.79806e-20
5.74902e-20
5.69947e-20
5.64944e-20
5.59895e-20
5.54802e-20
5.49667e-20
5.44492e-20
5.39278e-20
5.34029e-20
5.28745e-20
5.2343e-20
5.18084e-20
5.1271e-20
5.0731e-20
5.01886e-20
4.96439e-20
4.90973e-20
4.85487e-20
4.79986e-20
4.74469e-20
4.6894e-20
4.63401e-20
4.57852e-20
4.52297e-20
4.46736e-20
4.41171e-20
4.35605e-20
4.30039e-20
4.24475e-20
4.18915e-20
4.1336e-20
4.07811e-20
4.02272e-20
3.96742e-20
3.91224e-20
3.85719e-20
3.8023e-20
3.74756e-20
3.69301e-20
3.63864e-20
3.58448e-20
3.53055e-20
3.47684e-20
3.42339e-20
3.37019e-20
3.31727e-20
3.26462e-20
3.21228e-20
3.16024e-20
3.10853e-20
3.05714e-20
3.00609e-20
2.95539e-20
2.90505e-20
2.85508e-20
2.80549e-20
2.75628e-20
2.70748e-20
2.65907e-20
2.61108e-20
2.5635e-20
2.51635e-20
2.46963e-20
2.42335e-20
2.37752e-20
2.33213e-20
2.2872e-20
2.24274e-20
2.19873e-20
2.1552e-20
2.11214e-20
2.06956e-20
2.02746e-20
1.98584e-20
1.94471e-20
1.90407e-20
1.86392e-20
1.82426e-20
1.7851e-20
1.74644e-20
1.70827e-20
1.6706e-20
1.63343e-20
1.59676e-20
1.56059e-20
1.52492e-20
1.48975e-20
1.45508e-20
1.4209e-20
1.38722e-20
1.35404e-20
1.32135e-20
1.28915e-20
1.25744e-20
1.22622e-20
1.19548e-20
1.16523e-20
1.13545e-20
1.10616e-20
1.07734e-20
1.04899e-20
1.02111e-20
9.93694e-21
9.66739e-21
9.40241e-21
9.14197e-21
8.88603e-21
8.63455e-21
8.38748e-21
8.1448e-21
7.9065e-21
7.67256e-21
7.44297e-21
7.21771e-21
6.99675e-21
6.78006e-21
6.56761e-21
6.35936e-21
6.15529e-21
5.95536e-21
5.75955e-21
5.56784e-21
5.38019e-21
5.19658e-21
5.01702e-21
4.84151e-21
4.67004e-21
4.5026e-21
4.33919e-21
4.17978e-21
4.02435e-21
3.87287e-21
3.72529e-21
3.58157e-21
3.4417e-21
3.30568e-21
3.17351e-21
3.04517e-21
2.92065e-21
2.79992e-21
2.68295e-21
2.5697e-21
2.46012e-21
2.35416e-21
2.25178e-21
2.15291e-21
2.05748e-21
1.96545e-21
1.87673e-21
1.79125e-21
1.70896e-21
1.62977e-21
1.55361e-21
1.4804e-21
1.41006e-21
1.34253e-21
1.27772e-21
1.21555e-21
1.15595e-21
1.09884e-21
1.04415e-21
9.91791e-22
9.41697e-22
8.93791e-22
8.47999e-22
8.04249e-22
7.6247e-22
7.22591e-22
6.84543e-22
6.4826e-22
6.13675e-22
5.80723e-22
5.49342e-22
5.19469e-22
4.91044e-22
4.6401e-22
4.38309e-22
4.13886e-22
3.90687e-22
3.6866e-22
3.47755e-22
3.27923e-22
3.09116e-22
2.91289e-22
2.74397e-22
2.58398e-22
2.43251e-22
2.28916e-22
2.15354e-22
2.0253e-22
1.90408e-22
1.78953e-22
1.68133e-22
1.57917e-22
1.48275e-22
1.39178e-22
1.30597e-22
1.22508e-22
1.14884e-22
1.07701e-22
1.00937e-22
9.45689e-23
8.85757e-23
8.29375e-23
7.76351e-23
7.26501e-23
6.79653e-23
6.35641e-23
5.94306e-23
5.55499e-23
5.19078e-23
4.84906e-23
4.52857e-23
4.22807e-23
3.94642e-23
3.68251e-23
3.4353e-23
3.20382e-23
2.98712e-23
2.78433e-23
2.59462e-23
2.41719e-23
2.25131e-23
2.09626e-23
1.95138e-23
1.81604e-23
1.68966e-23
1.57168e-23
1.46157e-23
1.35883e-23
1.263e-23
1.17363e-23
1.09033e-23
1.01269e-23
9.40352e-24
8.72972e-24
8.10228e-24
7.51817e-24
6.97453e-24
6.4687e-24
5.99818e-24
5.5606e-24
5.15378e-24
4.77565e-24
4.42427e-24
4.09783e-24
3.79465e-24
3.51313e-24
3.25179e-24
3.00924e-24
2.7842e-24
2.57543e-24
2.38182e-24
2.20231e-24
2.0359e-24
1.88169e-24
1.7388e-24
1.60643e-24
1.48385e-24
1.37035e-24
1.26528e-24
1.16804e-24
1.07806e-24
9.94826e-25
9.17841e-25
8.46654e-25
7.80842e-25
7.20012e-25
6.63798e-25
6.11862e-25
5.63887e-25
5.1958e-25
4.78669e-25
4.40902e-25
4.06044e-25
3.73877e-25
3.44199e-25
3.16823e-25
2.91575e-25
2.68294e-25
2.46831e-25
2.27048e-25
2.08817e-25
1.92018e-25
1.76543e-25
1.62289e-25
1.49163e-25
1.37078e-25
1.25952e-25
1.15711e-25
1.06288e-25
9.76169e-26
8.96403e-26
8.23036e-26
7.55565e-26
6.93527e-26
6.36493e-26
5.84069e-26
5.3589e-26
4.91618e-26
4.50944e-26
4.1358e-26
3.79264e-26
3.4775e-26
3.18815e-26
2.92252e-26
2.67869e-26
2.45492e-26
2.24958e-26
2.06118e-26
1.88835e-26
1.72982e-26
1.58444e-26
1.45113e-26
1.32891e-26
1.21686e-26
1.11416e-26
1.02003e-26
9.33804e-27
8.54827e-27
7.82515e-27
7.16323e-27
6.55759e-27
6.00362e-27
5.49703e-27
5.03391e-27
4.61096e-27
4.2249e-27
3.87268e-27
3.55156e-27
3.25898e-27
2.99264e-27
2.75042e-27
2.53038e-27
2.33075e-27
2.14993e-27
1.98647e-27
1.83902e-27
1.70638e-27
1.58747e-27
1.48129e-27
1.38697e-27
1.30371e-27
1.23079e-27
1.1676e-27
1.11358e-27
1.06825e-27
1.03119e-27
1.00206e-27
9.80557e-28
9.66462e-28
9.59596e-28
9.5984e-28
9.6713e-28
9.81454e-28
1.00285e-27
