7.5
1e+17
5e+18
16242.6
4.34948e-20
4.34572e-20
4.33425e-20
4.32164e-20
4.30825e-20
4.29417e-20
4.27944e-20
4.2641e-20
4.24816e-20
4.23164e-20
4.21455e-20
4.19689e-20
4.17867e-20
4.15989e-20
4.14057e-20
4.12069e-20
4.10028e-20
4.07935e-20
4.05789e-20
4.03593e-20
4.01346e-20
3.99051e-20
3.96707e-20
3.94316e-20
3.91879e-20
3.89396e-20
3.8687e-20
3.843e-20
3.81688e-20
3.79035e-20
3.76342e-20
3.73611e-20
3.70841e-20
3.68035e-20
3.65193e-20
3.62317e-20
3.59408e-20
3.56466e-20
3.53494e-20
3.50492e-20
3.47461e-20
3.44402e-20
3.41318e-20
3.38208e-20
3.35074e-20
3.31917e-20
3.28738e-20
3.25539e-20
3.22321e-20
3.19084e-20
3.15831e-20
3.12561e-20
3.09277e-20
3.05979e-20
3.02669e-20
2.99347e-20
2.96016e-20
2.92675e-20
2.89326e-20
2.8597e-20
2.82609e-20
2.79243e-20
2.75873e-20
2.72501e-20
2.69127e-20
2.65752e-20
2.62378e-20
2.59006e-20
2.55636e-20
2.52269e-20
2.48907e-20
2.4555e-20
2.422e-20
2.38857e-20
2.35521e-20
2.32195e-20
2.28879e-20
2.25573e-20
2.22279e-20
2.18997e-20
2.15728e-20
2.12472e-20
2.09232e-20
2.06007e-20
2.02798e-20
1.99605e-20
1.9643e-20
1.93273e-20
1.90135e-20
1.87016e-20
1.83916e-20
1.80838e-20
1.7778e-20
1.74744e-20
1.7173e-20
1.68738e-20
1.65769e-20
1.62824e-20
1.59903e-20
1.57006e-20
1.54134e-20
1.51287e-20
1.48466e-20
1.4567e-20
1.429e-20
1.40157e-20
1.3744e-20
1.34751e-20
1.32088e-20
1.29454e-20
1.26846e-20
1.24267e-20
1.21715e-20
1.19192e-20
1.16697e-20
1.14231e-20
1.11793e-20
1.09383e-20
1.07003e-20
1.04651e-20
1.02328e-20
1.00034e-20
9.77684e-21
9.5532e-21
9.33245e-21
9.11459e-21
8.89961e-21
8.68754e-21
8.47838e-21
8.27214e-21
8.06883e-21
7.86844e-21
7.67097e-21
7.47642e-21
7.2848e-21
7.0961e-21
6.91033e-21
6.72749e-21
6.54759e-21
6.37064e-21
6.19668e-21
6.02569e-21
5.85771e-21
5.69272e-21
5.53074e-21
5.37175e-21
5.21574e-21
5.06275e-21
4.9128e-21
4.7659e-21
4.62206e-21
4.48128e-21
4.34357e-21
4.20893e-21
4.07733e-21
3.94877e-21
3.82324e-21
3.70071e-21
3.58116e-21
3.46456e-21
3.35089e-21
3.24012e-21
3.13221e-21
3.02713e-21
2.92484e-21
2.82531e-21
2.72849e-21
2.63434e-21
2.54283e-21
2.4539e-21
2.36751e-21
2.28363e-21
2.2022e-21
2.12318e-21
2.04652e-21
1.97217e-21
1.90009e-21
1.83023e-21
1.76255e-21
1.69698e-21
1.6335e-21
1.57204e-21
1.51257e-21
1.45503e-21
1.39937e-21
1.34556e-21
1.29355e-21
1.24328e-21
1.19472e-21
1.14782e-21
1.10253e-21
1.05882e-21
1.01663e-21
9.75923e-22
9.36663e-22
8.98805e-22
8.62308e-22
8.27132e-22
7.93238e-22
7.60588e-22
7.29143e-22
6.98867e-22
6.69723e-22
6.41675e-22
6.1469e-22
5.88732e-22
5.63768e-22
5.39767e-22
5.16695e-22
4.94523e-22
4.7322e-22
4.52756e-22
4.33103e-22
4.14233e-22
3.96118e-22
3.78732e-22
3.62049e-22
3.46045e-22
3.30694e-22
3.15973e-22
3.0186e-22
2.88331e-22
2.75366e-22
2.62942e-22
2.51041e-22
2.39642e-22
2.28726e-22
2.18274e-22
2.0827e-22
1.98694e-22
1.89532e-22
1.80766e-22
1.72381e-22
1.64361e-22
1.56693e-22
1.49362e-22
1.42354e-22
1.35657e-22
1.29258e-22
1.23144e-22
1.17304e-22
1.11726e-22
1.06399e-22
1.01314e-22
9.64598e-23
9.18265e-23
8.74049e-23
8.3186e-23
7.91612e-23
7.53221e-23
7.16607e-23
6.81692e-23
6.48403e-23
6.16669e-23
5.86421e-23
5.57594e-23
5.30125e-23
5.03954e-23
4.79023e-23
4.55276e-23
4.3266e-23
4.11124e-23
3.9062e-23
3.71099e-23
3.52519e-23
3.34835e-23
3.18006e-23
3.01993e-23
2.86759e-23
2.72267e-23
2.58483e-23
2.45373e-23
2.32907e-23
2.21054e-23
2.09784e-23
1.99072e-23
1.8889e-23
1.79213e-23
1.70017e-23
1.61279e-23
1.52977e-23
1.4509e-23
1.37599e-23
1.30484e-23
1.23726e-23
1.1731e-23
1.11217e-23
1.05433e-23
9.99419e-24
9.47296e-24
8.97826e-24
8.50876e-24
8.06323e-24
7.64049e-24
7.2394e-24
6.85889e-24
6.49793e-24
6.15556e-24
5.83083e-24
5.52288e-24
5.23086e-24
4.95396e-24
4.69142e-24
4.44253e-24
4.20659e-24
3.98294e-24
3.77096e-24
3.57006e-24
3.37967e-24
3.19926e-24
3.02831e-24
2.86635e-24
2.7129e-24
2.56754e-24
2.42985e-24
2.29943e-24
2.17591e-24
2.05893e-24
1.94814e-24
1.84324e-24
1.74391e-24
1.64987e-24
1.56084e-24
1.47655e-24
1.39676e-24
1.32124e-24
1.24976e-24
1.18211e-24
1.11808e-24
1.0575e-24
1.00017e-24
9.4592e-25
8.94597e-25
8.46041e-25
8.00107e-25
7.56655e-25
7.15555e-25
6.7668e-25
6.39915e-25
6.05145e-25
5.72266e-25
5.41176e-25
5.11781e-25
4.8399e-25
4.57717e-25
4.32883e-25
4.09409e-25
3.87224e-25
3.66259e-25
3.46448e-25
3.2773e-25
3.10048e-25
2.93345e-25
2.77569e-25
2.62672e-25
2.48606e-25
2.35327e-25
2.22794e-25
2.10967e-25
1.99809e-25
1.89285e-25
1.79361e-25
1.70006e-25
1.61191e-25
1.52886e-25
1.45067e-25
1.37707e-25
1.30785e-25
1.24276e-25
1.18162e-25
1.12422e-25
1.07038e-25
1.01992e-25
9.72692e-26
9.28533e-26
8.87316e-26
8.48939e-26
8.13325e-26
7.80358e-26
7.49952e-26
7.21999e-26
6.96436e-26
6.73187e-26
6.52164e-26
6.33286e-26
6.16477e-26
6.01671e-26
5.88807e-26
5.77828e-26
5.68688e-26
5.61343e-26
5.55756e-26
5.51897e-26
5.49739e-26
5.49262e-26
5.50452e-26
5.533e-26
5.57799e-26
5.63952e-26
5.71765e-26
5.81247e-26
