5
5e+16
1e+18
13262.1
7.46986e-20
7.46902e-20
7.46529e-20
7.46012e-20
7.45355e-20
7.44556e-20
7.43616e-20
7.42537e-20
7.41318e-20
7.39961e-20
7.38467e-20
7.36836e-20
7.35069e-20
7.33168e-20
7.31133e-20
7.28965e-20
7.26665e-20
7.24236e-20
7.21677e-20
7.18991e-20
7.16179e-20
7.13243e-20
7.10184e-20
7.07004e-20
7.03704e-20
7.00287e-20
6.96754e-20
6.93107e-20
6.89348e-20
6.8548e-20
6.81503e-20
6.77421e-20
6.73236e-20
6.6895e-20
6.64564e-20
6.60082e-20
6.55505e-20
6.50837e-20
6.46079e-20
6.41234e-20
6.36305e-20
6.31293e-20
6.26202e-20
6.21034e-20
6.15791e-20
6.10477e-20
6.05094e-20
5.99644e-20
5.9413e-20
5.88555e-20
5.82922e-20
5.77232e-20
5.7149e-20
5.65697e-20
5.59857e-20
5.53971e-20
5.48043e-20
5.42076e-20
5.36071e-20
5.30032e-20
5.23962e-20
5.17862e-20
5.11736e-20
5.05587e-20
4.99416e-20
4.93226e-20
4.87021e-20
4.80802e-20
4.74573e-20
4.68335e-20
4.6209e-20
4.55843e-20
4.49594e-20
4.43346e-20
4.37102e-20
4.30863e-20
4.24633e-20
4.18413e-20
4.12205e-20
4.06012e-20
3.99836e-20
3.93679e-20
3.87542e-20
3.81428e-20
3.75339e-20
3.69277e-20
3.63243e-20
3.57239e-20
3.51268e-20
3.4533e-20
3.39427e-20
3.33562e-20
3.27735e-20
3.21948e-20
3.16202e-20
3.105e-20
3.04841e-20
2.99229e-20
2.93663e-20
2.88145e-20
2.82676e-20
2.77258e-20
2.71891e-20
2.66577e-20
2.61316e-20
2.56109e-20
2.50958e-20
2.45862e-20
2.40823e-20
2.35842e-20
2.30918e-20
2.26054e-20
2.21248e-20
2.16503e-20
2.11818e-20
2.07194e-20
2.02631e-20
1.98129e-20
1.9369e-20
1.89312e-20
1.84997e-20
1.80744e-20
1.76554e-20
1.72427e-20
1.68363e-20
1.64362e-20
1.60424e-20
1.56548e-20
1.52736e-20
1.48986e-20
1.45299e-20
1.41674e-20
1.38111e-20
1.34611e-20
1.31172e-20
1.27794e-20
1.24478e-20
1.21222e-20
1.18027e-20
1.14892e-20
1.11817e-20
1.088e-20
1.05843e-20
1.02943e-20
1.00102e-20
9.73173e-21
9.45895e-21
9.19179e-21
8.93019e-21
8.67408e-21
8.42341e-21
8.17812e-21
7.93814e-21
7.70342e-21
7.47388e-21
7.24947e-21
7.03012e-21
6.81578e-21
6.60638e-21
6.40186e-21
6.20214e-21
6.00716e-21
5.81686e-21
5.63116e-21
5.44999e-21
5.2733e-21
5.101e-21
4.93304e-21
4.76935e-21
4.60986e-21
4.45451e-21
4.30323e-21
4.15598e-21
4.01267e-21
3.87324e-21
3.73763e-21
3.60577e-21
3.47759e-21
3.35303e-21
3.23201e-21
3.11449e-21
3.0004e-21
2.88968e-21
2.78227e-21
2.67812e-21
2.57715e-21
2.4793e-21
2.38452e-21
2.29273e-21
2.20388e-21
2.11789e-21
2.0347e-21
1.95426e-21
1.87649e-21
1.80133e-21
1.72872e-21
1.65859e-21
1.59088e-21
1.52554e-21
1.46249e-21
1.40167e-21
1.34303e-21
1.28651e-21
1.23205e-21
1.17958e-21
1.12905e-21
1.08041e-21
1.0336e-21
9.88561e-22
9.45242e-22
9.03592e-22
8.63557e-22
8.25087e-22
7.88131e-22
7.52642e-22
7.18571e-22
6.85871e-22
6.54496e-22
6.24403e-22
5.95546e-22
5.67884e-22
5.41375e-22
5.15978e-22
4.91653e-22
4.68363e-22
4.46069e-22
4.24736e-22
4.04327e-22
3.84808e-22
3.66146e-22
3.48307e-22
3.31262e-22
3.14977e-22
2.99425e-22
2.84577e-22
2.70403e-22
2.56878e-22
2.43975e-22
2.31669e-22
2.19935e-22
2.0875e-22
1.9809e-22
1.87935e-22
1.78262e-22
1.69051e-22
1.60283e-22
1.51937e-22
1.43996e-22
1.36442e-22
1.29258e-22
1.22427e-22
1.15934e-22
1.09764e-22
1.03901e-22
9.83327e-23
9.30444e-23
8.80235e-23
8.32577e-23
7.8735e-23
7.44439e-23
7.03737e-23
6.65137e-23
6.28539e-23
5.93847e-23
5.60969e-23
5.29817e-23
5.00307e-23
4.72357e-23
4.45892e-23
4.20837e-23
3.97122e-23
3.7468e-23
3.53447e-23
3.33361e-23
3.14366e-23
2.96404e-23
2.79423e-23
2.63373e-23
2.48205e-23
2.33874e-23
2.20335e-23
2.07548e-23
1.95473e-23
1.84072e-23
1.73309e-23
1.63151e-23
1.53566e-23
1.44522e-23
1.3599e-23
1.27943e-23
1.20355e-23
1.13201e-23
1.06456e-23
1.00099e-23
9.41074e-24
8.84623e-24
8.31441e-24
7.81346e-24
7.34165e-24
6.89738e-24
6.47909e-24
6.08532e-24
5.71469e-24
5.3659e-24
5.03771e-24
4.72894e-24
4.43849e-24
4.16532e-24
3.90843e-24
3.66688e-24
3.4398e-24
3.22635e-24
3.02573e-24
2.83721e-24
2.66008e-24
2.49367e-24
2.33736e-24
2.19056e-24
2.0527e-24
1.92326e-24
1.80174e-24
1.68767e-24
1.58062e-24
1.48015e-24
1.38589e-24
1.29746e-24
1.21451e-24
1.13671e-24
1.06375e-24
9.95346e-25
9.31213e-25
8.71096e-25
8.14752e-25
7.61951e-25
7.12476e-25
6.66126e-25
6.22707e-25
5.82042e-25
5.43959e-25
5.08301e-25
4.74918e-25
4.43669e-25
4.14421e-25
3.87051e-25
3.61442e-25
3.37483e-25
3.15072e-25
2.94112e-25
2.74512e-25
2.56187e-25
2.39056e-25
2.23044e-25
2.0808e-25
1.94099e-25
1.81038e-25
1.68838e-25
1.57445e-25
1.46809e-25
1.36879e-25
1.27613e-25
1.18966e-25
1.109e-25
1.03378e-25
9.63664e-26
8.98343e-26
8.3752e-26
7.80913e-26
7.28267e-26
6.79334e-26
6.33876e-26
5.91674e-26
5.52555e-26
5.16329e-26
4.82817e-26
4.51853e-26
4.23283e-26
3.96965e-26
3.72766e-26
3.50566e-26
3.30251e-26
3.11718e-26
2.94873e-26
2.79629e-26
2.65907e-26
2.53635e-26
2.42749e-26
2.3319e-26
2.24907e-26
2.17855e-26
2.11993e-26
2.07288e-26
2.0371e-26
2.01237e-26
1.9985e-26
1.99535e-26
2.00286e-26
2.02097e-26
2.04971e-26
2.08914e-26
2.13935e-26
2.2005e-26
