10
5e+16
5e+17
18755.4
2.90795e-20
2.90629e-20
2.90104e-20
2.89507e-20
2.88853e-20
2.88147e-20
2.87389e-20
2.86582e-20
2.85727e-20
2.84824e-20
2.83873e-20
2.82874e-20
2.81829e-20
2.80737e-20
2.79599e-20
2.78416e-20
2.77188e-20
2.75917e-20
2.74601e-20
2.73243e-20
2.71843e-20
2.70402e-20
2.6892e-20
2.67398e-20
2.65838e-20
2.64238e-20
2.62602e-20
2.60928e-20
2.59219e-20
2.57475e-20
2.55696e-20
2.53885e-20
2.5204e-20
2.50165e-20
2.48258e-20
2.46322e-20
2.44358e-20
2.42365e-20
2.40345e-20
2.383e-20
2.36229e-20
2.34135e-20
2.32017e-20
2.29877e-20
2.27716e-20
2.25535e-20
2.23334e-20
2.21115e-20
2.18879e-20
2.16627e-20
2.14359e-20
2.12076e-20
2.09781e-20
2.07472e-20
2.05152e-20
2.02822e-20
2.00482e-20
1.98133e-20
1.95776e-20
1.93412e-20
1.91043e-20
1.88668e-20
1.86289e-20
1.83907e-20
1.81522e-20
1.79136e-20
1.76749e-20
1.74363e-20
1.71977e-20
1.69593e-20
1.67211e-20
1.64833e-20
1.62459e-20
1.6009e-20
1.57727e-20
1.5537e-20
1.5302e-20
1.50677e-20
1.48344e-20
1.46019e-20
1.43705e-20
1.414e-20
1.39107e-20
1.36825e-20
1.34556e-20
1.323e-20
1.30057e-20
1.27827e-20
1.25613e-20
1.23413e-20
1.21229e-20
1.1906e-20
1.16908e-20
1.14773e-20
1.12654e-20
1.10554e-20
1.08471e-20
1.06407e-20
1.04361e-20
1.02335e-20
1.00328e-20
9.83402e-21
9.63725e-21
9.4425e-21
9.2498e-21
9.05916e-21
8.8706e-21
8.68415e-21
8.49983e-21
8.31765e-21
8.13764e-21
7.95981e-21
7.78418e-21
7.61078e-21
7.4396e-21
7.27066e-21
7.10399e-21
6.93957e-21
6.77744e-21
6.61759e-21
6.46005e-21
6.30482e-21
6.15193e-21
6.00137e-21
5.85317e-21
5.70731e-21
5.56382e-21
5.42269e-21
5.28393e-21
5.14757e-21
5.0136e-21
4.88204e-21
4.75288e-21
4.62612e-21
4.50177e-21
4.37981e-21
4.26025e-21
4.14306e-21
4.02824e-21
3.91578e-21
3.80566e-21
3.69787e-21
3.59239e-21
3.48919e-21
3.38827e-21
3.2896e-21
3.19315e-21
3.09891e-21
3.00684e-21
2.91693e-21
2.82914e-21
2.74346e-21
2.65985e-21
2.57829e-21
2.49874e-21
2.42117e-21
2.34557e-21
2.27189e-21
2.20011e-21
2.13019e-21
2.06211e-21
1.99582e-21
1.93132e-21
1.86855e-21
1.80748e-21
1.7481e-21
1.69035e-21
1.63422e-21
1.57967e-21
1.52667e-21
1.47518e-21
1.42518e-21
1.37662e-21
1.3295e-21
1.28376e-21
1.23938e-21
1.19632e-21
1.15457e-21
1.11408e-21
1.07484e-21
1.0368e-21
9.99937e-22
9.64226e-22
9.29638e-22
8.96143e-22
8.63714e-22
8.32323e-22
8.01943e-22
7.72548e-22
7.44112e-22
7.16608e-22
6.90012e-22
6.64299e-22
6.39444e-22
6.15424e-22
5.92214e-22
5.69792e-22
5.48135e-22
5.27221e-22
5.07029e-22
4.87536e-22
4.68723e-22
4.50568e-22
4.33053e-22
4.16156e-22
3.99861e-22
3.84147e-22
3.68997e-22
3.54394e-22
3.40319e-22
3.26756e-22
3.13689e-22
3.01102e-22
2.88979e-22
2.77305e-22
2.66065e-22
2.55245e-22
2.44831e-22
2.34809e-22
2.25166e-22
2.15889e-22
2.06966e-22
1.98384e-22
1.90133e-22
1.822e-22
1.74574e-22
1.67244e-22
1.60201e-22
1.53433e-22
1.46932e-22
1.40687e-22
1.3469e-22
1.28931e-22
1.23401e-22
1.18094e-22
1.12999e-22
1.0811e-22
1.03419e-22
9.89177e-23
9.46002e-23
9.04592e-23
8.6488e-23
8.26803e-23
7.90298e-23
7.55305e-23
7.21767e-23
6.89627e-23
6.58832e-23
6.2933e-23
6.01069e-23
5.74002e-23
5.48082e-23
5.23264e-23
4.99503e-23
4.76759e-23
4.54991e-23
4.3416e-23
4.14228e-23
3.95159e-23
3.76918e-23
3.59472e-23
3.42788e-23
3.26836e-23
3.11584e-23
2.97005e-23
2.83071e-23
2.69755e-23
2.57031e-23
2.44875e-23
2.33263e-23
2.22172e-23
2.1158e-23
2.01466e-23
1.9181e-23
1.82593e-23
1.73795e-23
1.65399e-23
1.57387e-23
1.49744e-23
1.42452e-23
1.35498e-23
1.28865e-23
1.22541e-23
1.16511e-23
1.10763e-23
1.05284e-23
1.00062e-23
9.50871e-24
9.03468e-24
8.58312e-24
8.153e-24
7.74339e-24
7.35334e-24
6.98198e-24
6.62847e-24
6.29198e-24
5.97176e-24
5.66705e-24
5.37714e-24
5.10136e-24
4.83905e-24
4.58959e-24
4.35238e-24
4.12686e-24
3.91248e-24
3.70872e-24
3.51507e-24
3.33107e-24
3.15626e-24
2.9902e-24
2.83248e-24
2.68269e-24
2.54047e-24
2.40545e-24
2.27729e-24
2.15564e-24
2.04021e-24
1.93068e-24
1.82677e-24
1.7282e-24
1.63472e-24
1.54608e-24
1.46203e-24
1.38235e-24
1.30683e-24
1.23526e-24
1.16744e-24
1.10318e-24
1.04231e-24
9.84658e-25
9.30059e-25
8.78362e-25
8.29418e-25
7.83088e-25
7.3924e-25
6.97746e-25
6.58487e-25
6.21347e-25
5.86218e-25
5.52995e-25
5.21581e-25
4.91882e-25
4.63808e-25
4.37275e-25
4.12202e-25
3.88512e-25
3.66134e-25
3.44998e-25
3.25038e-25
3.06193e-25
2.88403e-25
2.71613e-25
2.55768e-25
2.4082e-25
2.26719e-25
2.1342e-25
2.00881e-25
1.8906e-25
1.7792e-25
1.67424e-25
1.57536e-25
1.48224e-25
1.39458e-25
1.31207e-25
1.23444e-25
1.16143e-25
1.09279e-25
1.02829e-25
9.67709e-26
9.10832e-26
8.57466e-26
8.07427e-26
7.60541e-26
7.16644e-26
6.75582e-26
6.37212e-26
6.01397e-26
5.68012e-26
5.36939e-26
5.08066e-26
4.81291e-26
4.56519e-26
4.33668e-26
4.12673e-26
3.93462e-26
3.75973e-26
3.60149e-26
3.45937e-26
3.33283e-26
3.22139e-26
3.12463e-26
3.04217e-26
2.97369e-26
2.91895e-26
2.87772e-26
2.84986e-26
2.83525e-26
2.83383e-26
2.84561e-26
2.87063e-26
2.90898e-26
