2.5
5e+17
5e+17
9377.69
1.50407e-19
1.50401e-19
1.50363e-19
1.50302e-19
1.50217e-19
1.50108e-19
1.49976e-19
1.49819e-19
1.49639e-19
1.49435e-19
1.49208e-19
1.48957e-19
1.48683e-19
1.48385e-19
1.48064e-19
1.47721e-19
1.47354e-19
1.46965e-19
1.46554e-19
1.4612e-19
1.45664e-19
1.45187e-19
1.44687e-19
1.44167e-19
1.43625e-19
1.43063e-19
1.4248e-19
1.41876e-19
1.41252e-19
1.40609e-19
1.39946e-19
1.39264e-19
1.38564e-19
1.37844e-19
1.37107e-19
1.36351e-19
1.35578e-19
1.34788e-19
1.33981e-19
1.33157e-19
1.32318e-19
1.31462e-19
1.30591e-19
1.29706e-19
1.28805e-19
1.27891e-19
1.26962e-19
1.2602e-19
1.25065e-19
1.24098e-19
1.23118e-19
1.22127e-19
1.21124e-19
1.2011e-19
1.19085e-19
1.18051e-19
1.17006e-19
1.15952e-19
1.1489e-19
1.13819e-19
1.1274e-19
1.11653e-19
1.10559e-19
1.09458e-19
1.08351e-19
1.07238e-19
1.06119e-19
1.04995e-19
1.03867e-19
1.02734e-19
1.01597e-19
1.00457e-19
9.93136e-20
9.81676e-20
9.70193e-20
9.58692e-20
9.47175e-20
9.35646e-20
9.2411e-20
9.12571e-20
9.01032e-20
8.89496e-20
8.77967e-20
8.6645e-20
8.54947e-20
8.43461e-20
8.31997e-20
8.20558e-20
8.09146e-20
7.97766e-20
7.8642e-20
7.75112e-20
7.63844e-20
7.5262e-20
7.41442e-20
7.30314e-20
7.19238e-20
7.08216e-20
6.97252e-20
6.86348e-20
6.75507e-20
6.64731e-20
6.54023e-20
6.43384e-20
6.32817e-20
6.22325e-20
6.11908e-20
6.0157e-20
5.91313e-20
5.81138e-20
5.71046e-20
5.61041e-20
5.51122e-20
5.41293e-20
5.31555e-20
5.21908e-20
5.12355e-20
5.02897e-20
4.93534e-20
4.84269e-20
4.75102e-20
4.66034e-20
4.57067e-20
4.482e-20
4.39436e-20
4.30775e-20
4.22217e-20
4.13764e-20
4.05415e-20
3.97172e-20
3.89034e-20
3.81003e-20
3.73078e-20
3.6526e-20
3.57549e-20
3.49945e-20
3.42449e-20
3.3506e-20
3.27779e-20
3.20605e-20
3.13539e-20
3.06579e-20
2.99727e-20
2.92982e-20
2.86343e-20
2.7981e-20
2.73384e-20
2.67062e-20
2.60846e-20
2.54734e-20
2.48726e-20
2.42822e-20
2.37021e-20
2.31322e-20
2.25724e-20
2.20227e-20
2.14831e-20
2.09534e-20
2.04335e-20
1.99234e-20
1.9423e-20
1.89323e-20
1.8451e-20
1.79792e-20
1.75167e-20
1.70635e-20
1.66194e-20
1.61844e-20
1.57583e-20
1.5341e-20
1.49325e-20
1.45327e-20
1.41413e-20
1.37584e-20
1.33838e-20
1.30174e-20
1.26591e-20
1.23088e-20
1.19664e-20
1.16317e-20
1.13047e-20
1.09852e-20
1.06731e-20
1.03683e-20
1.00707e-20
9.78023e-21
9.49669e-21
9.22e-21
8.95005e-21
8.68673e-21
8.42991e-21
8.17948e-21
7.93534e-21
7.69737e-21
7.46546e-21
7.23949e-21
7.01936e-21
6.80495e-21
6.59616e-21
6.39287e-21
6.19499e-21
6.00239e-21
5.81498e-21
5.63265e-21
5.4553e-21
5.28281e-21
5.1151e-21
4.95206e-21
4.79358e-21
4.63957e-21
4.48994e-21
4.34457e-21
4.20339e-21
4.06629e-21
3.93318e-21
3.80397e-21
3.67857e-21
3.55688e-21
3.43883e-21
3.32432e-21
3.21327e-21
3.10559e-21
3.0012e-21
2.90002e-21
2.80197e-21
2.70697e-21
2.61495e-21
2.52582e-21
2.43951e-21
2.35595e-21
2.27507e-21
2.19679e-21
2.12105e-21
2.04778e-21
1.9769e-21
1.90837e-21
1.8421e-21
1.77804e-21
1.71613e-21
1.6563e-21
1.5985e-21
1.54267e-21
1.48876e-21
1.4367e-21
1.38645e-21
1.33794e-21
1.29114e-21
1.24598e-21
1.20243e-21
1.16042e-21
1.11993e-21
1.08088e-21
1.04326e-21
1.007e-21
9.72073e-22
9.38431e-22
9.06035e-22
8.74845e-22
8.44824e-22
8.15934e-22
7.88139e-22
7.61403e-22
7.35691e-22
7.10971e-22
6.87209e-22
6.64374e-22
6.42435e-22
6.21362e-22
6.01126e-22
5.81698e-22
5.63051e-22
5.45159e-22
5.27994e-22
5.11532e-22
4.95749e-22
4.80621e-22
4.66125e-22
4.52239e-22
4.3894e-22
4.26208e-22
4.14024e-22
4.02366e-22
3.91216e-22
3.80556e-22
3.70367e-22
3.60633e-22
3.51337e-22
3.42462e-22
3.33994e-22
3.25916e-22
3.18214e-22
3.10875e-22
3.03884e-22
2.97228e-22
2.90895e-22
2.84873e-22
2.79149e-22
2.73712e-22
2.68551e-22
2.63656e-22
2.59016e-22
2.54621e-22
2.50462e-22
2.4653e-22
2.42816e-22
2.39311e-22
2.36007e-22
2.32897e-22
2.29972e-22
2.27225e-22
2.2465e-22
2.2224e-22
2.19988e-22
2.17888e-22
2.15933e-22
2.14119e-22
2.12438e-22
2.10887e-22
2.0946e-22
2.08152e-22
2.06958e-22
2.05875e-22
2.04898e-22
2.04023e-22
2.03246e-22
2.02564e-22
2.01973e-22
2.01469e-22
2.01049e-22
2.0071e-22
2.00449e-22
2.00263e-22
2.00149e-22
2.00105e-22
2.00128e-22
2.00215e-22
2.00364e-22
2.00573e-22
2.0084e-22
2.01163e-22
2.01541e-22
2.01971e-22
2.02452e-22
2.02981e-22
2.03557e-22
2.04178e-22
2.04844e-22
2.05551e-22
2.063e-22
2.07088e-22
2.07915e-22
2.08779e-22
2.09679e-22
2.10614e-22
2.11584e-22
2.12586e-22
2.1362e-22
2.14686e-22
2.15783e-22
2.16909e-22
2.18064e-22
2.19247e-22
2.20459e-22
2.21697e-22
2.22962e-22
2.24253e-22
2.25569e-22
2.26911e-22
2.28277e-22
2.29668e-22
2.31082e-22
2.32519e-22
2.3398e-22
2.35464e-22
2.3697e-22
2.38499e-22
2.40049e-22
2.41622e-22
2.43216e-22
2.44831e-22
2.46468e-22
2.48126e-22
2.49805e-22
2.51505e-22
2.53225e-22
2.54966e-22
2.56728e-22
2.5851e-22
2.60313e-22
2.62136e-22
2.6398e-22
2.65844e-22
2.67728e-22
2.69632e-22
2.71557e-22
2.73502e-22
2.75467e-22
2.77453e-22
2.79458e-22
2.81485e-22
2.83532e-22
