7.5
1e+16
1e+17
16242.6
4.24567e-20
4.24466e-20
4.241e-20
4.23646e-20
4.23109e-20
4.22491e-20
4.21794e-20
4.21017e-20
4.20162e-20
4.1923e-20
4.18221e-20
4.17135e-20
4.15973e-20
4.14735e-20
4.13423e-20
4.12036e-20
4.10577e-20
4.09044e-20
4.0744e-20
4.05765e-20
4.04021e-20
4.02207e-20
4.00325e-20
3.98377e-20
3.96362e-20
3.94283e-20
3.9214e-20
3.89934e-20
3.87667e-20
3.8534e-20
3.82954e-20
3.8051e-20
3.7801e-20
3.75455e-20
3.72846e-20
3.70185e-20
3.67473e-20
3.64711e-20
3.61901e-20
3.59045e-20
3.56143e-20
3.53197e-20
3.50209e-20
3.47179e-20
3.44111e-20
3.41004e-20
3.37862e-20
3.34684e-20
3.31473e-20
3.2823e-20
3.24957e-20
3.21655e-20
3.18326e-20
3.14971e-20
3.11592e-20
3.08191e-20
3.04768e-20
3.01326e-20
2.97866e-20
2.94389e-20
2.90897e-20
2.87392e-20
2.83874e-20
2.80346e-20
2.76809e-20
2.73264e-20
2.69713e-20
2.66158e-20
2.62598e-20
2.59037e-20
2.55475e-20
2.51913e-20
2.48354e-20
2.44798e-20
2.41247e-20
2.37701e-20
2.34163e-20
2.30632e-20
2.27112e-20
2.23602e-20
2.20104e-20
2.16619e-20
2.13148e-20
2.09693e-20
2.06253e-20
2.02831e-20
1.99427e-20
1.96043e-20
1.92678e-20
1.89335e-20
1.86013e-20
1.82715e-20
1.7944e-20
1.7619e-20
1.72965e-20
1.69766e-20
1.66593e-20
1.63448e-20
1.60331e-20
1.57243e-20
1.54184e-20
1.51155e-20
1.48157e-20
1.45189e-20
1.42253e-20
1.39349e-20
1.36477e-20
1.33638e-20
1.30832e-20
1.28059e-20
1.2532e-20
1.22616e-20
1.19946e-20
1.1731e-20
1.14709e-20
1.12143e-20
1.09613e-20
1.07117e-20
1.04657e-20
1.02233e-20
9.98445e-21
9.74916e-21
9.51744e-21
9.2893e-21
9.06472e-21
8.84372e-21
8.62628e-21
8.4124e-21
8.20208e-21
7.99531e-21
7.79208e-21
7.59239e-21
7.39621e-21
7.20353e-21
7.01434e-21
6.82861e-21
6.64634e-21
6.4675e-21
6.29207e-21
6.12005e-21
5.9514e-21
5.78612e-21
5.62417e-21
5.46554e-21
5.31019e-21
5.15811e-21
5.00926e-21
4.86362e-21
4.72116e-21
4.58187e-21
4.44572e-21
4.31268e-21
4.18271e-21
4.05579e-21
3.93188e-21
3.81095e-21
3.69295e-21
3.57786e-21
3.46563e-21
3.35622e-21
3.2496e-21
3.14571e-21
3.04452e-21
2.94598e-21
2.85005e-21
2.75668e-21
2.66584e-21
2.57747e-21
2.49153e-21
2.40798e-21
2.32676e-21
2.24784e-21
2.17117e-21
2.0967e-21
2.02438e-21
1.95418e-21
1.88604e-21
1.81992e-21
1.75578e-21
1.69357e-21
1.63325e-21
1.57477e-21
1.5181e-21
1.46318e-21
1.40998e-21
1.35845e-21
1.30855e-21
1.26025e-21
1.21349e-21
1.16825e-21
1.12448e-21
1.08215e-21
1.04121e-21
1.00162e-21
9.63365e-22
9.2639e-22
8.90666e-22
8.56157e-22
8.2283e-22
7.9065e-22
7.59584e-22
7.29601e-22
7.00669e-22
6.72758e-22
6.45836e-22
6.19874e-22
5.94843e-22
5.70715e-22
5.47463e-22
5.25059e-22
5.03476e-22
4.8269e-22
4.62674e-22
4.43405e-22
4.24858e-22
4.0701e-22
3.89838e-22
3.7332e-22
3.57435e-22
3.42161e-22
3.27477e-22
3.13365e-22
2.99805e-22
2.86777e-22
2.74263e-22
2.62246e-22
2.50709e-22
2.39633e-22
2.29004e-22
2.18805e-22
2.09021e-22
1.99636e-22
1.90637e-22
1.82009e-22
1.73739e-22
1.65814e-22
1.5822e-22
1.50945e-22
1.43978e-22
1.37306e-22
1.30919e-22
1.24805e-22
1.18955e-22
1.13357e-22
1.08003e-22
1.02881e-22
9.79846e-23
9.33033e-23
8.88288e-23
8.4553e-23
8.04677e-23
7.65655e-23
7.28386e-23
6.92802e-23
6.58831e-23
6.26407e-23
5.95467e-23
5.65948e-23
5.37791e-23
5.10938e-23
4.85335e-23
4.60927e-23
4.37664e-23
4.15496e-23
3.94377e-23
3.74261e-23
3.55103e-23
3.36862e-23
3.19498e-23
3.02972e-23
2.87246e-23
2.72285e-23
2.58054e-23
2.44521e-23
2.31654e-23
2.19422e-23
2.07797e-23
1.9675e-23
1.86255e-23
1.76287e-23
1.66821e-23
1.57833e-23
1.49301e-23
1.41203e-23
1.3352e-23
1.2623e-23
1.19316e-23
1.12759e-23
1.06542e-23
1.00649e-23
9.50642e-24
8.9772e-24
8.47582e-24
8.00093e-24
7.55122e-24
7.12542e-24
6.72237e-24
6.3409e-24
5.97995e-24
5.63847e-24
5.31548e-24
5.01004e-24
4.72125e-24
4.44826e-24
4.19026e-24
3.94648e-24
3.71617e-24
3.49863e-24
3.2932e-24
3.09924e-24
2.91615e-24
2.74336e-24
2.58031e-24
2.42649e-24
2.2814e-24
2.14459e-24
2.01559e-24
1.89399e-24
1.77938e-24
1.67139e-24
1.56966e-24
1.47384e-24
1.3836e-24
1.29864e-24
1.21866e-24
1.14339e-24
1.07256e-24
1.00593e-24
9.43259e-25
8.84322e-25
8.28909e-25
7.76819e-25
7.27863e-25
6.81861e-25
6.38645e-25
5.98052e-25
5.59932e-25
5.24142e-25
4.90544e-25
4.59012e-25
4.29425e-25
4.01667e-25
3.75631e-25
3.51215e-25
3.28323e-25
3.06863e-25
2.86751e-25
2.67905e-25
2.5025e-25
2.33712e-25
2.18225e-25
2.03725e-25
1.90151e-25
1.77447e-25
1.6556e-25
1.54439e-25
1.44036e-25
1.34308e-25
1.25213e-25
1.1671e-25
1.08764e-25
1.01338e-25
9.44006e-26
8.79206e-26
8.18692e-26
7.62189e-26
7.09444e-26
6.60215e-26
6.14278e-26
5.71421e-26
5.31446e-26
4.94165e-26
4.59405e-26
4.27002e-26
3.96801e-26
3.6866e-26
3.42446e-26
3.18036e-26
2.95311e-26
2.74162e-26
2.54483e-26
2.3618e-26
2.19161e-26
2.03342e-26
1.88642e-26
1.74987e-26
1.62307e-26
1.50539e-26
1.39621e-26
1.295e-26
1.20123e-26
1.11445e-26
1.03422e-26
9.60142e-27
8.91865e-27
8.29064e-27
7.71452e-27
7.18772e-27
6.70803e-27
6.27354e-27
5.88268e-27
