10
1e+17
1.5e+19
18755.4
3.4814e-20
3.47335e-20
3.44988e-20
3.42512e-20
3.39986e-20
3.37432e-20
3.34861e-20
3.32278e-20
3.29688e-20
3.27092e-20
3.24487e-20
3.21875e-20
3.19254e-20
3.16626e-20
3.1399e-20
3.11346e-20
3.08695e-20
3.06038e-20
3.03374e-20
3.00704e-20
2.98029e-20
2.95348e-20
2.92663e-20
2.89973e-20
2.8728e-20
2.84582e-20
2.81882e-20
2.79179e-20
2.76473e-20
2.73766e-20
2.71057e-20
2.68347e-20
2.65636e-20
2.62925e-20
2.60215e-20
2.57505e-20
2.54795e-20
2.52088e-20
2.49382e-20
2.46678e-20
2.43978e-20
2.4128e-20
2.38586e-20
2.35895e-20
2.33209e-20
2.30528e-20
2.27852e-20
2.25181e-20
2.22517e-20
2.19859e-20
2.17207e-20
2.14563e-20
2.11926e-20
2.09297e-20
2.06676e-20
2.04064e-20
2.0146e-20
1.98866e-20
1.96282e-20
1.93708e-20
1.91144e-20
1.88591e-20
1.86049e-20
1.83518e-20
1.80999e-20
1.78492e-20
1.75998e-20
1.73515e-20
1.71046e-20
1.6859e-20
1.66147e-20
1.63718e-20
1.61303e-20
1.58902e-20
1.56515e-20
1.54143e-20
1.51786e-20
1.49445e-20
1.47118e-20
1.44807e-20
1.42512e-20
1.40232e-20
1.37969e-20
1.35722e-20
1.33491e-20
1.31277e-20
1.2908e-20
1.269e-20
1.24736e-20
1.2259e-20
1.20461e-20
1.18349e-20
1.16254e-20
1.14178e-20
1.12118e-20
1.10077e-20
1.08053e-20
1.06047e-20
1.04059e-20
1.02089e-20
1.00136e-20
9.82019e-21
9.62856e-21
9.43873e-21
9.2507e-21
9.06448e-21
8.88005e-21
8.69743e-21
8.51661e-21
8.3376e-21
8.1604e-21
7.98504e-21
7.81154e-21
7.6399e-21
7.47013e-21
7.30224e-21
7.13624e-21
6.97215e-21
6.80998e-21
6.64975e-21
6.4915e-21
6.33526e-21
6.18107e-21
6.02896e-21
5.87895e-21
5.73108e-21
5.58535e-21
5.44179e-21
5.30047e-21
5.16143e-21
5.02471e-21
4.89036e-21
4.75839e-21
4.62883e-21
4.50169e-21
4.377e-21
4.25476e-21
4.13496e-21
4.01762e-21
3.90273e-21
3.79028e-21
3.68026e-21
3.57266e-21
3.46746e-21
3.36466e-21
3.26422e-21
3.16612e-21
3.07035e-21
2.97688e-21
2.88569e-21
2.79674e-21
2.71e-21
2.62545e-21
2.54306e-21
2.46279e-21
2.38461e-21
2.30849e-21
2.2344e-21
2.1623e-21
2.09215e-21
2.02392e-21
1.95758e-21
1.89309e-21
1.83041e-21
1.76951e-21
1.71035e-21
1.6529e-21
1.59712e-21
1.54297e-21
1.49042e-21
1.43943e-21
1.38998e-21
1.34201e-21
1.2955e-21
1.25042e-21
1.20672e-21
1.16438e-21
1.12336e-21
1.08363e-21
1.04516e-21
1.00791e-21
9.71852e-22
9.36955e-22
9.03188e-22
8.7052e-22
8.38922e-22
8.08364e-22
7.78817e-22
7.50254e-22
7.22646e-22
6.95966e-22
6.70188e-22
6.45285e-22
6.21232e-22
5.98003e-22
5.75574e-22
5.53922e-22
5.33022e-22
5.12851e-22
4.93388e-22
4.7461e-22
4.56496e-22
4.39025e-22
4.22177e-22
4.05932e-22
3.90271e-22
3.75175e-22
3.60625e-22
3.46604e-22
3.33095e-22
3.20081e-22
3.07544e-22
2.9547e-22
2.83843e-22
2.72647e-22
2.61868e-22
2.51492e-22
2.41505e-22
2.31894e-22
2.22645e-22
2.13746e-22
2.05185e-22
1.9695e-22
1.89029e-22
1.81412e-22
1.74087e-22
1.67044e-22
1.60273e-22
1.53765e-22
1.47509e-22
1.41496e-22
1.35718e-22
1.30167e-22
1.24833e-22
1.19708e-22
1.14786e-22
1.10058e-22
1.05517e-22
1.01157e-22
9.69699e-23
9.29499e-23
8.90905e-23
8.53857e-23
8.18295e-23
7.84163e-23
7.51407e-23
7.19974e-23
6.89813e-23
6.60874e-23
6.33111e-23
6.06478e-23
5.80931e-23
5.56428e-23
5.32928e-23
5.10391e-23
4.8878e-23
4.68058e-23
4.48191e-23
4.29143e-23
4.10884e-23
3.93381e-23
3.76604e-23
3.60524e-23
3.45114e-23
3.30346e-23
3.16195e-23
3.02635e-23
2.89644e-23
2.77197e-23
2.65273e-23
2.53851e-23
2.42909e-23
2.32429e-23
2.22392e-23
2.12779e-23
2.03573e-23
1.94758e-23
1.86317e-23
1.78234e-23
1.70496e-23
1.63087e-23
1.55995e-23
1.49205e-23
1.42706e-23
1.36485e-23
1.3053e-23
1.24831e-23
1.19377e-23
1.14157e-23
1.09162e-23
1.04382e-23
9.98089e-24
9.54328e-24
9.12458e-24
8.724e-24
8.34077e-24
7.97414e-24
7.62343e-24
7.28794e-24
6.96704e-24
6.6601e-24
6.36653e-24
6.08575e-24
5.81722e-24
5.56041e-24
5.31482e-24
5.07998e-24
4.85541e-24
4.64068e-24
4.43537e-24
4.23906e-24
4.05137e-24
3.87193e-24
3.70038e-24
3.53638e-24
3.37961e-24
3.22974e-24
3.08649e-24
2.94956e-24
2.81868e-24
2.69359e-24
2.57403e-24
2.45977e-24
2.35057e-24
2.24622e-24
2.14649e-24
2.0512e-24
1.96014e-24
1.87314e-24
1.79001e-24
1.71059e-24
1.63471e-24
1.56221e-24
1.49296e-24
1.42681e-24
1.36362e-24
1.30327e-24
1.24562e-24
1.19057e-24
1.13799e-24
1.08778e-24
1.03984e-24
9.94069e-25
9.50368e-25
9.08649e-25
8.68827e-25
8.30818e-25
7.94543e-25
7.59929e-25
7.26902e-25
6.95394e-25
6.6534e-25
6.36677e-25
6.09345e-25
5.83288e-25
5.58452e-25
5.34784e-25
5.12235e-25
4.90758e-25
4.70309e-25
4.50845e-25
4.32325e-25
4.1471e-25
3.97964e-25
3.82052e-25
3.6694e-25
3.52598e-25
3.38994e-25
3.26101e-25
3.13893e-25
3.02342e-25
2.91426e-25
2.81122e-25
2.71408e-25
2.62264e-25
2.53671e-25
2.45612e-25
2.38069e-25
2.31028e-25
2.24473e-25
2.18392e-25
2.12771e-25
2.07604e-25
2.02894e-25
1.98632e-25
1.94816e-25
1.91441e-25
1.88503e-25
1.85995e-25
1.83907e-25
1.82234e-25
1.8097e-25
1.80109e-25
1.79648e-25
1.79584e-25
1.79914e-25
1.80637e-25
1.81753e-25
1.83262e-25
1.85165e-25
1.87465e-25
