5
1e+16
1e+18
13262.1
7.52034e-20
7.51785e-20
7.50945e-20
7.49946e-20
7.48807e-20
7.47533e-20
7.46126e-20
7.44589e-20
7.42922e-20
7.41127e-20
7.39206e-20
7.37159e-20
7.34988e-20
7.32694e-20
7.30277e-20
7.27739e-20
7.25081e-20
7.22304e-20
7.1941e-20
7.164e-20
7.13275e-20
7.10037e-20
7.06689e-20
7.0323e-20
6.99664e-20
6.95991e-20
6.92215e-20
6.88336e-20
6.84356e-20
6.80278e-20
6.76104e-20
6.71836e-20
6.67475e-20
6.63024e-20
6.58485e-20
6.5386e-20
6.49152e-20
6.44362e-20
6.39494e-20
6.34549e-20
6.29529e-20
6.24438e-20
6.19277e-20
6.14048e-20
6.08756e-20
6.034e-20
5.97985e-20
5.92513e-20
5.86985e-20
5.81405e-20
5.75775e-20
5.70097e-20
5.64375e-20
5.58609e-20
5.52804e-20
5.46961e-20
5.41083e-20
5.35172e-20
5.29231e-20
5.23262e-20
5.17268e-20
5.11251e-20
5.05213e-20
4.99157e-20
4.93085e-20
4.87e-20
4.80904e-20
4.74798e-20
4.68686e-20
4.6257e-20
4.56452e-20
4.50334e-20
4.44218e-20
4.38106e-20
4.32001e-20
4.25905e-20
4.19819e-20
4.13745e-20
4.07686e-20
4.01644e-20
3.9562e-20
3.89616e-20
3.83634e-20
3.77676e-20
3.71744e-20
3.65839e-20
3.59962e-20
3.54116e-20
3.48302e-20
3.42522e-20
3.36777e-20
3.31068e-20
3.25397e-20
3.19765e-20
3.14174e-20
3.08625e-20
3.03118e-20
2.97656e-20
2.92239e-20
2.86868e-20
2.81544e-20
2.76269e-20
2.71044e-20
2.65868e-20
2.60743e-20
2.5567e-20
2.5065e-20
2.45683e-20
2.4077e-20
2.35912e-20
2.31109e-20
2.26362e-20
2.21671e-20
2.17036e-20
2.12459e-20
2.0794e-20
2.03478e-20
1.99074e-20
1.94729e-20
1.90443e-20
1.86215e-20
1.82046e-20
1.77937e-20
1.73887e-20
1.69896e-20
1.65964e-20
1.62091e-20
1.58278e-20
1.54524e-20
1.50829e-20
1.47193e-20
1.43615e-20
1.40096e-20
1.36635e-20
1.33232e-20
1.29887e-20
1.26599e-20
1.23368e-20
1.20194e-20
1.17077e-20
1.14015e-20
1.11009e-20
1.08058e-20
1.05161e-20
1.02319e-20
9.95298e-21
9.67942e-21
9.41112e-21
9.14801e-21
8.89006e-21
8.6372e-21
8.38937e-21
8.14651e-21
7.90857e-21
7.67548e-21
7.44722e-21
7.22373e-21
7.00497e-21
6.79089e-21
6.58143e-21
6.37655e-21
6.17619e-21
5.98028e-21
5.78878e-21
5.60162e-21
5.41876e-21
5.24014e-21
5.06571e-21
4.89541e-21
4.72922e-21
4.56711e-21
4.40903e-21
4.25494e-21
4.10481e-21
3.95859e-21
3.81622e-21
3.67766e-21
3.54285e-21
3.41173e-21
3.28425e-21
3.16038e-21
3.04011e-21
2.92339e-21
2.81018e-21
2.70044e-21
2.59411e-21
2.49115e-21
2.39151e-21
2.29512e-21
2.20192e-21
2.11185e-21
2.02484e-21
1.94084e-21
1.85978e-21
1.78157e-21
1.70617e-21
1.63349e-21
1.56348e-21
1.49605e-21
1.43114e-21
1.36868e-21
1.30861e-21
1.25084e-21
1.19532e-21
1.14197e-21
1.09074e-21
1.04154e-21
9.94327e-22
9.49026e-22
9.05575e-22
8.63913e-22
8.2398e-22
7.85715e-22
7.4906e-22
7.13959e-22
6.80356e-22
6.48196e-22
6.17426e-22
5.87995e-22
5.59852e-22
5.32948e-22
5.07236e-22
4.82669e-22
4.59203e-22
4.36793e-22
4.15399e-22
3.94978e-22
3.75492e-22
3.56902e-22
3.39171e-22
3.22263e-22
3.06144e-22
2.9078e-22
2.76139e-22
2.62191e-22
2.48905e-22
2.36252e-22
2.24205e-22
2.12737e-22
2.01823e-22
1.91438e-22
1.81558e-22
1.7216e-22
1.63223e-22
1.54725e-22
1.46647e-22
1.38969e-22
1.31673e-22
1.2474e-22
1.18155e-22
1.119e-22
1.0596e-22
1.0032e-22
9.49665e-23
8.98851e-23
8.50629e-23
8.04875e-23
7.61469e-23
7.20298e-23
6.81253e-23
6.4423e-23
6.09131e-23
5.75859e-23
5.44326e-23
5.14444e-23
4.86133e-23
4.59313e-23
4.3391e-23
4.09853e-23
3.87073e-23
3.65508e-23
3.45094e-23
3.25773e-23
3.0749e-23
2.90191e-23
2.73827e-23
2.58348e-23
2.43709e-23
2.29866e-23
2.16779e-23
2.04408e-23
1.92715e-23
1.81665e-23
1.71224e-23
1.6136e-23
1.52042e-23
1.43242e-23
1.34932e-23
1.27086e-23
1.19679e-23
1.12688e-23
1.0609e-23
9.98637e-24
9.39895e-24
8.84481e-24
8.32215e-24
7.82925e-24
7.36449e-24
6.92633e-24
6.51329e-24
6.12401e-24
5.75717e-24
5.41152e-24
5.0859e-24
4.77918e-24
4.49031e-24
4.21829e-24
3.96218e-24
3.72108e-24
3.49415e-24
3.28058e-24
3.07962e-24
2.89055e-24
2.7127e-24
2.54542e-24
2.38811e-24
2.2402e-24
2.10114e-24
1.97042e-24
1.84757e-24
1.73213e-24
1.62366e-24
1.52176e-24
1.42605e-24
1.33616e-24
1.25175e-24
1.1725e-24
1.09811e-24
1.02829e-24
9.62759e-25
9.01273e-25
8.43589e-25
7.89479e-25
7.3873e-25
6.91139e-25
6.46517e-25
6.04685e-25
5.65475e-25
5.28727e-25
4.94292e-25
4.62029e-25
4.31806e-25
4.03498e-25
3.76988e-25
3.52165e-25
3.28926e-25
3.07172e-25
2.86812e-25
2.67759e-25
2.49932e-25
2.33255e-25
2.17656e-25
2.03068e-25
1.89426e-25
1.76672e-25
1.6475e-25
1.53607e-25
1.43194e-25
1.33464e-25
1.24374e-25
1.15884e-25
1.07954e-25
1.00549e-25
9.36367e-26
8.71863e-26
8.11688e-26
7.55562e-26
7.03234e-26
6.54458e-26
6.09002e-26
5.66649e-26
5.2722e-26
4.90525e-26
4.56386e-26
4.24635e-26
3.95119e-26
3.67692e-26
3.4222e-26
3.18577e-26
2.96648e-26
2.76324e-26
2.57505e-26
2.40098e-26
2.24017e-26
2.09184e-26
1.95525e-26
1.82974e-26
1.71469e-26
1.60955e-26
1.51382e-26
1.42703e-26
1.34877e-26
1.2787e-26
1.21649e-26
1.16186e-26
1.11459e-26
1.07448e-26
1.04139e-26
1.0152e-26
9.9584e-27
9.83288e-27
