2.5
1e+16
1e+17
9377.69
2.17574e-19
2.17564e-19
2.17495e-19
2.17385e-19
2.17232e-19
2.17037e-19
2.16798e-19
2.16516e-19
2.16191e-19
2.15824e-19
2.15414e-19
2.14962e-19
2.14469e-19
2.13933e-19
2.13357e-19
2.12739e-19
2.12081e-19
2.11382e-19
2.10644e-19
2.09867e-19
2.0905e-19
2.08195e-19
2.07302e-19
2.06372e-19
2.05405e-19
2.04401e-19
2.03362e-19
2.02288e-19
2.01179e-19
2.00036e-19
1.9886e-19
1.97651e-19
1.96411e-19
1.95139e-19
1.93837e-19
1.92505e-19
1.91144e-19
1.89754e-19
1.88338e-19
1.86894e-19
1.85424e-19
1.83929e-19
1.8241e-19
1.80867e-19
1.79301e-19
1.77714e-19
1.76105e-19
1.74476e-19
1.72827e-19
1.7116e-19
1.69475e-19
1.67773e-19
1.66055e-19
1.64322e-19
1.62574e-19
1.60813e-19
1.59039e-19
1.57253e-19
1.55456e-19
1.53649e-19
1.51833e-19
1.50008e-19
1.48176e-19
1.46336e-19
1.44491e-19
1.4264e-19
1.40785e-19
1.38926e-19
1.37065e-19
1.35201e-19
1.33336e-19
1.31471e-19
1.29605e-19
1.27741e-19
1.25878e-19
1.24018e-19
1.22161e-19
1.20307e-19
1.18458e-19
1.16614e-19
1.14776e-19
1.12944e-19
1.11119e-19
1.09302e-19
1.07493e-19
1.05693e-19
1.03903e-19
1.02122e-19
1.00352e-19
9.85923e-20
9.68444e-20
9.51086e-20
9.33852e-20
9.16747e-20
8.99775e-20
8.82941e-20
8.66249e-20
8.49703e-20
8.33306e-20
8.17063e-20
8.00976e-20
7.85048e-20
7.69284e-20
7.53686e-20
7.38256e-20
7.22998e-20
7.07914e-20
6.93005e-20
6.78276e-20
6.63726e-20
6.49359e-20
6.35176e-20
6.21179e-20
6.07369e-20
5.93747e-20
5.80314e-20
5.67072e-20
5.54022e-20
5.41164e-20
5.28498e-20
5.16026e-20
5.03748e-20
4.91663e-20
4.79772e-20
4.68076e-20
4.56573e-20
4.45264e-20
4.34148e-20
4.23226e-20
4.12495e-20
4.01956e-20
3.91609e-20
3.81451e-20
3.71483e-20
3.61703e-20
3.5211e-20
3.42703e-20
3.3348e-20
3.24441e-20
3.15584e-20
3.06907e-20
2.98409e-20
2.90089e-20
2.81944e-20
2.73973e-20
2.66174e-20
2.58546e-20
2.51086e-20
2.43792e-20
2.36663e-20
2.29697e-20
2.22891e-20
2.16244e-20
2.09752e-20
2.03415e-20
1.97231e-20
1.91195e-20
1.85308e-20
1.79566e-20
1.73967e-20
1.68509e-20
1.63189e-20
1.58006e-20
1.52957e-20
1.4804e-20
1.43252e-20
1.38591e-20
1.34055e-20
1.29642e-20
1.25349e-20
1.21173e-20
1.17114e-20
1.13168e-20
1.09332e-20
1.05606e-20
1.01986e-20
9.8471e-21
9.50578e-21
9.17446e-21
8.85291e-21
8.54092e-21
8.23827e-21
7.94476e-21
7.66017e-21
7.3843e-21
7.11693e-21
6.85787e-21
6.60692e-21
6.36387e-21
6.12854e-21
5.90072e-21
5.68024e-21
5.46689e-21
5.2605e-21
5.06089e-21
4.86787e-21
4.68127e-21
4.50092e-21
4.32665e-21
4.15829e-21
3.99567e-21
3.83864e-21
3.68704e-21
3.54071e-21
3.3995e-21
3.26326e-21
3.13185e-21
3.00512e-21
2.88293e-21
2.76515e-21
2.65164e-21
2.54228e-21
2.43693e-21
2.33547e-21
2.23777e-21
2.14372e-21
2.0532e-21
1.9661e-21
1.88231e-21
1.80172e-21
1.72422e-21
1.64972e-21
1.5781e-21
1.50929e-21
1.44317e-21
1.37967e-21
1.31869e-21
1.26013e-21
1.20393e-21
1.14999e-21
1.09824e-21
1.0486e-21
1.00098e-21
9.55334e-22
9.11571e-22
8.69628e-22
8.29439e-22
7.90937e-22
7.54062e-22
7.18752e-22
6.84949e-22
6.52596e-22
6.21637e-22
5.92021e-22
5.63694e-22
5.36608e-22
5.10713e-22
4.85963e-22
4.62312e-22
4.39718e-22
4.18137e-22
3.97529e-22
3.77854e-22
3.59074e-22
3.41154e-22
3.24058e-22
3.07753e-22
2.92204e-22
2.77382e-22
2.63256e-22
2.49795e-22
2.36972e-22
2.2476e-22
2.13133e-22
2.02064e-22
1.91529e-22
1.81506e-22
1.71972e-22
1.62904e-22
1.54282e-22
1.46086e-22
1.38297e-22
1.30897e-22
1.23867e-22
1.1719e-22
1.10851e-22
1.04833e-22
9.91211e-23
9.37017e-23
8.85607e-23
8.36848e-23
7.90613e-23
7.46782e-23
7.05239e-23
6.65873e-23
6.28578e-23
5.93253e-23
5.59801e-23
5.2813e-23
4.98151e-23
4.69781e-23
4.42937e-23
4.17545e-23
3.9353e-23
3.70823e-23
3.49356e-23
3.29067e-23
3.09895e-23
2.91782e-23
2.74674e-23
2.58517e-23
2.43263e-23
2.28864e-23
2.15274e-23
2.02452e-23
1.90355e-23
1.78947e-23
1.68188e-23
1.58045e-23
1.48485e-23
1.39476e-23
1.30987e-23
1.2299e-23
1.15459e-23
1.08368e-23
1.01692e-23
9.54091e-24
8.94963e-24
8.39334e-24
7.87007e-24
7.37797e-24
6.91527e-24
6.48031e-24
6.07151e-24
5.68737e-24
5.32648e-24
4.98751e-24
4.66919e-24
4.37032e-24
4.08978e-24
3.82648e-24
3.57943e-24
3.34767e-24
3.13029e-24
2.92646e-24
2.73535e-24
2.55622e-24
2.38835e-24
2.23106e-24
2.08371e-24
1.94572e-24
1.8165e-24
1.69553e-24
1.58231e-24
1.47635e-24
1.37722e-24
1.28449e-24
1.19777e-24
1.11668e-24
1.04087e-24
9.70024e-25
9.03818e-25
8.41964e-25
7.84188e-25
7.30233e-25
6.79856e-25
6.32829e-25
5.88939e-25
5.47985e-25
5.09778e-25
4.74142e-25
4.4091e-25
4.09927e-25
3.81046e-25
3.5413e-25
3.29052e-25
3.05689e-25
2.83931e-25
2.6367e-25
2.44809e-25
2.27254e-25
2.10918e-25
1.9572e-25
1.81586e-25
1.68442e-25
1.56224e-25
1.44869e-25
1.34319e-25
1.24521e-25
1.15424e-25
1.06981e-25
9.91491e-26
9.18872e-26
8.51579e-26
7.89261e-26
7.31597e-26
6.78287e-26
6.29058e-26
5.83656e-26
5.4185e-26
5.03431e-26
4.68206e-26
4.36005e-26
4.06674e-26
3.80076e-26
3.56095e-26
3.3463e-26
3.15595e-26
2.98923e-26
2.84564e-26
2.72482e-26
