7.5
5e+17
1e+18
16242.6
4.18706e-20
4.18667e-20
4.1848e-20
4.18211e-20
4.17861e-20
4.17428e-20
4.16914e-20
4.16319e-20
4.15643e-20
4.14887e-20
4.14051e-20
4.13135e-20
4.12141e-20
4.11068e-20
4.09917e-20
4.08689e-20
4.07385e-20
4.06005e-20
4.0455e-20
4.03021e-20
4.01419e-20
3.99744e-20
3.97999e-20
3.96183e-20
3.94297e-20
3.92344e-20
3.90324e-20
3.88237e-20
3.86086e-20
3.83871e-20
3.81594e-20
3.79256e-20
3.76858e-20
3.74401e-20
3.71887e-20
3.69318e-20
3.66694e-20
3.64017e-20
3.61289e-20
3.58511e-20
3.55684e-20
3.5281e-20
3.4989e-20
3.46926e-20
3.4392e-20
3.40873e-20
3.37786e-20
3.34661e-20
3.315e-20
3.28305e-20
3.25076e-20
3.21816e-20
3.18525e-20
3.15207e-20
3.11861e-20
3.0849e-20
3.05096e-20
3.0168e-20
2.98243e-20
2.94788e-20
2.91315e-20
2.87826e-20
2.84323e-20
2.80808e-20
2.77281e-20
2.73745e-20
2.70201e-20
2.6665e-20
2.63094e-20
2.59534e-20
2.55972e-20
2.52409e-20
2.48847e-20
2.45287e-20
2.4173e-20
2.38177e-20
2.34631e-20
2.31092e-20
2.27561e-20
2.2404e-20
2.2053e-20
2.17033e-20
2.13548e-20
2.10078e-20
2.06624e-20
2.03186e-20
1.99766e-20
1.96365e-20
1.92984e-20
1.89623e-20
1.86284e-20
1.82968e-20
1.79675e-20
1.76406e-20
1.73163e-20
1.69945e-20
1.66755e-20
1.63591e-20
1.60456e-20
1.5735e-20
1.54273e-20
1.51226e-20
1.4821e-20
1.45226e-20
1.42273e-20
1.39352e-20
1.36464e-20
1.33609e-20
1.30788e-20
1.28001e-20
1.25248e-20
1.22529e-20
1.19846e-20
1.17198e-20
1.14585e-20
1.12008e-20
1.09467e-20
1.06962e-20
1.04493e-20
1.02061e-20
9.96647e-21
9.73051e-21
9.49821e-21
9.26956e-21
9.04457e-21
8.82324e-21
8.60556e-21
8.39153e-21
8.18114e-21
7.97438e-21
7.77124e-21
7.57172e-21
7.37579e-21
7.18344e-21
6.99465e-21
6.8094e-21
6.62768e-21
6.44946e-21
6.27472e-21
6.10343e-21
5.93557e-21
5.77112e-21
5.61005e-21
5.45232e-21
5.29792e-21
5.1468e-21
4.99894e-21
4.8543e-21
4.71286e-21
4.57457e-21
4.43941e-21
4.30734e-21
4.17832e-21
4.05232e-21
3.92929e-21
3.8092e-21
3.69202e-21
3.57769e-21
3.46618e-21
3.35745e-21
3.25145e-21
3.14814e-21
3.04748e-21
2.94943e-21
2.85394e-21
2.76098e-21
2.67048e-21
2.58242e-21
2.49675e-21
2.41342e-21
2.3324e-21
2.25363e-21
2.17707e-21
2.10268e-21
2.03041e-21
1.96023e-21
1.89208e-21
1.82593e-21
1.76173e-21
1.69944e-21
1.63902e-21
1.58043e-21
1.52362e-21
1.46855e-21
1.41518e-21
1.36348e-21
1.3134e-21
1.26491e-21
1.21795e-21
1.17251e-21
1.12853e-21
1.08598e-21
1.04483e-21
1.00504e-21
9.66563e-22
9.29376e-22
8.93442e-22
8.58725e-22
8.25193e-22
7.92812e-22
7.61551e-22
7.31378e-22
7.0226e-22
6.74169e-22
6.47074e-22
6.20946e-22
5.95755e-22
5.71474e-22
5.48076e-22
5.25532e-22
5.03818e-22
4.82907e-22
4.62774e-22
4.43394e-22
4.24744e-22
4.068e-22
3.89538e-22
3.72938e-22
3.56976e-22
3.41633e-22
3.26886e-22
3.12716e-22
2.99104e-22
2.8603e-22
2.73476e-22
2.61424e-22
2.49855e-22
2.38754e-22
2.28103e-22
2.17887e-22
2.0809e-22
1.98696e-22
1.89691e-22
1.81061e-22
1.72792e-22
1.6487e-22
1.57282e-22
1.50017e-22
1.4306e-22
1.36402e-22
1.3003e-22
1.23933e-22
1.18101e-22
1.12523e-22
1.0719e-22
1.02091e-22
9.72171e-23
9.25597e-23
8.81098e-23
8.3859e-23
7.97994e-23
7.59229e-23
7.22222e-23
6.86898e-23
6.5319e-23
6.21028e-23
5.90348e-23
5.61087e-23
5.33185e-23
5.06584e-23
4.81228e-23
4.57064e-23
4.3404e-23
4.12106e-23
3.91215e-23
3.7132e-23
3.52379e-23
3.34348e-23
3.17187e-23
3.00857e-23
2.8532e-23
2.70542e-23
2.56487e-23
2.43122e-23
2.30416e-23
2.18338e-23
2.06861e-23
1.95954e-23
1.85593e-23
1.75752e-23
1.66405e-23
1.57531e-23
1.49106e-23
1.41109e-23
1.3352e-23
1.26319e-23
1.19488e-23
1.13008e-23
1.06863e-23
1.01036e-23
9.55119e-24
9.02758e-24
8.53135e-24
8.06115e-24
7.61568e-24
7.19372e-24
6.79409e-24
6.41567e-24
6.0574e-24
5.71827e-24
5.39729e-24
5.09356e-24
4.80619e-24
4.53434e-24
4.27722e-24
4.03407e-24
3.80417e-24
3.58683e-24
3.38141e-24
3.18727e-24
3.00382e-24
2.83052e-24
2.66681e-24
2.51221e-24
2.36621e-24
2.22838e-24
2.09826e-24
1.97546e-24
1.85957e-24
1.75023e-24
1.64708e-24
1.54979e-24
1.45803e-24
1.37152e-24
1.28996e-24
1.21308e-24
1.14063e-24
1.07236e-24
1.00805e-24
9.47465e-25
8.90408e-25
8.36682e-25
7.86101e-25
7.3849e-25
6.93683e-25
6.51522e-25
6.11858e-25
5.74551e-25
5.39468e-25
5.06483e-25
4.75477e-25
4.46338e-25
4.18959e-25
3.9324e-25
3.69087e-25
3.46409e-25
3.25124e-25
3.0515e-25
2.86413e-25
2.68842e-25
2.5237e-25
2.36934e-25
2.22474e-25
2.08935e-25
1.96265e-25
1.84412e-25
1.73332e-25
1.6298e-25
1.53314e-25
1.44296e-25
1.3589e-25
1.28062e-25
1.20779e-25
1.14011e-25
1.07731e-25
1.01913e-25
9.65306e-26
9.15625e-26
8.69868e-26
8.27837e-26
7.89347e-26
7.54228e-26
7.2232e-26
6.93478e-26
6.67564e-26
6.44461e-26
6.24072e-26
6.06319e-26
5.91105e-26
5.78358e-26
5.67997e-26
5.5997e-26
5.54221e-26
5.50695e-26
5.49342e-26
5.50119e-26
5.52994e-26
5.57939e-26
5.64934e-26
5.73967e-26
5.85032e-26
5.98128e-26
6.13263e-26
6.30449e-26
6.49705e-26
6.71057e-26
6.94536e-26
7.20178e-26
7.48027e-26
7.78131e-26
8.10544e-26
