2.5
1e+16
1e+18
9377.69
2.16099e-19
2.16089e-19
2.16019e-19
2.15909e-19
2.15756e-19
2.15561e-19
2.15323e-19
2.15043e-19
2.14721e-19
2.14357e-19
2.1395e-19
2.13503e-19
2.13014e-19
2.12483e-19
2.11912e-19
2.11301e-19
2.10649e-19
2.09958e-19
2.09228e-19
2.08459e-19
2.07651e-19
2.06805e-19
2.05922e-19
2.05002e-19
2.04046e-19
2.03054e-19
2.02026e-19
2.00964e-19
1.99868e-19
1.98738e-19
1.97575e-19
1.9638e-19
1.95154e-19
1.93897e-19
1.92609e-19
1.91292e-19
1.89947e-19
1.88573e-19
1.87172e-19
1.85745e-19
1.84292e-19
1.82814e-19
1.81312e-19
1.79787e-19
1.78239e-19
1.76669e-19
1.75078e-19
1.73467e-19
1.71837e-19
1.70188e-19
1.68522e-19
1.66839e-19
1.6514e-19
1.63426e-19
1.61697e-19
1.59955e-19
1.582e-19
1.56434e-19
1.54656e-19
1.52869e-19
1.51072e-19
1.49266e-19
1.47453e-19
1.45633e-19
1.43807e-19
1.41975e-19
1.40139e-19
1.38299e-19
1.36457e-19
1.34612e-19
1.32765e-19
1.30918e-19
1.29071e-19
1.27225e-19
1.25381e-19
1.23538e-19
1.21699e-19
1.19863e-19
1.18031e-19
1.16204e-19
1.14383e-19
1.12568e-19
1.1076e-19
1.08959e-19
1.07166e-19
1.05382e-19
1.03607e-19
1.01841e-19
1.00086e-19
9.83416e-20
9.66083e-20
9.48867e-20
9.31773e-20
9.14805e-20
8.97968e-20
8.81265e-20
8.64702e-20
8.48281e-20
8.32007e-20
8.15883e-20
7.99912e-20
7.84099e-20
7.68445e-20
7.52955e-20
7.3763e-20
7.22473e-20
7.07488e-20
6.92675e-20
6.78039e-20
6.63579e-20
6.49299e-20
6.352e-20
6.21284e-20
6.07552e-20
5.94006e-20
5.80646e-20
5.67474e-20
5.54491e-20
5.41697e-20
5.29093e-20
5.1668e-20
5.04458e-20
4.92427e-20
4.80588e-20
4.6894e-20
4.57484e-20
4.46218e-20
4.35144e-20
4.2426e-20
4.13567e-20
4.03062e-20
3.92747e-20
3.82619e-20
3.72679e-20
3.62925e-20
3.53355e-20
3.4397e-20
3.34768e-20
3.25746e-20
3.16905e-20
3.08243e-20
2.99758e-20
2.91449e-20
2.83313e-20
2.7535e-20
2.67557e-20
2.59934e-20
2.52477e-20
2.45186e-20
2.38057e-20
2.3109e-20
2.24282e-20
2.17632e-20
2.11136e-20
2.04794e-20
1.98603e-20
1.9256e-20
1.86664e-20
1.80913e-20
1.75304e-20
1.69835e-20
1.64503e-20
1.59308e-20
1.54245e-20
1.49314e-20
1.44511e-20
1.39835e-20
1.35284e-20
1.30854e-20
1.26544e-20
1.22351e-20
1.18274e-20
1.14309e-20
1.10456e-20
1.06711e-20
1.03072e-20
9.95367e-21
9.61037e-21
9.27705e-21
8.95347e-21
8.63944e-21
8.33473e-21
8.03914e-21
7.75246e-21
7.47449e-21
7.20501e-21
6.94384e-21
6.69076e-21
6.44559e-21
6.20812e-21
5.97817e-21
5.75555e-21
5.54008e-21
5.33156e-21
5.12982e-21
4.93468e-21
4.74597e-21
4.56351e-21
4.38714e-21
4.21668e-21
4.05198e-21
3.89287e-21
3.7392e-21
3.59082e-21
3.44756e-21
3.30929e-21
3.17585e-21
3.04711e-21
2.92292e-21
2.80316e-21
2.68767e-21
2.57634e-21
2.46904e-21
2.36563e-21
2.26601e-21
2.17005e-21
2.07762e-21
1.98864e-21
1.90297e-21
1.82053e-21
1.74121e-21
1.6649e-21
1.59152e-21
1.52097e-21
1.45316e-21
1.38799e-21
1.32538e-21
1.26523e-21
1.20747e-21
1.15201e-21
1.09878e-21
1.04769e-21
9.98676e-22
9.5166e-22
9.06573e-22
8.63347e-22
8.21915e-22
7.82214e-22
7.44184e-22
7.07768e-22
6.72909e-22
6.39553e-22
6.07646e-22
5.77136e-22
5.47972e-22
5.20104e-22
4.93483e-22
4.68063e-22
4.43796e-22
4.20637e-22
3.98542e-22
3.77469e-22
3.57375e-22
3.38225e-22
3.19984e-22
3.02617e-22
2.86091e-22
2.70373e-22
2.5543e-22
2.41231e-22
2.27746e-22
2.14943e-22
2.02795e-22
1.91273e-22
1.80348e-22
1.69996e-22
1.60189e-22
1.50904e-22
1.42115e-22
1.33799e-22
1.25935e-22
1.185e-22
1.11474e-22
1.04836e-22
9.85676e-23
9.26502e-23
8.7066e-23
8.1798e-23
7.683e-23
7.21464e-23
6.77323e-23
6.35736e-23
5.96566e-23
5.59683e-23
5.24965e-23
4.92294e-23
4.61558e-23
4.32649e-23
4.05467e-23
3.79915e-23
3.55901e-23
3.33339e-23
3.12146e-23
2.92244e-23
2.73558e-23
2.56018e-23
2.39558e-23
2.24115e-23
2.09628e-23
1.96042e-23
1.83303e-23
1.71361e-23
1.60169e-23
1.49681e-23
1.39855e-23
1.30651e-23
1.22031e-23
1.1396e-23
1.06404e-23
9.93319e-24
9.27138e-24
8.65216e-24
8.0729e-24
7.53111e-24
7.02447e-24
6.55078e-24
6.10798e-24
5.69412e-24
5.30737e-24
4.94604e-24
4.60851e-24
4.29326e-24
3.99888e-24
3.72404e-24
3.46749e-24
3.22804e-24
3.00461e-24
2.79615e-24
2.6017e-24
2.42035e-24
2.25124e-24
2.09358e-24
1.94662e-24
1.80966e-24
1.68204e-24
1.56314e-24
1.45239e-24
1.34925e-24
1.25321e-24
1.16381e-24
1.08059e-24
1.00315e-24
9.31097e-25
8.64067e-25
8.01722e-25
7.43746e-25
6.8984e-25
6.3973e-25
5.93155e-25
5.49875e-25
5.09663e-25
4.72309e-25
4.37616e-25
4.05399e-25
3.75489e-25
3.47724e-25
3.21955e-25
2.98044e-25
2.7586e-25
2.55282e-25
2.36198e-25
2.18503e-25
2.02097e-25
1.86891e-25
1.72799e-25
1.59742e-25
1.47647e-25
1.36444e-25
1.26069e-25
1.16465e-25
1.07574e-25
9.93463e-26
9.17337e-26
8.46919e-26
7.81796e-26
7.21587e-26
6.65935e-26
6.14513e-26
5.67014e-26
5.23156e-26
4.82677e-26
4.45334e-26
4.10904e-26
3.79181e-26
3.49973e-26
3.23107e-26
2.9842e-26
2.75767e-26
2.55012e-26
2.36032e-26
2.18718e-26
2.02969e-26
1.88696e-26
1.75819e-26
1.64268e-26
1.53984e-26
1.44915e-26
1.37019e-26
1.30263e-26
1.24621e-26
1.20079e-26
