7.5
1e+17
5e+17
16242.6
4.18849e-20
4.18785e-20
4.18525e-20
4.18181e-20
4.17755e-20
4.1725e-20
4.16664e-20
4.15999e-20
4.15255e-20
4.14433e-20
4.13533e-20
4.12556e-20
4.11502e-20
4.10371e-20
4.09165e-20
4.07884e-20
4.06528e-20
4.05099e-20
4.03597e-20
4.02024e-20
4.00379e-20
3.98664e-20
3.96881e-20
3.95029e-20
3.93109e-20
3.91124e-20
3.89074e-20
3.8696e-20
3.84784e-20
3.82546e-20
3.80247e-20
3.7789e-20
3.75475e-20
3.73003e-20
3.70477e-20
3.67896e-20
3.65263e-20
3.62579e-20
3.59846e-20
3.57064e-20
3.54235e-20
3.51362e-20
3.48444e-20
3.45484e-20
3.42483e-20
3.39442e-20
3.36364e-20
3.3325e-20
3.301e-20
3.26918e-20
3.23703e-20
3.20459e-20
3.17186e-20
3.13886e-20
3.1056e-20
3.0721e-20
3.03838e-20
3.00444e-20
2.97032e-20
2.93601e-20
2.90154e-20
2.86692e-20
2.83217e-20
2.7973e-20
2.76233e-20
2.72727e-20
2.69213e-20
2.65693e-20
2.62168e-20
2.5864e-20
2.55111e-20
2.51581e-20
2.48052e-20
2.44525e-20
2.41001e-20
2.37482e-20
2.3397e-20
2.30465e-20
2.26968e-20
2.23481e-20
2.20005e-20
2.16541e-20
2.1309e-20
2.09653e-20
2.06232e-20
2.02827e-20
1.9944e-20
1.96071e-20
1.92721e-20
1.89392e-20
1.86083e-20
1.82797e-20
1.79534e-20
1.76295e-20
1.7308e-20
1.69891e-20
1.66728e-20
1.63591e-20
1.60482e-20
1.57401e-20
1.54349e-20
1.51326e-20
1.48333e-20
1.45371e-20
1.42439e-20
1.39539e-20
1.36671e-20
1.33835e-20
1.31032e-20
1.28262e-20
1.25525e-20
1.22822e-20
1.20153e-20
1.17519e-20
1.14919e-20
1.12353e-20
1.09823e-20
1.07328e-20
1.04868e-20
1.02443e-20
1.00054e-20
9.77003e-21
9.53823e-21
9.31e-21
9.08533e-21
8.86423e-21
8.64668e-21
8.4327e-21
8.22227e-21
8.01539e-21
7.81204e-21
7.61223e-21
7.41593e-21
7.22314e-21
7.03384e-21
6.848e-21
6.66562e-21
6.48667e-21
6.31115e-21
6.13902e-21
5.97026e-21
5.80487e-21
5.64281e-21
5.48406e-21
5.32859e-21
5.17637e-21
5.02738e-21
4.8816e-21
4.73898e-21
4.59952e-21
4.46317e-21
4.32991e-21
4.1997e-21
4.07252e-21
3.94833e-21
3.82708e-21
3.70875e-21
3.5933e-21
3.48069e-21
3.37088e-21
3.26383e-21
3.15949e-21
3.05784e-21
2.95882e-21
2.86239e-21
2.76851e-21
2.67714e-21
2.58824e-21
2.50175e-21
2.41765e-21
2.33587e-21
2.25639e-21
2.17915e-21
2.10411e-21
2.03123e-21
1.96046e-21
1.89177e-21
1.8251e-21
1.76041e-21
1.69766e-21
1.63681e-21
1.57782e-21
1.52064e-21
1.46523e-21
1.41155e-21
1.35955e-21
1.30921e-21
1.26047e-21
1.21331e-21
1.16767e-21
1.12352e-21
1.08082e-21
1.03953e-21
9.99627e-22
9.6106e-22
9.23798e-22
8.87804e-22
8.53044e-22
8.19483e-22
7.87088e-22
7.55826e-22
7.25663e-22
6.96569e-22
6.68512e-22
6.41461e-22
6.15387e-22
5.90259e-22
5.66048e-22
5.42728e-22
5.2027e-22
4.98646e-22
4.77832e-22
4.578e-22
4.38527e-22
4.19986e-22
4.02155e-22
3.8501e-22
3.68528e-22
3.52688e-22
3.37466e-22
3.22843e-22
3.08798e-22
2.9531e-22
2.82361e-22
2.69932e-22
2.58004e-22
2.4656e-22
2.35581e-22
2.25052e-22
2.14956e-22
2.05277e-22
1.96e-22
1.87111e-22
1.78593e-22
1.70434e-22
1.62621e-22
1.55139e-22
1.47977e-22
1.41121e-22
1.34561e-22
1.28284e-22
1.2228e-22
1.16538e-22
1.11047e-22
1.05798e-22
1.0078e-22
9.59846e-23
9.14027e-23
8.70256e-23
8.28448e-23
7.88523e-23
7.50403e-23
7.14013e-23
6.79281e-23
6.46137e-23
6.14515e-23
5.84349e-23
5.55577e-23
5.28141e-23
5.01982e-23
4.77046e-23
4.53279e-23
4.30631e-23
4.09052e-23
3.88496e-23
3.68917e-23
3.50272e-23
3.3252e-23
3.1562e-23
2.99534e-23
2.84226e-23
2.6966e-23
2.55803e-23
2.42621e-23
2.30086e-23
2.18166e-23
2.06833e-23
1.9606e-23
1.85821e-23
1.76091e-23
1.66846e-23
1.58063e-23
1.49721e-23
1.41799e-23
1.34277e-23
1.27135e-23
1.20355e-23
1.13921e-23
1.07815e-23
1.02022e-23
9.65256e-24
9.13125e-24
8.63685e-24
8.16804e-24
7.72356e-24
7.30223e-24
6.90288e-24
6.52443e-24
6.16585e-24
5.82613e-24
5.50434e-24
5.19957e-24
4.91097e-24
4.63771e-24
4.37904e-24
4.13419e-24
3.90247e-24
3.6832e-24
3.47576e-24
3.27952e-24
3.09391e-24
2.91839e-24
2.75242e-24
2.59552e-24
2.4472e-24
2.30703e-24
2.17456e-24
2.04941e-24
1.93118e-24
1.8195e-24
1.71403e-24
1.61444e-24
1.52042e-24
1.43166e-24
1.34788e-24
1.26883e-24
1.19423e-24
1.12386e-24
1.05748e-24
9.94878e-25
9.35845e-25
8.80186e-25
8.27718e-25
7.78266e-25
7.31662e-25
6.87751e-25
6.46383e-25
6.07417e-25
5.7072e-25
5.36165e-25
5.03633e-25
4.7301e-25
4.44189e-25
4.17069e-25
3.91554e-25
3.67554e-25
3.44982e-25
3.23757e-25
3.03804e-25
2.85049e-25
2.67424e-25
2.50865e-25
2.3531e-25
2.20703e-25
2.06988e-25
1.94115e-25
1.82035e-25
1.70703e-25
1.60075e-25
1.50111e-25
1.40773e-25
1.32024e-25
1.23832e-25
1.16164e-25
1.08991e-25
1.02284e-25
9.60159e-26
9.01632e-26
8.47022e-26
7.9611e-26
7.48691e-26
7.04576e-26
6.63584e-26
6.25549e-26
5.90315e-26
5.57741e-26
5.27704e-26
5.00098e-26
4.74806e-26
4.5173e-26
4.30768e-26
4.11842e-26
3.94873e-26
3.79783e-26
3.66502e-26
3.54966e-26
3.45118e-26
3.36909e-26
3.30295e-26
3.25241e-26
3.21715e-26
3.19694e-26
3.19158e-26
3.20094e-26
3.22496e-26
3.26362e-26
3.31695e-26
3.38505e-26
3.46806e-26
3.56618e-26
3.67966e-26
