7.5
1e+17
1e+17
16242.6
4.18993e-20
4.18965e-20
4.18807e-20
4.18568e-20
4.18247e-20
4.17844e-20
4.17358e-20
4.1679e-20
4.16141e-20
4.1541e-20
4.14598e-20
4.13705e-20
4.12733e-20
4.11682e-20
4.10551e-20
4.09342e-20
4.08056e-20
4.06694e-20
4.05255e-20
4.03742e-20
4.02154e-20
4.00493e-20
3.98759e-20
3.96955e-20
3.9508e-20
3.93136e-20
3.91124e-20
3.89045e-20
3.869e-20
3.84691e-20
3.82418e-20
3.80084e-20
3.77688e-20
3.75234e-20
3.72721e-20
3.70152e-20
3.67527e-20
3.64849e-20
3.62118e-20
3.59336e-20
3.56505e-20
3.53626e-20
3.50701e-20
3.47731e-20
3.44717e-20
3.41662e-20
3.38567e-20
3.35433e-20
3.32262e-20
3.29056e-20
3.25816e-20
3.22544e-20
3.19242e-20
3.15911e-20
3.12552e-20
3.09168e-20
3.05759e-20
3.02328e-20
2.98877e-20
2.95406e-20
2.91917e-20
2.88413e-20
2.84894e-20
2.81362e-20
2.77818e-20
2.74265e-20
2.70703e-20
2.67135e-20
2.63561e-20
2.59984e-20
2.56404e-20
2.52823e-20
2.49243e-20
2.45665e-20
2.4209e-20
2.38519e-20
2.34955e-20
2.31398e-20
2.27849e-20
2.2431e-20
2.20783e-20
2.17267e-20
2.13765e-20
2.10278e-20
2.06807e-20
2.03352e-20
1.99915e-20
1.96498e-20
1.931e-20
1.89724e-20
1.86369e-20
1.83037e-20
1.79729e-20
1.76446e-20
1.73188e-20
1.69956e-20
1.66752e-20
1.63575e-20
1.60427e-20
1.57308e-20
1.54219e-20
1.51161e-20
1.48134e-20
1.45138e-20
1.42174e-20
1.39244e-20
1.36346e-20
1.33482e-20
1.30652e-20
1.27856e-20
1.25096e-20
1.2237e-20
1.1968e-20
1.17025e-20
1.14407e-20
1.11824e-20
1.09278e-20
1.06769e-20
1.04296e-20
1.0186e-20
9.94604e-21
9.70981e-21
9.47728e-21
9.24845e-21
9.02333e-21
8.80191e-21
8.58418e-21
8.37014e-21
8.15979e-21
7.95311e-21
7.7501e-21
7.55073e-21
7.35499e-21
7.16287e-21
6.97435e-21
6.78941e-21
6.60802e-21
6.43016e-21
6.25581e-21
6.08495e-21
5.91754e-21
5.75356e-21
5.59298e-21
5.43576e-21
5.28189e-21
5.13131e-21
4.98401e-21
4.83994e-21
4.69908e-21
4.56138e-21
4.42681e-21
4.29533e-21
4.1669e-21
4.04149e-21
3.91905e-21
3.79955e-21
3.68293e-21
3.56917e-21
3.45822e-21
3.35004e-21
3.24458e-21
3.1418e-21
3.04165e-21
2.9441e-21
2.8491e-21
2.75661e-21
2.66658e-21
2.57896e-21
2.49372e-21
2.41081e-21
2.33018e-21
2.25179e-21
2.1756e-21
2.10156e-21
2.02963e-21
1.95977e-21
1.89193e-21
1.82607e-21
1.76215e-21
1.70012e-21
1.63995e-21
1.58158e-21
1.52499e-21
1.47013e-21
1.41696e-21
1.36543e-21
1.31552e-21
1.26717e-21
1.22036e-21
1.17504e-21
1.13118e-21
1.08874e-21
1.04768e-21
1.00797e-21
9.69567e-22
9.32445e-22
8.96565e-22
8.61894e-22
8.284e-22
7.96049e-22
7.6481e-22
7.3465e-22
7.05541e-22
6.77451e-22
6.5035e-22
6.2421e-22
5.99003e-22
5.747e-22
5.51275e-22
5.287e-22
5.0695e-22
4.86e-22
4.65823e-22
4.46397e-22
4.27697e-22
4.097e-22
3.92384e-22
3.75726e-22
3.59706e-22
3.44301e-22
3.29491e-22
3.15258e-22
3.0158e-22
2.8844e-22
2.75819e-22
2.63699e-22
2.52062e-22
2.40893e-22
2.30174e-22
2.19889e-22
2.10024e-22
2.00562e-22
1.9149e-22
1.82793e-22
1.74457e-22
1.66469e-22
1.58817e-22
1.51487e-22
1.44468e-22
1.37748e-22
1.31315e-22
1.25159e-22
1.19268e-22
1.13633e-22
1.08243e-22
1.0309e-22
9.8163e-23
9.34537e-23
8.89534e-23
8.46537e-23
8.05465e-23
7.6624e-23
7.28787e-23
6.93032e-23
6.58907e-23
6.26343e-23
5.95275e-23
5.65641e-23
5.3738e-23
5.10434e-23
4.84748e-23
4.60267e-23
4.36939e-23
4.14716e-23
3.93548e-23
3.73389e-23
3.54197e-23
3.35927e-23
3.18539e-23
3.01994e-23
2.86254e-23
2.71284e-23
2.57047e-23
2.43512e-23
2.30645e-23
2.18417e-23
2.06799e-23
1.95761e-23
1.85277e-23
1.75322e-23
1.6587e-23
1.56898e-23
1.48383e-23
1.40304e-23
1.32639e-23
1.25369e-23
1.18476e-23
1.1194e-23
1.05745e-23
9.98734e-24
9.43101e-24
8.90399e-24
8.40482e-24
7.93213e-24
7.4846e-24
7.06099e-24
6.66008e-24
6.28074e-24
5.92188e-24
5.58247e-24
5.26151e-24
4.95805e-24
4.67122e-24
4.40013e-24
4.14399e-24
3.90202e-24
3.67348e-24
3.45766e-24
3.25391e-24
3.06157e-24
2.88006e-24
2.70879e-24
2.54722e-24
2.39483e-24
2.25113e-24
2.11564e-24
1.98793e-24
1.86757e-24
1.75417e-24
1.64733e-24
1.54671e-24
1.45195e-24
1.36274e-24
1.27877e-24
1.19974e-24
1.12538e-24
1.05542e-24
9.89627e-25
9.27755e-25
8.69584e-25
8.14905e-25
7.63517e-25
7.15232e-25
6.69872e-25
6.27269e-25
5.87262e-25
5.49701e-25
5.14444e-25
4.81356e-25
4.50309e-25
4.21184e-25
3.93866e-25
3.6825e-25
3.44234e-25
3.21722e-25
3.00625e-25
2.80857e-25
2.62339e-25
2.44995e-25
2.28754e-25
2.1355e-25
1.99318e-25
1.85999e-25
1.73538e-25
1.61881e-25
1.5098e-25
1.40787e-25
1.31258e-25
1.22352e-25
1.14031e-25
1.06257e-25
9.8997e-26
9.22182e-26
8.58904e-26
7.99852e-26
7.44761e-26
6.93379e-26
6.45473e-26
6.00824e-26
5.59225e-26
5.20485e-26
4.84423e-26
4.50871e-26
4.19671e-26
3.90678e-26
3.63754e-26
3.38775e-26
3.15622e-26
2.94186e-26
2.74366e-26
2.56066e-26
2.39202e-26
2.23692e-26
2.09462e-26
1.96445e-26
1.84578e-26
1.73806e-26
1.64077e-26
1.55347e-26
1.47576e-26
1.40729e-26
1.34775e-26
1.2969e-26
1.25453e-26
1.22046e-26
1.1946e-26
1.17685e-26
1.1672e-26
1.16564e-26
1.17224e-26
1.18708e-26
