10
1e+16
1.5e+19
18755.4
3.68443e-20
3.67351e-20
3.64198e-20
3.60899e-20
3.5756e-20
3.54215e-20
3.50874e-20
3.47547e-20
3.44238e-20
3.40949e-20
3.37675e-20
3.34417e-20
3.31173e-20
3.27944e-20
3.24728e-20
3.21525e-20
3.18335e-20
3.15159e-20
3.11995e-20
3.08844e-20
3.05706e-20
3.02581e-20
2.99468e-20
2.96368e-20
2.9328e-20
2.90204e-20
2.87141e-20
2.84091e-20
2.81052e-20
2.78027e-20
2.75013e-20
2.72012e-20
2.69024e-20
2.66048e-20
2.63084e-20
2.60134e-20
2.57195e-20
2.5427e-20
2.51357e-20
2.48458e-20
2.45571e-20
2.42697e-20
2.39836e-20
2.36988e-20
2.34154e-20
2.31333e-20
2.28526e-20
2.25732e-20
2.22952e-20
2.20185e-20
2.17433e-20
2.14695e-20
2.11971e-20
2.09261e-20
2.06565e-20
2.03884e-20
2.01218e-20
1.98567e-20
1.9593e-20
1.93309e-20
1.90702e-20
1.88111e-20
1.85535e-20
1.82975e-20
1.80431e-20
1.77902e-20
1.75389e-20
1.72892e-20
1.70411e-20
1.67946e-20
1.65497e-20
1.63065e-20
1.6065e-20
1.58251e-20
1.55868e-20
1.53502e-20
1.51154e-20
1.48822e-20
1.46507e-20
1.44209e-20
1.41928e-20
1.39664e-20
1.37418e-20
1.35189e-20
1.32977e-20
1.30782e-20
1.28605e-20
1.26446e-20
1.24304e-20
1.22179e-20
1.20072e-20
1.17982e-20
1.1591e-20
1.13856e-20
1.11819e-20
1.098e-20
1.07798e-20
1.05814e-20
1.03847e-20
1.01898e-20
9.99661e-21
9.80517e-21
9.61548e-21
9.42752e-21
9.24129e-21
9.05678e-21
8.874e-21
8.69293e-21
8.51357e-21
8.33592e-21
8.15999e-21
7.98581e-21
7.81338e-21
7.64272e-21
7.47383e-21
7.30673e-21
7.14142e-21
6.97792e-21
6.81625e-21
6.65641e-21
6.49847e-21
6.34246e-21
6.18842e-21
6.03639e-21
5.8864e-21
5.73847e-21
5.59262e-21
5.4489e-21
5.30736e-21
5.16807e-21
5.03107e-21
4.89641e-21
4.76412e-21
4.63422e-21
4.50675e-21
4.38171e-21
4.25912e-21
4.13898e-21
4.0213e-21
3.90607e-21
3.79329e-21
3.68296e-21
3.57505e-21
3.46956e-21
3.36648e-21
3.26577e-21
3.16742e-21
3.07141e-21
2.97771e-21
2.8863e-21
2.79715e-21
2.71023e-21
2.6255e-21
2.54295e-21
2.46253e-21
2.38422e-21
2.30798e-21
2.23377e-21
2.16157e-21
2.09133e-21
2.02302e-21
1.95661e-21
1.89206e-21
1.82932e-21
1.76838e-21
1.70918e-21
1.6517e-21
1.5959e-21
1.54173e-21
1.48917e-21
1.43818e-21
1.38872e-21
1.34076e-21
1.29426e-21
1.24919e-21
1.20551e-21
1.16319e-21
1.1222e-21
1.08249e-21
1.04404e-21
1.00682e-21
9.70798e-22
9.35933e-22
9.022e-22
8.69567e-22
8.38005e-22
8.07483e-22
7.77974e-22
7.49448e-22
7.21878e-22
6.95236e-22
6.69495e-22
6.4463e-22
6.20614e-22
5.97422e-22
5.75029e-22
5.53412e-22
5.32547e-22
5.12411e-22
4.92981e-22
4.74236e-22
4.56153e-22
4.38713e-22
4.21896e-22
4.0568e-22
3.90047e-22
3.74978e-22
3.60454e-22
3.46459e-22
3.32973e-22
3.19982e-22
3.07467e-22
2.95414e-22
2.83807e-22
2.7263e-22
2.6187e-22
2.51511e-22
2.4154e-22
2.31944e-22
2.2271e-22
2.13825e-22
2.05277e-22
1.97053e-22
1.89144e-22
1.81537e-22
1.74222e-22
1.67188e-22
1.60425e-22
1.53924e-22
1.47675e-22
1.41669e-22
1.35897e-22
1.3035e-22
1.2502e-22
1.199e-22
1.14981e-22
1.10256e-22
1.05718e-22
1.0136e-22
9.71747e-23
9.3156e-23
8.92976e-23
8.55934e-23
8.20375e-23
7.86243e-23
7.53484e-23
7.22045e-23
6.91876e-23
6.62926e-23
6.35151e-23
6.08503e-23
5.82939e-23
5.58417e-23
5.34896e-23
5.12338e-23
4.90704e-23
4.69958e-23
4.50065e-23
4.30991e-23
4.12704e-23
3.95172e-23
3.78367e-23
3.62257e-23
3.46817e-23
3.32019e-23
3.17837e-23
3.04246e-23
2.91223e-23
2.78744e-23
2.66789e-23
2.55334e-23
2.44361e-23
2.33849e-23
2.2378e-23
2.14136e-23
2.04898e-23
1.96052e-23
1.8758e-23
1.79466e-23
1.71697e-23
1.64259e-23
1.57136e-23
1.50317e-23
1.43789e-23
1.37539e-23
1.31556e-23
1.25829e-23
1.20348e-23
1.15101e-23
1.1008e-23
1.05274e-23
1.00675e-23
9.6274e-24
9.20626e-24
8.80327e-24
8.41769e-24
8.04876e-24
7.6958e-24
7.35811e-24
7.03506e-24
6.72601e-24
6.43038e-24
6.1476e-24
5.87711e-24
5.61839e-24
5.37095e-24
5.13428e-24
4.90795e-24
4.6915e-24
4.4845e-24
4.28656e-24
4.09728e-24
3.9163e-24
3.74325e-24
3.57778e-24
3.41959e-24
3.26834e-24
3.12375e-24
2.98552e-24
2.85337e-24
2.72705e-24
2.6063e-24
2.49088e-24
2.38056e-24
2.27511e-24
2.17434e-24
2.07802e-24
1.98597e-24
1.898e-24
1.81394e-24
1.73361e-24
1.65686e-24
1.58352e-24
1.51345e-24
1.4465e-24
1.38254e-24
1.32144e-24
1.26308e-24
1.20732e-24
1.15407e-24
1.10321e-24
1.05464e-24
1.00825e-24
9.63962e-25
9.21671e-25
8.81295e-25
8.4275e-25
8.05958e-25
7.70842e-25
7.3733e-25
7.05353e-25
6.74845e-25
6.45743e-25
6.17986e-25
5.91518e-25
5.66284e-25
5.4223e-25
5.19309e-25
4.97471e-25
4.76672e-25
4.56868e-25
4.3802e-25
4.20087e-25
4.03032e-25
3.8682e-25
3.71418e-25
3.56793e-25
3.42915e-25
3.29756e-25
3.17288e-25
3.05486e-25
2.94325e-25
2.83782e-25
2.73835e-25
2.64463e-25
2.55649e-25
2.47373e-25
2.39618e-25
2.32369e-25
2.25611e-25
2.1933e-25
2.13514e-25
2.08155e-25
2.03255e-25
1.98807e-25
1.94806e-25
1.9125e-25
1.88132e-25
1.85445e-25
1.83181e-25
1.81333e-25
1.79894e-25
1.7886e-25
1.78226e-25
1.77989e-25
1.78147e-25
1.78698e-25
1.79642e-25
1.80979e-25
1.8271e-25
1.84837e-25
