10
1e+16
5e+18
18755.4
3.62448e-20
3.61443e-20
3.58536e-20
3.55486e-20
3.52394e-20
3.49288e-20
3.46179e-20
3.43076e-20
3.39984e-20
3.36901e-20
3.33828e-20
3.30763e-20
3.27705e-20
3.24654e-20
3.2161e-20
3.18572e-20
3.15542e-20
3.12519e-20
3.09502e-20
3.06493e-20
3.03491e-20
3.00495e-20
2.97507e-20
2.94527e-20
2.91554e-20
2.88588e-20
2.85631e-20
2.82681e-20
2.79739e-20
2.76805e-20
2.73879e-20
2.70962e-20
2.68053e-20
2.65154e-20
2.62263e-20
2.59381e-20
2.56508e-20
2.53645e-20
2.50791e-20
2.47947e-20
2.45113e-20
2.42289e-20
2.39476e-20
2.36673e-20
2.3388e-20
2.31099e-20
2.28328e-20
2.25569e-20
2.22822e-20
2.20086e-20
2.17362e-20
2.1465e-20
2.1195e-20
2.09263e-20
2.06589e-20
2.03927e-20
2.01278e-20
1.98643e-20
1.96021e-20
1.93413e-20
1.90818e-20
1.88238e-20
1.85672e-20
1.8312e-20
1.80582e-20
1.7806e-20
1.75552e-20
1.73059e-20
1.70581e-20
1.68119e-20
1.65672e-20
1.63241e-20
1.60825e-20
1.58426e-20
1.56042e-20
1.53675e-20
1.51324e-20
1.4899e-20
1.46672e-20
1.4437e-20
1.42085e-20
1.39818e-20
1.37567e-20
1.35333e-20
1.33116e-20
1.30916e-20
1.28734e-20
1.26568e-20
1.24421e-20
1.2229e-20
1.20177e-20
1.18082e-20
1.16004e-20
1.13943e-20
1.119e-20
1.09875e-20
1.07867e-20
1.05877e-20
1.03905e-20
1.0195e-20
1.00013e-20
9.80931e-21
9.61909e-21
9.43063e-21
9.24392e-21
9.05895e-21
8.87573e-21
8.69425e-21
8.5145e-21
8.33648e-21
8.16022e-21
7.98572e-21
7.813e-21
7.64208e-21
7.47296e-21
7.30565e-21
7.14016e-21
6.9765e-21
6.8147e-21
6.65476e-21
6.49674e-21
6.34066e-21
6.18659e-21
6.03454e-21
5.88454e-21
5.73663e-21
5.59082e-21
5.44714e-21
5.30566e-21
5.16644e-21
5.02952e-21
4.89494e-21
4.76273e-21
4.63293e-21
4.50554e-21
4.3806e-21
4.2581e-21
4.13805e-21
4.02046e-21
3.90532e-21
3.79263e-21
3.68238e-21
3.57455e-21
3.46914e-21
3.36613e-21
3.26549e-21
3.16721e-21
3.07126e-21
2.97762e-21
2.88627e-21
2.79717e-21
2.7103e-21
2.62562e-21
2.54311e-21
2.46273e-21
2.38445e-21
2.30824e-21
2.23406e-21
2.16188e-21
2.09166e-21
2.02338e-21
1.95698e-21
1.89244e-21
1.82972e-21
1.76879e-21
1.7096e-21
1.65213e-21
1.59632e-21
1.54216e-21
1.4896e-21
1.43861e-21
1.38915e-21
1.34119e-21
1.29469e-21
1.24961e-21
1.20592e-21
1.1636e-21
1.12259e-21
1.08288e-21
1.04442e-21
1.00719e-21
9.71157e-22
9.36282e-22
9.02538e-22
8.69895e-22
8.38321e-22
8.07788e-22
7.78267e-22
7.4973e-22
7.22148e-22
6.95495e-22
6.69742e-22
6.44865e-22
6.20838e-22
5.97634e-22
5.75231e-22
5.53603e-22
5.32727e-22
5.1258e-22
4.9314e-22
4.74384e-22
4.56292e-22
4.38842e-22
4.22015e-22
4.0579e-22
3.90148e-22
3.75071e-22
3.60539e-22
3.46535e-22
3.33042e-22
3.20043e-22
3.07522e-22
2.95462e-22
2.83848e-22
2.72665e-22
2.61898e-22
2.51534e-22
2.41558e-22
2.31956e-22
2.22717e-22
2.13827e-22
2.05275e-22
1.97047e-22
1.89134e-22
1.81523e-22
1.74204e-22
1.67167e-22
1.60401e-22
1.53897e-22
1.47646e-22
1.41637e-22
1.35862e-22
1.30313e-22
1.24982e-22
1.1986e-22
1.14939e-22
1.10213e-22
1.05673e-22
1.01314e-22
9.71272e-23
9.31074e-23
8.92481e-23
8.55431e-23
8.19866e-23
7.85728e-23
7.52964e-23
7.21521e-23
6.91349e-23
6.62397e-23
6.3462e-23
6.07972e-23
5.82408e-23
5.57887e-23
5.34367e-23
5.11811e-23
4.90179e-23
4.69436e-23
4.49546e-23
4.30476e-23
4.12193e-23
3.94666e-23
3.77865e-23
3.61761e-23
3.46326e-23
3.31533e-23
3.17357e-23
3.03772e-23
2.90756e-23
2.78284e-23
2.66334e-23
2.54887e-23
2.43921e-23
2.33416e-23
2.23354e-23
2.13716e-23
2.04486e-23
1.95647e-23
1.87182e-23
1.79076e-23
1.71314e-23
1.63882e-23
1.56767e-23
1.49955e-23
1.43434e-23
1.37192e-23
1.31216e-23
1.25496e-23
1.20022e-23
1.14782e-23
1.09767e-23
1.04969e-23
1.00376e-23
9.59818e-24
9.17769e-24
8.77535e-24
8.39041e-24
8.02211e-24
7.66976e-24
7.33269e-24
7.01024e-24
6.70178e-24
6.40674e-24
6.12452e-24
5.8546e-24
5.59643e-24
5.34953e-24
5.1134e-24
4.88759e-24
4.67164e-24
4.46515e-24
4.2677e-24
4.07891e-24
3.89839e-24
3.7258e-24
3.56079e-24
3.40304e-24
3.25222e-24
3.10805e-24
2.97023e-24
2.83849e-24
2.71257e-24
2.59221e-24
2.47716e-24
2.36721e-24
2.26213e-24
2.1617e-24
2.06572e-24
1.97401e-24
1.88637e-24
1.80263e-24
1.72261e-24
1.64616e-24
1.57311e-24
1.50333e-24
1.43666e-24
1.37298e-24
1.31214e-24
1.25403e-24
1.19853e-24
1.14553e-24
1.09491e-24
1.04657e-24
1.00041e-24
9.56337e-25
9.14261e-25
8.74093e-25
8.35752e-25
7.99157e-25
7.64233e-25
7.30908e-25
6.99112e-25
6.68781e-25
6.3985e-25
6.1226e-25
5.85954e-25
5.60876e-25
5.36975e-25
5.14201e-25
4.92507e-25
4.71848e-25
4.5218e-25
4.33462e-25
4.15656e-25
3.98725e-25
3.82633e-25
3.67346e-25
3.52833e-25
3.39065e-25
3.26011e-25
3.13644e-25
3.0194e-25
2.90874e-25
2.80423e-25
2.70565e-25
2.61279e-25
2.52547e-25
2.44351e-25
2.36673e-25
2.29498e-25
2.22811e-25
2.16599e-25
2.10848e-25
2.05553e-25
2.00713e-25
1.96322e-25
1.92376e-25
1.88871e-25
1.85803e-25
1.83162e-25
1.80941e-25
1.79134e-25
1.77733e-25
1.76734e-25
1.76134e-25
1.75928e-25
1.76114e-25
1.76691e-25
1.77658e-25
1.79016e-25
1.80766e-25
1.8291e-25
