2
2e+17
5e+18
49.9999
1.99999
8387.66
3.03657e-19
3.03643e-19
3.03548e-19
3.03395e-19
3.03182e-19
3.02909e-19
3.02576e-19
3.02183e-19
3.01731e-19
3.01219e-19
3.00648e-19
3.00018e-19
2.9933e-19
2.98584e-19
2.9778e-19
2.96919e-19
2.96002e-19
2.95028e-19
2.93999e-19
2.92915e-19
2.91777e-19
2.90585e-19
2.89341e-19
2.88044e-19
2.86696e-19
2.85297e-19
2.83848e-19
2.8235e-19
2.80804e-19
2.79211e-19
2.77571e-19
2.75886e-19
2.74157e-19
2.72384e-19
2.70568e-19
2.68711e-19
2.66813e-19
2.64876e-19
2.629e-19
2.60888e-19
2.58838e-19
2.56754e-19
2.54635e-19
2.52484e-19
2.50301e-19
2.48087e-19
2.45844e-19
2.43572e-19
2.41273e-19
2.38948e-19
2.36599e-19
2.34225e-19
2.3183e-19
2.29412e-19
2.26975e-19
2.24519e-19
2.22045e-19
2.19555e-19
2.17049e-19
2.14529e-19
2.11995e-19
2.0945e-19
2.06894e-19
2.04329e-19
2.01755e-19
1.99174e-19
1.96586e-19
1.93994e-19
1.91397e-19
1.88798e-19
1.86196e-19
1.83594e-19
1.80992e-19
1.78391e-19
1.75793e-19
1.73197e-19
1.70606e-19
1.68021e-19
1.65441e-19
1.62869e-19
1.60304e-19
1.57748e-19
1.55202e-19
1.52667e-19
1.50143e-19
1.47632e-19
1.45133e-19
1.42648e-19
1.40178e-19
1.37723e-19
1.35284e-19
1.32862e-19
1.30457e-19
1.2807e-19
1.25702e-19
1.23353e-19
1.21023e-19
1.18714e-19
1.16425e-19
1.14158e-19
1.11913e-19
1.0969e-19
1.0749e-19
1.05312e-19
1.03159e-19
1.01029e-19
9.89233e-20
9.68422e-20
9.4786e-20
9.27549e-20
9.07492e-20
8.87692e-20
8.6815e-20
8.48869e-20
8.2985e-20
8.11096e-20
7.92607e-20
7.74385e-20
7.5643e-20
7.38745e-20
7.21329e-20
7.04183e-20
6.87307e-20
6.70702e-20
6.54367e-20
6.38302e-20
6.22508e-20
6.06983e-20
5.91727e-20
5.7674e-20
5.62019e-20
5.47565e-20
5.33377e-20
5.19452e-20
5.0579e-20
4.92388e-20
4.79246e-20
4.66362e-20
4.53733e-20
4.41358e-20
4.29235e-20
4.17362e-20
4.05736e-20
3.94355e-20
3.83216e-20
3.72318e-20
3.61658e-20
3.51232e-20
3.41039e-20
3.31076e-20
3.21339e-20
3.11826e-20
3.02535e-20
2.93462e-20
2.84604e-20
2.75958e-20
2.67521e-20
2.59291e-20
2.51263e-20
2.43435e-20
2.35804e-20
2.28367e-20
2.21119e-20
2.14059e-20
2.07183e-20
2.00488e-20
1.9397e-20
1.87627e-20
1.81455e-20
1.7545e-20
1.69611e-20
1.63933e-20
1.58413e-20
1.53048e-20
1.47836e-20
1.42772e-20
1.37855e-20
1.33079e-20
1.28444e-20
1.23945e-20
1.1958e-20
1.15345e-20
1.11238e-20
1.07256e-20
1.03396e-20
9.96541e-21
9.60287e-21
9.25165e-21
8.91149e-21
8.58211e-21
8.26324e-21
7.95462e-21
7.65599e-21
7.36708e-21
7.08764e-21
6.81743e-21
6.55619e-21
6.3037e-21
6.0597e-21
5.82397e-21
5.59628e-21
5.37641e-21
5.16412e-21
4.95921e-21
4.76147e-21
4.57068e-21
4.38665e-21
4.20917e-21
4.03805e-21
3.87309e-21
3.71412e-21
3.56094e-21
3.41339e-21
3.27127e-21
3.13443e-21
3.0027e-21
2.87591e-21
2.75391e-21
2.63653e-21
2.52364e-21
2.41508e-21
2.31071e-21
2.2104e-21
2.11399e-21
2.02137e-21
1.9324e-21
1.84695e-21
1.76492e-21
1.68616e-21
1.61059e-21
1.53807e-21
1.4685e-21
1.40178e-21
1.3378e-21
1.27646e-21
1.21767e-21
1.16134e-21
1.10736e-21
1.05567e-21
1.00616e-21
9.58761e-22
9.13388e-22
8.69966e-22
8.2842e-22
7.88677e-22
7.50669e-22
7.14327e-22
6.79588e-22
6.46387e-22
6.14664e-22
5.8436e-22
5.55419e-22
5.27784e-22
5.01404e-22
4.76227e-22
4.52204e-22
4.29287e-22
4.0743e-22
3.86588e-22
3.6672e-22
3.47785e-22
3.29742e-22
3.12555e-22
2.96185e-22
2.80599e-22
2.65762e-22
2.51642e-22
2.38208e-22
2.2543e-22
2.1328e-22
2.01728e-22
1.9075e-22
1.80319e-22
1.70411e-22
1.61003e-22
1.5207e-22
1.43592e-22
1.35548e-22
1.27917e-22
1.20681e-22
1.1382e-22
1.07316e-22
1.01154e-22
9.53169e-23
8.97893e-23
8.45565e-23
7.96046e-23
7.49199e-23
7.04895e-23
6.6301e-23
6.23424e-23
5.86023e-23
5.50698e-23
5.17346e-23
4.85865e-23
4.5616e-23
4.28142e-23
4.01721e-23
3.76816e-23
3.53347e-23
3.31238e-23
3.10417e-23
2.90816e-23
2.72369e-23
2.55014e-23
2.38692e-23
2.23345e-23
2.08921e-23
1.95369e-23
1.82639e-23
1.70686e-23
1.59466e-23
1.48938e-23
1.39062e-23
1.298e-23
1.21118e-23
1.12982e-23
1.0536e-23
9.8221e-24
9.15377e-24
8.52827e-24
7.94305e-24
7.39569e-24
6.88392e-24
6.40556e-24
5.9586e-24
5.5411e-24
5.15125e-24
4.78735e-24
4.44777e-24
4.13099e-24
3.83558e-24
3.56019e-24
3.30354e-24
3.06445e-24
2.84177e-24
2.63446e-24
2.44151e-24
2.262e-24
2.09503e-24
1.93979e-24
1.79549e-24
1.66142e-24
1.53688e-24
1.42124e-24
1.3139e-24
1.21428e-24
1.12188e-24
1.03619e-24
9.56752e-25
8.83133e-25
8.1493e-25
7.51765e-25
6.93285e-25
6.3916e-25
5.89082e-25
5.42764e-25
4.99937e-25
4.6035e-25
4.23772e-25
3.89983e-25
3.58781e-25
3.29978e-25
3.03397e-25
2.78875e-25
2.56259e-25
2.35409e-25
2.16192e-25
1.98486e-25
1.82178e-25
1.67161e-25
1.53338e-25
1.40618e-25
1.28917e-25
1.18156e-25
1.08262e-25
9.91699e-26
9.08157e-26
8.31423e-26
7.60964e-26
6.96285e-26
6.36932e-26
5.82481e-26
5.32542e-26
4.86756e-26
4.44788e-26
4.06333e-26
3.71106e-26
3.38846e-26
3.09311e-26
2.82279e-26
2.57545e-26
2.34919e-26
2.14228e-26
1.95312e-26
1.78023e-26
1.62225e-26
1.47794e-26
1.34616e-26
1.22583e-26
1.11601e-26
1.01579e-26
9.24366e-27
8.40982e-27
7.64951e-27
6.95642e-27
6.32477e-27
5.74926e-27
5.22501e-27
4.74759e-27
4.31291e-27
3.91723e-27
3.55715e-27
3.22953e-27
2.93152e-27
2.66051e-27
2.41409e-27
2.19009e-27
1.9865e-27
1.80152e-27
1.63346e-27
1.48083e-27
1.34223e-27
1.21639e-27
1.10217e-27
9.98522e-28
9.04481e-28
8.19174e-28
7.41805e-28
6.71649e-28
6.08048e-28
5.50403e-28
4.98167e-28
4.50843e-28
4.07977e-28
3.69156e-28
3.34005e-28
3.02184e-28
2.73388e-28
2.47337e-28
2.23777e-28
2.02478e-28
1.83227e-28
1.65832e-28
1.50121e-28
1.35935e-28
1.23132e-28
1.11582e-28
1.01166e-28
9.178e-29
8.33258e-29
7.57164e-29
6.88729e-29
6.27236e-29
5.72036e-29
5.22544e-29
4.7823e-29
4.38615e-29
4.03266e-29
3.71793e-29
3.43843e-29
3.19099e-29
2.97273e-29
2.78108e-29
2.61371e-29
2.46855e-29
2.3437e-29
2.2375e-29
2.14843e-29
2.07514e-29
2.01645e-29
1.97127e-29
1.93865e-29
1.91776e-29
1.90786e-29
1.90829e-29
1.91848e-29
1.93795e-29
1.96626e-29
2.00307e-29
2.04806e-29
2.10099e-29
2.16166e-29
2.22992e-29
2.30565e-29
2.38879e-29
2.4793e-29
2.57718e-29
2.68247e-29
2.79522e-29
2.91552e-29
3.04351e-29
3.17931e-29
3.32311e-29
3.4751e-29
3.6355e-29
3.80456e-29
3.98253e-29
4.16972e-29
4.36643e-29
4.573e-29
