2
2e+18
1e+18
50
2
8387.66
3.04315e-19
3.04301e-19
3.04206e-19
3.04052e-19
3.03838e-19
3.03565e-19
3.03231e-19
3.02836e-19
3.02382e-19
3.01869e-19
3.01295e-19
3.00663e-19
2.99972e-19
2.99223e-19
2.98417e-19
2.97552e-19
2.96631e-19
2.95654e-19
2.94621e-19
2.93533e-19
2.92391e-19
2.91194e-19
2.89945e-19
2.88643e-19
2.8729e-19
2.85885e-19
2.84431e-19
2.82928e-19
2.81376e-19
2.79777e-19
2.78131e-19
2.76439e-19
2.74703e-19
2.72924e-19
2.71101e-19
2.69237e-19
2.67332e-19
2.65388e-19
2.63405e-19
2.61385e-19
2.59328e-19
2.57236e-19
2.5511e-19
2.52951e-19
2.5076e-19
2.48538e-19
2.46286e-19
2.44007e-19
2.417e-19
2.39367e-19
2.37009e-19
2.34627e-19
2.32223e-19
2.29797e-19
2.27352e-19
2.24887e-19
2.22405e-19
2.19906e-19
2.17391e-19
2.14863e-19
2.12321e-19
2.09768e-19
2.07203e-19
2.0463e-19
2.02047e-19
1.99458e-19
1.96862e-19
1.94261e-19
1.91656e-19
1.89049e-19
1.86439e-19
1.83829e-19
1.81219e-19
1.7861e-19
1.76004e-19
1.73401e-19
1.70803e-19
1.68209e-19
1.65622e-19
1.63042e-19
1.60471e-19
1.57908e-19
1.55355e-19
1.52813e-19
1.50282e-19
1.47764e-19
1.45258e-19
1.42767e-19
1.4029e-19
1.37829e-19
1.35384e-19
1.32956e-19
1.30545e-19
1.28152e-19
1.25778e-19
1.23423e-19
1.21088e-19
1.18774e-19
1.1648e-19
1.14208e-19
1.11958e-19
1.0973e-19
1.07525e-19
1.05343e-19
1.03185e-19
1.01051e-19
9.89414e-20
9.68563e-20
9.47962e-20
9.27613e-20
9.0752e-20
8.87685e-20
8.68109e-20
8.48796e-20
8.29746e-20
8.10961e-20
7.92443e-20
7.74193e-20
7.56213e-20
7.38502e-20
7.21061e-20
7.03892e-20
6.86994e-20
6.70368e-20
6.54013e-20
6.3793e-20
6.22118e-20
6.06576e-20
5.91305e-20
5.76302e-20
5.61568e-20
5.47101e-20
5.32901e-20
5.18965e-20
5.05292e-20
4.91882e-20
4.78731e-20
4.65839e-20
4.53203e-20
4.40822e-20
4.28694e-20
4.16816e-20
4.05185e-20
3.93801e-20
3.8266e-20
3.7176e-20
3.61098e-20
3.50672e-20
3.40478e-20
3.30515e-20
3.20779e-20
3.11268e-20
3.01978e-20
2.92907e-20
2.84052e-20
2.75409e-20
2.66976e-20
2.58749e-20
2.50726e-20
2.42903e-20
2.35277e-20
2.27845e-20
2.20603e-20
2.13549e-20
2.06679e-20
1.9999e-20
1.93479e-20
1.87143e-20
1.80977e-20
1.7498e-20
1.69148e-20
1.63477e-20
1.57965e-20
1.52609e-20
1.47404e-20
1.42349e-20
1.37439e-20
1.32672e-20
1.28045e-20
1.23555e-20
1.19198e-20
1.14972e-20
1.10873e-20
1.06899e-20
1.03047e-20
9.93143e-21
9.56973e-21
9.21936e-21
8.88005e-21
8.55151e-21
8.23348e-21
7.92569e-21
7.62788e-21
7.3398e-21
7.06118e-21
6.79178e-21
6.53135e-21
6.27965e-21
6.03644e-21
5.80149e-21
5.57457e-21
5.35546e-21
5.14393e-21
4.93976e-21
4.74275e-21
4.55269e-21
4.36937e-21
4.19259e-21
4.02216e-21
3.85788e-21
3.69957e-21
3.54705e-21
3.40014e-21
3.25866e-21
3.12245e-21
2.99132e-21
2.86513e-21
2.74372e-21
2.62692e-21
2.5146e-21
2.40659e-21
2.30276e-21
2.20297e-21
2.10709e-21
2.01497e-21
1.92649e-21
1.84154e-21
1.75997e-21
1.68168e-21
1.60655e-21
1.53447e-21
1.46534e-21
1.39903e-21
1.33546e-21
1.27452e-21
1.21612e-21
1.16016e-21
1.10656e-21
1.05522e-21
1.00606e-21
9.58999e-22
9.13956e-22
8.70854e-22
8.29618e-22
7.90176e-22
7.52458e-22
7.16397e-22
6.81927e-22
6.48986e-22
6.17511e-22
5.87446e-22
5.58732e-22
5.31314e-22
5.05141e-22
4.8016e-22
4.56324e-22
4.33583e-22
4.11893e-22
3.91209e-22
3.71489e-22
3.52692e-22
3.34779e-22
3.17712e-22
3.01454e-22
2.8597e-22
2.71227e-22
2.57193e-22
2.43835e-22
2.31125e-22
2.19033e-22
2.07531e-22
1.96594e-22
1.86196e-22
1.76313e-22
1.6692e-22
1.57996e-22
1.49518e-22
1.41467e-22
1.33823e-22
1.26566e-22
1.19678e-22
1.13142e-22
1.06942e-22
1.01061e-22
9.54839e-23
9.01965e-23
8.51846e-23
8.0435e-23
7.59349e-23
7.1672e-23
6.76348e-23
6.3812e-23
6.01932e-23
5.67681e-23
5.35271e-23
5.0461e-23
4.75608e-23
4.48183e-23
4.22254e-23
3.97745e-23
3.74583e-23
3.52698e-23
3.32024e-23
3.125e-23
2.94064e-23
2.7666e-23
2.60233e-23
2.44732e-23
2.30108e-23
2.16315e-23
2.03307e-23
1.91042e-23
1.79482e-23
1.68586e-23
1.58321e-23
1.4865e-23
1.39542e-23
1.30966e-23
1.22892e-23
1.15292e-23
1.0814e-23
1.01412e-23
9.50833e-24
8.91315e-24
8.35353e-24
7.82748e-24
7.33307e-24
6.86851e-24
6.43208e-24
6.02217e-24
5.63725e-24
5.27587e-24
4.93666e-24
4.61833e-24
4.31965e-24
4.03948e-24
3.77672e-24
3.53035e-24
3.29938e-24
3.0829e-24
2.88005e-24
2.69e-24
2.51199e-24
2.34529e-24
2.18921e-24
2.0431e-24
1.90637e-24
1.77843e-24
1.65874e-24
1.54679e-24
1.44212e-24
1.34425e-24
1.25278e-24
1.16729e-24
1.08742e-24
1.01282e-24
9.43138e-25
8.78078e-25
8.17342e-25
7.60655e-25
7.07757e-25
6.58406e-25
6.12373e-25
5.69445e-25
5.2942e-25
4.9211e-25
4.57338e-25
4.24937e-25
3.94753e-25
3.6664e-25
3.40461e-25
3.16088e-25
2.93401e-25
2.72288e-25
2.52643e-25
2.34369e-25
2.17374e-25
2.0157e-25
1.86878e-25
1.73223e-25
1.60533e-25
1.48743e-25
1.37791e-25
1.27621e-25
1.18177e-25
1.09411e-25
1.01274e-25
9.37239e-26
8.67193e-26
8.02222e-26
7.41971e-26
6.86108e-26
6.34324e-26
5.86332e-26
5.41862e-26
5.00666e-26
4.62509e-26
4.27175e-26
3.94462e-26
3.64181e-26
3.36158e-26
3.10229e-26
2.86244e-26
2.6406e-26
2.43546e-26
2.24582e-26
2.07053e-26
1.90854e-26
1.75887e-26
1.62062e-26
1.49294e-26
1.37504e-26
1.2662e-26
1.16574e-26
1.07304e-26
9.87517e-27
9.08627e-27
8.35873e-27
7.68791e-27
7.06953e-27
6.49959e-27
5.97441e-27
5.49057e-27
5.04491e-27
4.63451e-27
4.25665e-27
3.90883e-27
3.58871e-27
3.29416e-27
3.02319e-27
2.77397e-27
2.54479e-27
2.33409e-27
2.14041e-27
1.96243e-27
1.7989e-27
1.64869e-27
1.51073e-27
1.38405e-27
1.26776e-27
1.16103e-27
1.0631e-27
9.73259e-28
8.90858e-28
8.15301e-28
7.46035e-28
6.82553e-28
6.24386e-28
5.71106e-28
5.22313e-28
4.77645e-28
4.36765e-28
3.99365e-28
3.65161e-28
3.33891e-28
3.05318e-28
2.79219e-28
2.55394e-28
2.33658e-28
2.13839e-28
1.95783e-28
1.79346e-28
1.64398e-28
1.50819e-28
1.385e-28
1.27341e-28
1.17251e-28
1.08147e-28
9.99537e-29
9.26015e-29
8.60285e-29
8.01782e-29
7.49996e-29
7.04467e-29
6.64783e-29
6.30573e-29
6.01509e-29
5.77299e-29
5.57686e-29
5.42446e-29
5.31386e-29
5.24341e-29
5.21173e-29
5.2177e-29
5.26042e-29
5.33924e-29
5.45371e-29
5.60359e-29
5.78884e-29
6.0096e-29
6.2662e-29
6.55913e-29
6.88906e-29
7.25684e-29
7.66345e-29
8.11004e-29
8.59794e-29
9.1286e-29
9.70365e-29
1.03248e-28
1.09941e-28
