2
1e+17
1e+18
50
2
8387.66
3.04086e-19
3.04073e-19
3.03977e-19
3.03824e-19
3.0361e-19
3.03337e-19
3.03003e-19
3.0261e-19
3.02156e-19
3.01643e-19
3.01071e-19
3.00439e-19
2.99749e-19
2.99001e-19
2.98196e-19
2.97333e-19
2.96413e-19
2.95437e-19
2.94405e-19
2.93318e-19
2.92177e-19
2.90983e-19
2.89735e-19
2.88435e-19
2.87083e-19
2.85681e-19
2.84228e-19
2.82727e-19
2.81177e-19
2.7958e-19
2.77936e-19
2.76247e-19
2.74513e-19
2.72736e-19
2.70916e-19
2.69054e-19
2.67152e-19
2.6521e-19
2.6323e-19
2.61212e-19
2.59158e-19
2.57068e-19
2.54945e-19
2.52788e-19
2.506e-19
2.48381e-19
2.46132e-19
2.43855e-19
2.41551e-19
2.39221e-19
2.36866e-19
2.34487e-19
2.32086e-19
2.29663e-19
2.27221e-19
2.24759e-19
2.22279e-19
2.19783e-19
2.17272e-19
2.14746e-19
2.12208e-19
2.09657e-19
2.07096e-19
2.04525e-19
2.01945e-19
1.99359e-19
1.96766e-19
1.94168e-19
1.91566e-19
1.88961e-19
1.86354e-19
1.83747e-19
1.8114e-19
1.78534e-19
1.7593e-19
1.7333e-19
1.70734e-19
1.68143e-19
1.65559e-19
1.62981e-19
1.60412e-19
1.57852e-19
1.55301e-19
1.52762e-19
1.50233e-19
1.47717e-19
1.45214e-19
1.42725e-19
1.40251e-19
1.37792e-19
1.35349e-19
1.32923e-19
1.30514e-19
1.28123e-19
1.25751e-19
1.23398e-19
1.21065e-19
1.18752e-19
1.16461e-19
1.1419e-19
1.11942e-19
1.09716e-19
1.07512e-19
1.05332e-19
1.03176e-19
1.01043e-19
9.89346e-20
9.68509e-20
9.47922e-20
9.27586e-20
9.07506e-20
8.87682e-20
8.68119e-20
8.48816e-20
8.29777e-20
8.11003e-20
7.92496e-20
7.74255e-20
7.56284e-20
7.38582e-20
7.2115e-20
7.03989e-20
6.87099e-20
6.7048e-20
6.54132e-20
6.38056e-20
6.2225e-20
6.06714e-20
5.91448e-20
5.76451e-20
5.61722e-20
5.47259e-20
5.33063e-20
5.19131e-20
5.05462e-20
4.92055e-20
4.78907e-20
4.66018e-20
4.53385e-20
4.41006e-20
4.2888e-20
4.17003e-20
4.05374e-20
3.93991e-20
3.82851e-20
3.71952e-20
3.6129e-20
3.50865e-20
3.40671e-20
3.30708e-20
3.20972e-20
3.11461e-20
3.0217e-20
2.93099e-20
2.84243e-20
2.75599e-20
2.67165e-20
2.58937e-20
2.50912e-20
2.43087e-20
2.3546e-20
2.28026e-20
2.20782e-20
2.13726e-20
2.06854e-20
2.00163e-20
1.9365e-20
1.87311e-20
1.81143e-20
1.75144e-20
1.69309e-20
1.63636e-20
1.58121e-20
1.52762e-20
1.47555e-20
1.42497e-20
1.37584e-20
1.32815e-20
1.28185e-20
1.23691e-20
1.19332e-20
1.15103e-20
1.11001e-20
1.07024e-20
1.0317e-20
9.94337e-21
9.58138e-21
9.23073e-21
8.89112e-21
8.56229e-21
8.24398e-21
7.93591e-21
7.63781e-21
7.34945e-21
7.07055e-21
6.80087e-21
6.54016e-21
6.28819e-21
6.04471e-21
5.8095e-21
5.58231e-21
5.36294e-21
5.15115e-21
4.94673e-21
4.74946e-21
4.55915e-21
4.37558e-21
4.19856e-21
4.02789e-21
3.86338e-21
3.70485e-21
3.5521e-21
3.40497e-21
3.26327e-21
3.12683e-21
2.9955e-21
2.8691e-21
2.74748e-21
2.63049e-21
2.51796e-21
2.40976e-21
2.30575e-21
2.20577e-21
2.10971e-21
2.01741e-21
1.92876e-21
1.84363e-21
1.7619e-21
1.68345e-21
1.60816e-21
1.53593e-21
1.46664e-21
1.40019e-21
1.33647e-21
1.27539e-21
1.21685e-21
1.16076e-21
1.10703e-21
1.05556e-21
1.00627e-21
9.59092e-22
9.1393e-22
8.70712e-22
8.29364e-22
7.89813e-22
7.5199e-22
7.15827e-22
6.81258e-22
6.48222e-22
6.16656e-22
5.86503e-22
5.57705e-22
5.30207e-22
5.03957e-22
4.78903e-22
4.54997e-22
4.32189e-22
4.10436e-22
3.89692e-22
3.69916e-22
3.51066e-22
3.33102e-22
3.15988e-22
2.99686e-22
2.84162e-22
2.69382e-22
2.55312e-22
2.41923e-22
2.29184e-22
2.17067e-22
2.05544e-22
1.94588e-22
1.84174e-22
1.74278e-22
1.64875e-22
1.55944e-22
1.47462e-22
1.3941e-22
1.31766e-22
1.24513e-22
1.17631e-22
1.11103e-22
1.04912e-22
9.90433e-23
9.34805e-23
8.82092e-23
8.32154e-23
7.84858e-23
7.40075e-23
6.97682e-23
6.57562e-23
6.19603e-23
5.83697e-23
5.49743e-23
5.17641e-23
4.873e-23
4.58628e-23
4.31543e-23
4.05961e-23
3.81806e-23
3.59004e-23
3.37485e-23
3.17181e-23
2.98029e-23
2.79968e-23
2.6294e-23
2.46889e-23
2.31765e-23
2.17516e-23
2.04096e-23
1.91459e-23
1.79563e-23
1.68367e-23
1.57833e-23
1.47923e-23
1.38604e-23
1.29842e-23
1.21605e-23
1.13865e-23
1.06593e-23
9.97628e-24
9.33486e-24
8.73269e-24
8.1675e-24
7.63715e-24
7.13961e-24
6.67297e-24
6.23541e-24
5.82523e-24
5.44081e-24
5.0806e-24
4.74318e-24
4.42718e-24
4.1313e-24
3.85434e-24
3.59515e-24
3.35264e-24
3.12579e-24
2.91365e-24
2.71531e-24
2.52992e-24
2.35666e-24
2.19479e-24
2.0436e-24
1.9024e-24
1.77058e-24
1.64753e-24
1.5327e-24
1.42557e-24
1.32565e-24
1.23246e-24
1.14558e-24
1.0646e-24
9.89135e-25
9.18824e-25
8.53331e-25
7.9234e-25
7.35554e-25
6.82695e-25
6.33503e-25
5.87734e-25
5.45158e-25
5.05563e-25
4.68746e-25
4.34522e-25
4.02714e-25
3.73159e-25
3.45702e-25
3.20201e-25
2.96521e-25
2.74537e-25
2.54131e-25
2.35196e-25
2.17627e-25
2.01331e-25
1.86218e-25
1.72206e-25
1.59216e-25
1.47177e-25
1.36022e-25
1.25687e-25
1.16115e-25
1.07251e-25
9.90443e-26
9.14478e-26
8.44175e-26
7.79126e-26
7.1895e-26
6.63294e-26
6.11828e-26
5.64247e-26
5.20267e-26
4.79622e-26
4.42068e-26
4.07377e-26
3.75336e-26
3.4575e-26
3.18435e-26
2.93222e-26
2.69954e-26
2.48485e-26
2.2868e-26
2.10414e-26
1.9357e-26
1.78041e-26
1.63727e-26
1.50535e-26
1.3838e-26
1.27183e-26
1.16869e-26
1.07372e-26
9.86275e-27
9.05783e-27
8.31704e-27
7.6354e-27
7.00831e-27
6.4315e-27
5.90106e-27
5.41335e-27
4.96501e-27
4.55294e-27
4.17429e-27
3.8264e-27
3.50685e-27
3.21338e-27
2.94392e-27
2.69655e-27
2.4695e-27
2.26114e-27
2.06998e-27
1.89462e-27
1.73379e-27
1.58633e-27
1.45113e-27
1.32722e-27
1.21366e-27
1.10961e-27
1.0143e-27
9.27004e-28
8.47075e-28
7.73903e-28
7.06932e-28
6.4565e-28
5.89584e-28
5.38303e-28
4.91409e-28
4.48536e-28
4.09349e-28
3.73541e-28
3.40827e-28
3.1095e-28
2.83672e-28
2.58773e-28
2.36054e-28
2.15331e-28
1.96437e-28
1.79218e-28
1.63532e-28
1.4925e-28
1.36256e-28
1.2444e-28
1.13704e-28
1.03957e-28
9.51187e-29
8.71127e-29
7.98708e-29
7.33306e-29
6.74355e-29
6.21339e-29
5.73791e-29
5.31285e-29
4.93438e-29
4.59904e-29
4.30369e-29
4.04554e-29
3.82208e-29
3.63105e-29
3.47046e-29
3.33856e-29
3.23381e-29
3.15486e-29
3.10056e-29
3.06993e-29
3.06215e-29
3.07658e-29
3.1127e-29
3.17012e-29
3.24861e-29
3.34804e-29
3.46841e-29
3.60983e-29
3.77252e-29
3.95681e-29
4.16312e-29
4.39199e-29
4.64403e-29
4.91998e-29
5.22064e-29
5.54693e-29
5.89985e-29
6.28051e-29
