2
2e+17
1e+19
50
1.99999
8387.66
3.03131e-19
3.03118e-19
3.03023e-19
3.0287e-19
3.02658e-19
3.02385e-19
3.02054e-19
3.01662e-19
3.01211e-19
3.00701e-19
3.00131e-19
2.99504e-19
2.98818e-19
2.98074e-19
2.97272e-19
2.96414e-19
2.95499e-19
2.94529e-19
2.93503e-19
2.92422e-19
2.91288e-19
2.901e-19
2.88859e-19
2.87566e-19
2.86222e-19
2.84827e-19
2.83383e-19
2.8189e-19
2.80348e-19
2.7876e-19
2.77125e-19
2.75445e-19
2.73721e-19
2.71953e-19
2.70143e-19
2.68291e-19
2.66399e-19
2.64468e-19
2.62498e-19
2.60491e-19
2.58448e-19
2.5637e-19
2.54258e-19
2.52112e-19
2.49936e-19
2.47728e-19
2.45491e-19
2.43226e-19
2.40934e-19
2.38616e-19
2.36272e-19
2.33906e-19
2.31517e-19
2.29106e-19
2.26676e-19
2.24226e-19
2.21759e-19
2.19275e-19
2.16776e-19
2.14263e-19
2.11736e-19
2.09198e-19
2.06649e-19
2.0409e-19
2.01523e-19
1.98948e-19
1.96367e-19
1.93781e-19
1.91191e-19
1.88598e-19
1.86003e-19
1.83407e-19
1.80812e-19
1.78217e-19
1.75625e-19
1.73036e-19
1.70451e-19
1.67871e-19
1.65298e-19
1.62731e-19
1.60172e-19
1.57623e-19
1.55082e-19
1.52553e-19
1.50034e-19
1.47528e-19
1.45035e-19
1.42555e-19
1.4009e-19
1.3764e-19
1.35206e-19
1.32789e-19
1.30389e-19
1.28006e-19
1.25642e-19
1.23298e-19
1.20972e-19
1.18667e-19
1.16383e-19
1.1412e-19
1.11879e-19
1.09659e-19
1.07463e-19
1.05289e-19
1.03139e-19
1.01013e-19
9.89103e-20
9.68324e-20
9.47792e-20
9.27511e-20
9.07483e-20
8.87711e-20
8.68196e-20
8.48941e-20
8.29947e-20
8.11216e-20
7.9275e-20
7.7455e-20
7.56617e-20
7.38952e-20
7.21555e-20
7.04427e-20
6.87569e-20
6.7098e-20
6.54661e-20
6.38611e-20
6.22831e-20
6.07319e-20
5.92076e-20
5.771e-20
5.62391e-20
5.47947e-20
5.33767e-20
5.19851e-20
5.06197e-20
4.92803e-20
4.79667e-20
4.66789e-20
4.54166e-20
4.41796e-20
4.29677e-20
4.17807e-20
4.06184e-20
3.94805e-20
3.83669e-20
3.72772e-20
3.62112e-20
3.51687e-20
3.41494e-20
3.3153e-20
3.21793e-20
3.12279e-20
3.02986e-20
2.9391e-20
2.8505e-20
2.76401e-20
2.67962e-20
2.59728e-20
2.51697e-20
2.43865e-20
2.3623e-20
2.28788e-20
2.21536e-20
2.14471e-20
2.0759e-20
2.00889e-20
1.94366e-20
1.88017e-20
1.81839e-20
1.75828e-20
1.69983e-20
1.64298e-20
1.58772e-20
1.53401e-20
1.48182e-20
1.43112e-20
1.38188e-20
1.33406e-20
1.28763e-20
1.24258e-20
1.19886e-20
1.15644e-20
1.1153e-20
1.07541e-20
1.03674e-20
9.99251e-21
9.62927e-21
9.27736e-21
8.93651e-21
8.60644e-21
8.28688e-21
7.97758e-21
7.67826e-21
7.38868e-21
7.10857e-21
6.8377e-21
6.57581e-21
6.32266e-21
6.07802e-21
5.84166e-21
5.61334e-21
5.39284e-21
5.17994e-21
4.97442e-21
4.77608e-21
4.5847e-21
4.40009e-21
4.22204e-21
4.05035e-21
3.88484e-21
3.72532e-21
3.57161e-21
3.42352e-21
3.28089e-21
3.14354e-21
3.01131e-21
2.88403e-21
2.76155e-21
2.64371e-21
2.53035e-21
2.42135e-21
2.31653e-21
2.21578e-21
2.11896e-21
2.02592e-21
1.93654e-21
1.85071e-21
1.76828e-21
1.68916e-21
1.61321e-21
1.54033e-21
1.47041e-21
1.40335e-21
1.33904e-21
1.27738e-21
1.21827e-21
1.16163e-21
1.10736e-21
1.05537e-21
1.00558e-21
9.57907e-22
9.12267e-22
8.68584e-22
8.26786e-22
7.86799e-22
7.48555e-22
7.11987e-22
6.7703e-22
6.4362e-22
6.11698e-22
5.81204e-22
5.52082e-22
5.24276e-22
4.97733e-22
4.72402e-22
4.48234e-22
4.2518e-22
4.03195e-22
3.82234e-22
3.62255e-22
3.43216e-22
3.25079e-22
3.07804e-22
2.91356e-22
2.75698e-22
2.60797e-22
2.46621e-22
2.33139e-22
2.2032e-22
2.08137e-22
1.96561e-22
1.85566e-22
1.75125e-22
1.65215e-22
1.55811e-22
1.46891e-22
1.38431e-22
1.30412e-22
1.22812e-22
1.15611e-22
1.08792e-22
1.02336e-22
9.62246e-23
9.04432e-23
8.49759e-23
7.98079e-23
7.49249e-23
7.03132e-23
6.59596e-23
6.18513e-23
5.79762e-23
5.43226e-23
5.08793e-23
4.76356e-23
4.45812e-23
4.17062e-23
3.90014e-23
3.64576e-23
3.40663e-23
3.18194e-23
2.97089e-23
2.77275e-23
2.58679e-23
2.41236e-23
2.2488e-23
2.09549e-23
1.95186e-23
1.81736e-23
1.69145e-23
1.57364e-23
1.46344e-23
1.36043e-23
1.26415e-23
1.17423e-23
1.09026e-23
1.01189e-23
9.38773e-24
8.70592e-24
8.07037e-24
7.47821e-24
6.9267e-24
6.41327e-24
5.9355e-24
5.49109e-24
5.07791e-24
4.6939e-24
4.33717e-24
4.00593e-24
3.69848e-24
3.41323e-24
3.1487e-24
2.90348e-24
2.67627e-24
2.46583e-24
2.271e-24
2.09072e-24
1.92395e-24
1.76977e-24
1.62727e-24
1.49563e-24
1.37408e-24
1.26188e-24
1.15838e-24
1.06292e-24
9.7493e-25
8.93856e-25
8.19187e-25
7.50448e-25
6.87193e-25
6.29012e-25
5.7552e-25
5.2636e-25
4.81203e-25
4.39739e-25
4.01683e-25
3.6677e-25
3.34754e-25
3.05408e-25
2.78521e-25
2.53898e-25
2.31357e-25
2.10731e-25
1.91866e-25
1.74619e-25
1.58858e-25
1.44461e-25
1.31316e-25
1.19319e-25
1.08375e-25
9.8395e-26
8.92984e-26
8.10105e-26
7.34626e-26
6.65916e-26
6.03395e-26
5.46529e-26
4.94828e-26
4.47844e-26
4.05163e-26
3.66408e-26
3.31233e-26
2.9932e-26
2.70379e-26
2.44143e-26
2.2037e-26
1.98838e-26
1.79342e-26
1.61699e-26
1.45737e-26
1.31303e-26
1.18256e-26
1.06467e-26
9.58191e-27
8.62056e-27
7.75295e-27
6.97023e-27
6.26437e-27
5.62808e-27
5.05471e-27
4.53823e-27
4.07318e-27
3.6546e-27
3.27797e-27
2.93921e-27
2.63464e-27
2.36089e-27
2.11494e-27
1.89403e-27
1.6957e-27
1.51769e-27
1.35797e-27
1.21472e-27
1.08627e-27
9.71142e-28
8.6798e-28
7.75572e-28
6.92822e-28
6.18743e-28
5.52447e-28
4.93134e-28
4.40083e-28
3.92648e-28
3.50245e-28
3.12352e-28
2.78499e-28
2.48262e-28
2.21264e-28
1.97163e-28
1.75653e-28
1.56461e-28
1.39341e-28
1.24074e-28
1.10462e-28
9.83292e-29
8.75163e-29
7.78821e-29
6.92999e-29
6.16563e-29
5.48507e-29
4.87928e-29
4.34018e-29
3.86055e-29
3.43392e-29
3.05452e-29
2.71721e-29
2.41739e-29
2.15095e-29
1.91425e-29
1.70402e-29
1.51736e-29
1.35168e-29
1.20468e-29
1.0743e-29
9.58707e-30
8.56283e-30
7.65575e-30
6.85295e-30
6.14296e-30
5.51559e-30
4.96178e-30
4.47347e-30
4.04351e-30
3.66555e-30
3.33395e-30
3.04369e-30
2.79035e-30
2.56999e-30
2.3791e-30
2.21462e-30
2.0738e-30
1.95423e-30
1.85377e-30
1.77054e-30
1.70287e-30
1.64932e-30
1.60859e-30
1.57956e-30
1.56125e-30
1.55281e-30
1.55349e-30
1.56266e-30
1.57976e-30
1.60433e-30
1.63597e-30
1.67436e-30
1.71923e-30
1.77036e-30
1.8276e-30
1.89082e-30
1.95996e-30
2.03498e-30
2.11586e-30
2.20266e-30
2.29543e-30
2.39426e-30
2.49929e-30
2.61066e-30
2.72855e-30
2.85316e-30
2.98473e-30
3.12351e-30
