2
2e+17
2e+18
49.9999
1.99999
8387.66
3.0405e-19
3.04036e-19
3.0394e-19
3.03787e-19
3.03574e-19
3.033e-19
3.02967e-19
3.02573e-19
3.0212e-19
3.01607e-19
3.01034e-19
3.00403e-19
2.99714e-19
2.98966e-19
2.9816e-19
2.97297e-19
2.96378e-19
2.95402e-19
2.9437e-19
2.93284e-19
2.92143e-19
2.90949e-19
2.89701e-19
2.88401e-19
2.8705e-19
2.85648e-19
2.84196e-19
2.82695e-19
2.81145e-19
2.79548e-19
2.77905e-19
2.76216e-19
2.74483e-19
2.72706e-19
2.70886e-19
2.69025e-19
2.67123e-19
2.65181e-19
2.63202e-19
2.61184e-19
2.5913e-19
2.57041e-19
2.54918e-19
2.52762e-19
2.50575e-19
2.48356e-19
2.46108e-19
2.43831e-19
2.41528e-19
2.39198e-19
2.36843e-19
2.34465e-19
2.32064e-19
2.29642e-19
2.272e-19
2.24738e-19
2.2226e-19
2.19764e-19
2.17253e-19
2.14728e-19
2.1219e-19
2.0964e-19
2.07079e-19
2.04508e-19
2.01929e-19
1.99343e-19
1.96751e-19
1.94153e-19
1.91552e-19
1.88947e-19
1.86341e-19
1.83734e-19
1.81127e-19
1.78522e-19
1.75918e-19
1.73319e-19
1.70723e-19
1.68133e-19
1.65549e-19
1.62972e-19
1.60403e-19
1.57843e-19
1.55293e-19
1.52754e-19
1.50226e-19
1.4771e-19
1.45208e-19
1.42719e-19
1.40245e-19
1.37786e-19
1.35344e-19
1.32918e-19
1.30509e-19
1.28119e-19
1.25747e-19
1.23394e-19
1.21062e-19
1.18749e-19
1.16458e-19
1.14188e-19
1.1194e-19
1.09714e-19
1.07511e-19
1.05331e-19
1.03174e-19
1.01042e-19
9.89338e-20
9.68503e-20
9.47918e-20
9.27584e-20
9.07506e-20
8.87685e-20
8.68123e-20
8.48822e-20
8.29785e-20
8.11012e-20
7.92506e-20
7.74268e-20
7.56298e-20
7.38597e-20
7.21167e-20
7.04007e-20
6.87118e-20
6.705e-20
6.54153e-20
6.38078e-20
6.22273e-20
6.06738e-20
5.91473e-20
5.76476e-20
5.61748e-20
5.47286e-20
5.3309e-20
5.19159e-20
5.05491e-20
4.92084e-20
4.78937e-20
4.66048e-20
4.53415e-20
4.41037e-20
4.2891e-20
4.17034e-20
4.05406e-20
3.94023e-20
3.82883e-20
3.71983e-20
3.61322e-20
3.50896e-20
3.40703e-20
3.3074e-20
3.21004e-20
3.11492e-20
3.02202e-20
2.9313e-20
2.84273e-20
2.75629e-20
2.67195e-20
2.58967e-20
2.50942e-20
2.43117e-20
2.35489e-20
2.28054e-20
2.20811e-20
2.13754e-20
2.06882e-20
2.00191e-20
1.93677e-20
1.87338e-20
1.81169e-20
1.75169e-20
1.69334e-20
1.63661e-20
1.58146e-20
1.52786e-20
1.47578e-20
1.42519e-20
1.37607e-20
1.32836e-20
1.28206e-20
1.23712e-20
1.19352e-20
1.15123e-20
1.11021e-20
1.07044e-20
1.03188e-20
9.94517e-21
9.58314e-21
9.23243e-21
8.89278e-21
8.5639e-21
8.24554e-21
7.93742e-21
7.63928e-21
7.35086e-21
7.07192e-21
6.80219e-21
6.54144e-21
6.28942e-21
6.0459e-21
5.81064e-21
5.58341e-21
5.36399e-21
5.15216e-21
4.9477e-21
4.7504e-21
4.56004e-21
4.37644e-21
4.19938e-21
4.02867e-21
3.86412e-21
3.70555e-21
3.55277e-21
3.4056e-21
3.26386e-21
3.12739e-21
2.99603e-21
2.8696e-21
2.74795e-21
2.63092e-21
2.51837e-21
2.41014e-21
2.30609e-21
2.20609e-21
2.11e-21
2.01768e-21
1.929e-21
1.84385e-21
1.76209e-21
1.68362e-21
1.60831e-21
1.53605e-21
1.46674e-21
1.40027e-21
1.33653e-21
1.27543e-21
1.21688e-21
1.16077e-21
1.10701e-21
1.05553e-21
1.00623e-21
9.5903e-22
9.13854e-22
8.70622e-22
8.2926e-22
7.89696e-22
7.51861e-22
7.15686e-22
6.81106e-22
6.48059e-22
6.16483e-22
5.8632e-22
5.57513e-22
5.30007e-22
5.03748e-22
4.78687e-22
4.54773e-22
4.31959e-22
4.102e-22
3.8945e-22
3.69668e-22
3.50813e-22
3.32846e-22
3.15728e-22
2.99422e-22
2.83895e-22
2.69111e-22
2.5504e-22
2.41648e-22
2.28908e-22
2.16789e-22
2.05265e-22
1.94308e-22
1.83894e-22
1.73997e-22
1.64595e-22
1.55664e-22
1.47183e-22
1.39132e-22
1.31489e-22
1.24237e-22
1.17357e-22
1.10831e-22
1.04643e-22
9.87763e-23
9.32159e-23
8.79473e-23
8.29564e-23
7.82299e-23
7.37547e-23
6.95188e-23
6.55102e-23
6.17179e-23
5.8131e-23
5.47394e-23
5.15331e-23
4.85029e-23
4.56399e-23
4.29354e-23
4.03814e-23
3.79702e-23
3.56943e-23
3.35466e-23
3.15206e-23
2.96098e-23
2.7808e-23
2.61096e-23
2.4509e-23
2.30009e-23
2.15804e-23
2.02428e-23
1.89834e-23
1.77981e-23
1.66828e-23
1.56336e-23
1.46468e-23
1.3719e-23
1.28469e-23
1.20273e-23
1.12573e-23
1.0534e-23
9.85482e-24
9.21723e-24
8.6188e-24
8.05729e-24
7.53056e-24
7.03657e-24
6.5734e-24
6.13925e-24
5.7324e-24
5.35123e-24
4.99422e-24
4.65991e-24
4.34694e-24
4.05402e-24
3.77995e-24
3.52356e-24
3.28379e-24
3.05961e-24
2.85005e-24
2.65423e-24
2.47127e-24
2.30039e-24
2.14082e-24
1.99185e-24
1.85281e-24
1.72307e-24
1.60205e-24
1.48918e-24
1.38394e-24
1.28584e-24
1.19442e-24
1.10924e-24
1.0299e-24
9.56014e-25
8.87226e-25
8.232e-25
7.63621e-25
7.08192e-25
6.56639e-25
6.08701e-25
5.64136e-25
5.22716e-25
4.84229e-25
4.48476e-25
4.1527e-25
3.84438e-25
3.55816e-25
3.29253e-25
3.04606e-25
2.81743e-25
2.60539e-25
2.40878e-25
2.22653e-25
2.05763e-25
1.90113e-25
1.75615e-25
1.62189e-25
1.49757e-25
1.38249e-25
1.27599e-25
1.17744e-25
1.08628e-25
1.00196e-25
9.24003e-26
8.51932e-26
7.8532e-26
7.23769e-26
6.66906e-26
6.14385e-26
5.65886e-26
5.2111e-26
4.7978e-26
4.4164e-26
4.06451e-26
3.73992e-26
3.44056e-26
3.16454e-26
2.9101e-26
2.67559e-26
2.45949e-26
2.26042e-26
2.07705e-26
1.90819e-26
1.75272e-26
1.60961e-26
1.4779e-26
1.35671e-26
1.24523e-26
1.14269e-26
1.04839e-26
9.61698e-27
8.82008e-27
8.08771e-27
7.41478e-27
6.79657e-27
6.22877e-27
5.70734e-27
5.22861e-27
4.78915e-27
4.38583e-27
4.01574e-27
3.67621e-27
3.36478e-27
3.07919e-27
2.81733e-27
2.5773e-27
2.3573e-27
2.15571e-27
1.97103e-27
1.80186e-27
1.64694e-27
1.5051e-27
1.37526e-27
1.25643e-27
1.1477e-27
1.04824e-27
9.5726e-28
8.74068e-28
7.98018e-28
7.28514e-28
6.65012e-28
6.0701e-28
5.54045e-28
5.05696e-28
4.61573e-28
4.21322e-28
3.84614e-28
3.51152e-28
3.20663e-28
2.92894e-28
2.67617e-28
2.44621e-28
2.23714e-28
2.0472e-28
1.87479e-28
1.71844e-28
1.5768e-28
1.44865e-28
1.33288e-28
1.22846e-28
1.13446e-28
1.05005e-28
9.74446e-29
9.06956e-29
8.46945e-29
7.93837e-29
7.4711e-29
7.06295e-29
6.70966e-29
6.40741e-29
6.15276e-29
5.94264e-29
5.77429e-29
5.64529e-29
5.55348e-29
5.49695e-29
5.47406e-29
5.48338e-29
5.52368e-29
5.59395e-29
5.69332e-29
5.82114e-29
5.97688e-29
6.16017e-29
6.37078e-29
6.60861e-29
6.8737e-29
7.16618e-29
7.48633e-29
7.83451e-29
8.2112e-29
8.61698e-29
9.05251e-29
9.51857e-29
1.0016e-28
1.05458e-28
1.1109e-28
1.17067e-28
1.23402e-28
1.30107e-28
1.37196e-28
