2
5e+17
2e+17
49.9995
2
8387.66
3.04328e-19
3.04314e-19
3.04218e-19
3.04065e-19
3.03851e-19
3.03577e-19
3.03243e-19
3.02849e-19
3.02395e-19
3.01881e-19
3.01308e-19
3.00676e-19
2.99985e-19
2.99236e-19
2.98429e-19
2.97565e-19
2.96644e-19
2.95666e-19
2.94633e-19
2.93545e-19
2.92403e-19
2.91206e-19
2.89957e-19
2.88655e-19
2.87301e-19
2.85897e-19
2.84443e-19
2.82939e-19
2.81387e-19
2.79788e-19
2.78142e-19
2.7645e-19
2.74714e-19
2.72934e-19
2.71112e-19
2.69248e-19
2.67343e-19
2.65398e-19
2.63415e-19
2.61395e-19
2.59338e-19
2.57246e-19
2.55119e-19
2.5296e-19
2.50769e-19
2.48547e-19
2.46295e-19
2.44015e-19
2.41708e-19
2.39375e-19
2.37017e-19
2.34635e-19
2.32231e-19
2.29805e-19
2.27359e-19
2.24895e-19
2.22412e-19
2.19913e-19
2.17398e-19
2.1487e-19
2.12328e-19
2.09774e-19
2.0721e-19
2.04636e-19
2.02053e-19
1.99464e-19
1.96868e-19
1.94267e-19
1.91662e-19
1.89054e-19
1.86444e-19
1.83834e-19
1.81224e-19
1.78615e-19
1.76008e-19
1.73405e-19
1.70807e-19
1.68213e-19
1.65626e-19
1.63046e-19
1.60474e-19
1.57911e-19
1.55358e-19
1.52816e-19
1.50285e-19
1.47766e-19
1.45261e-19
1.4277e-19
1.40293e-19
1.37831e-19
1.35386e-19
1.32958e-19
1.30547e-19
1.28154e-19
1.2578e-19
1.23425e-19
1.2109e-19
1.18775e-19
1.16481e-19
1.14209e-19
1.11959e-19
1.09731e-19
1.07526e-19
1.05344e-19
1.03186e-19
1.01052e-19
9.89418e-20
9.68566e-20
9.47964e-20
9.27615e-20
9.07521e-20
8.87685e-20
8.68109e-20
8.48794e-20
8.29744e-20
8.10958e-20
7.9244e-20
7.7419e-20
7.56208e-20
7.38497e-20
7.21056e-20
7.03886e-20
6.86988e-20
6.70361e-20
6.54006e-20
6.37923e-20
6.2211e-20
6.06568e-20
5.91296e-20
5.76293e-20
5.61559e-20
5.47092e-20
5.32891e-20
5.18955e-20
5.05282e-20
4.91871e-20
4.7872e-20
4.65828e-20
4.53192e-20
4.40811e-20
4.28683e-20
4.16804e-20
4.05174e-20
3.9379e-20
3.82649e-20
3.71748e-20
3.61086e-20
3.5066e-20
3.40467e-20
3.30503e-20
3.20768e-20
3.11256e-20
3.01967e-20
2.92896e-20
2.84041e-20
2.75398e-20
2.66965e-20
2.58738e-20
2.50715e-20
2.42892e-20
2.35266e-20
2.27834e-20
2.20592e-20
2.13538e-20
2.06669e-20
1.9998e-20
1.93469e-20
1.87133e-20
1.80967e-20
1.7497e-20
1.69138e-20
1.63468e-20
1.57956e-20
1.526e-20
1.47395e-20
1.4234e-20
1.3743e-20
1.32664e-20
1.28037e-20
1.23546e-20
1.1919e-20
1.14964e-20
1.10865e-20
1.06892e-20
1.0304e-20
9.93071e-21
9.56903e-21
9.21868e-21
8.87938e-21
8.55086e-21
8.23285e-21
7.92508e-21
7.62729e-21
7.33922e-21
7.06061e-21
6.79123e-21
6.53082e-21
6.27913e-21
6.03594e-21
5.80101e-21
5.57411e-21
5.35501e-21
5.14349e-21
4.93934e-21
4.74235e-21
4.5523e-21
4.36899e-21
4.19223e-21
4.02181e-21
3.85755e-21
3.69926e-21
3.54675e-21
3.39985e-21
3.25839e-21
3.12218e-21
2.99107e-21
2.8649e-21
2.74349e-21
2.62671e-21
2.51439e-21
2.4064e-21
2.30258e-21
2.20281e-21
2.10693e-21
2.01482e-21
1.92636e-21
1.84141e-21
1.75986e-21
1.68158e-21
1.60646e-21
1.53439e-21
1.46526e-21
1.39896e-21
1.3354e-21
1.27447e-21
1.21608e-21
1.16013e-21
1.10653e-21
1.0552e-21
1.00605e-21
9.58997e-22
9.13961e-22
8.70865e-22
8.29636e-22
7.90201e-22
7.5249e-22
7.16435e-22
6.81971e-22
6.49035e-22
6.17567e-22
5.87506e-22
5.58797e-22
5.31385e-22
5.05216e-22
4.8024e-22
4.56408e-22
4.33671e-22
4.11985e-22
3.91305e-22
3.71588e-22
3.52795e-22
3.34885e-22
3.1782e-22
3.01565e-22
2.86084e-22
2.71344e-22
2.57311e-22
2.43955e-22
2.31247e-22
2.19156e-22
2.07656e-22
1.96721e-22
1.86323e-22
1.76441e-22
1.67048e-22
1.58125e-22
1.49648e-22
1.41597e-22
1.33952e-22
1.26695e-22
1.19807e-22
1.13271e-22
1.0707e-22
1.01188e-22
9.56103e-23
9.0322e-23
8.5309e-23
8.05582e-23
7.60567e-23
7.17924e-23
6.77537e-23
6.39293e-23
6.03088e-23
5.68819e-23
5.3639e-23
5.05709e-23
4.76688e-23
4.49242e-23
4.23291e-23
3.9876e-23
3.75576e-23
3.53668e-23
3.32972e-23
3.13425e-23
2.94966e-23
2.77538e-23
2.61088e-23
2.45564e-23
2.30917e-23
2.171e-23
2.04069e-23
1.91781e-23
1.80198e-23
1.6928e-23
1.58992e-23
1.493e-23
1.4017e-23
1.31572e-23
1.23477e-23
1.15857e-23
1.08685e-23
1.01937e-23
9.55885e-24
8.96176e-24
8.40029e-24
7.87243e-24
7.37626e-24
6.90997e-24
6.47187e-24
6.06034e-24
5.67383e-24
5.31092e-24
4.97022e-24
4.65045e-24
4.35038e-24
4.06886e-24
3.8048e-24
3.55716e-24
3.32498e-24
3.10732e-24
2.90334e-24
2.7122e-24
2.53314e-24
2.36543e-24
2.20838e-24
2.06135e-24
1.92372e-24
1.79492e-24
1.67441e-24
1.56168e-24
1.45624e-24
1.35765e-24
1.26549e-24
1.17934e-24
1.09884e-24
1.02363e-24
9.53379e-25
8.8777e-25
8.2651e-25
7.69324e-25
7.15951e-25
6.66147e-25
6.19685e-25
5.76347e-25
5.35934e-25
4.98254e-25
4.63131e-25
4.30398e-25
3.99898e-25
3.71485e-25
3.45022e-25
3.2038e-25
2.97439e-25
2.76085e-25
2.56213e-25
2.37723e-25
2.20524e-25
2.04528e-25
1.89655e-25
1.75828e-25
1.62976e-25
1.51034e-25
1.39939e-25
1.29633e-25
1.20062e-25
1.11175e-25
1.02925e-25
9.5269e-26
8.81644e-26
8.15734e-26
7.546e-26
6.97909e-26
6.45347e-26
5.96624e-26
5.5147e-26
5.09631e-26
4.70872e-26
4.34974e-26
4.01732e-26
3.70957e-26
3.42471e-26
3.16108e-26
2.91717e-26
2.69154e-26
2.48287e-26
2.28991e-26
2.11153e-26
1.94666e-26
1.7943e-26
1.65353e-26
1.5235e-26
1.40342e-26
1.29254e-26
1.19019e-26
1.09572e-26
1.00855e-26
9.28125e-27
8.53945e-27
7.85536e-27
7.22463e-27
6.64321e-27
6.10736e-27
5.61362e-27
5.15875e-27
4.7398e-27
4.354e-27
3.9988e-27
3.67184e-27
3.37095e-27
3.09409e-27
2.8394e-27
2.60516e-27
2.38976e-27
2.19173e-27
2.00971e-27
1.84244e-27
1.68876e-27
1.54758e-27
1.41792e-27
1.29887e-27
1.18957e-27
1.08925e-27
9.97194e-28
9.12735e-28
8.35262e-28
7.64212e-28
6.99066e-28
6.39345e-28
5.8461e-28
5.34453e-28
4.88502e-28
4.46413e-28
4.07868e-28
3.72577e-28
3.40271e-28
3.10705e-28
2.8365e-28
2.589e-28
2.36262e-28
2.15561e-28
1.96634e-28
1.79333e-28
1.63521e-28
1.49074e-28
1.35876e-28
1.23821e-28
1.12814e-28
1.02765e-28
9.35916e-29
8.52203e-29
7.75823e-29
7.06148e-29
6.42601e-29
5.84656e-29
5.3183e-29
4.8368e-29
4.39802e-29
3.99824e-29
3.63407e-29
3.30241e-29
3.00042e-29
2.7255e-29
2.47528e-29
2.24758e-29
2.04041e-29
1.85197e-29
1.6806e-29
1.52478e-29
1.38313e-29
1.25439e-29
1.13741e-29
1.03113e-29
9.34588e-30
8.46919e-30
7.67321e-30
6.95065e-30
6.29487e-30
5.69982e-30
5.15999e-30
4.67036e-30
4.22639e-30
