2
5e+17
5e+17
50
2
8387.66
3.04308e-19
3.04295e-19
3.04199e-19
3.04045e-19
3.03832e-19
3.03558e-19
3.03224e-19
3.0283e-19
3.02376e-19
3.01862e-19
3.01289e-19
3.00657e-19
2.99966e-19
2.99217e-19
2.9841e-19
2.97546e-19
2.96625e-19
2.95648e-19
2.94615e-19
2.93527e-19
2.92384e-19
2.91188e-19
2.89939e-19
2.88637e-19
2.87284e-19
2.85879e-19
2.84425e-19
2.82922e-19
2.8137e-19
2.79771e-19
2.78125e-19
2.76434e-19
2.74698e-19
2.72918e-19
2.71096e-19
2.69232e-19
2.67327e-19
2.65383e-19
2.634e-19
2.6138e-19
2.59323e-19
2.57231e-19
2.55105e-19
2.52946e-19
2.50755e-19
2.48533e-19
2.46282e-19
2.44002e-19
2.41695e-19
2.39362e-19
2.37004e-19
2.34623e-19
2.32219e-19
2.29793e-19
2.27348e-19
2.24883e-19
2.22401e-19
2.19902e-19
2.17388e-19
2.14859e-19
2.12318e-19
2.09764e-19
2.072e-19
2.04627e-19
2.02044e-19
1.99455e-19
1.96859e-19
1.94258e-19
1.91654e-19
1.89046e-19
1.86437e-19
1.83826e-19
1.81217e-19
1.78608e-19
1.76002e-19
1.73399e-19
1.708e-19
1.68207e-19
1.6562e-19
1.6304e-19
1.60469e-19
1.57906e-19
1.55353e-19
1.52811e-19
1.5028e-19
1.47762e-19
1.45257e-19
1.42766e-19
1.40289e-19
1.37828e-19
1.35383e-19
1.32955e-19
1.30544e-19
1.28151e-19
1.25777e-19
1.23422e-19
1.21088e-19
1.18773e-19
1.1648e-19
1.14208e-19
1.11957e-19
1.0973e-19
1.07525e-19
1.05343e-19
1.03185e-19
1.01051e-19
9.89411e-20
9.68561e-20
9.4796e-20
9.27612e-20
9.07519e-20
8.87684e-20
8.68109e-20
8.48796e-20
8.29746e-20
8.10962e-20
7.92444e-20
7.74195e-20
7.56214e-20
7.38503e-20
7.21063e-20
7.03894e-20
6.86997e-20
6.70371e-20
6.54016e-20
6.37933e-20
6.22121e-20
6.0658e-20
5.91308e-20
5.76306e-20
5.61572e-20
5.47106e-20
5.32905e-20
5.18969e-20
5.05297e-20
4.91886e-20
4.78736e-20
4.65844e-20
4.53208e-20
4.40827e-20
4.28699e-20
4.16821e-20
4.05191e-20
3.93806e-20
3.82665e-20
3.71765e-20
3.61103e-20
3.50677e-20
3.40484e-20
3.3052e-20
3.20785e-20
3.11273e-20
3.01984e-20
2.92913e-20
2.84057e-20
2.75415e-20
2.66981e-20
2.58755e-20
2.50731e-20
2.42908e-20
2.35282e-20
2.2785e-20
2.20608e-20
2.13554e-20
2.06684e-20
1.99995e-20
1.93484e-20
1.87147e-20
1.80982e-20
1.74985e-20
1.69153e-20
1.63482e-20
1.5797e-20
1.52613e-20
1.47409e-20
1.42353e-20
1.37443e-20
1.32676e-20
1.28049e-20
1.23559e-20
1.19202e-20
1.14976e-20
1.10877e-20
1.06903e-20
1.03051e-20
9.93179e-21
9.57009e-21
9.21971e-21
8.88039e-21
8.55184e-21
8.2338e-21
7.92601e-21
7.62819e-21
7.3401e-21
7.06147e-21
6.79206e-21
6.53163e-21
6.27992e-21
6.0367e-21
5.80175e-21
5.57482e-21
5.3557e-21
5.14416e-21
4.93999e-21
4.74297e-21
4.5529e-21
4.36957e-21
4.19279e-21
4.02235e-21
3.85807e-21
3.69975e-21
3.54723e-21
3.40031e-21
3.25882e-21
3.1226e-21
2.99147e-21
2.86528e-21
2.74385e-21
2.62705e-21
2.51472e-21
2.40671e-21
2.30288e-21
2.20308e-21
2.10719e-21
2.01507e-21
1.92659e-21
1.84162e-21
1.76005e-21
1.68176e-21
1.60662e-21
1.53454e-21
1.4654e-21
1.39909e-21
1.33551e-21
1.27457e-21
1.21616e-21
1.1602e-21
1.10659e-21
1.05525e-21
1.00609e-21
9.5902e-22
9.13972e-22
8.70866e-22
8.29626e-22
7.9018e-22
7.52459e-22
7.16394e-22
6.81921e-22
6.48976e-22
6.17498e-22
5.87429e-22
5.58712e-22
5.31291e-22
5.05115e-22
4.80132e-22
4.56292e-22
4.33549e-22
4.11856e-22
3.9117e-22
3.71447e-22
3.52648e-22
3.34733e-22
3.17664e-22
3.01404e-22
2.85919e-22
2.71174e-22
2.57138e-22
2.43779e-22
2.31067e-22
2.18974e-22
2.07471e-22
1.96533e-22
1.86134e-22
1.7625e-22
1.66856e-22
1.57931e-22
1.49454e-22
1.41402e-22
1.33758e-22
1.265e-22
1.19613e-22
1.13077e-22
1.06877e-22
1.00996e-22
9.54193e-23
9.01322e-23
8.51208e-23
8.03717e-23
7.58722e-23
7.161e-23
6.75735e-23
6.37516e-23
6.01337e-23
5.67096e-23
5.34696e-23
5.04045e-23
4.75054e-23
4.47641e-23
4.21723e-23
3.97226e-23
3.74076e-23
3.52204e-23
3.31543e-23
3.12032e-23
2.93609e-23
2.76218e-23
2.59804e-23
2.44317e-23
2.29706e-23
2.15925e-23
2.0293e-23
1.90679e-23
1.79131e-23
1.68248e-23
1.57995e-23
1.48337e-23
1.39241e-23
1.30676e-23
1.22613e-23
1.15025e-23
1.07885e-23
1.01167e-23
9.48488e-24
8.89071e-24
8.33209e-24
7.80699e-24
7.31352e-24
6.84986e-24
6.41431e-24
6.00524e-24
5.62113e-24
5.26053e-24
4.92208e-24
4.60448e-24
4.30651e-24
4.02701e-24
3.7649e-24
3.51914e-24
3.28876e-24
3.07285e-24
2.87054e-24
2.68101e-24
2.5035e-24
2.33727e-24
2.18164e-24
2.03596e-24
1.89963e-24
1.77208e-24
1.65276e-24
1.54117e-24
1.43682e-24
1.33927e-24
1.2481e-24
1.1629e-24
1.0833e-24
1.00894e-24
9.39503e-25
8.74669e-25
8.14147e-25
7.57661e-25
7.04953e-25
6.55782e-25
6.09918e-25
5.67149e-25
5.27273e-25
4.90104e-25
4.55463e-25
4.23187e-25
3.9312e-25
3.65116e-25
3.39039e-25
3.14762e-25
2.92165e-25
2.71136e-25
2.51571e-25
2.33371e-25
2.16444e-25
2.00705e-25
1.86074e-25
1.72475e-25
1.59837e-25
1.48097e-25
1.37191e-25
1.27063e-25
1.17659e-25
1.0893e-25
1.00828e-25
9.33098e-26
8.63352e-26
7.98661e-26
7.38669e-26
6.83048e-26
6.31489e-26
5.83705e-26
5.3943e-26
4.98413e-26
4.60424e-26
4.25245e-26
3.92676e-26
3.62529e-26
3.3463e-26
3.08816e-26
2.84937e-26
2.62852e-26
2.4243e-26
2.23551e-26
2.061e-26
1.89974e-26
1.75075e-26
1.61312e-26
1.48601e-26
1.36865e-26
1.2603e-26
1.1603e-26
1.06803e-26
9.82891e-27
9.04361e-27
8.3194e-27
7.65166e-27
7.03611e-27
6.46879e-27
5.94602e-27
5.46442e-27
5.02082e-27
4.61231e-27
4.23619e-27
3.88997e-27
3.57134e-27
3.27815e-27
3.00843e-27
2.76035e-27
2.53222e-27
2.32249e-27
2.1297e-27
1.95252e-27
1.78973e-27
1.64019e-27
1.50284e-27
1.37671e-27
1.26093e-27
1.15465e-27
1.05711e-27
9.6763e-28
8.85544e-28
8.10261e-28
7.41231e-28
6.77949e-28
6.19948e-28
5.66798e-28
5.18103e-28
4.73501e-28
4.32654e-28
3.95256e-28
3.61023e-28
3.29693e-28
3.01027e-28
2.74805e-28
2.50823e-28
2.28896e-28
2.08853e-28
1.90537e-28
1.73803e-28
1.5852e-28
1.44567e-28
1.31831e-28
1.20212e-28
1.09615e-28
9.99554e-29
9.1155e-29
8.31421e-29
7.58513e-29
6.9223e-29
6.32025e-29
5.77403e-29
5.27912e-29
4.8314e-29
4.42717e-29
4.06303e-29
3.73594e-29
3.44316e-29
3.18222e-29
2.95091e-29
2.74728e-29
2.5696e-29
2.41634e-29
2.28618e-29
2.17799e-29
2.09082e-29
2.02388e-29
1.97654e-29
1.94834e-29
1.93894e-29
1.94816e-29
1.97595e-29
2.02239e-29
2.0877e-29
2.17222e-29
2.27641e-29
2.40086e-29
2.54628e-29
2.71351e-29
