2
1e+16
2e+17
49.9997
2
8387.66
3.04324e-19
3.04309e-19
3.04215e-19
3.04062e-19
3.03849e-19
3.03576e-19
3.03242e-19
3.02848e-19
3.02394e-19
3.01881e-19
3.01308e-19
3.00676e-19
2.99985e-19
2.99236e-19
2.98429e-19
2.97565e-19
2.96644e-19
2.95666e-19
2.94633e-19
2.93545e-19
2.92403e-19
2.91206e-19
2.89957e-19
2.88655e-19
2.87301e-19
2.85897e-19
2.84443e-19
2.82939e-19
2.81387e-19
2.79788e-19
2.78142e-19
2.7645e-19
2.74714e-19
2.72934e-19
2.71112e-19
2.69248e-19
2.67343e-19
2.65398e-19
2.63415e-19
2.61395e-19
2.59338e-19
2.57246e-19
2.55119e-19
2.5296e-19
2.50769e-19
2.48547e-19
2.46295e-19
2.44015e-19
2.41708e-19
2.39375e-19
2.37017e-19
2.34635e-19
2.32231e-19
2.29805e-19
2.27359e-19
2.24895e-19
2.22412e-19
2.19913e-19
2.17398e-19
2.1487e-19
2.12328e-19
2.09774e-19
2.0721e-19
2.04636e-19
2.02053e-19
1.99464e-19
1.96868e-19
1.94267e-19
1.91662e-19
1.89054e-19
1.86444e-19
1.83834e-19
1.81224e-19
1.78615e-19
1.76008e-19
1.73405e-19
1.70807e-19
1.68213e-19
1.65626e-19
1.63046e-19
1.60474e-19
1.57911e-19
1.55358e-19
1.52816e-19
1.50285e-19
1.47766e-19
1.45261e-19
1.4277e-19
1.40293e-19
1.37831e-19
1.35386e-19
1.32958e-19
1.30547e-19
1.28154e-19
1.2578e-19
1.23425e-19
1.2109e-19
1.18775e-19
1.16481e-19
1.14209e-19
1.11959e-19
1.09731e-19
1.07526e-19
1.05344e-19
1.03186e-19
1.01052e-19
9.89418e-20
9.68566e-20
9.47964e-20
9.27615e-20
9.07521e-20
8.87685e-20
8.68109e-20
8.48794e-20
8.29744e-20
8.10958e-20
7.9244e-20
7.7419e-20
7.56208e-20
7.38497e-20
7.21056e-20
7.03886e-20
6.86988e-20
6.70361e-20
6.54006e-20
6.37923e-20
6.2211e-20
6.06568e-20
5.91296e-20
5.76293e-20
5.61559e-20
5.47092e-20
5.32891e-20
5.18955e-20
5.05282e-20
4.91871e-20
4.7872e-20
4.65828e-20
4.53192e-20
4.40811e-20
4.28683e-20
4.16804e-20
4.05174e-20
3.9379e-20
3.82649e-20
3.71748e-20
3.61086e-20
3.5066e-20
3.40467e-20
3.30503e-20
3.20768e-20
3.11256e-20
3.01967e-20
2.92896e-20
2.84041e-20
2.75398e-20
2.66965e-20
2.58738e-20
2.50715e-20
2.42892e-20
2.35266e-20
2.27834e-20
2.20592e-20
2.13538e-20
2.06669e-20
1.9998e-20
1.93469e-20
1.87132e-20
1.80967e-20
1.7497e-20
1.69138e-20
1.63468e-20
1.57956e-20
1.526e-20
1.47395e-20
1.4234e-20
1.3743e-20
1.32664e-20
1.28037e-20
1.23546e-20
1.1919e-20
1.14964e-20
1.10865e-20
1.06892e-20
1.0304e-20
9.93071e-21
9.56903e-21
9.21868e-21
8.87938e-21
8.55086e-21
8.23285e-21
7.92508e-21
7.62728e-21
7.33921e-21
7.06061e-21
6.79123e-21
6.53082e-21
6.27913e-21
6.03594e-21
5.80101e-21
5.57411e-21
5.35501e-21
5.14349e-21
4.93934e-21
4.74235e-21
4.5523e-21
4.36899e-21
4.19223e-21
4.02181e-21
3.85755e-21
3.69926e-21
3.54675e-21
3.39985e-21
3.25839e-21
3.12218e-21
2.99107e-21
2.8649e-21
2.74349e-21
2.62671e-21
2.51439e-21
2.4064e-21
2.30258e-21
2.20281e-21
2.10693e-21
2.01482e-21
1.92636e-21
1.84141e-21
1.75986e-21
1.68158e-21
1.60646e-21
1.53439e-21
1.46526e-21
1.39896e-21
1.3354e-21
1.27447e-21
1.21608e-21
1.16013e-21
1.10653e-21
1.0552e-21
1.00605e-21
9.58996e-22
9.1396e-22
8.70865e-22
8.29636e-22
7.90201e-22
7.5249e-22
7.16435e-22
6.81971e-22
6.49035e-22
6.17567e-22
5.87506e-22
5.58797e-22
5.31385e-22
5.05216e-22
4.8024e-22
4.56408e-22
4.33671e-22
4.11985e-22
3.91305e-22
3.71588e-22
3.52795e-22
3.34885e-22
3.1782e-22
3.01565e-22
2.86084e-22
2.71344e-22
2.57311e-22
2.43956e-22
2.31247e-22
2.19157e-22
2.07657e-22
1.96721e-22
1.86324e-22
1.76441e-22
1.67049e-22
1.58125e-22
1.49648e-22
1.41597e-22
1.33953e-22
1.26695e-22
1.19807e-22
1.13271e-22
1.0707e-22
1.01189e-22
9.56107e-23
9.03223e-23
8.53094e-23
8.05586e-23
7.60571e-23
7.17928e-23
6.7754e-23
6.39297e-23
6.03092e-23
5.68823e-23
5.36394e-23
5.05713e-23
4.76691e-23
4.49245e-23
4.23295e-23
3.98763e-23
3.75579e-23
3.53671e-23
3.32975e-23
3.13427e-23
2.94968e-23
2.77541e-23
2.61091e-23
2.45566e-23
2.30919e-23
2.17102e-23
2.04071e-23
1.91783e-23
1.802e-23
1.69282e-23
1.58994e-23
1.49301e-23
1.40171e-23
1.31574e-23
1.23478e-23
1.15858e-23
1.08686e-23
1.01938e-23
9.55898e-24
8.96188e-24
8.40041e-24
7.87254e-24
7.37636e-24
6.91007e-24
6.47197e-24
6.06042e-24
5.67392e-24
5.311e-24
4.9703e-24
4.65052e-24
4.35045e-24
4.06893e-24
3.80486e-24
3.55722e-24
3.32503e-24
3.10738e-24
2.90339e-24
2.71225e-24
2.53319e-24
2.36547e-24
2.20842e-24
2.06139e-24
1.92375e-24
1.79495e-24
1.67444e-24
1.5617e-24
1.45627e-24
1.35768e-24
1.26551e-24
1.17937e-24
1.09886e-24
1.02365e-24
9.53398e-25
8.87787e-25
8.26527e-25
7.69339e-25
7.15966e-25
6.66161e-25
6.19698e-25
5.7636e-25
5.35945e-25
4.98265e-25
4.63141e-25
4.30407e-25
3.99907e-25
3.71493e-25
3.4503e-25
3.20387e-25
2.97445e-25
2.76091e-25
2.56219e-25
2.37729e-25
2.20529e-25
2.04533e-25
1.8966e-25
1.75832e-25
1.6298e-25
1.51038e-25
1.39942e-25
1.29636e-25
1.20065e-25
1.11178e-25
1.02928e-25
9.52714e-26
8.81667e-26
8.15755e-26
7.5462e-26
6.97927e-26
6.45364e-26
5.9664e-26
5.51485e-26
5.09645e-26
4.70885e-26
4.34986e-26
4.01743e-26
3.70967e-26
3.4248e-26
3.16117e-26
2.91726e-26
2.69162e-26
2.48294e-26
2.28998e-26
2.11159e-26
1.94671e-26
1.79435e-26
1.65358e-26
1.52355e-26
1.40346e-26
1.29258e-26
1.19022e-26
1.09575e-26
1.00858e-26
9.28154e-27
8.53971e-27
7.8556e-27
7.22485e-27
6.64342e-27
6.10756e-27
5.61379e-27
5.15892e-27
4.73995e-27
4.35414e-27
3.99893e-27
3.67196e-27
3.37106e-27
3.09419e-27
2.83949e-27
2.60524e-27
2.38984e-27
2.19181e-27
2.00978e-27
1.8425e-27
1.68881e-27
1.54763e-27
1.41797e-27
1.29891e-27
1.18961e-27
1.08929e-27
9.97229e-28
9.12767e-28
8.35291e-28
7.64239e-28
6.9909e-28
6.39368e-28
5.8463e-28
5.34472e-28
4.8852e-28
4.46429e-28
4.07883e-28
3.7259e-28
3.40284e-28
3.10716e-28
2.83661e-28
2.5891e-28
2.36271e-28
2.15569e-28
1.96641e-28
1.79339e-28
1.63527e-28
1.49079e-28
1.35881e-28
1.23826e-28
1.12818e-28
1.02768e-28
9.35952e-29
8.52236e-29
7.75853e-29
7.06175e-29
6.42626e-29
5.84679e-29
5.31851e-29
4.83699e-29
4.39819e-29
3.99839e-29
3.63421e-29
3.30254e-29
3.00054e-29
2.72561e-29
2.47538e-29
2.24767e-29
2.0405e-29
1.85205e-29
1.68067e-29
1.52484e-29
1.38319e-29
1.25444e-29
1.13745e-29
1.03117e-29
9.34627e-30
8.46955e-30
7.67353e-30
6.95094e-30
6.29513e-30
5.70006e-30
5.16021e-30
4.67055e-30
4.22651e-30
