2
5e+17
1e+19
49.9999
1.99999
8387.66
3.03742e-19
3.03728e-19
3.03633e-19
3.0348e-19
3.03267e-19
3.02994e-19
3.02661e-19
3.02268e-19
3.01815e-19
3.01303e-19
3.00732e-19
3.00102e-19
2.99413e-19
2.98667e-19
2.97863e-19
2.97001e-19
2.96083e-19
2.95109e-19
2.9408e-19
2.92995e-19
2.91856e-19
2.90664e-19
2.89419e-19
2.88121e-19
2.86772e-19
2.85373e-19
2.83923e-19
2.82425e-19
2.80878e-19
2.79284e-19
2.77644e-19
2.75958e-19
2.74228e-19
2.72454e-19
2.70637e-19
2.68779e-19
2.6688e-19
2.64942e-19
2.62966e-19
2.60952e-19
2.58902e-19
2.56816e-19
2.54697e-19
2.52545e-19
2.5036e-19
2.48145e-19
2.45901e-19
2.43628e-19
2.41329e-19
2.39003e-19
2.36652e-19
2.34277e-19
2.31881e-19
2.29462e-19
2.27024e-19
2.24567e-19
2.22092e-19
2.196e-19
2.17093e-19
2.14572e-19
2.12038e-19
2.09491e-19
2.06935e-19
2.04368e-19
2.01793e-19
1.99211e-19
1.96622e-19
1.94028e-19
1.91431e-19
1.8883e-19
1.86228e-19
1.83624e-19
1.81021e-19
1.78419e-19
1.7582e-19
1.73224e-19
1.70632e-19
1.68045e-19
1.65465e-19
1.62891e-19
1.60326e-19
1.57769e-19
1.55222e-19
1.52686e-19
1.50161e-19
1.47649e-19
1.45149e-19
1.42664e-19
1.40193e-19
1.37737e-19
1.35297e-19
1.32874e-19
1.30469e-19
1.28081e-19
1.25712e-19
1.23362e-19
1.21032e-19
1.18722e-19
1.16433e-19
1.14165e-19
1.11919e-19
1.09695e-19
1.07494e-19
1.05317e-19
1.03162e-19
1.01032e-19
9.89256e-20
9.6844e-20
9.47873e-20
9.27557e-20
9.07496e-20
8.87691e-20
8.68145e-20
8.48859e-20
8.29837e-20
8.11078e-20
7.92586e-20
7.7436e-20
7.56402e-20
7.38713e-20
7.21294e-20
7.04145e-20
6.87266e-20
6.70658e-20
6.54321e-20
6.38254e-20
6.22457e-20
6.0693e-20
5.91672e-20
5.76683e-20
5.61961e-20
5.47505e-20
5.33315e-20
5.19389e-20
5.05725e-20
4.92322e-20
4.79179e-20
4.66294e-20
4.53664e-20
4.41289e-20
4.29165e-20
4.17291e-20
4.05664e-20
3.94283e-20
3.83144e-20
3.72245e-20
3.61585e-20
3.51159e-20
3.40966e-20
3.31003e-20
3.21266e-20
3.11754e-20
3.02463e-20
2.9339e-20
2.84532e-20
2.75886e-20
2.6745e-20
2.5922e-20
2.51193e-20
2.43366e-20
2.35735e-20
2.28299e-20
2.21052e-20
2.13993e-20
2.07118e-20
2.00423e-20
1.93906e-20
1.87564e-20
1.81392e-20
1.75389e-20
1.6955e-20
1.63873e-20
1.58354e-20
1.52991e-20
1.47779e-20
1.42717e-20
1.378e-20
1.33026e-20
1.28392e-20
1.23894e-20
1.1953e-20
1.15297e-20
1.11191e-20
1.07209e-20
1.0335e-20
9.96097e-21
9.59853e-21
9.24743e-21
8.90738e-21
8.5781e-21
8.25934e-21
7.95083e-21
7.6523e-21
7.3635e-21
7.08417e-21
6.81406e-21
6.55293e-21
6.30054e-21
6.05665e-21
5.82102e-21
5.59343e-21
5.37365e-21
5.16147e-21
4.95666e-21
4.75901e-21
4.56832e-21
4.38438e-21
4.20699e-21
4.03596e-21
3.87109e-21
3.71221e-21
3.55912e-21
3.41164e-21
3.26961e-21
3.13285e-21
3.0012e-21
2.87449e-21
2.75257e-21
2.63527e-21
2.52245e-21
2.41397e-21
2.30967e-21
2.20942e-21
2.11308e-21
2.02053e-21
1.93162e-21
1.84624e-21
1.76427e-21
1.68558e-21
1.61006e-21
1.5376e-21
1.46809e-21
1.40143e-21
1.3375e-21
1.27622e-21
1.21748e-21
1.1612e-21
1.10728e-21
1.05563e-21
1.00617e-21
9.58814e-22
9.13487e-22
8.70108e-22
8.28605e-22
7.88903e-22
7.50935e-22
7.14632e-22
6.7993e-22
6.46765e-22
6.15076e-22
5.84805e-22
5.55895e-22
5.28291e-22
5.0194e-22
4.7679e-22
4.52792e-22
4.29899e-22
4.08065e-22
3.87245e-22
3.67398e-22
3.48481e-22
3.30457e-22
3.13285e-22
2.96931e-22
2.81359e-22
2.66535e-22
2.52426e-22
2.39002e-22
2.26233e-22
2.1409e-22
2.02545e-22
1.91572e-22
1.81145e-22
1.7124e-22
1.61832e-22
1.529e-22
1.44421e-22
1.36375e-22
1.28741e-22
1.21501e-22
1.14635e-22
1.08126e-22
1.01957e-22
9.61128e-23
9.0577e-23
8.53354e-23
8.03739e-23
7.56789e-23
7.12374e-23
6.70372e-23
6.30664e-23
5.93135e-23
5.57677e-23
5.24186e-23
4.92562e-23
4.62712e-23
4.34544e-23
4.07971e-23
3.82911e-23
3.59285e-23
3.37018e-23
3.16039e-23
2.96278e-23
2.77671e-23
2.60156e-23
2.43674e-23
2.28169e-23
2.13588e-23
1.99879e-23
1.86995e-23
1.74889e-23
1.63518e-23
1.52842e-23
1.4282e-23
1.33415e-23
1.24592e-23
1.16319e-23
1.08562e-23
1.01292e-23
9.44806e-24
8.81008e-24
8.21273e-24
7.65357e-24
7.13034e-24
6.64088e-24
6.18316e-24
5.75524e-24
5.35533e-24
4.9817e-24
4.63273e-24
4.30691e-24
4.00279e-24
3.71902e-24
3.45431e-24
3.20748e-24
2.97737e-24
2.76294e-24
2.56317e-24
2.37712e-24
2.2039e-24
2.04268e-24
1.89268e-24
1.75316e-24
1.62343e-24
1.50284e-24
1.39079e-24
1.2867e-24
1.19003e-24
1.10029e-24
1.01701e-24
9.39747e-25
8.68088e-25
8.01649e-25
7.40069e-25
6.83012e-25
6.30161e-25
5.81224e-25
5.35924e-25
4.94004e-25
4.55225e-25
4.19364e-25
3.8621e-25
3.5557e-25
3.27262e-25
3.01116e-25
2.76976e-25
2.54695e-25
2.34135e-25
2.15171e-25
1.97684e-25
1.81563e-25
1.66708e-25
1.53022e-25
1.40419e-25
1.28815e-25
1.18135e-25
1.08309e-25
9.9271e-26
9.09606e-26
8.33215e-26
7.63019e-26
6.98534e-26
6.39314e-26
5.84946e-26
5.35049e-26
4.89269e-26
4.47278e-26
4.08776e-26
3.73483e-26
3.41142e-26
3.11515e-26
2.84381e-26
2.5954e-26
2.36804e-26
2.16001e-26
1.96972e-26
1.79571e-26
1.63664e-26
1.49127e-26
1.35845e-26
1.23713e-26
1.12636e-26
1.02525e-26
9.32973e-27
8.48789e-27
7.72009e-27
7.02001e-27
6.38185e-27
5.8003e-27
5.27049e-27
4.78795e-27
4.34857e-27
3.94861e-27
3.58462e-27
3.25346e-27
2.95225e-27
2.67834e-27
2.42933e-27
2.20301e-27
1.99737e-27
1.81056e-27
1.6409e-27
1.48686e-27
1.34704e-27
1.22016e-27
1.10505e-27
1.00065e-27
9.05989e-28
8.20173e-28
7.42399e-28
6.71933e-28
6.08108e-28
5.50318e-28
4.98003e-28
4.50659e-28
4.07825e-28
3.69082e-28
3.34049e-28
3.02389e-28
2.73788e-28
2.47966e-28
2.24664e-28
2.03644e-28
1.84692e-28
1.67616e-28
1.52239e-28
1.384e-28
1.25956e-28
1.14776e-28
1.04741e-28
9.57426e-29
8.76849e-29
8.04794e-29
7.40469e-29
6.83153e-29
6.32198e-29
5.87017e-29
5.47082e-29
5.11916e-29
4.81088e-29
4.5421e-29
4.30935e-29
4.10948e-29
3.93967e-29
3.79741e-29
3.6804e-29
3.58664e-29
3.5143e-29
3.46177e-29
3.42759e-29
3.4105e-29
3.40936e-29
3.42317e-29
3.45105e-29
3.49223e-29
3.54604e-29
3.61191e-29
3.68934e-29
3.77792e-29
3.8773e-29
3.98719e-29
4.10739e-29
4.23771e-29
4.37804e-29
4.52831e-29
4.68849e-29
4.8586e-29
5.03869e-29
5.22884e-29
5.42918e-29
5.63986e-29
5.86106e-29
6.093e-29
6.33591e-29
6.59008e-29
6.85578e-29
7.13335e-29
7.42314e-29
7.7255e-29
8.04085e-29
8.3696e-29
