2
1e+17
2e+17
50
2
8387.66
3.04327e-19
3.04313e-19
3.04218e-19
3.04064e-19
3.03851e-19
3.03577e-19
3.03243e-19
3.02849e-19
3.02394e-19
3.01881e-19
3.01308e-19
3.00676e-19
2.99985e-19
2.99236e-19
2.98429e-19
2.97565e-19
2.96644e-19
2.95666e-19
2.94633e-19
2.93545e-19
2.92403e-19
2.91206e-19
2.89957e-19
2.88655e-19
2.87301e-19
2.85897e-19
2.84443e-19
2.82939e-19
2.81387e-19
2.79788e-19
2.78142e-19
2.7645e-19
2.74714e-19
2.72934e-19
2.71112e-19
2.69248e-19
2.67343e-19
2.65398e-19
2.63415e-19
2.61395e-19
2.59338e-19
2.57246e-19
2.55119e-19
2.5296e-19
2.50769e-19
2.48547e-19
2.46295e-19
2.44015e-19
2.41708e-19
2.39375e-19
2.37017e-19
2.34635e-19
2.32231e-19
2.29805e-19
2.27359e-19
2.24895e-19
2.22412e-19
2.19913e-19
2.17398e-19
2.1487e-19
2.12328e-19
2.09774e-19
2.0721e-19
2.04636e-19
2.02053e-19
1.99464e-19
1.96868e-19
1.94267e-19
1.91662e-19
1.89054e-19
1.86444e-19
1.83834e-19
1.81224e-19
1.78615e-19
1.76008e-19
1.73405e-19
1.70807e-19
1.68213e-19
1.65626e-19
1.63046e-19
1.60474e-19
1.57911e-19
1.55358e-19
1.52816e-19
1.50285e-19
1.47766e-19
1.45261e-19
1.4277e-19
1.40293e-19
1.37831e-19
1.35386e-19
1.32958e-19
1.30547e-19
1.28154e-19
1.2578e-19
1.23425e-19
1.2109e-19
1.18775e-19
1.16481e-19
1.14209e-19
1.11959e-19
1.09731e-19
1.07526e-19
1.05344e-19
1.03186e-19
1.01052e-19
9.89418e-20
9.68566e-20
9.47964e-20
9.27615e-20
9.07521e-20
8.87685e-20
8.68109e-20
8.48794e-20
8.29744e-20
8.10958e-20
7.9244e-20
7.7419e-20
7.56208e-20
7.38497e-20
7.21056e-20
7.03886e-20
6.86988e-20
6.70361e-20
6.54006e-20
6.37923e-20
6.2211e-20
6.06568e-20
5.91296e-20
5.76293e-20
5.61559e-20
5.47092e-20
5.32891e-20
5.18955e-20
5.05282e-20
4.91871e-20
4.7872e-20
4.65828e-20
4.53192e-20
4.40811e-20
4.28683e-20
4.16804e-20
4.05174e-20
3.9379e-20
3.82649e-20
3.71748e-20
3.61086e-20
3.5066e-20
3.40467e-20
3.30503e-20
3.20768e-20
3.11256e-20
3.01967e-20
2.92896e-20
2.84041e-20
2.75398e-20
2.66965e-20
2.58738e-20
2.50715e-20
2.42892e-20
2.35266e-20
2.27834e-20
2.20592e-20
2.13538e-20
2.06669e-20
1.9998e-20
1.93469e-20
1.87133e-20
1.80967e-20
1.7497e-20
1.69138e-20
1.63468e-20
1.57956e-20
1.526e-20
1.47395e-20
1.4234e-20
1.3743e-20
1.32664e-20
1.28037e-20
1.23546e-20
1.1919e-20
1.14964e-20
1.10865e-20
1.06892e-20
1.0304e-20
9.93071e-21
9.56903e-21
9.21868e-21
8.87938e-21
8.55086e-21
8.23285e-21
7.92508e-21
7.62729e-21
7.33922e-21
7.06061e-21
6.79123e-21
6.53082e-21
6.27913e-21
6.03594e-21
5.80101e-21
5.57411e-21
5.35501e-21
5.14349e-21
4.93934e-21
4.74235e-21
4.5523e-21
4.36899e-21
4.19223e-21
4.02181e-21
3.85755e-21
3.69926e-21
3.54675e-21
3.39985e-21
3.25839e-21
3.12218e-21
2.99107e-21
2.8649e-21
2.74349e-21
2.62671e-21
2.5144e-21
2.4064e-21
2.30258e-21
2.20281e-21
2.10693e-21
2.01482e-21
1.92636e-21
1.84141e-21
1.75986e-21
1.68158e-21
1.60646e-21
1.53439e-21
1.46526e-21
1.39896e-21
1.3354e-21
1.27447e-21
1.21608e-21
1.16013e-21
1.10653e-21
1.0552e-21
1.00605e-21
9.58997e-22
9.13961e-22
8.70866e-22
8.29636e-22
7.90201e-22
7.5249e-22
7.16435e-22
6.81971e-22
6.49035e-22
6.17567e-22
5.87506e-22
5.58797e-22
5.31385e-22
5.05216e-22
4.8024e-22
4.56408e-22
4.33671e-22
4.11985e-22
3.91305e-22
3.71588e-22
3.52795e-22
3.34885e-22
3.1782e-22
3.01565e-22
2.86084e-22
2.71343e-22
2.57311e-22
2.43955e-22
2.31247e-22
2.19156e-22
2.07656e-22
1.9672e-22
1.86323e-22
1.7644e-22
1.67048e-22
1.58124e-22
1.49647e-22
1.41597e-22
1.33952e-22
1.26695e-22
1.19807e-22
1.13271e-22
1.0707e-22
1.01188e-22
9.56102e-23
9.03218e-23
8.53089e-23
8.0558e-23
7.60566e-23
7.17923e-23
6.77535e-23
6.39292e-23
6.03087e-23
5.68818e-23
5.36389e-23
5.05708e-23
4.76686e-23
4.49241e-23
4.2329e-23
3.98759e-23
3.75575e-23
3.53667e-23
3.32971e-23
3.13424e-23
2.94965e-23
2.77537e-23
2.61087e-23
2.45563e-23
2.30916e-23
2.17099e-23
2.04068e-23
1.91781e-23
1.80197e-23
1.6928e-23
1.58992e-23
1.49299e-23
1.40169e-23
1.31571e-23
1.23476e-23
1.15856e-23
1.08684e-23
1.01936e-23
9.55881e-24
8.96172e-24
8.40026e-24
7.87239e-24
7.37622e-24
6.90994e-24
6.47184e-24
6.06031e-24
5.6738e-24
5.31089e-24
4.9702e-24
4.65043e-24
4.35036e-24
4.06884e-24
3.80478e-24
3.55714e-24
3.32496e-24
3.10731e-24
2.90332e-24
2.71219e-24
2.53313e-24
2.36542e-24
2.20837e-24
2.06134e-24
1.92371e-24
1.79491e-24
1.6744e-24
1.56167e-24
1.45623e-24
1.35765e-24
1.26548e-24
1.17934e-24
1.09884e-24
1.02363e-24
9.53373e-25
8.87764e-25
8.26504e-25
7.69318e-25
7.15946e-25
6.66143e-25
6.1968e-25
5.76343e-25
5.3593e-25
4.9825e-25
4.63127e-25
4.30394e-25
3.99895e-25
3.71482e-25
3.4502e-25
3.20378e-25
2.97436e-25
2.76083e-25
2.56211e-25
2.37721e-25
2.20522e-25
2.04527e-25
1.89653e-25
1.75827e-25
1.62975e-25
1.51033e-25
1.39938e-25
1.29632e-25
1.20061e-25
1.11174e-25
1.02924e-25
9.52681e-26
8.81637e-26
8.15727e-26
7.54594e-26
6.97902e-26
6.45341e-26
5.96619e-26
5.51465e-26
5.09626e-26
4.70868e-26
4.3497e-26
4.01729e-26
3.70953e-26
3.42467e-26
3.16105e-26
2.91715e-26
2.69152e-26
2.48284e-26
2.28989e-26
2.11151e-26
1.94664e-26
1.79428e-26
1.65351e-26
1.52349e-26
1.40341e-26
1.29253e-26
1.19018e-26
1.09571e-26
1.00854e-26
9.28116e-27
8.53936e-27
7.85528e-27
7.22455e-27
6.64314e-27
6.1073e-27
5.61356e-27
5.1587e-27
4.73975e-27
4.35395e-27
3.99876e-27
3.6718e-27
3.37091e-27
3.09405e-27
2.83937e-27
2.60513e-27
2.38973e-27
2.19171e-27
2.00969e-27
1.84242e-27
1.68874e-27
1.54756e-27
1.4179e-27
1.29885e-27
1.18956e-27
1.08924e-27
9.97183e-28
9.12724e-28
8.35252e-28
7.64203e-28
6.99057e-28
6.39338e-28
5.84603e-28
5.34447e-28
4.88496e-28
4.46407e-28
4.07863e-28
3.72572e-28
3.40267e-28
3.10701e-28
2.83647e-28
2.58897e-28
2.36259e-28
2.15558e-28
1.96631e-28
1.7933e-28
1.63519e-28
1.49072e-28
1.35874e-28
1.2382e-28
1.12813e-28
1.02763e-28
9.35903e-29
8.52192e-29
7.75813e-29
7.06139e-29
6.42593e-29
5.84649e-29
5.31823e-29
4.83674e-29
4.39796e-29
3.99818e-29
3.63402e-29
3.30237e-29
3.00038e-29
2.72546e-29
2.47524e-29
2.24755e-29
2.04038e-29
1.85195e-29
1.68058e-29
1.52476e-29
1.38311e-29
1.25437e-29
1.13739e-29
1.03111e-29
9.34575e-30
8.46908e-30
7.6731e-30
6.95055e-30
6.29478e-30
5.69974e-30
5.15992e-30
4.67028e-30
4.22628e-30
