2
5e+17
2e+18
49.9997
1.99999
8387.66
3.04208e-19
3.04194e-19
3.04099e-19
3.03945e-19
3.03731e-19
3.03458e-19
3.03124e-19
3.0273e-19
3.02276e-19
3.01763e-19
3.0119e-19
3.00558e-19
2.99868e-19
2.99119e-19
2.98313e-19
2.97449e-19
2.96529e-19
2.95552e-19
2.9452e-19
2.93432e-19
2.92291e-19
2.91095e-19
2.89846e-19
2.88545e-19
2.87193e-19
2.85789e-19
2.84336e-19
2.82834e-19
2.81283e-19
2.79684e-19
2.7804e-19
2.76349e-19
2.74614e-19
2.72836e-19
2.71014e-19
2.69151e-19
2.67248e-19
2.65305e-19
2.63323e-19
2.61304e-19
2.59248e-19
2.57157e-19
2.55033e-19
2.52875e-19
2.50685e-19
2.48464e-19
2.46214e-19
2.43936e-19
2.4163e-19
2.39298e-19
2.36942e-19
2.34561e-19
2.32159e-19
2.29735e-19
2.2729e-19
2.24827e-19
2.22346e-19
2.19848e-19
2.17336e-19
2.14808e-19
2.12268e-19
2.09716e-19
2.07153e-19
2.04581e-19
2.02e-19
1.99411e-19
1.96817e-19
1.94217e-19
1.91614e-19
1.89008e-19
1.86399e-19
1.8379e-19
1.81182e-19
1.78574e-19
1.75969e-19
1.73368e-19
1.7077e-19
1.68178e-19
1.65593e-19
1.63014e-19
1.60443e-19
1.57882e-19
1.5533e-19
1.52789e-19
1.50259e-19
1.47742e-19
1.45238e-19
1.42748e-19
1.40272e-19
1.37812e-19
1.35368e-19
1.3294e-19
1.30531e-19
1.28139e-19
1.25766e-19
1.23412e-19
1.21078e-19
1.18764e-19
1.16471e-19
1.142e-19
1.1195e-19
1.09723e-19
1.07519e-19
1.05338e-19
1.03181e-19
1.01047e-19
9.89383e-20
9.68539e-20
9.47944e-20
9.27602e-20
9.07514e-20
8.87685e-20
8.68115e-20
8.48806e-20
8.29761e-20
8.10982e-20
7.92469e-20
7.74223e-20
7.56247e-20
7.3854e-20
7.21104e-20
7.03938e-20
6.87044e-20
6.70421e-20
6.5407e-20
6.3799e-20
6.2218e-20
6.06641e-20
5.91372e-20
5.76372e-20
5.61641e-20
5.47176e-20
5.32977e-20
5.19043e-20
5.05372e-20
4.91963e-20
4.78814e-20
4.65923e-20
4.53289e-20
4.40909e-20
4.28781e-20
4.16904e-20
4.05274e-20
3.9389e-20
3.8275e-20
3.7185e-20
3.61188e-20
3.50762e-20
3.40569e-20
3.30606e-20
3.2087e-20
3.11358e-20
3.02068e-20
2.92997e-20
2.84141e-20
2.75498e-20
2.67064e-20
2.58837e-20
2.50813e-20
2.42989e-20
2.35362e-20
2.27929e-20
2.20687e-20
2.13632e-20
2.06761e-20
2.00071e-20
1.93559e-20
1.87221e-20
1.81055e-20
1.75057e-20
1.69223e-20
1.63551e-20
1.58038e-20
1.5268e-20
1.47474e-20
1.42418e-20
1.37507e-20
1.32739e-20
1.2811e-20
1.23618e-20
1.1926e-20
1.15033e-20
1.10933e-20
1.06958e-20
1.03104e-20
9.93697e-21
9.57514e-21
9.22464e-21
8.88519e-21
8.55651e-21
8.23835e-21
7.93042e-21
7.63248e-21
7.34426e-21
7.06551e-21
6.79598e-21
6.53542e-21
6.2836e-21
6.04026e-21
5.80519e-21
5.57814e-21
5.3589e-21
5.14725e-21
4.94297e-21
4.74584e-21
4.55566e-21
4.37222e-21
4.19533e-21
4.02479e-21
3.8604e-21
3.70199e-21
3.54936e-21
3.40235e-21
3.26076e-21
3.12445e-21
2.99323e-21
2.86694e-21
2.74543e-21
2.62854e-21
2.51612e-21
2.40803e-21
2.30411e-21
2.20424e-21
2.10827e-21
2.01607e-21
1.92751e-21
1.84248e-21
1.76083e-21
1.68247e-21
1.60727e-21
1.53512e-21
1.46591e-21
1.39954e-21
1.3359e-21
1.2749e-21
1.21644e-21
1.16042e-21
1.10675e-21
1.05535e-21
1.00614e-21
9.59023e-22
9.13926e-22
8.70772e-22
8.29486e-22
7.89995e-22
7.5223e-22
7.16123e-22
6.81609e-22
6.48626e-22
6.17111e-22
5.87006e-22
5.58254e-22
5.30801e-22
5.04594e-22
4.79581e-22
4.55713e-22
4.32943e-22
4.11225e-22
3.90515e-22
3.7077e-22
3.5195e-22
3.34015e-22
3.16927e-22
3.0065e-22
2.85148e-22
2.70389e-22
2.56339e-22
2.42968e-22
2.30245e-22
2.18143e-22
2.06632e-22
1.95687e-22
1.85282e-22
1.75392e-22
1.65995e-22
1.57068e-22
1.48589e-22
1.40538e-22
1.32894e-22
1.25638e-22
1.18753e-22
1.12221e-22
1.06025e-22
1.00149e-22
9.45783e-23
8.9298e-23
8.42941e-23
7.95532e-23
7.50626e-23
7.081e-23
6.67838e-23
6.29728e-23
5.93663e-23
5.59542e-23
5.27267e-23
4.96745e-23
4.67887e-23
4.4061e-23
4.14833e-23
3.90479e-23
3.67474e-23
3.45749e-23
3.25237e-23
3.05876e-23
2.87604e-23
2.70365e-23
2.54103e-23
2.38768e-23
2.24309e-23
2.1068e-23
1.97836e-23
1.85734e-23
1.74334e-23
1.63599e-23
1.53491e-23
1.43976e-23
1.35022e-23
1.26597e-23
1.18671e-23
1.11218e-23
1.0421e-23
9.76225e-24
9.14314e-24
8.56143e-24
8.01499e-24
7.50179e-24
7.01993e-24
6.56759e-24
6.14306e-24
5.74473e-24
5.37106e-24
5.02061e-24
4.692e-24
4.38396e-24
4.09525e-24
3.82473e-24
3.5713e-24
3.33395e-24
3.1117e-24
2.90364e-24
2.7089e-24
2.52668e-24
2.35622e-24
2.19678e-24
2.04768e-24
1.9083e-24
1.77803e-24
1.65629e-24
1.54256e-24
1.43633e-24
1.33713e-24
1.24451e-24
1.15807e-24
1.0774e-24
1.00213e-24
9.31927e-25
8.66457e-25
8.05416e-25
7.48517e-25
6.9549e-25
6.46084e-25
6.00061e-25
5.57199e-25
5.1729e-25
4.80139e-25
4.45562e-25
4.13389e-25
3.83459e-25
3.55622e-25
3.29737e-25
3.05673e-25
2.83306e-25
2.62521e-25
2.43211e-25
2.25275e-25
2.08618e-25
1.93154e-25
1.78799e-25
1.65476e-25
1.53116e-25
1.41649e-25
1.31014e-25
1.21154e-25
1.12012e-25
1.0354e-25
9.56883e-26
8.84145e-26
8.16772e-26
7.5438e-26
6.96614e-26
6.43142e-26
5.93656e-26
5.47868e-26
5.0551e-26
4.66334e-26
4.30108e-26
3.96618e-26
3.65662e-26
3.37056e-26
3.10626e-26
2.86213e-26
2.63666e-26
2.42847e-26
2.23628e-26
2.0589e-26
1.89522e-26
1.74421e-26
1.60492e-26
1.47646e-26
1.35803e-26
1.24885e-26
1.14822e-26
1.0555e-26
9.70084e-27
8.91406e-27
8.18953e-27
7.52245e-27
6.90839e-27
6.34325e-27
5.82324e-27
5.34485e-27
4.90485e-27
4.50023e-27
4.12823e-27
3.78629e-27
3.47205e-27
3.18332e-27
2.91809e-27
2.6745e-27
2.45083e-27
2.2455e-27
2.05704e-27
1.88412e-27
1.72548e-27
1.57998e-27
1.44656e-27
1.32425e-27
1.21215e-27
1.10945e-27
1.01537e-27
9.29231e-28
8.5038e-28
7.78224e-28
7.12219e-28
6.51864e-28
5.96697e-28
5.46294e-28
5.00267e-28
4.58258e-28
4.19939e-28
3.85008e-28
3.5319e-28
3.24231e-28
2.979e-28
2.73982e-28
2.52285e-28
2.32628e-28
2.1485e-28
1.98802e-28
1.84347e-28
1.71361e-28
1.59732e-28
1.49355e-28
1.40138e-28
1.31996e-28
1.2485e-28
1.18631e-28
1.13277e-28
1.08729e-28
1.04938e-28
1.01857e-28
9.9445e-29
9.7666e-29
9.64879e-29
9.58825e-29
9.58252e-29
9.6295e-29
9.72738e-29
9.87467e-29
1.00701e-28
1.03128e-28
1.0602e-28
1.09372e-28
1.13181e-28
1.17447e-28
1.2217e-28
1.27355e-28
1.33005e-28
1.39127e-28
1.4573e-28
1.52824e-28
1.60419e-28
1.68529e-28
1.77167e-28
1.8635e-28
1.96094e-28
2.06418e-28
2.17343e-28
2.28888e-28
2.41077e-28
2.53933e-28
