0.5
2e+18
1e+17
49.9987
0.5
4193.83
2.43463e-18
2.43452e-18
2.43376e-18
2.43253e-18
2.43082e-18
2.42863e-18
2.42596e-18
2.4228e-18
2.41917e-18
2.41506e-18
2.41047e-18
2.40542e-18
2.39989e-18
2.3939e-18
2.38744e-18
2.38053e-18
2.37316e-18
2.36534e-18
2.35708e-18
2.34837e-18
2.33923e-18
2.32966e-18
2.31966e-18
2.30925e-18
2.29842e-18
2.28718e-18
2.27555e-18
2.26352e-18
2.2511e-18
2.23831e-18
2.22514e-18
2.21161e-18
2.19772e-18
2.18348e-18
2.1689e-18
2.15399e-18
2.13875e-18
2.12319e-18
2.10733e-18
2.09116e-18
2.07471e-18
2.05797e-18
2.04096e-18
2.02368e-18
2.00616e-18
1.98838e-18
1.97037e-18
1.95213e-18
1.93367e-18
1.915e-18
1.89614e-18
1.87708e-18
1.85785e-18
1.83844e-18
1.81888e-18
1.79916e-18
1.7793e-18
1.75931e-18
1.73919e-18
1.71896e-18
1.69863e-18
1.6782e-18
1.65768e-18
1.63709e-18
1.61643e-18
1.59571e-18
1.57494e-18
1.55414e-18
1.5333e-18
1.51243e-18
1.49155e-18
1.47067e-18
1.44979e-18
1.42892e-18
1.40807e-18
1.38724e-18
1.36645e-18
1.34571e-18
1.32501e-18
1.30437e-18
1.28379e-18
1.26329e-18
1.24286e-18
1.22253e-18
1.20228e-18
1.18213e-18
1.16209e-18
1.14216e-18
1.12234e-18
1.10265e-18
1.08309e-18
1.06366e-18
1.04437e-18
1.02523e-18
1.00624e-18
9.87398e-19
9.68718e-19
9.50201e-19
9.31852e-19
9.13674e-19
8.95671e-19
8.77848e-19
8.60207e-19
8.42753e-19
8.25487e-19
8.08413e-19
7.91534e-19
7.74853e-19
7.58371e-19
7.42092e-19
7.26017e-19
7.10148e-19
6.94487e-19
6.79035e-19
6.63795e-19
6.48767e-19
6.33952e-19
6.19352e-19
6.04966e-19
5.90797e-19
5.76845e-19
5.63109e-19
5.4959e-19
5.36289e-19
5.23205e-19
5.10338e-19
4.97688e-19
4.85254e-19
4.73037e-19
4.61034e-19
4.49247e-19
4.37673e-19
4.26312e-19
4.15164e-19
4.04225e-19
3.93497e-19
3.82976e-19
3.72662e-19
3.62554e-19
3.52649e-19
3.42946e-19
3.33443e-19
3.24139e-19
3.15031e-19
3.06119e-19
2.97398e-19
2.88869e-19
2.80528e-19
2.72373e-19
2.64402e-19
2.56614e-19
2.49005e-19
2.41573e-19
2.34316e-19
2.27232e-19
2.20318e-19
2.13572e-19
2.0699e-19
2.00572e-19
1.94313e-19
1.88213e-19
1.82267e-19
1.76474e-19
1.70831e-19
1.65335e-19
1.59984e-19
1.54775e-19
1.49706e-19
1.44774e-19
1.39976e-19
1.3531e-19
1.30774e-19
1.26365e-19
1.22079e-19
1.17916e-19
1.13872e-19
1.09944e-19
1.06131e-19
1.02429e-19
9.8837e-20
9.53516e-20
9.19708e-20
8.86922e-20
8.55133e-20
8.24318e-20
7.94455e-20
7.65521e-20
7.37493e-20
7.10349e-20
6.84068e-20
6.58626e-20
6.34005e-20
6.10182e-20
5.87136e-20
5.64848e-20
5.43297e-20
5.22464e-20
5.0233e-20
4.82874e-20
4.6408e-20
4.45928e-20
4.284e-20
4.11478e-20
3.95146e-20
3.79387e-20
3.64183e-20
3.49518e-20
3.35377e-20
3.21744e-20
3.08603e-20
2.9594e-20
2.83739e-20
2.71988e-20
2.6067e-20
2.49774e-20
2.39285e-20
2.29191e-20
2.19479e-20
2.10136e-20
2.01151e-20
1.92512e-20
1.84206e-20
1.76224e-20
1.68554e-20
1.61186e-20
1.54108e-20
1.47313e-20
1.40788e-20
1.34526e-20
1.28516e-20
1.22751e-20
1.1722e-20
1.11917e-20
1.06832e-20
1.01958e-20
9.72861e-21
9.28102e-21
8.85225e-21
8.4416e-21
8.04838e-21
7.67195e-21
7.31167e-21
6.96691e-21
6.63708e-21
6.32159e-21
6.0199e-21
5.73147e-21
5.45576e-21
5.19227e-21
4.94052e-21
4.70004e-21
4.47037e-21
4.25107e-21
4.04172e-21
3.84192e-21
3.65126e-21
3.46936e-21
3.29587e-21
3.13043e-21
2.9727e-21
2.82235e-21
2.67907e-21
2.54256e-21
2.41252e-21
2.28867e-21
2.17075e-21
2.05849e-21
1.95164e-21
1.84997e-21
1.75325e-21
1.66125e-21
1.57377e-21
1.49059e-21
1.41153e-21
1.33639e-21
1.265e-21
1.19718e-21
1.13278e-21
1.07162e-21
1.01356e-21
9.58459e-22
9.0617e-22
8.56562e-22
8.09508e-22
7.64886e-22
7.22579e-22
6.82476e-22
6.44469e-22
6.08457e-22
5.74343e-22
5.42033e-22
5.11438e-22
4.82474e-22
4.55059e-22
4.29116e-22
4.04571e-22
3.81354e-22
3.59397e-22
3.38636e-22
3.19011e-22
3.00464e-22
2.82938e-22
2.66381e-22
2.50743e-22
2.35975e-22
2.22033e-22
2.08873e-22
1.96454e-22
1.84736e-22
1.73682e-22
1.63257e-22
1.53427e-22
1.4416e-22
1.35426e-22
1.27196e-22
1.19442e-22
1.12138e-22
1.05259e-22
9.87832e-23
9.26869e-23
8.69495e-23
8.15509e-23
7.64722e-23
7.16954e-23
6.72036e-23
6.29806e-23
5.90112e-23
5.52809e-23
5.1776e-23
4.84837e-23
4.53916e-23
4.24882e-23
3.97626e-23
3.72044e-23
3.48038e-23
3.25516e-23
3.04391e-23
2.84579e-23
2.66004e-23
2.48592e-23
2.32273e-23
2.16982e-23
2.02657e-23
1.89239e-23
1.76675e-23
1.64912e-23
1.53901e-23
1.43597e-23
1.33956e-23
1.24937e-23
1.16502e-23
1.08615e-23
1.01242e-23
9.43501e-24
8.79099e-24
8.18929e-24
7.62725e-24
7.10236e-24
6.61227e-24
6.15477e-24
5.72778e-24
5.32934e-24
4.95763e-24
4.61092e-24
4.2876e-24
3.98616e-24
3.70516e-24
3.44329e-24
3.19929e-24
2.97198e-24
2.76027e-24
2.56313e-24
2.37959e-24
2.20875e-24
2.04977e-24
1.90185e-24
1.76425e-24
1.63628e-24
1.51729e-24
1.40667e-24
1.30386e-24
1.20832e-24
1.11955e-24
1.0371e-24
9.60528e-25
8.89432e-25
8.23434e-25
7.6218e-25
7.05342e-25
6.52612e-25
6.03703e-25
5.58348e-25
5.16297e-25
4.77318e-25
4.41193e-25
4.07721e-25
3.76713e-25
3.47993e-25
3.21399e-25
2.96778e-25
2.73988e-25
2.52897e-25
2.33384e-25
2.15332e-25
1.98638e-25
1.83201e-25
1.6893e-25
1.55739e-25
1.4355e-25
1.32288e-25
1.21886e-25
1.12279e-25
1.03408e-25
9.52194e-26
8.76616e-26
8.06875e-26
7.42534e-26
6.83187e-26
6.28458e-26
5.77997e-26
5.31482e-26
4.88612e-26
4.4911e-26
4.1272e-26
3.79202e-26
3.48336e-26
3.19919e-26
2.93762e-26
2.69689e-26
2.47539e-26
2.27163e-26
2.08423e-26
1.9119e-26
1.75347e-26
1.60785e-26
1.47403e-26
1.35107e-26
1.23813e-26
1.13439e-26
1.03915e-26
9.51704e-27
8.71446e-27
7.97797e-27
7.30226e-27
6.68245e-27
6.11402e-27
5.59283e-27
5.11505e-27
4.67714e-27
4.27587e-27
3.90825e-27
3.57152e-27
3.26315e-27
2.98082e-27
2.72237e-27
2.48583e-27
2.2694e-27
2.0714e-27
1.89031e-27
1.72471e-27
1.57331e-27
1.43492e-27
1.30846e-27
1.19292e-27
1.08738e-27
9.90997e-28
9.03002e-28
8.22684e-28
7.49393e-28
6.82533e-28
6.21559e-28
5.65971e-28
5.15313e-28
4.69167e-28
4.2715e-28
3.88915e-28
3.54142e-28
3.22543e-28
2.93853e-28
2.67832e-28
2.44263e-28
2.22948e-28
2.03709e-28
1.86386e-28
1.70835e-28
1.56928e-28
1.4455e-28
1.336e-28
1.23992e-28
1.15648e-28
1.08503e-28
1.02506e-28
9.76109e-29
9.37855e-29
9.10058e-29
8.92574e-29
8.85349e-29
8.8842e-29
9.01912e-29
9.26038e-29
9.61098e-29
