0.5
1e+18
1e+17
49.9978
0.5
4193.83
2.43461e-18
2.43451e-18
2.43374e-18
2.43251e-18
2.4308e-18
2.42861e-18
2.42594e-18
2.42279e-18
2.41916e-18
2.41505e-18
2.41046e-18
2.4054e-18
2.39988e-18
2.39389e-18
2.38743e-18
2.38052e-18
2.37315e-18
2.36533e-18
2.35707e-18
2.34836e-18
2.33922e-18
2.32965e-18
2.31965e-18
2.30924e-18
2.29841e-18
2.28718e-18
2.27554e-18
2.26351e-18
2.2511e-18
2.2383e-18
2.22514e-18
2.2116e-18
2.19771e-18
2.18348e-18
2.1689e-18
2.15398e-18
2.13874e-18
2.12319e-18
2.10732e-18
2.09116e-18
2.0747e-18
2.05797e-18
2.04096e-18
2.02368e-18
2.00615e-18
1.98838e-18
1.97036e-18
1.95212e-18
1.93367e-18
1.915e-18
1.89614e-18
1.87708e-18
1.85785e-18
1.83844e-18
1.81887e-18
1.79916e-18
1.7793e-18
1.7593e-18
1.73919e-18
1.71896e-18
1.69862e-18
1.67819e-18
1.65768e-18
1.63709e-18
1.61643e-18
1.59571e-18
1.57494e-18
1.55413e-18
1.53329e-18
1.51243e-18
1.49155e-18
1.47067e-18
1.44979e-18
1.42892e-18
1.40807e-18
1.38724e-18
1.36645e-18
1.3457e-18
1.32501e-18
1.30437e-18
1.28379e-18
1.26329e-18
1.24286e-18
1.22252e-18
1.20228e-18
1.18213e-18
1.16209e-18
1.14216e-18
1.12234e-18
1.10265e-18
1.08309e-18
1.06366e-18
1.04437e-18
1.02523e-18
1.00624e-18
9.87398e-19
9.68718e-19
9.50201e-19
9.31851e-19
9.13673e-19
8.95671e-19
8.77848e-19
8.60207e-19
8.42752e-19
8.25487e-19
8.08413e-19
7.91534e-19
7.74853e-19
7.58371e-19
7.42092e-19
7.26017e-19
7.10148e-19
6.94487e-19
6.79035e-19
6.63795e-19
6.48767e-19
6.33952e-19
6.19352e-19
6.04967e-19
5.90797e-19
5.76845e-19
5.63109e-19
5.4959e-19
5.36289e-19
5.23205e-19
5.10338e-19
4.97688e-19
4.85254e-19
4.73037e-19
4.61035e-19
4.49247e-19
4.37674e-19
4.26313e-19
4.15164e-19
4.04226e-19
3.93497e-19
3.82976e-19
3.72663e-19
3.62554e-19
3.52649e-19
3.42946e-19
3.33443e-19
3.24139e-19
3.15032e-19
3.06119e-19
2.97399e-19
2.88869e-19
2.80528e-19
2.72373e-19
2.64403e-19
2.56614e-19
2.49005e-19
2.41573e-19
2.34317e-19
2.27232e-19
2.20318e-19
2.13572e-19
2.06991e-19
2.00572e-19
1.94314e-19
1.88213e-19
1.82267e-19
1.76474e-19
1.70831e-19
1.65335e-19
1.59984e-19
1.54775e-19
1.49706e-19
1.44774e-19
1.39976e-19
1.35311e-19
1.30774e-19
1.26365e-19
1.2208e-19
1.17916e-19
1.13872e-19
1.09944e-19
1.06131e-19
1.02429e-19
9.88371e-20
9.53518e-20
9.1971e-20
8.86923e-20
8.55134e-20
8.2432e-20
7.94457e-20
7.65522e-20
7.37494e-20
7.1035e-20
6.84069e-20
6.58628e-20
6.34006e-20
6.10183e-20
5.87137e-20
5.64849e-20
5.43298e-20
5.22465e-20
5.02331e-20
4.82875e-20
4.64081e-20
4.45928e-20
4.284e-20
4.11479e-20
3.95147e-20
3.79388e-20
3.64184e-20
3.49519e-20
3.35378e-20
3.21745e-20
3.08604e-20
2.9594e-20
2.8374e-20
2.71988e-20
2.60671e-20
2.49774e-20
2.39286e-20
2.29192e-20
2.19479e-20
2.10137e-20
2.01152e-20
1.92512e-20
1.84207e-20
1.76224e-20
1.68554e-20
1.61186e-20
1.54109e-20
1.47313e-20
1.40788e-20
1.34526e-20
1.28517e-20
1.22751e-20
1.17221e-20
1.11917e-20
1.06832e-20
1.01958e-20
9.72863e-21
9.28104e-21
8.85226e-21
8.44161e-21
8.0484e-21
7.67197e-21
7.31168e-21
6.96692e-21
6.63709e-21
6.32161e-21
6.01992e-21
5.73148e-21
5.45577e-21
5.19228e-21
4.94053e-21
4.70005e-21
4.47038e-21
4.25108e-21
4.04173e-21
3.84192e-21
3.65126e-21
3.46937e-21
3.29588e-21
3.13044e-21
2.97271e-21
2.82236e-21
2.67908e-21
2.54256e-21
2.41252e-21
2.28868e-21
2.17075e-21
2.05849e-21
1.95165e-21
1.84998e-21
1.75325e-21
1.66125e-21
1.57377e-21
1.49059e-21
1.41153e-21
1.33639e-21
1.265e-21
1.19719e-21
1.13278e-21
1.07162e-21
1.01356e-21
9.58461e-22
9.06171e-22
8.56564e-22
8.0951e-22
7.64887e-22
7.2258e-22
6.82477e-22
6.4447e-22
6.08458e-22
5.74344e-22
5.42034e-22
5.11439e-22
4.82475e-22
4.5506e-22
4.29117e-22
4.04572e-22
3.81354e-22
3.59397e-22
3.38637e-22
3.19012e-22
3.00464e-22
2.82938e-22
2.66381e-22
2.50743e-22
2.35976e-22
2.22034e-22
2.08873e-22
1.96454e-22
1.84736e-22
1.73682e-22
1.63257e-22
1.53428e-22
1.44161e-22
1.35426e-22
1.27196e-22
1.19442e-22
1.12138e-22
1.05259e-22
9.87833e-23
9.2687e-23
8.69496e-23
8.1551e-23
7.64723e-23
7.16955e-23
6.72037e-23
6.29807e-23
5.90113e-23
5.5281e-23
5.17761e-23
4.84837e-23
4.53917e-23
4.24883e-23
3.97627e-23
3.72045e-23
3.48039e-23
3.25517e-23
3.04391e-23
2.8458e-23
2.66005e-23
2.48592e-23
2.32273e-23
2.16982e-23
2.02657e-23
1.8924e-23
1.76675e-23
1.64912e-23
1.53902e-23
1.43597e-23
1.33956e-23
1.24938e-23
1.16503e-23
1.08615e-23
1.01242e-23
9.43502e-24
8.791e-24
8.1893e-24
7.62726e-24
7.10237e-24
6.61228e-24
6.15478e-24
5.72778e-24
5.32935e-24
4.95763e-24
4.61093e-24
4.28761e-24
3.98616e-24
3.70517e-24
3.44329e-24
3.19929e-24
2.97198e-24
2.76027e-24
2.56313e-24
2.37959e-24
2.20875e-24
2.04977e-24
1.90185e-24
1.76426e-24
1.63629e-24
1.51729e-24
1.40667e-24
1.30386e-24
1.20832e-24
1.11955e-24
1.0371e-24
9.60529e-25
8.89433e-25
8.23434e-25
7.62181e-25
7.05343e-25
6.52613e-25
6.03704e-25
5.58349e-25
5.16298e-25
4.77318e-25
4.41194e-25
4.07721e-25
3.76713e-25
3.47994e-25
3.21399e-25
2.96778e-25
2.73988e-25
2.52897e-25
2.33384e-25
2.15333e-25
1.98638e-25
1.83201e-25
1.6893e-25
1.55739e-25
1.4355e-25
1.32288e-25
1.21886e-25
1.12279e-25
1.03408e-25
9.52194e-26
8.76616e-26
8.06875e-26
7.42534e-26
6.83187e-26
6.28458e-26
5.77997e-26
5.31482e-26
4.88612e-26
4.4911e-26
4.1272e-26
3.79202e-26
3.48336e-26
3.19919e-26
2.93762e-26
2.69689e-26
2.47539e-26
2.27163e-26
2.08423e-26
1.9119e-26
1.75347e-26
1.60785e-26
1.47403e-26
1.35107e-26
1.23813e-26
1.13439e-26
1.03915e-26
9.51704e-27
8.71446e-27
7.97797e-27
7.30226e-27
6.68244e-27
6.11402e-27
5.59282e-27
5.11503e-27
4.67713e-27
4.27585e-27
3.90823e-27
3.57149e-27
3.26312e-27
2.98078e-27
2.72232e-27
2.48577e-27
2.26933e-27
2.07132e-27
1.8902e-27
1.72458e-27
1.57316e-27
1.43474e-27
1.30824e-27
1.19266e-27
1.08707e-27
9.90628e-28
9.02564e-28
8.22163e-28
7.48775e-28
6.81802e-28
6.20695e-28
5.64951e-28
5.14111e-28
4.67752e-28
4.25489e-28
3.86967e-28
3.51862e-28
3.19878e-28
2.90743e-28
2.64209e-28
2.40048e-28
2.18053e-28
1.98034e-28
1.79817e-28
1.63243e-28
1.48167e-28
1.34456e-28
1.2199e-28
1.10657e-28
1.00358e-28
9.09981e-29
8.24951e-29
7.47717e-29
6.77578e-29
6.13895e-29
5.56087e-29
5.03621e-29
4.56014e-29
4.12825e-29
3.73652e-29
3.38128e-29
