13262.1
7.68122e-20
7.68085e-20
7.67836e-20
7.67441e-20
7.66895e-20
7.66198e-20
7.65349e-20
7.64348e-20
7.63197e-20
7.61896e-20
7.60446e-20
7.58847e-20
7.57101e-20
7.55208e-20
7.5317e-20
7.50988e-20
7.48663e-20
7.46196e-20
7.43589e-20
7.40844e-20
7.37961e-20
7.34944e-20
7.31792e-20
7.28509e-20
7.25097e-20
7.21556e-20
7.1789e-20
7.141e-20
7.10188e-20
7.06157e-20
7.02009e-20
6.97746e-20
6.93371e-20
6.88886e-20
6.84293e-20
6.79596e-20
6.74796e-20
6.69897e-20
6.64901e-20
6.59811e-20
6.54629e-20
6.49358e-20
6.44001e-20
6.38561e-20
6.33041e-20
6.27444e-20
6.21772e-20
6.16028e-20
6.10216e-20
6.04339e-20
5.98398e-20
5.92398e-20
5.86341e-20
5.80231e-20
5.7407e-20
5.6786e-20
5.61607e-20
5.55311e-20
5.48976e-20
5.42606e-20
5.36202e-20
5.29769e-20
5.23308e-20
5.16823e-20
5.10317e-20
5.03792e-20
4.97251e-20
4.90698e-20
4.84134e-20
4.77563e-20
4.70987e-20
4.64409e-20
4.57832e-20
4.51258e-20
4.4469e-20
4.3813e-20
4.3158e-20
4.25044e-20
4.18523e-20
4.12021e-20
4.05538e-20
3.99078e-20
3.92642e-20
3.86233e-20
3.79853e-20
3.73504e-20
3.67188e-20
3.60907e-20
3.54662e-20
3.48456e-20
3.4229e-20
3.36166e-20
3.30086e-20
3.24052e-20
3.18064e-20
3.12125e-20
3.06235e-20
3.00397e-20
2.94611e-20
2.88879e-20
2.83202e-20
2.77581e-20
2.72017e-20
2.66512e-20
2.61066e-20
2.5568e-20
2.50356e-20
2.45093e-20
2.39893e-20
2.34757e-20
2.29685e-20
2.24677e-20
2.19735e-20
2.14858e-20
2.10048e-20
2.05305e-20
2.00628e-20
1.96019e-20
1.91478e-20
1.87004e-20
1.82598e-20
1.78261e-20
1.73992e-20
1.69791e-20
1.65658e-20
1.61594e-20
1.57598e-20
1.5367e-20
1.4981e-20
1.46017e-20
1.42292e-20
1.38635e-20
1.35044e-20
1.3152e-20
1.28062e-20
1.24671e-20
1.21344e-20
1.18083e-20
1.14886e-20
1.11754e-20
1.08685e-20
1.05679e-20
1.02736e-20
9.9854e-21
9.70338e-21
9.42743e-21
9.15749e-21
8.89348e-21
8.63534e-21
8.383e-21
8.1364e-21
7.89546e-21
7.6601e-21
7.43026e-21
7.20586e-21
6.98682e-21
6.77306e-21
6.56452e-21
6.3611e-21
6.16274e-21
5.96936e-21
5.78087e-21
5.59719e-21
5.41824e-21
5.24395e-21
5.07423e-21
4.909e-21
4.74818e-21
4.59169e-21
4.43945e-21
4.29139e-21
4.14741e-21
4.00744e-21
3.8714e-21
3.73922e-21
3.6108e-21
3.48608e-21
3.36498e-21
3.24742e-21
3.13332e-21
3.02261e-21
2.91521e-21
2.81105e-21
2.71006e-21
2.61216e-21
2.51728e-21
2.42534e-21
2.33629e-21
2.25004e-21
2.16653e-21
2.0857e-21
2.00746e-21
1.93177e-21
1.85855e-21
1.78774e-21
1.71927e-21
1.65309e-21
1.58913e-21
1.52733e-21
1.46764e-21
1.40999e-21
1.35433e-21
1.30059e-21
1.24874e-21
1.19871e-21
1.15044e-21
1.1039e-21
1.05902e-21
1.01575e-21
9.74061e-22
9.33888e-22
8.9519e-22
8.57919e-22
8.22033e-22
7.87488e-22
7.5424e-22
7.22249e-22
6.91475e-22
6.61876e-22
6.33416e-22
6.06056e-22
5.7976e-22
5.54493e-22
5.30219e-22
5.06904e-22
4.84517e-22
4.63024e-22
4.42395e-22
4.22599e-22
4.03608e-22
3.85392e-22
3.67923e-22
3.51176e-22
3.35122e-22
3.19739e-22
3.04999e-22
2.90881e-22
2.7736e-22
2.64415e-22
2.52022e-22
2.40163e-22
2.28815e-22
2.1796e-22
2.07578e-22
1.97651e-22
1.8816e-22
1.7909e-22
1.70423e-22
1.62143e-22
1.54234e-22
1.46681e-22
1.39471e-22
1.32589e-22
1.26021e-22
1.19754e-22
1.13777e-22
1.08076e-22
1.0264e-22
9.74588e-23
9.25206e-23
8.7815e-23
8.33323e-23
7.90628e-23
7.49971e-23
7.11264e-23
6.74422e-23
6.39361e-23
6.06003e-23
5.74273e-23
5.44096e-23
5.15404e-23
4.88128e-23
4.62205e-23
4.37572e-23
4.14171e-23
3.91944e-23
3.70837e-23
3.50798e-23
3.31776e-23
3.13725e-23
2.96597e-23
2.8035e-23
2.6494e-23
2.50329e-23
2.36477e-23
2.23348e-23
2.10906e-23
1.99119e-23
1.87954e-23
1.7738e-23
1.67368e-23
1.57891e-23
1.48921e-23
1.40433e-23
1.32404e-23
1.24809e-23
1.17627e-23
1.10836e-23
1.04417e-23
9.83509e-24
9.2619e-24
8.72042e-24
8.209e-24
7.72606e-24
7.27012e-24
6.83975e-24
6.43361e-24
6.05041e-24
5.68892e-24
5.34799e-24
5.02652e-24
4.72344e-24
4.43778e-24
4.16859e-24
3.91496e-24
3.67604e-24
3.45104e-24
3.23917e-24
3.03973e-24
2.852e-24
2.67535e-24
2.50915e-24
2.35282e-24
2.2058e-24
2.06757e-24
1.93762e-24
1.81548e-24
1.70071e-24
1.59289e-24
1.49161e-24
1.3965e-24
1.30721e-24
1.22338e-24
1.14471e-24
1.07088e-24
1.00163e-24
9.36669e-25
8.75754e-25
8.18642e-25
7.65107e-25
7.14935e-25
6.67925e-25
6.23886e-25
5.8264e-25
5.44017e-25
5.07859e-25
4.74014e-25
4.42343e-25
4.12711e-25
3.84994e-25
3.59074e-25
3.34839e-25
3.12185e-25
2.91015e-25
2.71235e-25
2.52759e-25
2.35506e-25
2.19398e-25
2.04364e-25
1.90337e-25
1.77252e-25
1.65051e-25
1.53678e-25
1.43081e-25
1.33211e-25
1.24022e-25
1.15471e-25
1.07519e-25
1.00128e-25
9.32626e-26
8.68905e-26
8.09816e-26
7.55074e-26
7.04416e-26
6.57595e-26
6.14383e-26
5.7457e-26
5.37961e-26
5.04376e-26
4.73651e-26
4.45632e-26
4.20183e-26
3.97178e-26
3.76502e-26
3.58053e-26
3.41739e-26
3.27479e-26
3.15203e-26
3.04849e-26
2.96366e-26
2.89711e-26
2.84851e-26
2.8176e-26
2.80424e-26
2.80833e-26
2.82988e-26
2.86898e-26
2.92579e-26
3.00056e-26
3.0936e-26
3.20532e-26
