18661.4
2.93843e-20
2.93687e-20
2.93188e-20
2.92618e-20
2.91991e-20
2.91309e-20
2.90576e-20
2.89792e-20
2.88959e-20
2.88076e-20
2.87144e-20
2.86164e-20
2.85136e-20
2.8406e-20
2.82936e-20
2.81767e-20
2.80552e-20
2.79291e-20
2.77986e-20
2.76636e-20
2.75244e-20
2.73809e-20
2.72332e-20
2.70814e-20
2.69256e-20
2.67659e-20
2.66022e-20
2.64348e-20
2.62637e-20
2.6089e-20
2.59108e-20
2.57291e-20
2.5544e-20
2.53557e-20
2.51643e-20
2.49697e-20
2.47722e-20
2.45718e-20
2.43686e-20
2.41627e-20
2.39542e-20
2.37432e-20
2.35298e-20
2.33141e-20
2.30962e-20
2.28762e-20
2.26542e-20
2.24303e-20
2.22045e-20
2.19771e-20
2.1748e-20
2.15174e-20
2.12854e-20
2.10521e-20
2.08175e-20
2.05818e-20
2.03451e-20
2.01075e-20
1.9869e-20
1.96298e-20
1.93899e-20
1.91495e-20
1.89086e-20
1.86674e-20
1.84258e-20
1.81841e-20
1.79422e-20
1.77003e-20
1.74585e-20
1.72169e-20
1.69754e-20
1.67343e-20
1.64936e-20
1.62533e-20
1.60136e-20
1.57745e-20
1.55362e-20
1.52985e-20
1.50617e-20
1.48259e-20
1.4591e-20
1.43571e-20
1.41244e-20
1.38928e-20
1.36625e-20
1.34334e-20
1.32057e-20
1.29794e-20
1.27545e-20
1.25312e-20
1.23094e-20
1.20892e-20
1.18707e-20
1.16539e-20
1.14388e-20
1.12255e-20
1.1014e-20
1.08044e-20
1.05967e-20
1.03909e-20
1.01871e-20
9.98527e-21
9.78547e-21
9.58772e-21
9.39205e-21
9.19848e-21
9.00704e-21
8.81775e-21
8.63062e-21
8.44567e-21
8.26292e-21
8.0824e-21
7.90412e-21
7.7281e-21
7.55435e-21
7.38289e-21
7.21372e-21
7.04686e-21
6.88232e-21
6.7201e-21
6.56022e-21
6.4027e-21
6.24754e-21
6.09476e-21
5.94437e-21
5.79636e-21
5.65075e-21
5.50753e-21
5.36673e-21
5.22833e-21
5.09237e-21
4.95883e-21
4.82773e-21
4.69906e-21
4.57282e-21
4.44901e-21
4.32762e-21
4.20864e-21
4.09206e-21
3.97786e-21
3.86604e-21
3.75658e-21
3.64945e-21
3.54465e-21
3.44215e-21
3.34192e-21
3.24396e-21
3.14822e-21
3.0547e-21
2.96336e-21
2.87418e-21
2.78713e-21
2.70218e-21
2.6193e-21
2.53847e-21
2.45966e-21
2.38283e-21
2.30796e-21
2.23501e-21
2.16395e-21
2.09476e-21
2.0274e-21
1.96183e-21
1.89804e-21
1.83597e-21
1.77561e-21
1.71692e-21
1.65986e-21
1.60441e-21
1.55054e-21
1.4982e-21
1.44737e-21
1.39802e-21
1.35011e-21
1.30361e-21
1.2585e-21
1.21474e-21
1.17229e-21
1.13114e-21
1.09124e-21
1.05258e-21
1.01511e-21
9.78811e-22
9.43654e-22
9.09608e-22
8.76647e-22
8.44742e-22
8.13866e-22
7.83991e-22
7.55092e-22
7.27142e-22
7.00115e-22
6.73986e-22
6.4873e-22
6.24323e-22
6.00741e-22
5.77961e-22
5.55959e-22
5.34713e-22
5.14201e-22
4.94402e-22
4.75293e-22
4.56854e-22
4.39066e-22
4.21908e-22
4.05361e-22
3.89406e-22
3.74025e-22
3.592e-22
3.44912e-22
3.31145e-22
3.17883e-22
3.05108e-22
2.92806e-22
2.8096e-22
2.69556e-22
2.58579e-22
2.48014e-22
2.37848e-22
2.28068e-22
2.1866e-22
2.09611e-22
2.0091e-22
1.92544e-22
1.84501e-22
1.76771e-22
1.69342e-22
1.62203e-22
1.55345e-22
1.48757e-22
1.4243e-22
1.36354e-22
1.3052e-22
1.24919e-22
1.19543e-22
1.14383e-22
1.09432e-22
1.04682e-22
1.00125e-22
9.57541e-23
9.15621e-23
8.75424e-23
8.36885e-23
7.99939e-23
7.64527e-23
7.30589e-23
6.98068e-23
6.6691e-23
6.37062e-23
6.08472e-23
5.81092e-23
5.54873e-23
5.29769e-23
5.05737e-23
4.82735e-23
4.6072e-23
4.39653e-23
4.19496e-23
4.00213e-23
3.81767e-23
3.64126e-23
3.47256e-23
3.31125e-23
3.15703e-23
3.00962e-23
2.86872e-23
2.73408e-23
2.60542e-23
2.4825e-23
2.36507e-23
2.25292e-23
2.1458e-23
2.04352e-23
1.94587e-23
1.85264e-23
1.76366e-23
1.67873e-23
1.59769e-23
1.52036e-23
1.44659e-23
1.37623e-23
1.30911e-23
1.24511e-23
1.18408e-23
1.1259e-23
1.07044e-23
1.01757e-23
9.67197e-24
9.19192e-24
8.73457e-24
8.29888e-24
7.88388e-24
7.48866e-24
7.11231e-24
6.75399e-24
6.41287e-24
6.08817e-24
5.77915e-24
5.48508e-24
5.20529e-24
4.93911e-24
4.68592e-24
4.44511e-24
4.21611e-24
3.99837e-24
3.79137e-24
3.5946e-24
3.40759e-24
3.22987e-24
3.061e-24
2.90057e-24
2.74818e-24
2.60343e-24
2.46598e-24
2.33547e-24
2.21156e-24
2.09394e-24
1.9823e-24
1.87636e-24
1.77583e-24
1.68046e-24
1.59e-24
1.5042e-24
1.42283e-24
1.34567e-24
1.27253e-24
1.20319e-24
1.13748e-24
1.07521e-24
1.0162e-24
9.60301e-25
9.07351e-25
8.57202e-25
8.09714e-25
7.6475e-25
7.22184e-25
6.81894e-25
6.43764e-25
6.07683e-25
5.73547e-25
5.41255e-25
5.10713e-25
4.8183e-25
4.54521e-25
4.28704e-25
4.04301e-25
3.81239e-25
3.59448e-25
3.38862e-25
3.19416e-25
3.01052e-25
2.83713e-25
2.67344e-25
2.51894e-25
2.37315e-25
2.2356e-25
2.10587e-25
1.98353e-25
1.86819e-25
1.75948e-25
1.65705e-25
1.56056e-25
1.46971e-25
1.38419e-25
1.30371e-25
1.22802e-25
1.15687e-25
1.09e-25
1.02721e-25
9.68269e-26
9.12991e-26
8.61184e-26
8.12671e-26
7.67289e-26
7.24879e-26
6.85298e-26
6.48407e-26
6.14081e-26
5.822e-26
5.52653e-26
5.25338e-26
5.00159e-26
4.77044e-26
4.5593e-26
4.36745e-26
4.19428e-26
4.03926e-26
3.90189e-26
3.78165e-26
3.67809e-26
3.59081e-26
3.51948e-26
3.46382e-26
3.42362e-26
3.39871e-26
3.38901e-26
3.39445e-26
3.41506e-26
3.45089e-26
3.50208e-26
3.56879e-26
