16242.6
4.196e-20
4.19495e-20
4.19119e-20
4.18655e-20
4.18112e-20
4.17489e-20
4.16789e-20
4.16013e-20
4.1516e-20
4.14233e-20
4.1323e-20
4.12154e-20
4.11003e-20
4.0978e-20
4.08484e-20
4.07116e-20
4.05676e-20
4.04167e-20
4.02588e-20
4.0094e-20
3.99225e-20
3.97442e-20
3.95594e-20
3.93681e-20
3.91704e-20
3.89664e-20
3.87562e-20
3.854e-20
3.83178e-20
3.80898e-20
3.7856e-20
3.76167e-20
3.73719e-20
3.71218e-20
3.68664e-20
3.6606e-20
3.63406e-20
3.60704e-20
3.57955e-20
3.55161e-20
3.52323e-20
3.49442e-20
3.4652e-20
3.43558e-20
3.40558e-20
3.37521e-20
3.34448e-20
3.31341e-20
3.28202e-20
3.25032e-20
3.21833e-20
3.18605e-20
3.15351e-20
3.12071e-20
3.08768e-20
3.05443e-20
3.02097e-20
2.98731e-20
2.95348e-20
2.91949e-20
2.88534e-20
2.85106e-20
2.81666e-20
2.78216e-20
2.74756e-20
2.71288e-20
2.67814e-20
2.64335e-20
2.60852e-20
2.57366e-20
2.5388e-20
2.50393e-20
2.46908e-20
2.43426e-20
2.39948e-20
2.36474e-20
2.33008e-20
2.29548e-20
2.26098e-20
2.22657e-20
2.19227e-20
2.15809e-20
2.12404e-20
2.09014e-20
2.05638e-20
2.02279e-20
1.98936e-20
1.95612e-20
1.92307e-20
1.89021e-20
1.85756e-20
1.82512e-20
1.79291e-20
1.76093e-20
1.72919e-20
1.69769e-20
1.66645e-20
1.63546e-20
1.60474e-20
1.57429e-20
1.54412e-20
1.51423e-20
1.48464e-20
1.45533e-20
1.42632e-20
1.39762e-20
1.36922e-20
1.34114e-20
1.31337e-20
1.28592e-20
1.25879e-20
1.23198e-20
1.20551e-20
1.17936e-20
1.15355e-20
1.12807e-20
1.10292e-20
1.07812e-20
1.05365e-20
1.02953e-20
1.00575e-20
9.82305e-21
9.59207e-21
9.36452e-21
9.14041e-21
8.91973e-21
8.70248e-21
8.48866e-21
8.27828e-21
8.07132e-21
7.86779e-21
7.66767e-21
7.47096e-21
7.27764e-21
7.0877e-21
6.90112e-21
6.71791e-21
6.53803e-21
6.36148e-21
6.18825e-21
6.01833e-21
5.85168e-21
5.68832e-21
5.5282e-21
5.37131e-21
5.21763e-21
5.06712e-21
4.91979e-21
4.7756e-21
4.63455e-21
4.4966e-21
4.36173e-21
4.22993e-21
4.10115e-21
3.97537e-21
3.85256e-21
3.73269e-21
3.61572e-21
3.50162e-21
3.39035e-21
3.28187e-21
3.17615e-21
3.07314e-21
2.9728e-21
2.8751e-21
2.77999e-21
2.68743e-21
2.59738e-21
2.50979e-21
2.42463e-21
2.34184e-21
2.26139e-21
2.18322e-21
2.1073e-21
2.03358e-21
1.96202e-21
1.89257e-21
1.82519e-21
1.75983e-21
1.69645e-21
1.63501e-21
1.57547e-21
1.51777e-21
1.46188e-21
1.40776e-21
1.35536e-21
1.30464e-21
1.25556e-21
1.20808e-21
1.16215e-21
1.11775e-21
1.07483e-21
1.03334e-21
9.93262e-22
9.54544e-22
9.17154e-22
8.81054e-22
8.46208e-22
8.12582e-22
7.8014e-22
7.48848e-22
7.18672e-22
6.8958e-22
6.6154e-22
6.34519e-22
6.08487e-22
5.83413e-22
5.59268e-22
5.36022e-22
5.13648e-22
4.92117e-22
4.71403e-22
4.51478e-22
4.32317e-22
4.13896e-22
3.96188e-22
3.79171e-22
3.62821e-22
3.47115e-22
3.3203e-22
3.17547e-22
3.03643e-22
2.90298e-22
2.77492e-22
2.65207e-22
2.53423e-22
2.42122e-22
2.31287e-22
2.209e-22
2.10945e-22
2.01407e-22
1.92268e-22
1.83515e-22
1.75132e-22
1.67106e-22
1.59423e-22
1.5207e-22
1.45033e-22
1.383e-22
1.3186e-22
1.25701e-22
1.19811e-22
1.1418e-22
1.08798e-22
1.03654e-22
9.87387e-23
9.40429e-23
8.95575e-23
8.52738e-23
8.11834e-23
7.72782e-23
7.35506e-23
6.9993e-23
6.65982e-23
6.33593e-23
6.02697e-23
5.73229e-23
5.45129e-23
5.18336e-23
4.92794e-23
4.68449e-23
4.45247e-23
4.23139e-23
4.02077e-23
3.82013e-23
3.62904e-23
3.44706e-23
3.27379e-23
3.10884e-23
2.95183e-23
2.80239e-23
2.66019e-23
2.52489e-23
2.39618e-23
2.27374e-23
2.1573e-23
2.04658e-23
1.9413e-23
1.84121e-23
1.74607e-23
1.65565e-23
1.56973e-23
1.48809e-23
1.41053e-23
1.33685e-23
1.26687e-23
1.20041e-23
1.13731e-23
1.0774e-23
1.02052e-23
9.6654e-24
9.15306e-24
8.66687e-24
8.20557e-24
7.76792e-24
7.35277e-24
6.95902e-24
6.58559e-24
6.2315e-24
5.89577e-24
5.57749e-24
5.27579e-24
4.98985e-24
4.71887e-24
4.4621e-24
4.21883e-24
3.98836e-24
3.77006e-24
3.56331e-24
3.36751e-24
3.18212e-24
3.00659e-24
2.84042e-24
2.68314e-24
2.53427e-24
2.3934e-24
2.26011e-24
2.134e-24
2.0147e-24
1.90185e-24
1.79513e-24
1.6942e-24
1.59877e-24
1.50855e-24
1.42326e-24
1.34264e-24
1.26645e-24
1.19445e-24
1.12642e-24
1.06215e-24
1.00144e-24
9.44095e-25
8.89938e-25
8.38799e-25
7.90515e-25
7.44932e-25
7.01906e-25
6.61298e-25
6.22976e-25
5.86818e-25
5.52706e-25
5.20529e-25
4.90181e-25
4.61562e-25
4.34578e-25
4.0914e-25
3.85162e-25
3.62565e-25
3.41273e-25
3.21214e-25
3.0232e-25
2.84527e-25
2.67774e-25
2.52004e-25
2.37163e-25
2.232e-25
2.10065e-25
1.97713e-25
1.86102e-25
1.7519e-25
1.64939e-25
1.55313e-25
1.46277e-25
1.37799e-25
1.29849e-25
1.22399e-25
1.15421e-25
1.0889e-25
1.02782e-25
9.70757e-26
9.17493e-26
8.67833e-26
8.21595e-26
7.78606e-26
7.38705e-26
7.01748e-26
6.67618e-26
6.36214e-26
6.07415e-26
5.81124e-26
5.57234e-26
5.35669e-26
5.16349e-26
4.9919e-26
4.84114e-26
4.71052e-26
4.59941e-26
4.50727e-26
4.43361e-26
4.37803e-26
4.34016e-26
4.31973e-26
4.3165e-26
4.33032e-26
4.36108e-26
4.40873e-26
4.47327e-26
4.55479e-26
4.65339e-26
4.76926e-26
4.90264e-26
