18661.4
3.25768e-20
3.25282e-20
3.23842e-20
3.22297e-20
3.20694e-20
3.19046e-20
3.1736e-20
3.15639e-20
3.13887e-20
3.12103e-20
3.10288e-20
3.08443e-20
3.06566e-20
3.0466e-20
3.02724e-20
3.00759e-20
2.98765e-20
2.96745e-20
2.94697e-20
2.92623e-20
2.90524e-20
2.884e-20
2.86251e-20
2.84079e-20
2.81885e-20
2.79669e-20
2.77431e-20
2.75173e-20
2.72896e-20
2.70599e-20
2.68284e-20
2.65952e-20
2.63603e-20
2.61238e-20
2.58857e-20
2.56463e-20
2.54054e-20
2.51633e-20
2.492e-20
2.46755e-20
2.44299e-20
2.41834e-20
2.39359e-20
2.36876e-20
2.34385e-20
2.31887e-20
2.29383e-20
2.26874e-20
2.24359e-20
2.21841e-20
2.19319e-20
2.16795e-20
2.14268e-20
2.1174e-20
2.09212e-20
2.06684e-20
2.04156e-20
2.0163e-20
1.99106e-20
1.96584e-20
1.94066e-20
1.91551e-20
1.89042e-20
1.86537e-20
1.84038e-20
1.81545e-20
1.79059e-20
1.7658e-20
1.74109e-20
1.71647e-20
1.69194e-20
1.6675e-20
1.64316e-20
1.61893e-20
1.5948e-20
1.57079e-20
1.5469e-20
1.52313e-20
1.49949e-20
1.47597e-20
1.4526e-20
1.42936e-20
1.40626e-20
1.38331e-20
1.36051e-20
1.33786e-20
1.31537e-20
1.29304e-20
1.27086e-20
1.24886e-20
1.22702e-20
1.20535e-20
1.18385e-20
1.16253e-20
1.14139e-20
1.12042e-20
1.09964e-20
1.07904e-20
1.05862e-20
1.03839e-20
1.01835e-20
9.98494e-21
9.78831e-21
9.59359e-21
9.40081e-21
9.20995e-21
9.02105e-21
8.83409e-21
8.64909e-21
8.46606e-21
8.285e-21
8.10594e-21
7.92889e-21
7.75388e-21
7.5809e-21
7.40997e-21
7.24109e-21
7.07429e-21
6.90957e-21
6.74695e-21
6.58644e-21
6.42807e-21
6.27189e-21
6.1179e-21
5.96613e-21
5.81659e-21
5.66931e-21
5.52429e-21
5.38157e-21
5.24117e-21
5.10315e-21
4.96752e-21
4.8343e-21
4.70352e-21
4.57518e-21
4.44929e-21
4.32586e-21
4.20489e-21
4.08637e-21
3.97031e-21
3.85669e-21
3.74549e-21
3.63672e-21
3.53035e-21
3.42637e-21
3.32475e-21
3.22547e-21
3.12852e-21
3.03386e-21
2.94148e-21
2.85134e-21
2.76342e-21
2.67768e-21
2.5941e-21
2.51265e-21
2.4333e-21
2.35601e-21
2.28075e-21
2.20748e-21
2.13618e-21
2.06681e-21
1.99933e-21
1.93371e-21
1.86991e-21
1.80791e-21
1.74765e-21
1.68912e-21
1.63227e-21
1.57707e-21
1.52349e-21
1.47148e-21
1.42101e-21
1.37206e-21
1.32458e-21
1.27854e-21
1.2339e-21
1.19064e-21
1.14872e-21
1.10811e-21
1.06877e-21
1.03068e-21
9.93793e-22
9.58088e-22
9.23532e-22
8.90095e-22
8.57746e-22
8.26457e-22
7.96199e-22
7.66943e-22
7.38661e-22
7.11326e-22
6.84911e-22
6.59389e-22
6.34736e-22
6.10926e-22
5.87933e-22
5.65733e-22
5.44304e-22
5.23621e-22
5.03663e-22
4.84406e-22
4.65829e-22
4.47911e-22
4.30632e-22
4.13971e-22
3.97909e-22
3.82426e-22
3.67504e-22
3.53125e-22
3.39271e-22
3.25924e-22
3.13069e-22
3.00689e-22
2.88767e-22
2.77289e-22
2.6624e-22
2.55604e-22
2.45369e-22
2.35519e-22
2.26043e-22
2.16926e-22
2.08157e-22
1.99722e-22
1.91612e-22
1.83813e-22
1.76315e-22
1.69107e-22
1.6218e-22
1.55521e-22
1.49123e-22
1.42975e-22
1.37069e-22
1.31395e-22
1.25945e-22
1.20711e-22
1.15684e-22
1.10858e-22
1.06224e-22
1.01775e-22
9.7505e-23
9.34064e-23
8.94729e-23
8.56983e-23
8.20765e-23
7.86016e-23
7.52681e-23
7.20704e-23
6.90034e-23
6.60619e-23
6.32412e-23
6.05364e-23
5.79431e-23
5.54568e-23
5.30735e-23
5.07889e-23
4.85993e-23
4.65008e-23
4.44899e-23
4.2563e-23
4.07168e-23
3.8948e-23
3.72535e-23
3.56304e-23
3.40758e-23
3.25869e-23
3.1161e-23
2.97955e-23
2.84881e-23
2.72363e-23
2.60379e-23
2.48906e-23
2.37924e-23
2.27413e-23
2.17352e-23
2.07724e-23
1.9851e-23
1.89694e-23
1.81258e-23
1.73187e-23
1.65466e-23
1.58079e-23
1.51014e-23
1.44256e-23
1.37792e-23
1.3161e-23
1.25699e-23
1.20046e-23
1.14641e-23
1.09473e-23
1.04533e-23
9.98092e-24
9.5294e-24
9.0978e-24
8.68528e-24
8.29101e-24
7.9142e-24
7.55412e-24
7.21003e-24
6.88124e-24
6.5671e-24
6.26697e-24
5.98023e-24
5.70632e-24
5.44467e-24
5.19475e-24
4.95605e-24
4.72807e-24
4.51035e-24
4.30244e-24
4.1039e-24
3.91434e-24
3.73334e-24
3.56054e-24
3.39557e-24
3.23809e-24
3.08776e-24
2.94428e-24
2.80733e-24
2.67663e-24
2.55189e-24
2.43286e-24
2.31929e-24
2.21091e-24
2.10752e-24
2.00887e-24
1.91477e-24
1.825e-24
1.73937e-24
1.65771e-24
1.57982e-24
1.50554e-24
1.43471e-24
1.36716e-24
1.30277e-24
1.24137e-24
1.18285e-24
1.12706e-24
1.07388e-24
1.0232e-24
9.74906e-25
9.28885e-25
8.85037e-25
8.43264e-25
8.03471e-25
7.65569e-25
7.29473e-25
6.95102e-25
6.62377e-25
6.31225e-25
6.01574e-25
5.73357e-25
5.46509e-25
5.2097e-25
4.96681e-25
4.73586e-25
4.51631e-25
4.30767e-25
4.10946e-25
3.9212e-25
3.74248e-25
3.57287e-25
3.41197e-25
3.25943e-25
3.11487e-25
2.97797e-25
2.84839e-25
2.72585e-25
2.61005e-25
2.50072e-25
2.39761e-25
2.30047e-25
2.20907e-25
2.12321e-25
2.04266e-25
1.96726e-25
1.89682e-25
1.83117e-25
1.77016e-25
1.71365e-25
1.6615e-25
1.6136e-25
1.56982e-25
1.53014e-25
1.49456e-25
1.46299e-25
1.43539e-25
1.41174e-25
1.39199e-25
1.37609e-25
1.36398e-25
1.3556e-25
1.35093e-25
1.34995e-25
1.35262e-25
1.35895e-25
1.36893e-25
1.38257e-25
1.3999e-25
1.42095e-25
1.44574e-25
1.47434e-25
