13262.1
7.57098e-20
7.5704e-20
7.56736e-20
7.56288e-20
7.55693e-20
7.54952e-20
7.54065e-20
7.53033e-20
7.51856e-20
7.50534e-20
7.49069e-20
7.47462e-20
7.45713e-20
7.43823e-20
7.41794e-20
7.39627e-20
7.37322e-20
7.34881e-20
7.32306e-20
7.29598e-20
7.26758e-20
7.23788e-20
7.20691e-20
7.17466e-20
7.14118e-20
7.10646e-20
7.07053e-20
7.03342e-20
6.99514e-20
6.95572e-20
6.91516e-20
6.87351e-20
6.83078e-20
6.78699e-20
6.74217e-20
6.69634e-20
6.64953e-20
6.60175e-20
6.55305e-20
6.50344e-20
6.45294e-20
6.40159e-20
6.34942e-20
6.29644e-20
6.24269e-20
6.18819e-20
6.13297e-20
6.07706e-20
6.02049e-20
5.96328e-20
5.90547e-20
5.84708e-20
5.78813e-20
5.72867e-20
5.66871e-20
5.60828e-20
5.54742e-20
5.48615e-20
5.4245e-20
5.3625e-20
5.30018e-20
5.23755e-20
5.17466e-20
5.11153e-20
5.04818e-20
4.98465e-20
4.92096e-20
4.85713e-20
4.7932e-20
4.72919e-20
4.66512e-20
4.60102e-20
4.53692e-20
4.47284e-20
4.4088e-20
4.34484e-20
4.28096e-20
4.21721e-20
4.15359e-20
4.09013e-20
4.02686e-20
3.96379e-20
3.90095e-20
3.83835e-20
3.77602e-20
3.71398e-20
3.65224e-20
3.59083e-20
3.52976e-20
3.46905e-20
3.40872e-20
3.34878e-20
3.28926e-20
3.23016e-20
3.1715e-20
3.11329e-20
3.05556e-20
2.99831e-20
2.94155e-20
2.88531e-20
2.82958e-20
2.77439e-20
2.71974e-20
2.66564e-20
2.6121e-20
2.55914e-20
2.50676e-20
2.45496e-20
2.40377e-20
2.35318e-20
2.3032e-20
2.25383e-20
2.20509e-20
2.15698e-20
2.1095e-20
2.06265e-20
2.01645e-20
1.97089e-20
1.92598e-20
1.88172e-20
1.83811e-20
1.79515e-20
1.75285e-20
1.71121e-20
1.67022e-20
1.62988e-20
1.5902e-20
1.55118e-20
1.51281e-20
1.47509e-20
1.43803e-20
1.40161e-20
1.36583e-20
1.3307e-20
1.29622e-20
1.26236e-20
1.22915e-20
1.19656e-20
1.16459e-20
1.13325e-20
1.10252e-20
1.07241e-20
1.0429e-20
1.01399e-20
9.85678e-21
9.57955e-21
9.30817e-21
9.04256e-21
8.78267e-21
8.52843e-21
8.27978e-21
8.03666e-21
7.79899e-21
7.5667e-21
7.33973e-21
7.11801e-21
6.90147e-21
6.69004e-21
6.48365e-21
6.28223e-21
6.0857e-21
5.89399e-21
5.70703e-21
5.52473e-21
5.34704e-21
5.17386e-21
5.00514e-21
4.84079e-21
4.68074e-21
4.52491e-21
4.37325e-21
4.22566e-21
4.08209e-21
3.94246e-21
3.8067e-21
3.67473e-21
3.54648e-21
3.42188e-21
3.30085e-21
3.18334e-21
3.06925e-21
2.95854e-21
2.85113e-21
2.74696e-21
2.64596e-21
2.54805e-21
2.45318e-21
2.36128e-21
2.27227e-21
2.1861e-21
2.10269e-21
2.02199e-21
1.94392e-21
1.86842e-21
1.79543e-21
1.72488e-21
1.65671e-21
1.59086e-21
1.52727e-21
1.46588e-21
1.40663e-21
1.34945e-21
1.2943e-21
1.24111e-21
1.18984e-21
1.14041e-21
1.09279e-21
1.04691e-21
1.00273e-21
9.6019e-22
9.19245e-22
8.79845e-22
8.41941e-22
8.05487e-22
7.70436e-22
7.36744e-22
7.04365e-22
6.73258e-22
6.43381e-22
6.14691e-22
5.8715e-22
5.60718e-22
5.35357e-22
5.1103e-22
4.87701e-22
4.65334e-22
4.43896e-22
4.23354e-22
4.03674e-22
3.84826e-22
3.66778e-22
3.49502e-22
3.32969e-22
3.17149e-22
3.02018e-22
2.87547e-22
2.73712e-22
2.60488e-22
2.47851e-22
2.35778e-22
2.24247e-22
2.13236e-22
2.02724e-22
1.9269e-22
1.83116e-22
1.73983e-22
1.65272e-22
1.56965e-22
1.49046e-22
1.41499e-22
1.34307e-22
1.27456e-22
1.20931e-22
1.14717e-22
1.08801e-22
1.03171e-22
9.78132e-23
9.2716e-23
8.78677e-23
8.32571e-23
7.88737e-23
7.4707e-23
7.07473e-23
6.6985e-23
6.34111e-23
6.00168e-23
5.67938e-23
5.37342e-23
5.08301e-23
4.80743e-23
4.54598e-23
4.29797e-23
4.06278e-23
3.83977e-23
3.62836e-23
3.42799e-23
3.23811e-23
3.05822e-23
2.88782e-23
2.72644e-23
2.57364e-23
2.42898e-23
2.29206e-23
2.16248e-23
2.03988e-23
1.92391e-23
1.81422e-23
1.7105e-23
1.61243e-23
1.51973e-23
1.43212e-23
1.34934e-23
1.27112e-23
1.19724e-23
1.12747e-23
1.06159e-23
9.99388e-24
9.40676e-24
8.85267e-24
8.32984e-24
7.83659e-24
7.37134e-24
6.93256e-24
6.51882e-24
6.12877e-24
5.76111e-24
5.41461e-24
5.08812e-24
4.78053e-24
4.49079e-24
4.21792e-24
3.96098e-24
3.71908e-24
3.49138e-24
3.27709e-24
3.07544e-24
2.88572e-24
2.70726e-24
2.53942e-24
2.3816e-24
2.23321e-24
2.09373e-24
1.96263e-24
1.83944e-24
1.7237e-24
1.61497e-24
1.51285e-24
1.41695e-24
1.32692e-24
1.2424e-24
1.16307e-24
1.08862e-24
1.01877e-24
9.53247e-25
8.91788e-25
8.34153e-25
7.80114e-25
7.29454e-25
6.8197e-25
6.37472e-25
5.95779e-25
5.5672e-25
5.20136e-25
4.85875e-25
4.53797e-25
4.23767e-25
3.95659e-25
3.69356e-25
3.44746e-25
3.21724e-25
3.00191e-25
2.80056e-25
2.61231e-25
2.43634e-25
2.27189e-25
2.11824e-25
1.9747e-25
1.84064e-25
1.71546e-25
1.5986e-25
1.48954e-25
1.38778e-25
1.29286e-25
1.20435e-25
1.12187e-25
1.04503e-25
9.73484e-26
9.069e-26
8.44969e-26
7.87394e-26
7.33903e-26
6.84261e-26
6.3823e-26
5.95586e-26
5.56123e-26
5.19648e-26
4.85981e-26
4.54958e-26
4.26425e-26
4.00243e-26
3.7628e-26
3.54419e-26
3.34551e-26
3.16576e-26
3.00404e-26
2.85955e-26
2.73155e-26
2.61941e-26
2.52254e-26
2.44047e-26
2.37277e-26
2.31908e-26
2.27912e-26
2.25269e-26
2.23962e-26
2.23982e-26
2.25328e-26
2.28002e-26
2.32014e-26
2.3738e-26
2.44123e-26
