16242.6
4.34195e-20
4.33841e-20
4.32757e-20
4.31561e-20
4.30287e-20
4.28942e-20
4.27532e-20
4.26058e-20
4.24524e-20
4.22929e-20
4.21276e-20
4.19564e-20
4.17794e-20
4.15967e-20
4.14083e-20
4.12143e-20
4.10148e-20
4.08098e-20
4.05995e-20
4.03839e-20
4.01631e-20
3.99373e-20
3.97065e-20
3.94708e-20
3.92303e-20
3.89852e-20
3.87354e-20
3.84812e-20
3.82226e-20
3.79598e-20
3.76928e-20
3.74218e-20
3.71469e-20
3.68681e-20
3.65857e-20
3.62997e-20
3.60102e-20
3.57173e-20
3.54213e-20
3.51221e-20
3.48199e-20
3.45148e-20
3.4207e-20
3.38965e-20
3.35835e-20
3.32682e-20
3.29505e-20
3.26307e-20
3.23088e-20
3.1985e-20
3.16594e-20
3.13321e-20
3.10033e-20
3.0673e-20
3.03414e-20
3.00085e-20
2.96746e-20
2.93397e-20
2.90039e-20
2.86673e-20
2.83301e-20
2.79924e-20
2.76542e-20
2.73157e-20
2.6977e-20
2.66382e-20
2.62994e-20
2.59607e-20
2.56222e-20
2.52841e-20
2.49463e-20
2.4609e-20
2.42723e-20
2.39363e-20
2.36011e-20
2.32668e-20
2.29334e-20
2.26011e-20
2.22699e-20
2.194e-20
2.16113e-20
2.1284e-20
2.09582e-20
2.06339e-20
2.03112e-20
1.99902e-20
1.96709e-20
1.93534e-20
1.90378e-20
1.87242e-20
1.84126e-20
1.8103e-20
1.77955e-20
1.74903e-20
1.71872e-20
1.68864e-20
1.6588e-20
1.62919e-20
1.59983e-20
1.57071e-20
1.54184e-20
1.51323e-20
1.48488e-20
1.45678e-20
1.42895e-20
1.40139e-20
1.37411e-20
1.34709e-20
1.32035e-20
1.29389e-20
1.26771e-20
1.24181e-20
1.2162e-20
1.19087e-20
1.16583e-20
1.14109e-20
1.11663e-20
1.09246e-20
1.06858e-20
1.045e-20
1.02171e-20
9.98711e-21
9.76007e-21
9.53597e-21
9.31481e-21
9.09658e-21
8.8813e-21
8.66896e-21
8.45958e-21
8.25316e-21
8.04971e-21
7.84923e-21
7.65171e-21
7.45716e-21
7.26557e-21
7.07695e-21
6.89129e-21
6.7086e-21
6.52888e-21
6.35216e-21
6.17843e-21
6.00773e-21
5.84005e-21
5.67539e-21
5.51375e-21
5.35513e-21
5.19951e-21
5.04693e-21
4.8974e-21
4.75093e-21
4.60753e-21
4.4672e-21
4.32995e-21
4.19576e-21
4.06462e-21
3.93652e-21
3.81144e-21
3.68937e-21
3.57027e-21
3.45412e-21
3.34089e-21
3.23055e-21
3.12307e-21
3.01841e-21
2.91654e-21
2.81741e-21
2.72098e-21
2.62722e-21
2.53608e-21
2.44752e-21
2.3615e-21
2.27796e-21
2.19687e-21
2.11818e-21
2.04184e-21
1.9678e-21
1.89601e-21
1.82644e-21
1.75903e-21
1.69374e-21
1.63051e-21
1.5693e-21
1.51006e-21
1.45275e-21
1.39732e-21
1.34372e-21
1.29191e-21
1.24183e-21
1.19346e-21
1.14673e-21
1.10161e-21
1.05805e-21
1.01602e-21
9.75457e-22
9.36334e-22
8.98605e-22
8.62231e-22
8.27171e-22
7.93386e-22
7.60839e-22
7.29491e-22
6.99306e-22
6.70247e-22
6.4228e-22
6.15369e-22
5.8948e-22
5.64581e-22
5.40639e-22
5.17623e-22
4.95502e-22
4.74245e-22
4.53824e-22
4.34209e-22
4.15374e-22
3.97291e-22
3.79933e-22
3.63275e-22
3.47293e-22
3.31961e-22
3.17256e-22
3.03156e-22
2.89638e-22
2.76681e-22
2.64265e-22
2.52367e-22
2.4097e-22
2.30055e-22
2.19602e-22
2.09594e-22
2.00014e-22
1.90845e-22
1.82071e-22
1.73677e-22
1.65647e-22
1.57968e-22
1.50624e-22
1.43603e-22
1.36892e-22
1.30477e-22
1.24348e-22
1.18491e-22
1.12896e-22
1.07552e-22
1.02448e-22
9.75751e-23
9.29227e-23
8.84816e-23
8.4243e-23
8.01981e-23
7.63388e-23
7.26569e-23
6.91449e-23
6.57954e-23
6.26012e-23
5.95557e-23
5.66523e-23
5.38847e-23
5.12469e-23
4.87332e-23
4.6338e-23
4.40561e-23
4.18823e-23
3.98118e-23
3.78399e-23
3.59622e-23
3.41744e-23
3.24724e-23
3.08522e-23
2.93101e-23
2.78425e-23
2.64459e-23
2.51172e-23
2.3853e-23
2.26505e-23
2.15066e-23
2.04188e-23
1.93843e-23
1.84006e-23
1.74654e-23
1.65763e-23
1.57312e-23
1.49279e-23
1.41645e-23
1.3439e-23
1.27496e-23
1.20947e-23
1.14725e-23
1.08814e-23
1.032e-23
9.78681e-24
9.28045e-24
8.79962e-24
8.34307e-24
7.90961e-24
7.49812e-24
7.10751e-24
6.73676e-24
6.38488e-24
6.05095e-24
5.73407e-24
5.4334e-24
5.14812e-24
4.87749e-24
4.62076e-24
4.37723e-24
4.14626e-24
3.9272e-24
3.71947e-24
3.52248e-24
3.3357e-24
3.15862e-24
2.99073e-24
2.83159e-24
2.68073e-24
2.53775e-24
2.40223e-24
2.27381e-24
2.15211e-24
2.0368e-24
1.92754e-24
1.82403e-24
1.72597e-24
1.63308e-24
1.5451e-24
1.46176e-24
1.38284e-24
1.3081e-24
1.23732e-24
1.17031e-24
1.10686e-24
1.0468e-24
9.89933e-25
9.36107e-25
8.8516e-25
8.36941e-25
7.91308e-25
7.48126e-25
7.07266e-25
6.68607e-25
6.32032e-25
5.97432e-25
5.64704e-25
5.33749e-25
5.04473e-25
4.76788e-25
4.50611e-25
4.25861e-25
4.02462e-25
3.80345e-25
3.5944e-25
3.39685e-25
3.21017e-25
3.03381e-25
2.8672e-25
2.70984e-25
2.56123e-25
2.42092e-25
2.28847e-25
2.16347e-25
2.04551e-25
1.93424e-25
1.82931e-25
1.73037e-25
1.63713e-25
1.54928e-25
1.46655e-25
1.38867e-25
1.31539e-25
1.24649e-25
1.18174e-25
1.12094e-25
1.06388e-25
1.0104e-25
9.60303e-26
9.1344e-26
8.69668e-26
8.28873e-26
7.90963e-26
7.55815e-26
7.23334e-26
6.93404e-26
6.65954e-26
6.40898e-26
6.18146e-26
5.97611e-26
5.79214e-26
5.62883e-26
5.48555e-26
5.36171e-26
5.2568e-26
5.17037e-26
5.10203e-26
5.05145e-26
5.01835e-26
5.00252e-26
5.00381e-26
5.0221e-26
5.05736e-26
5.10958e-26
5.17883e-26
5.26522e-26
