18661.4
3.07537e-20
3.07261e-20
3.06417e-20
3.05489e-20
3.04501e-20
3.03462e-20
3.02374e-20
3.0124e-20
3.00061e-20
2.98838e-20
2.97572e-20
2.96263e-20
2.9491e-20
2.93515e-20
2.92079e-20
2.90602e-20
2.89084e-20
2.87526e-20
2.8593e-20
2.84295e-20
2.82623e-20
2.80914e-20
2.79169e-20
2.77388e-20
2.75574e-20
2.73725e-20
2.71844e-20
2.69931e-20
2.67987e-20
2.66013e-20
2.64009e-20
2.61977e-20
2.59917e-20
2.57831e-20
2.55718e-20
2.53581e-20
2.51419e-20
2.49235e-20
2.47028e-20
2.448e-20
2.42552e-20
2.40284e-20
2.37998e-20
2.35694e-20
2.33373e-20
2.31036e-20
2.28685e-20
2.2632e-20
2.23941e-20
2.21551e-20
2.19149e-20
2.16737e-20
2.14316e-20
2.11885e-20
2.09448e-20
2.07003e-20
2.04553e-20
2.02097e-20
1.99637e-20
1.97174e-20
1.94709e-20
1.92241e-20
1.89773e-20
1.87304e-20
1.84837e-20
1.8237e-20
1.79906e-20
1.77445e-20
1.74987e-20
1.72534e-20
1.70086e-20
1.67644e-20
1.65209e-20
1.62781e-20
1.6036e-20
1.57948e-20
1.55546e-20
1.53152e-20
1.5077e-20
1.48398e-20
1.46038e-20
1.4369e-20
1.41354e-20
1.39032e-20
1.36723e-20
1.34428e-20
1.32148e-20
1.29883e-20
1.27633e-20
1.25399e-20
1.23182e-20
1.20981e-20
1.18797e-20
1.16631e-20
1.14483e-20
1.12352e-20
1.10241e-20
1.08147e-20
1.06073e-20
1.04018e-20
1.01983e-20
9.99675e-21
9.7972e-21
9.59967e-21
9.40417e-21
9.21074e-21
9.01938e-21
8.83011e-21
8.64294e-21
8.45789e-21
8.27497e-21
8.0942e-21
7.9156e-21
7.73919e-21
7.56498e-21
7.39298e-21
7.22319e-21
7.05564e-21
6.89033e-21
6.72727e-21
6.56648e-21
6.40798e-21
6.25179e-21
6.09792e-21
5.94638e-21
5.7972e-21
5.65037e-21
5.50591e-21
5.36382e-21
5.22414e-21
5.08688e-21
4.95206e-21
4.81969e-21
4.68977e-21
4.56231e-21
4.43732e-21
4.31477e-21
4.19469e-21
4.07704e-21
3.96183e-21
3.84905e-21
3.73867e-21
3.63069e-21
3.52509e-21
3.42183e-21
3.32092e-21
3.22232e-21
3.126e-21
3.03196e-21
2.94015e-21
2.85055e-21
2.76313e-21
2.67787e-21
2.59474e-21
2.5137e-21
2.43472e-21
2.35778e-21
2.28283e-21
2.20986e-21
2.13882e-21
2.06968e-21
2.00241e-21
1.93697e-21
1.87333e-21
1.81147e-21
1.75133e-21
1.69289e-21
1.63612e-21
1.58098e-21
1.52743e-21
1.47545e-21
1.42499e-21
1.37603e-21
1.32853e-21
1.28246e-21
1.23779e-21
1.19448e-21
1.1525e-21
1.11181e-21
1.0724e-21
1.03422e-21
9.97249e-22
9.6145e-22
9.26795e-22
8.93256e-22
8.60802e-22
8.29404e-22
7.99035e-22
7.69667e-22
7.41271e-22
7.13822e-22
6.87293e-22
6.61657e-22
6.3689e-22
6.12966e-22
5.8986e-22
5.6755e-22
5.46012e-22
5.25221e-22
5.05157e-22
4.85797e-22
4.67119e-22
4.49103e-22
4.31728e-22
4.14974e-22
3.98821e-22
3.83251e-22
3.68245e-22
3.53785e-22
3.39852e-22
3.26431e-22
3.13503e-22
3.01054e-22
2.89066e-22
2.77525e-22
2.66416e-22
2.55723e-22
2.45434e-22
2.35533e-22
2.26008e-22
2.16846e-22
2.08034e-22
1.9956e-22
1.91412e-22
1.83578e-22
1.76048e-22
1.6881e-22
1.61854e-22
1.5517e-22
1.48748e-22
1.42579e-22
1.36653e-22
1.30962e-22
1.25496e-22
1.20248e-22
1.15209e-22
1.10372e-22
1.05729e-22
1.01273e-22
9.6996e-23
9.28923e-23
8.8955e-23
8.51778e-23
8.15544e-23
7.8079e-23
7.47459e-23
7.15496e-23
6.84847e-23
6.55462e-23
6.27292e-23
6.00288e-23
5.74405e-23
5.49598e-23
5.25826e-23
5.03046e-23
4.81221e-23
4.6031e-23
4.40279e-23
4.21091e-23
4.02713e-23
3.85112e-23
3.68256e-23
3.52116e-23
3.36662e-23
3.21866e-23
3.07701e-23
2.94142e-23
2.81164e-23
2.68742e-23
2.56854e-23
2.45478e-23
2.34592e-23
2.24177e-23
2.14211e-23
2.04678e-23
1.95558e-23
1.86834e-23
1.7849e-23
1.7051e-23
1.62878e-23
1.5558e-23
1.48601e-23
1.41928e-23
1.35548e-23
1.29449e-23
1.23618e-23
1.18044e-23
1.12716e-23
1.07624e-23
1.02757e-23
9.8106e-24
9.36612e-24
8.94138e-24
8.53554e-24
8.14777e-24
7.77729e-24
7.42335e-24
7.08524e-24
6.76225e-24
6.45374e-24
6.15907e-24
5.87762e-24
5.60883e-24
5.35214e-24
5.10702e-24
4.87295e-24
4.64946e-24
4.43606e-24
4.23233e-24
4.03782e-24
3.85214e-24
3.67489e-24
3.50569e-24
3.3442e-24
3.19005e-24
3.04294e-24
2.90255e-24
2.76856e-24
2.64071e-24
2.51871e-24
2.40231e-24
2.29125e-24
2.18529e-24
2.0842e-24
1.98777e-24
1.89579e-24
1.80805e-24
1.72437e-24
1.64455e-24
1.56844e-24
1.49586e-24
1.42665e-24
1.36066e-24
1.29774e-24
1.23776e-24
1.18058e-24
1.12608e-24
1.07414e-24
1.02463e-24
9.77458e-25
9.32509e-25
8.89685e-25
8.4889e-25
8.10033e-25
7.73027e-25
7.37789e-25
7.04239e-25
6.72302e-25
6.41905e-25
6.12981e-25
5.85464e-25
5.5929e-25
5.34402e-25
5.10743e-25
4.88258e-25
4.66896e-25
4.4661e-25
4.27352e-25
4.09078e-25
3.91747e-25
3.75319e-25
3.59756e-25
3.45022e-25
3.31084e-25
3.1791e-25
3.05469e-25
2.93732e-25
2.82673e-25
2.72265e-25
2.62485e-25
2.53311e-25
2.4472e-25
2.36693e-25
2.29211e-25
2.22258e-25
2.15815e-25
2.0987e-25
2.04407e-25
1.99415e-25
1.94881e-25
1.90795e-25
1.87147e-25
1.83937e-25
1.81171e-25
1.78841e-25
1.76945e-25
1.75484e-25
1.74457e-25
1.73858e-25
1.73682e-25
1.73927e-25
1.7459e-25
1.75669e-25
1.77165e-25
1.79078e-25
1.81409e-25
1.84161e-25
1.87337e-25
1.90943e-25
1.94982e-25
1.99463e-25
