16242.6
4.19245e-20
4.19209e-20
4.19026e-20
4.18761e-20
4.18414e-20
4.17986e-20
4.17475e-20
4.16883e-20
4.16209e-20
4.15455e-20
4.14621e-20
4.13707e-20
4.12713e-20
4.11641e-20
4.1049e-20
4.09262e-20
4.07957e-20
4.06577e-20
4.05121e-20
4.0359e-20
4.01986e-20
4.0031e-20
3.98562e-20
3.96743e-20
3.94855e-20
3.92898e-20
3.90873e-20
3.88783e-20
3.86627e-20
3.84408e-20
3.82126e-20
3.79782e-20
3.77379e-20
3.74916e-20
3.72397e-20
3.69821e-20
3.67191e-20
3.64507e-20
3.61772e-20
3.58986e-20
3.56152e-20
3.5327e-20
3.50343e-20
3.47371e-20
3.44357e-20
3.41301e-20
3.38206e-20
3.35073e-20
3.31903e-20
3.28698e-20
3.2546e-20
3.22191e-20
3.18891e-20
3.15563e-20
3.12209e-20
3.08828e-20
3.05425e-20
3.01999e-20
2.98552e-20
2.95087e-20
2.91605e-20
2.88106e-20
2.84594e-20
2.81069e-20
2.77532e-20
2.73986e-20
2.70433e-20
2.66872e-20
2.63306e-20
2.59737e-20
2.56166e-20
2.52594e-20
2.49022e-20
2.45452e-20
2.41886e-20
2.38325e-20
2.3477e-20
2.31222e-20
2.27682e-20
2.24153e-20
2.20634e-20
2.17128e-20
2.13636e-20
2.10158e-20
2.06696e-20
2.0325e-20
1.99823e-20
1.96414e-20
1.93025e-20
1.89658e-20
1.86312e-20
1.82989e-20
1.79689e-20
1.76414e-20
1.73165e-20
1.69941e-20
1.66745e-20
1.63576e-20
1.60435e-20
1.57324e-20
1.54242e-20
1.5119e-20
1.4817e-20
1.4518e-20
1.42223e-20
1.39298e-20
1.36406e-20
1.33548e-20
1.30723e-20
1.27933e-20
1.25177e-20
1.22456e-20
1.1977e-20
1.17119e-20
1.14504e-20
1.11925e-20
1.09382e-20
1.06875e-20
1.04405e-20
1.01971e-20
9.95738e-21
9.72132e-21
9.48893e-21
9.26022e-21
9.03518e-21
8.81381e-21
8.59611e-21
8.38207e-21
8.1717e-21
7.96496e-21
7.76187e-21
7.5624e-21
7.36654e-21
7.17427e-21
6.98557e-21
6.80043e-21
6.61882e-21
6.44073e-21
6.26613e-21
6.09499e-21
5.92729e-21
5.763e-21
5.6021e-21
5.44456e-21
5.29034e-21
5.13942e-21
4.99176e-21
4.84732e-21
4.70609e-21
4.56801e-21
4.43307e-21
4.30122e-21
4.17242e-21
4.04664e-21
3.92384e-21
3.80397e-21
3.68701e-21
3.57291e-21
3.46162e-21
3.35311e-21
3.24733e-21
3.14424e-21
3.0438e-21
2.94596e-21
2.85069e-21
2.75793e-21
2.66764e-21
2.57978e-21
2.49431e-21
2.41117e-21
2.33034e-21
2.25175e-21
2.17537e-21
2.10116e-21
2.02907e-21
1.95905e-21
1.89107e-21
1.82508e-21
1.76103e-21
1.69889e-21
1.63861e-21
1.58016e-21
1.52348e-21
1.46854e-21
1.4153e-21
1.36372e-21
1.31375e-21
1.26536e-21
1.21851e-21
1.17316e-21
1.12928e-21
1.08682e-21
1.04575e-21
1.00603e-21
9.67632e-22
9.30513e-22
8.94642e-22
8.59985e-22
8.26507e-22
7.94177e-22
7.62961e-22
7.32829e-22
7.0375e-22
6.75692e-22
6.48626e-22
6.22523e-22
5.97355e-22
5.73092e-22
5.49708e-22
5.27177e-22
5.05471e-22
4.84565e-22
4.64434e-22
4.45053e-22
4.264e-22
4.08449e-22
3.91179e-22
3.74567e-22
3.58592e-22
3.43233e-22
3.28469e-22
3.1428e-22
3.00646e-22
2.87549e-22
2.7497e-22
2.62892e-22
2.51296e-22
2.40166e-22
2.29486e-22
2.19239e-22
2.0941e-22
1.99983e-22
1.90945e-22
1.82281e-22
1.73978e-22
1.66021e-22
1.58398e-22
1.51097e-22
1.44105e-22
1.37411e-22
1.31003e-22
1.24871e-22
1.19003e-22
1.1339e-22
1.08021e-22
1.02887e-22
9.79789e-23
9.32872e-23
8.88036e-23
8.45196e-23
8.04272e-23
7.65187e-23
7.27864e-23
6.92232e-23
6.58221e-23
6.25764e-23
5.94797e-23
5.65255e-23
5.37081e-23
5.10215e-23
4.84602e-23
4.60189e-23
4.36924e-23
4.14757e-23
3.93642e-23
3.73531e-23
3.54381e-23
3.3615e-23
3.18798e-23
3.02284e-23
2.86572e-23
2.71626e-23
2.57411e-23
2.43894e-23
2.31043e-23
2.18829e-23
2.07221e-23
1.96193e-23
1.85716e-23
1.75766e-23
1.66317e-23
1.57347e-23
1.48833e-23
1.40753e-23
1.33087e-23
1.25814e-23
1.18917e-23
1.12376e-23
1.06176e-23
1.00298e-23
9.47283e-24
8.94508e-24
8.44514e-24
7.97164e-24
7.52326e-24
7.09877e-24
6.69697e-24
6.31671e-24
5.95692e-24
5.61657e-24
5.29466e-24
4.99025e-24
4.70246e-24
4.43043e-24
4.17334e-24
3.93043e-24
3.70096e-24
3.48423e-24
3.27956e-24
3.08634e-24
2.90395e-24
2.73182e-24
2.5694e-24
2.41618e-24
2.27167e-24
2.1354e-24
2.00692e-24
1.88581e-24
1.77167e-24
1.66413e-24
1.56282e-24
1.46739e-24
1.37753e-24
1.29293e-24
1.21329e-24
1.13834e-24
1.06782e-24
1.00147e-24
9.39073e-25
8.80392e-25
8.2522e-25
7.73358e-25
7.24617e-25
6.78819e-25
6.35793e-25
5.95381e-25
5.57431e-25
5.218e-25
4.88352e-25
4.56962e-25
4.27507e-25
3.99874e-25
3.73955e-25
3.4965e-25
3.26861e-25
3.05499e-25
2.85478e-25
2.66717e-25
2.49142e-25
2.3268e-25
2.17264e-25
2.0283e-25
1.89318e-25
1.76673e-25
1.6484e-25
1.53771e-25
1.43417e-25
1.33734e-25
1.24681e-25
1.16219e-25
1.0831e-25
1.00921e-25
9.40173e-26
8.75699e-26
8.15494e-26
7.59289e-26
7.0683e-26
6.57879e-26
6.12212e-26
5.69621e-26
5.29908e-26
4.9289e-26
4.58394e-26
4.26259e-26
3.96334e-26
3.68477e-26
3.42559e-26
3.18458e-26
2.96059e-26
2.75256e-26
2.55949e-26
2.38045e-26
2.2146e-26
2.06113e-26
1.91929e-26
1.78841e-26
1.66785e-26
1.55704e-26
1.45545e-26
1.36262e-26
1.2781e-26
1.20154e-26
1.13257e-26
1.07092e-26
1.01633e-26
9.68581e-27
9.27513e-27
8.9299e-27
8.64921e-27
8.43253e-27
8.27973e-27
