13262.1
7.51985e-20
7.51925e-20
7.51618e-20
7.51168e-20
7.50574e-20
7.49836e-20
7.48954e-20
7.47928e-20
7.4676e-20
7.4545e-20
7.43998e-20
7.42406e-20
7.40674e-20
7.38804e-20
7.36796e-20
7.34652e-20
7.32372e-20
7.29959e-20
7.27413e-20
7.24736e-20
7.21929e-20
7.18994e-20
7.15933e-20
7.12747e-20
7.09438e-20
7.06008e-20
7.02459e-20
6.98793e-20
6.95011e-20
6.91116e-20
6.87111e-20
6.82997e-20
6.78776e-20
6.7445e-20
6.70023e-20
6.65497e-20
6.60873e-20
6.56154e-20
6.51343e-20
6.46443e-20
6.41455e-20
6.36383e-20
6.31229e-20
6.25995e-20
6.20685e-20
6.15301e-20
6.09846e-20
6.04323e-20
5.98733e-20
5.93081e-20
5.87368e-20
5.81598e-20
5.75773e-20
5.69897e-20
5.63971e-20
5.57999e-20
5.51983e-20
5.45927e-20
5.39833e-20
5.33703e-20
5.27541e-20
5.21349e-20
5.15131e-20
5.08888e-20
5.02623e-20
4.96339e-20
4.90039e-20
4.83726e-20
4.77401e-20
4.71068e-20
4.64729e-20
4.58386e-20
4.52042e-20
4.457e-20
4.39362e-20
4.3303e-20
4.26706e-20
4.20393e-20
4.14094e-20
4.07809e-20
4.01543e-20
3.95295e-20
3.8907e-20
3.82868e-20
3.76692e-20
3.70544e-20
3.64425e-20
3.58338e-20
3.52284e-20
3.46265e-20
3.40283e-20
3.34339e-20
3.28435e-20
3.22572e-20
3.16752e-20
3.10977e-20
3.05248e-20
2.99566e-20
2.93932e-20
2.88348e-20
2.82815e-20
2.77334e-20
2.71906e-20
2.66532e-20
2.61213e-20
2.55951e-20
2.50745e-20
2.45597e-20
2.40507e-20
2.35477e-20
2.30507e-20
2.25597e-20
2.20748e-20
2.15961e-20
2.11236e-20
2.06574e-20
2.01975e-20
1.97439e-20
1.92967e-20
1.88559e-20
1.84215e-20
1.79935e-20
1.75719e-20
1.71569e-20
1.67483e-20
1.63461e-20
1.59504e-20
1.55612e-20
1.51784e-20
1.4802e-20
1.44321e-20
1.40686e-20
1.37114e-20
1.33606e-20
1.30161e-20
1.26779e-20
1.2346e-20
1.20203e-20
1.17007e-20
1.13874e-20
1.10801e-20
1.07788e-20
1.04836e-20
1.01943e-20
9.91089e-21
9.63334e-21
9.36157e-21
9.09553e-21
8.83516e-21
8.58039e-21
8.33117e-21
8.08742e-21
7.84909e-21
7.6161e-21
7.38839e-21
7.1659e-21
6.94855e-21
6.73629e-21
6.52903e-21
6.32671e-21
6.12926e-21
5.93661e-21
5.74868e-21
5.56541e-21
5.38671e-21
5.21252e-21
5.04276e-21
4.87737e-21
4.71627e-21
4.55938e-21
4.40665e-21
4.25799e-21
4.11334e-21
3.97264e-21
3.8358e-21
3.70275e-21
3.57344e-21
3.44777e-21
3.32569e-21
3.20712e-21
3.09199e-21
2.98025e-21
2.87182e-21
2.76664e-21
2.66464e-21
2.56576e-21
2.46993e-21
2.37709e-21
2.28716e-21
2.20008e-21
2.11579e-21
2.03422e-21
1.95531e-21
1.87899e-21
1.80519e-21
1.73387e-21
1.66494e-21
1.59836e-21
1.53406e-21
1.47198e-21
1.41206e-21
1.35424e-21
1.29846e-21
1.24468e-21
1.19282e-21
1.14284e-21
1.09469e-21
1.0483e-21
1.00363e-21
9.60623e-22
9.19232e-22
8.79407e-22
8.41099e-22
8.0426e-22
7.68845e-22
7.34807e-22
7.02103e-22
6.70689e-22
6.40522e-22
6.11561e-22
5.83765e-22
5.57096e-22
5.31514e-22
5.06982e-22
4.83464e-22
4.60924e-22
4.39326e-22
4.18638e-22
3.98827e-22
3.79861e-22
3.61708e-22
3.44338e-22
3.27723e-22
3.11834e-22
2.96643e-22
2.82124e-22
2.68251e-22
2.54998e-22
2.42341e-22
2.30257e-22
2.18723e-22
2.07717e-22
1.97218e-22
1.87204e-22
1.77657e-22
1.68556e-22
1.59884e-22
1.51622e-22
1.43753e-22
1.3626e-22
1.29127e-22
1.22339e-22
1.15881e-22
1.09738e-22
1.03896e-22
9.83429e-23
9.30649e-23
8.80498e-23
8.32859e-23
7.87617e-23
7.44662e-23
7.0389e-23
6.652e-23
6.28494e-23
5.9368e-23
5.60669e-23
5.29376e-23
4.99718e-23
4.71617e-23
4.44999e-23
4.1979e-23
3.95924e-23
3.73333e-23
3.51955e-23
3.3173e-23
3.126e-23
2.9451e-23
2.77409e-23
2.61245e-23
2.45972e-23
2.31544e-23
2.17916e-23
2.05049e-23
1.92902e-23
1.81438e-23
1.7062e-23
1.60415e-23
1.50791e-23
1.41716e-23
1.33161e-23
1.25098e-23
1.17501e-23
1.10344e-23
1.03603e-23
9.72553e-24
9.12797e-24
8.56554e-24
8.03628e-24
7.53836e-24
7.07002e-24
6.62959e-24
6.21551e-24
5.82627e-24
5.46046e-24
5.11676e-24
4.79388e-24
4.49062e-24
4.20587e-24
3.93853e-24
3.6876e-24
3.45211e-24
3.23116e-24
3.0239e-24
2.82951e-24
2.64723e-24
2.47633e-24
2.31615e-24
2.16603e-24
2.02537e-24
1.89359e-24
1.77017e-24
1.65459e-24
1.54637e-24
1.44507e-24
1.35026e-24
1.26153e-24
1.17852e-24
1.10087e-24
1.02824e-24
9.60333e-25
8.96841e-25
8.37492e-25
7.82025e-25
7.30196e-25
6.81775e-25
6.36547e-25
5.94309e-25
5.54871e-25
5.18054e-25
4.83692e-25
4.51627e-25
4.21712e-25
3.93809e-25
3.67789e-25
3.43531e-25
3.20921e-25
2.99852e-25
2.80226e-25
2.61948e-25
2.44933e-25
2.29098e-25
2.14367e-25
2.00669e-25
1.87937e-25
1.76109e-25
1.65128e-25
1.54938e-25
1.4549e-25
1.36736e-25
1.28632e-25
1.21136e-25
1.1421e-25
1.07819e-25
1.01937e-25
9.65333e-26
9.15832e-26
8.70598e-26
8.2942e-26
7.92065e-26
7.58306e-26
7.27941e-26
7.00867e-26
6.76909e-26
6.55902e-26
6.37696e-26
6.22152e-26
6.09144e-26
5.98557e-26
5.90287e-26
5.84241e-26
5.80334e-26
5.78492e-26
5.78648e-26
5.80745e-26
5.84733e-26
5.90569e-26
5.98217e-26
6.07649e-26
6.18843e-26
6.31784e-26
6.46462e-26
6.62872e-26
6.81018e-26
7.00907e-26
7.22553e-26
7.45973e-26
7.71192e-26
7.98238e-26
8.27146e-26
8.57956e-26
8.90711e-26
