13262.1
7.66548e-20
7.66509e-20
7.66254e-20
7.65852e-20
7.65301e-20
7.64599e-20
7.63746e-20
7.62743e-20
7.61589e-20
7.60287e-20
7.58836e-20
7.57237e-20
7.55492e-20
7.53601e-20
7.51565e-20
7.49386e-20
7.47065e-20
7.44603e-20
7.42002e-20
7.39263e-20
7.36387e-20
7.33378e-20
7.30235e-20
7.26961e-20
7.23558e-20
7.20028e-20
7.16373e-20
7.12595e-20
7.08696e-20
7.04678e-20
7.00544e-20
6.96295e-20
6.91935e-20
6.87466e-20
6.82889e-20
6.78209e-20
6.73426e-20
6.68545e-20
6.63567e-20
6.58495e-20
6.53332e-20
6.48081e-20
6.42744e-20
6.37324e-20
6.31825e-20
6.26249e-20
6.20598e-20
6.14876e-20
6.09086e-20
6.03231e-20
5.97313e-20
5.91335e-20
5.85302e-20
5.79214e-20
5.73076e-20
5.6689e-20
5.6066e-20
5.54388e-20
5.48077e-20
5.41731e-20
5.35351e-20
5.28941e-20
5.22505e-20
5.16044e-20
5.09561e-20
5.0306e-20
4.96544e-20
4.90014e-20
4.83474e-20
4.76927e-20
4.70374e-20
4.6382e-20
4.57266e-20
4.50715e-20
4.44169e-20
4.37632e-20
4.31105e-20
4.2459e-20
4.18092e-20
4.11611e-20
4.05149e-20
3.9871e-20
3.92295e-20
3.85907e-20
3.79547e-20
3.73218e-20
3.66922e-20
3.60659e-20
3.54434e-20
3.48246e-20
3.42099e-20
3.35993e-20
3.2993e-20
3.23912e-20
3.17941e-20
3.12018e-20
3.06144e-20
3.00321e-20
2.94551e-20
2.88833e-20
2.8317e-20
2.77563e-20
2.72013e-20
2.66521e-20
2.61087e-20
2.55714e-20
2.50401e-20
2.4515e-20
2.39961e-20
2.34835e-20
2.29773e-20
2.24775e-20
2.19842e-20
2.14974e-20
2.10172e-20
2.05437e-20
2.00768e-20
1.96166e-20
1.91631e-20
1.87164e-20
1.82764e-20
1.78432e-20
1.74168e-20
1.69972e-20
1.65844e-20
1.61784e-20
1.57792e-20
1.53867e-20
1.5001e-20
1.4622e-20
1.42498e-20
1.38842e-20
1.35253e-20
1.31731e-20
1.28274e-20
1.24883e-20
1.21557e-20
1.18296e-20
1.151e-20
1.11967e-20
1.08897e-20
1.05891e-20
1.02946e-20
1.00063e-20
9.72416e-21
9.44803e-21
9.17789e-21
8.91366e-21
8.65529e-21
8.4027e-21
8.15582e-21
7.91458e-21
7.67891e-21
7.44874e-21
7.22399e-21
7.00459e-21
6.79047e-21
6.58154e-21
6.37773e-21
6.17896e-21
5.98515e-21
5.79623e-21
5.61211e-21
5.43272e-21
5.25798e-21
5.0878e-21
4.9221e-21
4.76081e-21
4.60385e-21
4.45114e-21
4.30259e-21
4.15813e-21
4.01769e-21
3.88117e-21
3.74851e-21
3.61963e-21
3.49444e-21
3.37287e-21
3.25485e-21
3.1403e-21
3.02914e-21
2.9213e-21
2.8167e-21
2.71529e-21
2.61697e-21
2.52168e-21
2.42936e-21
2.33992e-21
2.2533e-21
2.16943e-21
2.08825e-21
2.00968e-21
1.93367e-21
1.86014e-21
1.78903e-21
1.72028e-21
1.65383e-21
1.58961e-21
1.52757e-21
1.46764e-21
1.40976e-21
1.35389e-21
1.29996e-21
1.24792e-21
1.19771e-21
1.14928e-21
1.10259e-21
1.05756e-21
1.01417e-21
9.72354e-22
9.32069e-22
8.93267e-22
8.55903e-22
8.19932e-22
7.8531e-22
7.51994e-22
7.19942e-22
6.89114e-22
6.5947e-22
6.30971e-22
6.03578e-22
5.77256e-22
5.51968e-22
5.27679e-22
5.04356e-22
4.81964e-22
4.60471e-22
4.39847e-22
4.20061e-22
4.01082e-22
3.82883e-22
3.65435e-22
3.48711e-22
3.32684e-22
3.17329e-22
3.02622e-22
2.88537e-22
2.75052e-22
2.62144e-22
2.49792e-22
2.37973e-22
2.26667e-22
2.15856e-22
2.05518e-22
1.95636e-22
1.86192e-22
1.77168e-22
1.68548e-22
1.60315e-22
1.52454e-22
1.44949e-22
1.37786e-22
1.30951e-22
1.24431e-22
1.18211e-22
1.1228e-22
1.06626e-22
1.01236e-22
9.61e-23
9.12063e-23
8.65448e-23
8.21053e-23
7.78783e-23
7.38544e-23
7.00246e-23
6.63804e-23
6.29136e-23
5.96162e-23
5.64806e-23
5.34995e-23
5.06658e-23
4.7973e-23
4.54144e-23
4.29839e-23
4.06757e-23
3.84839e-23
3.64032e-23
3.44283e-23
3.25543e-23
3.07764e-23
2.90899e-23
2.74906e-23
2.59742e-23
2.45367e-23
2.31744e-23
2.18835e-23
2.06605e-23
1.95021e-23
1.84052e-23
1.73667e-23
1.63836e-23
1.54532e-23
1.45728e-23
1.374e-23
1.29523e-23
1.22075e-23
1.15033e-23
1.08376e-23
1.02085e-23
9.61412e-24
9.05261e-24
8.52227e-24
8.02148e-24
7.54868e-24
7.10239e-24
6.68122e-24
6.28383e-24
5.90896e-24
5.55539e-24
5.22198e-24
4.90765e-24
4.61137e-24
4.33215e-24
4.06906e-24
3.82123e-24
3.58781e-24
3.368e-24
3.16106e-24
2.96628e-24
2.78296e-24
2.61048e-24
2.44823e-24
2.29562e-24
2.15211e-24
2.0172e-24
1.89038e-24
1.77119e-24
1.65921e-24
1.55401e-24
1.45521e-24
1.36242e-24
1.27531e-24
1.19355e-24
1.11681e-24
1.04481e-24
9.77262e-25
9.13911e-25
8.54504e-25
7.98808e-25
7.466e-25
6.97674e-25
6.5183e-25
6.08885e-25
5.68663e-25
5.30999e-25
4.95738e-25
4.62732e-25
4.31846e-25
4.02947e-25
3.75915e-25
3.50634e-25
3.26997e-25
3.049e-25
2.84249e-25
2.64953e-25
2.46928e-25
2.30095e-25
2.14378e-25
1.99708e-25
1.86018e-25
1.73247e-25
1.61337e-25
1.50234e-25
1.39887e-25
1.30249e-25
1.21275e-25
1.12923e-25
1.05155e-25
9.79338e-26
9.12254e-26
8.49978e-26
7.9222e-26
7.38703e-26
6.89167e-26
6.43373e-26
6.01097e-26
5.62134e-26
5.26292e-26
4.93395e-26
4.63282e-26
4.35805e-26
4.10826e-26
3.88223e-26
3.67884e-26
3.49708e-26
3.33603e-26
3.19491e-26
3.07301e-26
2.96972e-26
2.88453e-26
2.817e-26
2.76679e-26
2.73365e-26
2.7174e-26
2.71794e-26
2.73527e-26
2.76944e-26
2.82059e-26
2.88894e-26
2.97478e-26
3.07849e-26
