2.5
1e+17
5e+19
49.9997
2.49982
9377.69
2.08576e-19
2.08566e-19
2.08498e-19
2.08392e-19
2.08246e-19
2.08061e-19
2.07836e-19
2.07572e-19
2.07268e-19
2.06925e-19
2.06543e-19
2.06122e-19
2.05663e-19
2.05165e-19
2.0463e-19
2.04056e-19
2.03445e-19
2.02797e-19
2.02113e-19
2.01392e-19
2.00635e-19
1.99842e-19
1.99015e-19
1.98153e-19
1.97257e-19
1.96327e-19
1.95364e-19
1.94369e-19
1.93341e-19
1.92282e-19
1.91192e-19
1.90072e-19
1.88922e-19
1.87743e-19
1.86536e-19
1.853e-19
1.84038e-19
1.82749e-19
1.81434e-19
1.80094e-19
1.7873e-19
1.77342e-19
1.75931e-19
1.74498e-19
1.73043e-19
1.71567e-19
1.70071e-19
1.68556e-19
1.67022e-19
1.65471e-19
1.63902e-19
1.62317e-19
1.60716e-19
1.59101e-19
1.57472e-19
1.55829e-19
1.54174e-19
1.52507e-19
1.50829e-19
1.49141e-19
1.47443e-19
1.45737e-19
1.44023e-19
1.42301e-19
1.40573e-19
1.3884e-19
1.37101e-19
1.35358e-19
1.33612e-19
1.31862e-19
1.30111e-19
1.28358e-19
1.26604e-19
1.2485e-19
1.23097e-19
1.21345e-19
1.19595e-19
1.17848e-19
1.16104e-19
1.14363e-19
1.12627e-19
1.10896e-19
1.0917e-19
1.07451e-19
1.05738e-19
1.04033e-19
1.02335e-19
1.00646e-19
9.89652e-20
9.72939e-20
9.56324e-20
9.39811e-20
9.23405e-20
9.07111e-20
8.90932e-20
8.74872e-20
8.58936e-20
8.43128e-20
8.27451e-20
8.11908e-20
7.96503e-20
7.81239e-20
7.6612e-20
7.51148e-20
7.36327e-20
7.21658e-20
7.07144e-20
6.92788e-20
6.78592e-20
6.64558e-20
6.50689e-20
6.36985e-20
6.23449e-20
6.10082e-20
5.96886e-20
5.83862e-20
5.71011e-20
5.58334e-20
5.45833e-20
5.33508e-20
5.21359e-20
5.09388e-20
4.97595e-20
4.8598e-20
4.74544e-20
4.63286e-20
4.52207e-20
4.41307e-20
4.30585e-20
4.20042e-20
4.09676e-20
3.99488e-20
3.89476e-20
3.79641e-20
3.69982e-20
3.60497e-20
3.51186e-20
3.42048e-20
3.33082e-20
3.24287e-20
3.15662e-20
3.07205e-20
2.98915e-20
2.90792e-20
2.82832e-20
2.75036e-20
2.674e-20
2.59925e-20
2.52608e-20
2.45448e-20
2.38442e-20
2.3159e-20
2.24889e-20
2.18338e-20
2.11934e-20
2.05676e-20
1.99562e-20
1.9359e-20
1.87758e-20
1.82064e-20
1.76507e-20
1.71083e-20
1.65791e-20
1.60629e-20
1.55596e-20
1.50688e-20
1.45903e-20
1.41241e-20
1.36698e-20
1.32273e-20
1.27963e-20
1.23766e-20
1.19681e-20
1.15705e-20
1.11836e-20
1.08073e-20
1.04412e-20
1.00852e-20
9.73916e-21
9.40279e-21
9.07591e-21
8.75833e-21
8.44984e-21
8.15026e-21
7.85938e-21
7.57701e-21
7.30297e-21
7.03706e-21
6.7791e-21
6.5289e-21
6.28628e-21
6.05106e-21
5.82306e-21
5.60211e-21
5.38803e-21
5.18065e-21
4.97981e-21
4.78534e-21
4.59707e-21
4.41484e-21
4.2385e-21
4.06789e-21
3.90286e-21
3.74326e-21
3.58894e-21
3.43975e-21
3.29556e-21
3.15622e-21
3.0216e-21
2.89157e-21
2.76598e-21
2.64472e-21
2.52766e-21
2.41467e-21
2.30564e-21
2.20044e-21
2.09897e-21
2.00112e-21
1.9068e-21
1.81593e-21
1.72843e-21
1.6442e-21
1.56316e-21
1.48524e-21
1.41034e-21
1.33837e-21
1.26926e-21
1.20292e-21
1.13925e-21
1.07819e-21
1.01964e-21
9.63536e-22
9.09804e-22
8.58374e-22
8.09174e-22
7.62137e-22
7.17192e-22
6.74274e-22
6.3333e-22
5.94311e-22
5.57164e-22
5.21835e-22
4.88271e-22
4.56416e-22
4.26213e-22
3.97605e-22
3.70536e-22
3.44945e-22
3.20774e-22
2.97965e-22
2.76457e-22
2.56194e-22
2.3712e-22
2.19192e-22
2.02367e-22
1.86604e-22
1.71859e-22
1.58087e-22
1.45244e-22
1.33284e-22
1.22164e-22
1.11839e-22
1.02266e-22
9.3403e-23
8.5209e-23
7.76437e-23
7.06684e-23
6.42458e-23
5.834e-23
5.29166e-23
4.79428e-23
4.33872e-23
3.92201e-23
3.54133e-23
3.19399e-23
2.8775e-23
2.58946e-23
2.32765e-23
2.08997e-23
1.87448e-23
1.67933e-23
1.50284e-23
1.3434e-23
1.19955e-23
1.06991e-23
9.53237e-24
8.48348e-24
7.54168e-24
6.69706e-24
5.94049e-24
5.2636e-24
4.65871e-24
4.11882e-24
3.6375e-24
3.2089e-24
2.82771e-24
2.48907e-24
2.18858e-24
1.92227e-24
1.68652e-24
1.47806e-24
1.29395e-24
1.13154e-24
9.88434e-25
8.62484e-25
7.51761e-25
6.54538e-25
5.69267e-25
4.94565e-25
4.29198e-25
3.72064e-25
3.22184e-25
2.78688e-25
2.40801e-25
2.07838e-25
1.79192e-25
1.54327e-25
1.32767e-25
1.14095e-25
9.79423e-26
8.3985e-26
7.19385e-26
6.1553e-26
5.26096e-26
4.49168e-26
3.83073e-26
3.26349e-26
2.77723e-26
2.36087e-26
2.00475e-26
1.7005e-26
1.44087e-26
1.21956e-26
1.03112e-26
8.70857e-27
7.34709e-27
6.19176e-27
5.21248e-27
4.38335e-27
3.68213e-27
3.08975e-27
2.58989e-27
2.16856e-27
1.81382e-27
1.51548e-27
1.26485e-27
1.05454e-27
8.78255e-28
7.30656e-28
6.07212e-28
5.04084e-28
4.18024e-28
3.46287e-28
2.86555e-28
2.36873e-28
1.95597e-28
1.61342e-28
1.32944e-28
1.09429e-28
8.9977e-29
7.39047e-29
6.06392e-29
4.97022e-29
4.06949e-29
3.32848e-29
2.71953e-29
2.21966e-29
1.80976e-29
1.47401e-29
1.19929e-29
9.74754e-30
7.91428e-30
6.4191e-30
5.20097e-30
4.20962e-30
3.40369e-30
2.7492e-30
2.21826e-30
1.78801e-30
1.43972e-30
1.15808e-30
9.30576e-31
7.46997e-31
5.99019e-31
4.79863e-31
3.84017e-31
3.07001e-31
2.4518e-31
1.9561e-31
1.55903e-31
1.2413e-31
9.87322e-32
7.84518e-32
6.22743e-32
4.93831e-32
3.91211e-32
3.09605e-32
2.44777e-32
1.93331e-32
1.52545e-32
1.20244e-32
9.46884e-33
7.44905e-33
5.85433e-33
4.59647e-33
3.60534e-33
2.82515e-33
2.21162e-33
1.72965e-33
1.35139e-33
1.05483e-33
8.22552e-34
6.40801e-34
4.98729e-34
3.87782e-34
3.01227e-34
2.33767e-34
1.81241e-34
1.40384e-34
1.08633e-34
8.39843e-35
6.4867e-35
5.00542e-35
3.85877e-35
2.97202e-35
2.28691e-35
1.75809e-35
1.3503e-35
1.03614e-35
7.94351e-36
6.08428e-36
4.65601e-36
3.55983e-36
2.7193e-36
2.07541e-36
1.5826e-36
1.20577e-36
9.17877e-37
6.98131e-37
5.30549e-37
4.02862e-37
3.05661e-37
2.31738e-37
1.75563e-37
1.32907e-37
1.00541e-37
7.60108e-38
5.74359e-38
4.33781e-38
3.27412e-38
2.46892e-38
1.85861e-38
1.39747e-38
1.04991e-38
7.88185e-39
5.91267e-39
4.4323e-39
3.32035e-39
2.48586e-39
1.86016e-39
1.39146e-39
1.04076e-39
7.7867e-40
5.83111e-40
4.37496e-40
3.29383e-40
2.49452e-40
1.90747e-40
1.48084e-40
1.17621e-40
9.65343e-41
8.27718e-41
7.4873e-41
7.18374e-41
7.30282e-41
7.81053e-41
8.69808e-41
9.97922e-41
1.16892e-40
1.38849e-40
1.66467e-40
2.00808e-40
2.43237e-40
2.9548e-40
3.59695e-40
4.38568e-40
5.35437e-40
6.54436e-40
8.00694e-40
9.80564e-40
1.20192e-39
1.47454e-39
1.81054e-39
2.22499e-39
2.73659e-39
3.36864e-39
4.1501e-39
5.11705e-39
6.31448e-39
7.79858e-39
9.64035e-39
