12.5
1e+16
1e+19
49.9073
12.4998
20969.1
2.87401e-20
2.86496e-20
2.83883e-20
2.81148e-20
2.78379e-20
2.75604e-20
2.72831e-20
2.70066e-20
2.67316e-20
2.64582e-20
2.61868e-20
2.59173e-20
2.56496e-20
2.53833e-20
2.51186e-20
2.48552e-20
2.45933e-20
2.43326e-20
2.40732e-20
2.38151e-20
2.35583e-20
2.33027e-20
2.30483e-20
2.27952e-20
2.25433e-20
2.22926e-20
2.2043e-20
2.17947e-20
2.15476e-20
2.13016e-20
2.10568e-20
2.08133e-20
2.05709e-20
2.03296e-20
2.00896e-20
1.98508e-20
1.96131e-20
1.93767e-20
1.91414e-20
1.89073e-20
1.86745e-20
1.84428e-20
1.82124e-20
1.79832e-20
1.77552e-20
1.75284e-20
1.73029e-20
1.70786e-20
1.68556e-20
1.66339e-20
1.64134e-20
1.61942e-20
1.59762e-20
1.57596e-20
1.55442e-20
1.53302e-20
1.51175e-20
1.49061e-20
1.4696e-20
1.44873e-20
1.42799e-20
1.40738e-20
1.38691e-20
1.36658e-20
1.34639e-20
1.32633e-20
1.30641e-20
1.28663e-20
1.26699e-20
1.24749e-20
1.22813e-20
1.20891e-20
1.18983e-20
1.1709e-20
1.15211e-20
1.13346e-20
1.11495e-20
1.09659e-20
1.07837e-20
1.06029e-20
1.04236e-20
1.02458e-20
1.00693e-20
9.89436e-21
9.72084e-21
9.54876e-21
9.37813e-21
9.20895e-21
9.04121e-21
8.87492e-21
8.71007e-21
8.54667e-21
8.3847e-21
8.22416e-21
8.06506e-21
7.90739e-21
7.75115e-21
7.59632e-21
7.44293e-21
7.29098e-21
7.14049e-21
6.99146e-21
6.84391e-21
6.69784e-21
6.55326e-21
6.41019e-21
6.26864e-21
6.12863e-21
5.9902e-21
5.8534e-21
5.71825e-21
5.58478e-21
5.45301e-21
5.32296e-21
5.19468e-21
5.06822e-21
4.94364e-21
4.82096e-21
4.70023e-21
4.58149e-21
4.46474e-21
4.35001e-21
4.23732e-21
4.12668e-21
4.01809e-21
3.91156e-21
3.80709e-21
3.70468e-21
3.60432e-21
3.50601e-21
3.40973e-21
3.31549e-21
3.22325e-21
3.13301e-21
3.04476e-21
2.95847e-21
2.87413e-21
2.79171e-21
2.71119e-21
2.63256e-21
2.55579e-21
2.48085e-21
2.40772e-21
2.33637e-21
2.26678e-21
2.19893e-21
2.13278e-21
2.0683e-21
2.00548e-21
1.94427e-21
1.88466e-21
1.82661e-21
1.7701e-21
1.7151e-21
1.66157e-21
1.6095e-21
1.55884e-21
1.50958e-21
1.46168e-21
1.41512e-21
1.36986e-21
1.32589e-21
1.28316e-21
1.24166e-21
1.20135e-21
1.1622e-21
1.1242e-21
1.08732e-21
1.05152e-21
1.01678e-21
9.83082e-22
9.50391e-22
9.18686e-22
8.87941e-22
8.58132e-22
8.29236e-22
8.01229e-22
7.74087e-22
7.47788e-22
7.22309e-22
6.97629e-22
6.73726e-22
6.50578e-22
6.28166e-22
6.06468e-22
5.85465e-22
5.65137e-22
5.45465e-22
5.2643e-22
5.08015e-22
4.90201e-22
4.72971e-22
4.56308e-22
4.40194e-22
4.24615e-22
4.09553e-22
3.94994e-22
3.80922e-22
3.67322e-22
3.54181e-22
3.41483e-22
3.29216e-22
3.17366e-22
3.0592e-22
2.94866e-22
2.84191e-22
2.73883e-22
2.6393e-22
2.54322e-22
2.45047e-22
2.36095e-22
2.27454e-22
2.19116e-22
2.1107e-22
2.03307e-22
1.95817e-22
1.88591e-22
1.81621e-22
1.74898e-22
1.68415e-22
1.62162e-22
1.56133e-22
1.50319e-22
1.44714e-22
1.3931e-22
1.341e-22
1.29079e-22
1.24239e-22
1.19575e-22
1.1508e-22
1.10748e-22
1.06574e-22
1.02553e-22
9.86783e-23
9.49457e-23
9.13501e-23
8.78866e-23
8.45507e-23
8.13378e-23
7.82435e-23
7.52637e-23
7.23944e-23
6.96315e-23
6.69714e-23
6.44102e-23
6.19446e-23
5.9571e-23
5.72861e-23
5.50868e-23
5.297e-23
5.09326e-23
4.89718e-23
4.70849e-23
4.5269e-23
4.35217e-23
4.18404e-23
4.02228e-23
3.86663e-23
3.7169e-23
3.57284e-23
3.43427e-23
3.30097e-23
3.17274e-23
3.04941e-23
2.93078e-23
2.81669e-23
2.70696e-23
2.60144e-23
2.49996e-23
2.40238e-23
2.30854e-23
2.21832e-23
2.13156e-23
2.04815e-23
1.96795e-23
1.89085e-23
1.81672e-23
1.74547e-23
1.67696e-23
1.61112e-23
1.54782e-23
1.48698e-23
1.4285e-23
1.37229e-23
1.31826e-23
1.26634e-23
1.21644e-23
1.16848e-23
1.1224e-23
1.07811e-23
1.03555e-23
9.94652e-24
9.55354e-24
9.17594e-24
8.81311e-24
8.4645e-24
8.12955e-24
7.80773e-24
7.49855e-24
7.2015e-24
6.91612e-24
6.64196e-24
6.37858e-24
6.12556e-24
5.8825e-24
5.64902e-24
5.42474e-24
5.2093e-24
5.00237e-24
4.80359e-24
4.61267e-24
4.42929e-24
4.25316e-24
4.08399e-24
3.92151e-24
3.76546e-24
3.61559e-24
3.47165e-24
3.33342e-24
3.20066e-24
3.07317e-24
2.95074e-24
2.83316e-24
2.72025e-24
2.61182e-24
2.5077e-24
2.40772e-24
2.31171e-24
2.21952e-24
2.13099e-24
2.04599e-24
1.96437e-24
1.88599e-24
1.81074e-24
1.73848e-24
1.66911e-24
1.60249e-24
1.53854e-24
1.47713e-24
1.41817e-24
1.36156e-24
1.30721e-24
1.25503e-24
1.20493e-24
1.15683e-24
1.11065e-24
1.06631e-24
1.02375e-24
9.82887e-25
9.43655e-25
9.05991e-25
8.69833e-25
8.3512e-25
8.01794e-25
7.69801e-25
7.39088e-25
7.09602e-25
6.81296e-25
6.54123e-25
6.28036e-25
6.02993e-25
5.78952e-25
5.55874e-25
5.33719e-25
5.12451e-25
4.92034e-25
4.72434e-25
4.53619e-25
4.35558e-25
4.1822e-25
4.01575e-25
3.85598e-25
3.7026e-25
3.55537e-25
3.41403e-25
3.27835e-25
3.14811e-25
3.02308e-25
2.90306e-25
2.78785e-25
2.67725e-25
2.57109e-25
2.46917e-25
2.37134e-25
2.27743e-25
2.18728e-25
2.10074e-25
2.01767e-25
1.93792e-25
1.86137e-25
1.78789e-25
1.71735e-25
1.64964e-25
1.58464e-25
1.52224e-25
1.46234e-25
1.40485e-25
1.34965e-25
1.29667e-25
1.24581e-25
1.19699e-25
1.15013e-25
1.10514e-25
1.06196e-25
1.0205e-25
9.80715e-26
9.4252e-26
9.05857e-26
8.70665e-26
8.36885e-26
8.04461e-26
7.73338e-26
7.43465e-26
7.14792e-26
6.87271e-26
6.60857e-26
6.35506e-26
6.11174e-26
5.87823e-26
5.65413e-26
5.43907e-26
5.23269e-26
5.03466e-26
4.84463e-26
4.6623e-26
4.48737e-26
4.31954e-26
4.15853e-26
4.00409e-26
3.85596e-26
3.71388e-26
3.57764e-26
3.44699e-26
3.32174e-26
3.20166e-26
3.08657e-26
2.97627e-26
2.87059e-26
2.76934e-26
2.67237e-26
2.57952e-26
2.49063e-26
2.40556e-26
2.32417e-26
2.24633e-26
2.17192e-26
2.1008e-26
2.03287e-26
1.96801e-26
1.90613e-26
1.84712e-26
1.79089e-26
1.73734e-26
1.6864e-26
1.63798e-26
1.592e-26
1.54839e-26
1.50709e-26
1.46803e-26
1.43114e-26
1.39637e-26
1.36367e-26
1.33298e-26
1.30426e-26
1.27747e-26
1.25256e-26
1.22951e-26
1.20826e-26
1.1888e-26
1.1711e-26
1.15513e-26
1.14087e-26
1.1283e-26
1.1174e-26
1.10817e-26
1.10059e-26
1.09466e-26
1.09036e-26
1.08771e-26
1.0867e-26
1.08733e-26
1.08961e-26
1.09356e-26
1.09918e-26
1.10649e-26
1.1155e-26
1.12625e-26
1.13876e-26
1.15305e-26
1.16919e-26
1.1873e-26
1.20745e-26
1.22973e-26
1.25419e-26
1.28085e-26
1.30975e-26
1.34095e-26
1.37448e-26
1.41041e-26
1.44878e-26
1.48967e-26
