7.5
5e+16
1e+17
50
7.49999
16242.6
4.18978e-20
4.18941e-20
4.18758e-20
4.18494e-20
4.18147e-20
4.17719e-20
4.17209e-20
4.16617e-20
4.15944e-20
4.15191e-20
4.14357e-20
4.13443e-20
4.12451e-20
4.1138e-20
4.1023e-20
4.09004e-20
4.07701e-20
4.06322e-20
4.04867e-20
4.03339e-20
4.01737e-20
4.00063e-20
3.98317e-20
3.96501e-20
3.94615e-20
3.92661e-20
3.90639e-20
3.88552e-20
3.86399e-20
3.84182e-20
3.81903e-20
3.79563e-20
3.77163e-20
3.74704e-20
3.72188e-20
3.69615e-20
3.66989e-20
3.64309e-20
3.61577e-20
3.58795e-20
3.55965e-20
3.53087e-20
3.50163e-20
3.47195e-20
3.44185e-20
3.41133e-20
3.38042e-20
3.34913e-20
3.31747e-20
3.28546e-20
3.25313e-20
3.22047e-20
3.18752e-20
3.15428e-20
3.12077e-20
3.08701e-20
3.05301e-20
3.01879e-20
2.98437e-20
2.94976e-20
2.91497e-20
2.88003e-20
2.84495e-20
2.80973e-20
2.77441e-20
2.73899e-20
2.70349e-20
2.66792e-20
2.6323e-20
2.59665e-20
2.56097e-20
2.52529e-20
2.48961e-20
2.45395e-20
2.41832e-20
2.38274e-20
2.34722e-20
2.31178e-20
2.27642e-20
2.24115e-20
2.206e-20
2.17097e-20
2.13607e-20
2.10132e-20
2.06673e-20
2.03231e-20
1.99806e-20
1.964e-20
1.93014e-20
1.89649e-20
1.86305e-20
1.82984e-20
1.79687e-20
1.76414e-20
1.73167e-20
1.69946e-20
1.66751e-20
1.63584e-20
1.60445e-20
1.57336e-20
1.54256e-20
1.51206e-20
1.48187e-20
1.45199e-20
1.42243e-20
1.3932e-20
1.36429e-20
1.33572e-20
1.30748e-20
1.27959e-20
1.25204e-20
1.22483e-20
1.19798e-20
1.17148e-20
1.14534e-20
1.11956e-20
1.09413e-20
1.06907e-20
1.04437e-20
1.02004e-20
9.96068e-21
9.72465e-21
9.49228e-21
9.26359e-21
9.03856e-21
8.8172e-21
8.5995e-21
8.38546e-21
8.17508e-21
7.96833e-21
7.76522e-21
7.56573e-21
7.36984e-21
7.17754e-21
6.98881e-21
6.80364e-21
6.62199e-21
6.44386e-21
6.2692e-21
6.09802e-21
5.93026e-21
5.76592e-21
5.60497e-21
5.44737e-21
5.29309e-21
5.1421e-21
4.99437e-21
4.84987e-21
4.70857e-21
4.57043e-21
4.43541e-21
4.30348e-21
4.17461e-21
4.04876e-21
3.92588e-21
3.80594e-21
3.6889e-21
3.57472e-21
3.46336e-21
3.35477e-21
3.24892e-21
3.14575e-21
3.04524e-21
2.94732e-21
2.85197e-21
2.75914e-21
2.66878e-21
2.58084e-21
2.4953e-21
2.41209e-21
2.33119e-21
2.25253e-21
2.17609e-21
2.10181e-21
2.02965e-21
1.95957e-21
1.89152e-21
1.82547e-21
1.76137e-21
1.69917e-21
1.63884e-21
1.58032e-21
1.52359e-21
1.46861e-21
1.41532e-21
1.36368e-21
1.31367e-21
1.26524e-21
1.21835e-21
1.17296e-21
1.12904e-21
1.08654e-21
1.04544e-21
1.00569e-21
9.67259e-22
9.30113e-22
8.94215e-22
8.59532e-22
8.26032e-22
7.9368e-22
7.62445e-22
7.32295e-22
7.032e-22
6.75127e-22
6.48049e-22
6.21935e-22
5.96756e-22
5.72486e-22
5.49095e-22
5.26558e-22
5.04848e-22
4.8394e-22
4.63807e-22
4.44427e-22
4.25774e-22
4.07826e-22
3.90559e-22
3.73952e-22
3.57982e-22
3.42629e-22
3.27872e-22
3.13691e-22
3.00066e-22
2.86978e-22
2.74409e-22
2.62342e-22
2.50757e-22
2.39639e-22
2.28971e-22
2.18737e-22
2.08921e-22
1.99508e-22
1.90483e-22
1.81833e-22
1.73543e-22
1.65601e-22
1.57993e-22
1.50706e-22
1.43728e-22
1.37049e-22
1.30655e-22
1.24537e-22
1.18684e-22
1.13085e-22
1.0773e-22
1.0261e-22
9.77152e-23
9.3037e-23
8.85666e-23
8.42955e-23
8.02158e-23
7.63196e-23
7.25995e-23
6.90481e-23
6.56584e-23
6.24239e-23
5.93379e-23
5.63942e-23
5.35868e-23
5.091e-23
4.83581e-23
4.59258e-23
4.3608e-23
4.13996e-23
3.9296e-23
3.72925e-23
3.53848e-23
3.35686e-23
3.18399e-23
3.01947e-23
2.86294e-23
2.71403e-23
2.5724e-23
2.43773e-23
2.30969e-23
2.18797e-23
2.0723e-23
1.96239e-23
1.85798e-23
1.7588e-23
1.66461e-23
1.57519e-23
1.4903e-23
1.40972e-23
1.33327e-23
1.26073e-23
1.19193e-23
1.12667e-23
1.0648e-23
1.00614e-23
9.50538e-24
8.97848e-24
8.47926e-24
8.00634e-24
7.55842e-24
7.13427e-24
6.7327e-24
6.35258e-24
5.99283e-24
5.65243e-24
5.33039e-24
5.02579e-24
4.73773e-24
4.46537e-24
4.2079e-24
3.96455e-24
3.7346e-24
3.51734e-24
3.31211e-24
3.11829e-24
2.93528e-24
2.7625e-24
2.59942e-24
2.44552e-24
2.3003e-24
2.16332e-24
2.03412e-24
1.91228e-24
1.79742e-24
1.68914e-24
1.58709e-24
1.49094e-24
1.40035e-24
1.31503e-24
1.23468e-24
1.15902e-24
1.0878e-24
1.02077e-24
9.57691e-25
8.98346e-25
8.42523e-25
7.90023e-25
7.40658e-25
6.94249e-25
6.50628e-25
6.09635e-25
5.71119e-25
5.34938e-25
5.00957e-25
4.69047e-25
4.39088e-25
4.10967e-25
3.84576e-25
3.59813e-25
3.36582e-25
3.14792e-25
2.94358e-25
2.752e-25
2.57241e-25
2.40409e-25
2.24637e-25
2.09861e-25
1.9602e-25
1.83058e-25
1.70921e-25
1.59559e-25
1.48925e-25
1.38974e-25
1.29663e-25
1.20954e-25
1.12808e-25
1.05192e-25
9.80716e-26
9.1416e-26
8.51962e-26
7.93848e-26
7.3956e-26
6.88856e-26
6.41509e-26
5.97304e-26
5.56041e-26
5.17532e-26
4.816e-26
4.48079e-26
4.16813e-26
3.87656e-26
3.60471e-26
3.3513e-26
3.11512e-26
2.89504e-26
2.69001e-26
2.49903e-26
2.32117e-26
2.15557e-26
2.0014e-26
1.85792e-26
1.72439e-26
1.60016e-26
1.48461e-26
1.37714e-26
1.27721e-26
1.1843e-26
1.09795e-26
1.01771e-26
9.4315e-27
8.7389e-27
8.09563e-27
7.49831e-27
6.94375e-27
6.42899e-27
5.95128e-27
5.50802e-27
5.09682e-27
4.71543e-27
4.36176e-27
4.03385e-27
3.72989e-27
3.44819e-27
3.18716e-27
2.94534e-27
2.72135e-27
2.51392e-27
2.32186e-27
2.14407e-27
1.97952e-27
1.82726e-27
1.68638e-27
1.55608e-27
1.43557e-27
1.32415e-27
1.22114e-27
1.12593e-27
1.03795e-27
9.56665e-28
8.81577e-28
8.1223e-28
7.48196e-28
6.8908e-28
6.34514e-28
5.84159e-28
5.37699e-28
4.94839e-28
4.5531e-28
4.18859e-28
3.85254e-28
3.54277e-28
3.25729e-28
2.99425e-28
2.75193e-28
2.52874e-28
2.32321e-28
2.13398e-28
1.9598e-28
1.79948e-28
1.65197e-28
1.51626e-28
1.39144e-28
1.27665e-28
1.17111e-28
1.07409e-28
9.84919e-29
9.02981e-29
8.27702e-29
7.58556e-29
6.95055e-29
6.3675e-29
5.83227e-29
5.34102e-29
4.89025e-29
4.47669e-29
4.09736e-29
3.74949e-29
3.43054e-29
3.13818e-29
2.87024e-29
2.62475e-29
2.39988e-29
2.19395e-29
2.00541e-29
1.83285e-29
1.67496e-29
1.53054e-29
1.3985e-29
1.27783e-29
1.16759e-29
1.06694e-29
9.75106e-30
8.91376e-30
8.15099e-30
7.45685e-30
6.8259e-30
6.25337e-30
5.73491e-30
5.26649e-30
4.84451e-30
4.4657e-30
4.12723e-30
3.82648e-30
3.56114e-30
3.32921e-30
3.12894e-30
2.95886e-30
2.81776e-30
2.70467e-30
2.61886e-30
2.55982e-30
2.52729e-30
2.5212e-30
2.54172e-30
2.58925e-30
2.66438e-30
