2.5
5e+17
1e+18
49.9978
2.49998
9377.69
2.17604e-19
2.17594e-19
2.17526e-19
2.17416e-19
2.17263e-19
2.17068e-19
2.16829e-19
2.16547e-19
2.16223e-19
2.15855e-19
2.15446e-19
2.14994e-19
2.145e-19
2.13965e-19
2.13388e-19
2.12771e-19
2.12112e-19
2.11414e-19
2.10676e-19
2.09898e-19
2.09081e-19
2.08226e-19
2.07333e-19
2.06403e-19
2.05436e-19
2.04432e-19
2.03393e-19
2.02318e-19
2.01209e-19
2.00066e-19
1.9889e-19
1.97681e-19
1.9644e-19
1.95168e-19
1.93866e-19
1.92534e-19
1.91172e-19
1.89783e-19
1.88365e-19
1.86921e-19
1.85451e-19
1.83956e-19
1.82437e-19
1.80893e-19
1.79327e-19
1.77739e-19
1.7613e-19
1.74501e-19
1.72852e-19
1.71184e-19
1.69499e-19
1.67797e-19
1.66078e-19
1.64345e-19
1.62596e-19
1.60835e-19
1.5906e-19
1.57274e-19
1.55477e-19
1.5367e-19
1.51853e-19
1.50028e-19
1.48195e-19
1.46355e-19
1.44509e-19
1.42658e-19
1.40803e-19
1.38943e-19
1.37081e-19
1.35217e-19
1.33352e-19
1.31486e-19
1.2962e-19
1.27755e-19
1.25892e-19
1.24031e-19
1.22174e-19
1.2032e-19
1.1847e-19
1.16626e-19
1.14787e-19
1.12955e-19
1.1113e-19
1.09313e-19
1.07503e-19
1.05703e-19
1.03912e-19
1.02131e-19
1.0036e-19
9.86003e-20
9.68522e-20
9.51159e-20
9.33922e-20
9.16813e-20
8.99839e-20
8.83001e-20
8.66306e-20
8.49757e-20
8.33357e-20
8.1711e-20
8.0102e-20
7.8509e-20
7.69323e-20
7.53721e-20
7.38289e-20
7.23028e-20
7.07941e-20
6.9303e-20
6.78298e-20
6.63746e-20
6.49376e-20
6.35191e-20
6.21191e-20
6.07379e-20
5.93755e-20
5.8032e-20
5.67076e-20
5.54024e-20
5.41164e-20
5.28496e-20
5.16022e-20
5.03742e-20
4.91656e-20
4.79763e-20
4.68065e-20
4.56561e-20
4.45251e-20
4.34133e-20
4.23209e-20
4.12478e-20
4.01938e-20
3.91589e-20
3.8143e-20
3.71461e-20
3.6168e-20
3.52085e-20
3.42677e-20
3.33454e-20
3.24414e-20
3.15556e-20
3.06879e-20
2.9838e-20
2.90059e-20
2.81914e-20
2.73942e-20
2.66143e-20
2.58514e-20
2.51053e-20
2.43759e-20
2.3663e-20
2.29663e-20
2.22857e-20
2.16209e-20
2.09718e-20
2.0338e-20
1.97195e-20
1.9116e-20
1.85272e-20
1.7953e-20
1.73931e-20
1.68473e-20
1.63153e-20
1.5797e-20
1.52921e-20
1.48004e-20
1.43216e-20
1.38555e-20
1.3402e-20
1.29606e-20
1.25313e-20
1.21138e-20
1.17079e-20
1.13133e-20
1.09298e-20
1.05572e-20
1.01952e-20
9.8437e-21
9.50241e-21
9.17111e-21
8.84959e-21
8.53763e-21
8.23502e-21
7.94154e-21
7.65699e-21
7.38115e-21
7.11382e-21
6.8548e-21
6.60389e-21
6.36088e-21
6.12559e-21
5.89782e-21
5.67738e-21
5.46408e-21
5.25773e-21
5.05817e-21
4.8652e-21
4.67865e-21
4.49835e-21
4.32413e-21
4.15582e-21
3.99326e-21
3.83629e-21
3.68474e-21
3.53847e-21
3.39732e-21
3.26114e-21
3.12979e-21
3.00312e-21
2.881e-21
2.76328e-21
2.64984e-21
2.54055e-21
2.43526e-21
2.33387e-21
2.23625e-21
2.14227e-21
2.05183e-21
1.96481e-21
1.88109e-21
1.80058e-21
1.72316e-21
1.64873e-21
1.5772e-21
1.50846e-21
1.44242e-21
1.37899e-21
1.31808e-21
1.25961e-21
1.20348e-21
1.14962e-21
1.09794e-21
1.04837e-21
1.00083e-21
9.55245e-22
9.11552e-22
8.69678e-22
8.29555e-22
7.9112e-22
7.54309e-22
7.19061e-22
6.85318e-22
6.53022e-22
6.22119e-22
5.92555e-22
5.64278e-22
5.37238e-22
5.11388e-22
4.86679e-22
4.63067e-22
4.40508e-22
4.1896e-22
3.98382e-22
3.78735e-22
3.59981e-22
3.42084e-22
3.25008e-22
3.08719e-22
2.93185e-22
2.78373e-22
2.64254e-22
2.50799e-22
2.37978e-22
2.25765e-22
2.14133e-22
2.03058e-22
1.92515e-22
1.82481e-22
1.72933e-22
1.63851e-22
1.55212e-22
1.46998e-22
1.39189e-22
1.31767e-22
1.24715e-22
1.18015e-22
1.11651e-22
1.05608e-22
9.98709e-23
9.44256e-23
8.92583e-23
8.43559e-23
7.97059e-23
7.52963e-23
7.11155e-23
6.71527e-23
6.33973e-23
5.98392e-23
5.64688e-23
5.3277e-23
5.0255e-23
4.73943e-23
4.4687e-23
4.21254e-23
3.97022e-23
3.74105e-23
3.52437e-23
3.31952e-23
3.12593e-23
2.943e-23
2.77018e-23
2.60697e-23
2.45285e-23
2.30735e-23
2.17003e-23
2.04044e-23
1.91819e-23
1.80288e-23
1.69414e-23
1.59163e-23
1.495e-23
1.40394e-23
1.31815e-23
1.23734e-23
1.16124e-23
1.08959e-23
1.02214e-23
9.58672e-24
8.98951e-24
8.42772e-24
7.89938e-24
7.40261e-24
6.93561e-24
6.49671e-24
6.0843e-24
5.69687e-24
5.333e-24
4.99131e-24
4.67054e-24
4.36947e-24
4.08695e-24
3.82189e-24
3.57328e-24
3.34014e-24
3.12156e-24
2.91667e-24
2.72466e-24
2.54477e-24
2.37625e-24
2.21844e-24
2.07067e-24
1.93234e-24
1.80289e-24
1.68175e-24
1.56843e-24
1.46244e-24
1.36334e-24
1.27068e-24
1.18408e-24
1.10315e-24
1.02755e-24
9.56925e-25
8.90974e-25
8.29398e-25
7.71919e-25
7.18277e-25
6.68225e-25
6.21534e-25
5.77988e-25
5.37383e-25
4.99529e-25
4.64247e-25
4.3137e-25
4.00739e-25
3.72208e-25
3.45639e-25
3.20901e-25
2.97873e-25
2.76443e-25
2.56502e-25
2.37952e-25
2.20699e-25
2.04656e-25
1.89742e-25
1.75878e-25
1.62996e-25
1.51026e-25
1.39908e-25
1.29583e-25
1.19995e-25
1.11095e-25
1.02835e-25
9.51698e-26
8.80587e-26
8.14628e-26
7.53461e-26
6.96749e-26
6.44179e-26
5.95458e-26
5.50314e-26
5.08492e-26
4.69757e-26
4.33887e-26
4.00678e-26
3.69939e-26
3.41491e-26
3.15169e-26
2.90819e-26
2.68298e-26
2.47474e-26
2.28221e-26
2.10425e-26
1.9398e-26
1.78785e-26
1.64748e-26
1.51784e-26
1.39814e-26
1.28762e-26
1.18562e-26
1.09149e-26
1.00463e-26
9.24515e-27
8.50624e-27
7.8249e-27
7.19677e-27
6.61781e-27
6.08427e-27
5.59271e-27
5.13989e-27
4.72286e-27
4.33886e-27
3.98535e-27
3.65998e-27
3.36056e-27
3.08508e-27
2.83169e-27
2.59865e-27
2.38438e-27
2.18741e-27
2.00637e-27
1.84003e-27
1.68721e-27
1.54686e-27
1.41797e-27
1.29965e-27
1.19105e-27
1.0914e-27
9.99982e-28
9.16138e-28
8.39264e-28
7.68801e-28
7.04235e-28
6.45094e-28
5.90943e-28
5.41378e-28
4.96031e-28
4.54561e-28
4.16658e-28
3.82033e-28
3.50424e-28
3.21585e-28
2.95293e-28
2.71344e-28
2.49555e-28
2.29755e-28
2.11786e-28
1.95503e-28
1.80774e-28
1.67477e-28
1.55503e-28
1.4475e-28
1.35127e-28
1.2655e-28
1.18943e-28
1.12237e-28
1.0637e-28
1.01285e-28
9.69323e-29
9.32657e-29
9.02444e-29
8.78321e-29
8.59968e-29
8.47099e-29
8.39469e-29
8.36863e-29
8.391e-29
8.46026e-29
8.57518e-29
8.73475e-29
8.93824e-29
9.18515e-29
9.4752e-29
9.80832e-29
1.01846e-28
1.06045e-28
1.10684e-28
1.15771e-28
1.21315e-28
1.27326e-28
1.33818e-28
1.40803e-28
1.48298e-28
1.5632e-28
1.6489e-28
1.74027e-28
1.83755e-28
1.94098e-28
2.05083e-28
2.16737e-28
2.2909e-28
2.42175e-28
2.56025e-28
