5
5e+17
5e+17
49.9999
4.99994
13262.1
7.67359e-20
7.67322e-20
7.67073e-20
7.66678e-20
7.66133e-20
7.65436e-20
7.64588e-20
7.63589e-20
7.6244e-20
7.61141e-20
7.59693e-20
7.58097e-20
7.56353e-20
7.54464e-20
7.52429e-20
7.5025e-20
7.47929e-20
7.45466e-20
7.42864e-20
7.40124e-20
7.37246e-20
7.34234e-20
7.31088e-20
7.27811e-20
7.24405e-20
7.20871e-20
7.17211e-20
7.13428e-20
7.09523e-20
7.05499e-20
7.01359e-20
6.97104e-20
6.92736e-20
6.88259e-20
6.83675e-20
6.78986e-20
6.74195e-20
6.69305e-20
6.64318e-20
6.59236e-20
6.54063e-20
6.48802e-20
6.43455e-20
6.38024e-20
6.32514e-20
6.26926e-20
6.21264e-20
6.15531e-20
6.09729e-20
6.03861e-20
5.97931e-20
5.91941e-20
5.85895e-20
5.79795e-20
5.73644e-20
5.67445e-20
5.61201e-20
5.54916e-20
5.48592e-20
5.42232e-20
5.35839e-20
5.29416e-20
5.22965e-20
5.16491e-20
5.09994e-20
5.0348e-20
4.96949e-20
4.90406e-20
4.83852e-20
4.77291e-20
4.70725e-20
4.64157e-20
4.5759e-20
4.51025e-20
4.44467e-20
4.37916e-20
4.31376e-20
4.24849e-20
4.18337e-20
4.11843e-20
4.0537e-20
3.98918e-20
3.92491e-20
3.86091e-20
3.79719e-20
3.73378e-20
3.6707e-20
3.60796e-20
3.54559e-20
3.48361e-20
3.42202e-20
3.36086e-20
3.30013e-20
3.23985e-20
3.18004e-20
3.12071e-20
3.06188e-20
3.00356e-20
2.94576e-20
2.8885e-20
2.83178e-20
2.77563e-20
2.72005e-20
2.66505e-20
2.61064e-20
2.55683e-20
2.50363e-20
2.45105e-20
2.3991e-20
2.34777e-20
2.29709e-20
2.24705e-20
2.19767e-20
2.14894e-20
2.10087e-20
2.05347e-20
2.00673e-20
1.96067e-20
1.91528e-20
1.87057e-20
1.82654e-20
1.78319e-20
1.74052e-20
1.69853e-20
1.65723e-20
1.6166e-20
1.57665e-20
1.53739e-20
1.4988e-20
1.46089e-20
1.42365e-20
1.38708e-20
1.35119e-20
1.31595e-20
1.28138e-20
1.24747e-20
1.21421e-20
1.1816e-20
1.14964e-20
1.11831e-20
1.08763e-20
1.05757e-20
1.02813e-20
9.99313e-21
9.71108e-21
9.43509e-21
9.1651e-21
8.90104e-21
8.64284e-21
8.39044e-21
8.14376e-21
7.90274e-21
7.6673e-21
7.43737e-21
7.21287e-21
6.99373e-21
6.77987e-21
6.57122e-21
6.36769e-21
6.16922e-21
5.97571e-21
5.78709e-21
5.60329e-21
5.42421e-21
5.24979e-21
5.07993e-21
4.91457e-21
4.75361e-21
4.59699e-21
4.44461e-21
4.2964e-21
4.15228e-21
4.01216e-21
3.87598e-21
3.74365e-21
3.6151e-21
3.49023e-21
3.36899e-21
3.25128e-21
3.13704e-21
3.02619e-21
2.91865e-21
2.81435e-21
2.71322e-21
2.61518e-21
2.52017e-21
2.4281e-21
2.33891e-21
2.25254e-21
2.1689e-21
2.08794e-21
2.00959e-21
1.93378e-21
1.86044e-21
1.78951e-21
1.72094e-21
1.65465e-21
1.59058e-21
1.52868e-21
1.46888e-21
1.41113e-21
1.35537e-21
1.30155e-21
1.2496e-21
1.19948e-21
1.15113e-21
1.1045e-21
1.05954e-21
1.0162e-21
9.74436e-22
9.34192e-22
8.95424e-22
8.58088e-22
8.22139e-22
7.87533e-22
7.54227e-22
7.2218e-22
6.91352e-22
6.61703e-22
6.33195e-22
6.05789e-22
5.7945e-22
5.54141e-22
5.29828e-22
5.06477e-22
4.84055e-22
4.6253e-22
4.41871e-22
4.22047e-22
4.03029e-22
3.84788e-22
3.67298e-22
3.50529e-22
3.34457e-22
3.19056e-22
3.04301e-22
2.90169e-22
2.76636e-22
2.63679e-22
2.51278e-22
2.3941e-22
2.28055e-22
2.17195e-22
2.06809e-22
1.96878e-22
1.87386e-22
1.78315e-22
1.69648e-22
1.61369e-22
1.53463e-22
1.45913e-22
1.38707e-22
1.31829e-22
1.25267e-22
1.19007e-22
1.13036e-22
1.07343e-22
1.01916e-22
9.67428e-23
9.18137e-23
8.71179e-23
8.26453e-23
7.83863e-23
7.43315e-23
7.0472e-23
6.67993e-23
6.3305e-23
5.99813e-23
5.68205e-23
5.38152e-23
5.09585e-23
4.82436e-23
4.56641e-23
4.32137e-23
4.08865e-23
3.86767e-23
3.65789e-23
3.45879e-23
3.26987e-23
3.09064e-23
2.92064e-23
2.75943e-23
2.6066e-23
2.46173e-23
2.32445e-23
2.19438e-23
2.07117e-23
1.95449e-23
1.84401e-23
1.73942e-23
1.64044e-23
1.54678e-23
1.45818e-23
1.37438e-23
1.29513e-23
1.22022e-23
1.1494e-23
1.08248e-23
1.01926e-23
9.59538e-24
9.03136e-24
8.49881e-24
7.99609e-24
7.52162e-24
7.07391e-24
6.65154e-24
6.25316e-24
5.87749e-24
5.5233e-24
5.18945e-24
4.87482e-24
4.57837e-24
4.29912e-24
4.03611e-24
3.78845e-24
3.55531e-24
3.33586e-24
3.12936e-24
2.93507e-24
2.75231e-24
2.58044e-24
2.41883e-24
2.26691e-24
2.12413e-24
1.98995e-24
1.8639e-24
1.7455e-24
1.63431e-24
1.52991e-24
1.43191e-24
1.33993e-24
1.25362e-24
1.17265e-24
1.09671e-24
1.02548e-24
9.58707e-25
8.9611e-25
8.37443e-25
7.82471e-25
7.3097e-25
6.82731e-25
6.37557e-25
5.95261e-25
5.55668e-25
5.18611e-25
4.83937e-25
4.51496e-25
4.21153e-25
3.92776e-25
3.66243e-25
3.4144e-25
3.18258e-25
2.96596e-25
2.76357e-25
2.57451e-25
2.39796e-25
2.2331e-25
2.07919e-25
1.93554e-25
1.80148e-25
1.6764e-25
1.55972e-25
1.4509e-25
1.34943e-25
1.25482e-25
1.16663e-25
1.08445e-25
1.00787e-25
9.36528e-26
8.70079e-26
8.08198e-26
7.50582e-26
6.96947e-26
6.47027e-26
6.00574e-26
5.57356e-26
5.17154e-26
4.79764e-26
4.44998e-26
4.12676e-26
3.82633e-26
3.54713e-26
3.2877e-26
3.0467e-26
2.82286e-26
2.61498e-26
2.42198e-26
2.24282e-26
2.07653e-26
1.92223e-26
1.77907e-26
1.64627e-26
1.52311e-26
1.40891e-26
1.30304e-26
1.20491e-26
1.11396e-26
1.02969e-26
9.51625e-27
8.79319e-27
8.12359e-27
7.50363e-27
6.92972e-27
6.39855e-27
5.90703e-27
5.45227e-27
5.03161e-27
4.64257e-27
4.28284e-27
3.95026e-27
3.64285e-27
3.35876e-27
3.09626e-27
2.85377e-27
2.62979e-27
2.42296e-27
2.23199e-27
2.05571e-27
1.89301e-27
1.74288e-27
1.60437e-27
1.47661e-27
1.35878e-27
1.25014e-27
1.14998e-27
1.05767e-27
9.72604e-28
8.94229e-28
8.22033e-28
7.55544e-28
6.94321e-28
6.3796e-28
5.86085e-28
5.38349e-28
4.94432e-28
4.54036e-28
4.16888e-28
3.82735e-28
3.51342e-28
3.22493e-28
2.95989e-28
2.71646e-28
2.49294e-28
2.28775e-28
2.09946e-28
1.92673e-28
1.76832e-28
1.62311e-28
1.49005e-28
1.36818e-28
1.25661e-28
1.15453e-28
1.06118e-28
9.75876e-29
8.97982e-29
8.26914e-29
7.62137e-29
7.03157e-29
6.49524e-29
6.00824e-29
5.56676e-29
5.16733e-29
4.80677e-29
4.48217e-29
4.19089e-29
3.9305e-29
3.6988e-29
3.49378e-29
3.31363e-29
3.15668e-29
3.02148e-29
2.90681e-29
2.81154e-29
2.73464e-29
2.67517e-29
2.63231e-29
2.60532e-29
2.59363e-29
2.59671e-29
2.61408e-29
2.6453e-29
2.69004e-29
2.74803e-29
2.81906e-29
2.903e-29
2.99978e-29
3.10939e-29
3.23186e-29
3.36729e-29
3.51582e-29
3.67765e-29
3.85303e-29
4.04224e-29
4.24562e-29
4.46355e-29
4.69644e-29
4.94478e-29
5.20905e-29
5.48982e-29
5.78766e-29
6.10322e-29
