7.5
1e+16
5e+18
49.9999
7.50007
16242.6
4.91981e-20
4.90871e-20
4.87641e-20
4.84236e-20
4.80763e-20
4.77252e-20
4.73714e-20
4.70156e-20
4.66583e-20
4.62997e-20
4.59403e-20
4.55802e-20
4.52198e-20
4.48591e-20
4.44982e-20
4.41369e-20
4.37752e-20
4.34131e-20
4.30504e-20
4.26873e-20
4.23238e-20
4.19597e-20
4.15953e-20
4.12305e-20
4.08653e-20
4.04998e-20
4.01341e-20
3.97681e-20
3.94018e-20
3.90355e-20
3.8669e-20
3.83024e-20
3.79358e-20
3.75692e-20
3.72026e-20
3.68361e-20
3.64698e-20
3.61036e-20
3.57377e-20
3.53721e-20
3.50067e-20
3.46417e-20
3.42772e-20
3.39131e-20
3.35495e-20
3.31864e-20
3.28239e-20
3.24621e-20
3.2101e-20
3.17406e-20
3.1381e-20
3.10222e-20
3.06643e-20
3.03073e-20
2.99512e-20
2.95962e-20
2.92423e-20
2.88894e-20
2.85377e-20
2.81871e-20
2.78378e-20
2.74898e-20
2.7143e-20
2.67977e-20
2.64537e-20
2.61112e-20
2.57701e-20
2.54306e-20
2.50926e-20
2.47562e-20
2.44215e-20
2.40884e-20
2.3757e-20
2.34274e-20
2.30995e-20
2.27735e-20
2.24493e-20
2.21269e-20
2.18065e-20
2.1488e-20
2.11714e-20
2.08569e-20
2.05443e-20
2.02338e-20
1.99254e-20
1.96191e-20
1.93149e-20
1.90128e-20
1.87129e-20
1.84152e-20
1.81197e-20
1.78264e-20
1.75353e-20
1.72465e-20
1.696e-20
1.66757e-20
1.63938e-20
1.61142e-20
1.58369e-20
1.55619e-20
1.52893e-20
1.5019e-20
1.47511e-20
1.44856e-20
1.42224e-20
1.39616e-20
1.37032e-20
1.34473e-20
1.31936e-20
1.29424e-20
1.26936e-20
1.24472e-20
1.22032e-20
1.19615e-20
1.17223e-20
1.14854e-20
1.1251e-20
1.10189e-20
1.07891e-20
1.05618e-20
1.03368e-20
1.01141e-20
9.89382e-21
9.67585e-21
9.4602e-21
9.24687e-21
9.03586e-21
8.82719e-21
8.62089e-21
8.41697e-21
8.21544e-21
8.01632e-21
7.81961e-21
7.62531e-21
7.43343e-21
7.244e-21
7.05703e-21
6.87253e-21
6.69055e-21
6.51115e-21
6.33436e-21
6.16024e-21
5.98882e-21
5.82012e-21
5.65418e-21
5.491e-21
5.33061e-21
5.17306e-21
5.01843e-21
4.86677e-21
4.71813e-21
4.57253e-21
4.43001e-21
4.29059e-21
4.15427e-21
4.02107e-21
3.89097e-21
3.76399e-21
3.64009e-21
3.51928e-21
3.40151e-21
3.28679e-21
3.17506e-21
3.06631e-21
2.9605e-21
2.85758e-21
2.75754e-21
2.66031e-21
2.56586e-21
2.47415e-21
2.38513e-21
2.29875e-21
2.21497e-21
2.13372e-21
2.05497e-21
1.97867e-21
1.90476e-21
1.83319e-21
1.76391e-21
1.69687e-21
1.63201e-21
1.56929e-21
1.50865e-21
1.45004e-21
1.39341e-21
1.33871e-21
1.28589e-21
1.2349e-21
1.18568e-21
1.1382e-21
1.0924e-21
1.04823e-21
1.00565e-21
9.64616e-22
9.25074e-22
8.86983e-22
8.503e-22
8.1498e-22
7.80983e-22
7.48266e-22
7.16789e-22
6.86512e-22
6.57397e-22
6.29405e-22
6.02499e-22
5.76643e-22
5.51802e-22
5.27942e-22
5.05027e-22
4.83027e-22
4.61909e-22
4.41642e-22
4.22196e-22
4.03541e-22
3.85649e-22
3.68492e-22
3.52044e-22
3.36279e-22
3.2117e-22
3.06694e-22
2.92826e-22
2.79544e-22
2.66825e-22
2.54648e-22
2.42992e-22
2.31837e-22
2.21162e-22
2.1095e-22
2.01181e-22
1.91838e-22
1.82905e-22
1.74364e-22
1.662e-22
1.58398e-22
1.50942e-22
1.43819e-22
1.37015e-22
1.30516e-22
1.24309e-22
1.18384e-22
1.12727e-22
1.07327e-22
1.02174e-22
9.7257e-23
9.25656e-23
8.80904e-23
8.38219e-23
7.97513e-23
7.58698e-23
7.21692e-23
6.86416e-23
6.52794e-23
6.20752e-23
5.9022e-23
5.6113e-23
5.33419e-23
5.07025e-23
4.81887e-23
4.5795e-23
4.35158e-23
4.1346e-23
3.92806e-23
3.73148e-23
3.54439e-23
3.36637e-23
3.197e-23
3.03586e-23
2.88259e-23
2.7368e-23
2.59816e-23
2.46633e-23
2.34098e-23
2.22181e-23
2.10852e-23
2.00085e-23
1.89851e-23
1.80126e-23
1.70886e-23
1.62106e-23
1.53765e-23
1.45842e-23
1.38316e-23
1.31169e-23
1.24381e-23
1.17936e-23
1.11817e-23
1.06007e-23
1.00492e-23
9.52572e-24
9.02885e-24
8.5573e-24
8.10982e-24
7.68521e-24
7.28234e-24
6.90014e-24
6.53756e-24
6.19363e-24
5.86741e-24
5.55803e-24
5.26463e-24
4.9864e-24
4.7226e-24
4.47247e-24
4.23535e-24
4.01056e-24
3.79747e-24
3.59551e-24
3.40409e-24
3.22268e-24
3.05077e-24
2.88787e-24
2.73352e-24
2.58729e-24
2.44874e-24
2.3175e-24
2.19318e-24
2.07542e-24
1.96389e-24
1.85826e-24
1.75822e-24
1.66349e-24
1.57379e-24
1.48886e-24
1.40845e-24
1.33232e-24
1.26024e-24
1.19202e-24
1.12744e-24
1.06631e-24
1.00845e-24
9.53692e-25
9.01871e-25
8.5283e-25
8.06424e-25
7.62513e-25
7.20965e-25
6.81655e-25
6.44463e-25
6.09279e-25
5.75994e-25
5.44507e-25
5.14724e-25
4.86553e-25
4.59907e-25
4.34706e-25
4.10872e-25
3.88333e-25
3.67017e-25
3.46861e-25
3.27801e-25
3.0978e-25
2.9274e-25
2.76629e-25
2.61397e-25
2.46997e-25
2.33383e-25
2.20514e-25
2.08348e-25
1.96848e-25
1.85979e-25
1.75705e-25
1.65994e-25
1.56816e-25
1.48142e-25
1.39944e-25
1.32197e-25
1.24875e-25
1.17957e-25
1.11419e-25
1.05242e-25
9.94047e-26
9.38894e-26
8.86782e-26
8.37547e-26
7.9103e-26
7.47082e-26
7.05563e-26
6.66339e-26
6.29285e-26
5.94281e-26
5.61215e-26
5.2998e-26
5.00476e-26
4.72607e-26
4.46284e-26
4.2142e-26
3.97937e-26
3.75757e-26
3.54809e-26
3.35024e-26
3.16339e-26
2.98693e-26
2.82028e-26
2.66291e-26
2.51429e-26
2.37394e-26
2.24141e-26
2.11626e-26
1.99809e-26
1.8865e-26
1.78113e-26
1.68164e-26
1.5877e-26
1.499e-26
1.41526e-26
1.33618e-26
1.26153e-26
1.19104e-26
1.12449e-26
1.06166e-26
1.00235e-26
9.46347e-27
8.93479e-27
8.43569e-27
7.96451e-27
7.5197e-27
7.09979e-27
6.7034e-27
6.32921e-27
5.97598e-27
5.64254e-27
5.32779e-27
5.03069e-27
4.75024e-27
4.48553e-27
4.23567e-27
3.99983e-27
3.77723e-27
3.56713e-27
3.36884e-27
3.18168e-27
3.00505e-27
2.83835e-27
2.68103e-27
2.53257e-27
2.39247e-27
2.26026e-27
2.13551e-27
2.01779e-27
1.90673e-27
1.80194e-27
1.70309e-27
1.60983e-27
1.52186e-27
1.43888e-27
1.36063e-27
1.28683e-27
1.21725e-27
1.15164e-27
1.0898e-27
1.03151e-27
9.76584e-28
9.24837e-28
8.76096e-28
8.30199e-28
7.86993e-28
7.46334e-28
7.08088e-28
6.72127e-28
6.38332e-28
6.0659e-28
5.76797e-28
5.48853e-28
5.22666e-28
4.98149e-28
4.75222e-28
4.53807e-28
4.33836e-28
4.15242e-28
3.97964e-28
3.81945e-28
3.67133e-28
3.53479e-28
3.40939e-28
3.29473e-28
3.19042e-28
3.09614e-28
3.01159e-28
2.9365e-28
2.87062e-28
2.81375e-28
2.76603e-28
2.72768e-28
2.69864e-28
2.67895e-28
2.66861e-28
2.66786e-28
2.6767e-28
2.69514e-28
2.72324e-28
2.76106e-28
2.80873e-28
2.86638e-28
2.9342e-28
3.01242e-28
3.10129e-28
3.20109e-28
3.31217e-28
3.43488e-28
3.56965e-28
3.71693e-28
