7.5
1e+17
1e+18
49.9999
7.49996
16242.6
4.19329e-20
4.19221e-20
4.18839e-20
4.1837e-20
4.1782e-20
4.17191e-20
4.16485e-20
4.15702e-20
4.14843e-20
4.13908e-20
4.12899e-20
4.11816e-20
4.1066e-20
4.09431e-20
4.08131e-20
4.06759e-20
4.05316e-20
4.03804e-20
4.02222e-20
4.00572e-20
3.98855e-20
3.97071e-20
3.95222e-20
3.93308e-20
3.9133e-20
3.8929e-20
3.87188e-20
3.85026e-20
3.82805e-20
3.80526e-20
3.7819e-20
3.75798e-20
3.73352e-20
3.70853e-20
3.68302e-20
3.657e-20
3.63049e-20
3.6035e-20
3.57604e-20
3.54813e-20
3.51979e-20
3.49102e-20
3.46184e-20
3.43226e-20
3.4023e-20
3.37198e-20
3.3413e-20
3.31029e-20
3.27895e-20
3.2473e-20
3.21536e-20
3.18314e-20
3.15065e-20
3.11791e-20
3.08494e-20
3.05175e-20
3.01835e-20
2.98476e-20
2.95099e-20
2.91706e-20
2.88298e-20
2.84876e-20
2.81443e-20
2.77999e-20
2.74546e-20
2.71085e-20
2.67617e-20
2.64144e-20
2.60668e-20
2.57189e-20
2.53709e-20
2.5023e-20
2.46751e-20
2.43276e-20
2.39804e-20
2.36337e-20
2.32877e-20
2.29424e-20
2.2598e-20
2.22546e-20
2.19122e-20
2.15711e-20
2.12312e-20
2.08927e-20
2.05558e-20
2.02204e-20
1.98868e-20
1.95549e-20
1.9225e-20
1.8897e-20
1.8571e-20
1.82472e-20
1.79256e-20
1.76063e-20
1.72894e-20
1.69749e-20
1.66629e-20
1.63535e-20
1.60468e-20
1.57427e-20
1.54415e-20
1.5143e-20
1.48474e-20
1.45547e-20
1.4265e-20
1.39784e-20
1.36947e-20
1.34142e-20
1.31368e-20
1.28626e-20
1.25916e-20
1.23238e-20
1.20593e-20
1.17981e-20
1.15402e-20
1.12856e-20
1.10344e-20
1.07865e-20
1.0542e-20
1.0301e-20
1.00633e-20
9.829e-21
9.59814e-21
9.3707e-21
9.14668e-21
8.92607e-21
8.70889e-21
8.49513e-21
8.28479e-21
8.07787e-21
7.87435e-21
7.67424e-21
7.47752e-21
7.28418e-21
7.09422e-21
6.90761e-21
6.72435e-21
6.54442e-21
6.36781e-21
6.19451e-21
6.0245e-21
5.85777e-21
5.6943e-21
5.53409e-21
5.37709e-21
5.22329e-21
5.07267e-21
4.92522e-21
4.7809e-21
4.63972e-21
4.50163e-21
4.36663e-21
4.23469e-21
4.10577e-21
3.97985e-21
3.8569e-21
3.73689e-21
3.61978e-21
3.50553e-21
3.39412e-21
3.28549e-21
3.17963e-21
3.07648e-21
2.976e-21
2.87816e-21
2.78292e-21
2.69023e-21
2.60004e-21
2.51232e-21
2.42703e-21
2.34412e-21
2.26354e-21
2.18525e-21
2.10921e-21
2.03538e-21
1.9637e-21
1.89414e-21
1.82665e-21
1.76119e-21
1.69771e-21
1.63617e-21
1.57653e-21
1.51874e-21
1.46276e-21
1.40855e-21
1.35606e-21
1.30526e-21
1.25611e-21
1.20855e-21
1.16255e-21
1.11808e-21
1.07509e-21
1.03354e-21
9.93397e-22
9.5462e-22
9.17174e-22
8.8102e-22
8.46123e-22
8.12448e-22
7.7996e-22
7.48624e-22
7.18407e-22
6.89276e-22
6.61199e-22
6.34143e-22
6.08078e-22
5.82974e-22
5.58801e-22
5.35529e-22
5.13131e-22
4.91577e-22
4.70842e-22
4.50899e-22
4.31721e-22
4.13284e-22
3.95563e-22
3.78533e-22
3.62172e-22
3.46457e-22
3.31365e-22
3.16874e-22
3.02965e-22
2.89616e-22
2.76807e-22
2.6452e-22
2.52735e-22
2.41435e-22
2.30601e-22
2.20216e-22
2.10265e-22
2.0073e-22
1.91596e-22
1.82848e-22
1.74472e-22
1.66452e-22
1.58776e-22
1.5143e-22
1.44402e-22
1.37678e-22
1.31247e-22
1.25098e-22
1.19218e-22
1.13598e-22
1.08226e-22
1.03094e-22
9.81897e-23
9.35055e-23
8.90318e-23
8.476e-23
8.06816e-23
7.67886e-23
7.30732e-23
6.95279e-23
6.61455e-23
6.2919e-23
5.98417e-23
5.69073e-23
5.41096e-23
5.14425e-23
4.89005e-23
4.64781e-23
4.417e-23
4.1971e-23
3.98765e-23
3.78818e-23
3.59823e-23
3.41738e-23
3.24523e-23
3.08137e-23
2.92543e-23
2.77705e-23
2.63588e-23
2.5016e-23
2.37388e-23
2.25241e-23
2.13692e-23
2.02712e-23
1.92274e-23
1.82354e-23
1.72926e-23
1.63967e-23
1.55456e-23
1.4737e-23
1.3969e-23
1.32396e-23
1.25469e-23
1.18893e-23
1.12649e-23
1.06723e-23
1.01097e-23
9.5759e-24
9.06932e-24
8.58869e-24
8.13272e-24
7.70019e-24
7.28996e-24
6.90091e-24
6.53199e-24
6.1822e-24
5.85059e-24
5.53624e-24
5.23829e-24
4.95591e-24
4.68831e-24
4.43476e-24
4.19454e-24
3.96696e-24
3.7514e-24
3.54723e-24
3.35387e-24
3.17077e-24
2.9974e-24
2.83326e-24
2.67787e-24
2.53078e-24
2.39157e-24
2.25982e-24
2.13514e-24
2.01717e-24
1.90555e-24
1.79996e-24
1.70007e-24
1.6056e-24
1.51624e-24
1.43174e-24
1.35183e-24
1.27628e-24
1.20484e-24
1.13732e-24
1.07348e-24
1.01315e-24
9.56129e-25
9.02243e-25
8.51323e-25
8.03211e-25
7.57755e-25
7.14814e-25
6.7425e-25
6.35937e-25
5.99751e-25
5.65578e-25
5.33308e-25
5.02838e-25
4.7407e-25
4.46912e-25
4.21274e-25
3.97075e-25
3.74235e-25
3.5268e-25
3.32339e-25
3.13145e-25
2.95035e-25
2.7795e-25
2.61832e-25
2.46629e-25
2.32288e-25
2.18764e-25
2.0601e-25
1.93983e-25
1.82642e-25
1.71951e-25
1.61871e-25
1.52369e-25
1.43413e-25
1.34972e-25
1.27017e-25
1.19521e-25
1.12457e-25
1.05802e-25
9.95315e-26
9.36248e-26
8.8061e-26
8.28206e-26
7.78852e-26
7.32375e-26
6.88611e-26
6.47404e-26
6.0861e-26
5.72088e-26
5.37711e-26
5.05353e-26
4.749e-26
4.46242e-26
4.19275e-26
3.93902e-26
3.70031e-26
3.47574e-26
3.2645e-26
3.06581e-26
2.87895e-26
2.70323e-26
2.538e-26
2.38264e-26
2.23658e-26
2.09928e-26
1.97022e-26
1.84892e-26
1.73492e-26
1.62779e-26
1.52714e-26
1.43257e-26
1.34372e-26
1.26027e-26
1.18188e-26
1.10826e-26
1.03912e-26
9.74205e-27
9.13253e-27
8.5603e-27
8.02315e-27
7.51895e-27
7.04575e-27
6.60167e-27
6.18497e-27
5.794e-27
5.4272e-27
5.08312e-27
4.76038e-27
4.45769e-27
4.17383e-27
3.90766e-27
3.6581e-27
3.42414e-27
3.20483e-27
2.99927e-27
2.80662e-27
2.62609e-27
2.45693e-27
2.29845e-27
2.14998e-27
2.01092e-27
1.88067e-27
1.7587e-27
1.64448e-27
1.53755e-27
1.43744e-27
1.34374e-27
1.25604e-27
1.17397e-27
1.09717e-27
1.02533e-27
9.58115e-28
8.95251e-28
8.3646e-28
7.81487e-28
7.30091e-28
6.82046e-28
6.37142e-28
5.9518e-28
5.55975e-28
5.19351e-28
4.85146e-28
4.53207e-28
4.23391e-28
3.95562e-28
3.69597e-28
3.45376e-28
3.22789e-28
3.01734e-28
2.82114e-28
2.63839e-28
2.46825e-28
2.30992e-28
2.16267e-28
2.02582e-28
1.89873e-28
1.7808e-28
1.67147e-28
1.57022e-28
1.47657e-28
1.39009e-28
1.31034e-28
1.23695e-28
1.16956e-28
1.10784e-28
1.05149e-28
1.00023e-28
9.5381e-29
9.11994e-29
8.74571e-29
8.41345e-29
8.12212e-29
7.87098e-29
7.65873e-29
7.48448e-29
7.34728e-29
7.24685e-29
7.18248e-29
7.15357e-29
7.15968e-29
7.20052e-29
7.276e-29
7.38614e-29
7.53114e-29
7.71135e-29
7.92728e-29
8.17959e-29
8.4691e-29
8.7968e-29
9.16383e-29
9.57149e-29
