10
5e+17
5e+19
49.9996
10.0001
18755.4
3.41785e-20
3.41066e-20
3.38962e-20
3.36734e-20
3.34451e-20
3.32132e-20
3.29786e-20
3.27418e-20
3.25031e-20
3.22628e-20
3.20212e-20
3.17786e-20
3.15348e-20
3.12899e-20
3.10438e-20
3.07965e-20
3.0548e-20
3.02984e-20
3.00476e-20
2.97958e-20
2.95429e-20
2.9289e-20
2.90342e-20
2.87784e-20
2.85218e-20
2.82643e-20
2.80061e-20
2.77471e-20
2.74875e-20
2.72273e-20
2.69665e-20
2.67052e-20
2.64434e-20
2.61812e-20
2.59186e-20
2.56557e-20
2.53926e-20
2.51292e-20
2.48657e-20
2.4602e-20
2.43383e-20
2.40746e-20
2.3811e-20
2.35474e-20
2.3284e-20
2.30207e-20
2.27577e-20
2.2495e-20
2.22326e-20
2.19706e-20
2.17091e-20
2.1448e-20
2.11874e-20
2.09274e-20
2.0668e-20
2.04093e-20
2.01513e-20
1.9894e-20
1.96375e-20
1.93818e-20
1.9127e-20
1.88731e-20
1.86202e-20
1.83682e-20
1.81173e-20
1.78675e-20
1.76187e-20
1.73711e-20
1.71247e-20
1.68794e-20
1.66354e-20
1.63927e-20
1.61512e-20
1.59111e-20
1.56724e-20
1.54351e-20
1.51991e-20
1.49647e-20
1.47317e-20
1.45001e-20
1.42702e-20
1.40417e-20
1.38148e-20
1.35895e-20
1.33658e-20
1.31438e-20
1.29234e-20
1.27046e-20
1.24875e-20
1.22722e-20
1.20585e-20
1.18466e-20
1.16364e-20
1.14279e-20
1.12212e-20
1.10163e-20
1.08131e-20
1.06118e-20
1.04122e-20
1.02145e-20
1.00186e-20
9.82445e-21
9.63215e-21
9.44168e-21
9.25304e-21
9.06623e-21
8.88125e-21
8.6981e-21
8.51679e-21
8.33732e-21
8.1597e-21
7.98396e-21
7.8101e-21
7.63814e-21
7.46809e-21
7.29996e-21
7.13375e-21
6.96949e-21
6.80718e-21
6.64685e-21
6.48852e-21
6.33224e-21
6.17803e-21
6.02593e-21
5.87597e-21
5.72815e-21
5.58251e-21
5.43905e-21
5.29785e-21
5.15894e-21
5.02237e-21
4.88816e-21
4.75635e-21
4.62694e-21
4.49997e-21
4.37544e-21
4.25335e-21
4.13372e-21
4.01653e-21
3.90179e-21
3.78948e-21
3.6796e-21
3.57214e-21
3.46708e-21
3.36439e-21
3.26407e-21
3.16609e-21
3.07043e-21
2.97706e-21
2.88595e-21
2.79709e-21
2.71043e-21
2.62596e-21
2.54363e-21
2.46343e-21
2.38531e-21
2.30924e-21
2.23519e-21
2.16313e-21
2.09302e-21
2.02482e-21
1.9585e-21
1.89404e-21
1.83138e-21
1.77049e-21
1.71134e-21
1.6539e-21
1.59812e-21
1.54397e-21
1.49142e-21
1.44043e-21
1.39097e-21
1.34299e-21
1.29648e-21
1.25138e-21
1.20767e-21
1.16531e-21
1.12428e-21
1.08453e-21
1.04604e-21
1.00877e-21
9.7269e-22
9.37771e-22
9.03982e-22
8.71291e-22
8.3967e-22
8.09088e-22
7.79518e-22
7.50931e-22
7.23299e-22
6.96595e-22
6.70793e-22
6.45867e-22
6.2179e-22
5.98538e-22
5.76086e-22
5.54411e-22
5.33488e-22
5.13295e-22
4.93811e-22
4.75011e-22
4.56877e-22
4.39386e-22
4.22518e-22
4.06254e-22
3.90574e-22
3.7546e-22
3.60892e-22
3.46855e-22
3.33329e-22
3.20298e-22
3.07746e-22
2.95657e-22
2.84015e-22
2.72806e-22
2.62014e-22
2.51625e-22
2.41626e-22
2.32002e-22
2.22742e-22
2.13833e-22
2.05262e-22
1.97017e-22
1.89087e-22
1.81461e-22
1.74127e-22
1.67077e-22
1.60298e-22
1.53782e-22
1.47519e-22
1.41501e-22
1.35717e-22
1.30159e-22
1.2482e-22
1.1969e-22
1.14763e-22
1.10031e-22
1.05486e-22
1.01122e-22
9.69314e-23
9.2908e-23
8.90456e-23
8.53379e-23
8.17791e-23
7.83636e-23
7.50858e-23
7.19405e-23
6.89226e-23
6.60272e-23
6.32494e-23
6.05849e-23
5.80291e-23
5.55778e-23
5.32269e-23
5.09725e-23
4.88108e-23
4.67381e-23
4.4751e-23
4.2846e-23
4.10199e-23
3.92695e-23
3.75918e-23
3.59839e-23
3.44431e-23
3.29665e-23
3.15517e-23
3.0196e-23
2.88973e-23
2.76531e-23
2.64612e-23
2.53194e-23
2.42259e-23
2.31785e-23
2.21754e-23
2.12148e-23
2.02949e-23
1.94141e-23
1.85707e-23
1.77632e-23
1.69901e-23
1.62501e-23
1.55416e-23
1.48634e-23
1.42143e-23
1.3593e-23
1.29984e-23
1.24293e-23
1.18847e-23
1.13636e-23
1.08649e-23
1.03877e-23
9.93119e-24
9.49439e-24
9.0765e-24
8.67672e-24
8.29427e-24
7.92843e-24
7.57849e-24
7.24377e-24
6.92362e-24
6.61742e-24
6.32458e-24
6.04452e-24
5.77669e-24
5.52058e-24
5.27567e-24
5.04149e-24
4.81758e-24
4.60349e-24
4.3988e-24
4.2031e-24
4.01601e-24
3.83715e-24
3.66617e-24
3.50272e-24
3.34648e-24
3.19714e-24
3.05439e-24
2.91795e-24
2.78754e-24
2.6629e-24
2.54378e-24
2.42994e-24
2.32115e-24
2.21718e-24
2.11783e-24
2.02289e-24
1.93217e-24
1.84548e-24
1.76265e-24
1.6835e-24
1.60789e-24
1.53564e-24
1.46661e-24
1.40066e-24
1.33766e-24
1.27747e-24
1.21996e-24
1.16503e-24
1.11256e-24
1.06243e-24
1.01455e-24
9.68807e-25
9.25117e-25
8.83385e-25
8.43524e-25
8.05451e-25
7.69087e-25
7.34355e-25
7.01184e-25
6.69502e-25
6.39245e-25
6.10348e-25
5.82751e-25
5.56396e-25
5.31227e-25
5.07191e-25
4.84238e-25
4.62319e-25
4.41388e-25
4.21401e-25
4.02315e-25
3.8409e-25
3.66688e-25
3.50071e-25
3.34205e-25
3.19055e-25
3.0459e-25
2.90778e-25
2.77591e-25
2.65e-25
2.52978e-25
2.41501e-25
2.30542e-25
2.2008e-25
2.10091e-25
2.00555e-25
1.9145e-25
1.82758e-25
1.7446e-25
1.66538e-25
1.58975e-25
1.51755e-25
1.44862e-25
1.38282e-25
1.32e-25
1.26003e-25
1.20279e-25
1.14814e-25
1.09597e-25
1.04618e-25
9.9864e-26
9.53262e-26
9.09945e-26
8.68596e-26
8.29126e-26
7.9145e-26
7.55486e-26
7.21156e-26
6.88387e-26
6.57108e-26
6.27252e-26
5.98753e-26
5.71551e-26
5.45586e-26
5.20802e-26
4.97146e-26
4.74566e-26
4.53014e-26
4.32444e-26
4.12809e-26
3.94069e-26
3.76182e-26
3.59109e-26
3.42814e-26
3.27262e-26
3.12418e-26
2.9825e-26
2.84728e-26
2.71823e-26
2.59505e-26
2.4775e-26
2.36531e-26
2.25823e-26
2.15604e-26
2.05851e-26
1.96544e-26
1.87662e-26
1.79185e-26
1.71096e-26
1.63376e-26
1.5601e-26
1.4898e-26
1.42273e-26
1.35872e-26
1.29765e-26
1.23938e-26
1.18378e-26
1.13074e-26
1.08013e-26
1.03185e-26
9.85796e-27
9.41864e-27
8.9996e-27
8.59993e-27
8.21875e-27
7.85526e-27
7.50864e-27
7.17816e-27
6.8631e-27
6.56277e-27
6.27652e-27
6.00373e-27
5.7438e-27
5.49619e-27
5.26034e-27
5.03575e-27
4.82193e-27
4.61842e-27
4.42478e-27
4.24059e-27
4.06544e-27
3.89897e-27
3.7408e-27
3.59061e-27
3.44806e-27
3.31285e-27
3.18468e-27
3.06328e-27
2.94839e-27
2.83976e-27
2.73715e-27
2.64035e-27
2.54915e-27
2.46335e-27
2.38276e-27
2.30722e-27
2.23656e-27
2.17064e-27
2.1093e-27
2.05242e-27
1.99988e-27
1.95157e-27
1.90738e-27
1.86723e-27
1.83102e-27
1.79875e-27
1.77047e-27
1.74617e-27
1.7258e-27
1.70937e-27
1.69685e-27
1.68818e-27
1.68334e-27
1.68229e-27
1.68501e-27
1.69149e-27
1.70172e-27
1.71572e-27
1.7335e-27
1.75507e-27
