2.5
1e+17
1e+17
49.9999
2.5
9377.69
2.17732e-19
2.17722e-19
2.17653e-19
2.17543e-19
2.17391e-19
2.17195e-19
2.16956e-19
2.16674e-19
2.16349e-19
2.15981e-19
2.15571e-19
2.15119e-19
2.14625e-19
2.14089e-19
2.13511e-19
2.12893e-19
2.12234e-19
2.11535e-19
2.10796e-19
2.10017e-19
2.092e-19
2.08344e-19
2.0745e-19
2.06519e-19
2.05551e-19
2.04546e-19
2.03506e-19
2.0243e-19
2.0132e-19
2.00175e-19
1.98998e-19
1.97788e-19
1.96546e-19
1.95273e-19
1.93969e-19
1.92635e-19
1.91272e-19
1.89881e-19
1.88463e-19
1.87017e-19
1.85546e-19
1.84049e-19
1.82528e-19
1.80983e-19
1.79416e-19
1.77826e-19
1.76215e-19
1.74584e-19
1.72934e-19
1.71265e-19
1.69578e-19
1.67874e-19
1.66154e-19
1.64418e-19
1.62669e-19
1.60905e-19
1.59129e-19
1.57341e-19
1.55543e-19
1.53734e-19
1.51915e-19
1.50088e-19
1.48254e-19
1.46412e-19
1.44565e-19
1.42712e-19
1.40855e-19
1.38994e-19
1.3713e-19
1.35265e-19
1.33398e-19
1.3153e-19
1.29663e-19
1.27797e-19
1.25932e-19
1.2407e-19
1.22211e-19
1.20355e-19
1.18504e-19
1.16658e-19
1.14818e-19
1.12985e-19
1.11158e-19
1.09339e-19
1.07529e-19
1.05727e-19
1.03935e-19
1.02152e-19
1.0038e-19
9.86195e-20
9.68701e-20
9.51327e-20
9.34078e-20
9.16958e-20
8.99972e-20
8.83124e-20
8.66419e-20
8.49859e-20
8.33449e-20
8.17192e-20
8.01093e-20
7.85153e-20
7.69377e-20
7.53767e-20
7.38326e-20
7.23057e-20
7.07962e-20
6.93044e-20
6.78304e-20
6.63745e-20
6.49368e-20
6.35176e-20
6.2117e-20
6.07351e-20
5.93721e-20
5.80281e-20
5.67032e-20
5.53974e-20
5.41109e-20
5.28437e-20
5.15958e-20
5.03674e-20
4.91583e-20
4.79687e-20
4.67985e-20
4.56477e-20
4.45164e-20
4.34044e-20
4.23117e-20
4.12382e-20
4.0184e-20
3.91489e-20
3.81328e-20
3.71356e-20
3.61573e-20
3.51978e-20
3.42568e-20
3.33344e-20
3.24303e-20
3.15444e-20
3.06765e-20
2.98266e-20
2.89945e-20
2.81799e-20
2.73827e-20
2.66027e-20
2.58398e-20
2.50938e-20
2.43644e-20
2.36515e-20
2.29549e-20
2.22743e-20
2.16096e-20
2.09605e-20
2.03269e-20
1.97084e-20
1.9105e-20
1.85163e-20
1.79422e-20
1.73824e-20
1.68367e-20
1.63049e-20
1.57867e-20
1.5282e-20
1.47904e-20
1.43117e-20
1.38458e-20
1.33924e-20
1.29512e-20
1.25221e-20
1.21047e-20
1.1699e-20
1.13045e-20
1.09212e-20
1.05488e-20
1.0187e-20
9.83569e-21
9.49457e-21
9.16346e-21
8.84212e-21
8.53035e-21
8.22792e-21
7.93462e-21
7.65025e-21
7.3746e-21
7.10746e-21
6.84862e-21
6.59789e-21
6.35507e-21
6.11996e-21
5.89237e-21
5.6721e-21
5.45898e-21
5.25281e-21
5.05342e-21
4.86063e-21
4.67425e-21
4.49412e-21
4.32007e-21
4.15193e-21
3.98953e-21
3.83272e-21
3.68133e-21
3.53522e-21
3.39422e-21
3.25819e-21
3.12699e-21
3.00048e-21
2.8785e-21
2.76093e-21
2.64763e-21
2.53847e-21
2.43332e-21
2.33206e-21
2.23457e-21
2.14072e-21
2.0504e-21
1.9635e-21
1.8799e-21
1.7995e-21
1.7222e-21
1.64788e-21
1.57645e-21
1.50782e-21
1.44189e-21
1.37856e-21
1.31774e-21
1.25936e-21
1.20332e-21
1.14955e-21
1.09795e-21
1.04846e-21
1.001e-21
9.55495e-22
9.11874e-22
8.7007e-22
8.30014e-22
7.91643e-22
7.54893e-22
7.19704e-22
6.86016e-22
6.53774e-22
6.22921e-22
5.93404e-22
5.65171e-22
5.38173e-22
5.12362e-22
4.87689e-22
4.64111e-22
4.41583e-22
4.20064e-22
3.99513e-22
3.7989e-22
3.61158e-22
3.4328e-22
3.26221e-22
3.09947e-22
2.94425e-22
2.79624e-22
2.65514e-22
2.52064e-22
2.39248e-22
2.27037e-22
2.15406e-22
2.0433e-22
1.93784e-22
1.83746e-22
1.74192e-22
1.65102e-22
1.56454e-22
1.4823e-22
1.4041e-22
1.32975e-22
1.25909e-22
1.19195e-22
1.12815e-22
1.06756e-22
1.01002e-22
9.55389e-23
9.03531e-23
8.54316e-23
8.0762e-23
7.63323e-23
7.21311e-23
6.81474e-23
6.43709e-23
6.07914e-23
5.73995e-23
5.4186e-23
5.11422e-23
4.82597e-23
4.55305e-23
4.2947e-23
4.05021e-23
3.81887e-23
3.60002e-23
3.39304e-23
3.19731e-23
3.01228e-23
2.83739e-23
2.67211e-23
2.51596e-23
2.36846e-23
2.22917e-23
2.09764e-23
1.97349e-23
1.85631e-23
1.74574e-23
1.64142e-23
1.54304e-23
1.45026e-23
1.36278e-23
1.28033e-23
1.20263e-23
1.12941e-23
1.06045e-23
9.9549e-24
9.34327e-24
8.76746e-24
8.2255e-24
7.71551e-24
7.23568e-24
6.78435e-24
6.35989e-24
5.96081e-24
5.58565e-24
5.23305e-24
4.90174e-24
4.59049e-24
4.29814e-24
4.02361e-24
3.76586e-24
3.52392e-24
3.29686e-24
3.08382e-24
2.88397e-24
2.69654e-24
2.52078e-24
2.356e-24
2.20156e-24
2.05684e-24
1.92124e-24
1.79422e-24
1.67527e-24
1.56389e-24
1.45962e-24
1.36204e-24
1.27072e-24
1.18529e-24
1.10538e-24
1.03066e-24
9.60792e-25
8.95483e-25
8.34447e-25
7.77416e-25
7.24138e-25
6.74377e-25
6.2791e-25
5.84528e-25
5.44034e-25
5.06245e-25
4.70987e-25
4.38096e-25
4.07422e-25
3.78819e-25
3.52154e-25
3.27301e-25
3.04141e-25
2.82563e-25
2.62464e-25
2.43746e-25
2.26318e-25
2.10093e-25
1.94993e-25
1.80943e-25
1.67871e-25
1.55712e-25
1.44405e-25
1.33893e-25
1.24121e-25
1.15039e-25
1.066e-25
9.8761e-26
9.14799e-26
8.47188e-26
7.84417e-26
7.26151e-26
6.7208e-26
6.2191e-26
5.75371e-26
5.32208e-26
4.92185e-26
4.55081e-26
4.2069e-26
3.8882e-26
3.59293e-26
3.31942e-26
3.06612e-26
2.83158e-26
2.61446e-26
2.41351e-26
2.22756e-26
2.05552e-26
1.8964e-26
1.74924e-26
1.61318e-26
1.4874e-26
1.37116e-26
1.26375e-26
1.16452e-26
1.07287e-26
9.88235e-27
9.10094e-27
8.37965e-27
7.71398e-27
7.09978e-27
6.53317e-27
6.01059e-27
5.5287e-27
5.08443e-27
4.67493e-27
4.29755e-27
3.94985e-27
3.62955e-27
3.33456e-27
3.06293e-27
2.81287e-27
2.58271e-27
2.37091e-27
2.17604e-27
1.99679e-27
1.83194e-27
1.68036e-27
1.54102e-27
1.41295e-27
1.29527e-27
1.18715e-27
1.08784e-27
9.96633e-28
9.12894e-28
8.36024e-28
7.65474e-28
7.00737e-28
6.41348e-28
5.86874e-28
5.3692e-28
4.9112e-28
4.49137e-28
4.10661e-28
3.75406e-28
3.43109e-28
3.13529e-28
2.86441e-28
2.61641e-28
2.38941e-28
2.18167e-28
1.99159e-28
1.81771e-28
1.65868e-28
1.51326e-28
1.38031e-28
1.25879e-28
1.14775e-28
1.04629e-28
9.53607e-29
8.68963e-29
7.91676e-29
7.21119e-29
6.56721e-29
5.97957e-29
5.44345e-29
4.95444e-29
4.50849e-29
4.10192e-29
3.73132e-29
3.39361e-29
3.08594e-29
2.80572e-29
2.55058e-29
2.31835e-29
2.10707e-29
1.91492e-29
1.74027e-29
1.58163e-29
1.43764e-29
1.30707e-29
1.18881e-29
1.08186e-29
9.8532e-30
8.98391e-30
8.20357e-30
7.50589e-30
6.88541e-30
6.33742e-30
5.85794e-30
5.44374e-30
5.09223e-30
4.80155e-30
4.57046e-30
4.39843e-30
4.28556e-30
