7.5
1e+16
1e+17
50
7.49999
16242.6
4.20162e-20
4.20062e-20
4.19698e-20
4.19247e-20
4.18715e-20
4.18104e-20
4.17415e-20
4.16647e-20
4.15804e-20
4.14883e-20
4.13887e-20
4.12817e-20
4.11672e-20
4.10454e-20
4.09163e-20
4.078e-20
4.06365e-20
4.04859e-20
4.03284e-20
4.01639e-20
3.99926e-20
3.98145e-20
3.96298e-20
3.94386e-20
3.92409e-20
3.90369e-20
3.88267e-20
3.86103e-20
3.8388e-20
3.81597e-20
3.79257e-20
3.76861e-20
3.74409e-20
3.71904e-20
3.69345e-20
3.66736e-20
3.64077e-20
3.61369e-20
3.58614e-20
3.55813e-20
3.52967e-20
3.50079e-20
3.47149e-20
3.44179e-20
3.4117e-20
3.38124e-20
3.35042e-20
3.31926e-20
3.28777e-20
3.25597e-20
3.22386e-20
3.19148e-20
3.15883e-20
3.12592e-20
3.09278e-20
3.05941e-20
3.02583e-20
2.99206e-20
2.9581e-20
2.92399e-20
2.88972e-20
2.85531e-20
2.82079e-20
2.78616e-20
2.75143e-20
2.71663e-20
2.68176e-20
2.64683e-20
2.61188e-20
2.57689e-20
2.5419e-20
2.5069e-20
2.47193e-20
2.43697e-20
2.40206e-20
2.36721e-20
2.33241e-20
2.29769e-20
2.26306e-20
2.22853e-20
2.19411e-20
2.15981e-20
2.12565e-20
2.09162e-20
2.05775e-20
2.02405e-20
1.99051e-20
1.95716e-20
1.92399e-20
1.89103e-20
1.85828e-20
1.82574e-20
1.79343e-20
1.76135e-20
1.72951e-20
1.69793e-20
1.66659e-20
1.63552e-20
1.60471e-20
1.57418e-20
1.54393e-20
1.51397e-20
1.48429e-20
1.45492e-20
1.42584e-20
1.39707e-20
1.36861e-20
1.34046e-20
1.31264e-20
1.28513e-20
1.25795e-20
1.23109e-20
1.20457e-20
1.17838e-20
1.15253e-20
1.12701e-20
1.10183e-20
1.07699e-20
1.0525e-20
1.02835e-20
1.00454e-20
9.81078e-21
9.57961e-21
9.3519e-21
9.12765e-21
8.90686e-21
8.68952e-21
8.47564e-21
8.26522e-21
8.05825e-21
7.85473e-21
7.65464e-21
7.45798e-21
7.26473e-21
7.07488e-21
6.88842e-21
6.70534e-21
6.52561e-21
6.34923e-21
6.17619e-21
6.00646e-21
5.84003e-21
5.67688e-21
5.517e-21
5.36036e-21
5.20694e-21
5.05671e-21
4.90965e-21
4.76575e-21
4.62499e-21
4.48733e-21
4.35277e-21
4.22126e-21
4.09279e-21
3.96732e-21
3.84482e-21
3.72526e-21
3.60859e-21
3.49479e-21
3.38382e-21
3.27565e-21
3.17022e-21
3.0675e-21
2.96745e-21
2.87004e-21
2.77521e-21
2.68292e-21
2.59314e-21
2.50582e-21
2.42091e-21
2.33838e-21
2.25817e-21
2.18024e-21
2.10456e-21
2.03106e-21
1.95972e-21
1.89049e-21
1.82331e-21
1.75816e-21
1.69497e-21
1.63372e-21
1.57435e-21
1.51683e-21
1.46111e-21
1.40715e-21
1.3549e-21
1.30433e-21
1.25539e-21
1.20804e-21
1.16225e-21
1.11797e-21
1.07516e-21
1.03379e-21
9.93807e-22
9.55188e-22
9.17889e-22
8.81876e-22
8.47111e-22
8.13561e-22
7.81189e-22
7.49962e-22
7.19847e-22
6.90811e-22
6.62821e-22
6.35847e-22
6.09856e-22
5.8482e-22
5.60709e-22
5.37493e-22
5.15145e-22
4.93636e-22
4.7294e-22
4.53031e-22
4.33882e-22
4.1547e-22
3.97768e-22
3.80754e-22
3.64404e-22
3.48696e-22
3.33607e-22
3.19117e-22
3.05203e-22
2.91847e-22
2.79029e-22
2.66728e-22
2.54927e-22
2.43608e-22
2.32753e-22
2.22346e-22
2.12369e-22
2.02806e-22
1.93643e-22
1.84865e-22
1.76456e-22
1.68402e-22
1.60691e-22
1.53309e-22
1.46243e-22
1.39481e-22
1.33011e-22
1.26821e-22
1.20901e-22
1.1524e-22
1.09827e-22
1.04652e-22
9.97064e-23
9.498e-23
9.04641e-23
8.615e-23
8.20294e-23
7.80944e-23
7.43372e-23
7.07504e-23
6.73267e-23
6.40594e-23
6.09417e-23
5.79674e-23
5.51303e-23
5.24244e-23
4.98442e-23
4.73842e-23
4.50391e-23
4.2804e-23
4.0674e-23
3.86445e-23
3.67111e-23
3.48694e-23
3.31155e-23
3.14453e-23
2.98552e-23
2.83415e-23
2.69007e-23
2.55296e-23
2.4225e-23
2.29839e-23
2.18032e-23
2.06803e-23
1.96126e-23
1.85973e-23
1.76321e-23
1.67147e-23
1.58428e-23
1.50143e-23
1.42271e-23
1.34793e-23
1.27691e-23
1.20945e-23
1.1454e-23
1.08459e-23
1.02687e-23
9.7208e-24
9.20085e-24
8.7075e-24
8.23944e-24
7.79545e-24
7.37434e-24
6.97501e-24
6.59637e-24
6.2374e-24
5.89714e-24
5.57465e-24
5.26905e-24
4.9795e-24
4.7052e-24
4.44538e-24
4.1993e-24
3.96629e-24
3.74567e-24
3.53681e-24
3.33913e-24
3.15204e-24
2.97502e-24
2.80753e-24
2.64909e-24
2.49923e-24
2.35751e-24
2.2235e-24
2.09682e-24
1.97706e-24
1.86387e-24
1.75691e-24
1.65584e-24
1.56037e-24
1.47018e-24
1.38501e-24
1.30457e-24
1.22863e-24
1.15694e-24
1.08928e-24
1.02542e-24
9.65163e-25
9.08313e-25
8.54685e-25
8.04105e-25
7.56407e-25
7.11432e-25
6.69032e-25
6.29066e-25
5.91399e-25
5.55905e-25
5.22464e-25
4.9096e-25
4.61288e-25
4.33343e-25
4.07031e-25
3.82259e-25
3.5894e-25
3.36994e-25
3.16341e-25
2.96909e-25
2.78629e-25
2.61435e-25
2.45265e-25
2.3006e-25
2.15765e-25
2.02327e-25
1.89698e-25
1.77829e-25
1.66678e-25
1.56202e-25
1.46362e-25
1.37121e-25
1.28444e-25
1.20298e-25
1.12651e-25
1.05473e-25
9.87382e-26
9.24189e-26
8.64907e-26
8.09302e-26
7.57156e-26
7.08259e-26
6.62418e-26
6.19448e-26
5.79175e-26
5.41436e-26
5.06078e-26
4.72955e-26
4.41932e-26
4.12878e-26
3.85675e-26
3.60208e-26
3.36369e-26
3.14059e-26
2.93183e-26
2.73652e-26
2.55382e-26
2.38294e-26
2.22314e-26
2.07374e-26
1.93407e-26
1.80352e-26
1.68152e-26
1.56752e-26
1.46102e-26
1.36154e-26
1.26864e-26
1.18188e-26
1.10089e-26
1.02528e-26
9.54713e-27
8.88861e-27
8.2742e-27
7.70104e-27
7.16643e-27
6.66788e-27
6.20302e-27
5.76964e-27
5.36569e-27
4.98922e-27
4.63842e-27
4.3116e-27
4.00716e-27
3.72362e-27
3.45959e-27
3.21376e-27
2.98492e-27
2.77194e-27
2.57373e-27
2.38931e-27
2.21775e-27
2.05818e-27
1.90978e-27
1.7718e-27
1.64351e-27
1.52428e-27
1.41346e-27
1.31049e-27
1.21482e-27
1.12596e-27
1.04342e-27
9.66784e-28
8.95629e-28
8.29576e-28
7.68271e-28
7.11382e-28
6.58598e-28
6.09633e-28
5.64217e-28
5.221e-28
4.8305e-28
4.46848e-28
4.13294e-28
3.82198e-28
3.53385e-28
3.26693e-28
3.01969e-28
2.79072e-28
2.57872e-28
2.38245e-28
2.20078e-28
2.03266e-28
1.87711e-28
1.7332e-28
1.6001e-28
1.47702e-28
1.36322e-28
1.25803e-28
1.16082e-28
1.071e-28
9.88023e-29
9.11393e-29
8.40641e-29
7.75333e-29
7.15069e-29
6.59476e-29
6.0821e-29
5.60952e-29
5.17406e-29
4.773e-29
4.40381e-29
4.06416e-29
3.75189e-29
3.46501e-29
3.2017e-29
2.96026e-29
2.73914e-29
2.53691e-29
2.35225e-29
2.18397e-29
2.03097e-29
1.89233e-29
1.76724e-29
1.65488e-29
1.55455e-29
1.46558e-29
1.38747e-29
1.31967e-29
1.26173e-29
1.21324e-29
1.17387e-29
1.14334e-29
1.12143e-29
1.10798e-29
1.10289e-29
1.1061e-29
1.11762e-29
1.13751e-29
1.16587e-29
1.20287e-29
1.24874e-29
