2.5
5e+16
5e+19
49.9996
2.49987
9377.69
2.06e-19
2.05989e-19
2.05922e-19
2.05816e-19
2.05673e-19
2.05491e-19
2.0527e-19
2.0501e-19
2.04713e-19
2.04377e-19
2.04003e-19
2.03591e-19
2.03142e-19
2.02655e-19
2.02131e-19
2.01571e-19
2.00974e-19
2.00341e-19
1.99672e-19
1.98967e-19
1.98228e-19
1.97454e-19
1.96645e-19
1.95803e-19
1.94928e-19
1.9402e-19
1.93079e-19
1.92107e-19
1.91103e-19
1.90068e-19
1.89004e-19
1.87909e-19
1.86786e-19
1.85634e-19
1.84454e-19
1.83247e-19
1.82013e-19
1.80753e-19
1.79468e-19
1.78159e-19
1.76825e-19
1.75468e-19
1.74088e-19
1.72687e-19
1.71264e-19
1.69821e-19
1.68358e-19
1.66876e-19
1.65375e-19
1.63857e-19
1.62322e-19
1.60771e-19
1.59204e-19
1.57623e-19
1.56027e-19
1.54419e-19
1.52798e-19
1.51165e-19
1.49522e-19
1.47868e-19
1.46205e-19
1.44532e-19
1.42852e-19
1.41165e-19
1.39471e-19
1.37771e-19
1.36065e-19
1.34356e-19
1.32642e-19
1.30926e-19
1.29207e-19
1.27487e-19
1.25765e-19
1.24043e-19
1.22321e-19
1.20601e-19
1.18881e-19
1.17164e-19
1.1545e-19
1.13739e-19
1.12032e-19
1.1033e-19
1.08633e-19
1.06941e-19
1.05256e-19
1.03578e-19
1.01907e-19
1.00244e-19
9.85886e-20
9.69425e-20
9.53057e-20
9.36786e-20
9.20616e-20
9.04553e-20
8.88601e-20
8.72763e-20
8.57043e-20
8.41445e-20
8.25973e-20
8.10631e-20
7.95421e-20
7.80347e-20
7.65412e-20
7.50619e-20
7.35971e-20
7.2147e-20
7.0712e-20
6.92921e-20
6.78878e-20
6.64991e-20
6.51264e-20
6.37697e-20
6.24292e-20
6.11052e-20
5.97977e-20
5.8507e-20
5.72331e-20
5.59761e-20
5.47362e-20
5.35134e-20
5.23078e-20
5.11195e-20
4.99485e-20
4.87949e-20
4.76587e-20
4.65399e-20
4.54385e-20
4.43547e-20
4.32882e-20
4.22392e-20
4.12075e-20
4.01932e-20
3.91962e-20
3.82165e-20
3.72539e-20
3.63085e-20
3.53801e-20
3.44687e-20
3.35741e-20
3.26963e-20
3.18352e-20
3.09906e-20
3.01624e-20
2.93505e-20
2.85548e-20
2.77751e-20
2.70112e-20
2.62631e-20
2.55306e-20
2.48135e-20
2.41117e-20
2.34249e-20
2.27531e-20
2.2096e-20
2.14535e-20
2.08254e-20
2.02115e-20
1.96117e-20
1.90256e-20
1.84532e-20
1.78943e-20
1.73486e-20
1.6816e-20
1.62962e-20
1.57891e-20
1.52945e-20
1.48122e-20
1.43419e-20
1.38835e-20
1.34367e-20
1.30014e-20
1.25774e-20
1.21644e-20
1.17623e-20
1.13708e-20
1.09898e-20
1.0619e-20
1.02583e-20
9.90741e-21
9.5662e-21
9.23445e-21
8.91197e-21
8.59856e-21
8.29403e-21
7.99819e-21
7.71085e-21
7.43183e-21
7.16093e-21
6.89799e-21
6.6428e-21
6.39521e-21
6.15502e-21
5.92207e-21
5.69618e-21
5.47718e-21
5.2649e-21
5.05918e-21
4.85986e-21
4.66676e-21
4.47975e-21
4.29865e-21
4.12332e-21
3.9536e-21
3.78935e-21
3.63042e-21
3.47667e-21
3.32796e-21
3.18414e-21
3.04509e-21
2.91068e-21
2.78076e-21
2.65522e-21
2.53392e-21
2.41675e-21
2.30359e-21
2.19432e-21
2.08883e-21
1.98703e-21
1.88886e-21
1.79423e-21
1.70309e-21
1.61536e-21
1.53099e-21
1.44988e-21
1.37197e-21
1.29717e-21
1.2254e-21
1.15657e-21
1.0906e-21
1.02741e-21
9.66917e-22
9.09045e-22
8.53725e-22
8.00888e-22
7.50463e-22
7.02379e-22
6.56563e-22
6.1295e-22
5.7149e-22
5.32138e-22
4.94845e-22
4.59556e-22
4.26215e-22
3.94759e-22
3.65127e-22
3.37253e-22
3.11069e-22
2.86505e-22
2.63491e-22
2.41953e-22
2.21821e-22
2.03022e-22
1.85489e-22
1.6917e-22
1.54018e-22
1.39981e-22
1.27006e-22
1.15038e-22
1.04024e-22
9.39089e-23
8.46377e-23
7.61574e-23
6.8416e-23
6.13628e-23
5.49491e-23
4.91278e-23
4.38541e-23
3.90853e-23
3.4781e-23
3.09028e-23
2.74148e-23
2.42832e-23
2.14766e-23
1.89656e-23
1.67228e-23
1.47231e-23
1.29431e-23
1.13612e-23
9.95789e-24
8.71493e-24
7.61584e-24
6.64554e-24
5.79034e-24
5.03778e-24
4.37662e-24
3.79668e-24
3.28879e-24
2.8447e-24
2.457e-24
2.11908e-24
1.82498e-24
1.56944e-24
1.34774e-24
1.15569e-24
9.89583e-25
8.46138e-25
7.22451e-25
6.15964e-25
5.24423e-25
4.4585e-25
3.78511e-25
3.20885e-25
2.71647e-25
2.29638e-25
1.93851e-25
1.63409e-25
1.37554e-25
1.15626e-25
9.70567e-26
8.1355e-26
6.80976e-26
5.69205e-26
4.75112e-26
3.96018e-26
3.29629e-26
2.73985e-26
2.27417e-26
1.885e-26
1.56025e-26
1.28965e-26
1.0645e-26
8.7744e-27
7.22245e-27
5.93675e-27
4.87317e-27
3.9946e-27
3.2699e-27
2.67298e-27
2.18202e-27
1.77879e-27
1.44807e-27
1.17723e-27
9.55727e-28
7.74841e-28
6.2733e-28
5.07208e-28
4.09527e-28
3.30208e-28
2.65889e-28
2.13807e-28
1.71693e-28
1.37688e-28
1.10268e-28
8.81898e-29
7.04366e-29
5.61815e-29
4.4751e-29
3.55982e-29
2.82794e-29
2.24353e-29
1.7775e-29
1.4064e-29
1.11129e-29
8.76936e-30
6.91084e-30
5.43897e-30
4.27491e-30
3.35555e-30
2.63042e-30
2.05928e-30
1.61003e-30
1.25713e-30
9.803e-31
7.63429e-31
5.93759e-31
4.61196e-31
3.57764e-31
2.77168e-31
2.14451e-31
1.6571e-31
1.27882e-31
9.85621e-32
7.58668e-32
5.83227e-32
4.47783e-32
3.43355e-32
2.62944e-32
2.01109e-32
1.5362e-32
1.17196e-32
8.92953e-33
6.79514e-33
5.16443e-33
3.92015e-33
2.97193e-33
2.25026e-33
1.70171e-33
1.28528e-33
9.69548e-34
7.30473e-34
5.49671e-34
4.13109e-34
3.10094e-34
2.32482e-34
1.74082e-34
1.30193e-34
9.72513e-35
7.25563e-35
5.40666e-35
4.02401e-35
2.99135e-35
2.22103e-35
1.64711e-35
1.22003e-35
9.0262e-36
6.66997e-36
4.923e-36
3.62931e-36
2.67245e-36
1.96555e-36
1.44396e-36
1.05954e-36
7.7656e-37
5.68499e-37
4.15702e-37
3.03622e-37
2.21506e-37
1.61413e-37
1.17488e-37
8.54182e-38
6.20321e-38
4.4998e-38
3.26048e-38
2.35985e-38
1.70608e-38
1.23205e-38
8.88734e-39
6.4037e-39
4.60902e-39
3.31367e-39
2.37977e-39
1.70721e-39
1.22338e-39
8.75717e-40
6.26169e-40
4.4725e-40
3.19113e-40
2.27444e-40
1.61934e-40
1.15168e-40
8.18215e-41
5.80692e-41
4.11687e-41
2.91562e-41
2.0627e-41
1.45777e-41
1.02919e-41
7.25852e-42
5.11388e-42
3.59919e-42
2.53057e-42
1.77742e-42
1.24714e-42
8.74176e-43
6.12138e-43
4.28216e-43
2.99252e-43
2.0892e-43
1.45711e-43
1.01525e-43
7.06678e-44
4.91416e-44
3.41391e-44
2.36934e-44
1.6428e-44
1.13795e-44
7.87477e-45
5.44428e-45
3.76036e-45
2.59479e-45
1.78882e-45
1.23204e-45
8.47768e-46
5.82822e-46
4.00317e-46
2.74723e-46
1.88385e-46
1.29089e-46
8.84142e-47
6.05473e-47
4.1485e-47
2.84744e-47
1.96218e-47
1.363e-47
9.61127e-48
6.96103e-48
5.27067e-48
4.2672e-48
3.77309e-48
3.6785e-48
3.92349e-48
4.48648e-48
5.37781e-48
6.63691e-48
8.33258e-48
1.05661e-47
1.34768e-47
1.72515e-47
2.21361e-47
2.84538e-47
3.66343e-47
