2.5
5e+16
1e+18
50
2.49998
9377.69
2.16562e-19
2.16552e-19
2.16484e-19
2.16375e-19
2.16223e-19
2.16029e-19
2.15792e-19
2.15512e-19
2.1519e-19
2.14826e-19
2.14419e-19
2.13971e-19
2.13481e-19
2.1295e-19
2.12378e-19
2.11766e-19
2.11113e-19
2.10421e-19
2.09688e-19
2.08917e-19
2.08108e-19
2.0726e-19
2.06374e-19
2.05452e-19
2.04493e-19
2.03498e-19
2.02467e-19
2.01401e-19
2.00302e-19
1.99168e-19
1.98002e-19
1.96803e-19
1.95573e-19
1.94312e-19
1.9302e-19
1.91699e-19
1.90349e-19
1.8897e-19
1.87565e-19
1.86133e-19
1.84675e-19
1.83192e-19
1.81685e-19
1.80154e-19
1.78601e-19
1.77025e-19
1.75429e-19
1.73813e-19
1.72177e-19
1.70523e-19
1.68851e-19
1.67162e-19
1.65457e-19
1.63736e-19
1.62002e-19
1.60254e-19
1.58493e-19
1.5672e-19
1.54937e-19
1.53143e-19
1.5134e-19
1.49528e-19
1.47709e-19
1.45882e-19
1.4405e-19
1.42212e-19
1.4037e-19
1.38524e-19
1.36675e-19
1.34824e-19
1.32972e-19
1.31119e-19
1.29266e-19
1.27414e-19
1.25563e-19
1.23715e-19
1.21869e-19
1.20028e-19
1.1819e-19
1.16358e-19
1.14531e-19
1.1271e-19
1.10896e-19
1.0909e-19
1.07292e-19
1.05502e-19
1.03722e-19
1.01951e-19
1.00191e-19
9.84411e-20
9.67028e-20
9.49763e-20
9.32621e-20
9.15605e-20
8.98721e-20
8.81973e-20
8.65365e-20
8.489e-20
8.32583e-20
8.16417e-20
8.00405e-20
7.84552e-20
7.68859e-20
7.5333e-20
7.37967e-20
7.22774e-20
7.07753e-20
6.92906e-20
6.78235e-20
6.63743e-20
6.49431e-20
6.35301e-20
6.21355e-20
6.07594e-20
5.94019e-20
5.80632e-20
5.67434e-20
5.54425e-20
5.41607e-20
5.28979e-20
5.16543e-20
5.04299e-20
4.92247e-20
4.80387e-20
4.6872e-20
4.57244e-20
4.45961e-20
4.3487e-20
4.2397e-20
4.1326e-20
4.02741e-20
3.92412e-20
3.82271e-20
3.72318e-20
3.62552e-20
3.52971e-20
3.43576e-20
3.34363e-20
3.25333e-20
3.16483e-20
3.07813e-20
2.9932e-20
2.91004e-20
2.82862e-20
2.74893e-20
2.67096e-20
2.59467e-20
2.52007e-20
2.44712e-20
2.3758e-20
2.3061e-20
2.238e-20
2.17148e-20
2.10651e-20
2.04308e-20
1.98116e-20
1.92073e-20
1.86178e-20
1.80427e-20
1.74818e-20
1.69351e-20
1.64021e-20
1.58827e-20
1.53767e-20
1.48838e-20
1.44038e-20
1.39365e-20
1.34816e-20
1.3039e-20
1.26084e-20
1.21895e-20
1.17822e-20
1.13861e-20
1.10012e-20
1.06272e-20
1.02638e-20
9.91077e-21
9.56799e-21
9.2352e-21
8.91217e-21
8.5987e-21
8.29457e-21
7.99957e-21
7.71349e-21
7.43612e-21
7.16727e-21
6.90673e-21
6.6543e-21
6.40978e-21
6.17298e-21
5.94371e-21
5.72177e-21
5.50699e-21
5.29917e-21
5.09814e-21
4.90372e-21
4.71574e-21
4.53402e-21
4.35838e-21
4.18868e-21
4.02474e-21
3.8664e-21
3.71351e-21
3.5659e-21
3.42344e-21
3.28597e-21
3.15334e-21
3.02541e-21
2.90205e-21
2.78312e-21
2.66848e-21
2.558e-21
2.45156e-21
2.34902e-21
2.25028e-21
2.1552e-21
2.06368e-21
1.97559e-21
1.89084e-21
1.80931e-21
1.73089e-21
1.6555e-21
1.58302e-21
1.51336e-21
1.44642e-21
1.38213e-21
1.32037e-21
1.26107e-21
1.20415e-21
1.14951e-21
1.09709e-21
1.0468e-21
9.98563e-22
9.52312e-22
9.07973e-22
8.65478e-22
8.2476e-22
7.85754e-22
7.48397e-22
7.12629e-22
6.78392e-22
6.45629e-22
6.14285e-22
5.84306e-22
5.5564e-22
5.28237e-22
5.02049e-22
4.77029e-22
4.5313e-22
4.30308e-22
4.0852e-22
3.87726e-22
3.67884e-22
3.48958e-22
3.3091e-22
3.13705e-22
2.97309e-22
2.81689e-22
2.66813e-22
2.5265e-22
2.3917e-22
2.26344e-22
2.14144e-22
2.02543e-22
1.91516e-22
1.81037e-22
1.71081e-22
1.61627e-22
1.52651e-22
1.44132e-22
1.36049e-22
1.28382e-22
1.21112e-22
1.14221e-22
1.07691e-22
1.01504e-22
9.56456e-23
9.00991e-23
8.48496e-23
7.98828e-23
7.51849e-23
7.07428e-23
6.65438e-23
6.2576e-23
5.88276e-23
5.52878e-23
5.19459e-23
4.87918e-23
4.5816e-23
4.30091e-23
4.03626e-23
3.78679e-23
3.55171e-23
3.33026e-23
3.12171e-23
2.92538e-23
2.7406e-23
2.56675e-23
2.40323e-23
2.24949e-23
2.10497e-23
1.96917e-23
1.8416e-23
1.7218e-23
1.60933e-23
1.50377e-23
1.40474e-23
1.31186e-23
1.22476e-23
1.14313e-23
1.06663e-23
9.94969e-24
9.2786e-24
8.65032e-24
8.06232e-24
7.51218e-24
6.99761e-24
6.51646e-24
6.06671e-24
5.64643e-24
5.25381e-24
4.88713e-24
4.5448e-24
4.22529e-24
3.92716e-24
3.64908e-24
3.38977e-24
3.14803e-24
2.92275e-24
2.71286e-24
2.51737e-24
2.33535e-24
2.16592e-24
2.00825e-24
1.86157e-24
1.72516e-24
1.59832e-24
1.48044e-24
1.37089e-24
1.26913e-24
1.17463e-24
1.08689e-24
1.00545e-24
9.29881e-25
8.59781e-25
7.94772e-25
7.34499e-25
6.78634e-25
6.26867e-25
5.78912e-25
5.34499e-25
4.93377e-25
4.55314e-25
4.2009e-25
3.87502e-25
3.57362e-25
3.29491e-25
3.03727e-25
2.79915e-25
2.57914e-25
2.3759e-25
2.18821e-25
2.01491e-25
1.85495e-25
1.70733e-25
1.57113e-25
1.4455e-25
1.32965e-25
1.22283e-25
1.12437e-25
1.03363e-25
9.50035e-26
8.73027e-26
8.02108e-26
7.36809e-26
6.76699e-26
6.21378e-26
5.70473e-26
5.23643e-26
4.8057e-26
4.40961e-26
4.04545e-26
3.71071e-26
3.40307e-26
3.1204e-26
2.86072e-26
2.62221e-26
2.40318e-26
2.20208e-26
2.01747e-26
1.84804e-26
1.69256e-26
1.54991e-26
1.41906e-26
1.29905e-26
1.18901e-26
1.08811e-26
9.95629e-27
9.10865e-27
8.33191e-27
7.62026e-27
6.96835e-27
6.37127e-27
5.82449e-27
5.32386e-27
4.86555e-27
4.44606e-27
4.06215e-27
3.71087e-27
3.38949e-27
3.09552e-27
2.82665e-27
2.58078e-27
2.35597e-27
2.15046e-27
1.96262e-27
1.79095e-27
1.63408e-27
1.49076e-27
1.35983e-27
1.24025e-27
1.13104e-27
1.03132e-27
9.40282e-28
8.57175e-28
7.81322e-28
7.12098e-28
6.48933e-28
5.91304e-28
5.38733e-28
4.90781e-28
4.4705e-28
4.07172e-28
3.70811e-28
3.37661e-28
3.07436e-28
2.7988e-28
2.5476e-28
2.31865e-28
2.11003e-28
1.91998e-28
1.74692e-28
1.5894e-28
1.44604e-28
1.31558e-28
1.1969e-28
1.08904e-28
9.91047e-29
9.02038e-29
8.21202e-29
7.47799e-29
6.81165e-29
6.2085e-29
5.6636e-29
5.17187e-29
4.7287e-29
4.32994e-29
3.9718e-29
3.65089e-29
3.36415e-29
3.1088e-29
2.88237e-29
2.68264e-29
2.50763e-29
2.35557e-29
2.22492e-29
2.1143e-29
2.02251e-29
1.94854e-29
1.8915e-29
1.85067e-29
1.82545e-29
1.81539e-29
1.82015e-29
1.83952e-29
1.87341e-29
1.92183e-29
1.98493e-29
2.06296e-29
2.15629e-29
2.2654e-29
2.3909e-29
2.53351e-29
2.6941e-29
2.87364e-29
3.07327e-29
3.29426e-29
3.53805e-29
3.80622e-29
4.10056e-29
4.42303e-29
4.7758e-29
5.16127e-29
5.58207e-29
6.04108e-29
6.54147e-29
7.08673e-29
7.68067e-29
8.32744e-29
9.03163e-29
9.79823e-29
