5
5e+17
5e+18
49.9999
4.99967
13262.1
7.50732e-20
7.50671e-20
7.50359e-20
7.49905e-20
7.49308e-20
7.48566e-20
7.47682e-20
7.46654e-20
7.45484e-20
7.44173e-20
7.42721e-20
7.41129e-20
7.39397e-20
7.37528e-20
7.35522e-20
7.3338e-20
7.31104e-20
7.28694e-20
7.26152e-20
7.2348e-20
7.20679e-20
7.17751e-20
7.14696e-20
7.11518e-20
7.08217e-20
7.04796e-20
7.01256e-20
6.97599e-20
6.93828e-20
6.89944e-20
6.85949e-20
6.81846e-20
6.77637e-20
6.73325e-20
6.6891e-20
6.64397e-20
6.59787e-20
6.55082e-20
6.50286e-20
6.454e-20
6.40427e-20
6.35371e-20
6.30232e-20
6.25015e-20
6.19721e-20
6.14354e-20
6.08916e-20
6.03409e-20
5.97837e-20
5.92202e-20
5.86507e-20
5.80755e-20
5.74949e-20
5.6909e-20
5.63183e-20
5.57229e-20
5.51232e-20
5.45195e-20
5.39119e-20
5.33008e-20
5.26865e-20
5.20692e-20
5.14492e-20
5.08268e-20
5.02022e-20
4.95757e-20
4.89476e-20
4.83181e-20
4.76875e-20
4.7056e-20
4.64239e-20
4.57915e-20
4.5159e-20
4.45265e-20
4.38945e-20
4.32631e-20
4.26325e-20
4.20029e-20
4.13747e-20
4.0748e-20
4.0123e-20
3.94999e-20
3.8879e-20
3.82605e-20
3.76444e-20
3.70312e-20
3.64209e-20
3.58137e-20
3.52097e-20
3.46093e-20
3.40125e-20
3.34195e-20
3.28305e-20
3.22455e-20
3.16649e-20
3.10887e-20
3.0517e-20
2.995e-20
2.93878e-20
2.88306e-20
2.82784e-20
2.77314e-20
2.71896e-20
2.66533e-20
2.61224e-20
2.55971e-20
2.50775e-20
2.45636e-20
2.40555e-20
2.35533e-20
2.3057e-20
2.25668e-20
2.20827e-20
2.16047e-20
2.11329e-20
2.06673e-20
2.0208e-20
1.9755e-20
1.93084e-20
1.8868e-20
1.84341e-20
1.80066e-20
1.75855e-20
1.71708e-20
1.67626e-20
1.63608e-20
1.59654e-20
1.55764e-20
1.51939e-20
1.48178e-20
1.44481e-20
1.40847e-20
1.37277e-20
1.3377e-20
1.30327e-20
1.26946e-20
1.23627e-20
1.2037e-20
1.17175e-20
1.14041e-20
1.10968e-20
1.07955e-20
1.05002e-20
1.02108e-20
9.92735e-21
9.64968e-21
9.37778e-21
9.11159e-21
8.85105e-21
8.5961e-21
8.34668e-21
8.10272e-21
7.86416e-21
7.63094e-21
7.40298e-21
7.18023e-21
6.96261e-21
6.75006e-21
6.54251e-21
6.33989e-21
6.14213e-21
5.94916e-21
5.7609e-21
5.5773e-21
5.39826e-21
5.22373e-21
5.05363e-21
4.88788e-21
4.72642e-21
4.56918e-21
4.41609e-21
4.26707e-21
4.12206e-21
3.981e-21
3.8438e-21
3.7104e-21
3.58072e-21
3.4547e-21
3.33227e-21
3.21335e-21
3.09788e-21
2.9858e-21
2.87704e-21
2.77154e-21
2.66922e-21
2.57003e-21
2.47389e-21
2.38075e-21
2.29053e-21
2.20317e-21
2.11861e-21
2.03677e-21
1.9576e-21
1.88104e-21
1.80701e-21
1.73545e-21
1.66631e-21
1.59951e-21
1.53501e-21
1.47273e-21
1.41263e-21
1.35464e-21
1.29869e-21
1.24475e-21
1.19274e-21
1.14262e-21
1.09433e-21
1.04782e-21
1.00303e-21
9.59908e-22
9.18413e-22
8.78489e-22
8.40089e-22
8.03166e-22
7.67672e-22
7.33562e-22
7.00791e-22
6.69315e-22
6.39093e-22
6.10082e-22
5.82241e-22
5.55532e-22
5.29914e-22
5.05351e-22
4.81806e-22
4.59243e-22
4.37626e-22
4.16923e-22
3.971e-22
3.78125e-22
3.59966e-22
3.42594e-22
3.25979e-22
3.10093e-22
2.94907e-22
2.80395e-22
2.66531e-22
2.5329e-22
2.40647e-22
2.28578e-22
2.17061e-22
2.06073e-22
1.95593e-22
1.856e-22
1.76074e-22
1.66997e-22
1.58348e-22
1.5011e-22
1.42267e-22
1.348e-22
1.27693e-22
1.20932e-22
1.14501e-22
1.08386e-22
1.02572e-22
9.70472e-23
9.17974e-23
8.68107e-23
8.20751e-23
7.75792e-23
7.3312e-23
6.9263e-23
6.54219e-23
6.17792e-23
5.83254e-23
5.50517e-23
5.19494e-23
4.90104e-23
4.62268e-23
4.35911e-23
4.1096e-23
3.87346e-23
3.65005e-23
3.43872e-23
3.23888e-23
3.04995e-23
2.87138e-23
2.70264e-23
2.54323e-23
2.39268e-23
2.25053e-23
2.11635e-23
1.98972e-23
1.87024e-23
1.75754e-23
1.65127e-23
1.55107e-23
1.45663e-23
1.36764e-23
1.2838e-23
1.20483e-23
1.13048e-23
1.06048e-23
9.94599e-24
9.3261e-24
8.74295e-24
8.19451e-24
7.67884e-24
7.19408e-24
6.73849e-24
6.31042e-24
5.90831e-24
5.53066e-24
5.17607e-24
4.84321e-24
4.53082e-24
4.23771e-24
3.96275e-24
3.70488e-24
3.46308e-24
3.23642e-24
3.02398e-24
2.82493e-24
2.63845e-24
2.4638e-24
2.30026e-24
2.14716e-24
2.00385e-24
1.86976e-24
1.7443e-24
1.62694e-24
1.5172e-24
1.41459e-24
1.31868e-24
1.22904e-24
1.14528e-24
1.06703e-24
9.93949e-25
9.25705e-25
8.61991e-25
8.02519e-25
7.47017e-25
6.95232e-25
6.46923e-25
6.01866e-25
5.59851e-25
5.2068e-25
4.84167e-25
4.50138e-25
4.18432e-25
3.88894e-25
3.61382e-25
3.35761e-25
3.11907e-25
2.897e-25
2.69032e-25
2.49799e-25
2.31905e-25
2.15259e-25
1.99777e-25
1.85381e-25
1.71996e-25
1.59554e-25
1.4799e-25
1.37244e-25
1.2726e-25
1.17985e-25
1.09371e-25
1.01372e-25
9.39442e-26
8.7049e-26
8.0649e-26
7.47095e-26
6.91982e-26
6.40851e-26
5.93422e-26
5.49432e-26
5.08639e-26
4.70816e-26
4.35752e-26
4.0325e-26
3.73128e-26
3.45215e-26
3.19352e-26
2.95394e-26
2.73201e-26
2.52648e-26
2.33615e-26
2.15992e-26
1.99678e-26
1.84576e-26
1.70598e-26
1.57663e-26
1.45694e-26
1.34621e-26
1.24377e-26
1.14901e-26
1.06137e-26
9.8033e-27
9.05393e-27
8.3611e-27
7.7206e-27
7.12856e-27
6.58137e-27
6.07567e-27
5.60838e-27
5.17662e-27
4.77772e-27
4.40923e-27
4.06886e-27
3.75449e-27
3.46417e-27
3.19607e-27
2.94852e-27
2.71997e-27
2.50898e-27
2.3142e-27
2.13442e-27
1.96849e-27
1.81536e-27
1.67405e-27
1.54366e-27
1.42335e-27
1.31235e-27
1.20995e-27
1.1155e-27
1.02837e-27
9.48014e-28
8.73902e-28
8.05556e-28
7.42531e-28
6.84418e-28
6.30836e-28
5.81436e-28
5.35893e-28
4.9391e-28
4.5521e-28
4.1954e-28
3.86663e-28
3.56363e-28
3.28439e-28
3.02707e-28
2.78996e-28
2.57149e-28
2.3702e-28
2.18476e-28
2.01392e-28
1.85655e-28
1.7116e-28
1.57809e-28
1.45514e-28
1.3419e-28
1.23764e-28
1.14163e-28
1.05325e-28
9.71882e-29
8.96988e-29
8.28058e-29
7.64626e-29
7.06262e-29
6.52569e-29
6.03183e-29
5.57767e-29
5.16011e-29
4.7763e-29
4.42361e-29
4.09962e-29
3.8021e-29
3.52901e-29
3.27845e-29
3.04871e-29
2.83817e-29
2.64537e-29
2.46897e-29
2.30773e-29
2.16051e-29
2.02626e-29
1.90404e-29
1.79296e-29
1.69218e-29
1.60105e-29
1.51902e-29
1.44561e-29
1.38031e-29
1.32263e-29
1.27219e-29
1.22854e-29
1.19143e-29
1.16056e-29
1.1356e-29
1.11624e-29
1.1022e-29
1.09326e-29
1.08918e-29
1.0898e-29
1.09494e-29
1.10447e-29
1.11828e-29
1.13629e-29
1.15841e-29
1.1846e-29
1.21482e-29
1.24908e-29
1.28736e-29
1.32969e-29
1.37611e-29
1.42667e-29
1.48144e-29
1.54051e-29
1.60399e-29
1.67198e-29
