7.5
5e+17
1e+19
49.9995
7.49987
16242.6
4.22947e-20
4.22751e-20
4.22118e-20
4.21389e-20
4.20581e-20
4.19697e-20
4.18739e-20
4.1771e-20
4.1661e-20
4.1544e-20
4.14201e-20
4.12894e-20
4.1152e-20
4.10081e-20
4.08575e-20
4.07005e-20
4.0537e-20
4.03672e-20
4.01911e-20
4.00088e-20
3.98204e-20
3.9626e-20
3.94257e-20
3.92195e-20
3.90076e-20
3.879e-20
3.85669e-20
3.83385e-20
3.81047e-20
3.78657e-20
3.76216e-20
3.73726e-20
3.71188e-20
3.68602e-20
3.6597e-20
3.63294e-20
3.60574e-20
3.57812e-20
3.55008e-20
3.52165e-20
3.49284e-20
3.46366e-20
3.43412e-20
3.40423e-20
3.37402e-20
3.34348e-20
3.31264e-20
3.28152e-20
3.25011e-20
3.21844e-20
3.18652e-20
3.15436e-20
3.12198e-20
3.08939e-20
3.0566e-20
3.02363e-20
2.99049e-20
2.9572e-20
2.92376e-20
2.89019e-20
2.8565e-20
2.82271e-20
2.78882e-20
2.75486e-20
2.72083e-20
2.68675e-20
2.65262e-20
2.61847e-20
2.5843e-20
2.55012e-20
2.51595e-20
2.4818e-20
2.44767e-20
2.41359e-20
2.37956e-20
2.34559e-20
2.31169e-20
2.27788e-20
2.24416e-20
2.21054e-20
2.17704e-20
2.14366e-20
2.11041e-20
2.07731e-20
2.04435e-20
2.01155e-20
1.97892e-20
1.94647e-20
1.9142e-20
1.88212e-20
1.85024e-20
1.81857e-20
1.78711e-20
1.75588e-20
1.72487e-20
1.69409e-20
1.66355e-20
1.63326e-20
1.60322e-20
1.57343e-20
1.54391e-20
1.51466e-20
1.48567e-20
1.45696e-20
1.42853e-20
1.40039e-20
1.37253e-20
1.34496e-20
1.31769e-20
1.29072e-20
1.26404e-20
1.23767e-20
1.21161e-20
1.18585e-20
1.16041e-20
1.13527e-20
1.11045e-20
1.08594e-20
1.06175e-20
1.03788e-20
1.01433e-20
9.91088e-21
9.6817e-21
9.45571e-21
9.23291e-21
9.01331e-21
8.79691e-21
8.58371e-21
8.37372e-21
8.16693e-21
7.96335e-21
7.76297e-21
7.56579e-21
7.37179e-21
7.18099e-21
6.99336e-21
6.8089e-21
6.6276e-21
6.44947e-21
6.2745e-21
6.10269e-21
5.93404e-21
5.76854e-21
5.60618e-21
5.44696e-21
5.29084e-21
5.13783e-21
4.98791e-21
4.8411e-21
4.69737e-21
4.55673e-21
4.41917e-21
4.28466e-21
4.15319e-21
4.02475e-21
3.89929e-21
3.77681e-21
3.65728e-21
3.54065e-21
3.42691e-21
3.31602e-21
3.20794e-21
3.10264e-21
3.00008e-21
2.90022e-21
2.80302e-21
2.70845e-21
2.61645e-21
2.52699e-21
2.44003e-21
2.35552e-21
2.27341e-21
2.19367e-21
2.11624e-21
2.04109e-21
1.96817e-21
1.89742e-21
1.82882e-21
1.76231e-21
1.69784e-21
1.63537e-21
1.57487e-21
1.51627e-21
1.45954e-21
1.40463e-21
1.3515e-21
1.30011e-21
1.25041e-21
1.20235e-21
1.15591e-21
1.11103e-21
1.06767e-21
1.0258e-21
9.85364e-22
9.46335e-22
9.0867e-22
8.72331e-22
8.37279e-22
8.03478e-22
7.70891e-22
7.39482e-22
7.09216e-22
6.80059e-22
6.51977e-22
6.24936e-22
5.98904e-22
5.7385e-22
5.49742e-22
5.2655e-22
5.04244e-22
4.82796e-22
4.62177e-22
4.4236e-22
4.23317e-22
4.05023e-22
3.87452e-22
3.70579e-22
3.54379e-22
3.3883e-22
3.23909e-22
3.09592e-22
2.95859e-22
2.82688e-22
2.70059e-22
2.57953e-22
2.46349e-22
2.3523e-22
2.24577e-22
2.14372e-22
2.04599e-22
1.95242e-22
1.86284e-22
1.77709e-22
1.69504e-22
1.61653e-22
1.54144e-22
1.46961e-22
1.40093e-22
1.33526e-22
1.27249e-22
1.21249e-22
1.15517e-22
1.1004e-22
1.04808e-22
9.98112e-23
9.50397e-23
9.04842e-23
8.61356e-23
8.19851e-23
7.80245e-23
7.42455e-23
7.06405e-23
6.7202e-23
6.39229e-23
6.07961e-23
5.78152e-23
5.49737e-23
5.22655e-23
4.96848e-23
4.72259e-23
4.48835e-23
4.26522e-23
4.05272e-23
3.85037e-23
3.65771e-23
3.4743e-23
3.29973e-23
3.13358e-23
2.97547e-23
2.82504e-23
2.68193e-23
2.54581e-23
2.41634e-23
2.29322e-23
2.17615e-23
2.06485e-23
1.95905e-23
1.85849e-23
1.76291e-23
1.67209e-23
1.5858e-23
1.50382e-23
1.42594e-23
1.35198e-23
1.28173e-23
1.21502e-23
1.15168e-23
1.09155e-23
1.03447e-23
9.80285e-24
9.28861e-24
8.80061e-24
8.33755e-24
7.8982e-24
7.48139e-24
7.08601e-24
6.71099e-24
6.35532e-24
6.01802e-24
5.6982e-24
5.39495e-24
5.10747e-24
4.83494e-24
4.57662e-24
4.33179e-24
4.09976e-24
3.87988e-24
3.67154e-24
3.47415e-24
3.28715e-24
3.11e-24
2.9422e-24
2.78328e-24
2.63276e-24
2.49023e-24
2.35526e-24
2.22747e-24
2.10649e-24
1.99195e-24
1.88353e-24
1.7809e-24
1.68376e-24
1.59183e-24
1.50484e-24
1.42252e-24
1.34462e-24
1.27092e-24
1.2012e-24
1.13524e-24
1.07284e-24
1.01383e-24
9.58005e-25
9.05211e-25
8.55283e-25
8.08069e-25
7.63425e-25
7.21211e-25
6.813e-25
6.43567e-25
6.07896e-25
5.74175e-25
5.42301e-25
5.12173e-25
4.83698e-25
4.56786e-25
4.31353e-25
4.07319e-25
3.84608e-25
3.63149e-25
3.42873e-25
3.23716e-25
3.05618e-25
2.8852e-25
2.72369e-25
2.57112e-25
2.42701e-25
2.29089e-25
2.16232e-25
2.0409e-25
1.92624e-25
1.81795e-25
1.71569e-25
1.61913e-25
1.52795e-25
1.44186e-25
1.36058e-25
1.28384e-25
1.2114e-25
1.143e-25
1.07844e-25
1.01749e-25
9.59959e-26
9.05655e-26
8.544e-26
8.06023e-26
7.60366e-26
7.17275e-26
6.76609e-26
6.38233e-26
6.02018e-26
5.67844e-26
5.35597e-26
5.0517e-26
4.7646e-26
4.49372e-26
4.23815e-26
3.99702e-26
3.76954e-26
3.55493e-26
3.35247e-26
3.16148e-26
2.98132e-26
2.81137e-26
2.65106e-26
2.49985e-26
2.35723e-26
2.22271e-26
2.09583e-26
1.97616e-26
1.86331e-26
1.75687e-26
1.65649e-26
1.56183e-26
1.47257e-26
1.38839e-26
1.30901e-26
1.23415e-26
1.16357e-26
1.09702e-26
1.03427e-26
9.75101e-27
9.19316e-27
8.6672e-27
8.17132e-27
7.70381e-27
7.26307e-27
6.84755e-27
6.45584e-27
6.08658e-27
5.73848e-27
5.41035e-27
5.10104e-27
4.80949e-27
4.53468e-27
4.27565e-27
4.03152e-27
3.80142e-27
3.58455e-27
3.38017e-27
3.18756e-27
3.00605e-27
2.83501e-27
2.67384e-27
2.52197e-27
2.37887e-27
2.24406e-27
2.11704e-27
1.99739e-27
1.88468e-27
1.77851e-27
1.67851e-27
1.58434e-27
1.49566e-27
1.41216e-27
1.33355e-27
1.25955e-27
1.1899e-27
1.12436e-27
1.06269e-27
1.00468e-27
9.50131e-28
8.98839e-28
8.50629e-28
8.0533e-28
7.62782e-28
7.22836e-28
6.8535e-28
6.50192e-28
6.17237e-28
5.8637e-28
5.5748e-28
5.30467e-28
5.05233e-28
4.81691e-28
4.59755e-28
4.39349e-28
4.204e-28
4.02841e-28
3.86609e-28
3.71646e-28
3.579e-28
3.4532e-28
3.33862e-28
3.23485e-28
3.14151e-28
3.05827e-28
2.98482e-28
2.92091e-28
2.86629e-28
2.82077e-28
2.78415e-28
2.75663e-28
2.73846e-28
2.7296e-28
2.73014e-28
2.7401e-28
2.75977e-28
2.78916e-28
2.82833e-28
2.87734e-28
2.93631e-28
3.00537e-28
3.08472e-28
3.17455e-28
3.27513e-28
3.38673e-28
3.50968e-28
3.64434e-28
3.79112e-28
3.95044e-28
4.12279e-28
