12.5
5e+17
1e+18
49.9997
12.5003
20969.1
2.08798e-20
2.08734e-20
2.08512e-20
2.08242e-20
2.0793e-20
2.07577e-20
2.07182e-20
2.06748e-20
2.06274e-20
2.0576e-20
2.05207e-20
2.04616e-20
2.03986e-20
2.03319e-20
2.02613e-20
2.0187e-20
2.01091e-20
2.00275e-20
1.99422e-20
1.98535e-20
1.97612e-20
1.96655e-20
1.95664e-20
1.94639e-20
1.93582e-20
1.92493e-20
1.91371e-20
1.90219e-20
1.89037e-20
1.87825e-20
1.86583e-20
1.85314e-20
1.84017e-20
1.82693e-20
1.81342e-20
1.79966e-20
1.78566e-20
1.77141e-20
1.75693e-20
1.74223e-20
1.7273e-20
1.71217e-20
1.69684e-20
1.68131e-20
1.6656e-20
1.6497e-20
1.63364e-20
1.61741e-20
1.60103e-20
1.58451e-20
1.56784e-20
1.55105e-20
1.53413e-20
1.5171e-20
1.49996e-20
1.48272e-20
1.46539e-20
1.44798e-20
1.43049e-20
1.41293e-20
1.39532e-20
1.37765e-20
1.35994e-20
1.34219e-20
1.32441e-20
1.3066e-20
1.28879e-20
1.27096e-20
1.25313e-20
1.23531e-20
1.2175e-20
1.19971e-20
1.18194e-20
1.16421e-20
1.14651e-20
1.12886e-20
1.11126e-20
1.09372e-20
1.07624e-20
1.05882e-20
1.04148e-20
1.02422e-20
1.00705e-20
9.89965e-21
9.72975e-21
9.56085e-21
9.39299e-21
9.22622e-21
9.06058e-21
8.89612e-21
8.73288e-21
8.57089e-21
8.41021e-21
8.25085e-21
8.09287e-21
7.93628e-21
7.78114e-21
7.62746e-21
7.47527e-21
7.32461e-21
7.17551e-21
7.02799e-21
6.88207e-21
6.73778e-21
6.59515e-21
6.45419e-21
6.31492e-21
6.17737e-21
6.04155e-21
5.90748e-21
5.77518e-21
5.64466e-21
5.51595e-21
5.38904e-21
5.26396e-21
5.14071e-21
5.01931e-21
4.89977e-21
4.7821e-21
4.6663e-21
4.55238e-21
4.44033e-21
4.33018e-21
4.2219e-21
4.11551e-21
4.01099e-21
3.90835e-21
3.80758e-21
3.70867e-21
3.61162e-21
3.51642e-21
3.42306e-21
3.33152e-21
3.2418e-21
3.15389e-21
3.06777e-21
2.98342e-21
2.90083e-21
2.81999e-21
2.74089e-21
2.66349e-21
2.58779e-21
2.51377e-21
2.4414e-21
2.37068e-21
2.30157e-21
2.23406e-21
2.16814e-21
2.10377e-21
2.04093e-21
1.97962e-21
1.91979e-21
1.86143e-21
1.80453e-21
1.74905e-21
1.69497e-21
1.64227e-21
1.59093e-21
1.54092e-21
1.49222e-21
1.4448e-21
1.39865e-21
1.35374e-21
1.31005e-21
1.26755e-21
1.22622e-21
1.18604e-21
1.14698e-21
1.10902e-21
1.07214e-21
1.03631e-21
1.00151e-21
9.67727e-22
9.34928e-22
9.03095e-22
8.72206e-22
8.42238e-22
8.1317e-22
7.84981e-22
7.57651e-22
7.31158e-22
7.05482e-22
6.80602e-22
6.565e-22
6.33155e-22
6.10548e-22
5.8866e-22
5.67472e-22
5.46965e-22
5.27123e-22
5.07926e-22
4.89358e-22
4.714e-22
4.54037e-22
4.37252e-22
4.21028e-22
4.0535e-22
3.90201e-22
3.75567e-22
3.61433e-22
3.47784e-22
3.34606e-22
3.21884e-22
3.09606e-22
2.97756e-22
2.86324e-22
2.75295e-22
2.64657e-22
2.54398e-22
2.44507e-22
2.34971e-22
2.25779e-22
2.1692e-22
2.08385e-22
2.00161e-22
1.92239e-22
1.84609e-22
1.77261e-22
1.70186e-22
1.63375e-22
1.56819e-22
1.5051e-22
1.44438e-22
1.38596e-22
1.32976e-22
1.27571e-22
1.22372e-22
1.17373e-22
1.12566e-22
1.07945e-22
1.03504e-22
9.92352e-23
9.51331e-23
9.11917e-23
8.74052e-23
8.37679e-23
8.02743e-23
7.69193e-23
7.36977e-23
7.06045e-23
6.76351e-23
6.47849e-23
6.20492e-23
5.9424e-23
5.69049e-23
5.44879e-23
5.21693e-23
4.99452e-23
4.7812e-23
4.57662e-23
4.38044e-23
4.19235e-23
4.01202e-23
3.83915e-23
3.67345e-23
3.51464e-23
3.36245e-23
3.21662e-23
3.07689e-23
2.94302e-23
2.81478e-23
2.69194e-23
2.57428e-23
2.46161e-23
2.3537e-23
2.25039e-23
2.15147e-23
2.05676e-23
1.9661e-23
1.87933e-23
1.79627e-23
1.71678e-23
1.64071e-23
1.56792e-23
1.49827e-23
1.43164e-23
1.36789e-23
1.30691e-23
1.24858e-23
1.19279e-23
1.13943e-23
1.08841e-23
1.03961e-23
9.92954e-24
9.48343e-24
9.05692e-24
8.64917e-24
8.25939e-24
7.8868e-24
7.53068e-24
7.1903e-24
6.86501e-24
6.55414e-24
6.25708e-24
5.97322e-24
5.702e-24
5.44287e-24
5.1953e-24
4.95879e-24
4.73286e-24
4.51705e-24
4.31091e-24
4.11402e-24
3.92598e-24
3.74639e-24
3.57489e-24
3.41111e-24
3.25472e-24
3.1054e-24
2.96282e-24
2.82669e-24
2.69673e-24
2.57266e-24
2.45421e-24
2.34114e-24
2.23321e-24
2.13019e-24
2.03186e-24
1.93801e-24
1.84844e-24
1.76295e-24
1.68137e-24
1.60352e-24
1.52923e-24
1.45834e-24
1.3907e-24
1.32615e-24
1.26457e-24
1.20582e-24
1.14976e-24
1.09628e-24
1.04526e-24
9.9659e-25
9.50162e-25
9.05873e-25
8.63626e-25
8.23329e-25
7.84893e-25
7.48233e-25
7.13268e-25
6.7992e-25
6.48116e-25
6.17785e-25
5.8886e-25
5.61275e-25
5.3497e-25
5.09887e-25
4.85968e-25
4.63161e-25
4.41414e-25
4.20678e-25
4.00908e-25
3.82058e-25
3.64086e-25
3.46952e-25
3.30617e-25
3.15045e-25
3.00199e-25
2.86046e-25
2.72555e-25
2.59694e-25
2.47435e-25
2.3575e-25
2.24612e-25
2.13995e-25
2.03876e-25
1.94231e-25
1.85038e-25
1.76277e-25
1.67927e-25
1.5997e-25
1.52386e-25
1.45159e-25
1.38271e-25
1.31708e-25
1.25453e-25
1.19494e-25
1.13814e-25
1.08403e-25
1.03247e-25
9.83341e-26
9.36531e-26
8.91931e-26
8.49439e-26
8.08955e-26
7.70386e-26
7.33642e-26
6.98637e-26
6.65289e-26
6.33522e-26
6.03261e-26
5.74435e-26
5.46976e-26
5.20822e-26
4.95909e-26
4.72181e-26
4.49581e-26
4.28056e-26
4.07556e-26
3.88032e-26
3.69439e-26
3.51732e-26
3.3487e-26
3.18813e-26
3.03524e-26
2.88965e-26
2.75102e-26
2.61903e-26
2.49337e-26
2.37372e-26
2.25982e-26
2.15138e-26
2.04816e-26
1.94989e-26
1.85636e-26
1.76733e-26
1.6826e-26
1.60195e-26
1.5252e-26
1.45216e-26
1.38266e-26
1.31653e-26
1.25361e-26
1.19375e-26
1.1368e-26
1.08263e-26
1.0311e-26
9.82099e-27
9.35495e-27
8.9118e-27
8.49045e-27
8.08988e-27
7.70912e-27
7.34724e-27
7.00334e-27
6.6766e-27
6.3662e-27
6.07139e-27
5.79143e-27
5.52565e-27
5.27339e-27
5.03401e-27
4.80693e-27
4.59159e-27
4.38745e-27
4.194e-27
4.01077e-27
3.83728e-27
3.6731e-27
3.51784e-27
3.37108e-27
3.23246e-27
3.10164e-27
2.97827e-27
2.86205e-27
2.75267e-27
2.64985e-27
2.55334e-27
2.46288e-27
2.37822e-27
2.29916e-27
2.22549e-27
2.157e-27
2.09352e-27
2.03487e-27
1.98089e-27
1.93144e-27
1.88638e-27
1.84558e-27
1.80892e-27
1.77629e-27
1.7476e-27
1.72276e-27
1.70168e-27
1.6843e-27
1.67055e-27
1.66038e-27
1.65374e-27
1.65059e-27
1.6509e-27
1.65465e-27
1.66182e-27
1.6724e-27
1.6864e-27
1.70382e-27
1.72468e-27
1.74899e-27
1.77679e-27
1.80812e-27
1.84307e-27
1.8818e-27
1.92443e-27
1.9711e-27
2.02185e-27
2.07677e-27
2.13592e-27
2.19938e-27
2.26725e-27
2.33963e-27
2.41663e-27
2.49836e-27
