7.5
5e+16
1e+18
49.9999
7.49998
16242.6
4.22401e-20
4.22219e-20
4.21624e-20
4.20934e-20
4.20164e-20
4.19318e-20
4.18399e-20
4.17407e-20
4.16343e-20
4.15208e-20
4.14003e-20
4.1273e-20
4.11389e-20
4.09981e-20
4.08506e-20
4.06966e-20
4.0536e-20
4.03689e-20
4.01955e-20
4.00158e-20
3.98299e-20
3.96379e-20
3.94398e-20
3.92359e-20
3.90261e-20
3.88105e-20
3.85894e-20
3.83628e-20
3.81307e-20
3.78934e-20
3.76509e-20
3.74034e-20
3.71509e-20
3.68936e-20
3.66316e-20
3.63651e-20
3.60941e-20
3.58189e-20
3.55394e-20
3.52559e-20
3.49685e-20
3.46773e-20
3.43824e-20
3.4084e-20
3.37823e-20
3.34773e-20
3.31691e-20
3.2858e-20
3.25441e-20
3.22274e-20
3.19082e-20
3.15866e-20
3.12626e-20
3.09365e-20
3.06084e-20
3.02784e-20
2.99466e-20
2.96132e-20
2.92784e-20
2.89421e-20
2.86047e-20
2.82662e-20
2.79267e-20
2.75864e-20
2.72453e-20
2.69038e-20
2.65617e-20
2.62193e-20
2.58768e-20
2.55341e-20
2.51915e-20
2.4849e-20
2.45068e-20
2.4165e-20
2.38237e-20
2.3483e-20
2.3143e-20
2.28038e-20
2.24656e-20
2.21284e-20
2.17923e-20
2.14574e-20
2.11238e-20
2.07917e-20
2.0461e-20
2.0132e-20
1.98046e-20
1.9479e-20
1.91553e-20
1.88334e-20
1.85136e-20
1.81958e-20
1.78802e-20
1.75668e-20
1.72557e-20
1.6947e-20
1.66406e-20
1.63367e-20
1.60354e-20
1.57366e-20
1.54405e-20
1.51471e-20
1.48564e-20
1.45685e-20
1.42834e-20
1.40011e-20
1.37218e-20
1.34454e-20
1.3172e-20
1.29016e-20
1.26342e-20
1.23699e-20
1.21087e-20
1.18506e-20
1.15956e-20
1.13437e-20
1.10951e-20
1.08496e-20
1.06072e-20
1.03681e-20
1.01322e-20
9.89957e-21
9.67012e-21
9.44389e-21
9.22089e-21
9.00111e-21
8.78456e-21
8.57125e-21
8.36118e-21
8.15434e-21
7.95073e-21
7.75036e-21
7.55321e-21
7.35928e-21
7.16857e-21
6.98105e-21
6.79674e-21
6.61561e-21
6.43766e-21
6.2629e-21
6.09132e-21
5.92292e-21
5.75768e-21
5.5956e-21
5.43667e-21
5.28086e-21
5.12816e-21
4.97857e-21
4.83209e-21
4.68871e-21
4.54841e-21
4.41119e-21
4.27703e-21
4.14591e-21
4.0178e-21
3.89269e-21
3.77055e-21
3.65134e-21
3.53504e-21
3.42162e-21
3.31104e-21
3.20327e-21
3.09827e-21
2.99599e-21
2.89642e-21
2.79949e-21
2.70518e-21
2.61344e-21
2.52423e-21
2.4375e-21
2.35321e-21
2.27133e-21
2.19179e-21
2.11457e-21
2.03961e-21
1.96686e-21
1.8963e-21
1.82786e-21
1.7615e-21
1.69718e-21
1.63486e-21
1.57448e-21
1.51601e-21
1.4594e-21
1.4046e-21
1.35157e-21
1.30027e-21
1.25066e-21
1.20269e-21
1.15632e-21
1.11151e-21
1.06822e-21
1.02641e-21
9.86032e-22
9.47054e-22
9.09434e-22
8.73136e-22
8.38122e-22
8.04353e-22
7.71796e-22
7.40412e-22
7.10168e-22
6.8103e-22
6.52963e-22
6.25935e-22
5.99913e-22
5.74867e-22
5.50764e-22
5.27575e-22
5.05271e-22
4.83822e-22
4.632e-22
4.43378e-22
4.2433e-22
4.06028e-22
3.88448e-22
3.71565e-22
3.55355e-22
3.39794e-22
3.2486e-22
3.1053e-22
2.96783e-22
2.83597e-22
2.70953e-22
2.58831e-22
2.47211e-22
2.36075e-22
2.25405e-22
2.15183e-22
2.05393e-22
1.96018e-22
1.87043e-22
1.78451e-22
1.70228e-22
1.6236e-22
1.54833e-22
1.47633e-22
1.40747e-22
1.34163e-22
1.27869e-22
1.21853e-22
1.16104e-22
1.10611e-22
1.05363e-22
1.0035e-22
9.55631e-23
9.09922e-23
8.66285e-23
8.24633e-23
7.84881e-23
7.46949e-23
7.1076e-23
6.76239e-23
6.43314e-23
6.11916e-23
5.8198e-23
5.53441e-23
5.26238e-23
5.00313e-23
4.75609e-23
4.52072e-23
4.2965e-23
4.08294e-23
3.87955e-23
3.68588e-23
3.5015e-23
3.32597e-23
3.1589e-23
2.99989e-23
2.84859e-23
2.70464e-23
2.56769e-23
2.43743e-23
2.31353e-23
2.19572e-23
2.08369e-23
1.97719e-23
1.87595e-23
1.77971e-23
1.68826e-23
1.60135e-23
1.51877e-23
1.44032e-23
1.36579e-23
1.295e-23
1.22777e-23
1.16393e-23
1.10331e-23
1.04576e-23
9.91121e-24
9.39258e-24
8.90034e-24
8.43318e-24
7.98989e-24
7.56928e-24
7.17022e-24
6.79166e-24
6.43257e-24
6.09199e-24
5.76899e-24
5.4627e-24
5.17227e-24
4.89691e-24
4.63586e-24
4.3884e-24
4.15385e-24
3.93154e-24
3.72086e-24
3.52122e-24
3.33206e-24
3.15283e-24
2.98304e-24
2.82219e-24
2.66984e-24
2.52553e-24
2.38887e-24
2.25945e-24
2.1369e-24
2.02086e-24
1.911e-24
1.80699e-24
1.70854e-24
1.61534e-24
1.52713e-24
1.44365e-24
1.36464e-24
1.28988e-24
1.21914e-24
1.15221e-24
1.08888e-24
1.02898e-24
9.72306e-25
9.18702e-25
8.68001e-25
8.20049e-25
7.747e-25
7.31816e-25
6.91265e-25
6.52922e-25
6.16671e-25
5.82398e-25
5.49998e-25
5.19371e-25
4.90421e-25
4.63058e-25
4.37196e-25
4.12756e-25
3.89659e-25
3.67834e-25
3.47211e-25
3.27727e-25
3.09318e-25
2.91926e-25
2.75497e-25
2.59978e-25
2.45319e-25
2.31474e-25
2.18397e-25
2.06048e-25
1.94386e-25
1.83374e-25
1.72976e-25
1.63158e-25
1.53889e-25
1.45138e-25
1.36877e-25
1.29079e-25
1.21718e-25
1.1477e-25
1.08213e-25
1.02024e-25
9.61844e-26
9.06735e-26
8.54733e-26
8.05668e-26
7.59375e-26
7.157e-26
6.74498e-26
6.35631e-26
5.98968e-26
5.64387e-26
5.31771e-26
5.0101e-26
4.72001e-26
4.44645e-26
4.18849e-26
3.94527e-26
3.71594e-26
3.49973e-26
3.29591e-26
3.10376e-26
2.92264e-26
2.75192e-26
2.59102e-26
2.43937e-26
2.29645e-26
2.16178e-26
2.03487e-26
1.9153e-26
1.80264e-26
1.6965e-26
1.59651e-26
1.50232e-26
1.4136e-26
1.33003e-26
1.25132e-26
1.17719e-26
1.10739e-26
1.04166e-26
9.79765e-27
9.21491e-27
8.66627e-27
8.14977e-27
7.66356e-27
7.2059e-27
6.77513e-27
6.36971e-27
5.98816e-27
5.62911e-27
5.29125e-27
4.97336e-27
4.67427e-27
4.39289e-27
4.12819e-27
3.8792e-27
3.64501e-27
3.42474e-27
3.2176e-27
3.0228e-27
2.83964e-27
2.66742e-27
2.50551e-27
2.3533e-27
2.21022e-27
2.07574e-27
1.94934e-27
1.83056e-27
1.71894e-27
1.61406e-27
1.51553e-27
1.42297e-27
1.33602e-27
1.25436e-27
1.17767e-27
1.10565e-27
1.03804e-27
9.74565e-28
9.14985e-28
8.59068e-28
8.06597e-28
7.57369e-28
7.1119e-28
6.67881e-28
6.27272e-28
5.89202e-28
5.53523e-28
5.20093e-28
4.88781e-28
4.59461e-28
4.32018e-28
4.06342e-28
3.82331e-28
3.59888e-28
3.38924e-28
3.19353e-28
3.01098e-28
2.84084e-28
2.68243e-28
2.5351e-28
2.39825e-28
2.27132e-28
2.15379e-28
2.04518e-28
1.94504e-28
1.85296e-28
1.76856e-28
1.69148e-28
1.62141e-28
1.55805e-28
1.50113e-28
1.45041e-28
1.40579e-28
1.36725e-28
1.33461e-28
1.30779e-28
1.28668e-28
1.27129e-28
1.26154e-28
1.25736e-28
1.25871e-28
1.26555e-28
1.2779e-28
1.29578e-28
1.31922e-28
1.34832e-28
1.38314e-28
1.42381e-28
1.47048e-28
1.52329e-28
1.58244e-28
1.64814e-28
