7.5
1e+17
5e+17
49.9999
7.49997
16242.6
4.18687e-20
4.18622e-20
4.18362e-20
4.18018e-20
4.17593e-20
4.17087e-20
4.16501e-20
4.15836e-20
4.15091e-20
4.14269e-20
4.13368e-20
4.1239e-20
4.11336e-20
4.10205e-20
4.08999e-20
4.07718e-20
4.06363e-20
4.04935e-20
4.03434e-20
4.01861e-20
4.00218e-20
3.98504e-20
3.96721e-20
3.94871e-20
3.92953e-20
3.90969e-20
3.88921e-20
3.86808e-20
3.84633e-20
3.82397e-20
3.80101e-20
3.77745e-20
3.75332e-20
3.72862e-20
3.70338e-20
3.67759e-20
3.65128e-20
3.62447e-20
3.59715e-20
3.56936e-20
3.5411e-20
3.51238e-20
3.48323e-20
3.45365e-20
3.42366e-20
3.39328e-20
3.36253e-20
3.33141e-20
3.29994e-20
3.26814e-20
3.23602e-20
3.2036e-20
3.17089e-20
3.13792e-20
3.10468e-20
3.07121e-20
3.03751e-20
3.00361e-20
2.96951e-20
2.93523e-20
2.90078e-20
2.86619e-20
2.83146e-20
2.79662e-20
2.76167e-20
2.72663e-20
2.69152e-20
2.65634e-20
2.62112e-20
2.58587e-20
2.5506e-20
2.51532e-20
2.48005e-20
2.4448e-20
2.40959e-20
2.37443e-20
2.33932e-20
2.30429e-20
2.26935e-20
2.2345e-20
2.19976e-20
2.16514e-20
2.13065e-20
2.0963e-20
2.06211e-20
2.02808e-20
1.99422e-20
1.96055e-20
1.92707e-20
1.8938e-20
1.86073e-20
1.82789e-20
1.79527e-20
1.7629e-20
1.73076e-20
1.69889e-20
1.66727e-20
1.63592e-20
1.60484e-20
1.57404e-20
1.54353e-20
1.51332e-20
1.4834e-20
1.45378e-20
1.42448e-20
1.39549e-20
1.36681e-20
1.33846e-20
1.31044e-20
1.28275e-20
1.25539e-20
1.22837e-20
1.20169e-20
1.17535e-20
1.14935e-20
1.1237e-20
1.09841e-20
1.07346e-20
1.04886e-20
1.02462e-20
1.00073e-20
9.77201e-21
9.54024e-21
9.31204e-21
9.08739e-21
8.86631e-21
8.64878e-21
8.43481e-21
8.22439e-21
8.01751e-21
7.81418e-21
7.61437e-21
7.41807e-21
7.22527e-21
7.03596e-21
6.85011e-21
6.66772e-21
6.48876e-21
6.31322e-21
6.14107e-21
5.9723e-21
5.80688e-21
5.64479e-21
5.48602e-21
5.33052e-21
5.17828e-21
5.02926e-21
4.88343e-21
4.74079e-21
4.60129e-21
4.4649e-21
4.3316e-21
4.20136e-21
4.07414e-21
3.9499e-21
3.82862e-21
3.71025e-21
3.59476e-21
3.48211e-21
3.37225e-21
3.26516e-21
3.16078e-21
3.05908e-21
2.96001e-21
2.86354e-21
2.76962e-21
2.67821e-21
2.58926e-21
2.50273e-21
2.41858e-21
2.33676e-21
2.25723e-21
2.17995e-21
2.10487e-21
2.03195e-21
1.96114e-21
1.8924e-21
1.82569e-21
1.76096e-21
1.69818e-21
1.63729e-21
1.57826e-21
1.52104e-21
1.46559e-21
1.41188e-21
1.35985e-21
1.30947e-21
1.2607e-21
1.2135e-21
1.16783e-21
1.12365e-21
1.08093e-21
1.03961e-21
9.99678e-22
9.61085e-22
9.23797e-22
8.87779e-22
8.52995e-22
8.19412e-22
7.86995e-22
7.55712e-22
7.2553e-22
6.96417e-22
6.68342e-22
6.41275e-22
6.15184e-22
5.90041e-22
5.65817e-22
5.42483e-22
5.20012e-22
4.98377e-22
4.77552e-22
4.57511e-22
4.38228e-22
4.1968e-22
4.01842e-22
3.8469e-22
3.68202e-22
3.52357e-22
3.37131e-22
3.22504e-22
3.08456e-22
2.94966e-22
2.82015e-22
2.69585e-22
2.57657e-22
2.46212e-22
2.35234e-22
2.24706e-22
2.14612e-22
2.04935e-22
1.95661e-22
1.86774e-22
1.7826e-22
1.70105e-22
1.62296e-22
1.54818e-22
1.47661e-22
1.4081e-22
1.34255e-22
1.27984e-22
1.21986e-22
1.1625e-22
1.10765e-22
1.05522e-22
1.00511e-22
9.57222e-23
9.11472e-23
8.6777e-23
8.26032e-23
7.86178e-23
7.48129e-23
7.11811e-23
6.77151e-23
6.44079e-23
6.12528e-23
5.82433e-23
5.53733e-23
5.26368e-23
5.0028e-23
4.75413e-23
4.51715e-23
4.29135e-23
4.07624e-23
3.87134e-23
3.6762e-23
3.49039e-23
3.31349e-23
3.14511e-23
2.98486e-23
2.83236e-23
2.68728e-23
2.54927e-23
2.418e-23
2.29317e-23
2.17449e-23
2.06166e-23
1.95441e-23
1.85249e-23
1.75564e-23
1.66363e-23
1.57623e-23
1.49321e-23
1.41438e-23
1.33953e-23
1.26846e-23
1.20101e-23
1.137e-23
1.07625e-23
1.01861e-23
9.63931e-24
9.12068e-24
8.62881e-24
8.1624e-24
7.72019e-24
7.30098e-24
6.90364e-24
6.52707e-24
6.17024e-24
5.83216e-24
5.51189e-24
5.20854e-24
4.92124e-24
4.6492e-24
4.39162e-24
4.14779e-24
3.91699e-24
3.69855e-24
3.49185e-24
3.29628e-24
3.11126e-24
2.93625e-24
2.77073e-24
2.61421e-24
2.46621e-24
2.32629e-24
2.19403e-24
2.06903e-24
1.95089e-24
1.83927e-24
1.7338e-24
1.63418e-24
1.54008e-24
1.45121e-24
1.3673e-24
1.28807e-24
1.21328e-24
1.14268e-24
1.07605e-24
1.01317e-24
9.53842e-25
8.97872e-25
8.45077e-25
7.95282e-25
7.48324e-25
7.04046e-25
6.62301e-25
6.2295e-25
5.85859e-25
5.50904e-25
5.17967e-25
4.86934e-25
4.577e-25
4.30164e-25
4.0423e-25
3.7981e-25
3.56817e-25
3.35171e-25
3.14796e-25
2.95619e-25
2.77574e-25
2.60595e-25
2.44621e-25
2.29595e-25
2.15463e-25
2.02174e-25
1.89678e-25
1.7793e-25
1.66887e-25
1.56507e-25
1.46753e-25
1.37588e-25
1.28978e-25
1.20889e-25
1.13292e-25
1.06158e-25
9.94589e-26
9.31697e-26
8.72659e-26
8.17248e-26
7.65248e-26
7.16455e-26
6.70678e-26
6.27738e-26
5.87463e-26
5.49695e-26
5.14281e-26
4.8108e-26
4.49959e-26
4.2079e-26
3.93456e-26
3.67845e-26
3.43851e-26
3.21376e-26
3.00326e-26
2.80615e-26
2.62159e-26
2.44882e-26
2.2871e-26
2.13575e-26
1.99412e-26
1.86162e-26
1.73766e-26
1.62172e-26
1.51329e-26
1.41191e-26
1.31712e-26
1.22852e-26
1.1457e-26
1.06832e-26
9.96007e-27
9.28455e-27
8.65356e-27
8.06425e-27
7.51396e-27
7.00017e-27
6.52055e-27
6.07287e-27
5.65509e-27
5.26526e-27
4.90157e-27
4.56232e-27
4.24591e-27
3.95085e-27
3.67575e-27
3.41928e-27
3.18023e-27
2.95745e-27
2.74986e-27
2.55645e-27
2.37629e-27
2.2085e-27
2.05224e-27
1.90675e-27
1.77131e-27
1.64524e-27
1.52791e-27
1.41873e-27
1.31716e-27
1.22268e-27
1.13481e-27
1.05309e-27
9.7711e-28
9.06479e-28
8.40828e-28
7.79817e-28
7.23127e-28
6.70461e-28
6.2154e-28
5.76106e-28
5.33917e-28
4.94748e-28
4.58389e-28
4.24644e-28
3.93331e-28
3.64279e-28
3.3733e-28
3.12337e-28
2.89161e-28
2.67674e-28
2.47758e-28
2.29301e-28
2.12201e-28
1.9636e-28
1.81689e-28
1.68106e-28
1.55532e-28
1.43896e-28
1.33131e-28
1.23176e-28
1.13971e-28
1.05465e-28
9.7606e-29
9.03493e-29
8.36517e-29
7.74738e-29
7.17785e-29
6.65321e-29
6.1703e-29
5.7262e-29
5.31824e-29
4.94392e-29
4.60095e-29
4.28723e-29
4.00082e-29
3.73992e-29
3.50291e-29
3.28829e-29
3.0947e-29
2.92089e-29
2.76572e-29
2.62836e-29
2.50807e-29
2.40406e-29
2.31568e-29
2.24232e-29
2.18356e-29
2.13893e-29
2.10804e-29
2.09057e-29
2.08626e-29
2.09495e-29
2.11654e-29
2.151e-29
2.19839e-29
2.25882e-29
2.33247e-29
2.4196e-29
2.52053e-29
2.63566e-29
2.76546e-29
