5
5e+16
5e+19
49.9998
4.99995
13262.1
7.71187e-20
7.70045e-20
7.66682e-20
7.63096e-20
7.59396e-20
7.55611e-20
7.51752e-20
7.47826e-20
7.43835e-20
7.39784e-20
7.35675e-20
7.31511e-20
7.27294e-20
7.23026e-20
7.1871e-20
7.14347e-20
7.09939e-20
7.05485e-20
7.00986e-20
6.96443e-20
6.91855e-20
6.87223e-20
6.82548e-20
6.77831e-20
6.73072e-20
6.68273e-20
6.63435e-20
6.58558e-20
6.53644e-20
6.48694e-20
6.43709e-20
6.38689e-20
6.33637e-20
6.28553e-20
6.23438e-20
6.18293e-20
6.1312e-20
6.0792e-20
6.02694e-20
5.97443e-20
5.92168e-20
5.86871e-20
5.81553e-20
5.76215e-20
5.70857e-20
5.65483e-20
5.60092e-20
5.54685e-20
5.49265e-20
5.43832e-20
5.38388e-20
5.32934e-20
5.2747e-20
5.21999e-20
5.16521e-20
5.11038e-20
5.05551e-20
5.00061e-20
4.94569e-20
4.89077e-20
4.83586e-20
4.78096e-20
4.7261e-20
4.67127e-20
4.61651e-20
4.56181e-20
4.50718e-20
4.45264e-20
4.39821e-20
4.34388e-20
4.28968e-20
4.2356e-20
4.18167e-20
4.1279e-20
4.07429e-20
4.02085e-20
3.96759e-20
3.91453e-20
3.86167e-20
3.80903e-20
3.75661e-20
3.70441e-20
3.65246e-20
3.60076e-20
3.54931e-20
3.49813e-20
3.44723e-20
3.3966e-20
3.34627e-20
3.29623e-20
3.24649e-20
3.19707e-20
3.14796e-20
3.09918e-20
3.05073e-20
3.00262e-20
2.95485e-20
2.90742e-20
2.86035e-20
2.81364e-20
2.7673e-20
2.72132e-20
2.67571e-20
2.63049e-20
2.58564e-20
2.54118e-20
2.49711e-20
2.45343e-20
2.41014e-20
2.36726e-20
2.32477e-20
2.28269e-20
2.24101e-20
2.19975e-20
2.15889e-20
2.11844e-20
2.0784e-20
2.03878e-20
1.99958e-20
1.96078e-20
1.92241e-20
1.88445e-20
1.84691e-20
1.80978e-20
1.77308e-20
1.73678e-20
1.70091e-20
1.66545e-20
1.6304e-20
1.59577e-20
1.56154e-20
1.52773e-20
1.49433e-20
1.46134e-20
1.42875e-20
1.39657e-20
1.36479e-20
1.33341e-20
1.30243e-20
1.27184e-20
1.24164e-20
1.21184e-20
1.18242e-20
1.15339e-20
1.12475e-20
1.09648e-20
1.06858e-20
1.04106e-20
1.01391e-20
9.87126e-21
9.60704e-21
9.34642e-21
9.08937e-21
8.83584e-21
8.58586e-21
8.33945e-21
8.09664e-21
7.85747e-21
7.62196e-21
7.39012e-21
7.16196e-21
6.93748e-21
6.71667e-21
6.49953e-21
6.28607e-21
6.07631e-21
5.87028e-21
5.66797e-21
5.46942e-21
5.2747e-21
5.0839e-21
4.89707e-21
4.71427e-21
4.53556e-21
4.36096e-21
4.19048e-21
4.02414e-21
3.86191e-21
3.70377e-21
3.54976e-21
3.39995e-21
3.2544e-21
3.11314e-21
2.97621e-21
2.8436e-21
2.71531e-21
2.59133e-21
2.47161e-21
2.35611e-21
2.24479e-21
2.13758e-21
2.03442e-21
1.93523e-21
1.83993e-21
1.74844e-21
1.66067e-21
1.57654e-21
1.49594e-21
1.41878e-21
1.34496e-21
1.27439e-21
1.20696e-21
1.14258e-21
1.08114e-21
1.02255e-21
9.6671e-22
9.13518e-22
8.6288e-22
8.14699e-22
7.68882e-22
7.25337e-22
6.83974e-22
6.44704e-22
6.07441e-22
5.721e-22
5.386e-22
5.0686e-22
4.76803e-22
4.48353e-22
4.21438e-22
3.95987e-22
3.71932e-22
3.49207e-22
3.27747e-22
3.07493e-22
2.88384e-22
2.70365e-22
2.5338e-22
2.37377e-22
2.22306e-22
2.08118e-22
1.94768e-22
1.82211e-22
1.70405e-22
1.5931e-22
1.48887e-22
1.39099e-22
1.29912e-22
1.21291e-22
1.13205e-22
1.05624e-22
9.85192e-23
9.18627e-23
8.56289e-23
7.9793e-23
7.43317e-23
6.92227e-23
6.44451e-23
5.9979e-23
5.58055e-23
5.19069e-23
4.82663e-23
4.48678e-23
4.16964e-23
3.87379e-23
3.5979e-23
3.3407e-23
3.10101e-23
2.87771e-23
2.66975e-23
2.47613e-23
2.29592e-23
2.12824e-23
1.97228e-23
1.82726e-23
1.69246e-23
1.56718e-23
1.4508e-23
1.34272e-23
1.24236e-23
1.14922e-23
1.06279e-23
9.82608e-24
9.08253e-24
8.39317e-24
7.75423e-24
7.16219e-24
6.61376e-24
6.10587e-24
5.63564e-24
5.2004e-24
4.79766e-24
4.42508e-24
4.0805e-24
3.76189e-24
3.46738e-24
3.19521e-24
2.94375e-24
2.71149e-24
2.497e-24
2.29898e-24
2.11621e-24
1.94756e-24
1.79196e-24
1.64846e-24
1.51613e-24
1.39413e-24
1.28169e-24
1.17808e-24
1.08263e-24
9.9471e-25
9.13752e-25
8.39218e-25
7.70613e-25
7.07481e-25
6.49396e-25
5.95967e-25
5.46831e-25
5.01652e-25
4.60121e-25
4.21951e-25
3.86877e-25
3.54654e-25
3.25057e-25
2.97877e-25
2.72922e-25
2.50014e-25
2.28989e-25
2.09696e-25
1.91996e-25
1.7576e-25
1.6087e-25
1.47218e-25
1.34701e-25
1.23229e-25
1.12716e-25
1.03083e-25
9.42582e-26
8.61754e-26
7.87735e-26
7.19961e-26
6.57917e-26
6.01129e-26
5.49159e-26
5.01607e-26
4.58105e-26
4.18314e-26
3.81923e-26
3.48648e-26
3.18226e-26
2.90417e-26
2.65001e-26
2.41776e-26
2.20555e-26
2.0117e-26
1.83463e-26
1.67292e-26
1.52526e-26
1.39045e-26
1.26739e-26
1.15507e-26
1.05257e-26
9.59038e-27
8.73708e-27
7.95871e-27
7.24877e-27
6.60134e-27
6.01101e-27
5.47279e-27
4.98217e-27
4.53499e-27
4.12746e-27
3.75611e-27
3.41777e-27
3.10955e-27
2.8288e-27
2.57311e-27
2.34027e-27
2.12826e-27
1.93524e-27
1.75954e-27
1.59961e-27
1.45407e-27
1.32162e-27
1.20112e-27
1.09148e-27
9.91756e-28
9.01047e-28
8.18551e-28
7.43534e-28
6.75324e-28
6.1331e-28
5.56937e-28
5.05696e-28
4.59125e-28
4.16803e-28
3.78347e-28
3.43406e-28
3.11663e-28
2.82829e-28
2.56639e-28
2.32853e-28
2.11252e-28
1.91639e-28
1.73831e-28
1.57664e-28
1.42988e-28
1.29668e-28
1.17578e-28
1.06607e-28
9.66509e-29
8.76178e-29
7.94224e-29
7.19877e-29
6.52438e-29
5.9127e-29
5.35795e-29
4.85486e-29
4.39868e-29
3.98505e-29
3.61005e-29
3.27009e-29
2.96193e-29
2.68261e-29
2.42945e-29
2.20003e-29
1.99213e-29
1.80375e-29
1.63307e-29
1.47843e-29
1.33835e-29
1.21146e-29
1.09653e-29
9.9243e-30
8.98157e-30
8.12787e-30
7.35483e-30
6.6549e-30
6.02119e-30
5.44749e-30
4.92815e-30
4.45805e-30
4.03254e-30
3.64744e-30
3.29891e-30
2.98352e-30
2.69812e-30
2.43989e-30
2.20624e-30
1.99486e-30
1.80363e-30
1.63065e-30
1.47418e-30
1.33265e-30
1.20465e-30
1.08889e-30
9.84198e-31
8.89532e-31
8.03933e-31
7.26537e-31
6.56562e-31
5.933e-31
5.3611e-31
4.84413e-31
4.37683e-31
3.95445e-31
3.57271e-31
3.2277e-31
2.91591e-31
2.63415e-31
2.37956e-31
2.14951e-31
1.94166e-31
1.75388e-31
1.58423e-31
1.43097e-31
1.29254e-31
1.16749e-31
1.05454e-31
9.52529e-32
8.604e-32
7.77226e-32
7.02163e-32
6.3444e-32
5.7336e-32
5.18299e-32
4.6868e-32
4.24006e-32
3.83819e-32
3.47698e-32
3.1526e-32
2.86164e-32
2.601e-32
2.36794e-32
2.15998e-32
1.9749e-32
1.81074e-32
1.66574e-32
1.53836e-32
1.42721e-32
1.33111e-32
1.24902e-32
1.18003e-32
1.1234e-32
1.07849e-32
1.04479e-32
1.02192e-32
1.0096e-32
1.00765e-32
1.01602e-32
1.03475e-32
