5
1e+16
5e+17
50
4.99998
13262.1
7.28029e-20
7.27883e-20
7.27341e-20
7.26657e-20
7.25841e-20
7.24894e-20
7.23817e-20
7.22611e-20
7.21278e-20
7.19817e-20
7.18231e-20
7.1652e-20
7.14685e-20
7.12727e-20
7.10648e-20
7.08448e-20
7.06129e-20
7.03692e-20
7.01138e-20
6.98468e-20
6.95684e-20
6.92787e-20
6.89778e-20
6.86659e-20
6.83432e-20
6.80098e-20
6.76659e-20
6.73117e-20
6.69473e-20
6.65729e-20
6.61887e-20
6.5795e-20
6.53918e-20
6.49795e-20
6.45581e-20
6.4128e-20
6.36893e-20
6.32422e-20
6.2787e-20
6.23239e-20
6.18531e-20
6.13748e-20
6.08892e-20
6.03967e-20
5.98973e-20
5.93914e-20
5.88792e-20
5.83609e-20
5.78368e-20
5.7307e-20
5.67719e-20
5.62317e-20
5.56866e-20
5.51368e-20
5.45827e-20
5.40244e-20
5.34621e-20
5.28962e-20
5.23269e-20
5.17543e-20
5.11788e-20
5.06006e-20
5.00198e-20
4.94368e-20
4.88518e-20
4.8265e-20
4.76767e-20
4.7087e-20
4.64962e-20
4.59045e-20
4.53122e-20
4.47194e-20
4.41263e-20
4.35333e-20
4.29405e-20
4.2348e-20
4.17562e-20
4.11651e-20
4.05751e-20
3.99862e-20
3.93988e-20
3.88129e-20
3.82288e-20
3.76466e-20
3.70665e-20
3.64887e-20
3.59134e-20
3.53407e-20
3.47707e-20
3.42037e-20
3.36398e-20
3.30791e-20
3.25218e-20
3.1968e-20
3.14179e-20
3.08715e-20
3.0329e-20
2.97906e-20
2.92563e-20
2.87263e-20
2.82007e-20
2.76795e-20
2.71629e-20
2.6651e-20
2.61439e-20
2.56415e-20
2.51442e-20
2.46518e-20
2.41645e-20
2.36824e-20
2.32055e-20
2.27339e-20
2.22677e-20
2.18068e-20
2.13514e-20
2.09015e-20
2.04571e-20
2.00183e-20
1.95851e-20
1.91576e-20
1.87357e-20
1.83195e-20
1.7909e-20
1.75043e-20
1.71053e-20
1.6712e-20
1.63245e-20
1.59427e-20
1.55667e-20
1.51965e-20
1.4832e-20
1.44733e-20
1.41203e-20
1.3773e-20
1.34313e-20
1.30954e-20
1.27651e-20
1.24405e-20
1.21214e-20
1.1808e-20
1.15e-20
1.11976e-20
1.09006e-20
1.06091e-20
1.0323e-20
1.00422e-20
9.76672e-21
9.4965e-21
9.23149e-21
8.97165e-21
8.71693e-21
8.46727e-21
8.22262e-21
7.98294e-21
7.74816e-21
7.51826e-21
7.29317e-21
7.07286e-21
6.85728e-21
6.64638e-21
6.4401e-21
6.23838e-21
6.04119e-21
5.84845e-21
5.66011e-21
5.47613e-21
5.29644e-21
5.121e-21
4.94976e-21
4.78266e-21
4.61967e-21
4.46074e-21
4.30584e-21
4.1549e-21
4.00788e-21
3.86474e-21
3.7254e-21
3.58982e-21
3.45793e-21
3.32969e-21
3.20506e-21
3.08399e-21
2.96645e-21
2.85239e-21
2.74175e-21
2.63449e-21
2.53055e-21
2.42987e-21
2.3324e-21
2.23807e-21
2.14683e-21
2.05861e-21
1.97336e-21
1.89099e-21
1.81146e-21
1.7347e-21
1.66064e-21
1.58921e-21
1.52036e-21
1.45401e-21
1.3901e-21
1.32856e-21
1.26934e-21
1.21236e-21
1.15757e-21
1.1049e-21
1.05428e-21
1.00566e-21
9.58981e-22
9.14174e-22
8.71186e-22
8.29956e-22
7.90429e-22
7.52547e-22
7.16258e-22
6.81505e-22
6.48237e-22
6.16403e-22
5.8595e-22
5.56831e-22
5.28997e-22
5.02401e-22
4.76997e-22
4.5274e-22
4.29587e-22
4.07495e-22
3.86424e-22
3.66333e-22
3.47183e-22
3.28937e-22
3.11558e-22
2.95011e-22
2.79261e-22
2.64275e-22
2.50021e-22
2.36467e-22
2.23584e-22
2.11343e-22
1.99715e-22
1.88673e-22
1.78192e-22
1.68246e-22
1.58811e-22
1.49863e-22
1.41381e-22
1.33342e-22
1.25726e-22
1.18513e-22
1.11684e-22
1.0522e-22
9.91035e-23
9.33182e-23
8.78474e-23
8.26758e-23
7.77885e-23
7.31712e-23
6.88104e-23
6.4693e-23
6.08066e-23
5.71393e-23
5.36799e-23
5.04174e-23
4.73416e-23
4.44426e-23
4.1711e-23
3.91379e-23
3.67149e-23
3.44337e-23
3.22866e-23
3.02664e-23
2.83661e-23
2.6579e-23
2.48989e-23
2.33197e-23
2.18358e-23
2.04419e-23
1.91327e-23
1.79035e-23
1.67497e-23
1.5667e-23
1.46511e-23
1.36982e-23
1.28047e-23
1.1967e-23
1.11819e-23
1.04462e-23
9.75697e-24
9.11143e-24
8.50696e-24
7.94107e-24
7.41142e-24
6.91581e-24
6.45215e-24
6.01848e-24
5.61295e-24
5.23381e-24
4.87942e-24
4.54824e-24
4.23881e-24
3.94977e-24
3.67982e-24
3.42777e-24
3.19245e-24
2.97282e-24
2.76786e-24
2.57663e-24
2.39825e-24
2.23188e-24
2.07674e-24
1.93211e-24
1.79729e-24
1.67164e-24
1.55456e-24
1.44548e-24
1.34387e-24
1.24924e-24
1.16113e-24
1.07909e-24
1.00272e-24
9.31639e-25
8.65494e-25
8.03949e-25
7.46694e-25
6.93437e-25
6.43907e-25
5.97848e-25
5.55024e-25
5.15214e-25
4.78209e-25
4.43818e-25
4.11858e-25
3.82164e-25
3.54576e-25
3.2895e-25
3.05148e-25
2.83043e-25
2.62516e-25
2.43458e-25
2.25764e-25
2.0934e-25
1.94095e-25
1.79947e-25
1.66817e-25
1.54634e-25
1.4333e-25
1.32844e-25
1.23116e-25
1.14094e-25
1.05725e-25
9.79645e-26
9.07679e-26
8.4095e-26
7.79082e-26
7.21725e-26
6.68554e-26
6.19267e-26
5.73584e-26
5.31244e-26
4.92006e-26
4.55644e-26
4.21949e-26
3.90729e-26
3.61803e-26
3.35004e-26
3.10177e-26
2.87178e-26
2.65875e-26
2.46142e-26
2.27865e-26
2.10937e-26
1.95261e-26
1.80743e-26
1.67298e-26
1.54849e-26
1.43321e-26
1.32648e-26
1.22765e-26
1.13616e-26
1.05145e-26
9.73028e-27
9.0043e-27
8.33225e-27
7.71015e-27
7.1343e-27
6.60129e-27
6.10793e-27
5.6513e-27
5.22867e-27
4.83752e-27
4.47552e-27
4.1405e-27
3.83047e-27
3.54356e-27
3.27806e-27
3.03238e-27
2.80504e-27
2.59468e-27
2.40004e-27
2.21994e-27
2.05331e-27
1.89913e-27
1.75649e-27
1.62452e-27
1.50243e-27
1.38948e-27
1.28498e-27
1.18832e-27
1.09889e-27
1.01617e-27
9.39654e-28
8.68874e-28
8.03403e-28
7.42845e-28
6.86832e-28
6.35025e-28
5.87109e-28
5.42793e-28
5.01807e-28
4.63903e-28
4.28848e-28
3.96431e-28
3.66453e-28
3.38732e-28
3.13098e-28
2.89395e-28
2.67478e-28
2.47213e-28
2.28476e-28
2.11153e-28
1.95136e-28
1.80329e-28
1.6664e-28
1.53986e-28
1.42288e-28
1.31474e-28
1.21478e-28
1.12239e-28
1.03699e-28
9.58065e-29
8.85118e-29
8.17702e-29
7.55401e-29
6.97827e-29
6.44626e-29
5.95467e-29
5.50045e-29
5.08078e-29
4.69306e-29
4.33487e-29
4.00397e-29
3.69831e-29
3.41598e-29
3.15522e-29
2.91438e-29
2.69198e-29
2.4866e-29
2.29697e-29
2.12189e-29
1.96026e-29
1.81106e-29
1.67336e-29
1.54627e-29
1.42901e-29
1.32082e-29
1.22102e-29
1.12898e-29
1.04411e-29
9.65873e-30
8.93769e-30
8.27331e-30
7.66148e-30
7.09865e-30
6.58154e-30
6.10694e-30
5.67188e-30
5.27372e-30
4.90981e-30
4.57811e-30
4.27658e-30
4.00319e-30
3.75603e-30
3.5334e-30
3.33372e-30
3.15558e-30
2.9977e-30
2.85893e-30
2.73824e-30
2.6347e-30
2.5475e-30
2.47593e-30
2.41937e-30
2.3773e-30
2.34928e-30
2.33496e-30
2.33406e-30
2.34638e-30
2.37181e-30
2.4103e-30
2.46188e-30
2.52665e-30
2.6048e-30
