7.5
1e+16
1e+18
50
7.50003
16242.6
4.49919e-20
4.49354e-20
4.4767e-20
4.45854e-20
4.4396e-20
4.42002e-20
4.39987e-20
4.37918e-20
4.35797e-20
4.33628e-20
4.31411e-20
4.2915e-20
4.26845e-20
4.24498e-20
4.2211e-20
4.1968e-20
4.1721e-20
4.14698e-20
4.12147e-20
4.09557e-20
4.06928e-20
4.04262e-20
4.01558e-20
3.98819e-20
3.96045e-20
3.93236e-20
3.90395e-20
3.87521e-20
3.84615e-20
3.81679e-20
3.78714e-20
3.7572e-20
3.72699e-20
3.69651e-20
3.66577e-20
3.63479e-20
3.60358e-20
3.57213e-20
3.54047e-20
3.50861e-20
3.47655e-20
3.4443e-20
3.41188e-20
3.37929e-20
3.34655e-20
3.31366e-20
3.28063e-20
3.24748e-20
3.21421e-20
3.18084e-20
3.14737e-20
3.11381e-20
3.08018e-20
3.04647e-20
3.01271e-20
2.9789e-20
2.94506e-20
2.91118e-20
2.87728e-20
2.84337e-20
2.80946e-20
2.77555e-20
2.74166e-20
2.70779e-20
2.67395e-20
2.64016e-20
2.60641e-20
2.57272e-20
2.5391e-20
2.50555e-20
2.47208e-20
2.4387e-20
2.40541e-20
2.37223e-20
2.33916e-20
2.30621e-20
2.27338e-20
2.24068e-20
2.20812e-20
2.1757e-20
2.14344e-20
2.11133e-20
2.07938e-20
2.04761e-20
2.016e-20
1.98458e-20
1.95334e-20
1.92229e-20
1.89144e-20
1.86078e-20
1.83033e-20
1.80009e-20
1.77006e-20
1.74025e-20
1.71066e-20
1.68129e-20
1.65215e-20
1.62325e-20
1.59457e-20
1.56614e-20
1.53795e-20
1.51e-20
1.4823e-20
1.45485e-20
1.42765e-20
1.4007e-20
1.37401e-20
1.34757e-20
1.32139e-20
1.29548e-20
1.26983e-20
1.24444e-20
1.21931e-20
1.19445e-20
1.16986e-20
1.14553e-20
1.12148e-20
1.09769e-20
1.07417e-20
1.05091e-20
1.02793e-20
1.00521e-20
9.82769e-21
9.60591e-21
9.38681e-21
9.17039e-21
8.95666e-21
8.74562e-21
8.5373e-21
8.33169e-21
8.12882e-21
7.92868e-21
7.73128e-21
7.53661e-21
7.34469e-21
7.15551e-21
6.9691e-21
6.78544e-21
6.60458e-21
6.42653e-21
6.25133e-21
6.079e-21
5.90956e-21
5.74302e-21
5.57939e-21
5.41867e-21
5.26087e-21
5.10602e-21
4.95417e-21
4.80534e-21
4.65955e-21
4.51683e-21
4.37718e-21
4.24061e-21
4.10711e-21
3.97669e-21
3.84932e-21
3.725e-21
3.6037e-21
3.4854e-21
3.37009e-21
3.25772e-21
3.14828e-21
3.04172e-21
2.93801e-21
2.83712e-21
2.739e-21
2.64362e-21
2.55092e-21
2.46088e-21
2.37343e-21
2.28855e-21
2.20617e-21
2.12626e-21
2.04876e-21
1.97363e-21
1.90082e-21
1.83028e-21
1.76196e-21
1.6958e-21
1.63178e-21
1.56982e-21
1.50988e-21
1.45193e-21
1.39589e-21
1.34174e-21
1.28941e-21
1.23887e-21
1.19006e-21
1.14294e-21
1.09746e-21
1.05358e-21
1.01125e-21
9.70434e-22
9.3108e-22
8.93148e-22
8.56597e-22
8.21384e-22
7.8747e-22
7.54814e-22
7.23378e-22
6.93124e-22
6.64014e-22
6.36011e-22
6.0908e-22
5.83186e-22
5.58295e-22
5.34373e-22
5.11387e-22
4.89307e-22
4.681e-22
4.47738e-22
4.2819e-22
4.09428e-22
3.91425e-22
3.74152e-22
3.57585e-22
3.41697e-22
3.26464e-22
3.11861e-22
2.97866e-22
2.84455e-22
2.71608e-22
2.59301e-22
2.47516e-22
2.36232e-22
2.2543e-22
2.15091e-22
2.05197e-22
1.9573e-22
1.86674e-22
1.78013e-22
1.69731e-22
1.61812e-22
1.54242e-22
1.47006e-22
1.40092e-22
1.33486e-22
1.27175e-22
1.21147e-22
1.1539e-22
1.09893e-22
1.04646e-22
9.96363e-23
9.48555e-23
9.02933e-23
8.59405e-23
8.1788e-23
7.78272e-23
7.40499e-23
7.04479e-23
6.70137e-23
6.37399e-23
6.06195e-23
5.76456e-23
5.48118e-23
5.21118e-23
4.95397e-23
4.70897e-23
4.47563e-23
4.25343e-23
4.04186e-23
3.84043e-23
3.64869e-23
3.46619e-23
3.29251e-23
3.12723e-23
2.96998e-23
2.82037e-23
2.67806e-23
2.54271e-23
2.41398e-23
2.29157e-23
2.17518e-23
2.06452e-23
1.95933e-23
1.85934e-23
1.76431e-23
1.674e-23
1.58819e-23
1.50665e-23
1.42919e-23
1.35561e-23
1.28571e-23
1.21933e-23
1.15629e-23
1.09643e-23
1.03959e-23
9.85627e-24
9.34399e-24
8.8577e-24
8.39614e-24
7.95809e-24
7.54238e-24
7.14791e-24
6.77362e-24
6.41851e-24
6.08163e-24
5.76206e-24
5.45895e-24
5.17145e-24
4.8988e-24
4.64024e-24
4.39506e-24
4.1626e-24
3.9422e-24
3.73325e-24
3.53518e-24
3.34743e-24
3.16947e-24
3.00081e-24
2.84097e-24
2.68951e-24
2.54598e-24
2.40998e-24
2.28114e-24
2.15907e-24
2.04343e-24
1.93389e-24
1.83013e-24
1.73186e-24
1.63878e-24
1.55063e-24
1.46716e-24
1.38811e-24
1.31326e-24
1.2424e-24
1.1753e-24
1.11178e-24
1.05165e-24
9.94724e-25
9.40842e-25
8.8984e-25
8.41569e-25
7.95883e-25
7.52647e-25
7.11731e-25
6.73013e-25
6.36375e-25
6.01709e-25
5.6891e-25
5.37877e-25
5.08519e-25
4.80745e-25
4.54471e-25
4.29617e-25
4.06108e-25
3.83871e-25
3.62839e-25
3.42947e-25
3.24135e-25
3.06344e-25
2.89519e-25
2.7361e-25
2.58565e-25
2.4434e-25
2.3089e-25
2.18173e-25
2.0615e-25
1.94783e-25
1.84037e-25
1.73878e-25
1.64275e-25
1.55197e-25
1.46616e-25
1.38506e-25
1.3084e-25
1.23595e-25
1.16747e-25
1.10275e-25
1.04159e-25
9.83795e-26
9.29176e-26
8.77565e-26
8.28795e-26
7.82713e-26
7.39172e-26
6.98032e-26
6.59163e-26
6.22441e-26
5.87748e-26
5.54972e-26
5.24009e-26
4.9476e-26
4.6713e-26
4.41031e-26
4.16379e-26
3.93093e-26
3.71099e-26
3.50326e-26
3.30707e-26
3.12178e-26
2.94679e-26
2.78153e-26
2.62547e-26
2.4781e-26
2.33894e-26
2.20753e-26
2.08345e-26
1.96629e-26
1.85567e-26
1.75123e-26
1.65262e-26
1.55952e-26
1.47163e-26
1.38865e-26
1.31033e-26
1.23638e-26
1.16658e-26
1.1007e-26
1.03851e-26
9.79803e-27
9.24398e-27
8.72104e-27
8.22749e-27
7.76169e-27
7.32209e-27
6.90724e-27
6.51575e-27
6.14632e-27
5.79771e-27
5.46877e-27
5.15839e-27
4.86554e-27
4.58923e-27
4.32854e-27
4.0826e-27
3.85058e-27
3.6317e-27
3.42522e-27
3.23045e-27
3.04673e-27
2.87345e-27
2.71001e-27
2.55587e-27
2.4105e-27
2.27341e-27
2.14414e-27
2.02224e-27
1.90731e-27
1.79894e-27
1.69678e-27
1.60048e-27
1.5097e-27
1.42414e-27
1.3435e-27
1.26751e-27
1.19591e-27
1.12846e-27
1.06491e-27
1.00506e-27
9.48691e-28
8.95619e-28
8.45658e-28
7.98635e-28
7.5439e-28
7.12769e-28
6.73628e-28
6.36832e-28
6.02254e-28
5.69774e-28
5.3928e-28
5.10667e-28
4.83834e-28
4.58689e-28
4.35145e-28
4.1312e-28
3.92538e-28
3.73327e-28
3.5542e-28
3.38756e-28
3.23276e-28
3.08928e-28
2.9566e-28
2.83427e-28
2.72188e-28
2.61903e-28
2.52536e-28
2.44057e-28
2.36434e-28
2.29643e-28
2.23682e-28
2.18557e-28
2.14254e-28
2.10768e-28
2.0809e-28
2.0623e-28
2.05183e-28
2.04942e-28
2.05506e-28
2.06876e-28
2.09056e-28
2.12052e-28
2.15875e-28
2.20539e-28
2.26059e-28
2.32455e-28
2.3975e-28
2.4797e-28
2.57146e-28
2.67309e-28
