10
1e+17
5e+19
49.0495
10.0001
18755.4
3.63396e-20
3.62382e-20
3.59447e-20
3.56368e-20
3.53243e-20
3.501e-20
3.46951e-20
3.43801e-20
3.40656e-20
3.37519e-20
3.34394e-20
3.31282e-20
3.28184e-20
3.25098e-20
3.22023e-20
3.18957e-20
3.159e-20
3.12852e-20
3.09813e-20
3.06782e-20
3.0376e-20
3.00745e-20
2.9774e-20
2.94742e-20
2.91754e-20
2.88773e-20
2.85801e-20
2.82838e-20
2.79883e-20
2.76937e-20
2.74001e-20
2.71073e-20
2.68154e-20
2.65245e-20
2.62344e-20
2.59454e-20
2.56573e-20
2.53702e-20
2.50841e-20
2.47991e-20
2.4515e-20
2.42321e-20
2.39501e-20
2.36693e-20
2.33896e-20
2.3111e-20
2.28335e-20
2.25572e-20
2.22821e-20
2.20081e-20
2.17354e-20
2.14639e-20
2.11937e-20
2.09247e-20
2.06571e-20
2.03907e-20
2.01256e-20
1.98619e-20
1.95996e-20
1.93386e-20
1.90791e-20
1.88209e-20
1.85642e-20
1.83089e-20
1.80551e-20
1.78028e-20
1.7552e-20
1.73027e-20
1.70549e-20
1.68087e-20
1.6564e-20
1.63209e-20
1.60793e-20
1.58394e-20
1.56011e-20
1.53644e-20
1.51294e-20
1.4896e-20
1.46642e-20
1.44341e-20
1.42057e-20
1.3979e-20
1.3754e-20
1.35307e-20
1.33091e-20
1.30892e-20
1.2871e-20
1.26546e-20
1.24399e-20
1.2227e-20
1.20158e-20
1.18063e-20
1.15986e-20
1.13926e-20
1.11884e-20
1.0986e-20
1.07853e-20
1.05864e-20
1.03893e-20
1.01939e-20
1.00002e-20
9.80832e-21
9.61819e-21
9.42981e-21
9.24317e-21
9.05828e-21
8.87513e-21
8.69371e-21
8.51403e-21
8.33607e-21
8.15987e-21
7.98543e-21
7.81276e-21
7.64189e-21
7.47282e-21
7.30555e-21
7.1401e-21
6.97648e-21
6.81471e-21
6.65481e-21
6.49681e-21
6.34076e-21
6.1867e-21
6.03467e-21
5.8847e-21
5.7368e-21
5.591e-21
5.44733e-21
5.30586e-21
5.16665e-21
5.02973e-21
4.89515e-21
4.76295e-21
4.63315e-21
4.50577e-21
4.38082e-21
4.25832e-21
4.13828e-21
4.02069e-21
3.90555e-21
3.79285e-21
3.6826e-21
3.57478e-21
3.46936e-21
3.36635e-21
3.26571e-21
3.16743e-21
3.07148e-21
2.97784e-21
2.88648e-21
2.79738e-21
2.7105e-21
2.62582e-21
2.54331e-21
2.46293e-21
2.38465e-21
2.30843e-21
2.23425e-21
2.16207e-21
2.09186e-21
2.02357e-21
1.95717e-21
1.89263e-21
1.82991e-21
1.76897e-21
1.70978e-21
1.6523e-21
1.5965e-21
1.54234e-21
1.48978e-21
1.43878e-21
1.38932e-21
1.34136e-21
1.29485e-21
1.24977e-21
1.20609e-21
1.16376e-21
1.12275e-21
1.08304e-21
1.04458e-21
1.00735e-21
9.71309e-22
9.36432e-22
9.02686e-22
8.7004e-22
8.38464e-22
8.0793e-22
7.78407e-22
7.49867e-22
7.22283e-22
6.95628e-22
6.69873e-22
6.44994e-22
6.20964e-22
5.97759e-22
5.75353e-22
5.53723e-22
5.32845e-22
5.12696e-22
4.93254e-22
4.74496e-22
4.56402e-22
4.3895e-22
4.22121e-22
4.05894e-22
3.9025e-22
3.7517e-22
3.60636e-22
3.4663e-22
3.33135e-22
3.20134e-22
3.07611e-22
2.95549e-22
2.83933e-22
2.72748e-22
2.61979e-22
2.51613e-22
2.41635e-22
2.32032e-22
2.2279e-22
2.13899e-22
2.05344e-22
1.97115e-22
1.892e-22
1.81587e-22
1.74267e-22
1.67228e-22
1.60461e-22
1.53955e-22
1.47701e-22
1.41691e-22
1.35915e-22
1.30364e-22
1.25031e-22
1.19908e-22
1.14986e-22
1.10258e-22
1.05717e-22
1.01356e-22
9.71682e-23
9.31471e-23
8.92865e-23
8.55802e-23
8.20224e-23
7.86074e-23
7.53298e-23
7.21843e-23
6.91659e-23
6.62697e-23
6.34908e-23
6.08249e-23
5.82675e-23
5.58143e-23
5.34614e-23
5.12048e-23
4.90406e-23
4.69654e-23
4.49755e-23
4.30676e-23
4.12384e-23
3.94849e-23
3.7804e-23
3.61928e-23
3.46485e-23
3.31685e-23
3.17501e-23
3.0391e-23
2.90886e-23
2.78407e-23
2.66451e-23
2.54997e-23
2.44025e-23
2.33514e-23
2.23446e-23
2.13803e-23
2.04567e-23
1.95722e-23
1.87252e-23
1.79141e-23
1.71374e-23
1.63938e-23
1.56818e-23
1.50001e-23
1.43476e-23
1.37229e-23
1.31249e-23
1.25525e-23
1.20047e-23
1.14803e-23
1.09785e-23
1.04982e-23
1.00386e-23
9.59885e-24
9.17803e-24
8.77537e-24
8.3901e-24
8.0215e-24
7.66886e-24
7.33149e-24
7.00875e-24
6.70002e-24
6.4047e-24
6.12223e-24
5.85204e-24
5.59363e-24
5.34647e-24
5.1101e-24
4.88405e-24
4.66788e-24
4.46116e-24
4.26348e-24
4.07447e-24
3.89373e-24
3.72093e-24
3.55571e-24
3.39774e-24
3.24672e-24
3.10234e-24
2.96431e-24
2.83237e-24
2.70624e-24
2.58567e-24
2.47042e-24
2.36026e-24
2.25496e-24
2.15432e-24
2.05813e-24
1.9662e-24
1.87834e-24
1.79438e-24
1.71413e-24
1.63745e-24
1.56417e-24
1.49414e-24
1.42722e-24
1.36328e-24
1.30218e-24
1.2438e-24
1.18802e-24
1.13472e-24
1.0838e-24
1.03515e-24
9.88668e-25
9.44259e-25
9.01833e-25
8.61302e-25
8.22581e-25
7.85591e-25
7.50254e-25
7.16498e-25
6.84253e-25
6.53451e-25
6.24028e-25
5.95924e-25
5.69078e-25
5.43437e-25
5.18945e-25
4.95552e-25
4.73208e-25
4.51868e-25
4.31486e-25
4.12019e-25
3.93427e-25
3.75671e-25
3.58713e-25
3.42517e-25
3.27051e-25
3.1228e-25
2.98174e-25
2.84703e-25
2.71839e-25
2.59554e-25
2.47823e-25
2.3662e-25
2.25923e-25
2.15707e-25
2.05953e-25
1.96638e-25
1.87744e-25
1.79251e-25
1.71142e-25
1.63399e-25
1.56005e-25
1.48946e-25
1.42205e-25
1.35769e-25
1.29623e-25
1.23756e-25
1.18154e-25
1.12805e-25
1.07698e-25
1.02822e-25
9.81661e-26
9.37213e-26
8.94777e-26
8.54261e-26
8.15579e-26
7.78648e-26
7.4339e-26
7.09728e-26
6.77591e-26
6.4691e-26
6.17619e-26
5.89655e-26
5.62958e-26
5.37471e-26
5.1314e-26
4.89911e-26
4.67736e-26
4.46566e-26
4.26357e-26
4.07064e-26
3.88646e-26
3.71064e-26
3.5428e-26
3.38257e-26
3.22962e-26
3.08361e-26
2.94424e-26
2.81119e-26
2.68418e-26
2.56294e-26
2.44722e-26
2.33675e-26
2.23131e-26
2.13066e-26
2.03458e-26
1.94288e-26
1.85535e-26
1.77181e-26
1.69207e-26
1.61597e-26
1.54333e-26
1.47401e-26
1.40784e-26
1.3447e-26
1.28445e-26
1.22695e-26
1.17208e-26
1.11972e-26
1.06976e-26
1.02209e-26
9.7661e-27
9.33223e-27
8.91832e-27
8.52351e-27
8.14692e-27
7.78775e-27
7.44524e-27
7.11863e-27
6.80722e-27
6.51036e-27
6.22739e-27
5.9577e-27
5.70073e-27
5.4559e-27
5.22271e-27
5.00064e-27
4.78922e-27
4.58799e-27
4.39653e-27
4.21441e-27
4.04126e-27
3.87669e-27
3.72035e-27
3.57192e-27
3.43107e-27
3.2975e-27
3.17092e-27
3.05106e-27
2.93768e-27
2.83052e-27
2.72935e-27
2.63397e-27
2.54416e-27
2.45974e-27
2.38053e-27
2.30636e-27
2.23707e-27
2.17251e-27
2.11256e-27
2.05708e-27
2.00595e-27
1.95908e-27
1.91636e-27
1.8777e-27
1.8431e-27
1.8126e-27
1.7862e-27
1.76381e-27
1.74549e-27
1.73117e-27
1.72081e-27
1.71437e-27
1.71181e-27
1.71311e-27
1.71827e-27
1.72727e-27
1.74013e-27
1.75684e-27
1.77744e-27
