2.5
5e+17
1e+17
49.9992
2.5
9377.69
2.17754e-19
2.17745e-19
2.17676e-19
2.17566e-19
2.17413e-19
2.17217e-19
2.16978e-19
2.16696e-19
2.16371e-19
2.16004e-19
2.15594e-19
2.15141e-19
2.14647e-19
2.14111e-19
2.13534e-19
2.12915e-19
2.12256e-19
2.11557e-19
2.10818e-19
2.10039e-19
2.09222e-19
2.08366e-19
2.07471e-19
2.0654e-19
2.05571e-19
2.04567e-19
2.03526e-19
2.0245e-19
2.0134e-19
2.00195e-19
1.99018e-19
1.97807e-19
1.96565e-19
1.95292e-19
1.93988e-19
1.92654e-19
1.91291e-19
1.89899e-19
1.88481e-19
1.87035e-19
1.85563e-19
1.84066e-19
1.82545e-19
1.81e-19
1.79432e-19
1.77842e-19
1.76231e-19
1.746e-19
1.72949e-19
1.71279e-19
1.69592e-19
1.67888e-19
1.66168e-19
1.64432e-19
1.62682e-19
1.60918e-19
1.59142e-19
1.57354e-19
1.55555e-19
1.53745e-19
1.51927e-19
1.501e-19
1.48265e-19
1.46423e-19
1.44575e-19
1.42722e-19
1.40865e-19
1.39004e-19
1.3714e-19
1.35274e-19
1.33407e-19
1.31539e-19
1.29671e-19
1.27805e-19
1.2594e-19
1.24077e-19
1.22218e-19
1.20362e-19
1.18511e-19
1.16665e-19
1.14824e-19
1.12991e-19
1.11164e-19
1.09345e-19
1.07534e-19
1.05732e-19
1.03939e-19
1.02157e-19
1.00384e-19
9.86233e-20
9.68736e-20
9.5136e-20
9.34109e-20
9.16987e-20
8.99999e-20
8.83149e-20
8.66442e-20
8.4988e-20
8.33468e-20
8.1721e-20
8.01109e-20
7.85167e-20
7.6939e-20
7.53778e-20
7.38335e-20
7.23065e-20
7.07968e-20
6.93048e-20
6.78307e-20
6.63747e-20
6.49369e-20
6.35176e-20
6.21168e-20
6.07348e-20
5.93717e-20
5.80276e-20
5.67025e-20
5.53967e-20
5.411e-20
5.28427e-20
5.15948e-20
5.03663e-20
4.91571e-20
4.79674e-20
4.67972e-20
4.56463e-20
4.45149e-20
4.34028e-20
4.23101e-20
4.12366e-20
4.01823e-20
3.91471e-20
3.8131e-20
3.71338e-20
3.61555e-20
3.51959e-20
3.42549e-20
3.33324e-20
3.24283e-20
3.15424e-20
3.06745e-20
2.98246e-20
2.89924e-20
2.81778e-20
2.73806e-20
2.66006e-20
2.58377e-20
2.50917e-20
2.43623e-20
2.36494e-20
2.29528e-20
2.22722e-20
2.16075e-20
2.09584e-20
2.03248e-20
1.97064e-20
1.91029e-20
1.85143e-20
1.79402e-20
1.73804e-20
1.68347e-20
1.63029e-20
1.57848e-20
1.528e-20
1.47885e-20
1.43099e-20
1.3844e-20
1.33906e-20
1.29494e-20
1.25203e-20
1.2103e-20
1.16972e-20
1.13028e-20
1.09195e-20
1.05471e-20
1.01854e-20
9.8341e-21
9.49302e-21
9.16193e-21
8.84063e-21
8.52888e-21
8.22649e-21
7.93322e-21
7.64889e-21
7.37327e-21
7.10616e-21
6.84735e-21
6.59665e-21
6.35386e-21
6.11879e-21
5.89123e-21
5.67099e-21
5.4579e-21
5.25177e-21
5.05241e-21
4.85965e-21
4.6733e-21
4.49321e-21
4.31919e-21
4.15107e-21
3.98871e-21
3.83193e-21
3.68057e-21
3.53449e-21
3.39352e-21
3.25752e-21
3.12635e-21
2.99986e-21
2.87792e-21
2.76037e-21
2.6471e-21
2.53797e-21
2.43285e-21
2.33162e-21
2.23415e-21
2.14033e-21
2.05004e-21
1.96317e-21
1.8796e-21
1.79922e-21
1.72194e-21
1.64765e-21
1.57625e-21
1.50764e-21
1.44173e-21
1.37842e-21
1.31763e-21
1.25927e-21
1.20325e-21
1.1495e-21
1.09793e-21
1.04846e-21
1.00101e-21
9.55527e-22
9.11925e-22
8.70138e-22
8.30099e-22
7.91745e-22
7.55011e-22
7.19837e-22
6.86164e-22
6.53935e-22
6.23096e-22
5.93591e-22
5.65371e-22
5.38384e-22
5.12583e-22
4.8792e-22
4.64351e-22
4.41831e-22
4.2032e-22
3.99776e-22
3.80159e-22
3.61433e-22
3.4356e-22
3.26506e-22
3.10236e-22
2.94718e-22
2.7992e-22
2.65811e-22
2.52363e-22
2.39548e-22
2.27337e-22
2.15706e-22
2.04629e-22
1.94082e-22
1.84042e-22
1.74486e-22
1.65393e-22
1.56742e-22
1.48515e-22
1.40691e-22
1.33252e-22
1.26182e-22
1.19462e-22
1.13078e-22
1.07014e-22
1.01255e-22
9.5786e-23
9.05946e-23
8.56674e-23
8.0992e-23
7.65565e-23
7.23494e-23
6.83598e-23
6.45772e-23
6.09918e-23
5.75939e-23
5.43745e-23
5.13247e-23
4.84363e-23
4.57013e-23
4.31121e-23
4.06615e-23
3.83425e-23
3.61485e-23
3.40733e-23
3.21108e-23
3.02552e-23
2.85012e-23
2.68435e-23
2.52772e-23
2.37975e-23
2.23999e-23
2.10802e-23
1.98343e-23
1.86583e-23
1.75485e-23
1.65014e-23
1.55137e-23
1.45822e-23
1.37039e-23
1.28759e-23
1.20956e-23
1.13602e-23
1.06674e-23
1.00149e-23
9.4004e-24
8.82184e-24
8.27724e-24
7.76471e-24
7.28245e-24
6.82879e-24
6.4021e-24
6.00088e-24
5.62367e-24
5.26913e-24
4.93594e-24
4.62291e-24
4.32886e-24
4.0527e-24
3.7934e-24
3.54998e-24
3.32152e-24
3.10714e-24
2.90602e-24
2.71737e-24
2.54046e-24
2.37459e-24
2.21911e-24
2.07339e-24
1.93686e-24
1.80895e-24
1.68915e-24
1.57698e-24
1.47195e-24
1.37365e-24
1.28165e-24
1.19558e-24
1.11507e-24
1.03977e-24
9.69357e-25
9.03534e-25
8.42013e-25
7.84524e-25
7.30814e-25
6.80645e-25
6.33793e-25
5.90048e-25
5.49213e-25
5.11102e-25
4.7554e-25
4.42364e-25
4.1142e-25
3.82565e-25
3.55662e-25
3.30585e-25
3.07214e-25
2.85439e-25
2.65154e-25
2.46261e-25
2.28669e-25
2.12291e-25
1.97047e-25
1.82861e-25
1.69662e-25
1.57385e-25
1.45966e-25
1.35349e-25
1.25479e-25
1.16306e-25
1.07782e-25
9.98624e-26
9.25063e-26
8.5675e-26
7.93323e-26
7.34444e-26
6.79799e-26
6.29095e-26
5.82056e-26
5.38426e-26
4.97967e-26
4.60457e-26
4.25687e-26
3.93463e-26
3.63607e-26
3.35948e-26
3.10332e-26
2.86611e-26
2.64651e-26
2.44324e-26
2.25514e-26
2.0811e-26
1.92011e-26
1.77122e-26
1.63355e-26
1.50627e-26
1.38864e-26
1.27994e-26
1.17951e-26
1.08674e-26
1.00107e-26
9.21966e-27
8.48945e-27
7.81551e-27
7.19363e-27
6.61991e-27
6.09073e-27
5.60273e-27
5.1528e-27
4.73806e-27
4.35582e-27
4.00363e-27
3.67917e-27
3.38033e-27
3.10515e-27
2.85179e-27
2.61859e-27
2.40397e-27
2.2065e-27
2.02485e-27
1.85778e-27
1.70416e-27
1.56292e-27
1.43311e-27
1.31381e-27
1.2042e-27
1.10352e-27
1.01106e-27
9.26151e-28
8.48207e-28
7.76668e-28
7.1102e-28
6.50791e-28
5.95545e-28
5.4488e-28
4.98425e-28
4.5584e-28
4.1681e-28
3.81045e-28
3.4828e-28
3.18268e-28
2.90785e-28
2.65621e-28
2.42587e-28
2.21506e-28
2.02216e-28
1.8457e-28
1.68429e-28
1.5367e-28
1.40175e-28
1.27841e-28
1.16568e-28
1.06268e-28
9.68588e-29
8.82651e-29
8.04179e-29
7.32537e-29
6.67145e-29
6.0747e-29
5.53024e-29
5.03359e-29
4.58065e-29
4.16766e-29
3.79118e-29
3.44807e-29
3.13544e-29
2.85067e-29
2.59133e-29
2.35523e-29
2.14036e-29
1.94488e-29
1.76712e-29
1.60556e-29
1.45881e-29
1.32561e-29
1.20483e-29
1.09544e-29
9.96498e-30
9.07186e-30
8.26756e-30
7.54551e-30
6.89992e-30
6.32577e-30
5.81874e-30
5.37524e-30
4.99236e-30
4.66781e-30
4.39999e-30
4.18793e-30
4.03129e-30
