12.5
5e+16
1e+18
50
12.5001
20969.1
2.43036e-20
2.42696e-20
2.4168e-20
2.40585e-20
2.39441e-20
2.38259e-20
2.37042e-20
2.35793e-20
2.34515e-20
2.33208e-20
2.31874e-20
2.30515e-20
2.29128e-20
2.27716e-20
2.26278e-20
2.24814e-20
2.23325e-20
2.21812e-20
2.20275e-20
2.18715e-20
2.17132e-20
2.15528e-20
2.13901e-20
2.12254e-20
2.10587e-20
2.089e-20
2.07194e-20
2.0547e-20
2.03728e-20
2.01969e-20
2.00195e-20
1.98404e-20
1.96599e-20
1.94779e-20
1.92946e-20
1.911e-20
1.89241e-20
1.87372e-20
1.85491e-20
1.836e-20
1.81699e-20
1.7979e-20
1.77872e-20
1.75947e-20
1.74015e-20
1.72077e-20
1.70133e-20
1.68184e-20
1.66231e-20
1.64274e-20
1.62314e-20
1.60352e-20
1.58388e-20
1.56423e-20
1.54457e-20
1.52491e-20
1.50525e-20
1.48561e-20
1.46598e-20
1.44638e-20
1.4268e-20
1.40726e-20
1.38776e-20
1.3683e-20
1.34889e-20
1.32953e-20
1.31023e-20
1.291e-20
1.27183e-20
1.25274e-20
1.23372e-20
1.21479e-20
1.19594e-20
1.17718e-20
1.15851e-20
1.13994e-20
1.12147e-20
1.10311e-20
1.08486e-20
1.06671e-20
1.04869e-20
1.03078e-20
1.01299e-20
9.95327e-21
9.77791e-21
9.60384e-21
9.4311e-21
9.2597e-21
9.08968e-21
8.92105e-21
8.75383e-21
8.58805e-21
8.42373e-21
8.26087e-21
8.09951e-21
7.93965e-21
7.78131e-21
7.6245e-21
7.46925e-21
7.31557e-21
7.16348e-21
7.013e-21
6.86415e-21
6.71694e-21
6.57138e-21
6.4275e-21
6.2853e-21
6.14482e-21
6.00607e-21
5.86908e-21
5.73388e-21
5.60048e-21
5.46891e-21
5.33917e-21
5.21129e-21
5.08532e-21
4.96126e-21
4.83916e-21
4.71902e-21
4.60088e-21
4.48473e-21
4.37059e-21
4.25847e-21
4.14837e-21
4.04029e-21
3.93424e-21
3.83021e-21
3.7282e-21
3.62819e-21
3.53019e-21
3.43418e-21
3.34015e-21
3.24809e-21
3.15797e-21
3.0698e-21
2.98354e-21
2.89919e-21
2.81672e-21
2.73612e-21
2.65736e-21
2.58041e-21
2.50527e-21
2.4319e-21
2.36029e-21
2.2904e-21
2.22222e-21
2.15572e-21
2.09086e-21
2.02764e-21
1.96601e-21
1.90597e-21
1.84746e-21
1.79048e-21
1.735e-21
1.68098e-21
1.6284e-21
1.57723e-21
1.52745e-21
1.47903e-21
1.43194e-21
1.38615e-21
1.34164e-21
1.29838e-21
1.25634e-21
1.2155e-21
1.17583e-21
1.1373e-21
1.0999e-21
1.06359e-21
1.02834e-21
9.94138e-22
9.60954e-22
9.28763e-22
8.97541e-22
8.67264e-22
8.3791e-22
8.09453e-22
7.81873e-22
7.55145e-22
7.29249e-22
7.04162e-22
6.79862e-22
6.5633e-22
6.33544e-22
6.11484e-22
5.90129e-22
5.69462e-22
5.49462e-22
5.3011e-22
5.11389e-22
4.93281e-22
4.75767e-22
4.58831e-22
4.42456e-22
4.26625e-22
4.11323e-22
3.96533e-22
3.82241e-22
3.68431e-22
3.55089e-22
3.422e-22
3.29751e-22
3.17728e-22
3.06118e-22
2.94908e-22
2.84086e-22
2.73639e-22
2.63555e-22
2.53823e-22
2.44432e-22
2.3537e-22
2.26628e-22
2.18194e-22
2.10059e-22
2.02213e-22
1.94646e-22
1.87349e-22
1.80313e-22
1.7353e-22
1.66991e-22
1.60688e-22
1.54613e-22
1.48758e-22
1.43115e-22
1.37678e-22
1.3244e-22
1.27393e-22
1.22531e-22
1.17848e-22
1.13338e-22
1.08994e-22
1.0481e-22
1.00782e-22
9.69027e-23
9.31681e-23
8.95726e-23
8.61115e-23
8.27799e-23
7.95731e-23
7.64868e-23
7.35166e-23
7.06583e-23
6.79079e-23
6.52615e-23
6.27154e-23
6.02659e-23
5.79094e-23
5.56426e-23
5.34623e-23
5.13652e-23
4.93482e-23
4.74085e-23
4.55432e-23
4.37496e-23
4.20248e-23
4.03666e-23
3.87722e-23
3.72394e-23
3.57659e-23
3.43495e-23
3.29879e-23
3.16792e-23
3.04213e-23
2.92124e-23
2.80506e-23
2.6934e-23
2.58611e-23
2.48301e-23
2.38394e-23
2.28876e-23
2.1973e-23
2.10944e-23
2.02503e-23
1.94394e-23
1.86604e-23
1.79122e-23
1.71934e-23
1.6503e-23
1.584e-23
1.52031e-23
1.45915e-23
1.40041e-23
1.344e-23
1.28983e-23
1.23781e-23
1.18786e-23
1.1399e-23
1.09385e-23
1.04963e-23
1.00718e-23
9.66427e-24
9.27299e-24
8.89736e-24
8.53675e-24
8.19058e-24
7.85829e-24
7.53932e-24
7.23314e-24
6.93926e-24
6.65719e-24
6.38645e-24
6.12661e-24
5.87722e-24
5.63788e-24
5.40819e-24
5.18776e-24
4.97622e-24
4.77322e-24
4.57843e-24
4.3915e-24
4.21214e-24
4.04003e-24
3.87489e-24
3.71644e-24
3.56441e-24
3.41854e-24
3.27859e-24
3.14433e-24
3.01551e-24
2.89192e-24
2.77336e-24
2.65962e-24
2.55051e-24
2.44584e-24
2.34543e-24
2.2491e-24
2.15671e-24
2.06808e-24
1.98307e-24
1.90152e-24
1.8233e-24
1.74828e-24
1.67632e-24
1.60731e-24
1.54111e-24
1.47762e-24
1.41673e-24
1.35833e-24
1.30232e-24
1.24861e-24
1.1971e-24
1.14769e-24
1.10032e-24
1.05488e-24
1.01132e-24
9.69534e-25
9.29468e-25
8.91048e-25
8.54206e-25
8.18878e-25
7.85002e-25
7.52519e-25
7.21372e-25
6.91507e-25
6.62871e-25
6.35414e-25
6.09088e-25
5.83846e-25
5.59645e-25
5.36441e-25
5.14193e-25
4.92864e-25
4.72414e-25
4.52808e-25
4.34011e-25
4.15991e-25
3.98715e-25
3.82152e-25
3.66274e-25
3.51052e-25
3.3646e-25
3.22471e-25
3.09061e-25
2.96206e-25
2.83883e-25
2.7207e-25
2.60746e-25
2.49891e-25
2.39487e-25
2.29513e-25
2.19953e-25
2.10789e-25
2.02006e-25
1.93587e-25
1.85517e-25
1.77783e-25
1.70369e-25
1.63264e-25
1.56454e-25
1.49927e-25
1.43671e-25
1.37675e-25
1.31929e-25
1.26422e-25
1.21144e-25
1.16086e-25
1.11239e-25
1.06594e-25
1.02142e-25
9.78755e-26
9.37872e-26
8.98694e-26
8.61152e-26
8.25177e-26
7.90704e-26
7.57672e-26
7.26021e-26
6.95693e-26
6.66633e-26
6.3879e-26
6.12113e-26
5.86553e-26
5.62065e-26
5.38603e-26
5.16126e-26
4.94592e-26
4.73963e-26
4.54201e-26
4.35271e-26
4.17137e-26
3.99767e-26
3.83129e-26
3.67193e-26
3.5193e-26
3.37312e-26
3.23313e-26
3.09907e-26
2.9707e-26
2.84778e-26
2.73008e-26
2.6174e-26
2.50952e-26
2.40625e-26
2.30741e-26
2.2128e-26
2.12226e-26
2.03562e-26
1.95272e-26
1.87342e-26
1.79756e-26
1.725e-26
1.65562e-26
1.58928e-26
1.52587e-26
1.46526e-26
1.40735e-26
1.35204e-26
1.29921e-26
1.24877e-26
1.20063e-26
1.1547e-26
1.1109e-26
1.06915e-26
1.02936e-26
9.91471e-27
9.5541e-27
9.21109e-27
8.88507e-27
8.57543e-27
8.28162e-27
8.00309e-27
7.73933e-27
7.48987e-27
7.25426e-27
7.03205e-27
6.82285e-27
6.62629e-27
6.442e-27
6.26967e-27
6.10896e-27
5.95961e-27
5.82135e-27
5.69393e-27
5.57712e-27
5.47073e-27
5.37458e-27
5.28849e-27
5.21233e-27
5.14597e-27
5.0893e-27
5.04224e-27
5.00472e-27
4.97669e-27
4.95811e-27
4.94897e-27
4.94928e-27
4.95906e-27
4.97836e-27
5.00724e-27
5.04593e-27
5.09487e-27
5.15432e-27
5.22461e-27
5.30588e-27
5.39825e-27
5.50189e-27
5.61697e-27
5.7437e-27
5.88228e-27
6.03298e-27
6.19606e-27
