2.5
5e+17
5e+17
49.9992
2.49999
9377.69
2.17687e-19
2.17678e-19
2.17609e-19
2.17499e-19
2.17347e-19
2.17151e-19
2.16912e-19
2.1663e-19
2.16305e-19
2.15938e-19
2.15528e-19
2.15076e-19
2.14582e-19
2.14046e-19
2.13469e-19
2.12851e-19
2.12192e-19
2.11493e-19
2.10754e-19
2.09976e-19
2.09159e-19
2.08304e-19
2.0741e-19
2.06479e-19
2.05511e-19
2.04507e-19
2.03467e-19
2.02391e-19
2.01282e-19
2.00138e-19
1.98961e-19
1.97751e-19
1.9651e-19
1.95237e-19
1.93933e-19
1.926e-19
1.91238e-19
1.89847e-19
1.88429e-19
1.86984e-19
1.85513e-19
1.84017e-19
1.82497e-19
1.80952e-19
1.79385e-19
1.77796e-19
1.76186e-19
1.74556e-19
1.72906e-19
1.71237e-19
1.69551e-19
1.67847e-19
1.66128e-19
1.64393e-19
1.62644e-19
1.60881e-19
1.59106e-19
1.57318e-19
1.5552e-19
1.53712e-19
1.51894e-19
1.50068e-19
1.48234e-19
1.46393e-19
1.44546e-19
1.42694e-19
1.40837e-19
1.38977e-19
1.37114e-19
1.35249e-19
1.33382e-19
1.31515e-19
1.29648e-19
1.27783e-19
1.25919e-19
1.24057e-19
1.22198e-19
1.20343e-19
1.18493e-19
1.16647e-19
1.14808e-19
1.12975e-19
1.11149e-19
1.0933e-19
1.0752e-19
1.05719e-19
1.03927e-19
1.02145e-19
1.00374e-19
9.86131e-20
9.68641e-20
9.51271e-20
9.34026e-20
9.1691e-20
8.99928e-20
8.83084e-20
8.66382e-20
8.49825e-20
8.33419e-20
8.17166e-20
8.01069e-20
7.85133e-20
7.6936e-20
7.53753e-20
7.38315e-20
7.23049e-20
7.07956e-20
6.9304e-20
6.78303e-20
6.63747e-20
6.49372e-20
6.35183e-20
6.21179e-20
6.07362e-20
5.93734e-20
5.80296e-20
5.67048e-20
5.53992e-20
5.41129e-20
5.28458e-20
5.15981e-20
5.03698e-20
4.91609e-20
4.79714e-20
4.68014e-20
4.56507e-20
4.45194e-20
4.34075e-20
4.23149e-20
4.12416e-20
4.01874e-20
3.91524e-20
3.81364e-20
3.71393e-20
3.61611e-20
3.52015e-20
3.42606e-20
3.33382e-20
3.24341e-20
3.15483e-20
3.06805e-20
2.98306e-20
2.89984e-20
2.81838e-20
2.73867e-20
2.66067e-20
2.58438e-20
2.50978e-20
2.43684e-20
2.36555e-20
2.29588e-20
2.22782e-20
2.16135e-20
2.09644e-20
2.03307e-20
1.97122e-20
1.91088e-20
1.85201e-20
1.79459e-20
1.73861e-20
1.68403e-20
1.63085e-20
1.57903e-20
1.52854e-20
1.47938e-20
1.43151e-20
1.38491e-20
1.33956e-20
1.29544e-20
1.25252e-20
1.21078e-20
1.1702e-20
1.13075e-20
1.09241e-20
1.05516e-20
1.01898e-20
9.83838e-21
9.49721e-21
9.16603e-21
8.84463e-21
8.53279e-21
8.23029e-21
7.93693e-21
7.6525e-21
7.37678e-21
7.10958e-21
6.85067e-21
6.59988e-21
6.35699e-21
6.12182e-21
5.89417e-21
5.67384e-21
5.46066e-21
5.25443e-21
5.05498e-21
4.86212e-21
4.67569e-21
4.4955e-21
4.32139e-21
4.15319e-21
3.99074e-21
3.83387e-21
3.68243e-21
3.53626e-21
3.39521e-21
3.25913e-21
3.12788e-21
3.00131e-21
2.87929e-21
2.76167e-21
2.64832e-21
2.53911e-21
2.43392e-21
2.33262e-21
2.23508e-21
2.14119e-21
2.05083e-21
1.96389e-21
1.88026e-21
1.79982e-21
1.72248e-21
1.64813e-21
1.57666e-21
1.508e-21
1.44203e-21
1.37867e-21
1.31783e-21
1.25941e-21
1.20335e-21
1.14954e-21
1.09792e-21
1.04841e-21
1.00092e-21
9.55393e-22
9.1175e-22
8.69924e-22
8.29848e-22
7.91457e-22
7.54689e-22
7.19482e-22
6.85778e-22
6.53519e-22
6.22651e-22
5.9312e-22
5.64874e-22
5.37864e-22
5.1204e-22
4.87357e-22
4.63769e-22
4.41232e-22
4.19704e-22
3.99145e-22
3.79515e-22
3.60777e-22
3.42893e-22
3.25829e-22
3.09551e-22
2.94025e-22
2.79221e-22
2.65108e-22
2.51657e-22
2.38839e-22
2.26628e-22
2.14997e-22
2.0392e-22
1.93375e-22
1.83338e-22
1.73786e-22
1.64698e-22
1.56053e-22
1.47831e-22
1.40014e-22
1.32583e-22
1.25521e-22
1.1881e-22
1.12436e-22
1.06381e-22
1.00632e-22
9.51738e-23
8.99934e-23
8.50775e-23
8.04136e-23
7.59899e-23
7.17947e-23
6.78173e-23
6.40471e-23
6.04741e-23
5.70887e-23
5.38817e-23
5.08446e-23
4.79687e-23
4.52463e-23
4.26696e-23
4.02315e-23
3.79249e-23
3.57432e-23
3.36801e-23
3.17296e-23
2.98859e-23
2.81436e-23
2.64975e-23
2.49426e-23
2.3474e-23
2.20875e-23
2.07786e-23
1.95432e-23
1.83776e-23
1.72779e-23
1.62408e-23
1.52628e-23
1.43407e-23
1.34716e-23
1.26526e-23
1.1881e-23
1.11541e-23
1.04696e-23
9.82508e-24
9.21837e-24
8.64737e-24
8.11008e-24
7.60463e-24
7.12923e-24
6.6822e-24
6.26192e-24
5.86689e-24
5.49566e-24
5.14687e-24
4.81925e-24
4.51157e-24
4.22267e-24
3.95147e-24
3.69695e-24
3.45811e-24
3.23406e-24
3.02391e-24
2.82684e-24
2.64208e-24
2.4689e-24
2.30661e-24
2.15455e-24
2.01211e-24
1.87871e-24
1.7538e-24
1.63686e-24
1.52742e-24
1.425e-24
1.32919e-24
1.23957e-24
1.15576e-24
1.0774e-24
1.00415e-24
9.35692e-25
8.71729e-25
8.11975e-25
7.56166e-25
7.04052e-25
6.55398e-25
6.09985e-25
5.67605e-25
5.28064e-25
4.9118e-25
4.56781e-25
4.24706e-25
3.94805e-25
3.66936e-25
3.40966e-25
3.16771e-25
2.94235e-25
2.73247e-25
2.53706e-25
2.35516e-25
2.18586e-25
2.02834e-25
1.88179e-25
1.74548e-25
1.61872e-25
1.50087e-25
1.39133e-25
1.28952e-25
1.19493e-25
1.10706e-25
1.02544e-25
9.49658e-26
8.793e-26
8.13992e-26
7.53387e-26
6.97155e-26
6.44993e-26
5.96616e-26
5.51758e-26
5.10172e-26
4.71627e-26
4.35908e-26
4.02815e-26
3.7216e-26
3.43771e-26
3.17484e-26
2.9315e-26
2.70627e-26
2.49785e-26
2.30503e-26
2.12667e-26
1.96173e-26
1.80922e-26
1.66824e-26
1.53794e-26
1.41754e-26
1.3063e-26
1.20356e-26
1.10868e-26
1.02108e-26
9.40214e-27
8.65582e-27
7.96717e-27
7.33186e-27
6.74589e-27
6.20552e-27
5.70732e-27
5.24808e-27
4.82484e-27
4.43486e-27
4.07561e-27
3.74472e-27
3.44002e-27
3.1595e-27
2.90128e-27
2.66365e-27
2.44501e-27
2.24388e-27
2.05889e-27
1.88879e-27
1.73242e-27
1.58868e-27
1.4566e-27
1.33524e-27
1.22377e-27
1.1214e-27
1.0274e-27
9.41118e-28
8.61929e-28
7.89269e-28
7.22615e-28
6.61486e-28
6.05437e-28
5.54059e-28
5.06975e-28
4.63838e-28
4.24329e-28
3.88153e-28
3.5504e-28
3.24741e-28
2.97025e-28
2.71685e-28
2.48526e-28
2.27372e-28
2.08058e-28
1.90436e-28
1.74367e-28
1.59726e-28
1.46397e-28
1.34274e-28
1.23262e-28
1.1327e-28
1.04219e-28
9.60352e-29
8.86503e-29
8.20034e-29
7.60387e-29
7.07057e-29
6.59585e-29
6.17555e-29
5.80594e-29
5.48364e-29
5.20564e-29
4.96925e-29
4.77208e-29
4.61201e-29
4.4872e-29
4.39606e-29
4.3372e-29
4.30948e-29
4.31193e-29
4.34381e-29
4.40452e-29
4.49368e-29
4.61102e-29
4.75648e-29
4.93011e-29
5.13213e-29
5.3629e-29
5.6229e-29
5.91275e-29
6.23322e-29
6.58519e-29
6.96966e-29
7.38779e-29
7.84082e-29
8.33015e-29
8.8573e-29
9.42391e-29
1.00317e-28
