5
5e+16
1e+18
49.9999
4.99994
13262.1
7.41736e-20
7.41653e-20
7.41282e-20
7.40771e-20
7.4012e-20
7.3933e-20
7.38401e-20
7.37334e-20
7.3613e-20
7.34789e-20
7.33313e-20
7.31701e-20
7.29956e-20
7.28078e-20
7.26068e-20
7.23928e-20
7.21658e-20
7.19259e-20
7.16734e-20
7.14084e-20
7.11309e-20
7.08411e-20
7.05393e-20
7.02255e-20
6.98999e-20
6.95627e-20
6.92141e-20
6.88543e-20
6.84834e-20
6.81017e-20
6.77094e-20
6.73066e-20
6.68936e-20
6.64706e-20
6.60378e-20
6.55955e-20
6.51439e-20
6.46831e-20
6.42135e-20
6.37353e-20
6.32488e-20
6.27541e-20
6.22515e-20
6.17413e-20
6.12238e-20
6.06991e-20
6.01675e-20
5.96294e-20
5.90849e-20
5.85344e-20
5.7978e-20
5.74161e-20
5.68489e-20
5.62767e-20
5.56997e-20
5.51183e-20
5.45326e-20
5.39429e-20
5.33496e-20
5.27528e-20
5.21528e-20
5.15499e-20
5.09443e-20
5.03364e-20
4.97263e-20
4.91143e-20
4.85007e-20
4.78856e-20
4.72695e-20
4.66524e-20
4.60347e-20
4.54166e-20
4.47983e-20
4.418e-20
4.3562e-20
4.29446e-20
4.23278e-20
4.1712e-20
4.10974e-20
4.04842e-20
3.98725e-20
3.92626e-20
3.86548e-20
3.80491e-20
3.74458e-20
3.6845e-20
3.6247e-20
3.56519e-20
3.50599e-20
3.44712e-20
3.38859e-20
3.33042e-20
3.27262e-20
3.21522e-20
3.15822e-20
3.10163e-20
3.04548e-20
2.98977e-20
2.93451e-20
2.87973e-20
2.82543e-20
2.77162e-20
2.71831e-20
2.66551e-20
2.61324e-20
2.5615e-20
2.51029e-20
2.45964e-20
2.40954e-20
2.36001e-20
2.31104e-20
2.26265e-20
2.21484e-20
2.16763e-20
2.121e-20
2.07497e-20
2.02954e-20
1.98472e-20
1.9405e-20
1.8969e-20
1.85391e-20
1.81153e-20
1.76977e-20
1.72864e-20
1.68812e-20
1.64822e-20
1.60894e-20
1.57028e-20
1.53224e-20
1.49482e-20
1.45801e-20
1.42183e-20
1.38625e-20
1.35129e-20
1.31694e-20
1.28319e-20
1.25005e-20
1.21751e-20
1.18557e-20
1.15422e-20
1.12346e-20
1.09329e-20
1.0637e-20
1.03468e-20
1.00624e-20
9.78365e-21
9.51051e-21
9.24293e-21
8.98086e-21
8.72424e-21
8.47302e-21
8.22714e-21
7.98653e-21
7.75114e-21
7.5209e-21
7.29576e-21
7.07566e-21
6.86053e-21
6.65031e-21
6.44495e-21
6.24437e-21
6.04851e-21
5.8573e-21
5.67069e-21
5.48859e-21
5.31095e-21
5.13769e-21
4.96876e-21
4.80409e-21
4.64361e-21
4.48727e-21
4.335e-21
4.18674e-21
4.04243e-21
3.90201e-21
3.7654e-21
3.63254e-21
3.50337e-21
3.37782e-21
3.25583e-21
3.13733e-21
3.02227e-21
2.9106e-21
2.80225e-21
2.69716e-21
2.59527e-21
2.49652e-21
2.40084e-21
2.30817e-21
2.21845e-21
2.13162e-21
2.0476e-21
1.96635e-21
1.88778e-21
1.81184e-21
1.73847e-21
1.6676e-21
1.59918e-21
1.53313e-21
1.4694e-21
1.40792e-21
1.34864e-21
1.2915e-21
1.23643e-21
1.18338e-21
1.13229e-21
1.08311e-21
1.03577e-21
9.90234e-22
9.46434e-22
9.04322e-22
8.63844e-22
8.24952e-22
7.87593e-22
7.51719e-22
7.17281e-22
6.84234e-22
6.5253e-22
6.22125e-22
5.92975e-22
5.65036e-22
5.38266e-22
5.12626e-22
4.88074e-22
4.64572e-22
4.42081e-22
4.20566e-22
3.9999e-22
3.80318e-22
3.61516e-22
3.43552e-22
3.26392e-22
3.10007e-22
2.94366e-22
2.79439e-22
2.65199e-22
2.51618e-22
2.38669e-22
2.26327e-22
2.14567e-22
2.03364e-22
1.92696e-22
1.82539e-22
1.72873e-22
1.63677e-22
1.54929e-22
1.46611e-22
1.38704e-22
1.3119e-22
1.24051e-22
1.1727e-22
1.10832e-22
1.04721e-22
9.89221e-23
9.34207e-23
8.82031e-23
8.32561e-23
7.8567e-23
7.41237e-23
6.99144e-23
6.59279e-23
6.21536e-23
5.8581e-23
5.52004e-23
5.20023e-23
4.89777e-23
4.6118e-23
4.34149e-23
4.08606e-23
3.84474e-23
3.61683e-23
3.40164e-23
3.1985e-23
3.0068e-23
2.82594e-23
2.65535e-23
2.49449e-23
2.34285e-23
2.19993e-23
2.06527e-23
1.93842e-23
1.81896e-23
1.70648e-23
1.60062e-23
1.50099e-23
1.40726e-23
1.31911e-23
1.23621e-23
1.15828e-23
1.08503e-23
1.01621e-23
9.51551e-24
8.90826e-24
8.33807e-24
7.8028e-24
7.30043e-24
6.82905e-24
6.38685e-24
5.97211e-24
5.58323e-24
5.21866e-24
4.87697e-24
4.55679e-24
4.25684e-24
3.97589e-24
3.7128e-24
3.4665e-24
3.23594e-24
3.02019e-24
2.81832e-24
2.62948e-24
2.45287e-24
2.28773e-24
2.13335e-24
1.98905e-24
1.85421e-24
1.72822e-24
1.61053e-24
1.50062e-24
1.39798e-24
1.30216e-24
1.21272e-24
1.12925e-24
1.05137e-24
9.78713e-25
9.10943e-25
8.47742e-25
7.88813e-25
7.33876e-25
6.82671e-25
6.3495e-25
5.90485e-25
5.49061e-25
5.10475e-25
4.74539e-25
4.41076e-25
4.09921e-25
3.8092e-25
3.53926e-25
3.28806e-25
3.05433e-25
2.83688e-25
2.63461e-25
2.44648e-25
2.27154e-25
2.10887e-25
1.95764e-25
1.81707e-25
1.68641e-25
1.56499e-25
1.45216e-25
1.34734e-25
1.24996e-25
1.15951e-25
1.0755e-25
9.97491e-26
9.25055e-26
8.57803e-26
7.95371e-26
7.3742e-26
6.83634e-26
6.33719e-26
5.87401e-26
5.44426e-26
5.04555e-26
4.67569e-26
4.33261e-26
4.01442e-26
3.71932e-26
3.44567e-26
3.19194e-26
2.95669e-26
2.73859e-26
2.53641e-26
2.34901e-26
2.17532e-26
2.01434e-26
1.86517e-26
1.72693e-26
1.59885e-26
1.48018e-26
1.37024e-26
1.26839e-26
1.17405e-26
1.08666e-26
1.00573e-26
9.30771e-27
8.61356e-27
7.97077e-27
7.37556e-27
6.82445e-27
6.31421e-27
5.84183e-27
5.40452e-27
4.9997e-27
4.62499e-27
4.27815e-27
3.95714e-27
3.66004e-27
3.38509e-27
3.13065e-27
2.8952e-27
2.67734e-27
2.47575e-27
2.28924e-27
2.11669e-27
1.95705e-27
1.80937e-27
1.67276e-27
1.5464e-27
1.42952e-27
1.32141e-27
1.22142e-27
1.12895e-27
1.04344e-27
9.64355e-28
8.91228e-28
8.2361e-28
7.61089e-28
7.03282e-28
6.49838e-28
6.0043e-28
5.54753e-28
5.1253e-28
4.735e-28
4.37424e-28
4.04079e-28
3.73261e-28
3.44779e-28
3.18457e-28
2.94134e-28
2.71657e-28
2.50889e-28
2.31701e-28
2.13972e-28
1.97593e-28
1.82463e-28
1.68485e-28
1.55575e-28
1.4365e-28
1.32637e-28
1.22465e-28
1.13072e-28
1.04399e-28
9.63905e-29
8.89965e-29
8.21703e-29
7.5869e-29
7.00526e-29
6.46843e-29
5.973e-29
5.51583e-29
5.09402e-29
4.70487e-29
4.3459e-29
4.01482e-29
3.70951e-29
3.42801e-29
3.16851e-29
2.92935e-29
2.70897e-29
2.50596e-29
2.319e-29
2.14689e-29
1.98849e-29
1.84278e-29
1.70881e-29
1.5857e-29
1.47264e-29
1.36887e-29
1.27373e-29
1.18669e-29
1.10721e-29
1.0348e-29
9.68991e-30
9.09369e-30
8.55512e-30
8.07116e-30
7.63873e-30
7.25457e-30
6.91572e-30
6.61951e-30
6.3635e-30
6.14554e-30
5.96369e-30
5.81622e-30
5.70162e-30
5.61859e-30
5.56597e-30
5.54282e-30
5.54833e-30
5.58187e-30
5.64295e-30
5.73124e-30
5.84654e-30
5.98879e-30
6.15807e-30
6.35458e-30
6.57866e-30
6.83079e-30
7.11154e-30
