5
1e+17
5e+19
49.9993
4.99989
13262.1
7.44974e-20
7.44168e-20
7.4176e-20
7.39158e-20
7.36437e-20
7.33617e-20
7.30705e-20
7.27707e-20
7.24626e-20
7.21464e-20
7.18223e-20
7.14906e-20
7.11514e-20
7.0805e-20
7.04515e-20
7.00911e-20
6.9724e-20
6.93502e-20
6.89697e-20
6.85827e-20
6.81893e-20
6.77894e-20
6.73832e-20
6.69709e-20
6.65525e-20
6.61282e-20
6.56981e-20
6.52623e-20
6.4821e-20
6.43743e-20
6.39222e-20
6.34651e-20
6.3003e-20
6.2536e-20
6.20643e-20
6.1588e-20
6.11073e-20
6.06224e-20
6.01333e-20
5.96402e-20
5.91433e-20
5.86427e-20
5.81386e-20
5.76312e-20
5.71204e-20
5.66067e-20
5.609e-20
5.55705e-20
5.50484e-20
5.45238e-20
5.3997e-20
5.3468e-20
5.29369e-20
5.24041e-20
5.18695e-20
5.13334e-20
5.07958e-20
5.02571e-20
4.97172e-20
4.91763e-20
4.86347e-20
4.80924e-20
4.75496e-20
4.70064e-20
4.6463e-20
4.59195e-20
4.53761e-20
4.48328e-20
4.42899e-20
4.37475e-20
4.32056e-20
4.26645e-20
4.21243e-20
4.1585e-20
4.10469e-20
4.051e-20
3.99744e-20
3.94404e-20
3.89079e-20
3.83772e-20
3.78483e-20
3.73214e-20
3.67965e-20
3.62738e-20
3.57534e-20
3.52353e-20
3.47197e-20
3.42067e-20
3.36963e-20
3.31887e-20
3.26839e-20
3.21821e-20
3.16833e-20
3.11876e-20
3.0695e-20
3.02057e-20
2.97198e-20
2.92373e-20
2.87582e-20
2.82827e-20
2.78107e-20
2.73425e-20
2.68779e-20
2.64172e-20
2.59602e-20
2.55072e-20
2.50581e-20
2.46129e-20
2.41718e-20
2.37347e-20
2.33017e-20
2.28728e-20
2.24481e-20
2.20276e-20
2.16113e-20
2.11993e-20
2.07915e-20
2.0388e-20
1.99888e-20
1.95939e-20
1.92034e-20
1.88172e-20
1.84354e-20
1.80579e-20
1.76848e-20
1.7316e-20
1.69516e-20
1.65916e-20
1.6236e-20
1.58847e-20
1.55378e-20
1.51952e-20
1.48569e-20
1.4523e-20
1.41934e-20
1.3868e-20
1.3547e-20
1.32302e-20
1.29176e-20
1.26093e-20
1.23051e-20
1.20051e-20
1.17093e-20
1.14176e-20
1.11299e-20
1.08464e-20
1.05668e-20
1.02913e-20
1.00197e-20
9.75208e-21
9.48835e-21
9.22849e-21
8.97247e-21
8.72024e-21
8.47182e-21
8.22722e-21
7.98645e-21
7.74954e-21
7.51649e-21
7.2873e-21
7.06198e-21
6.84051e-21
6.62288e-21
6.40908e-21
6.1991e-21
5.99296e-21
5.79065e-21
5.59219e-21
5.39757e-21
5.20686e-21
5.0201e-21
4.83735e-21
4.65864e-21
4.484e-21
4.31344e-21
4.14697e-21
3.98458e-21
3.82625e-21
3.67196e-21
3.52171e-21
3.37557e-21
3.23357e-21
3.09573e-21
2.96208e-21
2.83261e-21
2.70729e-21
2.58612e-21
2.46904e-21
2.35603e-21
2.24701e-21
2.14195e-21
2.04077e-21
1.9434e-21
1.84976e-21
1.75978e-21
1.67337e-21
1.59046e-21
1.51094e-21
1.43473e-21
1.36175e-21
1.29189e-21
1.22506e-21
1.16118e-21
1.10014e-21
1.04186e-21
9.86241e-22
9.33193e-22
8.82624e-22
8.34447e-22
7.88571e-22
7.44911e-22
7.03381e-22
6.63899e-22
6.26381e-22
5.90749e-22
5.56924e-22
5.2483e-22
4.94395e-22
4.65545e-22
4.38212e-22
4.12328e-22
3.87827e-22
3.64646e-22
3.42724e-22
3.22002e-22
3.02423e-22
2.83932e-22
2.66477e-22
2.50005e-22
2.34469e-22
2.19822e-22
2.06018e-22
1.93015e-22
1.80771e-22
1.69246e-22
1.58402e-22
1.48204e-22
1.38617e-22
1.29607e-22
1.21143e-22
1.13195e-22
1.05735e-22
9.87347e-23
9.21689e-23
8.60128e-23
8.02428e-23
7.48368e-23
6.97735e-23
6.5033e-23
6.05963e-23
5.64454e-23
5.25632e-23
4.89335e-23
4.55412e-23
4.23717e-23
3.94114e-23
3.66475e-23
3.40677e-23
3.16606e-23
2.94154e-23
2.73218e-23
2.53702e-23
2.35516e-23
2.18575e-23
2.02798e-23
1.88109e-23
1.74438e-23
1.61718e-23
1.49887e-23
1.38885e-23
1.28658e-23
1.19154e-23
1.10324e-23
1.02122e-23
9.45073e-24
8.74385e-24
8.08787e-24
7.47929e-24
6.91484e-24
6.39147e-24
5.90631e-24
5.45669e-24
5.04013e-24
4.65429e-24
4.29701e-24
3.96625e-24
3.66012e-24
3.37687e-24
3.11485e-24
2.87252e-24
2.64847e-24
2.44137e-24
2.24998e-24
2.07315e-24
1.90982e-24
1.75898e-24
1.61972e-24
1.49118e-24
1.37256e-24
1.26312e-24
1.16217e-24
1.06907e-24
9.83243e-25
9.04126e-25
8.31212e-25
7.64032e-25
7.02147e-25
6.45152e-25
5.92671e-25
5.44359e-25
4.99892e-25
4.58973e-25
4.21326e-25
3.86698e-25
3.54852e-25
3.25572e-25
2.98654e-25
2.73914e-25
2.51181e-25
2.30294e-25
2.11108e-25
1.93488e-25
1.77309e-25
1.62456e-25
1.48822e-25
1.36311e-25
1.24831e-25
1.143e-25
1.0464e-25
9.57816e-26
8.76594e-26
8.02136e-26
7.33889e-26
6.71346e-26
6.1404e-26
5.61542e-26
5.13456e-26
4.69418e-26
4.29095e-26
3.92179e-26
3.58387e-26
3.2746e-26
2.9916e-26
2.73267e-26
2.49581e-26
2.27916e-26
2.08104e-26
1.89988e-26
1.73426e-26
1.58287e-26
1.4445e-26
1.31806e-26
1.20253e-26
1.09698e-26
1.00057e-26
9.12522e-27
8.32116e-27
7.587e-27
6.91677e-27
6.30498e-27
5.74661e-27
5.23706e-27
4.77213e-27
4.34796e-27
3.96103e-27
3.60812e-27
3.28628e-27
2.9928e-27
2.72523e-27
2.4813e-27
2.25896e-27
2.05631e-27
1.87164e-27
1.70338e-27
1.55007e-27
1.41041e-27
1.28321e-27
1.16735e-27
1.06185e-27
9.65778e-28
8.78314e-28
7.9869e-28
7.26213e-28
6.60248e-28
6.00217e-28
5.45591e-28
4.95889e-28
4.50672e-28
4.0954e-28
3.72128e-28
3.38102e-28
3.07159e-28
2.79023e-28
2.53441e-28
2.30185e-28
2.09044e-28
1.89828e-28
1.72364e-28
1.56493e-28
1.42071e-28
1.28968e-28
1.17063e-28
1.06249e-28
9.64257e-29
8.75036e-29
7.94007e-29
7.20424e-29
6.5361e-29
5.92945e-29
5.3787e-29
4.87874e-29
4.42491e-29
4.013e-29
3.63916e-29
3.29991e-29
2.99207e-29
2.71275e-29
2.45933e-29
2.22943e-29
2.02088e-29
1.83171e-29
1.66013e-29
1.50453e-29
1.36342e-29
1.23546e-29
1.11944e-29
1.01424e-29
9.18877e-30
8.32424e-30
7.54059e-30
6.83028e-30
6.18651e-30
5.60307e-30
5.07435e-30
4.59525e-30
4.16114e-30
3.76782e-30
3.41149e-30
3.08868e-30
2.79626e-30
2.53138e-30
2.29148e-30
2.0742e-30
1.87742e-30
1.69922e-30
1.53786e-30
1.39176e-30
1.25947e-30
1.1397e-30
1.03128e-30
9.33122e-31
8.44273e-31
7.63852e-31
6.91063e-31
6.25185e-31
5.65566e-31
5.11614e-31
4.62793e-31
4.18617e-31
3.78648e-31
3.42486e-31
3.0977e-31
2.80174e-31
2.53401e-31
2.29185e-31
2.07281e-31
1.87471e-31
1.69554e-31
1.53352e-31
1.387e-31
1.25452e-31
1.13478e-31
1.02658e-31
9.28857e-32
8.40618e-32
7.60986e-32
6.8915e-32
6.24407e-32
5.66112e-32
5.13666e-32
4.66529e-32
4.24215e-32
3.86285e-32
3.52348e-32
3.22052e-32
2.95081e-32
2.71155e-32
2.50024e-32
2.31467e-32
2.15288e-32
2.01317e-32
1.89405e-32
1.79424e-32
1.71267e-32
1.64844e-32
1.60084e-32
1.5693e-32
1.55345e-32
1.55304e-32
1.568e-32
1.5984e-32
