5
1e+16
5e+18
49.9999
4.99999
13262.1
7.4218e-20
7.41415e-20
7.39123e-20
7.3664e-20
7.34037e-20
7.31334e-20
7.28537e-20
7.25652e-20
7.22681e-20
7.19626e-20
7.16491e-20
7.13276e-20
7.09984e-20
7.06618e-20
7.03177e-20
6.99666e-20
6.96084e-20
6.92432e-20
6.88711e-20
6.84922e-20
6.81066e-20
6.77144e-20
6.73156e-20
6.69104e-20
6.64989e-20
6.60812e-20
6.56575e-20
6.52279e-20
6.47925e-20
6.43514e-20
6.39049e-20
6.3453e-20
6.29959e-20
6.25337e-20
6.20666e-20
6.15947e-20
6.11182e-20
6.06372e-20
6.01519e-20
5.96624e-20
5.91689e-20
5.86715e-20
5.81705e-20
5.76658e-20
5.71577e-20
5.66464e-20
5.61321e-20
5.56147e-20
5.50946e-20
5.45719e-20
5.40467e-20
5.35192e-20
5.29896e-20
5.24579e-20
5.19244e-20
5.13893e-20
5.08526e-20
5.03145e-20
4.97752e-20
4.92348e-20
4.86935e-20
4.81515e-20
4.76088e-20
4.70656e-20
4.65221e-20
4.59785e-20
4.54348e-20
4.48912e-20
4.43478e-20
4.38048e-20
4.32624e-20
4.27206e-20
4.21796e-20
4.16395e-20
4.11005e-20
4.05627e-20
4.00262e-20
3.94911e-20
3.89575e-20
3.84256e-20
3.78956e-20
3.73674e-20
3.68412e-20
3.63172e-20
3.57954e-20
3.5276e-20
3.4759e-20
3.42445e-20
3.37327e-20
3.32236e-20
3.27173e-20
3.2214e-20
3.17137e-20
3.12164e-20
3.07224e-20
3.02316e-20
2.97441e-20
2.926e-20
2.87794e-20
2.83024e-20
2.78289e-20
2.73591e-20
2.68931e-20
2.64308e-20
2.59724e-20
2.55179e-20
2.50673e-20
2.46207e-20
2.41782e-20
2.37397e-20
2.33053e-20
2.28751e-20
2.24491e-20
2.20273e-20
2.16097e-20
2.11965e-20
2.07875e-20
2.03828e-20
1.99825e-20
1.95865e-20
1.91949e-20
1.88076e-20
1.84248e-20
1.80464e-20
1.76723e-20
1.73027e-20
1.69375e-20
1.65766e-20
1.62202e-20
1.58682e-20
1.55206e-20
1.51774e-20
1.48385e-20
1.4504e-20
1.41739e-20
1.38481e-20
1.35266e-20
1.32094e-20
1.28965e-20
1.25878e-20
1.22834e-20
1.19832e-20
1.16872e-20
1.13954e-20
1.11077e-20
1.08241e-20
1.05446e-20
1.02691e-20
9.99761e-21
9.73013e-21
9.46658e-21
9.20695e-21
8.9512e-21
8.69929e-21
8.45122e-21
8.20701e-21
7.96667e-21
7.73022e-21
7.49766e-21
7.269e-21
7.04423e-21
6.82334e-21
6.60631e-21
6.39313e-21
6.1838e-21
5.97833e-21
5.77671e-21
5.57894e-21
5.38503e-21
5.19504e-21
5.00901e-21
4.82699e-21
4.649e-21
4.47509e-21
4.30525e-21
4.13949e-21
3.9778e-21
3.82016e-21
3.66654e-21
3.51696e-21
3.37146e-21
3.23008e-21
3.09285e-21
2.95978e-21
2.83085e-21
2.70607e-21
2.58539e-21
2.46878e-21
2.3562e-21
2.2476e-21
2.14292e-21
2.04209e-21
1.94504e-21
1.85171e-21
1.762e-21
1.67584e-21
1.59314e-21
1.51382e-21
1.43779e-21
1.36496e-21
1.29523e-21
1.22852e-21
1.16473e-21
1.10377e-21
1.04555e-21
9.89971e-22
9.36953e-22
8.86401e-22
8.38228e-22
7.92346e-22
7.48668e-22
7.07112e-22
6.67594e-22
6.30033e-22
5.9435e-22
5.60469e-22
5.28314e-22
4.97811e-22
4.6889e-22
4.41482e-22
4.15519e-22
3.90938e-22
3.67674e-22
3.45668e-22
3.2486e-22
3.05194e-22
2.86616e-22
2.69073e-22
2.52515e-22
2.36892e-22
2.22159e-22
2.0827e-22
1.95182e-22
1.82855e-22
1.71248e-22
1.60325e-22
1.50048e-22
1.40384e-22
1.31299e-22
1.22763e-22
1.14744e-22
1.07215e-22
1.00148e-22
9.35173e-23
8.72984e-23
8.14679e-23
7.60034e-23
7.08837e-23
6.60889e-23
6.15999e-23
5.73987e-23
5.34682e-23
4.97922e-23
4.63555e-23
4.31434e-23
4.01425e-23
3.73396e-23
3.47226e-23
3.228e-23
3.00009e-23
2.7875e-23
2.58926e-23
2.40447e-23
2.23227e-23
2.07185e-23
1.92244e-23
1.78334e-23
1.65387e-23
1.53341e-23
1.42135e-23
1.31715e-23
1.22028e-23
1.13025e-23
1.0466e-23
9.68901e-24
8.96753e-24
8.29776e-24
7.67616e-24
7.09943e-24
6.56448e-24
6.06841e-24
5.60852e-24
5.18229e-24
4.78735e-24
4.4215e-24
4.08269e-24
3.76901e-24
3.47865e-24
3.20995e-24
2.96136e-24
2.73143e-24
2.51882e-24
2.32226e-24
2.14059e-24
1.97271e-24
1.81763e-24
1.67439e-24
1.54213e-24
1.42002e-24
1.30732e-24
1.20333e-24
1.10739e-24
1.0189e-24
9.37303e-25
8.62072e-25
7.92729e-25
7.28825e-25
6.69948e-25
6.15712e-25
5.65763e-25
5.19771e-25
4.77432e-25
4.38462e-25
4.02602e-25
3.6961e-25
3.39262e-25
3.11351e-25
2.85688e-25
2.62096e-25
2.40411e-25
2.20484e-25
2.02174e-25
1.85355e-25
1.69907e-25
1.55722e-25
1.42698e-25
1.30742e-25
1.1977e-25
1.09701e-25
1.00463e-25
9.19892e-26
8.42173e-26
7.70903e-26
7.0556e-26
6.4566e-26
5.9076e-26
5.40449e-26
4.94352e-26
4.52122e-26
4.13442e-26
3.78018e-26
3.45581e-26
3.15885e-26
2.88701e-26
2.63821e-26
2.41053e-26
2.20221e-26
2.01163e-26
1.83731e-26
1.67787e-26
1.53208e-26
1.39878e-26
1.27692e-26
1.16553e-26
1.06373e-26
9.70698e-27
8.857e-27
8.08049e-27
7.37119e-27
6.72337e-27
6.13178e-27
5.59161e-27
5.09844e-27
4.64826e-27
4.23735e-27
3.86235e-27
3.52015e-27
3.20793e-27
2.92309e-27
2.66326e-27
2.42627e-27
2.21015e-27
2.01307e-27
1.83338e-27
1.66956e-27
1.52024e-27
1.38413e-27
1.26008e-27
1.14705e-27
1.04405e-27
9.50217e-28
8.64735e-28
7.86871e-28
7.15954e-28
6.5137e-28
5.9256e-28
5.39012e-28
4.90261e-28
4.45882e-28
4.05485e-28
3.68718e-28
3.35257e-28
3.04807e-28
2.77101e-28
2.51894e-28
2.28961e-28
2.08101e-28
1.89126e-28
1.71868e-28
1.56174e-28
1.41902e-28
1.28925e-28
1.17127e-28
1.06401e-28
9.66498e-29
8.77865e-29
7.97307e-29
7.24092e-29
6.57557e-29
5.97097e-29
5.42161e-29
4.92249e-29
4.46903e-29
4.0571e-29
3.68292e-29
3.34304e-29
3.03436e-29
2.75401e-29
2.49943e-29
2.26825e-29
2.05835e-29
1.86776e-29
1.69473e-29
1.53766e-29
1.39506e-29
1.26563e-29
1.14815e-29
1.04153e-29
9.44757e-30
8.56939e-30
7.77249e-30
7.04938e-30
6.39326e-30
5.79796e-30
5.25787e-30
4.7679e-30
4.32342e-30
3.92022e-30
3.55449e-30
3.22276e-30
2.92189e-30
2.64901e-30
2.40154e-30
2.17712e-30
1.9736e-30
1.78906e-30
1.62173e-30
1.47001e-30
1.33245e-30
1.20774e-30
1.09467e-30
9.92168e-31
8.99247e-31
8.15015e-31
7.38662e-31
6.69455e-31
6.06725e-31
5.4987e-31
4.9834e-31
4.51639e-31
4.09316e-31
3.70961e-31
3.36204e-31
3.04709e-31
2.76169e-31
2.5031e-31
2.2688e-31
2.05651e-31
1.86418e-31
1.68993e-31
1.53208e-31
1.38913e-31
1.25974e-31
1.14265e-31
1.03673e-31
9.4097e-32
8.54428e-32
7.76295e-32
7.05824e-32
6.42317e-32
5.85146e-32
5.33743e-32
4.87596e-32
4.46246e-32
4.09282e-32
3.76334e-32
3.47072e-32
3.21202e-32
2.98465e-32
2.7863e-32
2.61496e-32
2.46888e-32
2.34655e-32
2.24671e-32
2.16829e-32
2.11045e-32
2.07253e-32
2.05408e-32
2.05483e-32
2.07468e-32
2.11372e-32
