2.5
1e+16
1e+18
50
2.49999
9377.69
2.14092e-19
2.14082e-19
2.14014e-19
2.13906e-19
2.13756e-19
2.13565e-19
2.13332e-19
2.13057e-19
2.1274e-19
2.12383e-19
2.11984e-19
2.11544e-19
2.11064e-19
2.10543e-19
2.09982e-19
2.09381e-19
2.08742e-19
2.08063e-19
2.07345e-19
2.06589e-19
2.05796e-19
2.04965e-19
2.04097e-19
2.03193e-19
2.02253e-19
2.01278e-19
2.00268e-19
1.99224e-19
1.98147e-19
1.97036e-19
1.95893e-19
1.94718e-19
1.93513e-19
1.92276e-19
1.91011e-19
1.89716e-19
1.88392e-19
1.87042e-19
1.85664e-19
1.8426e-19
1.82831e-19
1.81377e-19
1.79899e-19
1.78398e-19
1.76875e-19
1.7533e-19
1.73765e-19
1.72179e-19
1.70575e-19
1.68952e-19
1.67311e-19
1.65654e-19
1.63981e-19
1.62293e-19
1.60591e-19
1.58875e-19
1.57147e-19
1.55407e-19
1.53655e-19
1.51894e-19
1.50123e-19
1.48344e-19
1.46557e-19
1.44762e-19
1.42962e-19
1.41156e-19
1.39346e-19
1.37532e-19
1.35714e-19
1.33894e-19
1.32073e-19
1.30251e-19
1.28428e-19
1.26606e-19
1.24786e-19
1.22967e-19
1.21151e-19
1.19338e-19
1.17529e-19
1.15725e-19
1.13926e-19
1.12133e-19
1.10346e-19
1.08567e-19
1.06795e-19
1.05031e-19
1.03276e-19
1.01531e-19
9.97948e-20
9.80694e-20
9.63547e-20
9.46514e-20
9.29599e-20
9.12806e-20
8.9614e-20
8.79604e-20
8.63203e-20
8.46941e-20
8.30822e-20
8.14848e-20
7.99024e-20
7.83353e-20
7.67838e-20
7.52481e-20
7.37286e-20
7.22256e-20
7.07392e-20
6.92697e-20
6.78174e-20
6.63824e-20
6.4965e-20
6.35652e-20
6.21834e-20
6.08196e-20
5.94739e-20
5.81465e-20
5.68375e-20
5.5547e-20
5.42751e-20
5.30218e-20
5.17873e-20
5.05714e-20
4.93744e-20
4.81961e-20
4.70367e-20
4.58961e-20
4.47743e-20
4.36712e-20
4.25869e-20
4.15213e-20
4.04743e-20
3.94459e-20
3.8436e-20
3.74446e-20
3.64715e-20
3.55166e-20
3.45799e-20
3.36612e-20
3.27604e-20
3.18773e-20
3.10119e-20
3.0164e-20
2.93335e-20
2.85201e-20
2.77238e-20
2.69443e-20
2.61815e-20
2.54353e-20
2.47054e-20
2.39916e-20
2.32938e-20
2.26118e-20
2.19453e-20
2.12943e-20
2.06584e-20
2.00374e-20
1.94313e-20
1.88396e-20
1.82623e-20
1.76992e-20
1.71499e-20
1.66144e-20
1.60923e-20
1.55834e-20
1.50876e-20
1.46046e-20
1.41342e-20
1.36762e-20
1.32302e-20
1.27963e-20
1.2374e-20
1.19632e-20
1.15636e-20
1.11751e-20
1.07975e-20
1.04304e-20
1.00737e-20
9.7272e-21
9.39064e-21
9.06384e-21
8.74657e-21
8.43862e-21
8.1398e-21
7.84989e-21
7.5687e-21
7.29601e-21
7.03164e-21
6.77539e-21
6.52706e-21
6.28646e-21
6.05341e-21
5.82771e-21
5.60918e-21
5.39764e-21
5.19292e-21
4.99483e-21
4.8032e-21
4.61787e-21
4.43866e-21
4.26542e-21
4.09797e-21
3.93616e-21
3.77984e-21
3.62885e-21
3.48303e-21
3.34225e-21
3.20636e-21
3.07522e-21
2.94868e-21
2.82661e-21
2.70889e-21
2.59537e-21
2.48593e-21
2.38046e-21
2.27881e-21
2.18089e-21
2.08656e-21
1.99573e-21
1.90827e-21
1.8241e-21
1.74311e-21
1.66519e-21
1.59026e-21
1.51822e-21
1.44896e-21
1.38242e-21
1.31848e-21
1.25708e-21
1.19812e-21
1.14151e-21
1.08719e-21
1.03507e-21
9.85077e-22
9.37139e-22
8.91187e-22
8.4715e-22
8.04961e-22
7.64556e-22
7.25874e-22
6.88857e-22
6.53448e-22
6.19591e-22
5.87231e-22
5.56316e-22
5.26792e-22
4.9861e-22
4.7172e-22
4.46072e-22
4.21619e-22
3.98315e-22
3.76114e-22
3.54972e-22
3.34847e-22
3.15701e-22
2.97496e-22
2.80199e-22
2.63772e-22
2.48182e-22
2.33395e-22
2.19378e-22
2.06098e-22
1.93524e-22
1.81625e-22
1.70373e-22
1.59737e-22
1.49689e-22
1.40204e-22
1.31253e-22
1.22813e-22
1.14858e-22
1.07364e-22
1.0031e-22
9.36718e-23
8.74297e-23
8.15629e-23
7.60521e-23
7.08784e-23
6.60239e-23
6.14714e-23
5.72046e-23
5.32076e-23
4.94654e-23
4.59638e-23
4.26891e-23
3.96282e-23
3.67686e-23
3.40988e-23
3.16073e-23
2.92835e-23
2.71174e-23
2.50992e-23
2.322e-23
2.14711e-23
1.98442e-23
1.83318e-23
1.69265e-23
1.56214e-23
1.44101e-23
1.32863e-23
1.22443e-23
1.12787e-23
1.03843e-23
9.55638e-24
8.79029e-24
8.08184e-24
7.42702e-24
6.82208e-24
6.26352e-24
5.74805e-24
5.27259e-24
4.83425e-24
4.43034e-24
4.05835e-24
3.71593e-24
3.40089e-24
3.11118e-24
2.8449e-24
2.60028e-24
2.37566e-24
2.16951e-24
1.98041e-24
1.80702e-24
1.64813e-24
1.50258e-24
1.36932e-24
1.24737e-24
1.13582e-24
1.03384e-24
9.40641e-25
8.5551e-25
7.77784e-25
7.0685e-25
6.42144e-25
5.83145e-25
5.29373e-25
4.80386e-25
4.35778e-25
3.95173e-25
3.58229e-25
3.24628e-25
2.94082e-25
2.66322e-25
2.41106e-25
2.18208e-25
1.97424e-25
1.78566e-25
1.61461e-25
1.45952e-25
1.31896e-25
1.1916e-25
1.07626e-25
9.71817e-26
8.77287e-26
7.91755e-26
7.14388e-26
6.44428e-26
5.81186e-26
5.24034e-26
4.724e-26
4.25764e-26
3.83654e-26
3.45642e-26
3.11337e-26
2.80385e-26
2.52466e-26
2.27289e-26
2.04589e-26
1.84127e-26
1.65687e-26
1.49072e-26
1.34104e-26
1.20624e-26
1.08485e-26
9.75552e-27
8.77167e-27
7.88618e-27
7.08933e-27
6.37235e-27
5.72735e-27
5.14716e-27
4.62535e-27
4.15611e-27
3.73417e-27
3.35483e-27
3.01382e-27
2.70729e-27
2.43178e-27
2.18418e-27
1.96169e-27
1.76176e-27
1.58213e-27
1.42075e-27
1.27578e-27
1.14554e-27
1.02857e-27
9.23498e-28
8.29133e-28
7.44386e-28
6.68279e-28
5.99935e-28
5.38565e-28
4.8346e-28
4.33983e-28
3.89559e-28
3.49676e-28
3.13869e-28
2.81723e-28
2.52866e-28
2.26961e-28
2.03707e-28
1.82833e-28
1.64097e-28
1.4728e-28
1.32186e-28
1.18638e-28
1.06479e-28
9.55672e-29
8.57739e-29
7.69852e-29
6.90982e-29
6.20205e-29
5.56694e-29
4.99702e-29
4.48562e-29
4.02674e-29
3.61499e-29
3.24553e-29
2.91403e-29
2.61657e-29
2.34967e-29
2.11017e-29
1.89525e-29
1.70239e-29
1.52929e-29
1.37387e-29
1.23421e-29
1.10865e-29
9.95707e-30
8.94092e-30
8.02699e-30
7.20498e-30
6.46615e-30
5.80298e-30
5.20712e-30
4.67112e-30
4.18894e-30
3.75647e-30
3.36863e-30
3.02025e-30
2.70663e-30
2.42348e-30
2.16709e-30
1.93756e-30
1.73322e-30
1.55139e-30
1.38966e-30
1.24591e-30
1.11824e-30
1.00499e-30
9.0468e-31
8.16011e-31
7.37837e-31
6.69151e-31
6.09074e-31
5.5684e-31
5.1179e-31
4.73357e-31
4.41066e-31
4.14522e-31
3.93407e-31
3.77479e-31
3.66566e-31
3.60565e-31
3.59443e-31
3.63236e-31
3.72052e-31
3.86072e-31
4.05556e-31
4.30846e-31
4.62377e-31
5.00679e-31
5.46392e-31
6.00274e-31
6.63219e-31
7.36272e-31
8.20645e-31
9.17744e-31
1.02919e-30
1.15686e-30
1.30291e-30
1.46981e-30
1.66042e-30
1.878e-30
2.12631e-30
2.40967e-30
2.73304e-30
3.10211e-30
3.52342e-30
4.0045e-30
4.55399e-30
5.18188e-30
