7.5
1e+17
1e+17
50
7.49999
16242.6
4.18998e-20
4.18971e-20
4.18812e-20
4.18574e-20
4.18252e-20
4.17849e-20
4.17363e-20
4.16795e-20
4.16145e-20
4.15414e-20
4.14602e-20
4.13709e-20
4.12737e-20
4.11685e-20
4.10554e-20
4.09346e-20
4.08059e-20
4.06697e-20
4.05258e-20
4.03744e-20
4.02156e-20
4.00495e-20
3.98762e-20
3.96957e-20
3.95082e-20
3.93138e-20
3.91126e-20
3.89047e-20
3.86902e-20
3.84693e-20
3.8242e-20
3.80086e-20
3.7769e-20
3.75235e-20
3.72723e-20
3.70153e-20
3.67529e-20
3.6485e-20
3.62119e-20
3.59338e-20
3.56506e-20
3.53627e-20
3.50702e-20
3.47732e-20
3.44719e-20
3.41663e-20
3.38568e-20
3.35434e-20
3.32263e-20
3.29057e-20
3.25818e-20
3.22546e-20
3.19243e-20
3.15912e-20
3.12553e-20
3.09169e-20
3.0576e-20
3.02329e-20
2.98878e-20
2.95407e-20
2.91918e-20
2.88413e-20
2.84894e-20
2.81362e-20
2.77819e-20
2.74266e-20
2.70704e-20
2.67136e-20
2.63562e-20
2.59984e-20
2.56405e-20
2.52824e-20
2.49244e-20
2.45665e-20
2.4209e-20
2.3852e-20
2.34955e-20
2.31398e-20
2.27849e-20
2.24311e-20
2.20783e-20
2.17268e-20
2.13766e-20
2.10278e-20
2.06807e-20
2.03352e-20
1.99916e-20
1.96498e-20
1.931e-20
1.89724e-20
1.86369e-20
1.83037e-20
1.79729e-20
1.76446e-20
1.73188e-20
1.69956e-20
1.66752e-20
1.63575e-20
1.60427e-20
1.57308e-20
1.54219e-20
1.51161e-20
1.48134e-20
1.45138e-20
1.42174e-20
1.39244e-20
1.36346e-20
1.33482e-20
1.30652e-20
1.27856e-20
1.25096e-20
1.2237e-20
1.1968e-20
1.17025e-20
1.14407e-20
1.11824e-20
1.09278e-20
1.06768e-20
1.04296e-20
1.01859e-20
9.94602e-21
9.70979e-21
9.47726e-21
9.24844e-21
9.02331e-21
8.80189e-21
8.58416e-21
8.37013e-21
8.15978e-21
7.9531e-21
7.75008e-21
7.55071e-21
7.35498e-21
7.16286e-21
6.97434e-21
6.78939e-21
6.608e-21
6.43015e-21
6.2558e-21
6.08493e-21
5.91752e-21
5.75354e-21
5.59296e-21
5.43575e-21
5.28187e-21
5.1313e-21
4.984e-21
4.83993e-21
4.69907e-21
4.56137e-21
4.42679e-21
4.29532e-21
4.16689e-21
4.04148e-21
3.91904e-21
3.79953e-21
3.68292e-21
3.56916e-21
3.45821e-21
3.35003e-21
3.24457e-21
3.14179e-21
3.04164e-21
2.9441e-21
2.8491e-21
2.7566e-21
2.66657e-21
2.57895e-21
2.49371e-21
2.4108e-21
2.33017e-21
2.25178e-21
2.17559e-21
2.10156e-21
2.02963e-21
1.95977e-21
1.89193e-21
1.82607e-21
1.76214e-21
1.70012e-21
1.63994e-21
1.58158e-21
1.52499e-21
1.47013e-21
1.41695e-21
1.36543e-21
1.31551e-21
1.26717e-21
1.22036e-21
1.17504e-21
1.13118e-21
1.08874e-21
1.04768e-21
1.00797e-21
9.69566e-22
9.32443e-22
8.96564e-22
8.61893e-22
8.28399e-22
7.96048e-22
7.64809e-22
7.3465e-22
7.0554e-22
6.7745e-22
6.5035e-22
6.2421e-22
5.99003e-22
5.747e-22
5.51275e-22
5.287e-22
5.0695e-22
4.86e-22
4.65824e-22
4.46397e-22
4.27698e-22
4.09701e-22
3.92385e-22
3.75727e-22
3.59706e-22
3.44301e-22
3.29492e-22
3.15258e-22
3.01581e-22
2.88441e-22
2.75819e-22
2.63699e-22
2.52063e-22
2.40894e-22
2.30175e-22
2.1989e-22
2.10024e-22
2.00563e-22
1.9149e-22
1.82793e-22
1.74458e-22
1.6647e-22
1.58818e-22
1.51488e-22
1.44469e-22
1.37748e-22
1.31316e-22
1.25159e-22
1.19269e-22
1.13633e-22
1.08244e-22
1.0309e-22
9.81635e-23
9.34542e-23
8.89539e-23
8.46541e-23
8.05469e-23
7.66244e-23
7.2879e-23
6.93036e-23
6.5891e-23
6.26346e-23
5.95278e-23
5.65643e-23
5.37382e-23
5.10437e-23
4.8475e-23
4.60269e-23
4.36941e-23
4.14717e-23
3.93549e-23
3.73391e-23
3.54198e-23
3.35928e-23
3.1854e-23
3.01995e-23
2.86255e-23
2.71285e-23
2.57048e-23
2.43512e-23
2.30646e-23
2.18418e-23
2.06799e-23
1.95761e-23
1.85278e-23
1.75322e-23
1.6587e-23
1.56898e-23
1.48383e-23
1.40304e-23
1.32639e-23
1.25369e-23
1.18476e-23
1.1194e-23
1.05745e-23
9.98733e-24
9.431e-24
8.90398e-24
8.40481e-24
7.93212e-24
7.48459e-24
7.06097e-24
6.66006e-24
6.28073e-24
5.92187e-24
5.58245e-24
5.26149e-24
4.95804e-24
4.6712e-24
4.40012e-24
4.14399e-24
3.90201e-24
3.67347e-24
3.45766e-24
3.2539e-24
3.06157e-24
2.88006e-24
2.70879e-24
2.54722e-24
2.39483e-24
2.25113e-24
2.11565e-24
1.98794e-24
1.86759e-24
1.75418e-24
1.64735e-24
1.54673e-24
1.45197e-24
1.36276e-24
1.27879e-24
1.19976e-24
1.1254e-24
1.05545e-24
9.89656e-25
9.27786e-25
8.69617e-25
8.14939e-25
7.63552e-25
7.15269e-25
6.6991e-25
6.27308e-25
5.87302e-25
5.49742e-25
5.14485e-25
4.81397e-25
4.50351e-25
4.21226e-25
3.93909e-25
3.68293e-25
3.44276e-25
3.21764e-25
3.00666e-25
2.80898e-25
2.62378e-25
2.45033e-25
2.2879e-25
2.13583e-25
1.99349e-25
1.86027e-25
1.73562e-25
1.61901e-25
1.50995e-25
1.40796e-25
1.3126e-25
1.22347e-25
1.14018e-25
1.06234e-25
9.89635e-26
9.21724e-26
8.58308e-26
7.99101e-26
7.43835e-26
6.92258e-26
6.44133e-26
5.99238e-26
5.57364e-26
5.18316e-26
4.81911e-26
4.47977e-26
4.16351e-26
3.86884e-26
3.59433e-26
3.33865e-26
3.10056e-26
2.87889e-26
2.67255e-26
2.48053e-26
2.30185e-26
2.13563e-26
1.98104e-26
1.83727e-26
1.70362e-26
1.57938e-26
1.46391e-26
1.35663e-26
1.25696e-26
1.1644e-26
1.07844e-26
9.98628e-27
9.24548e-27
8.55797e-27
7.92006e-27
7.32828e-27
6.7794e-27
6.27042e-27
5.79853e-27
5.36111e-27
4.95573e-27
4.58011e-27
4.23215e-27
3.90986e-27
3.61142e-27
3.33511e-27
3.07934e-27
2.84264e-27
2.62362e-27
2.42101e-27
2.23361e-27
2.06032e-27
1.90011e-27
1.75201e-27
1.61514e-27
1.48868e-27
1.37185e-27
1.26394e-27
1.1643e-27
1.0723e-27
9.87385e-28
9.09015e-28
8.36702e-28
7.69993e-28
7.08464e-28
6.51726e-28
5.99415e-28
5.51196e-28
5.06757e-28
4.65811e-28
4.2809e-28
3.93347e-28
3.61353e-28
3.31897e-28
3.04783e-28
2.7983e-28
2.5687e-28
2.35748e-28
2.1632e-28
1.98455e-28
1.8203e-28
1.66932e-28
1.53056e-28
1.40306e-28
1.28594e-28
1.17836e-28
1.07957e-28
9.88872e-29
9.05616e-29
8.29208e-29
7.59099e-29
6.94782e-29
6.35791e-29
5.81695e-29
5.32099e-29
4.86636e-29
4.44972e-29
4.06796e-29
3.71823e-29
3.39792e-29
3.1046e-29
2.83607e-29
2.59027e-29
2.36533e-29
2.15953e-29
1.97128e-29
1.79912e-29
1.64172e-29
1.49784e-29
1.36637e-29
1.24626e-29
1.13657e-29
1.03643e-29
9.45034e-30
8.61662e-30
7.85645e-30
7.16372e-30
6.53285e-30
5.95875e-30
5.4368e-30
4.96282e-30
4.53304e-30
4.14399e-30
3.79255e-30
3.47591e-30
3.19157e-30
2.93726e-30
2.71099e-30
2.51098e-30
2.33571e-30
2.18387e-30
2.05435e-30
1.94625e-30
1.85888e-30
1.79171e-30
1.74442e-30
1.71686e-30
1.70905e-30
1.7212e-30
1.7537e-30
