2.5
5e+16
5e+17
50
2.49999
9377.69
2.17149e-19
2.17139e-19
2.17071e-19
2.16961e-19
2.16809e-19
2.16614e-19
2.16376e-19
2.16095e-19
2.15772e-19
2.15406e-19
2.14997e-19
2.14547e-19
2.14055e-19
2.13522e-19
2.12947e-19
2.12332e-19
2.11676e-19
2.1098e-19
2.10244e-19
2.0947e-19
2.08656e-19
2.07804e-19
2.06914e-19
2.05987e-19
2.05024e-19
2.04024e-19
2.02988e-19
2.01918e-19
2.00813e-19
1.99674e-19
1.98502e-19
1.97297e-19
1.96061e-19
1.94794e-19
1.93496e-19
1.92169e-19
1.90812e-19
1.89428e-19
1.88015e-19
1.86577e-19
1.85112e-19
1.83622e-19
1.82108e-19
1.8057e-19
1.7901e-19
1.77427e-19
1.75824e-19
1.742e-19
1.72557e-19
1.70895e-19
1.69215e-19
1.67519e-19
1.65806e-19
1.64078e-19
1.62336e-19
1.60581e-19
1.58812e-19
1.57032e-19
1.55241e-19
1.53439e-19
1.51628e-19
1.49809e-19
1.47982e-19
1.46148e-19
1.44308e-19
1.42463e-19
1.40613e-19
1.3876e-19
1.36903e-19
1.35045e-19
1.33185e-19
1.31325e-19
1.29465e-19
1.27606e-19
1.25748e-19
1.23893e-19
1.2204e-19
1.20192e-19
1.18347e-19
1.16508e-19
1.14675e-19
1.12848e-19
1.11027e-19
1.09215e-19
1.0741e-19
1.05615e-19
1.03828e-19
1.02052e-19
1.00285e-19
9.85302e-20
9.67863e-20
9.50543e-20
9.33347e-20
9.1628e-20
8.99345e-20
8.82546e-20
8.65889e-20
8.49377e-20
8.33013e-20
8.16801e-20
8.00746e-20
7.84849e-20
7.69114e-20
7.53544e-20
7.38143e-20
7.22911e-20
7.07853e-20
6.9297e-20
6.78265e-20
6.63739e-20
6.49395e-20
6.35234e-20
6.21258e-20
6.07468e-20
5.93865e-20
5.80451e-20
5.67227e-20
5.54194e-20
5.41352e-20
5.28702e-20
5.16245e-20
5.03981e-20
4.91909e-20
4.80031e-20
4.68347e-20
4.56855e-20
4.45557e-20
4.34451e-20
4.23538e-20
4.12816e-20
4.02285e-20
3.91945e-20
3.81794e-20
3.71832e-20
3.62057e-20
3.52469e-20
3.43067e-20
3.33848e-20
3.24812e-20
3.15958e-20
3.07284e-20
2.98788e-20
2.90469e-20
2.82326e-20
2.74355e-20
2.66557e-20
2.58928e-20
2.51468e-20
2.44173e-20
2.37043e-20
2.30075e-20
2.23267e-20
2.16618e-20
2.10124e-20
2.03784e-20
1.97596e-20
1.91558e-20
1.85667e-20
1.79921e-20
1.74318e-20
1.68856e-20
1.63532e-20
1.58344e-20
1.5329e-20
1.48368e-20
1.43575e-20
1.38909e-20
1.34368e-20
1.29949e-20
1.2565e-20
1.21469e-20
1.17404e-20
1.13451e-20
1.0961e-20
1.05878e-20
1.02252e-20
9.87309e-21
9.53115e-21
9.19921e-21
8.87704e-21
8.56442e-21
8.26116e-21
7.96702e-21
7.68181e-21
7.40531e-21
7.13732e-21
6.87765e-21
6.62608e-21
6.38242e-21
6.14647e-21
5.91805e-21
5.69696e-21
5.48302e-21
5.27604e-21
5.07584e-21
4.88224e-21
4.69507e-21
4.51415e-21
4.33932e-21
4.1704e-21
4.00724e-21
3.84967e-21
3.69754e-21
3.55069e-21
3.40897e-21
3.27223e-21
3.14032e-21
3.01311e-21
2.89045e-21
2.7722e-21
2.65824e-21
2.54842e-21
2.44264e-21
2.34075e-21
2.24263e-21
2.14817e-21
2.05726e-21
1.96977e-21
1.8856e-21
1.80464e-21
1.72679e-21
1.65193e-21
1.57999e-21
1.51084e-21
1.44441e-21
1.3806e-21
1.31932e-21
1.26048e-21
1.204e-21
1.1498e-21
1.09779e-21
1.0479e-21
1.00005e-21
9.54177e-22
9.10197e-22
8.68047e-22
8.2766e-22
7.8897e-22
7.51915e-22
7.16435e-22
6.82471e-22
6.49966e-22
6.18864e-22
5.89113e-22
5.6066e-22
5.33456e-22
5.07452e-22
4.82601e-22
4.58857e-22
4.36177e-22
4.14518e-22
3.93839e-22
3.74101e-22
3.55266e-22
3.37296e-22
3.20157e-22
3.03816e-22
2.88238e-22
2.73392e-22
2.59248e-22
2.45775e-22
2.32946e-22
2.20733e-22
2.09109e-22
1.9805e-22
1.87529e-22
1.77524e-22
1.68012e-22
1.58971e-22
1.5038e-22
1.42219e-22
1.34468e-22
1.27108e-22
1.20122e-22
1.13493e-22
1.07203e-22
1.01237e-22
9.558e-23
9.02172e-23
8.51347e-23
8.0319e-23
7.57574e-23
7.14376e-23
6.73478e-23
6.34767e-23
5.98137e-23
5.63485e-23
5.30712e-23
4.99725e-23
4.70434e-23
4.42753e-23
4.16601e-23
3.91899e-23
3.68574e-23
3.46554e-23
3.25771e-23
3.06162e-23
2.87664e-23
2.70219e-23
2.53772e-23
2.3827e-23
2.23661e-23
2.09898e-23
1.96936e-23
1.8473e-23
1.73241e-23
1.62427e-23
1.52253e-23
1.42683e-23
1.33683e-23
1.25222e-23
1.17268e-23
1.09795e-23
1.02774e-23
9.61798e-24
8.9988e-24
8.41755e-24
7.87204e-24
7.3602e-24
6.88007e-24
6.42981e-24
6.00766e-24
5.61195e-24
5.24113e-24
4.89372e-24
4.56832e-24
4.2636e-24
3.97833e-24
3.71132e-24
3.46147e-24
3.22773e-24
3.00912e-24
2.80471e-24
2.61361e-24
2.43501e-24
2.26812e-24
2.11222e-24
1.96661e-24
1.83065e-24
1.70373e-24
1.58528e-24
1.47475e-24
1.37164e-24
1.27547e-24
1.1858e-24
1.1022e-24
1.02429e-24
9.51691e-25
8.84056e-25
8.2106e-25
7.62399e-25
7.07786e-25
6.56953e-25
6.09649e-25
5.65638e-25
5.247e-25
4.86629e-25
4.51231e-25
4.18326e-25
3.87744e-25
3.59329e-25
3.32931e-25
3.08412e-25
2.85645e-25
2.64507e-25
2.44887e-25
2.26678e-25
2.09784e-25
1.94112e-25
1.79577e-25
1.66099e-25
1.53604e-25
1.42022e-25
1.31289e-25
1.21344e-25
1.12132e-25
1.036e-25
9.56997e-26
8.83854e-26
8.16151e-26
7.53496e-26
6.95524e-26
6.41894e-26
5.92292e-26
5.46423e-26
5.04014e-26
4.64812e-26
4.28582e-26
3.95104e-26
3.64176e-26
3.35608e-26
3.09225e-26
2.84864e-26
2.62376e-26
2.41619e-26
2.22465e-26
2.04792e-26
1.8849e-26
1.73454e-26
1.59588e-26
1.46805e-26
1.35022e-26
1.24162e-26
1.14156e-26
1.04937e-26
9.64449e-27
8.86245e-27
8.14237e-27
7.47947e-27
6.86931e-27
6.30781e-27
5.79117e-27
5.31589e-27
4.87876e-27
4.47678e-27
4.10718e-27
3.76743e-27
3.45517e-27
3.16824e-27
2.90461e-27
2.66245e-27
2.44005e-27
2.23583e-27
2.04833e-27
1.87624e-27
1.71829e-27
1.57337e-27
1.44042e-27
1.31847e-27
1.20663e-27
1.10409e-27
1.01008e-27
9.23917e-28
8.44957e-28
7.72611e-28
7.06335e-28
6.4563e-28
5.90039e-28
5.3914e-28
4.92548e-28
4.49907e-28
4.10891e-28
3.75201e-28
3.42559e-28
3.12712e-28
2.85427e-28
2.60492e-28
2.3771e-28
2.16901e-28
1.97898e-28
1.80548e-28
1.64713e-28
1.50271e-28
1.37105e-28
1.25108e-28
1.14183e-28
1.04238e-28
9.51927e-29
8.69709e-29
7.95041e-29
7.27298e-29
6.6591e-29
6.10356e-29
5.60163e-29
5.14901e-29
4.74181e-29
4.37649e-29
4.04986e-29
3.75903e-29
3.50141e-29
3.27468e-29
3.07676e-29
2.90581e-29
2.76021e-29
2.63852e-29
2.5395e-29
2.46212e-29
2.40546e-29
2.36881e-29
2.35159e-29
2.35336e-29
2.37383e-29
2.41285e-29
2.47038e-29
2.54655e-29
2.64156e-29
2.7558e-29
2.88974e-29
3.04399e-29
3.2193e-29
3.41654e-29
3.63672e-29
3.88099e-29
4.15063e-29
4.44708e-29
4.77194e-29
5.12697e-29
5.51409e-29
5.93542e-29
6.39325e-29
6.89009e-29
