101
60.000000	61.000000	62.000000	63.000000	64.000000	65.000000	66.000000	67.000000	68.000000	69.000000	70.000000	71.000000	72.000000	73.000000	74.000000	75.000000	76.000000	77.000000	78.000000	79.000000	80.000000	81.000000	82.000000	83.000000	84.000000	85.000000	86.000000	87.000000	88.000000	89.000000	90.000000	91.000000	92.000000	93.000000	94.000000	95.000000	96.000000	97.000000	98.000000	99.000000	100.000000	101.000000	102.000000	103.000000	104.000000	105.000000	106.000000	107.000000	108.000000	109.000000	110.000000	111.000000	112.000000	113.000000	114.000000	115.000000	116.000000	117.000000	118.000000	119.000000	120.000000	121.000000	122.000000	123.000000	124.000000	125.000000	126.000000	127.000000	128.000000	129.000000	130.000000	131.000000	132.000000	133.000000	134.000000	135.000000	136.000000	137.000000	138.000000	139.000000	140.000000	141.000000	142.000000	143.000000	144.000000	145.000000	146.000000	147.000000	148.000000	149.000000	150.000000	151.000000	152.000000	153.000000	154.000000	155.000000	156.000000	157.000000	158.000000	159.000000	160.000000	
1.250000	1.375000	1.500000	1.625000	1.750000	1.875000	2.000000	2.125000	2.250000	2.375000	2.500000	2.562500	2.625000	2.687500	2.750000	2.812500	2.875000	2.937500	3.000000	3.062500	3.125000	3.562500	4.000000	4.437500	4.875000	5.312500	5.750000	6.187500	6.625000	7.062500	7.500000	7.750000	8.000000	8.250000	8.500000	8.750000	9.000000	9.250000	9.500000	9.750000	10.000000	10.250000	10.500000	10.750000	11.000000	11.250000	11.500000	11.750000	12.000000	12.250000	12.500000	12.000000	11.500000	11.000000	10.500000	10.000000	9.500000	9.000000	8.500000	8.000000	7.500000	7.437500	7.375000	7.312500	7.250000	7.187500	7.125000	7.062500	7.000000	6.937500	6.875000	6.812500	6.750000	6.687500	6.625000	6.562500	6.500000	6.437500	6.375000	6.312500	6.250000	6.125000	6.000000	5.875000	5.750000	5.625000	5.500000	5.375000	5.250000	5.125000	5.000000	4.750000	4.500000	4.250000	4.000000	3.750000	3.500000	3.250000	3.000000	2.750000	2.500000	
1.600000E+015	1.840000E+015	2.080000E+015	2.320000E+015	2.560000E+015	2.800000E+015	3.040000E+015	3.280000E+015	3.520000E+015	3.760000E+015	4.000000E+015	4.400000E+015	4.800000E+015	5.200000E+015	5.600000E+015	6.000000E+015	6.400000E+015	6.800000E+015	7.200000E+015	7.600000E+015	8.000000E+015	1.000000E+016	1.200000E+016	1.400000E+016	1.600000E+016	1.800000E+016	2.000000E+016	2.200000E+016	2.400000E+016	2.600000E+016	2.800000E+016	2.880000E+016	2.960000E+016	3.040000E+016	3.120000E+016	3.200000E+016	3.280000E+016	3.360000E+016	3.440000E+016	3.520000E+016	3.600000E+016	3.640000E+016	3.680000E+016	3.720000E+016	3.760000E+016	3.800000E+016	3.840000E+016	3.880000E+016	3.920000E+016	3.960000E+016	4.000000E+016	3.960000E+016	3.920000E+016	3.880000E+016	3.840000E+016	3.800000E+016	3.760000E+016	3.720000E+016	3.680000E+016	3.640000E+016	3.600000E+016	3.528000E+016	3.456000E+016	3.384000E+016	3.312000E+016	3.240000E+016	3.168000E+016	3.096000E+016	3.024000E+016	2.952000E+016	2.880000E+016	2.872000E+016	2.864000E+016	2.856000E+016	2.848000E+016	2.840000E+016	2.832000E+016	2.824000E+016	2.816000E+016	2.808000E+016	2.800000E+016	2.760000E+016	2.720000E+016	2.680000E+016	2.640000E+016	2.600000E+016	2.560000E+016	2.520000E+016	2.480000E+016	2.440000E+016	2.400000E+016	2.320000E+016	2.240000E+016	2.160000E+016	2.080000E+016	2.000000E+016	1.920000E+016	1.840000E+016	1.760000E+016	1.680000E+016	1.600000E+016	
1.440544E-004
5.167227E-004
1.507707E-003
4.064117E-003
9.305922E-003
1.899932E-002
3.554912E-002
6.354527E-002
1.060545E-001
1.676739E-001
2.536322E-001
3.313854E-001
4.231069E-001
5.323534E-001
6.643910E-001
8.156945E-001
9.948653E-001
1.201492E+000
1.433370E+000
1.706665E+000
2.010504E+000
4.987753E+000
1.030281E+001
1.873876E+001
3.097377E+001
4.784600E+001
6.993233E+001
9.743528E+001
1.308459E+002
1.704269E+002
2.163680E+002
2.426422E+002
2.705468E+002
3.001159E+002
3.313056E+002
3.641396E+002
3.985747E+002
4.346257E+002
4.722506E+002
5.114563E+002
5.522029E+002
5.870904E+002
6.227291E+002
6.591067E+002
6.961848E+002
7.339487E+002
7.723658E+002
8.114195E+002
8.510824E+002
8.913361E+002
9.321583E+002
8.598080E+002
7.885265E+002
7.184909E+002
6.499005E+002
5.829784E+002
5.163811E+002
4.523581E+002
3.912010E+002
3.332299E+002
2.787938E+002
2.671455E+002
2.557740E+002
2.446907E+002
2.339080E+002
2.233964E+002
2.131812E+002
2.032469E+002
1.935776E+002
1.842119E+002
1.751068E+002
1.700984E+002
1.651712E+002
1.602978E+002
1.555065E+002
1.507841E+002
1.461158E+002
1.415465E+002
1.370323E+002
1.325880E+002
1.282300E+002
1.186689E+002
1.095262E+002
1.008321E+002
9.255103E+001
8.467929E+001
7.721271E+001
7.018146E+001
6.354596E+001
5.730051E+001
5.143886E+001
4.101730E+001
3.199567E+001
2.437900E+001
1.801928E+001
1.289219E+001
8.823440E+000
5.761568E+000
3.518218E+000
1.998660E+000
1.016166E+000
